      10
(6e12.5)
     0.0000e+00     0.0000e+00      0  0  0.00
     512   1.00000  0.0000e+00
-5.60133e-10-3.45391e-10-1.15435e-10 8.57769e-11 2.15382e-10 2.50016e-10
 2.03500e-10 1.30633e-10 1.08690e-10 2.01935e-10 4.26531e-10 7.35852e-10
 1.03672e-09 1.23025e-09 1.25708e-09 1.12366e-09 8.95835e-10 6.63602e-10
 4.97476e-10 4.19813e-10 4.02920e-10 3.89366e-10 3.19918e-10 1.55373e-10
-1.12999e-10-4.61673e-10-8.37194e-10-1.16205e-09-1.34819e-09-1.32150e-09
-1.05274e-09-5.80652e-10-1.09557e-11 5.15229e-10 8.73629e-10 1.00605e-09
 9.40895e-10 7.73719e-10 6.19152e-10 5.60188e-10 6.19144e-10 7.59843e-10
 9.12786e-10 1.00547e-09 9.83646e-10 8.20156e-10 5.15800e-10 9.70436e-11
-3.88732e-10-8.83150e-10-1.33317e-09-1.70872e-09-2.01045e-09-2.25859e-09
-2.46678e-09-2.61841e-09-2.66449e-09-2.54862e-09-2.24548e-09-1.78768e-09
-1.26151e-09-7.72119e-10-3.97875e-10-1.58713e-10-1.34923e-11 1.15395e-10
 3.05245e-10 6.02559e-10 1.00941e-09 1.48482e-09 1.95439e-09 2.32590e-09
 2.51266e-09 2.46224e-09 2.18027e-09 1.73466e-09 1.23264e-09 7.80058e-10
 4.45211e-10 2.47575e-10 1.74023e-10 2.07400e-10 3.45904e-10 6.00091e-10
 9.71171e-10 1.42882e-09 1.90776e-09 2.32777e-09 2.62482e-09 2.77505e-09
 2.80018e-09 2.75452e-09 2.70219e-09 2.69314e-09 2.74174e-09 2.81045e-09
 2.80595e-09 2.59720e-09 2.05527e-09 1.09985e-09-2.70762e-10-1.98099e-09
-3.90806e-09-5.92163e-09-7.90990e-09-9.78274e-09-1.14600e-08-1.28621e-08
-1.39138e-08-1.45604e-08-1.47831e-08-1.45996e-08-1.40471e-08-1.31591e-08
-1.19476e-08-1.03952e-08-8.45494e-09-6.06152e-09-3.15553e-09 2.79704e-10
 4.18314e-09 8.40214e-09 1.27127e-08 1.68671e-08 2.06432e-08 2.38717e-08
 2.64352e-08 2.82511e-08 2.92598e-08 2.94269e-08 2.87559e-08 2.72978e-08
 2.51426e-08 2.23962e-08 1.91527e-08 1.54716e-08 1.13642e-08 6.79647e-09
 1.71533e-09-3.90552e-09-1.00146e-08-1.64479e-08-2.29305e-08-2.91191e-08
-3.46677e-08-3.92858e-08-4.27700e-08-4.50094e-08-4.59749e-08-4.56997e-08
-4.42556e-08-4.17282e-08-3.81937e-08-3.37007e-08-2.82669e-08-2.18916e-08
-1.45855e-08-6.40249e-09 2.53504e-09 1.20286e-08 2.18144e-08 3.15925e-08
 4.10722e-08 5.00238e-08 5.83209e-08 6.59569e-08 7.30287e-08 7.96976e-08
 8.61383e-08 9.24775e-08 9.87143e-08 1.04618e-07 1.09617e-07 1.12723e-07
 1.12531e-07 1.07343e-07 9.54024e-08 7.52564e-08 4.61989e-08 8.70136e-09
-3.53640e-08-8.27661e-08-1.29179e-07-1.69784e-07-2.00212e-07-2.17496e-07
-2.20891e-07-2.12464e-07-1.97193e-07-1.82377e-07-1.76491e-07-1.87742e-07
-2.22564e-07-2.84211e-07-3.71419e-07-4.76866e-07-5.85489e-07-6.73296e-07
-7.07915e-07-6.52141e-07-4.70988e-07-1.41676e-07 3.35070e-07 9.25933e-07
 1.56302e-06 2.15044e-06 2.57865e-06 2.74734e-06 2.58649e-06 2.06563e-06
 1.20746e-06 1.05699e-07-1.08473e-06-2.17530e-06-2.96610e-06-3.28604e-06
-3.05148e-06-2.30817e-06-1.23729e-06-1.14934e-07 7.68623e-07 1.20921e-06
 1.17297e-06 8.05919e-07 3.55498e-07 5.00357e-08-9.17543e-09 1.13313e-07
 2.50855e-07 2.63107e-07 1.35992e-07-2.18141e-08-8.08841e-08-5.20757e-09
 1.21714e-07 1.81910e-07 1.35916e-07 5.08677e-08 1.80945e-08 5.32909e-08
 9.05178e-08 7.08105e-08 1.33017e-08-1.78440e-08-9.67740e-10 2.05869e-08
 6.45555e-09-2.49495e-08-3.20043e-08-1.54944e-08-1.13471e-08-2.91734e-08
-4.09584e-08-3.30368e-08-2.65505e-08-3.48915e-08-4.11575e-08-3.37281e-08
-2.63869e-08-2.73381e-08-2.45782e-08-1.38174e-08-5.84517e-09-2.03556e-09
 5.03133e-09 1.26334e-08 1.55714e-08 1.72275e-08 1.89892e-08 1.78515e-08
 1.46114e-08 1.07750e-08 5.53127e-09-6.89620e-10-6.73532e-09-1.21910e-08
-1.64089e-08-1.86537e-08-1.85969e-08-1.61697e-08-1.16099e-08-5.51218e-09
 1.31490e-09 7.98532e-09 1.36504e-08 1.76068e-08 1.93720e-08 1.87324e-08
 1.57575e-08 1.07911e-08 4.43354e-09-2.49772e-09-9.05452e-09-1.42899e-08
-1.74043e-08-1.78676e-08-1.55081e-08-1.05637e-08-3.68412e-09 4.13832e-09
 1.17203e-08 1.78907e-08 2.16956e-08 2.25613e-08 2.03960e-08 1.56149e-08
 9.07365e-09 1.91507e-09-4.64299e-09-9.53498e-09-1.20483e-08-1.19589e-08
-9.57517e-09-5.67731e-09-1.35001e-09 2.25646e-09 4.17562e-09 3.83293e-09
 1.17622e-09-3.30291e-09-8.66757e-09-1.37381e-08-1.73595e-08-1.86689e-08
-1.72922e-08-1.34281e-08-7.80210e-09-1.49539e-09 4.31004e-09 8.60449e-09
 1.07792e-08 1.07619e-08 9.02386e-09 6.44032e-09 4.04027e-09 2.72165e-09
 3.01121e-09 4.92614e-09 7.97280e-09 1.12833e-08 1.38544e-08 1.48250e-08
 1.37152e-08 1.05666e-08 5.94286e-09 7.80096e-10-3.87660e-09-7.16258e-09
-8.61995e-09-8.30200e-09-6.73683e-09-4.75840e-09-3.24156e-09-2.82266e-09
-3.70394e-09-5.60266e-09-7.84957e-09-9.60179e-09-1.01120e-08-8.97393e-09
-6.25747e-09-2.48870e-09 1.50608e-09 4.84858e-09 6.88339e-09 7.38478e-09
 6.60987e-09 5.18199e-09 3.85672e-09 3.25227e-09 3.63501e-09 4.83478e-09
 6.31163e-09 7.34474e-09 7.28185e-09 5.76881e-09 2.88325e-09-8.77030e-10
-4.75333e-09-7.98026e-09-1.00416e-08-1.08295e-08-1.06473e-08-1.00593e-08
-9.64870e-09-9.77150e-09-1.04016e-08-1.11307e-08-1.13282e-08-1.03959e-08
-8.01182e-09-4.27104e-09 3.30291e-10 5.05259e-09 9.14576e-09 1.20701e-08
 1.36282e-08 1.39635e-08 1.34355e-08 1.24303e-08 1.11855e-08 9.69719e-09
 7.74923e-09 5.05461e-09 1.44880e-09-2.95567e-09-7.72043e-09-1.21550e-08
-1.54895e-08-1.70927e-08-1.66523e-08-1.42452e-08-1.02765e-08-5.32330e-09
 5.01743e-11 5.42559e-09 1.05495e-08 1.52454e-08 1.92875e-08 2.23138e-08
 2.38284e-08 2.33129e-08 2.04173e-08 1.51544e-08 8.00071e-09-1.58550e-10
-8.22306e-09-1.51287e-08-2.00668e-08-2.26053e-08-2.26839e-08-2.05116e-08
-1.64364e-08-1.08656e-08-4.26818e-09 2.76416e-09 9.47232e-09 1.49656e-08
 1.83618e-08 1.90080e-08 1.67108e-08 1.18674e-08 5.41912e-09-1.37321e-09
-7.25297e-09-1.12689e-08-1.29548e-08-1.23517e-08-9.89448e-09-6.22759e-09
-2.03736e-09 2.03735e-09 5.41538e-09 7.56144e-09 8.02484e-09 6.55669e-09
 3.25914e-09-1.32080e-09-6.22803e-09-1.02966e-08-1.24659e-08-1.21057e-08
-9.22507e-09-4.47612e-09 1.05318e-09 6.17288e-09 9.91584e-09 1.17398e-08
 1.15659e-08 9.68627e-09 6.61676e-09 2.97120e-09-6.07955e-10-3.48949e-09
-5.12057e-09-5.14891e-09-3.57048e-09-8.24465e-10 2.25034e-09 4.62832e-09
 5.42396e-09 4.21188e-09 1.20286e-09-2.81086e-09-6.72281e-09-9.47954e-09
-1.04017e-08-9.34475e-09-6.66320e-09-3.03026e-09 7.79554e-10 4.05658e-09
 6.24944e-09 7.01675e-09 6.27358e-09 4.23802e-09 1.44016e-09-1.36140e-09
-3.37271e-09-4.02084e-09-3.17766e-09-1.23900e-09 1.01282e-09 2.72780e-09
 3.33979e-09 2.77958e-09 1.46105e-09 5.97322e-11-8.16712e-10-9.23124e-10
-5.12783e-10-1.21138e-10
     0.0000e+00     0.0000e+00      0  0  0.00
     512   1.00000  0.0000e+00
 5.04147e-11 3.83673e-10 7.11225e-10 9.68947e-10 1.09874e-09 1.06740e-09
 8.78800e-10 5.73647e-10 2.16551e-10-1.23040e-10-3.87561e-10-5.40911e-10
-5.71516e-10-4.91966e-10-3.36950e-10-1.57997e-10-1.21740e-11 5.48656e-11
 2.55120e-11-8.18220e-11-2.18430e-10-3.23445e-10-3.47126e-10-2.69248e-10
-1.04331e-10 1.08289e-10 3.23343e-10 5.06362e-10 6.39899e-10 7.19001e-10
 7.42689e-10 7.09103e-10 6.16902e-10 4.69453e-10 2.77075e-10 5.57649e-11
-1.75774e-10-3.98026e-10-5.90320e-10-7.29908e-10-7.94114e-10-7.68172e-10
-6.56801e-10-4.92124e-10-3.29278e-10-2.27091e-10-2.21552e-10-3.06869e-10
-4.36000e-10-5.40627e-10-5.59066e-10-4.57973e-10-2.39769e-10 6.33139e-11
 4.01808e-10 7.21150e-10 9.70067e-10 1.10665e-09 1.10543e-09 9.65835e-10
 7.16664e-10 4.09864e-10 1.02547e-10-1.64037e-10-3.75068e-10-5.35473e-10
-6.52664e-10-7.23441e-10-7.35442e-10-6.81382e-10-5.74207e-10-4.50176e-10
-3.54737e-10-3.17744e-10-3.32881e-10-3.55201e-10-3.19811e-10-1.71247e-10
 1.13155e-10 5.16937e-10 9.93710e-10 1.48179e-09 1.91626e-09 2.23798e-09
 2.40282e-09 2.39119e-09 2.21333e-09 1.90576e-09 1.51882e-09 1.10053e-09
 6.83857e-10 2.82457e-10-1.04778e-10-4.84750e-10-8.62891e-10-1.24158e-09
-1.62318e-09-2.01216e-09-2.41175e-09-2.81624e-09-3.20449e-09-3.53888e-09
-3.77059e-09-3.84997e-09-3.74129e-09-3.43918e-09-2.97932e-09-2.43396e-09
-1.88896e-09-1.41150e-09-1.02596e-09-7.11903e-10-4.22993e-10-1.13407e-10
 2.43625e-10 6.52162e-10 1.10074e-09 1.56910e-09 2.02468e-09 2.40917e-09
 2.62796e-09 2.55831e-09 2.08172e-09 1.13002e-09-2.73351e-10-1.98917e-09
-3.75613e-09-5.19894e-09-5.85363e-09-5.22122e-09-2.85732e-09 1.50582e-09
 7.82097e-09 1.55956e-08 2.38153e-08 3.10036e-08 3.54888e-08 3.58356e-08
 3.12795e-08 2.20045e-08 9.18018e-09-5.24784e-09-1.89646e-08-2.97891e-08
-3.61465e-08-3.73926e-08-3.39097e-08-2.69496e-08-1.82637e-08-9.62538e-09
-2.40500e-09 2.64559e-09 5.35282e-09 5.92996e-09 4.78149e-09 2.37907e-09
-7.88064e-10-4.21946e-09-7.41218e-09-9.90468e-09-1.13481e-08-1.15693e-08
-1.05998e-08-8.66370e-09-6.12908e-09-3.43197e-09-9.86176e-10 9.02492e-10
 2.10085e-09 2.67711e-09 2.88768e-09 3.12921e-09 3.86754e-09 5.55250e-09
 8.52527e-09 1.29231e-08 1.85863e-08 2.49825e-08 3.11813e-08 3.59451e-08
 3.80195e-08 3.65562e-08 3.13918e-08 2.30305e-08 1.25253e-08 1.45013e-09
-8.14762e-09-1.39911e-08-1.40111e-08-6.86533e-09 7.61229e-09 2.81740e-08
 5.21127e-08 7.52382e-08 9.17933e-08 9.45187e-08 7.52985e-08 2.67591e-08
-5.51874e-08-1.68360e-07-3.01724e-07-4.34020e-07-5.34332e-07-5.66560e-07
-5.00328e-07-3.25463e-07-6.19763e-08 2.40584e-07 5.19378e-07 7.25748e-07
 8.39560e-07 8.55751e-07 7.65845e-07 5.62215e-07 2.58501e-07-9.87069e-08
-4.36448e-07-6.75068e-07-7.54878e-07-6.59451e-07-4.23972e-07-1.27522e-07
 1.29289e-07 2.61593e-07 2.40453e-07 1.11258e-07-3.02840e-08-9.70744e-08
-6.46361e-08 1.93149e-08 7.65693e-08 6.09660e-08-6.85951e-09-6.22145e-08
-5.72040e-08-3.50340e-09 4.39248e-08 4.49776e-08 1.31947e-08-5.87184e-09
 9.95780e-09 3.62452e-08 3.72181e-08 1.24130e-08-6.21850e-09-6.82565e-11
 1.29046e-08 8.67714e-09-6.92060e-09-1.09523e-08-1.09001e-09 3.43427e-09
-4.17673e-09-9.05198e-09-3.24908e-09 1.59420e-09-1.85313e-09-4.03267e-09
 8.26151e-10 4.37176e-09 2.62924e-09 2.48844e-09 5.16057e-09 4.67104e-09
 1.87194e-09 1.12985e-09 5.69792e-10-1.48700e-09-2.61053e-09-2.85289e-09
-3.77535e-09-4.67795e-09-5.20184e-09-5.77982e-09-6.01082e-09-5.54097e-09
-4.43450e-09-2.71193e-09-5.30190e-10 1.77978e-09 3.88106e-09 5.45942e-09
 6.27523e-09 6.23432e-09 5.38747e-09 3.89194e-09 1.96486e-09-1.49087e-10
-2.18980e-09-3.90133e-09-5.05730e-09-5.48436e-09-5.09205e-09-3.90825e-09
-2.10546e-09 1.50734e-11 2.08834e-09 3.76243e-09 4.75467e-09 4.88637e-09
 4.11958e-09 2.59280e-09 6.13697e-10-1.41565e-09-3.10936e-09-4.18087e-09
-4.46934e-09-3.93556e-09-2.66294e-09-8.64064e-10 1.13733e-09 2.96902e-09
 4.30068e-09 4.92160e-09 4.77472e-09 3.94515e-09 2.62302e-09 1.06374e-09
-4.46838e-10-1.63344e-09-2.28804e-09-2.32615e-09-1.81162e-09-9.36507e-10
 3.02004e-11 8.05907e-10 1.16074e-09 9.76393e-10 2.76895e-10-7.83766e-10
-1.96721e-09-3.00435e-09-3.64665e-09-3.72002e-09-3.17538e-09-2.11179e-09
-7.53509e-10 6.12486e-10 1.71355e-09 2.35836e-09 2.48051e-09 2.15351e-09
 1.57082e-09 9.86781e-10 6.33333e-10 6.47842e-10 1.03869e-09 1.68973e-09
 2.39460e-09 2.91323e-09 3.03653e-09 2.64093e-09 1.72444e-09 4.20911e-10
-1.02294e-09-2.31926e-09-3.23610e-09-3.67149e-09-3.67226e-09-3.39672e-09
-3.04062e-09-2.75948e-09-2.62219e-09-2.60811e-09-2.63098e-09-2.56696e-09
-2.28427e-09-1.68447e-09-7.52689e-10 4.08604e-10 1.59341e-09 2.56091e-09
 3.13121e-09 3.26067e-09 3.05615e-09 2.71915e-09 2.45015e-09 2.36370e-09
 2.45258e-09 2.60878e-09 2.68135e-09 2.53948e-09 2.11584e-09 1.42156e-09
 5.40008e-10-3.93528e-10-1.22598e-09-1.83229e-09-2.15946e-09-2.24923e-09
-2.22366e-09-2.23141e-09-2.37222e-09-2.63316e-09-2.87270e-09-2.87104e-09
-2.43169e-09-1.48485e-09-1.37979e-10 1.35136e-09 2.66456e-09 3.53528e-09
 3.84469e-09 3.66123e-09 3.20237e-09 2.72865e-09 2.41577e-09 2.26440e-09
 2.09304e-09 1.62386e-09 6.26853e-10-9.46780e-10-2.90731e-09-4.87243e-09
-6.39762e-09-7.13696e-09-6.96291e-09-5.99015e-09-4.50075e-09-2.81871e-09
-1.19466e-09 2.57065e-10 1.55116e-09 2.76119e-09 3.92356e-09 4.96867e-09
 5.71394e-09 5.91814e-09 5.37508e-09 4.01927e-09 2.00479e-09-2.92662e-10
-2.37628e-09-3.79520e-09-4.29371e-09-3.87055e-09-2.73782e-09-1.22000e-09
 3.56372e-10 1.74487e-09 2.80818e-09 3.49076e-09 3.76408e-09 3.59040e-09
 2.93156e-09 1.79044e-09 2.53754e-10-1.48354e-09-3.12103e-09-4.29714e-09
-4.68623e-09-4.12504e-09-2.70240e-09-7.47323e-10 1.28911e-09 2.99136e-09
 4.09100e-09 4.49185e-09 4.22934e-09 3.41384e-09 2.19215e-09 7.32279e-10
-7.79403e-10-2.13923e-09-3.13493e-09-3.57359e-09-3.33630e-09-2.44749e-09
-1.11972e-09 2.72577e-10 1.30596e-09 1.66498e-09 1.26262e-09 2.61506e-10
-1.00630e-09-2.16978e-09-2.93727e-09-3.16144e-09-2.84066e-09-2.07297e-09
-9.97777e-10 2.37835e-10 1.47616e-09 2.53497e-09 3.22164e-09 3.38783e-09
 2.99847e-09 2.17237e-09 1.16340e-09 2.78201e-10-2.41680e-10-3.20168e-10
-7.54753e-11 2.43170e-10 3.80270e-10 1.93949e-10-2.90592e-10-9.13033e-10
-1.46525e-09-1.78170e-09-1.79070e-09-1.51326e-09-1.02756e-09-4.33240e-10
 1.64403e-10 6.56675e-10 9.40084e-10 9.45171e-10 6.83425e-10 2.89553e-10
 1.94617e-11-2.30919e-11
     0.0000e+00     0.0000e+00      0  0  0.00
     512   1.00000  0.0000e+00
-3.62035e-10-4.11692e-10-4.44919e-10-4.48046e-10-4.08533e-10-3.18094e-10
-1.75121e-10 1.37767e-11 2.33593e-10 4.63361e-10 6.80319e-10 8.63325e-10
 9.95188e-10 1.06513e-09 1.07083e-09 1.01819e-09 9.17701e-10 7.79592e-10
 6.10710e-10 4.14387e-10 1.91885e-10-5.52073e-11-3.22070e-10-5.98731e-10
-8.69988e-10-1.11687e-09-1.31946e-09-1.46031e-09-1.52680e-09-1.51166e-09
-1.41231e-09-1.23002e-09-9.70624e-10-6.46009e-10-2.73927e-10 1.25027e-10
 5.30280e-10 9.21614e-10 1.27854e-09 1.58131e-09 1.81321e-09 1.96200e-09
 2.02006e-09 1.98465e-09 1.85858e-09 1.64958e-09 1.36809e-09 1.02502e-09
 6.31082e-10 1.98223e-10-2.57352e-10-7.12591e-10-1.13847e-09-1.50503e-09
-1.78786e-09-1.97210e-09-2.05270e-09-2.03333e-09-1.92546e-09-1.74618e-09
-1.51305e-09-1.23898e-09-9.31018e-10-5.92511e-10-2.24934e-10 1.71255e-10
 5.93884e-10 1.03328e-09 1.46664e-09 1.85651e-09 2.15462e-09 2.30993e-09
 2.27863e-09 2.03343e-09 1.57021e-09 9.12289e-10 1.12110e-10-7.51788e-10
-1.58444e-09-2.28879e-09-2.77912e-09-2.99084e-09-2.88884e-09-2.47573e-09
-1.79513e-09-9.23889e-10 4.48477e-11 1.01894e-09 1.91958e-09 2.68960e-09
 3.29832e-09 3.74041e-09 4.02785e-09 4.17855e-09 4.20674e-09 4.11792e-09
 3.90843e-09 3.56743e-09 3.07923e-09 2.42558e-09 1.59037e-09 5.67491e-10
-6.31984e-10-1.97878e-09-3.43093e-09-4.93964e-09-6.45093e-09-7.90692e-09
-9.25123e-09-1.04343e-08-1.14112e-08-1.21351e-08-1.25558e-08-1.26255e-08
-1.23068e-08-1.15745e-08-1.04169e-08-8.83768e-09-6.85964e-09-4.52545e-09
-1.89572e-09 9.54878e-10 3.94122e-09 6.97069e-09 9.94592e-09 1.27677e-08
 1.53382e-08 1.75638e-08 1.93582e-08 2.06472e-08 2.13800e-08 2.15430e-08
 2.11662e-08 2.03159e-08 1.90794e-08 1.75487e-08 1.57976e-08 1.38596e-08
 1.17230e-08 9.35207e-09 6.72569e-09 3.87034e-09 8.77587e-10-2.09714e-09
-4.85529e-09-7.19751e-09-8.97851e-09-1.01513e-08-1.07779e-08-1.10045e-08
-1.10191e-08-1.10101e-08-1.11339e-08-1.14886e-08-1.20937e-08-1.28769e-08
-1.36754e-08-1.42592e-08-1.43789e-08-1.38355e-08-1.25674e-08-1.07437e-08
-8.84174e-09-7.68021e-09-8.38530e-09-1.22696e-08-2.06061e-08-3.42881e-08
-5.34021e-08-7.67854e-08-1.01677e-07-1.23577e-07-1.36436e-07-1.33301e-07
-1.07499e-07-5.43377e-08 2.68432e-08 1.30561e-07 2.43831e-07 3.47627e-07
 4.21153e-07 4.45386e-07 4.07013e-07 3.04935e-07 1.52910e-07-2.38060e-08
-1.92597e-07-3.20319e-07-3.84367e-07-3.81232e-07-3.27258e-07-2.51279e-07
-1.81248e-07-1.30788e-07-9.46739e-08-5.73584e-08-8.68470e-09 4.53660e-08
 8.61843e-08 9.74387e-08 7.77356e-08 4.04645e-08 3.13296e-09-2.24416e-08
-3.23732e-08-2.97854e-08-2.28601e-08-1.71449e-08-6.17638e-09 2.70486e-08
 9.68367e-08 2.04239e-07 3.36377e-07 4.68346e-07 5.66179e-07 5.94978e-07
 5.28474e-07 3.56895e-07 9.41966e-08-2.19527e-07-5.25553e-07-7.62341e-07
-8.82946e-07-8.67489e-07-7.27657e-07-5.01912e-07-2.42191e-07 2.63217e-09
 1.98980e-07 3.31591e-07 3.98665e-07 4.04821e-07 3.58308e-07 2.74621e-07
 1.79475e-07 1.01627e-07 5.62580e-08 3.35849e-08 9.46564e-09-2.70152e-08
-5.97680e-08-6.62677e-08-4.83849e-08-3.05561e-08-2.70852e-08-2.76161e-08
-2.01274e-08-9.77278e-09-5.11662e-09-3.29487e-09 2.47026e-10 2.87034e-09
 3.18485e-09 4.13550e-09 5.38462e-09 4.76504e-09 3.86758e-09 3.72252e-09
 2.55055e-09 7.94317e-10-1.03674e-10-1.16697e-09-2.59904e-09-3.23496e-09
-3.60385e-09-4.09443e-09-3.98760e-09-3.68080e-09-3.50847e-09-3.00208e-09
-2.49382e-09-2.16312e-09-1.69183e-09-1.40659e-09-1.36400e-09-1.35011e-09
-1.60976e-09-2.02396e-09-2.41565e-09-2.89718e-09-3.25532e-09-3.42407e-09
-3.46252e-09-3.21243e-09-2.73595e-09-2.06478e-09-1.17590e-09-2.29196e-10
 7.32893e-10 1.62469e-09 2.33008e-09 2.85214e-09 3.13907e-09 3.21956e-09
 3.15382e-09 2.97387e-09 2.77483e-09 2.61096e-09 2.53196e-09 2.56390e-09
 2.69126e-09 2.89959e-09 3.12191e-09 3.27979e-09 3.29753e-09 3.10451e-09
 2.65944e-09 1.95387e-09 1.02749e-09-4.91269e-11-1.17363e-09-2.22880e-09
-3.12069e-09-3.78092e-09-4.16106e-09-4.24681e-09-4.07204e-09-3.69550e-09
-3.18062e-09-2.59955e-09-2.01731e-09-1.46427e-09-9.40308e-10-4.34056e-10
 7.39838e-11 6.03972e-10 1.15930e-09 1.72522e-09 2.27799e-09 2.77846e-09
 3.16436e-09 3.36770e-09 3.33714e-09 3.04612e-09 2.50404e-09 1.76028e-09
 8.84458e-10-4.65510e-11-9.47386e-10-1.73544e-09-2.34769e-09-2.75269e-09
-2.95564e-09-2.98419e-09-2.86935e-09-2.63361e-09-2.27949e-09-1.79514e-09
-1.16865e-09-3.85931e-10 5.61187e-10 1.65387e-09 2.84610e-09 4.06923e-09
 5.23080e-09 6.23385e-09 7.00241e-09 7.48974e-09 7.67778e-09 7.56743e-09
 7.16686e-09 6.49298e-09 5.56841e-09 4.40961e-09 3.03125e-09 1.45584e-09
-2.85811e-10-2.14394e-09-4.03927e-09-5.87744e-09-7.56663e-09-9.02388e-09
-1.01840e-08-1.10042e-08-1.14623e-08-1.15591e-08-1.13132e-08-1.07489e-08
-9.89232e-09-8.76576e-09-7.38953e-09-5.79720e-09-4.04068e-09-2.18589e-09
-3.17890e-10 1.46322e-09 3.06001e-09 4.38150e-09 5.34652e-09 5.90603e-09
 6.04954e-09 5.79019e-09 5.16539e-09 4.23693e-09 3.07188e-09 1.74067e-09
 3.31132e-10-1.05687e-09-2.32119e-09-3.35582e-09-4.06530e-09-4.39442e-09
-4.33805e-09-3.93162e-09-3.24512e-09-2.37087e-09-1.39347e-09-3.66233e-10
 6.93207e-10 1.80582e-09 3.02750e-09 4.41348e-09 5.96843e-09 7.62537e-09
 9.25230e-09 1.06635e-08 1.16443e-08 1.19903e-08 1.15323e-08 1.01544e-08
 7.83475e-09 4.68402e-09 9.48060e-10-3.00492e-09-6.71327e-09-9.68377e-09
-1.14695e-08-1.17518e-08-1.04189e-08-7.60938e-09-3.70319e-09 7.38202e-10
 5.07262e-09 8.68384e-09 1.10759e-08 1.19565e-08 1.12826e-08 9.25246e-09
 6.26277e-09 2.82528e-09-5.44614e-10-3.42196e-09-5.53150e-09-6.77013e-09
-7.18900e-09-6.95589e-09-6.30741e-09-5.48697e-09-4.69139e-09-4.03928e-09
-3.55884e-09-3.20869e-09-2.92013e-09-2.62846e-09-2.29503e-09-1.92156e-09
-1.54052e-09-1.19198e-09-9.02523e-10-6.63905e-10-4.26741e-10-1.19936e-10
 3.21533e-10 9.28603e-10 1.67474e-09 2.47728e-09 3.22300e-09 3.80153e-09
 4.14118e-09 4.22999e-09 4.10731e-09 3.84269e-09 3.51033e-09 3.15530e-09
 2.77362e-09 2.32004e-09 1.72707e-09 9.30845e-10-9.64375e-11-1.32511e-09
-2.66344e-09-3.96845e-09-5.07908e-09-5.85747e-09-6.21492e-09-6.12579e-09
-5.63134e-09-4.82385e-09-3.81745e-09-2.71780e-09-1.59693e-09-4.86771e-10
 6.05630e-10 1.67623e-09 2.70230e-09 3.62741e-09 4.36693e-09 4.82968e-09
 4.93940e-09 4.65482e-09 3.98643e-09 3.00006e-09 1.80669e-09 5.43986e-10
-6.43524e-10-1.61590e-09-2.24740e-09-2.45022e-09-2.20666e-09-1.59399e-09
-7.99849e-10-1.94068e-10
     0.0000e+00     0.0000e+00      0  0  0.00
     512   1.00000  0.0000e+00
 6.99337e-10 8.27712e-10 9.60926e-10 1.07078e-09 1.11324e-09 1.04276e-09
 8.32523e-10 4.90136e-10 6.08482e-11-3.84842e-10-7.75260e-10-1.06262e-09
-1.23698e-09-1.32258e-09-1.35898e-09-1.37703e-09-1.38188e-09-1.35032e-09
-1.24352e-09-1.02990e-09-7.06518e-10-3.06182e-10 1.13677e-10 4.93588e-10
 7.94601e-10 1.01060e-09 1.16439e-09 1.28873e-09 1.40238e-09 1.49563e-09
 1.53343e-09 1.47287e-09 1.28586e-09 9.76409e-10 5.83090e-10 1.63702e-10
-2.29687e-10-5.70812e-10-8.63569e-10-1.12933e-09-1.38540e-09-1.62720e-09
-1.82367e-09-1.92876e-09-1.90351e-09-1.73643e-09-1.44913e-09-1.08359e-09
-6.80042e-10-2.59535e-10 1.79830e-10 6.50865e-10 1.15541e-09 1.66566e-09
 2.12250e-09 2.45361e-09 2.60050e-09 2.53978e-09 2.28980e-09 1.90071e-09
 1.43261e-09 9.33588e-10 4.30649e-10-6.20881e-11-5.27411e-10-9.36480e-10
-1.25617e-09-1.46744e-09-1.58184e-09-1.64445e-09-1.71838e-09-1.85470e-09
-2.06204e-09-2.29366e-09-2.45988e-09-2.45804e-09-2.20577e-09-1.66590e-09
-8.55328e-10 1.63676e-10 1.30067e-09 2.44851e-09 3.48450e-09 4.27215e-09
 4.67659e-09 4.59524e-09 3.99187e-09 2.91783e-09 1.50838e-09-4.84551e-11
-1.56099e-09-2.88087e-09-3.92677e-09-4.67840e-09-5.15269e-09-5.38003e-09
-5.38922e-09-5.20178e-09-4.83149e-09-4.28304e-09-3.54513e-09-2.58425e-09
-1.35369e-09 1.78112e-10 1.99441e-09 4.01247e-09 6.09100e-09 8.06063e-09
 9.76688e-09 1.11077e-08 1.20461e-08 1.25925e-08 1.27712e-08 1.25961e-08
 1.20665e-08 1.11723e-08 9.89796e-09 8.21943e-09 6.10176e-09 3.50199e-09
 3.82450e-10-3.26330e-09-7.38153e-09-1.18449e-08-1.64600e-08-2.09799e-08
-2.51037e-08-2.84634e-08-3.06146e-08-3.10522e-08-2.92758e-08-2.49169e-08
-1.79118e-08-8.67211e-09 1.81512e-09 1.20412e-08 2.02406e-08 2.48215e-08
 2.48123e-08 2.01713e-08 1.18658e-08 1.69813e-09-8.08164e-09-1.52857e-08
-1.83012e-08-1.64685e-08-1.02086e-08-8.57549e-10 9.73693e-09 1.97187e-08
 2.76547e-08 3.27421e-08 3.47617e-08 3.38944e-08 3.05474e-08 2.52476e-08
 1.85884e-08 1.12053e-08 3.76861e-09-3.02114e-09-8.45709e-09-1.18905e-08
-1.28340e-08-1.10738e-08-6.75850e-09-4.46416e-10 6.89165e-09 1.39072e-08
 1.89349e-08 2.00902e-08 1.54526e-08 3.39833e-09-1.68941e-08-4.48200e-08
-7.77316e-08-1.10506e-07-1.35520e-07-1.43216e-07-1.23899e-07-7.27277e-08
 3.39194e-09 8.56161e-08 1.53525e-07 1.94574e-07 2.03115e-07 1.76559e-07
 1.17216e-07 3.60637e-08-4.71210e-08-1.08860e-07-1.32317e-07-1.17684e-07
-8.31249e-08-5.30659e-08-4.18121e-08-4.47162e-08-4.38391e-08-2.43324e-08
 1.13964e-08 4.41331e-08 5.29726e-08 3.12342e-08-1.04560e-08-5.24822e-08
-7.44073e-08-5.79892e-08 7.88311e-09 1.15956e-07 2.38571e-07 3.46750e-07
 4.25976e-07 4.64542e-07 4.37815e-07 3.19822e-07 1.04606e-07-1.91384e-07
-5.31503e-07-8.53927e-07-1.07975e-06-1.13476e-06-9.69657e-07-5.81967e-07
-3.45734e-08 5.48530e-07 1.01399e-06 1.22820e-06 1.12964e-06 7.62327e-07
 2.67055e-07-1.73390e-07-4.14605e-07-4.19164e-07-2.71140e-07-1.18260e-07
-7.16348e-08-1.30433e-07-1.94608e-07-1.64736e-07-4.22282e-08 7.35263e-08
 9.58115e-08 4.41188e-08 5.53722e-09 1.89065e-08 4.17010e-08 3.26073e-08
 9.37254e-09 2.29775e-09 4.33030e-09-7.59893e-10-5.92944e-09-3.97082e-09
-3.33843e-09-6.14366e-09-5.28222e-09-2.82403e-09-3.44545e-09-3.22469e-09
-1.03987e-09-7.50364e-10-7.15141e-10 9.79469e-10 1.67204e-09 1.81008e-09
 3.01377e-09 3.42768e-09 3.15107e-09 3.44785e-09 3.06005e-09 2.19317e-09
 1.79455e-09 9.31636e-10-1.04648e-10-7.59816e-10-1.72587e-09-2.55264e-09
-2.98221e-09-3.48760e-09-3.61174e-09-3.42734e-09-3.24616e-09-2.74538e-09
-2.17358e-09-1.57955e-09-7.81129e-10-5.58052e-11 6.76268e-10 1.38917e-09
 1.90968e-09 2.36070e-09 2.64513e-09 2.78347e-09 2.84245e-09 2.72167e-09
 2.48598e-09 2.11893e-09 1.63595e-09 1.11251e-09 5.50021e-10 1.74459e-11
-4.85157e-10-9.60870e-10-1.39205e-09-1.78592e-09-2.09649e-09-2.28546e-09
-2.32712e-09-2.23306e-09-2.03304e-09-1.73036e-09-1.32096e-09-7.92945e-10
-1.63768e-10 5.02342e-10 1.12692e-09 1.66596e-09 2.11264e-09 2.45530e-09
 2.66378e-09 2.70350e-09 2.56599e-09 2.29597e-09 1.96598e-09 1.60355e-09
 1.17476e-09 6.64152e-10 1.33957e-10-3.23725e-10-6.73217e-10-9.57695e-10
-1.24170e-09-1.52501e-09-1.70913e-09-1.67409e-09-1.40268e-09-1.00509e-09
-6.04885e-10-2.14756e-10 2.55818e-10 8.62906e-10 1.51242e-09 2.00533e-09
 2.20300e-09 2.13608e-09 1.94074e-09 1.69436e-09 1.33525e-09 7.48557e-10
-8.84485e-11-1.05169e-09-1.95620e-09-2.70534e-09-3.35133e-09-3.99566e-09
-4.64330e-09-5.17536e-09-5.45955e-09-5.46900e-09-5.28799e-09-5.01472e-09
-4.66918e-09-4.19071e-09-3.51896e-09-2.67504e-09-1.75788e-09-8.61599e-10
-5.77827e-12 8.55471e-10 1.76748e-09 2.71615e-09 3.62757e-09 4.42345e-09
 5.07010e-09 5.57371e-09 5.94023e-09 6.14141e-09 6.11899e-09 5.83002e-09
 5.28600e-09 4.54613e-09 3.68363e-09 2.75711e-09 1.80085e-09 8.45014e-10
-4.94731e-11-7.90033e-10-1.29754e-09-1.54141e-09-1.52707e-09-1.27023e-09
-7.92443e-10-1.28736e-10 6.60624e-10 1.47808e-09 2.20670e-09 2.75809e-09
 3.08973e-09 3.17743e-09 3.00608e-09 2.59424e-09 2.00316e-09 1.32095e-09
 6.37391e-10 6.55453e-12-5.71454e-10-1.11979e-09-1.66086e-09-2.24773e-09
-2.99139e-09-4.01934e-09-5.39448e-09-7.05530e-09-8.81606e-09-1.04305e-08
-1.16576e-08-1.22590e-08-1.19669e-08-1.05314e-08-7.86274e-09-4.15307e-09
 1.26426e-10 4.35621e-09 7.93392e-09 1.03654e-08 1.12725e-08 1.04249e-08
 7.85987e-09 4.00434e-09-3.47365e-10-4.24334e-09-6.86073e-09-7.70233e-09
-6.63410e-09-3.83416e-09 2.41646e-10 4.86363e-09 9.09694e-09 1.20135e-08
 1.29800e-08 1.18598e-08 9.01959e-09 5.15460e-09 1.05551e-09-2.55974e-09
-5.13307e-09-6.33558e-09-6.14586e-09-4.88538e-09-3.13103e-09-1.49517e-09
-3.82301e-10 1.35491e-10 2.72821e-10 3.75205e-10 7.59579e-10 1.61569e-09
 2.95719e-09 4.59697e-09 6.16368e-09 7.18811e-09 7.25301e-09 6.15748e-09
 4.01721e-09 1.24063e-09-1.60901e-09-4.00065e-09-5.59665e-09-6.32943e-09
-6.37758e-09-6.07273e-09-5.77478e-09-5.74326e-09-6.03814e-09-6.48793e-09
-6.74759e-09-6.43633e-09-5.30372e-09-3.35030e-09-8.48321e-10 1.74615e-09
 3.95235e-09 5.42845e-09 6.07548e-09 6.04685e-09 5.66530e-09 5.28394e-09
 5.14475e-09 5.28236e-09 5.50926e-09 5.49603e-09 4.91719e-09 3.60071e-09
 1.61964e-09-7.15373e-10-2.96299e-09-4.70865e-09-5.70469e-09-5.93889e-09
-5.60467e-09-4.98835e-09-4.33092e-09-3.72755e-09-3.10585e-09-2.29221e-09
-1.13869e-09 3.49666e-10 1.95041e-09 3.26152e-09 3.84137e-09 3.40480e-09
 1.99414e-09 5.37639e-10
     0.0000e+00     0.0000e+00      0  0  0.00
     512   1.00000  0.0000e+00
 5.43770e-10 7.76196e-10 9.44017e-10 9.91923e-10 8.85848e-10 6.26607e-10
 2.51457e-10-1.77194e-10-5.92053e-10-9.42859e-10-1.20965e-09-1.39984e-09
-1.53236e-09-1.62039e-09-1.66213e-09-1.64144e-09-1.53582e-09-1.32863e-09
-1.02167e-09-6.40266e-10-2.25849e-10 1.80643e-10 5.55422e-10 8.99628e-10
 1.23217e-09 1.57032e-09 1.91031e-09 2.21944e-09 2.44248e-09 2.51940e-09
 2.40758e-09 2.09907e-09 1.62557e-09 1.04852e-09 4.36604e-10-1.59229e-10
-7.17402e-10-1.23652e-09-1.71461e-09-2.13418e-09-2.46193e-09-2.65989e-09
-2.70092e-09-2.58238e-09-2.32996e-09-1.98679e-09-1.59227e-09-1.16307e-09
-6.87720e-10-1.40448e-10 4.91530e-10 1.18465e-09 1.87637e-09 2.48576e-09
 2.94363e-09 3.21439e-09 3.29917e-09 3.22307e-09 3.01673e-09 2.70044e-09
 2.27610e-09 1.73334e-09 1.06977e-09 3.11069e-10-4.87937e-10-1.26335e-09
-1.96610e-09-2.57112e-09-3.06738e-09-3.43883e-09-3.65137e-09-3.65668e-09
-3.41180e-09-2.90269e-09-2.16003e-09-1.26100e-09-3.14444e-10 5.67535e-10
 1.30012e-09 1.84227e-09 2.18854e-09 2.34361e-09 2.30241e-09 2.05276e-09
 1.59328e-09 9.44247e-10 1.42326e-10-7.70631e-10-1.75432e-09-2.77185e-09
-3.78716e-09-4.75581e-09-5.61263e-09-6.26674e-09-6.61378e-09-6.56504e-09
-6.07879e-09-5.17280e-09-3.90668e-09-2.34634e-09-5.36472e-10 1.50268e-09
 3.75953e-09 6.21370e-09 8.82763e-09 1.15435e-08 1.42785e-08 1.69238e-08
 1.93524e-08 2.14287e-08 2.30085e-08 2.39407e-08 2.40908e-08 2.33806e-08
 2.18121e-08 1.94543e-08 1.64023e-08 1.27371e-08 8.51079e-09 3.75910e-09
-1.47202e-09-7.10266e-09-1.30047e-08-1.90007e-08-2.48761e-08-3.04000e-08
-3.53418e-08-3.94830e-08-4.26274e-08-4.46207e-08-4.53787e-08-4.49113e-08
-4.33132e-08-4.07245e-08-3.72934e-08-3.31649e-08-2.84728e-08-2.33179e-08
-1.77526e-08-1.17948e-08-5.46397e-09 1.17998e-09 8.00481e-09 1.47850e-08
 2.12061e-08 2.69116e-08 3.15907e-08 3.50666e-08 3.73341e-08 3.85322e-08
 3.88874e-08 3.86674e-08 3.81527e-08 3.76017e-08 3.71915e-08 3.69422e-08
 3.66616e-08 3.59492e-08 3.42764e-08 3.11324e-08 2.62110e-08 1.96000e-08
 1.19236e-08 4.40775e-09-1.14439e-09-2.49332e-09 2.72906e-09 1.65084e-08
 3.97603e-08 7.15698e-08 1.08515e-07 1.44254e-07 1.69568e-07 1.73093e-07
 1.42932e-07 6.91936e-08-5.26842e-08-2.18245e-07-4.10671e-07-5.99440e-07
-7.43358e-07-7.99430e-07-7.37168e-07-5.51758e-07-2.66530e-07 7.22935e-08
 4.01675e-07 6.54850e-07 7.83124e-07 7.73852e-07 6.54838e-07 4.83383e-07
 3.22029e-07 2.10296e-07 1.49374e-07 1.11664e-07 6.89707e-08 1.76773e-08
-1.96636e-08-1.71573e-08 2.82682e-08 9.07165e-08 1.32555e-07 1.25136e-07
 5.69917e-08-6.45808e-08-2.16130e-07-3.70408e-07-5.07095e-07-6.10577e-07
-6.67088e-07-6.71365e-07-6.26315e-07-5.30640e-07-3.81336e-07-1.89572e-07
 1.92623e-08 2.14111e-07 3.61017e-07 4.32794e-07 4.25368e-07 3.65959e-07
 3.06376e-07 3.00013e-07 3.71455e-07 4.95990e-07 6.02148e-07 6.01046e-07
 4.34834e-07 1.21372e-07-2.37164e-07-4.97731e-07-5.55616e-07-4.15256e-07
-1.96934e-07-5.58948e-08-6.28585e-08-1.47354e-07-1.71851e-07-7.85474e-08
 4.97501e-08 9.45793e-08 4.61612e-08-2.19162e-09 7.11669e-09 3.29727e-08
 2.60538e-08 4.09642e-09-5.40848e-10 1.85756e-09-4.89498e-09-9.46407e-09
-5.78281e-09-5.62465e-09-8.91380e-09-7.03070e-09-4.57398e-09-5.69774e-09
-4.50734e-09-1.56596e-09-1.17796e-09-4.32376e-11 2.60203e-09 3.29188e-09
 3.88378e-09 5.41636e-09 5.46254e-09 5.39154e-09 6.07912e-09 5.76002e-09
 5.47626e-09 5.64662e-09 5.01815e-09 4.57602e-09 4.40683e-09 3.74678e-09
 3.47319e-09 3.33716e-09 2.96453e-09 2.98874e-09 2.96423e-09 2.89173e-09
 3.11140e-09 3.15849e-09 3.21405e-09 3.27362e-09 3.06027e-09 2.82635e-09
 2.41297e-09 1.82322e-09 1.21101e-09 4.18666e-10-4.24620e-10-1.33404e-09
-2.33917e-09-3.33087e-09-4.36610e-09-5.34333e-09-6.18914e-09-6.85580e-09
-7.26902e-09-7.47058e-09-7.44999e-09-7.22629e-09-6.80904e-09-6.16554e-09
-5.28661e-09-4.17111e-09-2.87392e-09-1.46394e-09-2.22578e-11 1.36918e-09
 2.66293e-09 3.82423e-09 4.82027e-09 5.62244e-09 6.21458e-09 6.57174e-09
 6.66393e-09 6.49324e-09 6.09179e-09 5.48817e-09 4.69260e-09 3.70979e-09
 2.56501e-09 1.33927e-09 1.68718e-10-8.26596e-10-1.61641e-09-2.24491e-09
-2.74951e-09-3.11115e-09-3.27430e-09-3.20515e-09-2.93501e-09-2.53977e-09
-2.07420e-09-1.54826e-09-9.71796e-10-4.03665e-10 4.86884e-11 2.82509e-10
 2.60104e-10 1.65433e-11-3.82864e-10-8.89065e-10-1.48311e-09-2.14798e-09
-2.84729e-09-3.54808e-09-4.23662e-09-4.90126e-09-5.52423e-09-6.08130e-09
-6.53417e-09-6.84089e-09-6.97670e-09-6.93378e-09-6.70564e-09-6.27344e-09
-5.60860e-09-4.69352e-09-3.52735e-09-2.11398e-09-4.69007e-10 1.36170e-09
 3.29907e-09 5.23964e-09 7.08065e-09 8.75488e-09 1.02346e-08 1.15064e-08
 1.25548e-08 1.33561e-08 1.38804e-08 1.41031e-08 1.40076e-08 1.35754e-08
 1.27864e-08 1.16330e-08 1.01398e-08 8.37255e-09 6.41528e-09 4.34378e-09
 2.23147e-09 1.65453e-10-1.74857e-09-3.38236e-09-4.60419e-09-5.32458e-09
-5.51366e-09-5.18759e-09-4.40975e-09-3.28945e-09-1.95726e-09-5.48773e-10
 8.07533e-10 2.01563e-09 3.01103e-09 3.72888e-09 4.10142e-09 4.09007e-09
 3.69822e-09 2.95610e-09 1.90684e-09 5.98640e-10-9.15797e-10-2.56484e-09
-4.25676e-09-5.92273e-09-7.55709e-09-9.18102e-09-1.07542e-08-1.21332e-08
-1.31147e-08-1.35213e-08-1.32738e-08-1.24022e-08-1.09872e-08-9.10867e-09
-6.87016e-09-4.44370e-09-2.05445e-09 7.52300e-11 1.77522e-09 2.94772e-09
 3.55282e-09 3.59536e-09 3.14166e-09 2.33070e-09 1.33989e-09 3.15124e-10
-6.82157e-10-1.65613e-09-2.60465e-09-3.46586e-09-4.11350e-09-4.39513e-09
-4.19146e-09-3.44938e-09-2.17714e-09-4.41923e-10 1.61618e-09 3.77280e-09
 5.73718e-09 7.21980e-09 8.01828e-09 8.06788e-09 7.44965e-09 6.36766e-09
 5.10207e-09 3.95336e-09 3.17407e-09 2.88939e-09 3.05400e-09 3.47688e-09
 3.89159e-09 4.04256e-09 3.76135e-09 3.00959e-09 1.88751e-09 6.05861e-10
-5.88127e-10-1.50231e-09-2.06436e-09-2.34220e-09-2.51174e-09-2.78050e-09
-3.30388e-09-4.11850e-09-5.10924e-09-6.03739e-09-6.61989e-09-6.61636e-09
-5.90634e-09-4.53992e-09-2.72623e-09-7.57917e-10 1.08889e-09 2.63724e-09
 3.84352e-09 4.77852e-09 5.57497e-09 6.35143e-09 7.13097e-09 7.80215e-09
 8.14914e-09 7.93295e-09 6.99097e-09 5.31492e-09 3.07318e-09 5.74891e-10
-1.81325e-09-3.77839e-09-5.15352e-09-5.94654e-09-6.30330e-09-6.41817e-09
-6.42167e-09-6.30532e-09-5.93109e-09-5.11637e-09-3.74636e-09-1.86210e-09
 3.06082e-10 2.37081e-09 3.89143e-09 4.52767e-09 4.17509e-09 3.01957e-09
 1.50251e-09 3.61216e-10
     0.0000e+00     0.0000e+00      0  0  0.00
     512   1.00000  0.0000e+00
-1.18890e-09-1.16454e-09-1.06190e-09-8.79393e-10-6.23661e-10-3.09564e-10
 4.15681e-11 4.06160e-10 7.62970e-10 1.09466e-09 1.38550e-09 1.61802e-09
 1.77248e-09 1.83050e-09 1.78037e-09 1.62066e-09 1.36137e-09 1.02318e-09
 6.34333e-10 2.25029e-10-1.78650e-10-5.58184e-10-9.01709e-10-1.19998e-09
-1.44312e-09-1.62107e-09-1.72684e-09-1.75874e-09-1.71889e-09-1.60909e-09
-1.42793e-09-1.17173e-09-8.38564e-10-4.32622e-10 3.27557e-11 5.33335e-10
 1.03430e-09 1.49465e-09 1.87569e-09 2.14888e-09 2.29803e-09 2.31593e-09
 2.20095e-09 1.95765e-09 1.60060e-09 1.15645e-09 6.60709e-10 1.50018e-10
-3.46046e-10-8.09292e-10-1.23219e-09-1.61363e-09-1.95319e-09-2.24523e-09
-2.47487e-09-2.61930e-09-2.65523e-09-2.56765e-09-2.35258e-09-2.01243e-09
-1.55069e-09-9.73353e-10-2.96580e-10 4.46628e-10 1.20671e-09 1.92423e-09
 2.53889e-09 2.99773e-09 3.26138e-09 3.30765e-09 3.13199e-09 2.74547e-09
 2.17303e-09 1.45456e-09 6.48328e-10-1.68700e-10-9.09681e-10-1.49568e-09
-1.87352e-09-2.02332e-09-1.95455e-09-1.69836e-09-1.30245e-09-8.26111e-10
-3.30767e-10 1.33055e-10 5.36330e-10 8.76123e-10 1.17500e-09 1.47542e-09
 1.82686e-09 2.26651e-09 2.80037e-09 3.39476e-09 3.98197e-09 4.47490e-09
 4.78161e-09 4.81534e-09 4.50264e-09 3.79425e-09 2.67745e-09 1.18170e-09
-6.29315e-10-2.67462e-09-4.87078e-09-7.13828e-09-9.40224e-09-1.15903e-08
-1.36263e-08-1.54209e-08-1.68684e-08-1.78569e-08-1.82861e-08-1.80803e-08
-1.71892e-08-1.55874e-08-1.32802e-08-1.03137e-08-6.77637e-09-2.78654e-09
 1.52401e-09 6.02175e-09 1.05733e-08 1.50424e-08 1.92871e-08 2.31597e-08
 2.65078e-08 2.91790e-08 3.10338e-08 3.19633e-08 3.19034e-08 3.08351e-08
 2.87786e-08 2.57911e-08 2.19680e-08 1.74367e-08 1.23379e-08 6.81073e-09
 9.94898e-10-4.95319e-09-1.08523e-08-1.65041e-08-2.17066e-08-2.62623e-08
-2.99832e-08-3.26996e-08-3.42713e-08-3.45942e-08-3.36071e-08-3.12997e-08
-2.77211e-08-2.29789e-08-1.72284e-08-1.06624e-08-3.51066e-09 3.95408e-09
 1.14184e-08 1.85501e-08 2.50414e-08 3.06610e-08 3.52976e-08 3.89874e-08
 4.19190e-08 4.44104e-08 4.68478e-08 4.95826e-08 5.27895e-08 5.63018e-08
 5.94467e-08 6.09293e-08 5.88262e-08 5.07435e-08 3.41675e-08 7.01509e-09
-3.16356e-08-8.07055e-08-1.36341e-07-1.91411e-07-2.35970e-07-2.59849e-07
-2.55658e-07-2.19778e-07-1.54525e-07-7.07061e-08 1.53291e-08 8.64977e-08
 1.28070e-07 1.32452e-07 1.03174e-07 5.42122e-08 5.24750e-09-2.60366e-08
-3.12962e-08-1.38922e-08 1.50466e-08 4.42169e-08 6.83201e-08 8.83143e-08
 1.06204e-07 1.20186e-07 1.25544e-07 1.20782e-07 1.13076e-07 1.17859e-07
 1.51780e-07 2.21292e-07 3.12775e-07 3.93352e-07 4.29036e-07 4.08398e-07
 3.41705e-07 2.35127e-07 8.10623e-08-1.24211e-07-3.67615e-07-6.21676e-07
-8.49556e-07-1.01075e-06-1.06876e-06-9.99817e-07-8.02166e-07-5.01231e-07
-1.45396e-07 2.06723e-07 5.01198e-07 7.00162e-07 7.87996e-07 7.71018e-07
 6.71191e-07 5.17443e-07 3.38721e-07 1.61811e-07 1.15776e-08-9.18004e-08
-1.40032e-07-1.43914e-07-1.30321e-07-1.23978e-07-1.27312e-07-1.21137e-07
-9.08305e-08-4.88786e-08-2.19180e-08-1.72269e-08-1.67949e-08-7.13413e-09
 3.45733e-09 4.96337e-09 2.89858e-09 4.34538e-09 5.56253e-09 3.53827e-09
 2.37379e-09 2.76500e-09 1.28504e-09-8.77105e-10-1.48796e-09-2.49711e-09
-4.27102e-09-4.79971e-09-4.93846e-09-5.58098e-09-5.36252e-09-4.65895e-09
-4.35026e-09-3.47364e-09-2.21049e-09-1.30535e-09-1.13561e-10 1.16102e-09
 1.98860e-09 2.91631e-09 3.75387e-09 4.19270e-09 4.63178e-09 4.79200e-09
 4.55415e-09 4.23003e-09 3.58064e-09 2.70885e-09 1.84636e-09 8.37130e-10
-1.36205e-10-1.04293e-09-1.99013e-09-2.80091e-09-3.52374e-09-4.12377e-09
-4.47309e-09-4.62943e-09-4.51139e-09-4.12945e-09-3.53900e-09-2.70884e-09
-1.72425e-09-6.12398e-10 5.84894e-10 1.79537e-09 2.98900e-09 4.07895e-09
 5.02492e-09 5.79908e-09 6.37011e-09 6.72278e-09 6.80847e-09 6.59861e-09
 6.09045e-09 5.31259e-09 4.30277e-09 3.09408e-09 1.74352e-09 3.10701e-10
-1.15216e-09-2.59300e-09-3.95374e-09-5.17951e-09-6.22210e-09-7.03464e-09
-7.58374e-09-7.84616e-09-7.79850e-09-7.43409e-09-6.77980e-09-5.88133e-09
-4.78571e-09-3.54328e-09-2.20714e-09-8.24667e-10 5.57589e-10 1.88229e-09
 3.08785e-09 4.11975e-09 4.92946e-09 5.47913e-09 5.75019e-09 5.73593e-09
 5.44120e-09 4.89841e-09 4.16078e-09 3.28165e-09 2.31120e-09 1.29731e-09
 2.88502e-10-6.61263e-10-1.49987e-09-2.17859e-09-2.65139e-09-2.89002e-09
-2.88655e-09-2.64422e-09-2.18430e-09-1.54669e-09-7.77899e-10 7.38726e-11
 9.67482e-10 1.87320e-09 2.75932e-09 3.58968e-09 4.32671e-09 4.92389e-09
 5.33546e-09 5.53022e-09 5.48639e-09 5.19100e-09 4.64386e-09 3.85797e-09
 2.86409e-09 1.70382e-09 4.12852e-10-9.77665e-10-2.42567e-09-3.87201e-09
-5.24491e-09-6.46691e-09-7.46689e-09-8.19140e-09-8.60285e-09-8.67530e-09
-8.39999e-09-7.78946e-09-6.87604e-09-5.70923e-09-4.34483e-09-2.83589e-09
-1.24194e-09 3.60794e-10 1.88563e-09 3.25093e-09 4.39074e-09 5.25479e-09
 5.80890e-09 6.03318e-09 5.91079e-09 5.43003e-09 4.59981e-09 3.45088e-09
 2.03345e-09 4.27914e-10-1.25333e-09-2.88054e-09-4.31699e-09-5.43310e-09
-6.13425e-09-6.37192e-09-6.13835e-09-5.47485e-09-4.47324e-09-3.24786e-09
-1.91130e-09-5.66624e-10 7.10644e-10 1.88929e-09 2.97686e-09 4.01819e-09
 5.10170e-09 6.33709e-09 7.80234e-09 9.49382e-09 1.13002e-08 1.29988e-08
 1.42814e-08 1.48164e-08 1.43183e-08 1.25985e-08 9.61342e-09 5.49669e-09
 5.58178e-10-4.74097e-09-9.84076e-09-1.41592e-08-1.71790e-08-1.85426e-08
-1.81272e-08-1.60624e-08-1.27037e-08-8.56988e-09-4.24326e-09-2.70375e-10
 2.91972e-09 5.07699e-09 6.14510e-09 6.23744e-09 5.59259e-09 4.50027e-09
 3.22808e-09 1.97929e-09 8.68382e-10-7.73391e-11-8.89636e-10-1.62728e-09
-2.33317e-09-2.99236e-09-3.52964e-09-3.84088e-09-3.83149e-09-3.45322e-09
-2.72495e-09-1.73110e-09-6.07533e-10 4.88270e-10 1.42087e-09 2.11159e-09
 2.55110e-09 2.79021e-09 2.91238e-09 2.99950e-09 3.10577e-09 3.24243e-09
 3.37302e-09 3.42793e-09 3.33331e-09 3.03543e-09 2.52041e-09 1.82488e-09
 1.02488e-09 2.12250e-10-5.33661e-10-1.17442e-09-1.72052e-09-2.21364e-09
-2.70180e-09-3.21410e-09-3.73774e-09-4.21114e-09-4.53808e-09-4.61812e-09
-4.38401e-09-3.82372e-09-2.97607e-09-1.91214e-09-7.13897e-10 5.41905e-10
 1.78939e-09 2.97014e-09 4.02617e-09 4.89338e-09 5.49854e-09 5.76560e-09
 5.63253e-09 5.07228e-09 4.10891e-09 2.81913e-09 1.32100e-09-2.36258e-10
-1.67948e-09-2.82845e-09-3.52685e-09-3.67807e-09-3.27301e-09-2.40093e-09
-1.24619e-09-3.13463e-10
     0.0000e+00     0.0000e+00      0  0  0.00
     512   1.00000  0.0000e+00
 7.39280e-11-2.17433e-10-4.76277e-10-6.42833e-10-6.79398e-10-5.86080e-10
-4.01338e-10-1.86529e-10-1.07805e-12 1.20330e-10 1.78157e-10 2.02067e-10
 2.32100e-10 2.95688e-10 3.91428e-10 4.88244e-10 5.40810e-10 5.13019e-10
 3.96886e-10 2.17121e-10 1.96057e-11-1.49785e-10-2.65848e-10-3.34291e-10
-3.85533e-10-4.54865e-10-5.60214e-10-6.89297e-10-8.02534e-10-8.51035e-10
-8.01155e-10-6.52027e-10-4.35988e-10-2.02174e-10 6.94361e-12 1.73459e-10
 3.07774e-10 4.36889e-10 5.83468e-10 7.47226e-10 9.00145e-10 9.99471e-10
 1.01114e-09 9.29460e-10 7.81259e-10 6.11793e-10 4.60768e-10 3.41902e-10
 2.37190e-10 1.09006e-10-7.67076e-11-3.29386e-10-6.26721e-10-9.24632e-10
-1.17801e-09-1.36024e-09-1.46958e-09-1.51823e-09-1.51159e-09-1.43418e-09
-1.25384e-09-9.42664e-10-5.01066e-10 2.91198e-11 5.69804e-10 1.02872e-09
 1.32939e-09 1.43517e-09 1.35611e-09 1.13696e-09 8.35870e-10 5.07502e-10
 1.98546e-10-4.64818e-11-1.80058e-10-1.58240e-10 3.91415e-11 3.85851e-10
 8.01234e-10 1.16665e-09 1.36159e-09 1.30429e-09 9.80508e-10 4.50367e-10
-1.69425e-10-7.40145e-10-1.13639e-09-1.26764e-09-1.08409e-09-5.76619e-10
 2.19785e-10 1.22024e-09 2.29128e-09 3.26832e-09 3.98956e-09 4.33633e-09
 4.26281e-09 3.80076e-09 3.03598e-09 2.06791e-09 9.71753e-10-2.20540e-10
-1.51393e-09-2.92541e-09-4.45696e-09-6.08179e-09-7.74705e-09-9.38164e-09
-1.08980e-08-1.21894e-08-1.31350e-08-1.36193e-08-1.35608e-08-1.29360e-08
-1.17859e-08-1.02010e-08-8.28509e-09-6.11587e-09-3.72430e-09-1.10448e-09
 1.75315e-09 4.82753e-09 8.05009e-09 1.13105e-08 1.44755e-08 1.74073e-08
 1.99722e-08 2.20453e-08 2.35199e-08 2.43249e-08 2.44365e-08 2.38748e-08
 2.26821e-08 2.08983e-08 1.85501e-08 1.56618e-08 1.22811e-08 8.50270e-09
 4.47099e-09 3.55341e-10-3.68928e-09-7.54955e-09-1.11535e-08-1.44511e-08
-1.73940e-08-1.99279e-08-2.19965e-08-2.35512e-08-2.45556e-08-2.49745e-08
-2.47541e-08-2.38181e-08-2.20943e-08-1.95591e-08-1.62706e-08-1.23720e-08
-8.07433e-09-3.63482e-09 6.61232e-10 4.51835e-09 7.65541e-09 9.83704e-09
 1.09060e-08 1.08105e-08 9.62875e-09 7.60245e-09 5.17878e-09 3.04023e-09
 2.07927e-09 3.27707e-09 7.47309e-09 1.50562e-08 2.56468e-08 3.78485e-08
 4.91389e-08 5.59560e-08 5.40531e-08 3.91502e-08 8.51182e-09-3.53942e-08
-8.21516e-08-1.17760e-07-1.33172e-07-1.26447e-07-9.86992e-08-5.33566e-08
 9.05517e-10 5.05638e-08 8.23467e-08 8.96522e-08 7.60180e-08 5.28687e-08
 3.31848e-08 2.46782e-08 2.60649e-08 2.93532e-08 2.69314e-08 1.77979e-08
 7.72286e-09 3.75728e-09 8.89808e-09 2.16652e-08 3.95935e-08 6.19544e-08
 8.90356e-08 1.20345e-07 1.52893e-07 1.76916e-07 1.73603e-07 1.21536e-07
 7.18200e-09-1.66535e-07-3.77938e-07-5.92168e-07-7.64451e-07-8.42506e-07
-7.79959e-07-5.51753e-07-1.65561e-07 3.26179e-07 8.26733e-07 1.21576e-06
 1.38104e-06 1.25561e-06 8.50480e-07 2.65794e-07-3.32542e-07-7.68919e-07
-9.26337e-07-7.98123e-07-4.92608e-07-1.78239e-07 6.06397e-09 2.64549e-08
-3.62174e-08-5.87885e-08 1.90807e-08 1.43586e-07 2.04410e-07 1.52761e-07
 5.28123e-08 2.76721e-09 2.01264e-08 4.01595e-08 2.01630e-08-9.91402e-09
-1.34121e-08-3.91952e-09-5.52926e-09-9.85592e-09-5.38655e-09-2.31131e-09
-5.45107e-09-5.14279e-09-1.94161e-09-3.06146e-09-4.35823e-09-2.44165e-09
-2.40527e-09-3.55405e-09-2.22885e-09-1.51616e-09-2.10106e-09-1.07089e-09
-3.18410e-10-7.48269e-10-1.08228e-10 3.78044e-10 5.13014e-11 5.91571e-10
 9.88183e-10 8.79514e-10 1.43732e-09 1.72824e-09 1.73669e-09 2.20211e-09
 2.28225e-09 2.23305e-09 2.37398e-09 2.07003e-09 1.77893e-09 1.51823e-09
 9.85511e-10 6.28301e-10 2.13444e-10-2.90593e-10-6.42915e-10-1.10666e-09
-1.49461e-09-1.76845e-09-2.03201e-09-2.10343e-09-2.11717e-09-2.04509e-09
-1.83413e-09-1.57319e-09-1.18820e-09-7.51942e-10-2.83066e-10 1.99226e-10
 6.04448e-10 9.51351e-10 1.21626e-09 1.41330e-09 1.55067e-09 1.60537e-09
 1.57177e-09 1.42063e-09 1.15871e-09 8.06668e-10 4.05849e-10-5.89057e-13
-4.17867e-10-8.66772e-10-1.32877e-09-1.73671e-09-2.04315e-09-2.24674e-09
-2.36243e-09-2.40058e-09-2.35670e-09-2.21135e-09-1.95429e-09-1.61309e-09
-1.23465e-09-8.39727e-10-4.13245e-10 5.74439e-11 5.40418e-10 9.67491e-10
 1.30024e-09 1.57615e-09 1.85679e-09 2.13790e-09 2.35005e-09 2.44753e-09
 2.46797e-09 2.50199e-09 2.61355e-09 2.78815e-09 2.95875e-09 3.08452e-09
 3.20107e-09 3.38271e-09 3.64618e-09 3.90424e-09 4.03876e-09 4.01397e-09
 3.89455e-09 3.75721e-09 3.60533e-09 3.37874e-09 3.04010e-09 2.63099e-09
 2.23825e-09 1.92262e-09 1.67971e-09 1.45919e-09 1.22248e-09 9.80911e-10
 7.74273e-10 6.15073e-10 4.60763e-10 2.48031e-10-4.95918e-11-4.10833e-10
-8.06022e-10-1.23071e-09-1.70475e-09-2.25101e-09-2.87924e-09-3.58601e-09
-4.36110e-09-5.19496e-09-6.08515e-09-7.02978e-09-8.00792e-09-8.96843e-09
-9.84375e-09-1.05748e-08-1.11224e-08-1.14647e-08-1.15887e-08-1.14886e-08
-1.11758e-08-1.06810e-08-1.00441e-08-9.31251e-09-8.53160e-09-7.71847e-09
-6.86012e-09-5.94394e-09-4.96742e-09-3.92502e-09-2.81419e-09-1.64916e-09
-4.55060e-10 7.35649e-10 1.87533e-09 2.91282e-09 3.82053e-09 4.60658e-09
 5.31661e-09 6.02775e-09 6.81839e-09 7.73914e-09 8.81759e-09 1.00628e-08
 1.14348e-08 1.28131e-08 1.39996e-08 1.47492e-08 1.48298e-08 1.40955e-08
 1.25216e-08 1.01947e-08 7.31260e-09 4.20942e-09 1.35288e-09-7.34287e-10
-1.61303e-09-1.06892e-09 8.20813e-10 3.72250e-09 7.12166e-09 1.03764e-08
 1.27732e-08 1.36416e-08 1.25322e-08 9.38833e-09 4.60564e-09-1.07126e-09
-6.74488e-09-1.15439e-08-1.47441e-08-1.58663e-08-1.47922e-08-1.18481e-08
-7.75959e-09-3.45186e-09 2.18537e-10 2.67173e-09 3.68050e-09 3.34337e-09
 2.02178e-09 2.54480e-10-1.37471e-09-2.40945e-09-2.67450e-09-2.32516e-09
-1.75658e-09-1.42826e-09-1.68880e-09-2.66024e-09-4.20568e-09-5.97046e-09
-7.47894e-09-8.27244e-09-8.05523e-09-6.80069e-09-4.77552e-09-2.46069e-09
-3.89843e-10 1.02959e-09 1.63900e-09 1.55819e-09 1.12483e-09 7.67706e-10
 8.51765e-10 1.54393e-09 2.74827e-09 4.14078e-09 5.29201e-09 5.82415e-09
 5.54420e-09 4.51362e-09 3.02898e-09 1.51319e-09 3.56395e-10-2.28594e-10
-2.75266e-10-3.25023e-11 1.47046e-10-4.40794e-11-7.38205e-10-1.83393e-09
-3.03079e-09-3.94289e-09-4.24909e-09-3.82103e-09-2.77660e-09-1.43660e-09
-1.97868e-10 6.26129e-10 9.24248e-10 8.14141e-10 5.72811e-10 5.04894e-10
 8.01167e-10 1.44590e-09 2.21684e-09 2.78082e-09 2.84331e-09 2.28592e-09
 1.22886e-09-1.12723e-11-1.04944e-09-1.59023e-09-1.54698e-09-1.07099e-09
-4.82484e-10-1.03562e-10
     0.0000e+00     0.0000e+00      0  0  0.00
     512   1.00000  0.0000e+00
 5.77897e-10 7.74641e-10 9.70743e-10 1.12711e-09 1.19340e-09 1.12558e-09
 9.05292e-10 5.48705e-10 1.01507e-10-3.73645e-10-8.09908e-10-1.14751e-09
-1.34458e-09-1.38529e-09-1.27996e-09-1.05612e-09-7.47287e-10-3.87124e-10
-9.55616e-12 3.49651e-10 6.54030e-10 8.70625e-10 9.74874e-10 9.55328e-10
 8.20115e-10 6.04156e-10 3.69481e-10 1.89996e-10 1.21897e-10 1.74829e-10
 3.02768e-10 4.22082e-10 4.47151e-10 3.24861e-10 5.32518e-11-3.20071e-10
-7.16592e-10-1.05620e-09-1.28609e-09-1.39333e-09-1.39216e-09-1.29707e-09
-1.10569e-09-8.07664e-10-4.12233e-10 3.02287e-11 4.33697e-10 7.09859e-10
 8.10085e-10 7.51418e-10 6.12611e-10 5.02381e-10 5.13218e-10 6.79097e-10
 9.57043e-10 1.24579e-09 1.43482e-09 1.45453e-09 1.29539e-09 9.88398e-10
 5.70747e-10 6.88483e-11-4.90995e-10-1.06138e-09-1.56597e-09-1.91439e-09
-2.03242e-09-1.89296e-09-1.53351e-09-1.04989e-09-5.63427e-10-1.72897e-10
 8.44332e-11 2.38186e-10 3.52508e-10 4.79369e-10 6.31318e-10 7.88940e-10
 9.26831e-10 1.02977e-09 1.08911e-09 1.09330e-09 1.02798e-09 8.84607e-10
 6.67517e-10 3.95926e-10 1.04044e-10-1.62895e-10-3.63991e-10-4.87096e-10
-5.64544e-10-6.63285e-10-8.52785e-10-1.17313e-09-1.62288e-09-2.16585e-09
-2.74137e-09-3.26944e-09-3.65768e-09-3.82138e-09-3.71211e-09-3.33435e-09
-2.73565e-09-1.98131e-09-1.13505e-09-2.52286e-10 6.25052e-10 1.47709e-09
 2.30634e-09 3.12193e-09 3.92094e-09 4.68536e-09 5.39085e-09 6.00669e-09
 6.48223e-09 6.74301e-09 6.71723e-09 6.37845e-09 5.76842e-09 4.98189e-09
 4.13212e-09 3.32602e-09 2.65557e-09 2.18829e-09 1.94337e-09 1.86389e-09
 1.80612e-09 1.55200e-09 8.36159e-10-6.13293e-10-3.00640e-09-6.39180e-09
-1.05540e-08-1.49564e-08-1.87745e-08-2.10353e-08-2.08401e-08-1.76171e-08
-1.13400e-08-2.63065e-09 7.31754e-09 1.69927e-08 2.49021e-08 2.98845e-08
 3.13215e-08 2.92185e-08 2.41396e-08 1.70132e-08 8.86723e-09 5.89704e-10
-7.20438e-09-1.41898e-08-2.02810e-08-2.55516e-08-3.01299e-08-3.40883e-08
-3.73773e-08-3.98365e-08-4.12715e-08-4.15438e-08-4.06374e-08-3.86989e-08
-3.60638e-08-3.32652e-08-3.09998e-08-3.00208e-08-3.09391e-08-3.39378e-08
-3.84475e-08-4.28783e-08-4.45137e-08-3.96398e-08-2.39549e-08 6.69786e-09
 5.52405e-08 1.21981e-07 2.03180e-07 2.89909e-07 3.67629e-07 4.17487e-07
 4.20274e-07 3.63009e-07 2.46652e-07 8.87841e-08-8.21125e-08-2.32710e-07
-3.29962e-07-3.52434e-07-3.01541e-07-2.02439e-07-9.46462e-08-1.67369e-08
 8.77923e-09-1.68006e-08-7.24176e-08-1.31222e-07-1.74993e-07-1.98427e-07
-2.02254e-07-1.84800e-07-1.42111e-07-7.78530e-08-1.40775e-08 9.10558e-09
-4.72796e-08-1.87824e-07-3.59266e-07-4.65978e-07-4.32501e-07-2.67218e-07
-4.69194e-08 1.65480e-07 3.56107e-07 5.23626e-07 6.53085e-07 7.23539e-07
 7.20428e-07 6.44441e-07 5.12045e-07 3.51095e-07 1.99533e-07 9.64236e-08
 6.04237e-08 7.10095e-08 7.13138e-08-3.40675e-09-1.86756e-07-4.51727e-07
-7.09671e-07-8.46088e-07-7.80740e-07-5.23105e-07-1.83626e-07 8.19679e-08
 1.70193e-07 1.03602e-07 1.27281e-08 2.10205e-08 1.28605e-07 2.18391e-07
 1.92859e-07 8.85330e-08 2.10752e-08 3.31208e-08 5.83151e-08 4.02730e-08
 8.33636e-09 4.09446e-09 1.16471e-08 5.95700e-09 7.08031e-11 5.00238e-09
 6.28400e-09 1.30428e-09 2.35153e-09 5.61131e-09 3.43013e-09 2.79606e-09
 5.27742e-09 4.11382e-09 2.40292e-09 3.36077e-09 2.33045e-09 5.47154e-10
 9.46548e-10 1.03106e-10-1.56046e-09-1.68253e-09-2.59012e-09-3.74665e-09
-3.52990e-09-3.95063e-09-4.51259e-09-4.28750e-09-4.68468e-09-4.78266e-09
-4.12701e-09-3.68498e-09-2.62291e-09-1.26755e-09-3.49584e-10 7.26455e-10
 1.45953e-09 1.87497e-09 2.48430e-09 2.86941e-09 3.31586e-09 3.78247e-09
 3.90436e-09 3.93679e-09 3.66924e-09 3.14725e-09 2.52125e-09 1.64134e-09
 7.11368e-10-2.98942e-10-1.38642e-09-2.43115e-09-3.44993e-09-4.29413e-09
-4.97723e-09-5.54463e-09-5.99789e-09-6.34624e-09-6.46583e-09-6.28767e-09
-5.79398e-09-5.03727e-09-4.09924e-09-3.02033e-09-1.84926e-09-6.13838e-10
 6.59373e-10 1.94574e-09 3.22319e-09 4.46205e-09 5.61630e-09 6.61981e-09
 7.41849e-09 7.96878e-09 8.22501e-09 8.16202e-09 7.80288e-09 7.20890e-09
 6.45282e-09 5.59921e-09 4.67963e-09 3.67996e-09 2.56951e-09 1.35167e-09
 8.88812e-11-1.11218e-09-2.14416e-09-2.94687e-09-3.51111e-09-3.83307e-09
-3.89934e-09-3.73430e-09-3.42318e-09-3.06701e-09-2.72680e-09-2.40908e-09
-2.10130e-09-1.81343e-09-1.58166e-09-1.45739e-09-1.49293e-09-1.71328e-09
-2.10526e-09-2.62782e-09-3.21394e-09-3.77724e-09-4.23381e-09-4.52860e-09
-4.66534e-09-4.70679e-09-4.72638e-09-4.76571e-09-4.82869e-09-4.89495e-09
-4.94082e-09-4.94015e-09-4.84973e-09-4.62369e-09-4.24045e-09-3.70651e-09
-3.04007e-09-2.23891e-09-1.25590e-09-2.00329e-11 1.50521e-09 3.27791e-09
 5.18267e-09 7.07477e-09 8.82464e-09 1.03261e-08 1.14802e-08 1.22002e-08
 1.24387e-08 1.22002e-08 1.15261e-08 1.04717e-08 9.08337e-09 7.40323e-09
 5.50285e-09 3.50725e-09 1.57844e-09-1.30133e-10-1.51786e-09-2.54988e-09
-3.23984e-09-3.62066e-09-3.71808e-09-3.54604e-09-3.11614e-09-2.44169e-09
-1.55032e-09-5.06548e-10 5.86272e-10 1.60620e-09 2.42997e-09 2.95298e-09
 3.11631e-09 2.91255e-09 2.37484e-09 1.56990e-09 5.73164e-10-5.72733e-10
-1.86523e-09-3.30937e-09-4.89043e-09-6.55740e-09-8.21752e-09-9.77482e-09
-1.11835e-08-1.24447e-08-1.35529e-08-1.44539e-08-1.50323e-08-1.51217e-08
-1.45469e-08-1.32056e-08-1.11324e-08-8.49162e-09-5.51822e-09-2.44296e-09
 5.69941e-10 3.43512e-09 6.10835e-09 8.53759e-09 1.06483e-08 1.23779e-08
 1.37026e-08 1.46078e-08 1.50513e-08 1.49656e-08 1.42842e-08 1.29759e-08
 1.10744e-08 8.69586e-09 6.05548e-09 3.45239e-09 1.21012e-09-3.93283e-10
-1.19634e-09-1.21148e-09-6.22501e-10 2.75121e-10 1.16116e-09 1.77820e-09
 1.97695e-09 1.72056e-09 1.08532e-09 2.47054e-10-5.74698e-10-1.19868e-09
-1.55163e-09-1.69005e-09-1.76462e-09-1.95779e-09-2.42111e-09-3.21524e-09
-4.26531e-09-5.35621e-09-6.18476e-09-6.46306e-09-6.03223e-09-4.92638e-09
-3.35754e-09-1.64731e-09-1.33593e-10 9.32471e-10 1.46009e-09 1.52836e-09
 1.33416e-09 1.10091e-09 9.93200e-10 1.07377e-09 1.29864e-09 1.54401e-09
 1.67001e-09 1.59555e-09 1.33873e-09 1.00580e-09 7.42442e-10 6.74713e-10
 8.58527e-10 1.23961e-09 1.64022e-09 1.80037e-09 1.47192e-09 5.30130e-10
-9.47300e-10-2.67466e-09-4.23709e-09-5.22705e-09-5.38255e-09-4.67378e-09
-3.30895e-09-1.65859e-09-1.23622e-10 1.00849e-09 1.65376e-09 1.91208e-09
 1.95449e-09 1.90198e-09 1.77454e-09 1.52691e-09 1.13050e-09 6.44817e-10
 2.36686e-10 3.95718e-11
     0.0000e+00     0.0000e+00      0  0  0.00
     512   1.00000  0.0000e+00
-2.62183e-10-1.31433e-10-2.61259e-12 1.04897e-10 1.80487e-10 2.28032e-10
 2.65714e-10 3.18715e-10 4.07243e-10 5.36210e-10 6.91578e-10 8.44437e-10
 9.61225e-10 1.01606e-09 9.99561e-10 9.19974e-10 7.96395e-10 6.47677e-10
 4.83489e-10 3.02110e-10 9.51533e-11-1.43468e-10-4.08545e-10-6.79753e-10
-9.26077e-10-1.11644e-09-1.23081e-09-1.26643e-09-1.23633e-09-1.16116e-09
-1.05802e-09-9.32067e-10-7.75865e-10-5.76853e-10-3.28011e-10-3.53751e-11
 2.80834e-10 5.91598e-10 8.68674e-10 1.09345e-09 1.26002e-09 1.37070e-09
 1.42727e-09 1.42391e-09 1.34697e-09 1.18171e-09 9.22314e-10 5.80172e-10
 1.85650e-10-2.18919e-10-5.91910e-10-9.03717e-10-1.14120e-09-1.30473e-09
-1.40104e-09-1.43583e-09-1.41040e-09-1.32444e-09-1.18293e-09-1.00068e-09
-7.99565e-10-5.99417e-10-4.08071e-10-2.16218e-10-2.90407e-13 2.66966e-10
 6.02063e-10 9.98994e-10 1.42620e-09 1.83327e-09 2.16248e-09 2.35909e-09
 2.37825e-09 2.18911e-09 1.77831e-09 1.15479e-09 3.57173e-10-5.40236e-10
-1.43003e-09-2.18709e-09-2.69331e-09-2.86370e-09-2.66585e-09-2.12732e-09
-1.32812e-09-3.81233e-10 5.91198e-10 1.47736e-09 2.18842e-09 2.66702e-09
 2.89357e-09 2.88827e-09 2.70536e-09 2.41893e-09 2.10220e-09 1.80545e-09
 1.53987e-09 1.27587e-09 9.57499e-10 5.25824e-10-5.92768e-11-8.05982e-10
-1.68915e-09-2.65988e-09-3.66048e-09-4.63687e-09-5.54422e-09-6.34862e-09
-7.02887e-09-7.57734e-09-7.99522e-09-8.28127e-09-8.41953e-09-8.37188e-09
-8.07970e-09-7.47599e-09-6.50653e-09-5.15191e-09-3.43897e-09-1.43536e-09
 7.67384e-10 3.07239e-09 5.39123e-09 7.65042e-09 9.79016e-09 1.17589e-08
 1.35093e-08 1.49963e-08 1.61756e-08 1.70005e-08 1.74243e-08 1.74101e-08
 1.69470e-08 1.60616e-08 1.48157e-08 1.32871e-08 1.15389e-08 9.59538e-09
 7.43927e-09 5.03641e-09 2.37370e-09-5.09869e-10-3.51388e-09-6.48929e-09
-9.26762e-09-1.16996e-08-1.36920e-08-1.52270e-08-1.63587e-08-1.71886e-08
-1.78305e-08-1.83744e-08-1.88571e-08-1.92459e-08-1.94445e-08-1.93166e-08
-1.87185e-08-1.75332e-08-1.57013e-08-1.32490e-08-1.03167e-08-7.19075e-09
-4.32895e-09-2.35508e-09-1.99722e-09-3.96106e-09-8.74322e-09-1.63971e-08
-2.62825e-08-3.68615e-08-4.56178e-08-4.91756e-08-4.36818e-08-2.54944e-08
 7.83771e-09 5.63977e-08 1.16736e-07 1.80958e-07 2.36898e-07 2.71512e-07
 2.76019e-07 2.46679e-07 1.83215e-07 9.12659e-08-1.59855e-08-1.21169e-07
-2.06498e-07-2.57709e-07-2.69355e-07-2.47540e-07-2.07451e-07-1.66725e-07
-1.37157e-07-1.19244e-07-1.04137e-07-8.24424e-08-5.34621e-08-2.75001e-08
-1.84368e-08-3.23091e-08-6.22238e-08-9.32633e-08-1.11467e-07-1.09403e-07
-8.63436e-08-4.66616e-08 1.71839e-09 5.31406e-08 1.13703e-07 2.01135e-07
 3.28103e-07 4.86215e-07 6.48667e-07 7.81455e-07 8.47417e-07 8.09915e-07
 6.44055e-07 3.47232e-07-5.52446e-08-5.07479e-07-9.28921e-07-1.23237e-06
-1.34707e-06-1.24004e-06-9.30789e-07-4.91826e-07-3.01748e-08 3.45744e-07
 5.62412e-07 6.05856e-07 5.21510e-07 3.86946e-07 2.70902e-07 2.01362e-07
 1.61653e-07 1.16631e-07 4.88168e-08-2.54795e-08-7.37592e-08-8.05761e-08
-6.15841e-08-4.41152e-08-3.89133e-08-3.65451e-08-2.75764e-08-1.54295e-08
-7.46359e-09-3.83451e-09-8.79603e-10 1.82092e-09 3.23749e-09 4.28596e-09
 5.63607e-09 6.38982e-09 6.39132e-09 6.30695e-09 5.92304e-09 4.95851e-09
 3.88522e-09 2.80891e-09 1.51611e-09 2.73005e-10-7.85772e-10-1.83811e-09
-2.75185e-09-3.42042e-09-3.97486e-09-4.34409e-09-4.47333e-09-4.48114e-09
-4.34372e-09-4.06164e-09-3.73914e-09-3.36522e-09-2.96642e-09-2.61583e-09
-2.28941e-09-2.00199e-09-1.77236e-09-1.56157e-09-1.37928e-09-1.21996e-09
-1.06219e-09-9.22332e-10-7.81524e-10-6.21836e-10-4.44867e-10-2.36890e-10
-4.66382e-12 2.50256e-10 5.32626e-10 8.31327e-10 1.14799e-09 1.48158e-09
 1.82221e-09 2.15098e-09 2.44103e-09 2.68491e-09 2.87838e-09 3.01078e-09
 3.07630e-09 3.06777e-09 2.97154e-09 2.77218e-09 2.47298e-09 2.09402e-09
 1.65441e-09 1.17171e-09 6.57069e-10 1.15240e-10-4.39617e-10-9.83350e-10
-1.49924e-09-1.97316e-09-2.37609e-09-2.67795e-09-2.86895e-09-2.94912e-09
-2.91551e-09-2.77190e-09-2.52641e-09-2.17953e-09-1.74137e-09-1.24854e-09
-7.41607e-10-2.38031e-10 2.62433e-10 7.56286e-10 1.22194e-09 1.61708e-09
 1.89607e-09 2.04217e-09 2.07108e-09 1.99697e-09 1.81709e-09 1.52729e-09
 1.13373e-09 6.60962e-10 1.51434e-10-3.56816e-10-8.42765e-10-1.29184e-09
-1.68224e-09-1.97591e-09-2.12970e-09-2.11696e-09-1.92697e-09-1.55947e-09
-1.02721e-09-3.49130e-10 4.48416e-10 1.32461e-09 2.23584e-09 3.13989e-09
 3.98519e-09 4.71697e-09 5.28842e-09 5.66099e-09 5.80733e-09 5.70975e-09
 5.35498e-09 4.74195e-09 3.88820e-09 2.82472e-09 1.59607e-09 2.54605e-10
-1.15605e-09-2.59544e-09-4.00622e-09-5.31837e-09-6.46514e-09-7.39008e-09
-8.05272e-09-8.42729e-09-8.49712e-09-8.25837e-09-7.72368e-09-6.92388e-09
-5.90998e-09-4.73996e-09-3.46445e-09-2.13205e-09-7.94442e-10 4.95840e-10
 1.68244e-09 2.71231e-09 3.55161e-09 4.17941e-09 4.57286e-09 4.71406e-09
 4.59502e-09 4.21260e-09 3.58110e-09 2.74164e-09 1.74673e-09 6.58037e-10
-4.39841e-10-1.44893e-09-2.28044e-09-2.86572e-09-3.16771e-09-3.19233e-09
-2.98019e-09-2.59113e-09-2.10443e-09-1.61387e-09-1.19599e-09-8.78078e-10
-6.32494e-10-3.85279e-10-2.88042e-11 5.54424e-10 1.46572e-09 2.77201e-09
 4.47452e-09 6.45821e-09 8.47114e-09 1.01660e-08 1.11692e-08 1.11498e-08
 9.89230e-09 7.35327e-09 3.68814e-09-7.33676e-10-5.34704e-09-9.47612e-09
-1.24591e-08-1.37750e-08-1.31482e-08-1.06054e-08-6.48583e-09-1.40294e-09
 3.85316e-09 8.45640e-09 1.17003e-08 1.31424e-08 1.26828e-08 1.05566e-08
 7.26726e-09 3.47064e-09-1.72340e-10-3.12758e-09-5.08391e-09-5.99663e-09
-6.05581e-09-5.59834e-09-4.99411e-09-4.53176e-09-4.34630e-09-4.40246e-09
-4.52263e-09-4.46507e-09-4.02924e-09-3.13621e-09-1.86525e-09-4.37830e-10
 8.56967e-10 1.75760e-09 2.10769e-09 1.90874e-09 1.32764e-09 6.44978e-10
 1.66952e-10 1.26350e-10 6.01167e-10 1.49066e-09 2.55486e-09 3.49463e-09
 4.05109e-09 4.08792e-09 3.62254e-09 2.80904e-09 1.88023e-09 1.05785e-09
 4.72045e-10 1.23795e-10-1.07309e-10-4.06725e-10-9.35473e-10-1.75504e-09
-2.79421e-09-3.86305e-09-4.71782e-09-5.15070e-09-5.05985e-09-4.48130e-09
-3.57400e-09-2.55602e-09-1.62082e-09-8.70271e-10-2.85586e-10 2.49511e-10
 8.80899e-10 1.70518e-09 2.71016e-09 3.75824e-09 4.62744e-09 5.09131e-09
 4.99971e-09 4.33358e-09 3.21356e-09 1.85631e-09 5.02258e-10-6.53680e-10
-1.50533e-09-2.03358e-09-2.26645e-09-2.23570e-09-1.95664e-09-1.44228e-09
-7.55506e-10-1.91094e-10
     0.0000e+00     0.0000e+00      0  0  0.00
     512   1.00000  0.0000e+00
 4.29190e-10 2.92440e-10 1.01337e-10-1.23181e-10-3.48363e-10-5.37916e-10
-6.63296e-10-7.13183e-10-6.96574e-10-6.37716e-10-5.65148e-10-4.99846e-10
-4.47789e-10-4.00397e-10-3.41876e-10-2.58940e-10-1.48338e-10-1.90644e-11
 1.11939e-10 2.28514e-10 3.23449e-10 4.01332e-10 4.74386e-10 5.53429e-10
 6.38792e-10 7.16286e-10 7.60881e-10 7.46892e-10 6.59832e-10 5.03962e-10
 3.01738e-10 8.56008e-11-1.13992e-10-2.78979e-10-4.07650e-10-5.10048e-10
-5.97606e-10-6.73501e-10-7.29512e-10-7.50577e-10-7.23580e-10-6.45123e-10
-5.24042e-10-3.77193e-10-2.20968e-10-6.38167e-11 9.53666e-11 2.61748e-10
 4.35326e-10 6.03969e-10 7.43569e-10 8.26435e-10 8.34325e-10 7.68897e-10
 6.52937e-10 5.21151e-10 4.05676e-10 3.23689e-10 2.72219e-10 2.31421e-10
 1.74137e-10 7.69093e-11-7.30170e-11-2.77011e-10-5.27926e-10-8.11446e-10
-1.10353e-09-1.36646e-09-1.54854e-09-1.59149e-09-1.44585e-09-1.09014e-09
-5.45546e-10 1.21335e-10 8.10176e-10 1.40897e-09 1.81891e-09 1.97482e-09
 1.85614e-09 1.48717e-09 9.29512e-10 2.71665e-10-3.81896e-10-9.24377e-10
-1.26490e-09-1.34851e-09-1.17093e-09-7.81874e-10-2.74817e-10 2.35081e-10
 6.39186e-10 8.60730e-10 8.68775e-10 6.77516e-10 3.34266e-10-9.67442e-11
-5.48864e-10-9.63240e-10-1.29473e-09-1.51526e-09-1.61602e-09-1.60668e-09
-1.50868e-09-1.34350e-09-1.12178e-09-8.39364e-10-4.82077e-10-3.67459e-11
 4.95220e-10 1.08740e-09 1.68774e-09 2.23014e-09 2.65273e-09 2.91269e-09
 2.99178e-09 2.89402e-09 2.63967e-09 2.25794e-09 1.77853e-09 1.22375e-09
 6.03018e-10-8.85810e-11-8.65028e-10-1.73476e-09-2.67881e-09-3.62986e-09
-4.46192e-09-4.99726e-09-5.03264e-09-4.38130e-09-2.92262e-09-6.49525e-10
 2.29267e-09 5.58285e-09 8.73793e-09 1.11902e-08 1.24227e-08 1.21146e-08
 1.02402e-08 7.09067e-09 3.21487e-09-7.03738e-10-4.00333e-09-6.19432e-09
-7.06318e-09-6.70349e-09-5.47100e-09-3.87845e-09-2.45769e-09-1.62985e-09
-1.62867e-09-2.49419e-09-4.11395e-09-6.27778e-09-8.72968e-09-1.12112e-08
-1.34924e-08-1.53905e-08-1.67863e-08-1.76444e-08-1.80306e-08-1.81170e-08
-1.81613e-08-1.84567e-08-1.92516e-08-2.06501e-08-2.25140e-08-2.43829e-08
-2.54284e-08-2.44603e-08-2.00205e-08-1.05977e-08 5.02990e-09 2.73505e-08
 5.56337e-08 8.74879e-08 1.18600e-07 1.42777e-07 1.53066e-07 1.45083e-07
 1.19358e-07 7.92260e-08 2.98418e-08-1.98812e-08-5.93640e-08-8.06545e-08
-8.03234e-08-6.05502e-08-2.87483e-08 4.70097e-09 2.94008e-08 3.88862e-08
 3.35707e-08 1.96073e-08 4.31788e-09-8.43676e-09-2.00410e-08-3.48853e-08
-5.57455e-08-8.08635e-08-1.05493e-07-1.26171e-07-1.43100e-07-1.59148e-07
-1.78571e-07-2.06829e-07-2.48445e-07-3.01685e-07-3.55028e-07-3.90015e-07
-3.86168e-07-3.22955e-07-1.83573e-07 3.63799e-08 3.23116e-07 6.45160e-07
 9.55166e-07 1.19425e-06 1.30319e-06 1.23730e-06 9.80348e-07 5.55645e-07
 2.94702e-08-4.99306e-07-9.23044e-07-1.15611e-06-1.16280e-06-9.70716e-07
-6.61028e-07-3.37141e-07-8.40873e-08 6.23800e-08 1.20958e-07 1.40917e-07
 1.63778e-07 1.96568e-07 2.15615e-07 1.96493e-07 1.42439e-07 8.32540e-08
 4.64802e-08 3.32939e-08 2.56668e-08 1.23528e-08-1.05650e-09-6.49498e-09
-6.01320e-09-5.61824e-09-5.92865e-09-5.04659e-09-3.82399e-09-3.34397e-09
-2.56585e-09-1.14850e-09-8.51316e-11 7.17895e-10 1.80033e-09 2.65769e-09
 3.06486e-09 3.44152e-09 3.59664e-09 3.28553e-09 2.82344e-09 2.20670e-09
 1.29277e-09 3.50187e-10-5.50729e-10-1.49839e-09-2.32464e-09-3.01065e-09
-3.61389e-09-3.98968e-09-4.13380e-09-4.09642e-09-3.81339e-09-3.36022e-09
-2.82217e-09-2.20413e-09-1.57455e-09-9.30179e-10-2.43089e-10 4.38179e-10
 1.11077e-09 1.74766e-09 2.28621e-09 2.70650e-09 2.97646e-09 3.09684e-09
 3.08932e-09 2.93880e-09 2.64908e-09 2.22984e-09 1.69633e-09 1.07619e-09
 3.86351e-10-3.34956e-10-1.05050e-09-1.74299e-09-2.39374e-09-2.98231e-09
-3.47634e-09-3.84349e-09-4.06447e-09-4.13454e-09-4.05929e-09-3.84038e-09
-3.48492e-09-3.00420e-09-2.40001e-09-1.67963e-09-8.75581e-10-3.04589e-11
 8.26553e-10 1.66697e-09 2.45084e-09 3.14408e-09 3.72657e-09 4.18383e-09
 4.50760e-09 4.69191e-09 4.72409e-09 4.59764e-09 4.32348e-09 3.91377e-09
 3.37019e-09 2.69871e-09 1.92358e-09 1.08307e-09 2.23827e-10-6.04873e-10
-1.37133e-09-2.06985e-09-2.69630e-09-3.23024e-09-3.64562e-09-3.92289e-09
-4.05567e-09-4.05104e-09-3.90973e-09-3.61979e-09-3.18240e-09-2.62278e-09
-1.97845e-09-1.28778e-09-5.79523e-10 1.22655e-10 7.90795e-10 1.40075e-09
 1.93072e-09 2.35227e-09 2.64106e-09 2.78203e-09 2.76345e-09 2.58507e-09
 2.26303e-09 1.82581e-09 1.31197e-09 7.55199e-10 1.78764e-10-3.84873e-10
-8.96716e-10-1.33112e-09-1.67453e-09-1.91694e-09-2.04492e-09-2.04127e-09
-1.90118e-09-1.64007e-09-1.28370e-09-8.62713e-10-4.09261e-10 5.36189e-11
 5.14492e-10 9.60291e-10 1.37062e-09 1.72930e-09 2.02877e-09 2.26115e-09
 2.41356e-09 2.46960e-09 2.41530e-09 2.24919e-09 1.97954e-09 1.61174e-09
 1.14798e-09 5.92917e-10-4.61781e-11-7.58052e-10-1.51870e-09-2.28330e-09
-2.99416e-09-3.59168e-09-4.01154e-09-4.19214e-09-4.09497e-09-3.70670e-09
-3.03286e-09-2.10589e-09-9.89863e-10 2.28456e-10 1.44376e-09 2.54164e-09
 3.42530e-09 4.02833e-09 4.31267e-09 4.28643e-09 4.02018e-09 3.62790e-09
 3.23716e-09 2.96315e-09 2.86865e-09 2.93110e-09 3.04823e-09 3.05925e-09
 2.76289e-09 1.95229e-09 4.71718e-10-1.72660e-09-4.54544e-09-7.72873e-09
-1.08766e-08-1.34968e-08-1.50764e-08-1.51649e-08-1.34827e-08-1.00158e-08
-5.05667e-09 8.16642e-10 6.82955e-09 1.21465e-08 1.60081e-08 1.78605e-08
 1.74618e-08 1.49321e-08 1.07425e-08 5.62910e-09 4.37669e-10-4.03927e-09
-7.19955e-09-8.73596e-09-8.67117e-09-7.32003e-09-5.19751e-09-2.87476e-09
-8.34009e-10 6.26003e-10 1.42959e-09 1.69567e-09 1.65482e-09 1.55764e-09
 1.58549e-09 1.78215e-09 2.04599e-09 2.17932e-09 1.97006e-09 1.28596e-09
 1.40091e-10-1.29957e-09-2.74805e-09-3.87931e-09-4.42368e-09-4.25077e-09
-3.41182e-09-2.12912e-09-7.28415e-10 4.65623e-10 1.22911e-09 1.49846e-09
 1.37498e-09 1.07304e-09 8.33884e-10 8.39923e-10 1.14916e-09 1.67391e-09
 2.22189e-09 2.57543e-09 2.57523e-09 2.18388e-09 1.49917e-09 7.12664e-10
 3.80133e-11-3.68171e-10-4.65839e-10-3.41397e-10-1.67288e-10-1.30235e-10
-3.50874e-10-8.29967e-10-1.44619e-09-2.00259e-09-2.30418e-09-2.23676e-09
-1.81367e-09-1.17190e-09-5.19694e-10-5.52228e-11 1.11724e-10-3.75228e-13
-2.59750e-10-4.82213e-10-5.12595e-10-2.90159e-10 1.30871e-10 6.09703e-10
 9.82476e-10 1.13420e-09 1.04482e-09 7.88318e-10 4.88027e-10 2.48582e-10
 9.87800e-11 2.19274e-11
