      10
(6e12.5)
     0.0000e+00     0.0000e+00      0  0  0.00
     512   1.00000  0.0000e+00
 2.59066e-08 2.98138e-08 3.53467e-08 4.24524e-08 5.08739e-08 6.01265e-08
 6.94890e-08 7.80143e-08 8.45610e-08 8.78496e-08 8.65419e-08 7.93431e-08
 6.51225e-08 4.30439e-08 1.26924e-08-2.58150e-08-7.17374e-08-1.23649e-07
-1.79427e-07-2.36285e-07-2.90849e-07-3.39272e-07-3.77398e-07-4.00964e-07
-4.05877e-07-3.88542e-07-3.46256e-07-2.77619e-07-1.82934e-07-6.45241e-08
 7.30720e-08 2.23063e-07 3.76539e-07 5.22793e-07 6.49851e-07 7.45283e-07
 7.97457e-07 7.97354e-07 7.40429e-07 6.27553e-07 4.65013e-07 2.64767e-07
 4.45663e-08-1.73939e-07-3.68874e-07-5.21721e-07-6.20044e-07-6.59349e-07
-6.43795e-07-5.84892e-07-4.97962e-07-3.97876e-07-2.95733e-07-1.97479e-07
-1.05063e-07-1.94416e-08 5.66782e-08 1.18465e-07 1.61245e-07 1.83531e-07
 1.88200e-07 1.80788e-07 1.66265e-07 1.47039e-07 1.23746e-07 9.76466e-08
 7.17553e-08 4.94558e-08 3.23188e-08 1.97727e-08 1.08479e-08 5.58170e-09
 4.36602e-09 6.53057e-09 1.04071e-08 1.46950e-08 1.90096e-08 2.30224e-08
 2.58824e-08 2.68520e-08 2.59077e-08 2.33160e-08 1.91137e-08 1.33673e-08
 6.51330e-09-9.01299e-10-8.51246e-09-1.59918e-08-2.29123e-08-2.89093e-08
-3.37790e-08-3.73787e-08-3.95936e-08-4.04038e-08-3.98814e-08-3.81376e-08
-3.53167e-08-3.16021e-08-2.71936e-08-2.22881e-08-1.70768e-08-1.17384e-08
-6.43254e-09-1.29927e-09 3.54067e-09 7.98606e-09 1.19528e-08 1.53714e-08
 1.81859e-08 2.03542e-08 2.18479e-08 2.26535e-08 2.27725e-08 2.22234e-08
 2.10408e-08 1.92757e-08 1.69941e-08 1.42770e-08 1.12192e-08 7.92760e-09
 4.51947e-09 1.11935e-09-2.14479e-09-5.14664e-09-7.76778e-09-9.90443e-09
-1.14742e-08-1.24224e-08-1.27278e-08-1.24049e-08-1.15041e-08-1.01091e-08
-8.33173e-09-6.30450e-09-4.17169e-09-2.07896e-09-1.63173e-10 1.45699e-09
 2.68900e-09 3.47288e-09 3.78583e-09 3.64473e-09 3.10549e-09 2.25919e-09
 1.22509e-09 1.40292e-10-8.53621e-10-1.62517e-09-2.06619e-09-2.10268e-09
-1.70301e-09-8.82239e-10 2.98299e-10 1.73622e-09 3.29700e-09 4.82609e-09
 6.16358e-09 7.16022e-09 7.69273e-09 7.67720e-09 7.07971e-09 5.92244e-09
 4.28324e-09 2.28788e-09 9.64711e-11-2.11400e-09-4.16860e-09-5.91299e-09
-7.22928e-09-8.04697e-09-8.34745e-09-8.16247e-09-7.56665e-09-6.66498e-09
-5.57678e-09-4.41890e-09-3.29111e-09-2.26566e-09-1.38136e-09-6.42240e-10
-2.13848e-11 5.29677e-10 1.06750e-09 1.64250e-09 2.28768e-09 3.01188e-09
 3.79684e-09 4.59856e-09 5.35354e-09 5.98984e-09 6.44000e-09 6.65231e-09
 6.59839e-09 6.27647e-09 5.71026e-09 4.94325e-09 4.02982e-09 3.02494e-09
 1.97493e-09 9.11237e-10-1.51219e-10-1.21088e-09-2.27266e-09-3.33928e-09
-4.40305e-09-5.44010e-09-6.40862e-09-7.25147e-09-7.90325e-09-8.30079e-09
-8.39402e-09-8.15450e-09-7.57985e-09-6.69373e-09-5.54136e-09-4.18121e-09
-2.67554e-09-1.08223e-09 5.49939e-10 2.18182e-09 3.78054e-09 5.31373e-09
 6.74317e-09 8.02003e-09 9.08418e-09 9.86853e-09 1.03071e-08 1.03453e-08
 9.94961e-09 9.11541e-09 7.86964e-09 6.26807e-09 4.38847e-09 2.32135e-09
 1.60427e-10-2.00483e-09-4.09276e-09-6.02934e-09-7.74576e-09-9.17576e-09
-1.02544e-08-1.09202e-08-1.11209e-08-1.08224e-08-1.00182e-08-8.73597e-09
-7.04004e-09-5.02815e-09-2.82224e-09-5.55689e-10 1.63983e-09 3.64549e-09
 5.36291e-09 6.71780e-09 7.66004e-09 8.16182e-09 8.21584e-09 7.83515e-09
 7.05492e-09 5.93511e-09 4.56173e-09 3.04470e-09 1.51084e-09 9.21965e-11
-1.08894e-09-1.93558e-09-2.38877e-09-2.43452e-09-2.10391e-09-1.46696e-09
-6.22030e-10 3.16788e-10 1.23138e-09 2.00870e-09 2.54765e-09 2.76482e-09
 2.60013e-09 2.02301e-09 1.03935e-09-3.02519e-10-1.90980e-09-3.64976e-09
-5.36169e-09-6.87501e-09-8.03054e-09-8.70099e-09-8.80637e-09-8.32158e-09
-7.27623e-09-5.74806e-09-3.85216e-09-1.72804e-09 4.73125e-10 2.60013e-09
 4.51239e-09 6.09062e-09 7.24769e-09 7.93809e-09 8.16320e-09 7.97054e-09
 7.44562e-09 6.69713e-09 5.83771e-09 4.96461e-09 4.14514e-09 3.41014e-09
 2.75574e-09 2.15167e-09 1.55299e-09 9.12562e-10 1.91731e-10-6.32289e-10
-1.56273e-09-2.58263e-09-3.65583e-09-4.72899e-09-5.73533e-09-6.60144e-09
-7.25743e-09-7.64869e-09-7.74567e-09-7.54831e-09-7.08357e-09-6.39716e-09
-5.54153e-09-4.56352e-09-3.49535e-09-2.35175e-09-1.13416e-09 1.60227e-10
 1.52843e-09 2.95416e-09 4.40458e-09 5.83138e-09 7.17474e-09 8.36875e-09
 9.34685e-09 1.00472e-08 1.04177e-08 1.04220e-08 1.00447e-08 9.29446e-09
 8.20352e-09 6.82232e-09 5.21089e-09 3.42900e-09 1.52856e-09-4.48853e-10
-2.46857e-09-4.49525e-09-6.48492e-09-8.38056e-09-1.01136e-08-1.16110e-08
-1.28052e-08-1.36438e-08-1.40949e-08-1.41487e-08-1.38140e-08-1.31135e-08
-1.20788e-08-1.07448e-08-9.14652e-09-7.31456e-09-5.27271e-09-3.03571e-09
-6.10299e-10 2.00006e-09 4.78787e-09 7.73474e-09 1.08074e-08 1.39578e-08
 1.71265e-08 2.02477e-08 2.32510e-08 2.60585e-08 2.85760e-08 3.06818e-08
 3.22191e-08 3.29947e-08 3.27869e-08 3.13625e-08 2.84992e-08 2.40104e-08
 1.77708e-08 9.73978e-09-1.81410e-11-1.13161e-08-2.38339e-08-3.71146e-08
-5.05708e-08-6.35027e-08-7.51247e-08-8.46018e-08-9.10941e-08-9.38085e-08
-9.20608e-08-8.53432e-08-7.33954e-08-5.62700e-08-3.43826e-08-8.53854e-09
 2.00735e-08 4.99219e-08 7.92083e-08 1.05977e-07 1.28253e-07 1.44212e-07
 1.52355e-07 1.51689e-07 1.41859e-07 1.23233e-07 9.69024e-08 6.46048e-08
 2.85771e-08-8.65490e-09-4.45183e-08-7.66391e-08-1.03059e-07-1.22389e-07
-1.33874e-07-1.37378e-07-1.33311e-07-1.22528e-07-1.06215e-07-8.57677e-08
-6.26629e-08-3.83583e-08-1.42112e-08 8.58441e-09 2.90460e-08 4.64347e-08
 6.02648e-08 7.02965e-08 7.65138e-08 7.90923e-08 7.83565e-08 7.47355e-08
 6.87219e-08 6.08374e-08 5.16022e-08 4.15089e-08 3.10040e-08 2.04767e-08
 1.02531e-08 5.93178e-10-8.31014e-09-1.63283e-08-2.33907e-08-2.94738e-08
-3.45869e-08-3.87541e-08-4.19994e-08-4.43368e-08-4.57703e-08-4.62990e-08
-4.59239e-08-4.46526e-08-4.25013e-08-3.94962e-08-3.56742e-08-3.10843e-08
-2.57912e-08-1.98777e-08-1.34455e-08-6.61362e-09 4.85044e-10 7.70625e-09
 1.48969e-08 2.18975e-08 2.85440e-08 3.46700e-08 4.01074e-08 4.46867e-08
 4.82393e-08 5.06047e-08 5.16417e-08 5.12446e-08 4.93567e-08 4.59803e-08
 4.11786e-08 3.50735e-08 2.78398e-08 1.97006e-08 1.09235e-08 1.81527e-09
-7.28741e-09-1.60326e-08-2.40729e-08-3.10861e-08-3.67900e-08-4.09509e-08
-4.33878e-08-4.39779e-08-4.26671e-08-3.94852e-08-3.45634e-08-2.81509e-08
-2.06199e-08-1.24554e-08-4.22279e-09 3.47993e-09 1.00804e-08 1.50909e-08
 1.81630e-08 1.91351e-08 1.80666e-08 1.52588e-08 1.12578e-08 6.83676e-09
 2.95376e-09 6.38148e-10
     0.0000e+00     0.0000e+00      0  0  0.00
     512   1.00000  0.0000e+00
-2.51002e-09-3.50417e-09-4.57275e-09-5.59440e-09-6.41911e-09-6.87463e-09
-6.77694e-09-5.94560e-09-4.22323e-09-1.49748e-09 2.27667e-09 7.05719e-09
 1.27004e-08 1.89546e-08 2.54648e-08 3.17904e-08 3.74282e-08 4.18367e-08
 4.44600e-08 4.47568e-08 4.22395e-08 3.65211e-08 2.73679e-08 1.47543e-08
-1.08300e-09-1.95980e-08-3.99084e-08-6.08010e-08-8.07792e-08-9.81483e-08
-1.11129e-07-1.17987e-07-1.17175e-07-1.07492e-07-8.82543e-08-5.95011e-08
-2.23333e-08 2.06320e-08 6.50371e-08 1.05322e-07 1.36062e-07 1.53353e-07
 1.55503e-07 1.42924e-07 1.17728e-07 8.35623e-08 4.54205e-08 8.89937e-09
-2.10671e-08-4.14818e-08-5.20108e-08-5.47666e-08-5.31349e-08-5.01413e-08
-4.71911e-08-4.38404e-08-3.87529e-08-3.12440e-08-2.22458e-08-1.39217e-08
-8.22726e-09-5.56872e-09-4.72406e-09-4.12298e-09-3.24114e-09-2.72069e-09
-3.20308e-09-4.29432e-09-4.88458e-09-4.35555e-09-3.10307e-09-1.76784e-09
-3.37370e-10 1.63645e-09 4.17355e-09 6.73276e-09 8.92592e-09 1.08633e-08
 1.26615e-08 1.40714e-08 1.48264e-08 1.49896e-08 1.47092e-08 1.39404e-08
 1.26238e-08 1.08828e-08 8.87493e-09 6.65538e-09 4.28530e-09 1.90065e-09
-3.81703e-10-2.50193e-09-4.39801e-09-5.99986e-09-7.26966e-09-8.19767e-09
-8.78079e-09-9.02745e-09-8.96225e-09-8.61700e-09-8.02732e-09-7.23454e-09
-6.28371e-09-5.22128e-09-4.09420e-09-2.94745e-09-1.82167e-09-7.52671e-10
 2.28772e-10 1.09770e-09 1.83605e-09 2.43346e-09 2.88735e-09 3.20197e-09
 3.38669e-09 3.45397e-09 3.41801e-09 3.29452e-09 3.10128e-09 2.85813e-09
 2.58586e-09 2.30384e-09 2.02770e-09 1.76779e-09 1.52874e-09 1.30998e-09
 1.10678e-09 9.11210e-10 7.13115e-10 5.01143e-10 2.64339e-10-5.83955e-12
-3.13631e-10-6.57893e-10-1.03212e-09-1.42537e-09-1.82341e-09-2.20957e-09
-2.56498e-09-2.86837e-09-3.09612e-09-3.22299e-09-3.22427e-09-3.07904e-09
-2.77436e-09-2.30920e-09-1.69733e-09-9.67845e-10-1.62793e-10 6.67695e-10
 1.47133e-09 2.19892e-09 2.80806e-09 3.26528e-09 3.54702e-09 3.64025e-09
 3.54305e-09 3.26549e-09 2.82992e-09 2.27012e-09 1.62876e-09 9.53586e-10
 2.92944e-10-3.09096e-10-8.17445e-10-1.20969e-09-1.47780e-09-1.62759e-09
-1.67626e-09-1.64889e-09-1.57449e-09-1.48188e-09-1.39588e-09-1.33405e-09
-1.30427e-09-1.30358e-09-1.31896e-09-1.33010e-09-1.31378e-09-1.24846e-09
-1.11816e-09-9.15192e-10-6.42013e-10-3.11790e-10 5.29816e-11 4.24141e-10
 7.73095e-10 1.07601e-09 1.31730e-09 1.49068e-09 1.59837e-09 1.64924e-09
 1.65642e-09 1.63422e-09 1.59466e-09 1.54440e-09 1.48330e-09 1.40527e-09
 1.30080e-09 1.16034e-09 9.77328e-10 7.50314e-10 4.83929e-10 1.88735e-10
-1.20040e-10-4.24818e-10-7.08593e-10-9.57763e-10-1.16407e-09-1.32512e-09
-1.44339e-09-1.52419e-09-1.57328e-09-1.59474e-09-1.58949e-09-1.55487e-09
-1.48523e-09-1.37372e-09-1.21467e-09-1.00609e-09-7.51229e-10-4.58853e-10
-1.42251e-10 1.82669e-10 4.99618e-10 7.93915e-10 1.05383e-09 1.27112e-09
 1.44071e-09 1.55969e-09 1.62587e-09 1.63627e-09 1.58648e-09 1.47110e-09
 1.28548e-09 1.02807e-09 7.02656e-10 3.19620e-10-1.03979e-10-5.45828e-10
-9.80766e-10-1.38349e-09-1.73086e-09-2.00333e-09-2.18548e-09-2.26608e-09
-2.23782e-09-2.09704e-09-1.84360e-09-1.48129e-09-1.01862e-09-4.69843e-10
 1.44030e-10 7.94779e-10 1.44770e-09 2.06385e-09 2.60374e-09 3.03182e-09
 3.32056e-09 3.45286e-09 3.42235e-09 3.23190e-09 2.89141e-09 2.41614e-09
 1.82645e-09 1.14841e-09 4.14635e-10-3.36281e-10-1.06206e-09-1.72066e-09
-2.27480e-09-2.69619e-09-2.96849e-09-3.08848e-09-3.06530e-09-2.91827e-09
-2.67360e-09-2.36095e-09-2.01012e-09-1.64859e-09-1.29981e-09-9.82104e-10
-7.07768e-10-4.82187e-10-3.03055e-10-1.60051e-10-3.55584e-11 9.31554e-11
 2.50327e-10 4.57362e-10 7.28696e-10 1.06847e-09 1.46839e-09 1.90734e-09
 2.35317e-09 2.76685e-09 3.10789e-09 3.33977e-09 3.43401e-09 3.37257e-09
 3.14841e-09 2.76524e-09 2.23682e-09 1.58632e-09 8.45371e-10 5.21488e-11
-7.51744e-10-1.52534e-09-2.23242e-09-2.84482e-09-3.34455e-09-3.72419e-09
-3.98516e-09-4.13400e-09-4.17766e-09-4.11947e-09-3.95756e-09-3.68632e-09
-3.29981e-09-2.79545e-09-2.17655e-09-1.45348e-09-6.43640e-10 2.29211e-10
 1.13616e-09 2.04461e-09 2.91985e-09 3.72673e-09 4.43156e-09 5.00466e-09
 5.42318e-09 5.67349e-09 5.75173e-09 5.66204e-09 5.41282e-09 5.01259e-09
 4.46723e-09 3.77979e-09 2.95295e-09 1.99300e-09 9.13884e-10-2.60098e-10
-1.49389e-09-2.74363e-09-3.96038e-09-5.09440e-09-6.09908e-09-6.93390e-09
-7.56664e-09-7.97475e-09-8.14617e-09-8.07911e-09-7.78076e-09-7.26481e-09
-6.54833e-09-5.64865e-09-4.58133e-09-3.36006e-09-1.99856e-09-5.13548e-10
 1.07246e-09 2.73001e-09 4.42365e-09 6.11465e-09 7.76427e-09 9.33614e-09
 1.07967e-08 1.21134e-08 1.32510e-08 1.41687e-08 1.48173e-08 1.51394e-08
 1.50707e-08 1.45426e-08 1.34863e-08 1.18370e-08 9.53989e-09 6.55811e-09
 2.88128e-09-1.46507e-09-6.41114e-09-1.18368e-08-1.75687e-08-2.33804e-08
-2.89960e-08-3.40954e-08-3.83252e-08-4.13141e-08-4.26946e-08-4.21322e-08
-3.93575e-08-3.41999e-08-2.66177e-08-1.67219e-08-4.79022e-09 8.72838e-09
 2.32202e-08 3.79245e-08 5.19643e-08 6.43909e-08 7.42418e-08 8.06101e-08
 8.27220e-08 8.00155e-08 7.22145e-08 5.93927e-08 4.20161e-08 2.09567e-08
-2.53666e-09-2.69159e-08-5.04585e-08-7.14247e-08-8.82274e-08-9.95917e-08
-1.04683e-07-1.03184e-07-9.53198e-08-8.18139e-08-6.37959e-08-4.26650e-08
-1.99404e-08 2.87696e-09 2.44119e-08 4.34959e-08 5.92251e-08 7.09942e-08
 7.85006e-08 8.17234e-08 8.08865e-08 7.64147e-08 6.88817e-08 5.89545e-08
 4.73385e-08 3.47319e-08 2.17882e-08 9.08847e-09-2.87653e-09-1.37151e-08
-2.31361e-08-3.09469e-08-3.70494e-08-4.14312e-08-4.41514e-08-4.53237e-08
-4.50986e-08-4.36470e-08-4.11476e-08-3.77776e-08-3.37064e-08-2.90919e-08
-2.40772e-08-1.87887e-08-1.33363e-08-7.81685e-09-2.31992e-09 3.06607e-09
 8.24785e-09 1.31231e-08 1.75785e-08 2.14911e-08 2.47325e-08 2.71756e-08
 2.87046e-08 2.92259e-08 2.86790e-08 2.70457e-08 2.43554e-08 2.06894e-08
 1.61818e-08 1.10195e-08 5.43889e-09-2.80316e-10-5.82613e-09-1.08695e-08
-1.50840e-08-1.81682e-08-1.98698e-08-2.00091e-08-1.85003e-08-1.53704e-08
-1.07717e-08-4.98784e-09 1.57052e-09 8.37976e-09 1.48296e-08 2.02618e-08
 2.40229e-08 2.55355e-08 2.43952e-08 2.04828e-08 1.40514e-08 5.74516e-09
-3.46824e-09-1.24419e-08-2.00406e-08-2.53368e-08-2.77676e-08-2.72155e-08
-2.39973e-08-1.87681e-08-1.23695e-08-5.67528e-09 5.26442e-10 5.60468e-09
 9.12866e-09 1.08948e-08 1.09379e-08 9.52349e-09 7.11867e-09 4.33947e-09
 1.87563e-09 4.05352e-10
     0.0000e+00     0.0000e+00      0  0  0.00
     512   1.00000  0.0000e+00
-6.48394e-08-6.98921e-08-7.14022e-08-6.86780e-08-6.12359e-08-4.88777e-08
-3.17581e-08-1.04351e-08 1.41023e-08 4.04390e-08 6.67737e-08 9.10000e-08
 1.10834e-07 1.24046e-07 1.28798e-07 1.23927e-07 1.09095e-07 8.50165e-08
 5.36282e-08 1.78945e-08-1.86896e-08-5.26701e-08-8.12289e-08-1.02637e-07
-1.16317e-07-1.22518e-07-1.21844e-07-1.14903e-07-1.02241e-07-8.45731e-08
-6.30527e-08-3.92430e-08-1.47443e-08 9.24048e-09 3.20649e-08 5.34962e-08
 7.34795e-08 9.18714e-08 1.08132e-07 1.21194e-07 1.29710e-07 1.32477e-07
 1.28675e-07 1.17870e-07 9.99032e-08 7.48756e-08 4.34219e-08 7.00299e-09
-3.21006e-08-7.09784e-08-1.06376e-07-1.35141e-07-1.54724e-07-1.63558e-07
-1.61237e-07-1.48449e-07-1.26727e-07-9.82143e-08-6.55198e-08-3.15509e-08
 8.24323e-10 2.92852e-08 5.25074e-08 7.01556e-08 8.23326e-08 8.89901e-08
 8.99448e-08 8.54758e-08 7.67098e-08 6.52185e-08 5.22995e-08 3.87895e-08
 2.54221e-08 1.30266e-08 2.31000e-09-6.34724e-09-1.28231e-08-1.71393e-08
-1.94517e-08-2.00367e-08-1.92359e-08-1.74262e-08-1.49979e-08-1.23089e-08
-9.65703e-09-7.28042e-09-5.35060e-09-3.96163e-09-3.13915e-09-2.85410e-09
-3.03038e-09-3.55794e-09-4.30978e-09-5.15434e-09-5.96581e-09-6.63412e-09
-7.07190e-09-7.21852e-09-7.04214e-09-6.53859e-09-5.72825e-09-4.65212e-09
-3.36647e-09-1.93705e-09-4.33801e-10 1.07396e-09 2.52143e-09 3.85135e-09
 5.01627e-09 5.97998e-09 6.71798e-09 7.21736e-09 7.47600e-09 7.50102e-09
 7.30695e-09 6.91395e-09 6.34619e-09 5.63040e-09 4.79456e-09 3.86706e-09
 2.87618e-09 1.84986e-09 8.15349e-10-2.01007e-10-1.17411e-09-2.08033e-09
-2.89773e-09-3.60617e-09-4.18780e-09-4.62782e-09-4.91538e-09-5.04413e-09
-5.01252e-09-4.82420e-09-4.48848e-09-4.02032e-09-3.43978e-09-2.77128e-09
-2.04269e-09-1.28425e-09-5.26921e-10 1.99254e-10 8.66452e-10 1.45032e-09
 1.93171e-09 2.29841e-09 2.54601e-09 2.67749e-09 2.70229e-09 2.63495e-09
 2.49338e-09 2.29703e-09 2.06552e-09 1.81756e-09 1.56950e-09 1.33400e-09
 1.11894e-09 9.26669e-10 7.54395e-10 5.95375e-10 4.40228e-10 2.78717e-10
 1.02062e-10-9.56500e-11-3.17115e-10-5.60992e-10-8.20957e-10-1.08627e-09
-1.34305e-09-1.57518e-09-1.76603e-09-1.90086e-09-1.96822e-09-1.96075e-09
-1.87637e-09-1.71863e-09-1.49543e-09-1.21822e-09-9.01509e-10-5.61248e-10
-2.13152e-10 1.28353e-10 4.51494e-10 7.48345e-10 1.01389e-09 1.24417e-09
 1.43611e-09 1.58775e-09 1.69736e-09 1.76246e-09 1.77973e-09 1.74532e-09
 1.65588e-09 1.51021e-09 1.31022e-09 1.06048e-09 7.67572e-10 4.40198e-10
 8.96138e-11-2.70797e-10-6.26761e-10-9.64746e-10-1.27338e-09-1.54340e-09
-1.76646e-09-1.93500e-09-2.04334e-09-2.08806e-09-2.06756e-09-1.98106e-09
-1.82809e-09-1.60918e-09-1.32735e-09-9.89156e-10-6.04722e-10-1.86763e-10
 2.50532e-10 6.91562e-10 1.11944e-09 1.51720e-09 1.86921e-09 2.16247e-09
 2.38725e-09 2.53645e-09 2.60479e-09 2.58897e-09 2.48793e-09 2.30315e-09
 2.03918e-09 1.70345e-09 1.30571e-09 8.58150e-10 3.75497e-10-1.25614e-10
-6.27466e-10-1.11214e-09-1.56282e-09-1.96484e-09-2.30589e-09-2.57598e-09
-2.76798e-09-2.87764e-09-2.90335e-09-2.84598e-09-2.70881e-09-2.49677e-09
-2.21600e-09-1.87441e-09-1.48184e-09-1.04925e-09-5.88234e-10-1.10949e-10
 3.70882e-10 8.46671e-10 1.30656e-09 1.74148e-09 2.14352e-09 2.50494e-09
 2.81696e-09 3.07003e-09 3.25443e-09 3.36048e-09 3.37929e-09 3.30358e-09
 3.12785e-09 2.84900e-09 2.46773e-09 1.98902e-09 1.42165e-09 7.77905e-10
 7.42087e-11-6.68090e-10-1.42232e-09-2.15731e-09-2.83970e-09-3.43684e-09
-3.91883e-09-4.25973e-09-4.43861e-09-4.44167e-09-4.26434e-09-3.91209e-09
-3.40009e-09-2.75202e-09-1.99828e-09-1.17490e-09-3.22330e-10 5.17129e-10
 1.30245e-09 1.99671e-09 2.56930e-09 2.99730e-09 3.26659e-09 3.37325e-09
 3.32443e-09 3.13802e-09 2.84099e-09 2.46649e-09 2.05077e-09 1.63103e-09
 1.24287e-09 9.17259e-10 6.77321e-10 5.35140e-10 4.89438e-10 5.25233e-10
 6.15205e-10 7.22259e-10 8.03330e-10 8.14144e-10 7.14677e-10 4.74869e-10
 7.92927e-11-4.70229e-10-1.15404e-09-1.93602e-09-2.76669e-09-3.58734e-09
-4.33535e-09-4.95011e-09-5.37855e-09-5.57961e-09-5.52746e-09-5.21310e-09
-4.64404e-09-3.84283e-09-2.84459e-09-1.69401e-09-4.42206e-10 8.56431e-10
 2.14732e-09 3.37833e-09 4.50195e-09 5.47740e-09 6.27233e-09 6.86420e-09
 7.24097e-09 7.40072e-09 7.35019e-09 7.10276e-09 6.67595e-09 6.08903e-09
 5.36115e-09 4.51023e-09 3.55244e-09 2.50270e-09 1.37556e-09 1.86217e-10
-1.04846e-09-2.30935e-09-3.57483e-09-4.82096e-09-6.02197e-09-7.15111e-09
-8.18167e-09-9.08769e-09-9.84457e-09-1.04294e-08-1.08208e-08-1.09993e-08
-1.09466e-08-1.06465e-08-1.00850e-08-9.25131e-09-8.13907e-09-6.74707e-09
-5.07981e-09-3.14778e-09-9.67652e-10 1.43730e-09 4.03652e-09 6.79131e-09
 9.65366e-09 1.25649e-08 1.54546e-08 1.82394e-08 2.08232e-08 2.30977e-08
 2.49440e-08 2.62358e-08 2.68439e-08 2.66428e-08 2.55190e-08 2.33800e-08
 2.01648e-08 1.58532e-08 1.04757e-08 4.12157e-09-3.05545e-09-1.08340e-08
-1.89263e-08-2.69844e-08-3.46116e-08-4.13803e-08-4.68553e-08-5.06212e-08
-5.23141e-08-5.16519e-08-4.84648e-08-4.27209e-08-3.45451e-08-2.42294e-08
-1.22309e-08 8.43474e-10 1.42667e-08 2.72359e-08 3.89272e-08 4.85565e-08
 5.54399e-08 5.90502e-08 5.90657e-08 5.54082e-08 4.82611e-08 3.80658e-08
 2.54928e-08 1.13892e-08-3.28962e-09-1.75578e-08-3.04752e-08-4.12172e-08
-4.91347e-08-5.38003e-08-5.50340e-08-5.29000e-08-4.76781e-08-3.98189e-08
-2.98953e-08-1.85551e-08-6.47527e-09 5.68089e-09 1.73028e-08 2.78629e-08
 3.69357e-08 4.42074e-08 4.94770e-08 5.26517e-08 5.37375e-08 5.28257e-08
 5.00759e-08 4.56996e-08 3.99431e-08 3.30749e-08 2.53731e-08 1.71165e-08
 8.57646e-09 9.63496e-12-8.34738e-09-1.62821e-08-2.36088e-08-3.01699e-08
-3.58371e-08-4.05125e-08-4.41293e-08-4.66513e-08-4.80721e-08-4.84130e-08
-4.77190e-08-4.60543e-08-4.34965e-08-4.01305e-08-3.60442e-08-3.13250e-08
-2.60591e-08-2.03308e-08-1.42230e-08-7.81869e-09-1.20377e-09 5.52918e-09
 1.22775e-08 1.89256e-08 2.53435e-08 3.13873e-08 3.69018e-08 4.17252e-08
 4.56952e-08 4.86567e-08 5.04689e-08 5.10130e-08 5.02002e-08 4.79808e-08
 4.43513e-08 3.93617e-08 3.31193e-08 2.57910e-08 1.76019e-08 8.83126e-09
-1.97582e-10-9.13079e-09-1.76030e-08-2.52583e-08-3.17700e-08-3.68552e-08
-4.02861e-08-4.18998e-08-4.16090e-08-3.94166e-08-3.54305e-08-2.98756e-08
-2.30958e-08-1.55415e-08-7.74079e-09-2.58701e-10 6.35160e-09 1.16001e-08
 1.51117e-08 1.66742e-08 1.62782e-08 1.41436e-08 1.07295e-08 6.72346e-09
 3.00709e-09 6.71069e-10
     0.0000e+00     0.0000e+00      0  0  0.00
     512   1.00000  0.0000e+00
 2.28348e-10-4.78247e-09-1.02107e-08-1.57475e-08-2.10221e-08-2.56217e-08
-2.91186e-08-3.11044e-08-3.12300e-08-2.92471e-08-2.50477e-08-1.86976e-08
-1.04661e-08-8.96745e-10 9.06675e-09 1.80699e-08 2.46068e-08 2.74363e-08
 2.59075e-08 2.00678e-08 1.06346e-08-1.06545e-09-1.32659e-08-2.41126e-08
-3.20847e-08-3.62790e-08-3.63963e-08-3.24182e-08-2.42342e-08-1.16030e-08
 5.45805e-09 2.61937e-08 4.89786e-08 7.16295e-08 9.18559e-08 1.07532e-07
 1.16841e-07 1.18428e-07 1.11442e-07 9.53892e-08 7.00066e-08 3.55045e-08
-6.80646e-09-5.41822e-08-1.02735e-07-1.47707e-07-1.83695e-07-2.05377e-07
-2.08496e-07-1.90797e-07-1.52979e-07-9.92337e-08-3.68775e-08 2.49862e-08
 7.74780e-08 1.14204e-07 1.32912e-07 1.35683e-07 1.27430e-07 1.13246e-07
 9.60028e-08 7.57946e-08 5.17021e-08 2.44531e-08-2.50256e-09-2.47730e-08
-3.99818e-08-4.87954e-08-5.30604e-08-5.35270e-08-4.98354e-08-4.21422e-08
-3.17953e-08-2.04021e-08-8.99379e-09 1.76847e-09 1.12126e-08 1.87613e-08
 2.41072e-08 2.71514e-08 2.79482e-08 2.67242e-08 2.38244e-08 1.96389e-08
 1.45917e-08 9.12022e-09 3.62427e-09-1.55675e-09-6.14736e-09-9.95029e-09
-1.28490e-08-1.47965e-08-1.58102e-08-1.59634e-08-1.53694e-08-1.41666e-08
-1.25060e-08-1.05382e-08-8.40430e-09-6.22922e-09-4.11621e-09-2.14429e-09
-3.68788e-10 1.17721e-09 2.48030e-09 3.54311e-09 4.38038e-09 5.01426e-09
 5.46991e-09 5.77250e-09 5.94481e-09 6.00574e-09 5.96978e-09 5.84723e-09
 5.64449e-09 5.36439e-09 5.00694e-09 4.57071e-09 4.05459e-09 3.45937e-09
 2.78924e-09 2.05287e-09 1.26351e-09 4.37978e-10-4.04375e-10-1.24195e-09
-2.05124e-09-2.80782e-09-3.48774e-09-4.06884e-09-4.53192e-09-4.86190e-09
-5.04890e-09-5.08832e-09-4.98028e-09-4.72911e-09-4.34330e-09-3.83580e-09
-3.22385e-09-2.52816e-09-1.77183e-09-9.79261e-10-1.74973e-10 6.17514e-10
 1.37622e-09 2.08076e-09 2.71246e-09 3.25503e-09 3.69517e-09 4.02288e-09
 4.23154e-09 4.31779e-09 4.28136e-09 4.12479e-09 3.85332e-09 3.47516e-09
 3.00161e-09 2.44686e-09 1.82729e-09 1.16082e-09 4.66409e-10-2.36355e-10
-9.27401e-10-1.58637e-09-2.19343e-09-2.73036e-09-3.18136e-09-3.53347e-09
-3.77711e-09-3.90638e-09-3.91904e-09-3.81655e-09-3.60391e-09-3.28930e-09
-2.88392e-09-2.40198e-09-1.85994e-09-1.27493e-09-6.63664e-10-4.26003e-11
 5.71378e-10 1.16077e-09 1.70851e-09 2.20000e-09 2.62404e-09 2.97167e-09
 3.23440e-09 3.40439e-09 3.47638e-09 3.44952e-09 3.32734e-09 3.11583e-09
 2.82154e-09 2.45176e-09 2.01686e-09 1.53167e-09 1.01349e-09 4.78626e-10
-5.89660e-11-5.86175e-10-1.08858e-09-1.55060e-09-1.95822e-09-2.30160e-09
-2.57489e-09-2.77373e-09-2.89311e-09-2.92829e-09-2.87783e-09-2.74542e-09
-2.53847e-09-2.26494e-09-1.93177e-09-1.54667e-09-1.12083e-09-6.69096e-10
-2.07206e-10 2.51019e-10 6.94362e-10 1.11243e-09 1.49378e-09 1.82622e-09
 2.09917e-09 2.30564e-09 2.44202e-09 2.50607e-09 2.49548e-09 2.40875e-09
 2.24710e-09 2.01547e-09 1.72182e-09 1.37556e-09 9.86361e-10 5.64375e-10
 1.21206e-10-3.30001e-10-7.75547e-10-1.20238e-09-1.59868e-09-1.95361e-09
-2.25691e-09-2.49884e-09-2.67070e-09-2.76570e-09-2.77945e-09-2.71001e-09
-2.55774e-09-2.32521e-09-2.01702e-09-1.63971e-09-1.20191e-09-7.14499e-10
-1.90059e-10 3.57731e-10 9.14677e-10 1.46632e-09 1.99750e-09 2.49212e-09
 2.93395e-09 3.30819e-09 3.60218e-09 3.80524e-09 3.90802e-09 3.90238e-09
 3.78268e-09 3.54749e-09 3.19977e-09 2.74535e-09 2.19154e-09 1.54757e-09
 8.26476e-10 4.64586e-11-7.69968e-10-1.59833e-09-2.41396e-09-3.19151e-09
-3.90343e-09-4.52030e-09-5.01396e-09-5.36124e-09-5.54553e-09-5.55568e-09
-5.38462e-09-5.03010e-09-4.49755e-09-3.80199e-09-2.96658e-09-2.01867e-09
-9.86439e-10 1.01174e-10 1.21286e-09 2.31433e-09 3.36989e-09 4.34502e-09
 5.20700e-09 5.92308e-09 6.45854e-09 6.77790e-09 6.84935e-09 6.65020e-09
 6.17103e-09 5.41784e-09 4.41372e-09 3.20051e-09 1.83931e-09 4.07758e-10
-1.00687e-09-2.31783e-09-3.44940e-09-4.34550e-09-4.97561e-09-5.33750e-09
-5.45635e-09-5.38005e-09-5.17050e-09-4.89205e-09-4.59931e-09-4.32741e-09
-4.08666e-09-3.86261e-09-3.62088e-09-3.31528e-09-2.89755e-09-2.32726e-09
-1.57993e-09-6.52022e-10 4.38268e-10 1.65427e-09 2.94669e-09 4.26002e-09
 5.53786e-09 6.72616e-09 7.77429e-09 8.63474e-09 9.26250e-09 9.61508e-09
 9.65406e-09 9.34843e-09 8.67910e-09 7.64386e-09 6.26133e-09 4.57208e-09
 2.63614e-09 5.27414e-10-1.67369e-09-3.88775e-09-6.04205e-09-8.07358e-09
-9.92902e-09-1.15623e-08-1.29309e-08-1.39938e-08-1.47102e-08-1.50417e-08
-1.49563e-08-1.44330e-08-1.34659e-08-1.20655e-08-1.02582e-08-8.08201e-09
-5.58324e-09-2.81265e-09 1.75796e-10 3.32374e-09 6.56538e-09 9.82407e-09
 1.30104e-08 1.60227e-08 1.87512e-08 2.10845e-08 2.29176e-08 2.41592e-08
 2.47368e-08 2.45993e-08 2.37175e-08 2.20839e-08 1.97125e-08 1.66410e-08
 1.29330e-08 8.68204e-09 4.01236e-09-9.22500e-10-5.94590e-09-1.08680e-08
-1.54979e-08-1.96567e-08-2.31879e-08-2.59653e-08-2.78987e-08-2.89362e-08
-2.90676e-08-2.83254e-08-2.67860e-08-2.45694e-08-2.18332e-08-1.87629e-08
-1.55552e-08-1.23992e-08-9.45499e-09-6.83592e-09-4.59539e-09-2.72102e-09
-1.13669e-09 2.87566e-10 1.71768e-09 3.32845e-09 5.26715e-09 7.61333e-09
 1.03478e-08 1.33446e-08 1.63882e-08 1.92095e-08 2.15316e-08 2.31191e-08
 2.38228e-08 2.36139e-08 2.26015e-08 2.10230e-08 1.92023e-08 1.74764e-08
 1.61073e-08 1.52189e-08 1.47869e-08 1.46780e-08 1.47020e-08 1.46488e-08
 1.43054e-08 1.34688e-08 1.19650e-08 9.67259e-09 6.54021e-09 2.59061e-09
-2.08457e-09-7.33374e-09-1.29555e-08-1.87115e-08-2.43446e-08-2.95985e-08
-3.42353e-08-3.80461e-08-4.08548e-08-4.25189e-08-4.29318e-08-4.20271e-08
-3.97840e-08-3.62296e-08-3.14386e-08-2.55292e-08-1.86592e-08-1.10218e-08
-2.84148e-09 5.62967e-09 1.41184e-08 2.23391e-08 3.00059e-08 3.68483e-08
 4.26259e-08 4.71417e-08 5.02494e-08 5.18545e-08 5.19091e-08 5.04054e-08
 4.73696e-08 4.28595e-08 3.69644e-08 2.98060e-08 2.15405e-08 1.23609e-08
 2.50058e-09-7.76243e-09-1.81027e-08-2.81480e-08-3.74872e-08-4.56874e-08
-5.23190e-08-5.69868e-08-5.93608e-08-5.92060e-08-5.64063e-08-5.09818e-08
-4.31018e-08-3.30923e-08-2.14368e-08-8.76626e-09 4.16327e-09 1.65087e-08
 2.73933e-08 3.59817e-08 4.15833e-08 4.37751e-08 4.25056e-08 3.81385e-08
 3.14130e-08 2.33254e-08 1.49553e-08 7.27696e-09 1.00047e-09-3.51764e-09
-6.27504e-09-7.54113e-09-7.72477e-09-7.24513e-09-6.44872e-09-5.57813e-09
-4.77144e-09-4.07553e-09-3.46790e-09-2.88439e-09-2.25223e-09-1.53059e-09
-7.57860e-10-1.85007e-10
     0.0000e+00     0.0000e+00      0  0  0.00
     512   1.00000  0.0000e+00
 9.15475e-08 9.50432e-08 9.26767e-08 8.34818e-08 6.68552e-08 4.26750e-08
 1.14012e-08-2.58525e-08-6.72874e-08-1.10440e-07-1.52263e-07-1.89266e-07
-2.17732e-07-2.34040e-07-2.35101e-07-2.18796e-07-1.84410e-07-1.33176e-07
-6.86111e-08 3.78532e-09 7.73710e-08 1.45427e-07 2.02318e-07 2.44427e-07
 2.70419e-07 2.80747e-07 2.76743e-07 2.59807e-07 2.31091e-07 1.91816e-07
 1.43890e-07 9.01365e-08 3.38284e-08-2.20828e-08-7.54022e-08-1.24588e-07
-1.68380e-07-2.05362e-07-2.33645e-07-2.51014e-07-2.55516e-07-2.46130e-07
-2.23327e-07-1.89257e-07-1.47187e-07-1.00574e-07-5.27302e-08-6.74543e-09
 3.50368e-08 7.14630e-08 1.02489e-07 1.28794e-07 1.51129e-07 1.69441e-07
 1.82252e-07 1.86770e-07 1.79902e-07 1.60022e-07 1.28637e-07 9.06061e-08
 5.23376e-08 1.88038e-08-8.67202e-09-3.19139e-08-5.28492e-08-7.07757e-08
-8.28238e-08-8.70974e-08-8.47635e-08-7.86711e-08-7.05978e-08-6.06811e-08
-4.90561e-08-3.68188e-08-2.52434e-08-1.49719e-08-6.23982e-09 7.37805e-10
 5.85167e-09 9.19934e-09 1.09761e-08 1.14344e-08 1.09097e-08 9.75447e-09
 8.27374e-09 6.73652e-09 5.36983e-09 4.32933e-09 3.70380e-09 3.52642e-09
 3.77328e-09 4.37594e-09 5.23980e-09 6.25179e-09 7.29012e-09 8.23792e-09
 8.99128e-09 9.46669e-09 9.60866e-09 9.39114e-09 8.81592e-09 7.91017e-09
 6.72114e-09 5.31024e-09 3.74805e-09 2.10919e-09 4.67780e-10-1.10600e-09
-2.54964e-09-3.81149e-09-4.85306e-09-5.65041e-09-6.19418e-09-6.48795e-09
-6.54578e-09-6.38972e-09-6.04773e-09-5.55184e-09-4.93596e-09-4.23405e-09
-3.47895e-09-2.70157e-09-1.92987e-09-1.18765e-09-4.93659e-10 1.38559e-10
 6.99908e-10 1.18467e-09 1.58997e-09 1.91577e-09 2.16473e-09 2.34119e-09
 2.44998e-09 2.49598e-09 2.48435e-09 2.42059e-09 2.31039e-09 2.15958e-09
 1.97409e-09 1.75958e-09 1.52095e-09 1.26253e-09 9.89132e-10 7.06918e-10
 4.22802e-10 1.42899e-10-1.28576e-10-3.88993e-10-6.36103e-10-8.66764e-10
-1.07610e-09-1.25782e-09-1.40590e-09-1.51642e-09-1.58841e-09-1.62346e-09
-1.62414e-09-1.59225e-09-1.52815e-09-1.43161e-09-1.30274e-09-1.14306e-09
-9.56387e-10-7.48296e-10-5.24355e-10-2.89457e-10-4.83149e-11 1.94484e-10
 4.34164e-10 6.64929e-10 8.80609e-10 1.07622e-09 1.24791e-09 1.39201e-09
 1.50529e-09 1.58480e-09 1.62700e-09 1.62847e-09 1.58788e-09 1.50617e-09
 1.38572e-09 1.22994e-09 1.04251e-09 8.26602e-10 5.86000e-10 3.26614e-10
 5.55107e-11-2.20531e-10-4.94482e-10-7.58267e-10-1.00326e-09-1.22104e-09
-1.40426e-09-1.54761e-09-1.64758e-09-1.70106e-09-1.70487e-09-1.65681e-09
-1.55694e-09-1.40767e-09-1.21303e-09-9.78208e-10-7.09303e-10-4.14127e-10
-1.03138e-10 2.11724e-10 5.19571e-10 8.11469e-10 1.07935e-09 1.31456e-09
 1.50742e-09 1.64859e-09 1.73095e-09 1.75052e-09 1.70617e-09 1.59849e-09
 1.42938e-09 1.20322e-09 9.27722e-10 6.13176e-10 2.71098e-10-8.68868e-11
-4.49286e-10-8.03850e-10-1.13692e-09-1.43405e-09-1.68124e-09-1.86648e-09
-1.98104e-09-2.01940e-09-1.97833e-09-1.85684e-09-1.65683e-09-1.38328e-09
-1.04416e-09-6.50464e-10-2.15547e-10 2.45573e-10 7.15963e-10 1.17670e-09
 1.60821e-09 1.99188e-09 2.31099e-09 2.55156e-09 2.70276e-09 2.75625e-09
 2.70599e-09 2.54956e-09 2.28889e-09 1.93000e-09 1.48341e-09 9.64473e-10
 3.92152e-10-2.12413e-10-8.26457e-10-1.42674e-09-1.99077e-09-2.49656e-09
-2.92271e-09-3.25025e-09-3.46423e-09-3.55390e-09-3.51290e-09-3.33980e-09
-3.03843e-09-2.61851e-09-2.09608e-09-1.49207e-09-8.29291e-10-1.31104e-10
 5.77889e-10 1.27096e-09 1.91978e-09 2.49673e-09 2.97825e-09 3.34715e-09
 3.59245e-09 3.70757e-09 3.68959e-09 3.53999e-09 3.26562e-09 2.87851e-09
 2.39500e-09 1.83487e-09 1.22070e-09 5.77623e-10-6.73122e-11-6.87335e-10
-1.25813e-09-1.75874e-09-2.17168e-09-2.48319e-09-2.68444e-09-2.77365e-09
-2.75764e-09-2.65169e-09-2.47753e-09-2.25975e-09-2.02255e-09-1.78765e-09
-1.57247e-09-1.38833e-09-1.23913e-09-1.12024e-09-1.01864e-09-9.15372e-10
-7.89523e-10-6.22108e-10-3.98602e-10-1.10124e-10 2.45996e-10 6.65832e-10
 1.13925e-09 1.65156e-09 2.18588e-09 2.72506e-09 3.25205e-09 3.74886e-09
 4.19535e-09 4.56852e-09 4.84243e-09 4.98898e-09 4.98010e-09 4.79082e-09
 4.40283e-09 3.80826e-09 3.01266e-09 2.03653e-09 9.14422e-10-3.08400e-10
-1.58121e-09-2.85326e-09-4.07808e-09-5.21617e-09-6.23587e-09-7.11277e-09
-7.82777e-09-8.36456e-09-8.70776e-09-8.84242e-09-8.75515e-09-8.43658e-09
-7.88407e-09-7.10376e-09-6.11108e-09-4.92960e-09-3.58837e-09-2.11837e-09
-5.49354e-10 1.09213e-09 2.78288e-09 4.50121e-09 6.22386e-09 7.92302e-09
 9.56450e-09 1.11076e-08 1.25070e-08 1.37158e-08 1.46893e-08 1.53871e-08
 1.57743e-08 1.58204e-08 1.54974e-08 1.47794e-08 1.36424e-08 1.20674e-08
 1.00443e-08 7.57697e-09 4.68798e-09 1.42141e-09-2.15666e-09-5.96043e-09
-9.88855e-09-1.38286e-08-1.76607e-08-2.12605e-08-2.45003e-08-2.72513e-08
-2.93858e-08-3.07819e-08-3.13297e-08-3.09408e-08-2.95578e-08-2.71625e-08
-2.37818e-08-1.94893e-08-1.44050e-08-8.69107e-09-2.54806e-09 3.79162e-09
 1.00708e-08 1.60171e-08 2.13556e-08 2.58255e-08 2.92002e-08 3.13085e-08
 3.20528e-08 3.14222e-08 2.94971e-08 2.64447e-08 2.25074e-08 1.79829e-08
 1.31994e-08 8.48546e-09 4.13844e-09 3.92842e-10-2.60181e-09-4.78345e-09
-6.15468e-09-6.74483e-09-6.57646e-09-5.64844e-09-3.93659e-09-1.40915e-09
 1.94724e-09 6.09558e-09 1.09139e-08 1.61618e-08 2.14573e-08 2.62818e-08
 3.00343e-08 3.21326e-08 3.21233e-08 2.97515e-08 2.49711e-08 1.79178e-08
 8.87670e-09-1.74030e-09-1.34183e-08-2.55733e-08-3.75959e-08-4.88941e-08
-5.89260e-08-6.72213e-08-7.33989e-08-7.71817e-08-7.84068e-08-7.70272e-08
-7.31034e-08-6.67895e-08-5.83182e-08-4.79892e-08-3.61573e-08-2.32195e-08
-9.59727e-09 4.28496e-09 1.80206e-08 3.12381e-08 4.36106e-08 5.48605e-08
 6.47577e-08 7.31176e-08 7.97973e-08 8.46933e-08 8.77395e-08 8.89057e-08
 8.81965e-08 8.56482e-08 8.13252e-08 7.53171e-08 6.77386e-08 5.87312e-08
 4.84650e-08 3.71366e-08 2.49625e-08 1.21709e-08-1.00438e-09-1.43269e-08
-2.75555e-08-4.04400e-08-5.27175e-08-6.41100e-08-7.43272e-08-8.30737e-08
-9.00600e-08-9.50152e-08-9.76991e-08-9.79155e-08-9.55263e-08-9.04677e-08
-8.27653e-08-7.25446e-08-6.00370e-08-4.55799e-08-2.96109e-08-1.26591e-08
 4.66984e-09 2.17122e-08 3.77747e-08 5.21736e-08 6.42776e-08 7.35462e-08
 7.95575e-08 8.20287e-08 8.08329e-08 7.60171e-08 6.78214e-08 5.66969e-08
 4.33099e-08 2.85227e-08 1.33443e-08-1.14553e-09-1.38881e-08-2.39445e-08
-3.05953e-08-3.34361e-08-3.24570e-08-2.80972e-08-2.12629e-08-1.33051e-08
-5.94759e-09-1.32735e-09
     0.0000e+00     0.0000e+00      0  0  0.00
     512   1.00000  0.0000e+00
 2.09954e-08 1.59854e-08 9.35602e-09 1.09591e-09-8.69856e-09-1.98063e-08
-3.18714e-08-4.44036e-08-5.67890e-08-6.83154e-08-7.82100e-08-8.56877e-08
-9.00194e-08-9.06591e-08-8.73854e-08-8.03192e-08-6.98990e-08-5.69505e-08
-4.26243e-08-2.81041e-08-1.43115e-08-1.69582e-09 9.86574e-09 2.09823e-08
 3.25179e-08 4.52718e-08 5.96730e-08 7.56645e-08 9.28051e-08 1.10432e-07
 1.27724e-07 1.43638e-07 1.56830e-07 1.65718e-07 1.68732e-07 1.64643e-07
 1.52722e-07 1.32552e-07 1.03659e-07 6.56013e-08 1.88493e-08-3.44541e-08
-9.08122e-08-1.46227e-07-1.96641e-07-2.38054e-07-2.66804e-07-2.80047e-07
-2.76221e-07-2.55295e-07-2.18806e-07-1.69693e-07-1.11950e-07-5.01544e-08
 1.10797e-08 6.75382e-08 1.15657e-07 1.52674e-07 1.76801e-07 1.87459e-07
 1.85461e-07 1.72890e-07 1.52493e-07 1.26880e-07 9.80585e-08 6.76753e-08
 3.75945e-08 9.98833e-09-1.33132e-08-3.14701e-08-4.45002e-08-5.26501e-08
-5.61441e-08-5.54484e-08-5.14160e-08-4.50462e-08-3.72528e-08-2.88612e-08
-2.06201e-08-1.31287e-08-6.80356e-09-1.90173e-09 1.47644e-09 3.38199e-09
 3.97659e-09 3.49608e-09 2.22861e-09 4.82161e-10-1.44787e-09-3.29703e-09
-4.84738e-09-5.94087e-09-6.48240e-09-6.43751e-09-5.82803e-09-4.72265e-09
-3.22517e-09-1.46252e-09 4.28462e-10 2.31315e-09 4.06799e-09 5.58777e-09
 6.79174e-09 7.62680e-09 8.06826e-09 8.11820e-09 7.80226e-09 7.16514e-09
 6.26549e-09 5.17045e-09 3.95117e-09 2.67879e-09 1.42023e-09 2.34452e-10
-8.29879e-10-1.73524e-09-2.45578e-09-2.97777e-09-3.29931e-09-3.42892e-09
-3.38346e-09-3.18613e-09-2.86412e-09-2.44607e-09-1.96026e-09-1.43416e-09
-8.94404e-10-3.65875e-10 1.29747e-10 5.74674e-10 9.54934e-10 1.26044e-09
 1.48526e-09 1.62721e-09 1.68682e-09 1.66655e-09 1.57078e-09 1.40572e-09
 1.17893e-09 8.98967e-10 5.75623e-10 2.20487e-10-1.53300e-10-5.32241e-10
-9.03665e-10-1.25613e-09-1.57915e-09-1.86260e-09-2.09645e-09-2.27101e-09
-2.37791e-09-2.41106e-09-2.36719e-09-2.24551e-09-2.04706e-09-1.77444e-09
-1.43249e-09-1.02896e-09-5.74142e-10-8.03929e-11 4.38031e-10 9.65691e-10
 1.48707e-09 1.98676e-09 2.44944e-09 2.86031e-09 3.20539e-09 3.47140e-09
 3.64657e-09 3.72186e-09 3.69123e-09 3.55199e-09 3.30537e-09 2.95592e-09
 2.51081e-09 1.98017e-09 1.37696e-09 7.16000e-10 1.38917e-11-7.10308e-10
-1.43580e-09-2.14121e-09-2.80501e-09-3.40620e-09-3.92550e-09-4.34583e-09
-4.65245e-09-4.83371e-09-4.88150e-09-4.79106e-09-4.56160e-09-4.19672e-09
-3.70376e-09-3.09337e-09-2.38019e-09-1.58317e-09-7.24926e-10 1.69786e-10
 1.07529e-09 1.96537e-09 2.81346e-09 3.59329e-09 4.27993e-09 4.85116e-09
 5.28813e-09 5.57517e-09 5.70026e-09 5.65602e-09 5.44060e-09 5.05843e-09
 4.51969e-09 3.83887e-09 3.03437e-09 2.12862e-09 1.14788e-09 1.21641e-10
-9.18885e-10-1.94203e-09-2.91594e-09-3.80918e-09-4.59221e-09-5.23864e-09
-5.72656e-09-6.03946e-09-6.16638e-09-6.10189e-09-5.84611e-09-5.40496e-09
-4.79063e-09-4.02136e-09-3.12056e-09-2.11622e-09-1.04032e-09 7.24599e-11
 1.18593e-09 2.26374e-09 3.27099e-09 4.17540e-09 4.94768e-09 5.56248e-09
 5.99962e-09 6.24458e-09 6.28903e-09 6.13181e-09 5.77889e-09 5.24263e-09
 4.54177e-09 3.70097e-09 2.74910e-09 1.71786e-09 6.41185e-10-4.45707e-10
-1.50740e-09-2.50916e-09-3.41836e-09-4.20663e-09-4.85082e-09-5.33311e-09
-5.64137e-09-5.76980e-09-5.71893e-09-5.49549e-09-5.11205e-09-4.58583e-09
-3.93758e-09-3.19157e-09-2.37540e-09-1.51844e-09-6.49877e-10 2.02921e-10
 1.01562e-09 1.76731e-09 2.44025e-09 3.02026e-09 3.49744e-09 3.86627e-09
 4.12523e-09 4.27640e-09 4.32492e-09 4.27865e-09 4.14718e-09 3.94036e-09
 3.66719e-09 3.33539e-09 2.95214e-09 2.52507e-09 2.06202e-09 1.56986e-09
 1.05402e-09 5.18673e-10-3.23630e-11-5.94738e-10-1.16379e-09-1.73501e-09
-2.30396e-09-2.86576e-09-3.41387e-09-3.93887e-09-4.42807e-09-4.86479e-09
-5.22728e-09-5.48847e-09-5.61690e-09-5.57912e-09-5.34331e-09-4.88308e-09
-4.18119e-09-3.23365e-09-2.05357e-09-6.73458e-10 8.54360e-10 2.45991e-09
 4.05974e-09 5.56286e-09 6.87806e-09 7.92192e-09 8.62626e-09 8.94395e-09
 8.85272e-09 8.35659e-09 7.48477e-09 6.28824e-09 4.83457e-09 3.20181e-09
 1.47238e-09-2.72328e-10-1.95685e-09-3.51530e-09-4.89370e-09-6.05106e-09
-6.95943e-09-7.60326e-09-7.97826e-09-8.08988e-09-7.95143e-09-7.58237e-09
-7.00666e-09-6.25100e-09-5.34320e-09-4.31074e-09-3.17977e-09-1.97492e-09
-7.19586e-10 5.63310e-10 1.85049e-09 3.11755e-09 4.33859e-09 5.48628e-09
 6.53242e-09 7.44880e-09 8.20814e-09 8.78484e-09 9.15565e-09 9.30041e-09
 9.20292e-09 8.85189e-09 8.24186e-09 7.37375e-09 6.25523e-09 4.90117e-09
 3.33395e-09 1.58373e-09-3.11611e-10-2.30691e-09-4.35062e-09-6.38615e-09
-8.35387e-09-1.01934e-08-1.18459e-08-1.32560e-08-1.43731e-08-1.51528e-08
-1.55575e-08-1.55585e-08-1.51365e-08-1.42822e-08-1.29966e-08-1.12908e-08
-9.18613e-09-6.71404e-09-3.91676e-09-8.47879e-10 2.42679e-09 5.82872e-09
 9.26717e-09 1.26408e-08 1.58407e-08 1.87536e-08 2.12665e-08 2.32708e-08
 2.46681e-08 2.53765e-08 2.53373e-08 2.45201e-08 2.29277e-08 2.05973e-08
 1.76007e-08 1.40409e-08 1.00471e-08 5.76798e-09 1.36386e-09-3.00144e-09
-7.16968e-09-1.09972e-08-1.43635e-08-1.71764e-08-1.93733e-08-2.09186e-08
-2.18013e-08-2.20361e-08-2.16685e-08-2.07780e-08-1.94770e-08-1.79049e-08
-1.62163e-08-1.45653e-08-1.30881e-08-1.18857e-08-1.10095e-08-1.04494e-08
-1.01277e-08-9.90478e-09-9.59967e-09-9.02105e-09-7.99712e-09-6.39639e-09
-4.13879e-09-1.20126e-09 2.37950e-09 6.50801e-09 1.10367e-08 1.57784e-08
 2.05214e-08 2.50439e-08 2.91259e-08 3.25601e-08 3.51627e-08 3.67844e-08
 3.73185e-08 3.67054e-08 3.49329e-08 3.20344e-08 2.80862e-08 2.32050e-08
 1.75425e-08 1.12783e-08 4.60974e-09-2.25898e-09-9.12794e-09-1.58111e-08
-2.21432e-08-2.79828e-08-3.32122e-08-3.77341e-08-4.14692e-08-4.43529e-08
-4.63335e-08-4.73681e-08-4.74204e-08-4.64589e-08-4.44598e-08-4.14117e-08
-3.73222e-08-3.22232e-08-2.61751e-08-1.92693e-08-1.16279e-08-3.40228e-09
 5.22885e-09 1.40609e-08 2.28652e-08 3.13921e-08 3.93786e-08 4.65572e-08
 5.26667e-08 5.74617e-08 6.07225e-08 6.22661e-08 6.19590e-08 5.97294e-08
 5.55771e-08 4.95790e-08 4.18909e-08 3.27463e-08 2.24498e-08 1.13692e-08
-7.69775e-11-1.14331e-08-2.22235e-08-3.19730e-08-4.02324e-08-4.66057e-08
-5.07764e-08-5.25319e-08-5.17840e-08-4.85858e-08-4.31398e-08-3.57969e-08
-2.70421e-08-1.74689e-08-7.74278e-09 1.44487e-09 9.43080e-09 1.56395e-08
 1.96434e-08 2.12193e-08 2.03948e-08 1.74796e-08 1.30755e-08 8.05958e-09
 3.53800e-09 7.75745e-10
     0.0000e+00     0.0000e+00      0  0  0.00
     512   1.00000  0.0000e+00
-4.43980e-09-1.80606e-09 1.09145e-09 4.02562e-09 6.72892e-09 8.91168e-09
 1.02853e-08 1.05889e-08 9.61801e-09 7.25224e-09 3.48142e-09-1.57479e-09
-7.64674e-09-1.42569e-08-2.06594e-08-2.59199e-08-2.91462e-08-2.97049e-08
-2.73067e-08-2.19735e-08-1.40098e-08-3.98220e-09 7.42193e-09 1.96148e-08
 3.22250e-08 4.50017e-08 5.75617e-08 6.91797e-08 7.87819e-08 8.51571e-08
 8.72364e-08 8.42352e-08 7.55972e-08 6.09107e-08 3.99972e-08 1.31532e-08
-1.86634e-08-5.38719e-08-9.04154e-08-1.25734e-07-1.56772e-07-1.80369e-07
-1.93612e-07-1.93800e-07-1.78697e-07-1.47284e-07-1.00407e-07-4.11162e-08
 2.52590e-08 9.14719e-08 1.49312e-07 1.91058e-07 2.11168e-07 2.07821e-07
 1.83638e-07 1.45024e-07 1.00272e-07 5.69434e-08 1.95736e-08-1.10153e-08
-3.63786e-08-5.78514e-08-7.45664e-08-8.38491e-08-8.37449e-08-7.52929e-08
-6.20997e-08-4.75840e-08-3.29912e-08-1.81982e-08-3.74010e-09 8.80350e-09
 1.81532e-08 2.41353e-08 2.71038e-08 2.73062e-08 2.50242e-08 2.07979e-08
 1.52686e-08 9.03669e-09 2.68641e-09-3.25215e-09-8.38397e-09-1.24352e-08
-1.52286e-08-1.67080e-08-1.69304e-08-1.60291e-08-1.41980e-08-1.16745e-08
-8.70767e-09-5.54032e-09-2.39822e-09 5.26564e-10 3.08525e-09 5.17420e-09
 6.73667e-09 7.75932e-09 8.26395e-09 8.30078e-09 7.94155e-09 7.27097e-09
 6.37958e-09 5.35706e-09 4.28568e-09 3.23594e-09 2.26376e-09 1.40883e-09
 6.94600e-10 1.29580e-10-2.90504e-10-5.79372e-10-7.56839e-10-8.46382e-10
-8.73226e-10-8.62259e-10-8.35770e-10-8.11591e-10-8.02185e-10-8.14625e-10
-8.51066e-10-9.09654e-10-9.85665e-10-1.07241e-09-1.16175e-09-1.24466e-09
-1.31198e-09-1.35525e-09-1.36760e-09-1.34447e-09-1.28408e-09-1.18731e-09
-1.05690e-09-8.96868e-10-7.12556e-10-5.10497e-10-2.97967e-10-8.24827e-11
 1.28500e-10 3.27968e-10 5.10045e-10 6.70452e-10 8.06196e-10 9.14934e-10
 9.94757e-10 1.04453e-09 1.06429e-09 1.05514e-09 1.01905e-09 9.58794e-10
 8.77599e-10 7.78595e-10 6.64560e-10 5.38307e-10 4.03271e-10 2.63458e-10
 1.22838e-10-1.50882e-11-1.47364e-10-2.71511e-10-3.85478e-10-4.87296e-10
-5.74537e-10-6.44500e-10-6.95210e-10-7.25835e-10-7.36183e-10-7.26220e-10
-6.96193e-10-6.46900e-10-5.79639e-10-4.96107e-10-3.98516e-10-2.89719e-10
-1.73197e-10-5.26781e-11 6.83602e-11 1.86684e-10 2.98954e-10 4.01584e-10
 4.90723e-10 5.62508e-10 6.14089e-10 6.44573e-10 6.54421e-10 6.43786e-10
 6.12000e-10 5.58899e-10 4.86351e-10 3.98136e-10 2.98330e-10 1.89922e-10
 7.50812e-11-4.32221e-11-1.60214e-10-2.70249e-10-3.68597e-10-4.52433e-10
-5.20252e-10-5.70206e-10-5.99387e-10-6.05338e-10-5.88027e-10-5.49736e-10
-4.93090e-10-4.19740e-10-3.31133e-10-2.30258e-10-1.21980e-10-1.16114e-11
 9.65590e-11 1.99572e-10 2.94821e-10 3.78753e-10 4.47016e-10 4.96011e-10
 5.24114e-10 5.31391e-10 5.18049e-10 4.83575e-10 4.27855e-10 3.52738e-10
 2.62049e-10 1.60263e-10 5.13412e-11-6.12169e-11-1.73398e-10-2.80185e-10
-3.76056e-10-4.55912e-10-5.15870e-10-5.53227e-10-5.65792e-10-5.51734e-10
-5.10129e-10-4.41616e-10-3.48591e-10-2.34793e-10-1.04702e-10 3.67265e-11
 1.83778e-10 3.29790e-10 4.67565e-10 5.89886e-10 6.89959e-10 7.62012e-10
 8.01635e-10 8.05595e-10 7.71750e-10 6.99489e-10 5.90311e-10 4.47946e-10
 2.77887e-10 8.67044e-11-1.18184e-10-3.28223e-10-5.33566e-10-7.23684e-10
-8.88602e-10-1.01992e-09-1.11091e-09-1.15603e-09-1.15073e-09-1.09235e-09
-9.81498e-10-8.22335e-10-6.21395e-10-3.86332e-10-1.25973e-10 1.48632e-10
 4.23817e-10 6.84574e-10 9.16752e-10 1.10847e-09 1.24982e-09 1.33191e-09
 1.34730e-09 1.29217e-09 1.16817e-09 9.82431e-10 7.45725e-10 4.70516e-10
 1.70519e-10-1.38586e-10-4.39485e-10-7.15372e-10-9.52509e-10-1.14130e-09
-1.27509e-09-1.34838e-09-1.35627e-09-1.29505e-09-1.16265e-09-9.58521e-10
-6.82900e-10-3.37202e-10 7.36152e-11 5.37694e-10 1.03377e-09 1.53066e-09
 1.98891e-09 2.36357e-09 2.60796e-09 2.67884e-09 2.54331e-09 2.18607e-09
 1.61530e-09 8.65176e-10-6.02808e-12-9.21473e-10-1.79441e-09-2.53902e-09
-3.08209e-09-3.37382e-09-3.39549e-09-3.16233e-09-2.72055e-09-2.13948e-09
-1.50032e-09-8.83611e-10-3.57372e-10 3.18321e-11 2.63496e-10 3.42814e-10
 2.96006e-10 1.62865e-10-1.16222e-11-1.84768e-10-3.21242e-10-3.95087e-10
-3.89021e-10-2.92113e-10-9.74716e-11 1.98879e-10 5.97551e-10 1.09379e-09
 1.67460e-09 2.31645e-09 2.98474e-09 3.63575e-09 4.22129e-09 4.69491e-09
 5.01838e-09 5.16667e-09 5.13011e-09 4.91319e-09 4.53044e-09 4.00105e-09
 3.34361e-09 2.57277e-09 1.69848e-09 7.28182e-10-3.29280e-10-1.45946e-09
-2.63967e-09-3.83891e-09-5.02026e-09-6.14507e-09-7.17739e-09-8.08705e-09
-8.85044e-09-9.44914e-09-9.86724e-09-1.00888e-08-1.00973e-08-9.87699e-09
-9.41744e-09-8.71853e-09-7.79499e-09-6.67829e-09-5.41507e-09-4.06230e-09
-2.68008e-09-1.32397e-09-3.84540e-11 1.14711e-09 2.22013e-09 3.18472e-09
 4.06123e-09 4.88634e-09 5.71376e-09 6.61458e-09 7.67584e-09 8.99536e-09
 1.06720e-08 1.27919e-08 1.54112e-08 1.85397e-08 2.21265e-08 2.60511e-08
 3.01205e-08 3.40723e-08 3.75832e-08 4.02816e-08 4.17657e-08 4.16263e-08
 3.94764e-08 3.49866e-08 2.79261e-08 1.82055e-08 5.91639e-09-8.63808e-09
-2.49269e-08-4.21941e-08-5.94826e-08-7.56819e-08-8.96017e-08-1.00074e-07
-1.06081e-07-1.06880e-07-1.02122e-07-9.19090e-08-7.68118e-08-5.78292e-08
-3.62940e-08-1.37369e-08 8.27744e-09 2.83225e-08 4.52639e-08 5.83659e-08
 6.73216e-08 7.22030e-08 7.33629e-08 7.13384e-08 6.67799e-08 6.03998e-08
 5.29212e-08 4.50214e-08 3.72796e-08 3.01445e-08 2.39223e-08 1.87804e-08
 1.47585e-08 1.17844e-08 9.69722e-09 8.27722e-09 7.27830e-09 6.45591e-09
 5.58692e-09 4.48280e-09 2.99994e-09 1.04850e-09-1.40227e-09-4.32556e-09
-7.64667e-09-1.12584e-08-1.50380e-08-1.88609e-08-2.26102e-08-2.61801e-08
-2.94749e-08-3.24057e-08-3.48867e-08-3.68334e-08-3.81629e-08-3.87972e-08
-3.86663e-08-3.77124e-08-3.58939e-08-3.31917e-08-2.96165e-08-2.52159e-08
-2.00782e-08-1.43303e-08-8.12950e-09-1.65035e-09 4.92963e-09 1.14413e-08
 1.77298e-08 2.36551e-08 2.90896e-08 3.39151e-08 3.80215e-08 4.13065e-08
 4.36777e-08 4.50549e-08 4.53725e-08 4.45829e-08 4.26614e-08 3.96120e-08
 3.54743e-08 3.03272e-08 2.42911e-08 1.75251e-08 1.02213e-08 2.60028e-09
-5.09227e-09-1.25862e-08-1.95916e-08-2.58108e-08-3.09582e-08-3.47826e-08
-3.70894e-08-3.77575e-08-3.67513e-08-3.41255e-08-3.00264e-08-2.46908e-08
-1.84422e-08-1.16803e-08-4.85768e-09 1.55469e-09 7.10962e-09 1.14248e-08
 1.42190e-08 1.53435e-08 1.48070e-08 1.27977e-08 9.69844e-09 6.08990e-09
 2.73422e-09 6.12640e-10
     0.0000e+00     0.0000e+00      0  0  0.00
     512   1.00000  0.0000e+00
-2.50752e-08-1.71098e-08-6.32427e-09 7.29910e-09 2.35674e-08 4.20455e-08
 6.20387e-08 8.25931e-08 1.02521e-07 1.20451e-07 1.34903e-07 1.44387e-07
 1.47522e-07 1.43220e-07 1.30867e-07 1.10455e-07 8.27067e-08 4.92689e-08
 1.26113e-08-2.44350e-08-5.92014e-08-8.96491e-08-1.14725e-07-1.34415e-07
-1.49441e-07-1.60709e-07-1.68741e-07-1.73450e-07-1.74335e-07-1.70866e-07
-1.62754e-07-1.49932e-07-1.32357e-07-1.09985e-07-8.30843e-08-5.26728e-08
-2.05010e-08 1.19135e-08 4.45681e-08 7.87426e-08 1.14686e-07 1.49907e-07
 1.80358e-07 2.02699e-07 2.15111e-07 2.16950e-07 2.08497e-07 1.91014e-07
 1.66663e-07 1.37986e-07 1.07152e-07 7.53504e-08 4.26147e-08 8.17300e-09
-2.87610e-08-6.78833e-08-1.06806e-07-1.41009e-07-1.65199e-07-1.75636e-07
-1.72192e-07-1.58514e-07-1.39700e-07-1.19043e-07-9.65989e-08-7.10139e-08
-4.27637e-08-1.50834e-08 8.47923e-09 2.67676e-08 4.07182e-08 5.10549e-08
 5.74017e-08 5.94631e-08 5.78874e-08 5.37027e-08 4.76819e-08 4.04799e-08
 3.28111e-08 2.52914e-08 1.83643e-08 1.23787e-08 7.56097e-09 3.96957e-09
 1.55734e-09 2.13404e-10-2.47649e-10-5.66615e-11 5.51471e-10 1.34717e-09
 2.12143e-09 2.70858e-09 2.98889e-09 2.88784e-09 2.38076e-09 1.48759e-09
 2.63683e-10-1.20705e-09-2.82346e-09-4.47898e-09-6.06854e-09-7.49541e-09
-8.67860e-09-9.55738e-09-1.00943e-08-1.02756e-08-1.01085e-08-9.61720e-09
-8.83984e-09-7.82452e-09-6.62644e-09-5.30495e-09-3.91970e-09-2.52695e-09
-1.17750e-09 8.43898e-11 1.22186e-09 2.20705e-09 3.02260e-09 3.66200e-09
 4.12863e-09 4.43329e-09 4.59062e-09 4.61574e-09 4.52328e-09 4.32878e-09
 4.05019e-09 3.70734e-09 3.31980e-09 2.90528e-09 2.47877e-09 2.05187e-09
 1.63247e-09 1.22586e-09 8.36591e-10 4.69633e-10 1.30470e-10-1.75367e-10
-4.42671e-10-6.67144e-10-8.46686e-10-9.82695e-10-1.07984e-09-1.14368e-09
-1.17765e-09-1.18202e-09-1.15573e-09-1.09942e-09-1.01738e-09-9.17062e-10
-8.06814e-10-6.93637e-10-5.82562e-10-4.77656e-10-3.83669e-10-3.06455e-10
-2.51312e-10-2.21021e-10-2.15590e-10-2.33003e-10-2.69879e-10-3.22544e-10
-3.88120e-10-4.64207e-10-5.47962e-10-6.35685e-10-7.21973e-10-7.98896e-10
-8.57269e-10-8.88904e-10-8.87568e-10-8.49327e-10-7.72916e-10-6.59081e-10
-5.09663e-10-3.27416e-10-1.15179e-10 1.25079e-10 3.90636e-10 6.75424e-10
 9.70180e-10 1.26428e-09 1.54660e-09 1.80604e-09 2.03233e-09 2.21599e-09
 2.34813e-09 2.42146e-09 2.43072e-09 2.37187e-09 2.24207e-09 2.04037e-09
 1.76769e-09 1.42703e-09 1.02467e-09 5.70758e-10 7.86223e-11-4.36779e-10
-9.60064e-10-1.47560e-09-1.96738e-09-2.41930e-09-2.81604e-09-3.14375e-09
-3.38986e-09-3.54247e-09-3.59132e-09-3.53007e-09-3.35775e-09-3.07877e-09
-2.70113e-09-2.23473e-09-1.69144e-09-1.08584e-09-4.35121e-10 2.41739e-10
 9.24938e-10 1.59399e-09 2.22707e-09 2.80154e-09 3.29584e-09 3.69131e-09
 3.97374e-09 4.13367e-09 4.16569e-09 4.06765e-09 3.84041e-09 3.48834e-09
 3.02010e-09 2.44868e-09 1.79110e-09 1.06844e-09 3.05268e-10-4.71900e-10
-1.23594e-09-1.96047e-09-2.62130e-09-3.19716e-09-3.66929e-09-4.02146e-09
-4.24088e-09-4.31872e-09-4.25083e-09-4.03896e-09-3.69105e-09-3.22027e-09
-2.64477e-09-1.98671e-09-1.27002e-09-5.19025e-10 2.41464e-10 9.86089e-10
 1.68924e-09 2.32544e-09 2.87103e-09 3.30682e-09 3.61928e-09 3.80005e-09
 3.84578e-09 3.75839e-09 3.54475e-09 3.21620e-09 2.78804e-09 2.27818e-09
 1.70639e-09 1.09507e-09 4.69522e-10-1.43693e-10-7.19383e-10-1.23620e-09
-1.67835e-09-2.03544e-09-2.30084e-09-2.47088e-09-2.54499e-09-2.52596e-09
-2.42025e-09-2.23856e-09-1.99549e-09-1.70837e-09-1.39505e-09-1.07154e-09
-7.50850e-10-4.43387e-10-1.58646e-10 9.34621e-11 3.03920e-10 4.67669e-10
 5.85543e-10 6.64092e-10 7.13668e-10 7.46250e-10 7.74380e-10 8.10526e-10
 8.65952e-10 9.49007e-10 1.06280e-09 1.20359e-09 1.36077e-09 1.51733e-09
 1.65044e-09 1.73331e-09 1.73869e-09 1.64343e-09 1.43265e-09 1.10185e-09
 6.57086e-10 1.14530e-10-5.00387e-10-1.15505e-09-1.81307e-09-2.43790e-09
-2.99522e-09-3.45440e-09-3.78959e-09-3.98046e-09-4.01193e-09-3.87331e-09
-3.55786e-09-3.06389e-09-2.39661e-09-1.56995e-09-6.07662e-10 4.56230e-10
 1.57770e-09 2.70458e-09 3.78077e-09 4.75200e-09 5.57126e-09 6.20299e-09
 6.62526e-09 6.82978e-09 6.81971e-09 6.60584e-09 6.20224e-09 5.62320e-09
 4.88193e-09 3.99113e-09 2.96468e-09 1.81959e-09 5.77911e-10-7.32219e-10
-2.07701e-09-3.41910e-09-4.72081e-09-5.94780e-09-7.07198e-09-8.07281e-09
-8.93669e-09-9.65463e-09-1.02187e-08-1.06186e-08-1.08390e-08-1.08600e-08
-1.06594e-08-1.02170e-08-9.51844e-09-8.55762e-09-7.33655e-09-5.86476e-09
-4.15827e-09-2.23936e-09-1.37673e-10 2.10760e-09 4.44522e-09 6.81071e-09
 9.12814e-09 1.13152e-08 1.32912e-08 1.49855e-08 1.63455e-08 1.73425e-08
 1.79752e-08 1.82699e-08 1.82766e-08 1.80620e-08 1.77012e-08 1.72670e-08
 1.68225e-08 1.64133e-08 1.60613e-08 1.57600e-08 1.54699e-08 1.51152e-08
 1.45823e-08 1.37195e-08 1.23428e-08 1.02473e-08 7.22498e-09 3.08717e-09
-2.31279e-09-9.05832e-09-1.71512e-08-2.64953e-08-3.68825e-08-4.79813e-08
-5.93297e-08-7.03363e-08-8.02928e-08-8.84021e-08-9.38253e-08-9.57448e-08
-9.34401e-08-8.63689e-08-7.42480e-08-5.71296e-08-3.54652e-08-1.01447e-08
 1.75155e-08 4.58523e-08 7.30019e-08 9.70852e-08 1.16407e-07 1.29640e-07
 1.35968e-07 1.35172e-07 1.27643e-07 1.14322e-07 9.65661e-08 7.59585e-08
 5.40964e-08 3.24136e-08 1.20787e-08-6.02927e-09-2.13088e-08-3.34197e-08
-4.22691e-08-4.79856e-08-5.08735e-08-5.13539e-08-4.99104e-08-4.70478e-08
-4.32593e-08-3.89983e-08-3.46499e-08-3.05111e-08-2.67855e-08-2.35902e-08
-2.09690e-08-1.89026e-08-1.73162e-08-1.60891e-08-1.50715e-08-1.41078e-08
-1.30597e-08-1.18219e-08-1.03298e-08-8.55815e-09-6.51477e-09-4.23232e-09
-1.76105e-09 8.34892e-10 3.47836e-09 6.08105e-09 8.55035e-09 1.08009e-08
 1.27665e-08 1.44061e-08 1.57038e-08 1.66641e-08 1.73085e-08 1.76721e-08
 1.78018e-08 1.77524e-08 1.75783e-08 1.73239e-08 1.70113e-08 1.66304e-08
 1.61362e-08 1.54558e-08 1.45021e-08 1.31893e-08 1.14428e-08 9.20366e-09
 6.43237e-09 3.11592e-09-7.23250e-10-5.01967e-09-9.66104e-09-1.44868e-08
-1.92878e-08-2.38066e-08-2.77429e-08-3.07645e-08-3.25252e-08-3.26925e-08
-3.09902e-08-2.72631e-08-2.15520e-08-1.41475e-08-5.59685e-09 3.34927e-09
 1.18363e-08 1.90332e-08 2.42624e-08 2.71047e-08 2.74550e-08 2.55147e-08
 2.17251e-08 1.66703e-08 1.09834e-08 5.27675e-09 9.56570e-11-4.11826e-09
-7.05786e-09-8.57432e-09-8.69212e-09-7.61261e-09-5.70224e-09-3.46211e-09
-1.47955e-09-3.14855e-10
     0.0000e+00     0.0000e+00      0  0  0.00
     512   1.00000  0.0000e+00
-3.04907e-08-2.98940e-08-2.68124e-08-2.09515e-08-1.21887e-08-6.17376e-10
 1.34193e-08 2.93081e-08 4.61640e-08 6.28515e-08 7.80305e-08 9.02284e-08
 9.79436e-08 9.98396e-08 9.50273e-08 8.32320e-08 6.47695e-08 4.05649e-08
 1.21851e-08-1.83613e-08-4.89667e-08-7.77257e-08-1.03185e-07-1.24462e-07
-1.41114e-07-1.52839e-07-1.59229e-07-1.59699e-07-1.53642e-07-1.40719e-07
-1.21043e-07-9.51102e-08-6.35694e-08-2.70691e-08 1.36530e-08 5.75430e-08
 1.03073e-07 1.48179e-07 1.90198e-07 2.25916e-07 2.51961e-07 2.65379e-07
 2.63967e-07 2.46378e-07 2.12276e-07 1.62617e-07 9.99186e-08 2.83082e-08
-4.66975e-08-1.18696e-07-1.81156e-07-2.28336e-07-2.56211e-07-2.63194e-07
-2.50412e-07-2.21366e-07-1.81004e-07-1.34541e-07-8.64261e-08-3.98646e-08
 2.98943e-09 4.04562e-08 7.09068e-08 9.28724e-08 1.05595e-07 1.09472e-07
 1.05911e-07 9.66894e-08 8.34131e-08 6.74682e-08 5.02523e-08 3.32125e-08
 1.76074e-08 4.30524e-09-6.20146e-09-1.36977e-08-1.82082e-08-1.99837e-08
-1.94476e-08-1.71275e-08-1.35999e-08-9.43738e-09-5.16133e-09-1.21170e-09
 2.07066e-09 4.45607e-09 5.82788e-09 6.17335e-09 5.56932e-09 4.16351e-09
 2.15254e-09-2.40015e-10-2.78415e-09-5.26241e-09-7.48516e-09-9.30117e-09
-1.06040e-08-1.13342e-08-1.14773e-08-1.10591e-08-1.01392e-08-8.80261e-09
-7.15203e-09-5.29849e-09-3.35338e-09-1.42141e-09 4.04944e-10 2.04956e-09
 3.45510e-09 4.58375e-09 5.41656e-09 5.95176e-09 6.20244e-09 6.19368e-09
 5.95946e-09 5.53956e-09 4.97647e-09 4.31257e-09 3.58783e-09 2.83815e-09
 2.09439e-09 1.38173e-09 7.19516e-10 1.21569e-10-4.03279e-10-8.50556e-10
-1.21945e-09-1.51195e-09-1.73189e-09-1.88421e-09-1.97449e-09-2.00858e-09
-1.99231e-09-1.93130e-09-1.83101e-09-1.69678e-09-1.53362e-09-1.34618e-09
-1.13897e-09-9.16661e-10-6.84157e-10-4.46425e-10-2.08525e-10 2.42685e-11
 2.46701e-10 4.53933e-10 6.41514e-10 8.05200e-10 9.41204e-10 1.04667e-09
 1.11979e-09 1.15971e-09 1.16652e-09 1.14134e-09 1.08600e-09 1.00287e-09
 8.94897e-10 7.65574e-10 6.19010e-10 4.59948e-10 2.93171e-10 1.23179e-10
-4.55035e-11-2.08468e-10-3.62089e-10-5.03334e-10-6.29066e-10-7.36443e-10
-8.23639e-10-8.89496e-10-9.33181e-10-9.54398e-10-9.53089e-10-9.29149e-10
-8.83049e-10-8.16115e-10-7.29938e-10-6.26136e-10-5.06609e-10-3.73454e-10
-2.29067e-10-7.66748e-11 8.00643e-11 2.38075e-10 3.94412e-10 5.45114e-10
 6.85620e-10 8.11849e-10 9.20333e-10 1.00798e-09 1.07187e-09 1.10893e-09
 1.11610e-09 1.09131e-09 1.03418e-09 9.45484e-10 8.26145e-10 6.77221e-10
 5.00817e-10 3.00813e-10 8.28223e-11-1.46680e-10-3.81514e-10-6.15736e-10
-8.42431e-10-1.05341e-09-1.24021e-09-1.39518e-09-1.51211e-09-1.58603e-09
-1.61248e-09-1.58768e-09-1.50931e-09-1.37727e-09-1.19385e-09-9.63169e-10
-6.90236e-10-3.81276e-10-4.44138e-11 3.10424e-10 6.71907e-10 1.02801e-09
 1.36683e-09 1.67650e-09 1.94507e-09 2.16117e-09 2.31471e-09 2.39719e-09
 2.40240e-09 2.32653e-09 2.16796e-09 1.92779e-09 1.61018e-09 1.22226e-09
 7.74095e-10 2.78506e-10-2.49443e-10-7.92987e-10-1.33384e-09-1.85272e-09
-2.33026e-09-2.74763e-09-3.08715e-09-3.33320e-09-3.47310e-09-3.49744e-09
-3.40031e-09-3.18020e-09-2.84058e-09-2.38936e-09-1.83870e-09-1.20508e-09
-5.08625e-10 2.27663e-10 9.77947e-10 1.71467e-09 2.41048e-09 3.03902e-09
 3.57528e-09 3.99680e-09 4.28500e-09 4.42594e-09 4.41140e-09 4.23934e-09
 3.91339e-09 3.44253e-09 2.84173e-09 2.13212e-09 1.33984e-09 4.94566e-10
-3.71973e-10-1.22715e-09-2.03816e-09-2.77307e-09-3.40263e-09-3.90241e-09
-4.25426e-09-4.44653e-09-4.47383e-09-4.33744e-09-4.04600e-09-3.61521e-09
-3.06671e-09-2.42618e-09-1.72122e-09-9.80396e-10-2.32935e-10 4.92385e-10
 1.16871e-09 1.77235e-09 2.28347e-09 2.68591e-09 2.96692e-09 3.11796e-09
 3.13598e-09 3.02462e-09 2.79509e-09 2.46612e-09 2.06361e-09 1.62045e-09
 1.17491e-09 7.67490e-10 4.36518e-10 2.13087e-10 1.16075e-10 1.48575e-10
 2.95754e-10 5.24477e-10 7.85690e-10 1.01953e-09 1.16272e-09 1.15753e-09
 9.60514e-10 5.49611e-10-7.12818e-11-8.71086e-10-1.79423e-09-2.76660e-09
-3.70408e-09-4.52263e-09-5.14783e-09-5.52245e-09-5.61152e-09-5.40405e-09
-4.91155e-09-4.16448e-09-3.20724e-09-2.09277e-09-8.77919e-10 3.80162e-10
 1.62657e-09 2.81007e-09 3.88419e-09 4.80848e-09 5.54999e-09 6.08491e-09
 6.40029e-09 6.49487e-09 6.37866e-09 6.07136e-09 5.59930e-09 4.99160e-09
 4.27653e-09 3.47853e-09 2.61665e-09 1.70477e-09 7.53421e-10-2.27745e-10
-1.22744e-09-2.23104e-09-3.22017e-09-4.17352e-09-5.06855e-09-5.88352e-09
-6.59905e-09-7.19859e-09-7.66820e-09-7.99551e-09-8.16858e-09-8.17533e-09
-8.00382e-09-7.64336e-09-7.08605e-09-6.32821e-09-5.37102e-09-4.22008e-09
-2.88422e-09-1.37362e-09 3.01423e-10 2.13066e-09 4.10244e-09 6.20087e-09
 8.40201e-09 1.06699e-08 1.29533e-08 1.51840e-08 1.72764e-08 1.91290e-08
 2.06268e-08 2.16443e-08 2.20504e-08 2.17133e-08 2.05083e-08 1.83276e-08
 1.50915e-08 1.07621e-08 5.35665e-09-1.04006e-09-8.26714e-09-1.60834e-08
-2.41689e-08-3.21335e-08-3.95306e-08-4.58778e-08-5.06827e-08-5.34741e-08
-5.38371e-08-5.14515e-08-4.61295e-08-3.78513e-08-2.67933e-08-1.33444e-08
 1.89180e-09 1.81145e-08 3.43621e-08 4.95697e-08 6.26451e-08 7.25596e-08
 7.84472e-08 7.96988e-08 7.60394e-08 6.75746e-08 5.47995e-08 3.85666e-08
 2.00132e-08 4.58000e-10-1.87250e-08-3.62361e-08-5.09681e-08-6.20943e-08
-6.91162e-08-7.18661e-08-7.04769e-08-6.53324e-08-5.70109e-08-4.62265e-08
-3.37694e-08-2.04468e-08-7.02839e-09 5.79704e-09 1.74531e-08 2.74939e-08
 3.56121e-08 4.16356e-08 4.55179e-08 4.73202e-08 4.71899e-08 4.53378e-08
 4.20166e-08 3.75014e-08 3.20727e-08 2.60023e-08 1.95420e-08 1.29176e-08
 6.32678e-09-5.96501e-11-6.09451e-09-1.16513e-08-1.66227e-08-2.09204e-08
-2.44771e-08-2.72486e-08-2.92160e-08-3.03862e-08-3.07910e-08-3.04842e-08
-2.95369e-08-2.80317e-08-2.60564e-08-2.36966e-08-2.10292e-08-1.81170e-08
-1.50060e-08-1.17263e-08-8.29592e-09-4.72771e-09-1.03755e-09 2.74858e-09
 6.58995e-09 1.04291e-08 1.41925e-08 1.77923e-08 2.11302e-08 2.41009e-08
 2.65970e-08 2.85137e-08 2.97549e-08 3.02388e-08 2.99028e-08 2.87095e-08
 2.66505e-08 2.37505e-08 2.00710e-08 1.57120e-08 1.08126e-08 5.54788e-09
 1.21672e-10-5.24600e-09-1.03333e-08-1.49298e-08-1.88447e-08-2.19118e-08
-2.39937e-08-2.49866e-08-2.48302e-08-2.35196e-08-2.11181e-08-1.77653e-08
-1.36766e-08-9.13254e-09-4.45784e-09 4.74576e-12 3.92411e-09 7.01173e-09
 9.05191e-09 9.92853e-09 9.64603e-09 8.34318e-09 6.29800e-09 3.92203e-09
 1.74113e-09 3.85749e-10
     0.0000e+00     0.0000e+00      0  0  0.00
     512   1.00000  0.0000e+00
-4.94301e-09-2.39857e-11 5.58939e-09 1.17598e-08 1.82949e-08 2.49501e-08
 3.14366e-08 3.74342e-08 4.26083e-08 4.66315e-08 4.92078e-08 5.00984e-08
 4.91563e-08 4.64155e-08 4.21803e-08 3.69563e-08 3.13162e-08 2.58816e-08
 2.12451e-08 1.77504e-08 1.53270e-08 1.34441e-08 1.11872e-08 7.45939e-09
 1.21045e-09-8.35243e-09-2.16028e-08-3.84646e-08-5.84968e-08-8.09582e-08
-1.04774e-07-1.28457e-07-1.50100e-07-1.67504e-07-1.78404e-07-1.80728e-07
-1.72818e-07-1.53614e-07-1.22734e-07-8.05194e-08-2.81774e-08 3.20037e-08
 9.66267e-08 1.61378e-07 2.21286e-07 2.71063e-07 3.05636e-07 3.20816e-07
 3.13963e-07 2.84567e-07 2.34599e-07 1.68498e-07 9.26838e-08 1.46364e-08
-5.83224e-08-1.20230e-07-1.67322e-07-1.98241e-07-2.13577e-07-2.14992e-07
-2.04413e-07-1.83693e-07-1.54831e-07-1.20381e-07-8.34929e-08-4.73863e-08
-1.46032e-08 1.33309e-08 3.56553e-08 5.19576e-08 6.20783e-08 6.62941e-08
 6.53799e-08 6.04088e-08 5.25220e-08 4.28375e-08 3.24205e-08 2.22153e-08
 1.29789e-08 5.25775e-09-6.16049e-10-4.51927e-09-6.51104e-09-6.79372e-09
-5.67585e-09-3.53340e-09-7.68067e-10 2.22881e-09 5.10455e-09 7.56703e-09
 9.39854e-09 1.04619e-08 1.07005e-08 1.01324e-08 8.83796e-09 6.94606e-09
 4.61823e-09 2.03266e-09-6.31273e-10-3.20576e-09-5.54452e-09-7.52986e-09
-9.07743e-09-1.01379e-08-1.06956e-08-1.07651e-08-1.03868e-08-9.62141e-09
-8.54374e-09-7.23583e-09-5.78154e-09-4.26205e-09-2.75154e-09-1.31364e-09
 6.34770e-13 1.15341e-09 2.11983e-09 2.88776e-09 3.45640e-09 3.83388e-09
 4.03480e-09 4.07846e-09 3.98749e-09 3.78593e-09 3.49746e-09 3.14444e-09
 2.74757e-09 2.32521e-09 1.89265e-09 1.46226e-09 1.04431e-09 6.47365e-10
 2.78213e-10-5.81620e-11-3.57975e-10-6.18238e-10-8.36943e-10-1.01307e-09
-1.14605e-09-1.23525e-09-1.28022e-09-1.28137e-09-1.24019e-09-1.15905e-09
-1.04133e-09-8.91746e-10-7.16171e-10-5.21198e-10-3.13930e-10-1.02032e-10
 1.06411e-10 3.03369e-10 4.81350e-10 6.33660e-10 7.54380e-10 8.38414e-10
 8.81984e-10 8.82942e-10 8.40453e-10 7.55038e-10 6.29219e-10 4.67479e-10
 2.75605e-10 6.06186e-11-1.69151e-10-4.04726e-10-6.36985e-10-8.56637e-10
-1.05463e-09-1.22261e-09-1.35288e-09-1.43890e-09-1.47588e-09-1.46047e-09
-1.39036e-09-1.26520e-09-1.08732e-09-8.61060e-10-5.92434e-10-2.89241e-10
 3.93958e-11 3.83462e-10 7.31780e-10 1.07227e-09 1.39297e-09 1.68255e-09
 1.93026e-09 2.12627e-09 2.26201e-09 2.33036e-09 2.32650e-09 2.24856e-09
 2.09673e-09 1.87290e-09 1.58125e-09 1.22896e-09 8.26032e-10 3.84269e-10
-8.34432e-11-5.63156e-10-1.03977e-09-1.49723e-09-1.91922e-09-2.29051e-09
-2.59776e-09-2.82945e-09-2.97583e-09-3.02912e-09-2.98418e-09-2.83968e-09
-2.59838e-09-2.26611e-09-1.85150e-09-1.36602e-09-8.24243e-10-2.43839e-10
 3.55658e-10 9.54203e-10 1.53153e-09 2.06746e-09 2.54262e-09 2.93903e-09
 3.24099e-09 3.43595e-09 3.51502e-09 3.47320e-09 3.30945e-09 3.02691e-09
 2.63336e-09 2.14108e-09 1.56591e-09 9.26739e-10 2.45181e-10-4.55156e-10
-1.14943e-09-1.81239e-09-2.41964e-09-2.94854e-09-3.37866e-09-3.69280e-09
-3.87811e-09-3.92628e-09-3.83382e-09-3.60274e-09-3.24027e-09-2.75821e-09
-2.17307e-09-1.50592e-09-7.81127e-10-2.51816e-11 7.33961e-10 1.46808e-09
 2.14988e-09 2.75380e-09 3.25717e-09 3.64159e-09 3.89353e-09 4.00439e-09
 3.97078e-09 3.79513e-09 3.48557e-09 3.05571e-09 2.52416e-09 1.91321e-09
 1.24748e-09 5.53393e-10-1.41372e-10-8.09465e-10-1.42557e-09-1.96743e-09
-2.41673e-09-2.75957e-09-2.98670e-09-3.09434e-09-3.08489e-09-2.96659e-09
-2.75234e-09-2.45841e-09-2.10331e-09-1.70729e-09-1.29142e-09-8.76008e-10
-4.78981e-10-1.14782e-10 2.05814e-10 4.75209e-10 6.89014e-10 8.46336e-10
 9.49505e-10 1.00359e-09 1.01566e-09 9.94266e-10 9.49795e-10 8.94895e-10
 8.44227e-10 8.13745e-10 8.19178e-10 8.74215e-10 9.88952e-10 1.16765e-09
 1.40585e-09 1.68818e-09 1.98733e-09 2.26483e-09 2.47400e-09 2.56454e-09
 2.48837e-09 2.20667e-09 1.69708e-09 9.59606e-10 2.03042e-11-1.06845e-09
-2.23151e-09-3.37770e-09-4.40910e-09-5.23191e-09-5.76722e-09-5.96016e-09
-5.78603e-09-5.25239e-09-4.39701e-09-3.28256e-09-1.98883e-09-6.03784e-10
 7.85014e-10 2.09738e-09 3.26554e-09 4.23669e-09 4.97358e-09 5.45399e-09
 5.66945e-09 5.62397e-09 5.33306e-09 4.82279e-09 4.12852e-09 3.29331e-09
 2.36523e-09 1.39380e-09 4.26081e-10-4.97212e-10-1.34459e-09-2.09510e-09
-2.73785e-09-3.26994e-09-3.69329e-09-4.01130e-09-4.22619e-09-4.33772e-09
-4.34330e-09-4.23955e-09-4.02434e-09-3.69862e-09-3.26749e-09-2.74019e-09
-2.12906e-09-1.44801e-09-7.11173e-10 6.80054e-11 8.76668e-10 1.70172e-09
 2.52883e-09 3.34168e-09 4.12212e-09 4.85121e-09 5.51090e-09 6.08561e-09
 6.56319e-09 6.93461e-09 7.19231e-09 7.32758e-09 7.32758e-09 7.17302e-09
 6.83735e-09 6.28775e-09 5.48774e-09 4.40090e-09 2.99521e-09 1.24734e-09
-8.53241e-10-3.30037e-09-6.06717e-09-9.10198e-09-1.23242e-08-1.56208e-08
-1.88449e-08-2.18167e-08-2.43295e-08-2.61583e-08-2.70744e-08-2.68611e-08
-2.53330e-08-2.23545e-08-1.78585e-08-1.18624e-08-4.48147e-09 4.06244e-09
 1.34373e-08 2.32051e-08 3.28354e-08 4.17294e-08 4.92534e-08 5.47832e-08
 5.77547e-08 5.77177e-08 5.43891e-08 4.76988e-08 3.78236e-08 2.52020e-08
 1.05246e-08-5.30479e-09-2.12354e-08-3.61581e-08-4.90066e-08-5.88587e-08
-6.50269e-08-6.71253e-08-6.51045e-08-5.92488e-08-5.01338e-08-3.85524e-08
-2.54209e-08-1.16852e-08 1.75878e-09 1.41225e-08 2.47640e-08 3.32129e-08
 3.91827e-08 4.25703e-08 4.34417e-08 4.20059e-08 3.85830e-08 3.35698e-08
 2.74054e-08 2.05397e-08 1.34047e-08 6.39195e-09-1.64412e-10-5.99830e-09
-1.09171e-08-1.48027e-08-1.76094e-08-1.93570e-08-2.01213e-08-2.00205e-08
-1.91998e-08-1.78161e-08-1.60244e-08-1.39661e-08-1.17605e-08-9.49923e-09
-7.24337e-09-5.02481e-09-2.85058e-09-7.10765e-10 1.41119e-09 3.52726e-09
 5.63421e-09 7.70558e-09 9.68772e-09 1.15012e-08 1.30476e-08 1.42190e-08
 1.49104e-08 1.50309e-08 1.45150e-08 1.33316e-08 1.14908e-08 9.04665e-09
 6.09644e-09 2.77575e-09-7.49309e-10-4.29244e-09-7.65854e-09-1.06552e-08
-1.31034e-08-1.48477e-08-1.57657e-08-1.57786e-08-1.48603e-08-1.30457e-08
-1.04348e-08-7.19194e-09-3.53882e-09 2.57297e-10 3.90059e-09 7.08852e-09
 9.54019e-09 1.10330e-08 1.14428e-08 1.07753e-08 9.17462e-09 6.90455e-09
 4.30353e-09 1.72497e-09-5.23662e-10-2.22855e-09-3.29340e-09-3.73537e-09
-3.65658e-09-3.20345e-09-2.52959e-09-1.77254e-09-1.04333e-09-4.22373e-10
 4.17726e-11 3.31484e-10 4.56767e-10 4.49574e-10 3.55894e-10 2.25849e-10
 1.02168e-10 2.32071e-11
