      10
(6e12.5)
     0.0000e+00     0.0000e+00      0  0  0.00
     400   1.00000  0.0000e+00
 3.22273e-10 4.74872e-10 5.33707e-10 4.99108e-10 3.85105e-10 2.20174e-10
 4.65460e-11-8.31181e-11-1.12315e-10 1.02332e-11 3.21509e-10 8.37783e-10
 1.55189e-09 2.43358e-09 3.43186e-09 4.47887e-09 5.49475e-09 6.39313e-09
 7.08647e-09 7.49096e-09 7.53093e-09 7.14306e-09 6.28136e-09 4.92363e-09
 3.07846e-09 7.91099e-10-1.85404e-09-4.73526e-09-7.69983e-09-1.05735e-08
-1.31715e-08-1.53088e-08-1.68106e-08-1.75234e-08-1.73286e-08-1.61546e-08
-1.39888e-08-1.08856e-08-6.97166e-09-2.44551e-09 2.42859e-09 7.33441e-09
 1.19247e-08 1.58530e-08 1.88197e-08 2.06283e-08 2.12288e-08 2.07200e-08
 1.92941e-08 1.71674e-08 1.45485e-08 1.16305e-08 8.57712e-09 5.50596e-09
 2.48001e-09-4.92655e-10-3.45034e-09-6.46204e-09-9.60694e-09-1.29510e-08
-1.65226e-08-2.02901e-08-2.41441e-08-2.78863e-08-3.12269e-08-3.37919e-08
-3.51426e-08-3.48074e-08-3.23237e-08-2.72900e-08-1.94242e-08-8.62176e-09
 4.99039e-09 2.10119e-08 3.87438e-08 5.71851e-08 7.50554e-08 9.08473e-08
 1.02909e-07 1.09556e-07 1.09271e-07 1.01015e-07 8.45038e-08 6.02614e-08
 2.95879e-08-5.48855e-09-4.24664e-08-7.87909e-08-1.12225e-07-1.41095e-07
-1.64346e-07-1.81312e-07-1.91327e-07-1.93485e-07-1.86739e-07-1.70287e-07
-1.44015e-07-1.08610e-07-6.52994e-08-1.55511e-08 3.89742e-08 9.62291e-08
 1.53657e-07 2.08257e-07 2.56594e-07 2.94696e-07 3.18293e-07 3.23624e-07
 3.08184e-07 2.70991e-07 2.12776e-07 1.36371e-07 4.69219e-08-4.83284e-08
-1.40649e-07-2.20900e-07-2.80986e-07-3.15307e-07-3.21823e-07-3.02436e-07
-2.62401e-07-2.08842e-07-1.48884e-07-8.81595e-08-3.03017e-08 2.24224e-08
 6.79564e-08 1.03864e-07 1.27905e-07 1.39266e-07 1.39157e-07 1.30057e-07
 1.14389e-07 9.39944e-08 7.06344e-08 4.63996e-08 2.33371e-08 2.93299e-09
-1.38734e-08-2.64737e-08-3.46242e-08-3.84981e-08-3.85454e-08-3.53888e-08
-2.98139e-08-2.26728e-08-1.47721e-08-6.85124e-09 4.53429e-10 6.66606e-09
 1.14655e-08 1.46745e-08 1.62678e-08 1.63424e-08 1.50840e-08 1.27533e-08
 9.64987e-09 6.08144e-09 2.34914e-09-1.27800e-09-4.57791e-09-7.37908e-09
-9.56916e-09-1.10916e-08-1.19386e-08-1.21465e-08-1.17843e-08-1.09433e-08
-9.72879e-09-8.24926e-09-6.61004e-09-4.90725e-09-3.22253e-09-1.62186e-09
-1.54022e-10 1.14859e-09 2.26831e-09 3.20031e-09 3.94892e-09 4.52488e-09
 4.94271e-09 5.21834e-09 5.36729e-09 5.40304e-09 5.33637e-09 5.17534e-09
 4.92563e-09 4.59113e-09 4.17526e-09 3.68233e-09 3.11831e-09 2.49116e-09
 1.81127e-09 1.09188e-09 3.48993e-10-3.98991e-10-1.13178e-09-1.82808e-09
-2.46642e-09-3.02605e-09-3.48837e-09-3.83798e-09-4.06293e-09-4.15543e-09
-4.11309e-09-3.93903e-09-3.64101e-09-3.23121e-09-2.72601e-09-2.14476e-09
-1.50894e-09-8.42050e-10-1.68700e-10 4.87400e-10 1.10439e-09 1.66257e-09
 2.14481e-09 2.53699e-09 2.82855e-09 3.01356e-09 3.09107e-09 3.06388e-09
 2.93766e-09 2.72120e-09 2.42662e-09 2.06900e-09 1.66572e-09 1.23527e-09
 7.95716e-10 3.64182e-10-4.27920e-11-4.09560e-10-7.22981e-10-9.73623e-10
-1.15587e-09-1.26782e-09-1.31087e-09-1.28963e-09-1.21258e-09-1.09224e-09
-9.43868e-10-7.84120e-10-6.29746e-10-4.96588e-10-3.99013e-10-3.48737e-10
-3.53559e-10-4.16770e-10-5.36598e-10-7.06282e-10-9.15033e-10-1.14844e-09
-1.38887e-09-1.61679e-09-1.81230e-09-1.95650e-09-2.03287e-09-2.02811e-09
-1.93296e-09-1.74327e-09-1.46015e-09-1.08964e-09-6.42625e-10-1.34532e-10
 4.15545e-10 9.85430e-10 1.55062e-09 2.08600e-09 2.56732e-09 2.97206e-09
 3.28018e-09 3.47520e-09 3.54514e-09 3.48329e-09 3.28854e-09 2.96551e-09
 2.52434e-09 1.98041e-09 1.35467e-09 6.73197e-10-3.46387e-11-7.37648e-10
-1.40372e-09-2.00137e-09-2.50134e-09-2.87779e-09-3.11019e-09-3.18549e-09
-3.09874e-09-2.85317e-09-2.46088e-09-1.94258e-09-1.32584e-09-6.43033e-10
 7.11127e-11 7.82284e-10 1.45844e-09 2.07094e-09 2.59600e-09 3.01567e-09
 3.31760e-09 3.49366e-09 3.53787e-09 3.44479e-09 3.20928e-09 2.82734e-09
 2.29809e-09 1.62632e-09 8.25330e-10-7.98242e-11-1.04919e-09-2.02713e-09
-2.94465e-09-3.72464e-09-4.29001e-09-4.57327e-09-4.52611e-09-4.12834e-09
-3.39448e-09-2.37574e-09-1.15700e-09 1.51472e-10 1.42652e-09 2.54626e-09
 3.40431e-09 3.92231e-09 4.05807e-09 3.80856e-09 3.20788e-09 2.32031e-09
 1.23055e-09 3.33424e-11-1.17652e-09-2.31213e-09-3.29966e-09-4.08105e-09
-4.61468e-09-4.87478e-09-4.85133e-09-4.55044e-09-3.99473e-09-3.22334e-09
-2.29066e-09-1.26300e-09-2.13604e-10 7.83896e-10 1.66312e-09 2.37196e-09
 2.87741e-09 3.16756e-09 3.25026e-09 3.14879e-09 2.89641e-09 2.53101e-09
 2.09067e-09 1.61126e-09 1.12560e-09 6.63557e-10 2.52460e-10-8.31705e-11
-3.23323e-10-4.55027e-10-4.74979e-10-3.91382e-10-2.23687e-10 2.69715e-14
 2.47326e-10 4.86581e-10 6.91665e-10 8.44668e-10 9.36400e-10 9.65036e-10
 9.33406e-10 8.46269e-10 7.08820e-10 5.26619e-10 3.06807e-10 5.99436e-11
-1.98971e-10-4.51117e-10-6.75997e-10-8.54810e-10-9.74064e-10-1.02790e-09
-1.01845e-09-9.54277e-10-8.47594e-10-7.11310e-10-5.57118e-10-3.95005e-10
-2.34063e-10-8.38831e-11 4.48164e-11 1.41086e-10 1.96036e-10 2.05956e-10
 1.75200e-10 1.17395e-10 5.42521e-11 1.22448e-11
     0.0000e+00     0.0000e+00      0  0  0.00
     400   1.00000  0.0000e+00
-7.39537e-09 9.12177e-11 7.23922e-09 1.36414e-08 1.89921e-08 2.30917e-08
 2.58442e-08 2.72472e-08 2.73785e-08 2.63794e-08 2.44369e-08 2.17661e-08
 1.85931e-08 1.51397e-08 1.16100e-08 8.17953e-09 4.98802e-09 2.13589e-09
-3.15556e-10-2.34030e-09-3.94122e-09-5.14266e-09-5.98290e-09-6.50734e-09
-6.76360e-09-6.79829e-09-6.65505e-09-6.37368e-09-5.98941e-09-5.53211e-09
-5.02589e-09-4.48897e-09-3.93401e-09-3.36938e-09-2.80095e-09-2.23397e-09
-1.67479e-09-1.13233e-09-6.18359e-10-1.46999e-10 2.66695e-10 6.08573e-10
 8.67155e-10 1.03507e-09 1.11010e-09 1.09544e-09 9.98980e-10 8.32379e-10
 6.10135e-10 3.48813e-10 6.66960e-11-2.16434e-10-4.79793e-10-7.02399e-10
-8.64300e-10-9.48283e-10-9.41603e-10-8.37410e-10-6.35773e-10-3.43934e-10
 2.42812e-11 4.49401e-10 9.07313e-10 1.37041e-09 1.80899e-09 2.19314e-09
 2.49480e-09 2.68973e-09 2.75905e-09 2.69074e-09 2.48062e-09 2.13269e-09
 1.65885e-09 1.07823e-09 4.16193e-10-2.96992e-10-1.02773e-09-1.74103e-09
-2.40250e-09-2.98036e-09-3.44693e-09-3.77964e-09-3.96146e-09-3.98152e-09
-3.83557e-09-3.52620e-09-3.06283e-09-2.46181e-09-1.74660e-09-9.47707e-10
-1.01671e-10 7.50700e-10 1.56661e-09 2.30385e-09 2.92370e-09 3.39385e-09
 3.69084e-09 3.80192e-09 3.72608e-09 3.47419e-09 3.06823e-09 2.53960e-09
 1.92655e-09 1.27048e-09 6.11583e-10-1.55889e-11-5.85151e-10-1.08110e-09
-1.49690e-09-1.83393e-09-2.09848e-09-2.29761e-09-2.43487e-09-2.50714e-09
-2.50312e-09-2.40355e-09-2.18354e-09-1.81703e-09-1.28289e-09-5.71385e-10
 3.10374e-10 1.33497e-09 2.45382e-09 3.59908e-09 4.68799e-09 5.62920e-09
 6.33082e-09 6.70980e-09 6.70117e-09 6.26543e-09 5.39282e-09 4.10466e-09
 2.45246e-09 5.14587e-10-1.60922e-09-3.80413e-09-5.94636e-09-7.90933e-09
-9.57077e-09-1.08208e-08-1.15695e-08-1.17539e-08-1.13427e-08-1.03395e-08
-8.78293e-09-6.74544e-09-4.32886e-09-1.65851e-09 1.12465e-09 3.87273e-09
 6.43944e-09 8.68816e-09 1.04994e-08 1.17774e-08 1.24541e-08 1.24912e-08
 1.18815e-08 1.06492e-08 8.85142e-09 6.57536e-09 3.93528e-09 1.06746e-09
-1.87570e-09-4.73327e-09-7.34477e-09-9.55890e-09-1.12413e-08-1.22811e-08
-1.25976e-08-1.21449e-08-1.09160e-08-8.94490e-09-6.30633e-09-3.11470e-09
 4.79007e-10 4.29150e-09 8.11369e-09 1.17202e-08 1.48813e-08 1.73755e-08
 1.90012e-08 1.95876e-08 1.90072e-08 1.71857e-08 1.41105e-08 9.83674e-09
 4.49171e-09-1.72217e-09-8.53058e-09-1.55962e-08-2.25323e-08-2.89191e-08
-3.43242e-08-3.83275e-08-4.05482e-08-4.06725e-08-3.84792e-08-3.38620e-08
-2.68472e-08-1.76051e-08-6.45498e-09 6.13918e-09 1.95814e-08 3.31663e-08
 4.61106e-08 5.75938e-08 6.68091e-08 7.30188e-08 7.56114e-08 7.41533e-08
 6.84345e-08 5.85050e-08 4.46970e-08 2.76262e-08 8.17099e-09-1.25692e-08
-3.33370e-08-5.27999e-08-6.96514e-08-8.27205e-08-9.10838e-08-9.41729e-08
-9.18645e-08-8.45294e-08-7.29938e-08-5.83895e-08-4.19587e-08-2.49053e-08
-8.31157e-09 6.91199e-09 2.00607e-08 3.06542e-08 3.84412e-08 4.33932e-08
 4.56877e-08 4.56824e-08 4.38835e-08 4.09077e-08 3.74406e-08 3.41923e-08
 3.18493e-08 3.10262e-08 3.22166e-08 3.57461e-08 4.17294e-08 5.00346e-08
 6.02555e-08 7.16980e-08 8.33815e-08 9.40641e-08 1.02290e-07 1.06466e-07
 1.04962e-07 9.62332e-08 7.89676e-08 5.22367e-08 1.56535e-08-3.04910e-08
-8.51258e-08-1.46348e-07-2.11428e-07-2.76876e-07-3.38580e-07-3.91978e-07
-4.32287e-07-4.54762e-07-4.55000e-07-4.29293e-07-3.75032e-07-2.91146e-07
-1.78532e-07-4.03920e-08 1.17574e-07 2.87185e-07 4.57995e-07 6.17714e-07
 7.52841e-07 8.49530e-07 8.94865e-07 8.78846e-07 7.96784e-07 6.50927e-07
 4.50828e-07 2.13217e-07-3.90314e-08-2.79984e-07-4.85050e-07-6.35111e-07
-7.19609e-07-7.38247e-07-7.00622e-07-6.22916e-07-5.22494e-07-4.12951e-07
-3.01686e-07-1.91085e-07-8.24238e-08 2.02916e-08 1.09462e-07 1.76962e-07
 2.18856e-07 2.37626e-07 2.39768e-07 2.30893e-07 2.12935e-07 1.85886e-07
 1.51656e-07 1.15284e-07 8.19757e-08 5.37072e-08 2.96150e-08 9.28542e-09
-5.81121e-09-1.45026e-08-1.79956e-08-1.85562e-08-1.70805e-08-1.34305e-08
-8.44704e-09-3.83676e-09-3.35452e-10 2.35314e-09 4.05727e-09 4.18337e-09
 2.89590e-09 8.11671e-10-1.92256e-09-5.21156e-09-8.56175e-09-1.16296e-08
-1.43461e-08-1.65492e-08-1.81128e-08-1.90836e-08-1.95172e-08-1.94666e-08
-1.90272e-08-1.82832e-08-1.72936e-08-1.61013e-08-1.47262e-08-1.31663e-08
-1.14062e-08-9.42443e-09-7.20328e-09-4.73960e-09-2.05413e-09 8.01809e-10
 3.74341e-09 6.65443e-09 9.39532e-09 1.18167e-08 1.37759e-08 1.51536e-08
 1.58679e-08 1.58854e-08 1.52263e-08 1.39633e-08 1.22136e-08 1.01261e-08
 7.86444e-09 5.58908e-09 3.44007e-09 1.52298e-09-9.98530e-11-1.41126e-09
-2.43463e-09-3.22350e-09-3.84687e-09-4.37238e-09-4.85059e-09-5.30394e-09
-5.72280e-09-6.06871e-09-6.28316e-09-6.30091e-09-6.06572e-09-5.54551e-09
-4.74304e-09-3.69974e-09-2.49178e-09-1.21990e-09 5.07389e-12 1.07865e-09
 1.91798e-09 2.47342e-09 2.73396e-09 2.72537e-09 2.50219e-09 2.13566e-09
 1.70039e-09 1.26233e-09 8.70316e-10 5.52704e-10 3.18506e-10 1.61767e-10
 6.79216e-11 2.00717e-11 2.40760e-12-3.71805e-13
     0.0000e+00     0.0000e+00      0  0  0.00
     400   1.00000  0.0000e+00
 3.34552e-07 3.18592e-07 2.77487e-07 2.13332e-07 1.31533e-07 4.02505e-08
-5.09044e-08-1.32681e-07-1.97965e-07-2.42940e-07-2.67204e-07-2.72797e-07
-2.62650e-07-2.39369e-07-2.05040e-07-1.62010e-07-1.13754e-07-6.47264e-08
-1.91062e-08 2.04301e-08 5.27369e-08 7.72720e-08 9.35523e-08 1.01532e-07
 1.02012e-07 9.63554e-08 8.60028e-08 7.24142e-08 5.71085e-08 4.14749e-08
 2.66340e-08 1.34813e-08 2.66072e-09-5.50320e-09-1.09446e-08-1.37924e-08
-1.43680e-08-1.31197e-08-1.05430e-08-7.16109e-09-3.47705e-09 7.89405e-11
 3.15412e-09 5.48935e-09 6.93669e-09 7.44239e-09 7.03995e-09 5.84053e-09
 4.00377e-09 1.72322e-09-7.90928e-10-3.33566e-09-5.72439e-09-7.79944e-09
-9.44254e-09-1.05754e-08-1.11634e-08-1.12117e-08-1.07583e-08-9.86931e-09
-8.62944e-09-7.13485e-09-5.48631e-09-3.78156e-09-2.11072e-09-5.51075e-10
 8.36408e-10 2.00818e-09 2.93866e-09 3.61881e-09 4.05433e-09 4.26319e-09
 4.27262e-09 4.11616e-09 3.83056e-09 3.45312e-09 3.01926e-09 2.56104e-09
 2.10620e-09 1.67719e-09 1.29064e-09 9.57493e-10 6.83411e-10 4.69042e-10
 3.10792e-10 2.02171e-10 1.34542e-10 9.77664e-11 8.14721e-11 7.59698e-11
 7.25069e-11 6.37223e-11 4.39833e-11 9.14917e-12-4.34718e-11-1.14946e-10
-2.05034e-10-3.12253e-10-4.33235e-10-5.63006e-10-6.96281e-10-8.27777e-10
-9.51729e-10-1.06227e-09-1.15403e-09-1.22194e-09-1.26163e-09-1.27008e-09
-1.24541e-09-1.18617e-09-1.09181e-09-9.63303e-10-8.03427e-10-6.16680e-10
-4.08347e-10-1.83681e-10 5.19645e-11 2.92454e-10 5.30978e-10 7.61190e-10
 9.77715e-10 1.17572e-09 1.35083e-09 1.49936e-09 1.61816e-09 1.70508e-09
 1.75921e-09 1.78022e-09 1.76760e-09 1.72022e-09 1.63636e-09 1.51452e-09
 1.35366e-09 1.15253e-09 9.10071e-10 6.26633e-10 3.04465e-10-5.20038e-11
-4.36249e-10-8.39745e-10-1.25142e-09-1.65760e-09-2.04260e-09-2.38923e-09
-2.67978e-09-2.89749e-09-3.02747e-09-3.05762e-09-2.97949e-09-2.78907e-09
-2.48770e-09-2.08218e-09-1.58399e-09-1.00943e-09-3.79762e-10 2.79842e-10
 9.41736e-10 1.57676e-09 2.15564e-09 2.65081e-09 3.03768e-09 3.29593e-09
 3.41097e-09 3.37460e-09 3.18527e-09 2.84890e-09 2.37915e-09 1.79671e-09
 1.12886e-09 4.08525e-10-3.28056e-10-1.04366e-09-1.70182e-09-2.26874e-09
-2.71552e-09-3.01953e-09-3.16507e-09-3.14436e-09-2.95842e-09-2.61699e-09
-2.13752e-09-1.54381e-09-8.64422e-10-1.31515e-10 6.19569e-10 1.35111e-09
 2.02463e-09 2.60225e-09 3.04801e-09 3.32982e-09 3.42191e-09 3.30790e-09
 2.98439e-09 2.46391e-09 1.77621e-09 9.68081e-10 1.01362e-10-7.50954e-10
-1.51129e-09-2.10655e-09-2.47777e-09-2.58902e-09-2.43387e-09-2.03805e-09
-1.45816e-09-7.76119e-10-8.88163e-11 5.04838e-10 9.17851e-10 1.08804e-09
 9.86796e-10 6.22696e-10 4.03586e-11-6.86304e-10-1.46506e-09-2.19826e-09
-2.79604e-09-3.18706e-09-3.32490e-09-3.19069e-09-2.79211e-09-2.15915e-09
-1.33850e-09-3.87676e-10 6.30308e-10 1.65059e-09 2.60896e-09 3.44418e-09
 4.10062e-09 4.53173e-09 4.70427e-09 4.60243e-09 4.23089e-09 3.61608e-09
 2.80501e-09 1.86077e-09 8.55571e-10-1.37339e-10-1.05163e-09-1.83381e-09
-2.44634e-09-2.86813e-09-3.09271e-09-3.12507e-09-2.97863e-09-2.67313e-09
-2.23364e-09-1.69065e-09-1.08016e-09-4.42763e-10 1.78699e-10 7.42879e-10
 1.21451e-09 1.56843e-09 1.79206e-09 1.88577e-09 1.86062e-09 1.73436e-09
 1.52722e-09 1.25832e-09 9.43928e-10 5.97656e-10 2.32082e-10-1.39355e-10
-5.01096e-10-8.35676e-10-1.12560e-09-1.35606e-09-1.51747e-09-1.60677e-09
-1.62682e-09-1.58433e-09-1.48706e-09-1.34163e-09-1.15256e-09-9.23110e-10
-6.57399e-10-3.62587e-10-5.01269e-11 2.64705e-10 5.65020e-10 8.35373e-10
 1.06440e-09 1.24595e-09 1.37842e-09 1.46252e-09 1.49881e-09 1.48596e-09
 1.42056e-09 1.29868e-09 1.11839e-09 8.82063e-10 5.97417e-10 2.76892e-10
-6.42631e-11-4.10164e-10-7.45791e-10-1.05733e-09-1.33142e-09-1.55400e-09
-1.70998e-09-1.78430e-09-1.76439e-09-1.64335e-09-1.42270e-09-1.11340e-09
-7.34638e-10-3.10952e-10 1.31318e-10 5.66966e-10 9.73521e-10 1.33152e-09
 1.62404e-09 1.83622e-09 1.95569e-09 1.97397e-09 1.88812e-09 1.70169e-09
 1.42398e-09 1.06810e-09 6.48425e-10 1.78923e-10-3.26693e-10-8.52943e-10
-1.37952e-09-1.87882e-09-2.31535e-09-2.64792e-09-2.83416e-09-2.83644e-09
-2.62764e-09-2.19576e-09-1.54691e-09-7.07334e-10 2.75539e-10 1.33336e-09
 2.37969e-09 3.31643e-09 4.04389e-09 4.47366e-09 4.54186e-09 4.22007e-09
 3.52100e-09 2.49788e-09 1.23791e-09-1.48356e-10-1.53947e-09-2.81549e-09
-3.86928e-09-4.61621e-09-5.00170e-09-5.00579e-09-4.64350e-09-3.96064e-09
-3.02598e-09-1.92146e-09-7.32824e-10 4.57663e-10 1.57531e-09 2.55465e-09
 3.34037e-09 3.88910e-09 4.17276e-09 4.18197e-09 3.92803e-09 3.44221e-09
 2.77219e-09 1.97639e-09 1.11776e-09 2.58037e-10-5.46933e-10-1.25088e-09
-1.81992e-09-2.23410e-09-2.48738e-09-2.58581e-09-2.54387e-09-2.38024e-09
-2.11438e-09-1.76561e-09-1.35476e-09-9.06459e-10-4.49985e-10-1.73675e-11
 3.60608e-10 6.59158e-10 8.63366e-10 9.69826e-10 9.85649e-10 9.25653e-10
 8.09158e-10 6.57388e-10 4.91600e-10 3.31465e-10 1.93385e-10 8.87485e-11
 2.25411e-11-7.35417e-12-1.03034e-11-3.33301e-12
     0.0000e+00     0.0000e+00      0  0  0.00
     400   1.00000  0.0000e+00
-3.56965e-09 8.77360e-09 2.03938e-08 3.06931e-08 3.92440e-08 4.57857e-08
 5.02079e-08 5.25268e-08 5.28578e-08 5.13891e-08 4.83573e-08 4.40273e-08
 3.86755e-08 3.25772e-08 2.59956e-08 1.91732e-08 1.23249e-08 5.63400e-09
-7.46975e-10-6.69289e-09-1.21021e-08-1.68936e-08-2.10041e-08-2.43849e-08
-2.69985e-08-2.88149e-08-2.98126e-08-2.99802e-08-2.93209e-08-2.78574e-08
-2.56365e-08-2.27326e-08-1.92469e-08-1.53037e-08-1.10436e-08-6.61710e-09
-2.18034e-09 2.10893e-09 6.09612e-09 9.63683e-09 1.26043e-08 1.48951e-08
 1.64329e-08 1.71721e-08 1.71011e-08 1.62459e-08 1.46709e-08 1.24783e-08
 9.80438e-09 6.81518e-09 3.69717e-09 6.45909e-10-2.14592e-09-4.49797e-09
-6.24937e-09-7.26531e-09-7.44510e-09-6.73069e-09-5.11349e-09-2.63801e-09
 5.97282e-10 4.44022e-09 8.68691e-09 1.30872e-08 1.73549e-08 2.11819e-08
 2.42537e-08 2.62660e-08 2.69427e-08 2.60543e-08 2.34344e-08 1.89926e-08
 1.27241e-08 4.71888e-09-4.83153e-09-1.56337e-08-2.72980e-08-3.93500e-08
-5.12441e-08-6.23816e-08-7.21328e-08-7.98665e-08-8.49836e-08-8.69527e-08
-8.53456e-08-7.98702e-08-7.04000e-08-5.69980e-08-3.99317e-08-1.96793e-08
 3.07377e-09 2.74518e-08 5.24189e-08 7.68246e-08 9.94597e-08 1.19119e-07
 1.34668e-07 1.45115e-07 1.49682e-07 1.47870e-07 1.39514e-07 1.24813e-07
 1.04349e-07 7.90751e-08 5.02726e-08 1.94860e-08-1.15692e-08-4.11176e-08
-6.74528e-08-8.90752e-08-1.04829e-07-1.14035e-07-1.16586e-07-1.12943e-07
-1.03987e-07-9.08527e-08-7.48100e-08-5.71784e-08-3.92482e-08-2.22124e-08
-7.11089e-09 5.21414e-09 1.41502e-08 1.93346e-08 2.06638e-08 1.82936e-08
 1.26287e-08 4.30345e-09-5.84734e-09-1.68278e-08-2.75313e-08-3.68013e-08
-4.35022e-08-4.65978e-08-4.52358e-08-3.88315e-08-2.71467e-08-1.03572e-08
 1.08986e-08 3.54976e-08 6.18442e-08 8.79220e-08 1.11389e-07 1.29716e-07
 1.40416e-07 1.41401e-07 1.31370e-07 1.10109e-07 7.87369e-08 3.97913e-08
-3.08710e-09-4.57652e-08-8.43168e-08-1.15730e-07-1.38387e-07-1.51979e-07
-1.56918e-07-1.53666e-07-1.42423e-07-1.23363e-07-9.72345e-08-6.56871e-08
-3.09478e-08 4.88790e-09 4.02862e-08 7.41776e-08 1.05738e-07 1.34269e-07
 1.58790e-07 1.77520e-07 1.88092e-07 1.88412e-07 1.77189e-07 1.53958e-07
 1.19028e-07 7.35937e-08 2.00531e-08-3.78320e-08-9.52129e-08-1.46763e-07
-1.87482e-07-2.13525e-07-2.22820e-07-2.15315e-07-1.92816e-07-1.58451e-07
-1.16022e-07-6.95763e-08-2.31452e-08 1.96005e-08 5.58733e-08 8.42262e-08
 1.04410e-07 1.16546e-07 1.20481e-07 1.16237e-07 1.04990e-07 8.90460e-08
 7.05963e-08 5.09524e-08 3.11694e-08 1.26510e-08-3.35781e-09-1.62845e-08
-2.58814e-08-3.19733e-08-3.47383e-08-3.46693e-08-3.22473e-08-2.80135e-08
-2.26603e-08-1.67922e-08-1.08847e-08-5.40651e-09-7.05743e-10 3.03642e-09
 5.69686e-09 7.25331e-09 7.80061e-09 7.46185e-09 6.40788e-09 4.85053e-09
 2.97779e-09 9.75754e-10-9.84733e-10-2.78240e-09-4.31701e-09-5.52273e-09
-6.37537e-09-6.86628e-09-7.01462e-09-6.85673e-09-6.43130e-09-5.78804e-09
-4.97339e-09-4.03044e-09-3.00219e-09-1.92330e-09-8.27438e-10 2.54982e-10
 1.29723e-09 2.27252e-09 3.15775e-09 3.93088e-09 4.57230e-09 5.06635e-09
 5.40090e-09 5.56983e-09 5.57258e-09 5.41497e-09 5.10884e-09 4.67061e-09
 4.12050e-09 3.48095e-09 2.77549e-09 2.02742e-09 1.25919e-09 4.92023e-10
-2.54587e-10-9.62936e-10-1.61687e-09-2.20155e-09-2.70316e-09-3.10871e-09
-3.40676e-09-3.58845e-09-3.64789e-09-3.58305e-09-3.39723e-09-3.09966e-09
-2.70515e-09-2.23399e-09-1.71115e-09-1.16400e-09-6.20011e-10-1.05193e-10
 3.58015e-10 7.52700e-10 1.06786e-09 1.29825e-09 1.44437e-09 1.51160e-09
 1.50856e-09 1.44632e-09 1.33784e-09 1.19705e-09 1.03845e-09 8.77173e-10
 7.28292e-10 6.05644e-10 5.21295e-10 4.85025e-10 5.03006e-10 5.76412e-10
 7.00819e-10 8.66074e-10 1.05659e-09 1.25280e-09 1.43305e-09 1.57477e-09
 1.65625e-09 1.65903e-09 1.56968e-09 1.38060e-09 1.09032e-09 7.02923e-10
 2.27610e-10-3.21580e-10-9.26064e-10-1.56299e-09-2.20621e-09-2.82788e-09
-3.39924e-09-3.89149e-09-4.27778e-09-4.53537e-09-4.64758e-09-4.60564e-09
-4.40915e-09-4.06538e-09-3.58836e-09-2.99762e-09-2.31707e-09-1.57393e-09
-7.97128e-10-1.54498e-11 7.43278e-10 1.45296e-09 2.09044e-09 2.63642e-09
 3.07619e-09 3.40100e-09 3.60848e-09 3.70211e-09 3.69033e-09 3.58537e-09
 3.40160e-09 3.15377e-09 2.85579e-09 2.52000e-09 2.15638e-09 1.77232e-09
 1.37339e-09 9.64420e-10 5.50211e-10 1.36661e-10-2.68315e-10-6.55257e-10
-1.01354e-09-1.33077e-09-1.59283e-09-1.78488e-09-1.89155e-09-1.89786e-09
-1.79132e-09-1.56409e-09-1.21458e-09-7.49425e-10-1.84356e-10 4.56819e-10
 1.14372e-09 1.84066e-09 2.50846e-09 3.10631e-09 3.59348e-09 3.93123e-09
 4.08497e-09 4.02652e-09 3.73641e-09 3.20622e-09 2.44117e-09 1.46247e-09
 3.08287e-10-9.66645e-10-2.29277e-09-3.58952e-09-4.77072e-09-5.75078e-09
-6.45235e-09-6.81449e-09-6.79988e-09-6.40036e-09-5.63973e-09-4.57300e-09
-3.28226e-09-1.86945e-09-4.46125e-10 8.77884e-10 2.00595e-09 2.86461e-09
 3.40994e-09 3.63009e-09 3.54454e-09 3.20017e-09 2.66516e-09 2.02181e-09
 1.35851e-09 7.61777e-10 3.09323e-10 6.40654e-11
     0.0000e+00     0.0000e+00      0  0  0.00
     400   1.00000  0.0000e+00
-3.10127e-09-6.67161e-09-9.82730e-09-1.23746e-08-1.41845e-08-1.51896e-08
-1.53826e-08-1.48115e-08-1.35714e-08-1.17952e-08-9.64162e-09-7.28077e-09
-4.87980e-09-2.58915e-09-5.31808e-10 1.20450e-09 2.57134e-09 3.55916e-09
 4.19198e-09 4.51826e-09 4.60057e-09 4.50597e-09 4.29841e-09 4.03327e-09
 3.75374e-09 3.48884e-09 3.25264e-09 3.04522e-09 2.85567e-09 2.66725e-09
 2.46307e-09 2.23046e-09 1.96309e-09 1.66138e-09 1.33245e-09 9.89823e-10
 6.52013e-10 3.38877e-10 6.63411e-11-1.57969e-10-3.35863e-10-4.76619e-10
-5.94019e-10-7.03809e-10-8.21119e-10-9.57099e-10-1.11539e-09-1.29004e-09
-1.46606e-09-1.62249e-09-1.73676e-09-1.78923e-09-1.76678e-09-1.66524e-09
-1.49029e-09-1.25660e-09-9.84902e-10-6.97518e-10-4.13617e-10-1.45763e-10
 1.01084e-10 3.28208e-10 5.40286e-10 7.41947e-10 9.34385e-10 1.11280e-09
 1.26549e-09 1.37503e-09 1.42168e-09 1.38828e-09 1.26553e-09 1.05604e-09
 7.75565e-10 4.50753e-10 1.14395e-10-2.00284e-10-4.64567e-10-6.57586e-10
-7.67771e-10-7.92442e-10-7.36031e-10-6.07595e-10-4.17986e-10-1.77313e-10
 1.05859e-10 4.22596e-10 7.59950e-10 1.09779e-09 1.40789e-09 1.65582e-09
 1.80541e-09 1.82512e-09 1.69445e-09 1.40874e-09 9.80851e-10 4.39480e-10
-1.75177e-10-8.17518e-10-1.44271e-09-2.01131e-09-2.49161e-09-2.85988e-09
-3.09944e-09-3.19937e-09-3.15369e-09-2.96124e-09-2.62662e-09-2.16220e-09
-1.59046e-09-9.45447e-10-2.71974e-10 3.78078e-10 9.52255e-10 1.40579e-09
 1.70933e-09 1.85345e-09 1.84832e-09 1.71897e-09 1.49806e-09 1.21923e-09
 9.13227e-10 6.07277e-10 3.26523e-10 9.53094e-11-6.30316e-11-1.28461e-10
-8.84043e-11 5.73380e-11 2.93114e-10 5.87442e-10 8.97087e-10 1.17425e-09
 1.37528e-09 1.46885e-09 1.44140e-09 1.29784e-09 1.05784e-09 7.50012e-10
 4.06572e-10 5.98755e-11-2.59502e-10-5.23854e-10-7.09512e-10-7.98844e-10
-7.83325e-10-6.66733e-10-4.66773e-10-2.13920e-10 5.24238e-11 2.89658e-10
 4.58941e-10 5.32354e-10 4.98212e-10 3.62135e-10 1.43201e-10-1.32846e-10
-4.39895e-10-7.55021e-10-1.05933e-09-1.33759e-09-1.57788e-09-1.77156e-09
-1.91302e-09-1.99924e-09-2.02926e-09-2.00367e-09-1.92385e-09-1.79037e-09
-1.60124e-09-1.35128e-09-1.03421e-09-6.47387e-10-1.97274e-10 2.97372e-10
 8.06180e-10 1.29157e-09 1.71525e-09 2.04476e-09 2.25852e-09 2.34806e-09
 2.31732e-09 2.17964e-09 1.95401e-09 1.66206e-09 1.32636e-09 9.69556e-10
 6.13800e-10 2.79644e-10-1.55818e-11-2.59287e-10-4.43870e-10-5.65193e-10
-6.20091e-10-6.04542e-10-5.13945e-10-3.45865e-10-1.04353e-10 1.96035e-10
 5.28715e-10 8.57478e-10 1.14257e-09 1.34837e-09 1.44975e-09 1.43529e-09
 1.30686e-09 1.07630e-09 7.61249e-10 3.81765e-10-4.10922e-11-4.85454e-10
-9.28695e-10-1.34799e-09-1.72132e-09-2.02854e-09-2.25221e-09-2.37779e-09
-2.39367e-09-2.29194e-09-2.07083e-09-1.73803e-09-1.31295e-09-8.26435e-10
-3.16994e-10 1.75567e-10 6.17189e-10 9.84828e-10 1.26809e-09 1.46694e-09
 1.58697e-09 1.63462e-09 1.61439e-09 1.52884e-09 1.38035e-09 1.17326e-09
 9.15228e-10 6.17532e-10 2.94566e-10-3.70272e-11-3.59317e-10-6.54085e-10
-9.04082e-10-1.09476e-09-1.21621e-09-1.26442e-09-1.24096e-09-1.15115e-09
-1.00186e-09-8.00493e-10-5.55776e-10-2.79631e-10 1.13539e-11 2.96280e-10
 5.52675e-10 7.61011e-10 9.09212e-10 9.95066e-10 1.02523e-09 1.01133e-09
 9.65046e-10 8.94398e-10 8.02437e-10 6.88112e-10 5.48438e-10 3.81073e-10
 1.86720e-10-2.90433e-11-2.55015e-10-4.75069e-10-6.70353e-10-8.22651e-10
-9.18091e-10-9.49965e-10-9.19464e-10-8.33926e-10-7.03634e-10-5.39168e-10
-3.50810e-10-1.49746e-10 5.07315e-11 2.35850e-10 3.92133e-10 5.10972e-10
 5.91065e-10 6.38314e-10 6.62960e-10 6.74997e-10 6.79847e-10 6.76207e-10
 6.56789e-10 6.11092e-10 5.28668e-10 4.02043e-10 2.29270e-10 1.60353e-11
-2.23610e-10-4.69069e-10-6.97617e-10-8.89710e-10-1.03273e-09-1.12173e-09
-1.15756e-09-1.14401e-09-1.08584e-09-9.88733e-10-8.60511e-10-7.11880e-10
-5.54730e-10-3.98006e-10-2.43604e-10-8.55023e-11 8.63963e-11 2.79565e-10
 4.93079e-10 7.15625e-10 9.27465e-10 1.10462e-09 1.22343e-09 1.26472e-09
 1.21707e-09 1.07930e-09 8.61517e-10 5.84314e-10 2.75816e-10-3.32849e-11
-3.15289e-10-5.49580e-10-7.23829e-10-8.32799e-10-8.76804e-10-8.61284e-10
-7.96638e-10-6.96166e-10-5.71321e-10-4.26240e-10-2.54950e-10-4.33237e-11
 2.24866e-10 5.60456e-10 9.62902e-10 1.41779e-09 1.89834e-09 2.36985e-09
 2.79513e-09 3.13904e-09 3.37135e-09 3.46874e-09 3.41634e-09 3.20866e-09
 2.84913e-09 2.34834e-09 1.72155e-09 9.85764e-10 1.56350e-10-7.56107e-10
-1.74663e-09-2.81230e-09-3.94462e-09-5.12154e-09-6.30315e-09-7.43316e-09
-8.44441e-09-9.26547e-09-9.82637e-09-1.00635e-08-9.92480e-09-9.37486e-09
-8.40071e-09-7.01526e-09-5.25754e-09-3.18883e-09-8.86344e-10 1.56259e-09
 4.06373e-09 6.51696e-09 8.81739e-09 1.08580e-08 1.25338e-08 1.37460e-08
 1.44073e-08 1.44494e-08 1.38331e-08 1.25577e-08 1.06686e-08 8.25873e-09
 5.46673e-09 2.47012e-09-5.25928e-10-3.30498e-09-5.65963e-09-7.41329e-09
-8.44079e-09-8.68582e-09-8.17380e-09-7.01857e-09-5.42144e-09-3.65904e-09
-2.04676e-09-8.60031e-10-2.25255e-10-2.43812e-11
     0.0000e+00     0.0000e+00      0  0  0.00
     400   1.00000  0.0000e+00
-5.00937e-09-6.05811e-09-6.83967e-09-7.29075e-09-7.37594e-09-7.09021e-09
-6.45570e-09-5.51419e-09-4.31807e-09-2.92259e-09-1.38079e-09 2.57934e-10
 1.94498e-09 3.62681e-09 5.23942e-09 6.70528e-09 7.93453e-09 8.83156e-09
 9.30642e-09 9.28864e-09 8.73959e-09 7.66046e-09 6.09443e-09 4.12307e-09
 1.85768e-09-5.72214e-10-3.03049e-09-5.38404e-09-7.50909e-09-9.29425e-09
-1.06413e-08-1.14664e-08-1.17023e-08-1.13052e-08-1.02615e-08-8.59749e-09
-6.38565e-09-3.74647e-09-8.42610e-10 2.13432e-09 4.98231e-09 7.50881e-09
 9.54834e-09 1.09753e-08 1.17102e-08 1.17206e-08 1.10184e-08 9.65646e-09
 7.72532e-09 5.35068e-09 2.68999e-09-7.34217e-11-2.74106e-09-5.11468e-09
-7.01482e-09-8.29990e-09-8.88272e-09-8.74087e-09-7.91851e-09-6.51938e-09
-4.69259e-09-2.61417e-09-4.67740e-10 1.57266e-09 3.35555e-09 4.76093e-09
 5.70609e-09 6.14954e-09 6.09304e-09 5.58169e-09 4.70096e-09 3.56935e-09
 2.32528e-09 1.10867e-09 4.08353e-11-7.92919e-10-1.35416e-09-1.65318e-09
-1.74125e-09-1.69494e-09-1.59675e-09-1.51731e-09-1.50335e-09-1.57288e-09
-1.71624e-09-1.90103e-09-2.07899e-09-2.19335e-09-2.18604e-09-2.00508e-09
-1.61315e-09-9.97103e-10-1.76639e-10 7.91523e-10 1.81689e-09 2.78691e-09
 3.58536e-09 4.11320e-09 4.30626e-09 4.14526e-09 3.65550e-09 2.89708e-09
 1.94928e-09 8.94346e-10-1.94646e-10-1.25961e-09-2.25761e-09-3.15782e-09
-3.93804e-09-4.58216e-09-5.07844e-09-5.41761e-09-5.59046e-09-5.58498e-09
-5.38458e-09-4.96958e-09-4.32345e-09-3.44287e-09-2.34868e-09-1.09257e-09
 2.44138e-10 1.56097e-09 2.75522e-09 3.74046e-09 4.46088e-09 4.89674e-09
 5.06020e-09 4.98445e-09 4.71128e-09 4.28126e-09 3.72906e-09 3.08346e-09
 2.36991e-09 1.61337e-09 8.39929e-10 7.71867e-11-6.45418e-10-1.29554e-09
-1.83703e-09-2.23133e-09-2.44284e-09-2.44726e-09-2.24064e-09-1.84538e-09
-1.30932e-09-6.96579e-10-7.28712e-11 5.08812e-10 1.01696e-09 1.44173e-09
 1.78725e-09 2.06000e-09 2.25935e-09 2.37415e-09 2.38582e-09 2.27545e-09
 2.03127e-09 1.65331e-09 1.15410e-09 5.56645e-10-1.08379e-10-8.04948e-10
-1.49394e-09-2.13634e-09-2.69770e-09-3.15230e-09-3.48509e-09-3.68969e-09
-3.76300e-09-3.69908e-09-3.48610e-09-3.10952e-09-2.56093e-09-1.84881e-09
-1.00542e-09-8.54940e-11 8.43322e-10 1.71432e-09 2.47419e-09 3.08925e-09
 3.54410e-09 3.83486e-09 3.96148e-09 3.92292e-09 3.71650e-09 3.34051e-09
 2.79769e-09 2.09811e-09 1.26129e-09 3.18182e-10-6.87378e-10-1.69930e-09
-2.65334e-09-3.48476e-09-4.13767e-09-4.57231e-09-4.76728e-09-4.71613e-09
-4.42103e-09-3.88830e-09-3.12904e-09-2.16501e-09-1.03568e-09 1.98833e-10
 1.46233e-09 2.67366e-09 3.75954e-09 4.66394e-09 5.35088e-09 5.80118e-09
 6.00650e-09 5.96433e-09 5.67573e-09 5.14584e-09 4.38571e-09 3.41483e-09
 2.26355e-09 9.75624e-10-3.90207e-10-1.76134e-09-3.05693e-09-4.19752e-09
-5.11504e-09-5.75933e-09-6.09873e-09-6.11646e-09-5.80685e-09-5.17551e-09
-4.24406e-09-3.05649e-09-1.68179e-09-2.09684e-10 1.26039e-09 2.63257e-09
 3.82474e-09 4.77232e-09 5.42669e-09 5.75208e-09 5.72375e-09 5.32869e-09
 4.56778e-09 3.45824e-09 2.03563e-09 3.55421e-10-1.50612e-09-3.45343e-09
-5.37719e-09-7.16370e-09-8.70551e-09-9.90967e-09-1.07011e-08-1.10219e-08
-1.08303e-08-1.01028e-08-8.84109e-09-7.07936e-09-4.88636e-09-2.35992e-09
 3.84887e-10 3.22813e-09 6.05275e-09 8.74603e-09 1.11978e-08 1.32997e-08
 1.49483e-08 1.60519e-08 1.65387e-08 1.63649e-08 1.55195e-08 1.40273e-08
 1.19494e-08 9.38127e-09 6.44619e-09 3.28791e-09 6.23999e-11-3.06867e-09
-5.94349e-09-8.40715e-09-1.03219e-08-1.15801e-08-1.21143e-08-1.19018e-08
-1.09613e-08-9.34646e-09-7.14116e-09-4.45918e-09-1.44667e-09 1.71641e-09
 4.82041e-09 7.63638e-09 9.93062e-09 1.14807e-08 1.20909e-08 1.16067e-08
 9.92867e-09 7.02467e-09 2.93899e-09-2.20322e-09-8.19637e-09-1.47590e-08
-2.15436e-08-2.81528e-08-3.41640e-08-3.91559e-08-4.27358e-08-4.45607e-08
-4.43530e-08-4.19161e-08-3.71507e-08-3.00742e-08-2.08372e-08-9.73113e-09
 2.81583e-09 1.62542e-08 2.99374e-08 4.31530e-08 5.51598e-08 6.52324e-08
 7.27139e-08 7.70703e-08 7.79424e-08 7.51863e-08 6.88999e-08 5.94283e-08
 4.73481e-08 3.34301e-08 1.85815e-08 3.77576e-09-1.00274e-08-2.19648e-08
-3.13552e-08-3.77816e-08-4.11620e-08-4.17970e-08-4.03839e-08-3.78876e-08
-3.51643e-08-3.26392e-08-3.03828e-08-2.83543e-08-2.65050e-08-2.47948e-08
-2.31980e-08-2.17016e-08-2.02983e-08-1.89788e-08-1.77257e-08-1.65093e-08
-1.52832e-08-1.39828e-08-1.25249e-08-1.08114e-08-8.73486e-09-6.18833e-09
-3.07672e-09 6.68360e-10 5.07260e-09 1.01035e-08 1.56573e-08 2.15503e-08
 2.75169e-08 3.32146e-08 3.82391e-08 4.21477e-08 4.44903e-08 4.48489e-08
 4.28812e-08 3.83695e-08 3.13161e-08 2.20781e-08 1.13728e-08 1.41977e-10
-1.05374e-08-1.95686e-08-2.60773e-08-2.96259e-08-3.03040e-08-2.86544e-08
-2.54363e-08-2.13735e-08-1.69900e-08-1.25666e-08-8.25856e-09-4.27809e-09
-9.40175e-10 1.48137e-09 2.92453e-09 3.55805e-09 3.65923e-09 3.50163e-09
 3.30378e-09 3.15876e-09 2.97741e-09 2.60498e-09 2.04723e-09 1.49194e-09
 1.08003e-09 7.60264e-10 4.10106e-10 1.07591e-10
     0.0000e+00     0.0000e+00      0  0  0.00
     400   1.00000  0.0000e+00
 2.41732e-08 2.25750e-08 2.01281e-08 1.70338e-08 1.35483e-08 9.96052e-09
 6.56898e-09 3.65737e-09 1.47181e-09 2.00539e-10-4.27728e-11 7.68621e-10
 2.56734e-09 5.19059e-09 8.38527e-09 1.18193e-08 1.50990e-08 1.77921e-08
 1.94559e-08 1.96682e-08 1.80604e-08 1.43490e-08 8.36626e-09 8.71068e-11
-1.03503e-08-2.26319e-08-3.62670e-08-5.05987e-08-6.48290e-08-7.80572e-08
-8.93310e-08-9.77110e-08-1.02384e-07-1.02829e-07-9.89171e-08-9.09314e-08
-7.95901e-08-6.59169e-08-5.09212e-08-3.52994e-08-1.92156e-08-2.21143e-09
 1.66096e-08 3.81647e-08 6.29242e-08 9.06172e-08 1.20275e-07 1.50523e-07
 1.79813e-07 2.06408e-07 2.28196e-07 2.42686e-07 2.47336e-07 2.40079e-07
 2.19718e-07 1.85906e-07 1.38773e-07 7.88778e-08 7.96881e-09-7.02758e-08
-1.50560e-07-2.26896e-07-2.93173e-07-3.43494e-07-3.72850e-07-3.77977e-07
-3.57940e-07-3.14370e-07-2.51323e-07-1.74702e-07-9.14202e-08-8.47141e-09
 6.79084e-08 1.32746e-07 1.82520e-07 2.15230e-07 2.30462e-07 2.29468e-07
 2.14960e-07 1.90339e-07 1.58701e-07 1.22435e-07 8.38390e-08 4.58730e-08
 1.17350e-08-1.65157e-08-3.84337e-08-5.41302e-08-6.34473e-08-6.65343e-08
-6.44141e-08-5.83994e-08-4.95541e-08-3.89948e-08-2.79611e-08-1.73892e-08
-7.92768e-09-1.64033e-10 5.56792e-09 9.25161e-09 1.09568e-08 1.08796e-08
 9.40188e-09 6.90764e-09 3.77638e-09 4.32182e-10-2.78530e-09-5.61650e-09
-7.83494e-09-9.32614e-09-1.00561e-08-1.00317e-08-9.34455e-09-8.12207e-09
-6.50338e-09-4.65789e-09-2.73618e-09-8.70499e-10 8.19385e-10 2.25545e-09
 3.38367e-09 4.17894e-09 4.65188e-09 4.82879e-09 4.75829e-09 4.50026e-09
 4.11557e-09 3.66770e-09 3.20971e-09 2.78544e-09 2.42700e-09 2.15119e-09
 1.96349e-09 1.85586e-09 1.81077e-09 1.80371e-09 1.80569e-09 1.78780e-09
 1.72274e-09 1.58796e-09 1.36765e-09 1.05436e-09 6.49785e-10 1.64115e-10
-3.84645e-10-9.72198e-10-1.56936e-09-2.14388e-09-2.66329e-09-3.09775e-09
-3.42149e-09-3.61363e-09-3.65974e-09-3.55311e-09-3.29491e-09-2.89409e-09
-2.36707e-09-1.73676e-09-1.03153e-09-2.83669e-10 4.72887e-10 1.20474e-09
 1.88017e-09 2.47076e-09 2.95339e-09 3.31101e-09 3.53231e-09 3.61234e-09
 3.55302e-09 3.36257e-09 3.05467e-09 2.64792e-09 2.16434e-09 1.62788e-09
 1.06337e-09 4.94909e-10-5.59535e-11-5.71100e-10-1.03619e-09-1.44103e-09
-1.77987e-09-2.05122e-09-2.25746e-09-2.40454e-09-2.50104e-09-2.55681e-09
-2.58234e-09-2.58805e-09-2.58276e-09-2.57256e-09-2.56039e-09-2.54594e-09
-2.52618e-09-2.49595e-09-2.44803e-09-2.37385e-09-2.26437e-09-2.11061e-09
-1.90460e-09-1.64020e-09-1.31319e-09-9.21882e-10-4.67632e-10 4.48311e-11
 6.07050e-10 1.20725e-09 1.83125e-09 2.46266e-09 3.08300e-09 3.67214e-09
 4.20879e-09 4.67141e-09 5.03947e-09 5.29443e-09 5.42125e-09 5.40929e-09
 5.25267e-09 4.95100e-09 4.51016e-09 3.94195e-09 3.26357e-09 2.49743e-09
 1.67019e-09 8.11413e-10-4.72574e-11-8.73202e-10-1.63495e-09-2.30415e-09
-2.85729e-09-3.27742e-09-3.55458e-09-3.68523e-09-3.67251e-09-3.52652e-09
-3.26380e-09-2.90647e-09-2.48119e-09-2.01724e-09-1.54425e-09-1.09070e-09
-6.82843e-10-3.43339e-10-9.04093e-11 6.20359e-11 1.04718e-10 3.43031e-11
-1.45747e-10-4.25123e-10-7.86538e-10-1.20597e-09-1.65352e-09-2.09427e-09
-2.48959e-09-2.79994e-09-2.98827e-09-3.02367e-09-2.88512e-09-2.56475e-09
-2.07034e-09-1.42613e-09-6.71345e-10 1.43680e-10 9.63228e-10 1.73282e-09
 2.40558e-09 2.94838e-09 3.34679e-09 3.60715e-09 3.75513e-09 3.83101e-09
 3.88223e-09 3.95510e-09 4.08643e-09 4.29580e-09 4.58064e-09 4.91513e-09
 5.25245e-09 5.53088e-09 5.68231e-09 5.64125e-09 5.35384e-09 4.78545e-09
 3.92518e-09 2.78756e-09 1.41141e-09-1.43977e-10-1.80406e-09-3.48508e-09
-5.10031e-09-6.56563e-09-7.80427e-09-8.75130e-09-9.35725e-09-9.59117e-09
-9.44290e-09-8.92417e-09-8.06832e-09-6.92855e-09-5.57430e-09-4.08594e-09
-2.54855e-09-1.04556e-09 3.47204e-10 1.56618e-09 2.56297e-09 3.30582e-09
 3.77957e-09 3.98431e-09 3.93365e-09 3.65277e-09 3.17656e-09 2.54803e-09
 1.81659e-09 1.03580e-09 2.61011e-10-4.53581e-10-1.05834e-09-1.51148e-09
-1.78190e-09-1.85103e-09-1.71344e-09-1.37626e-09-8.58040e-10-1.87309e-10
 5.98882e-10 1.45647e-09 2.33618e-09 3.18583e-09 3.95291e-09 4.58755e-09
 5.04600e-09 5.29376e-09 5.30796e-09 5.07858e-09 4.60862e-09 3.91345e-09
 3.01987e-09 1.96466e-09 7.92785e-10-4.44707e-10-1.69292e-09-2.89532e-09
-3.99600e-09-4.94205e-09-5.68628e-09-6.18970e-09-6.42380e-09-6.37230e-09
-6.03250e-09-5.41598e-09-4.54854e-09-3.46900e-09-2.22710e-09-8.81197e-10
 5.04133e-10 1.86069e-09 3.11998e-09 4.21723e-09 5.09576e-09 5.71072e-09
 6.03218e-09 6.04704e-09 5.75970e-09 5.19118e-09 4.37723e-09 3.36565e-09
 2.21361e-09 9.84976e-10-2.52466e-10-1.43073e-09-2.48600e-09-3.36289e-09
-4.01781e-09-4.42107e-09-4.55818e-09-4.43071e-09-4.05643e-09-3.46849e-09
-2.71370e-09-1.85003e-09-9.43005e-10-6.07356e-11 7.32344e-10 1.38178e-09
 1.84811e-09 2.10991e-09 2.16480e-09 2.02926e-09 1.73697e-09 1.33564e-09
 8.81695e-10 4.33361e-10 4.32232e-11-2.48354e-10-4.18253e-10-4.63690e-10
-4.02937e-10-2.73392e-10-1.27668e-10-2.90720e-11
     0.0000e+00     0.0000e+00      0  0  0.00
     400   1.00000  0.0000e+00
-1.65720e-08-2.54889e-08-3.30526e-08-3.88221e-08-4.25281e-08-4.40696e-08
-4.34995e-08-4.10040e-08-3.68728e-08-3.14665e-08-2.51830e-08-1.84274e-08
-1.15849e-08-4.99914e-09 1.04426e-09 6.32861e-09 1.07103e-08 1.41158e-08
 1.65352e-08 1.80149e-08 1.86471e-08 1.85563e-08 1.78839e-08 1.67756e-08
 1.53715e-08 1.38008e-08 1.21774e-08 1.05952e-08 9.12264e-09 7.80350e-09
 6.66074e-09 5.70122e-09 4.91715e-09 4.28465e-09 3.76252e-09 3.29476e-09
 2.81776e-09 2.26807e-09 1.58691e-09 7.23111e-10-3.61068e-10-1.67993e-09
-3.21433e-09-4.90765e-09-6.67095e-09-8.39441e-09-9.95940e-09-1.12488e-08
-1.21578e-08-1.26071e-08-1.25567e-08-1.20127e-08-1.10252e-08-9.67642e-09
-8.06651e-09-6.30043e-09-4.47821e-09-2.68736e-09-9.96251e-10 5.49672e-10
 1.92607e-09 3.12284e-09 4.13561e-09 4.96035e-09 5.59323e-09 6.03410e-09
 6.29012e-09 6.37755e-09 6.32152e-09 6.15429e-09 5.91219e-09 5.63090e-09
 5.33965e-09 5.05589e-09 4.78243e-09 4.50915e-09 4.21902e-09 3.89595e-09
 3.53124e-09 3.12679e-09 2.69455e-09 2.25292e-09 1.82169e-09 1.41692e-09
 1.04706e-09 7.11610e-10 4.02824e-10 1.09801e-10-1.76508e-10-4.59442e-10
-7.36011e-10-9.99860e-10-1.24620e-09-1.47647e-09-1.70073e-09-1.93634e-09
-2.20332e-09-2.51789e-09-2.88619e-09-3.30004e-09-3.73648e-09-4.16121e-09
-4.53497e-09-4.82073e-09-4.98918e-09-5.02104e-09-4.90587e-09-4.63877e-09
-4.21704e-09-3.63924e-09-2.90711e-09-2.02968e-09-1.02776e-09 6.33414e-11
 1.19428e-09 2.30620e-09 3.33795e-09 4.23392e-09 4.94979e-09 5.45523e-09
 5.73288e-09 5.77493e-09 5.57975e-09 5.15051e-09 4.49680e-09 3.63817e-09
 2.60774e-09 1.45367e-09 2.37110e-10-9.73534e-10-2.11049e-09-3.11401e-09
-3.93687e-09-4.54516e-09-4.91636e-09-5.03652e-09-4.89860e-09-4.50353e-09
-3.86354e-09-3.00619e-09-1.97639e-09-8.34583e-10 3.48945e-10 1.50212e-09
 2.55908e-09 3.46546e-09 4.17977e-09 4.67142e-09 4.91815e-09 4.90498e-09
 4.62578e-09 4.08673e-09 3.30980e-09 2.33429e-09 1.21463e-09 1.46326e-11
-1.19978e-09-2.36635e-09-3.42880e-09-4.33591e-09-5.03912e-09-5.49140e-09
-5.64944e-09-5.48001e-09-4.96819e-09-4.12440e-09-2.98727e-09-1.62174e-09
-1.13036e-10 1.44141e-09 2.93991e-09 4.28280e-09 5.37761e-09 6.14499e-09
 6.52631e-09 6.49229e-09 6.04971e-09 5.24307e-09 4.14920e-09 2.86496e-09
 1.49086e-09 1.15648e-10-1.19345e-09-2.39285e-09-3.45870e-09-4.38008e-09
-5.15202e-09-5.77020e-09-6.22781e-09-6.51353e-09-6.60969e-09-6.49146e-09
-6.12889e-09-5.49305e-09-4.56536e-09-3.34775e-09-1.87003e-09-1.91283e-10
 1.60641e-09 3.42959e-09 5.18560e-09 6.79030e-09 8.16999e-09 9.25941e-09
 9.99982e-09 1.03397e-08 1.02388e-08 9.67459e-09 8.64785e-09 7.18616e-09
 5.34353e-09 3.19860e-09 8.52051e-10-1.57714e-09-3.95753e-09-6.15369e-09
-8.03766e-09-9.50219e-09-1.04718e-08-1.09071e-08-1.08019e-08-1.01753e-08
-9.06482e-09-7.52436e-09-5.62564e-09-3.46221e-09-1.15097e-09 1.17151e-09
 3.35857e-09 5.26609e-09 6.76400e-09 7.74413e-09 8.12551e-09 7.85875e-09
 6.92980e-09 5.36234e-09 3.21785e-09 5.92288e-10-2.39048e-09-5.58516e-09
-8.82779e-09-1.19353e-08-1.47061e-08-1.69258e-08-1.83797e-08-1.88698e-08
-1.82330e-08-1.63558e-08-1.31819e-08-8.71408e-09-3.01447e-09 3.79252e-09
 1.15144e-08 1.98865e-08 2.85733e-08 3.71753e-08 4.52407e-08 5.22819e-08
 5.77959e-08 6.12894e-08 6.23090e-08 6.04767e-08 5.55245e-08 4.73242e-08
 3.59063e-08 2.14743e-08 4.41343e-09-1.47044e-08-3.51226e-08-5.59137e-08
-7.60105e-08-9.42571e-08-1.09477e-07-1.20550e-07-1.26492e-07-1.26530e-07
-1.20180e-07-1.07316e-07-8.82176e-08-6.36024e-08-3.46250e-08-2.84701e-09
 2.98281e-08 6.12577e-08 8.92101e-08 1.11582e-07 1.26662e-07 1.33421e-07
 1.31764e-07 1.22553e-07 1.07307e-07 8.78331e-08 6.59753e-08 4.34542e-08
 2.17470e-08 2.01897e-09-1.49003e-08-2.85090e-08-3.86073e-08-4.52614e-08
-4.87576e-08-4.95470e-08-4.81838e-08-4.52644e-08-4.13684e-08-3.70084e-08
-3.25939e-08-2.84093e-08-2.46088e-08-2.12229e-08-1.81764e-08-1.53106e-08
-1.24100e-08-9.23152e-09-5.53535e-09-1.11831e-09 4.15268e-09 1.03086e-08
 1.72524e-08 2.47426e-08 3.23908e-08 3.96775e-08 4.59886e-08 5.06639e-08
 5.30452e-08 5.25187e-08 4.85609e-08 4.07903e-08 2.90231e-08 1.33312e-08
-5.90249e-09-2.79361e-08-5.16430e-08-7.55192e-08-9.77401e-08-1.16270e-07
-1.29016e-07-1.33993e-07-1.29507e-07-1.14330e-07-8.78879e-08-5.04422e-08
-3.39807e-09 5.00710e-08 1.04404e-07 1.52144e-07 1.86004e-07 2.01197e-07
 1.96301e-07 1.72684e-07 1.33857e-07 8.53669e-08 3.43617e-08-1.18939e-08
-4.79490e-08-7.15602e-08-8.39873e-08-8.89251e-08-9.02993e-08-9.00536e-08
-8.74088e-08-8.01449e-08-6.69993e-08-4.93623e-08-3.08388e-08-1.49410e-08
-2.87568e-09 6.58075e-09 1.50471e-08 2.24763e-08 2.72949e-08 2.84735e-08
 2.69356e-08 2.45492e-08 2.20972e-08 1.89518e-08 1.47159e-08 1.02747e-08
 6.73197e-09 4.05327e-09 1.57810e-09-6.40948e-10-1.99672e-09-2.50321e-09
-2.75837e-09-2.91337e-09-2.68710e-09-2.19934e-09-1.83231e-09-1.56487e-09
-1.23186e-09-9.59304e-10-8.26372e-10-7.01733e-10-5.61380e-10-4.55377e-10
-3.42479e-10-2.06739e-10-8.98363e-11-2.04184e-11
     0.0000e+00     0.0000e+00      0  0  0.00
     400   1.00000  0.0000e+00
-2.52572e-08-3.10117e-08-3.51985e-08-3.75872e-08-3.81055e-08-3.68257e-08
-3.39422e-08-2.97451e-08-2.45878e-08-1.88540e-08-1.29246e-08-7.14939e-09
-1.82494e-09 2.82076e-09 6.63633e-09 9.54799e-09 1.15541e-08 1.27137e-08
 1.31321e-08 1.29448e-08 1.23029e-08 1.13583e-08 1.02494e-08 9.09011e-09
 7.96337e-09 6.92177e-09 5.99073e-09 5.17173e-09 4.44611e-09 3.78100e-09
 3.13735e-09 2.47808e-09 1.77338e-09 1.00386e-09 1.64145e-10-7.33456e-10
-1.65751e-09-2.55897e-09-3.37596e-09-4.04042e-09-4.48477e-09-4.64897e-09
-4.48828e-09-3.97988e-09-3.12723e-09-1.96084e-09-5.35226e-10 1.07632e-09
 2.78801e-09 4.50829e-09 6.14617e-09 7.61645e-09 8.84352e-09 9.76320e-09
 1.03237e-08 1.04872e-08 1.02317e-08 9.55386e-09 8.47152e-09 7.02556e-09
 5.27994e-09 3.31924e-09 1.24357e-09-8.39480e-10-2.82427e-09-4.61615e-09
-6.13852e-09-7.33662e-09-8.17814e-09-8.65196e-09-8.76561e-09-8.54239e-09
-8.01912e-09-7.24485e-09-6.27954e-09-5.19165e-09-4.05386e-09-2.93716e-09
-1.90446e-09-1.00506e-09-2.70745e-10 2.85616e-10 6.68728e-10 8.97107e-10
 9.97510e-10 9.99039e-10 9.28857e-10 8.10334e-10 6.63021e-10 5.03583e-10
 3.47041e-10 2.07655e-10 9.86702e-11 3.05591e-11 8.45541e-12 3.05680e-11
 8.91595e-11 1.74128e-10 2.77701e-10 3.97944e-10 5.39027e-10 7.08115e-10
 9.10327e-10 1.14357e-09 1.39515e-09 1.64185e-09 1.85410e-09 2.00301e-09
 2.06723e-09 2.03641e-09 1.91054e-09 1.69660e-09 1.40537e-09 1.04988e-09
 6.45491e-10 2.10771e-10-2.32308e-10-6.59192e-10-1.04521e-09-1.36976e-09
-1.62075e-09-1.79693e-09-1.90630e-09-1.96132e-09-1.97291e-09-1.94620e-09
-1.87932e-09-1.76470e-09-1.59180e-09-1.35090e-09-1.03747e-09-6.56083e-10
-2.21817e-10 2.41606e-10 7.05593e-10 1.14018e-09 1.51642e-09 1.80832e-09
 1.99485e-09 2.06187e-09 2.00348e-09 1.82277e-09 1.53231e-09 1.15439e-09
 7.19495e-10 2.61780e-10-1.87667e-10-6.06557e-10-9.82634e-10-1.30948e-09
-1.57943e-09-1.77796e-09-1.88228e-09-1.86486e-09-1.70021e-09-1.37316e-09
-8.85920e-10-2.60846e-10 4.62497e-10 1.23355e-09 1.99583e-09 2.68865e-09
 3.24766e-09 3.60867e-09 3.71684e-09 3.53882e-09 3.07239e-09 2.34873e-09
 1.42641e-09 3.79513e-10-7.15720e-10-1.79110e-09-2.79043e-09-3.66665e-09
-4.37584e-09-4.87402e-09-5.12075e-09-5.08819e-09-4.76889e-09-4.17675e-09
-3.34198e-09-2.30569e-09-1.11860e-09 1.56796e-10 1.44456e-09 2.65793e-09
 3.70743e-09 4.51358e-09 5.02059e-09 5.20579e-09 5.08009e-09 4.67871e-09
 4.04745e-09 3.23275e-09 2.28081e-09 1.24285e-09 1.78937e-10-8.44886e-10
-1.76480e-09-2.52636e-09-3.08671e-09-3.41339e-09-3.48427e-09-3.29030e-09
-2.84014e-09-2.16468e-09-1.31947e-09-3.81613e-10 5.61905e-10 1.43138e-09
 2.16847e-09 2.73874e-09 3.12296e-09 3.30609e-09 3.27326e-09 3.01360e-09
 2.52530e-09 1.81558e-09 8.96417e-10-2.18575e-10-1.51213e-09-2.95743e-09
-4.51212e-09-6.11480e-09-7.68566e-09-9.13281e-09-1.03647e-08-1.13029e-08
-1.18874e-08-1.20706e-08-1.18094e-08-1.10657e-08-9.81689e-09-8.06513e-09
-5.83653e-09-3.17108e-09-1.13497e-10 3.28856e-09 6.98075e-09 1.08973e-08
 1.49570e-08 1.90595e-08 2.30844e-08 2.68947e-08 3.03423e-08 3.32711e-08
 3.55152e-08 3.68964e-08 3.72325e-08 3.63527e-08 3.41151e-08 3.04170e-08
 2.52020e-08 1.84715e-08 1.03024e-08 8.61783e-10-9.58974e-09-2.07055e-08
-3.20639e-08-4.31806e-08-5.35235e-08-6.25326e-08-6.96440e-08-7.43193e-08
-7.60855e-08-7.45817e-08-6.96088e-08-6.11848e-08-4.96121e-08-3.55504e-08
-2.00500e-08-4.44035e-09 1.00010e-08 2.23616e-08 3.21207e-08 3.90318e-08
 4.30729e-08 4.44361e-08 4.35085e-08 4.08400e-08 3.71002e-08 3.30240e-08
 2.93519e-08 2.67689e-08 2.58455e-08 2.69808e-08 3.03520e-08 3.58739e-08
 4.31751e-08 5.15962e-08 6.02122e-08 6.78803e-08 7.33107e-08 7.51592e-08
 7.21383e-08 6.31432e-08 4.73872e-08 2.45343e-08-5.18205e-09-4.08677e-08
-8.09156e-08-1.23005e-07-1.64165e-07-2.00907e-07-2.29422e-07-2.45868e-07
-2.46747e-07-2.29417e-07-1.92729e-07-1.37710e-07-6.79156e-08 1.09111e-08
 9.16527e-08 1.66879e-07 2.30177e-07 2.77394e-07 3.07064e-07 3.19801e-07
 3.17058e-07 2.99992e-07 2.69112e-07 2.25001e-07 1.69428e-07 1.05697e-07
 3.78098e-08-3.07659e-08-9.75361e-08-1.60528e-07-2.17870e-07-2.67553e-07
-3.06801e-07-3.31869e-07-3.39278e-07-3.27277e-07-2.96274e-07-2.48698e-07
-1.88378e-07-1.19713e-07-4.75000e-08 2.32379e-08 8.81308e-08 1.44187e-07
 1.89890e-07 2.24830e-07 2.48953e-07 2.61674e-07 2.61427e-07 2.46046e-07
 2.14162e-07 1.67242e-07 1.10794e-07 5.32966e-08 2.87048e-09-3.65019e-08
-6.62371e-08-9.01456e-08-1.09435e-07-1.20948e-07-1.21076e-07-1.10831e-07
-9.53482e-08-7.85068e-08-6.04327e-08-4.08067e-08-2.16242e-08-5.16994e-09
 8.13559e-09 1.84010e-08 2.51098e-08 2.82539e-08 2.85869e-08 2.65655e-08
 2.25611e-08 1.74214e-08 1.18501e-08 6.22979e-09 1.10954e-09-3.07802e-09
-6.23831e-09-8.24319e-09-9.04850e-09-8.85542e-09-7.82499e-09-6.14414e-09
-4.12402e-09-1.98728e-09 6.50858e-11 1.81091e-09 3.15240e-09 4.02831e-09
 4.40559e-09 4.35262e-09 3.94381e-09 3.27948e-09 2.49922e-09 1.70879e-09
 1.01444e-09 4.95358e-10 1.70566e-10 2.87375e-11
     0.0000e+00     0.0000e+00      0  0  0.00
     400   1.00000  0.0000e+00
 6.38169e-09 1.78995e-08 2.82517e-08 3.68353e-08 4.32363e-08 4.72355e-08
 4.87989e-08 4.80556e-08 4.52657e-08 4.07837e-08 3.50212e-08 2.84114e-08
 2.13800e-08 1.43205e-08 7.57631e-09 1.42730e-09-3.91825e-09-8.32720e-09
-1.17397e-08-1.41625e-08-1.56572e-08-1.63262e-08-1.62977e-08-1.57112e-08
-1.47071e-08-1.34193e-08-1.19700e-08-1.04662e-08-8.99768e-09-7.63402e-09
-6.42315e-09-5.39071e-09-4.54164e-09-3.86368e-09-3.33197e-09-2.91349e-09
-2.57078e-09-2.26458e-09-1.95598e-09-1.60905e-09-1.19486e-09-6.96567e-10
-1.14071e-10 5.33622e-10 1.20957e-09 1.86395e-09 2.44233e-09 2.89544e-09
 3.18809e-09 3.30532e-09 3.25515e-09 3.06819e-09 2.79454e-09 2.49804e-09
 2.24808e-09 2.10960e-09 2.13210e-09 2.33940e-09 2.72261e-09 3.23876e-09
 3.81591e-09 4.36370e-09 4.78686e-09 4.99876e-09 4.93234e-09 4.54678e-09
 3.82966e-09 2.79620e-09 1.48698e-09-3.55391e-11-1.69163e-09-3.38995e-09
-5.03363e-09-6.52645e-09-7.77826e-09-8.70952e-09-9.25461e-09-9.36502e-09
-9.01338e-09-8.19827e-09-6.94820e-09-5.32279e-09-3.40986e-09-1.31829e-09
 8.32339e-10 2.92302e-09 4.84441e-09 6.50244e-09 7.82101e-09 8.74317e-09
 9.23159e-09 9.26881e-09 8.85766e-09 8.02159e-09 6.80421e-09 5.26794e-09
 3.49199e-09 1.57031e-09-3.91322e-10-2.28032e-09-3.98480e-09-5.40224e-09
-6.44726e-09-7.05726e-09-7.19496e-09-6.84782e-09-6.02604e-09-4.76147e-09
-3.10842e-09-1.14512e-09 1.02596e-09 3.28008e-09 5.47505e-09 7.45863e-09
 9.07775e-09 1.01875e-08 1.06597e-08 1.03910e-08 9.31098e-09 7.38951e-09
 4.64112e-09 1.12682e-09-3.04545e-09-7.72102e-09-1.27000e-08-1.77404e-08
-2.25649e-08-2.68705e-08-3.03450e-08-3.26868e-08-3.36260e-08-3.29433e-08
-3.04867e-08-2.61856e-08-2.00623e-08-1.22412e-08-2.95362e-09 7.46249e-09
 1.85704e-08 2.98507e-08 4.07243e-08 5.05819e-08 5.88184e-08 6.48724e-08
 6.82676e-08 6.86516e-08 6.58289e-08 5.97854e-08 5.07032e-08 3.89624e-08
 2.51305e-08 9.93962e-09-5.75223e-09-2.10158e-08-3.49210e-08-4.66162e-08
-5.54106e-08-6.08519e-08-6.27885e-08-6.13983e-08-5.71557e-08-5.07389e-08
-4.29204e-08-3.44769e-08-2.61251e-08-1.84767e-08-1.20144e-08-7.08328e-09
-3.89251e-09-2.51998e-09-2.91727e-09-4.91645e-09-8.23915e-09-1.25076e-08
-1.72581e-08-2.19594e-08-2.60368e-08-2.89004e-08-2.99752e-08-2.87323e-08
-2.47231e-08-1.76165e-08-7.23802e-09 6.39362e-09 2.30362e-08 4.22026e-08
 6.31512e-08 8.48926e-08 1.06214e-07 1.25727e-07 1.41936e-07 1.53327e-07
 1.58482e-07 1.56207e-07 1.45701e-07 1.26762e-07 1.00020e-07 6.71195e-08
 3.05585e-08-6.81768e-09-4.23084e-08-7.38329e-08-1.00444e-07-1.22497e-07
-1.41226e-07-1.57927e-07-1.73213e-07-1.86764e-07-1.97652e-07-2.04910e-07
-2.07863e-07-2.05941e-07-1.98269e-07-1.83656e-07-1.61190e-07-1.30992e-07
-9.43598e-08-5.27522e-08-6.24187e-09 4.62807e-08 1.04342e-07 1.63951e-07
 2.19314e-07 2.65552e-07 2.99252e-07 3.17933e-07 3.20263e-07 3.06533e-07
 2.78575e-07 2.39212e-07 1.91449e-07 1.37683e-07 7.94511e-08 1.78079e-08
-4.58466e-08-1.08611e-07-1.65376e-07-2.09555e-07-2.35355e-07-2.40672e-07
-2.28648e-07-2.06106e-07-1.79286e-07-1.50117e-07-1.16747e-07-7.83414e-08
-3.87994e-08-4.39828e-09 2.19266e-08 4.18843e-08 5.72948e-08 6.71744e-08
 7.04436e-08 6.84596e-08 6.31148e-08 5.50475e-08 4.50271e-08 3.45788e-08
 2.46008e-08 1.54066e-08 7.68745e-09 1.91633e-09-2.06530e-09-4.29086e-09
-4.78223e-09-3.98726e-09-2.27538e-09 1.10750e-10 2.70430e-09 5.15849e-09
 7.30287e-09 8.87262e-09 9.74806e-09 9.94989e-09 9.43951e-09 8.30143e-09
 6.68459e-09 4.68383e-09 2.47691e-09 2.26678e-10-1.95760e-09-3.93021e-09
-5.60674e-09-6.93593e-09-7.86600e-09-8.40878e-09-8.57924e-09-8.40881e-09
-7.96175e-09-7.29052e-09-6.46591e-09-5.55485e-09-4.61000e-09-3.68517e-09
-2.81293e-09-2.02027e-09-1.32449e-09-7.29102e-10-2.33733e-10 1.72943e-10
 5.04855e-10 7.79478e-10 1.01681e-09 1.23415e-09 1.44622e-09 1.66037e-09
 1.87829e-09 2.09780e-09 2.31376e-09 2.51812e-09 2.70013e-09 2.84931e-09
 2.95556e-09 3.00794e-09 2.99491e-09 2.90645e-09 2.73597e-09 2.48069e-09
 2.14162e-09 1.72383e-09 1.23716e-09 6.96105e-10 1.17710e-10-4.80139e-10
-1.07896e-09-1.66054e-09-2.20886e-09-2.70985e-09-3.14912e-09-3.51186e-09
-3.78553e-09-3.96200e-09-4.03772e-09-4.01278e-09-3.88963e-09-3.67297e-09
-3.37045e-09-2.99225e-09-2.54897e-09-2.04982e-09-1.50250e-09-9.14247e-10
-2.93145e-10 3.51300e-10 1.00963e-09 1.67515e-09 2.34425e-09 3.01359e-09
 3.67774e-09 4.32917e-09 4.95873e-09 5.55515e-09 6.10332e-09 6.58324e-09
 6.97141e-09 7.24327e-09 7.37493e-09 7.34440e-09 7.13161e-09 6.71846e-09
 6.09144e-09 5.24538e-09 4.18626e-09 2.93214e-09 1.51251e-09-3.21814e-11
-1.65061e-09-3.28308e-09-4.86661e-09-6.34016e-09-7.64798e-09-8.74076e-09
-9.57623e-09-1.01210e-08-1.03535e-08-1.02661e-08-9.86546e-09-9.17095e-09
-8.21248e-09-7.02909e-09-5.66814e-09-4.18365e-09-2.63330e-09-1.07549e-09
 4.32331e-10 1.83397e-09 3.07518e-09 4.10625e-09 4.88572e-09 5.38405e-09
 5.58721e-09 5.49855e-09 5.13843e-09 4.54373e-09 3.76800e-09 2.88085e-09
 1.96731e-09 1.12662e-09 4.67407e-10 9.85463e-11
