      10
(6e12.5)
     0.0000e+00     0.0000e+00      0  0  0.00
     512   1.00000  0.0000e+00
 2.65082e-09 2.32561e-09 1.69563e-09 8.33243e-10-1.17167e-10-9.80015e-10
-1.60437e-09-1.90637e-09-1.88111e-09-1.58728e-09-1.12121e-09-5.95596e-10
-1.26285e-10 1.79936e-10 2.47015e-10 6.00095e-11-3.13171e-10-7.30831e-10
-1.02525e-09-1.07214e-09-8.47242e-10-4.38349e-10-2.82016e-12 3.10110e-10
 4.31375e-10 3.98243e-10 3.20492e-10 3.08739e-10 4.09334e-10 5.82977e-10
 7.34592e-10 7.72136e-10 6.57899e-10 4.24633e-10 1.54445e-10-6.03702e-11
-1.51535e-10-9.07385e-11 1.10477e-10 4.05494e-10 7.16210e-10 9.41928e-10
 9.84050e-10 7.86331e-10 3.73060e-10-1.41437e-10-5.88722e-10-8.18170e-10
-7.69368e-10-5.02916e-10-1.68525e-10 7.28833e-11 1.26945e-10-1.09036e-12
-2.31358e-10-4.69120e-10-6.59226e-10-8.05037e-10-9.47025e-10-1.12111e-09
-1.32695e-09-1.52536e-09-1.66135e-09-1.69155e-09-1.59748e-09-1.38484e-09
-1.08252e-09-7.46734e-10-4.57604e-10-2.94421e-10-2.94255e-10-4.18935e-10
-5.56647e-10-5.64994e-10-3.37675e-10 1.38618e-10 7.70783e-10 1.40323e-09
 1.89697e-09 2.19433e-09 2.32860e-09 2.37929e-09 2.41332e-09 2.45635e-09
 2.50540e-09 2.55831e-09 2.62985e-09 2.74596e-09 2.92734e-09 3.17475e-09
 3.46046e-09 3.72749e-09 3.89572e-09 3.87231e-09 3.56717e-09 2.92020e-09
 1.93824e-09 7.20785e-10-5.54716e-10-1.69869e-09-2.59808e-09-3.27003e-09
-3.83955e-09-4.45760e-09-5.22043e-09-6.14087e-09-7.17388e-09-8.26159e-09
-9.36115e-09-1.04397e-08-1.14459e-08-1.22880e-08-1.28445e-08-1.30110e-08
-1.27566e-08-1.21472e-08-1.13163e-08-1.04063e-08-9.51455e-09-8.65091e-09
-7.69738e-09-6.37611e-09-4.26171e-09-8.67087e-10 4.21300e-09 1.11506e-08
 1.97677e-08 2.94704e-08 3.92423e-08 4.77023e-08 5.32359e-08 5.42261e-08
 4.94468e-08 3.86543e-08 2.32102e-08 6.27676e-09-7.92671e-09-1.58411e-08
-1.64775e-08-1.22635e-08-8.02444e-09-8.51976e-09-1.60076e-08-2.92974e-08
-4.46698e-08-5.78184e-08-6.55498e-08-6.64929e-08-6.08979e-08-5.00312e-08
-3.55822e-08-1.92333e-08-2.40391e-09 1.38442e-08 2.87759e-08 4.19092e-08
 5.29845e-08 6.19918e-08 6.91982e-08 7.51087e-08 8.03521e-08 8.55370e-08
 9.11166e-08 9.72753e-08 1.03834e-07 1.10170e-07 1.15152e-07 1.17109e-07
 1.13889e-07 1.03064e-07 8.23231e-08 5.00376e-08 5.94866e-09-4.81505e-08
-1.07921e-07-1.66581e-07-2.16053e-07-2.49031e-07-2.61162e-07-2.52777e-07
-2.29927e-07-2.04338e-07-1.91837e-07-2.09262e-07-2.70285e-07-3.80969e-07
-5.36195e-07-7.17753e-07-8.93858e-07-1.01971e-06-1.03975e-06-8.93599e-07
-5.27953e-07 8.57074e-08 9.30630e-07 1.92653e-06 2.91888e-06 3.68643e-06
 3.98864e-06 3.65805e-06 2.68196e-06 1.20240e-06-5.41787e-07-2.25284e-06
-3.59624e-06-4.26436e-06-4.08325e-06-3.10493e-06-1.62535e-06-1.06574e-07
 9.84433e-07 1.37150e-06 1.10004e-06 5.08489e-07 3.17641e-08-5.90329e-08
 1.87770e-07 4.71317e-07 4.94879e-07 2.19886e-07-1.06378e-07-1.93065e-07
 4.29618e-09 2.44872e-07 2.69920e-07 8.86723e-08-5.18503e-08 1.53404e-08
 1.69860e-07 1.82330e-07 3.71848e-08-5.84032e-08 7.04296e-09 8.90220e-08
 3.53603e-08-6.52311e-08-5.09341e-08 2.73276e-08 1.41195e-08-5.73403e-08
-4.62779e-08 1.17754e-08-6.01238e-09-4.90007e-08-2.03120e-08 8.60996e-09
-1.97249e-08-2.23358e-08 6.09289e-09-1.44524e-09-1.02382e-08 2.98382e-09
 1.01227e-09-4.90603e-09-1.84358e-09-3.59550e-09-6.46276e-09-6.96832e-09
-8.71659e-09-1.07776e-08-1.25838e-08-1.45380e-08-1.63106e-08-1.76131e-08
-1.82230e-08-1.78031e-08-1.60226e-08-1.26875e-08-7.84721e-09-1.85799e-09
 4.65614e-09 1.09447e-08 1.63311e-08 2.03634e-08 2.28530e-08 2.38106e-08
 2.33225e-08 2.14501e-08 1.82075e-08 1.36256e-08 7.84705e-09 1.19198e-09
-5.81028e-09-1.24310e-08-1.78209e-08-2.11713e-08-2.19117e-08-1.98497e-08
-1.52040e-08-8.53738e-09-6.32340e-10 7.64236e-09 1.54213e-08 2.18696e-08
 2.61993e-08 2.77454e-08 2.61005e-08 2.12399e-08 1.35764e-08 3.93926e-09
-6.51030e-09-1.64204e-08-2.44449e-08-2.94656e-08-3.07948e-08-2.83203e-08
-2.25651e-08-1.46233e-08-5.95780e-09 1.89937e-09 7.65104e-09 1.04543e-08
 1.00251e-08 6.65232e-09 1.15421e-09-5.22891e-09-1.10302e-08-1.48401e-08
-1.56142e-08-1.28943e-08-6.86904e-09 1.70642e-09 1.16553e-08 2.15620e-08
 3.00097e-08 3.58600e-08 3.85035e-08 3.79850e-08 3.49509e-08 3.04521e-08
 2.56940e-08 2.17949e-08 1.95570e-08 1.92594e-08 2.05401e-08 2.24562e-08
 2.37358e-08 2.31222e-08 1.96849e-08 1.30240e-08 3.35857e-09-8.49560e-09
-2.12585e-08-3.34213e-08-4.35624e-08-5.06803e-08-5.44293e-08-5.51637e-08
-5.37732e-08-5.13799e-08-4.90092e-08-4.73366e-08-4.65568e-08-4.63710e-08
-4.60896e-08-4.48479e-08-4.18950e-08-3.68644e-08-2.99355e-08-2.18373e-08
-1.36773e-08-6.62857e-09-1.57381e-09 1.15302e-09 1.84065e-09 1.28244e-09
 5.12836e-10 4.89900e-10 1.83547e-09 4.70568e-09 8.79900e-09 1.34774e-08
 1.79795e-08 2.16868e-08 2.43669e-08 2.62998e-08 2.82273e-08 3.11187e-08
 3.58181e-08 4.27067e-08 5.15266e-08 6.14390e-08 7.12744e-08 7.98620e-08
 8.63234e-08 9.02429e-08 9.16578e-08 9.08733e-08 8.81955e-08 8.37178e-08
 7.72508e-08 6.84007e-08 5.67527e-08 4.21021e-08 2.46628e-08 5.18307e-09
-1.50931e-08-3.46332e-08-5.19233e-08-6.57699e-08-7.55125e-08-8.10935e-08
-8.29673e-08-8.18923e-08-7.86986e-08-7.41095e-08-6.86515e-08-6.26646e-08
-5.64157e-08-5.02749e-08-4.48361e-08-4.08658e-08-3.90796e-08-3.98536e-08
-4.30002e-08-4.76956e-08-5.26102e-08-5.62300e-08-5.72644e-08-5.49772e-08
-4.93162e-08-4.08268e-08-3.04163e-08-1.90733e-08-7.64120e-09 3.27578e-09
 1.32576e-08 2.19307e-08 2.88644e-08 3.35927e-08 3.57739e-08 3.54243e-08
 3.31176e-08 3.00222e-08 2.76919e-08 2.76361e-08 3.08273e-08 3.73544e-08
 4.63626e-08 5.62892e-08 6.52899e-08 7.17011e-08 7.43941e-08 7.29391e-08
 6.75627e-08 5.89508e-08 4.80018e-08 3.56534e-08 2.28454e-08 1.05627e-08
-1.61480e-10-8.37272e-09-1.34498e-08-1.53785e-08-1.48883e-08-1.33362e-08
-1.23313e-08-1.32124e-08-1.65815e-08-2.20834e-08-2.85179e-08-3.42388e-08
-3.77046e-08-3.79843e-08-3.50207e-08-2.95557e-08-2.27902e-08-1.59746e-08
-1.01080e-08-5.81620e-09-3.37226e-09-2.77174e-09-3.78002e-09-5.92253e-09
-8.45851e-09-1.04361e-08-1.09011e-08-9.22074e-09-5.38879e-09-1.46994e-10
 5.18059e-09 9.12179e-09 1.05986e-08 9.34454e-09 6.00665e-09 1.87924e-09
-1.61329e-09-3.45119e-09-3.33547e-09-1.67484e-09 7.01019e-10 2.93890e-09
 4.48677e-09 5.22151e-09 5.37290e-09 5.34347e-09 5.54709e-09 6.32139e-09
 7.88311e-09 1.02704e-08 1.32443e-08 1.61762e-08 1.80260e-08 1.75327e-08
 1.36449e-08 6.07069e-09-4.27358e-09-1.51289e-08-2.31831e-08-2.47464e-08
-1.66332e-08-4.90983e-09
     0.0000e+00     0.0000e+00      0  0  0.00
     512   1.00000  0.0000e+00
-4.36593e-10-5.17837e-10-5.18017e-10-4.35787e-10-3.01123e-10-1.65095e-10
-7.62804e-11-5.58319e-11-8.61872e-11-1.20890e-10-1.11180e-10-3.49394e-11
 8.88037e-11 2.08246e-10 2.65579e-10 2.28286e-10 1.08063e-10-4.38380e-11
-1.62200e-10-1.98638e-10-1.39920e-10-6.82313e-12 1.59847e-10 3.14793e-10
 4.19324e-10 4.47654e-10 3.89408e-10 2.50604e-10 5.61792e-11-1.47972e-10
-3.01836e-10-3.51816e-10-2.77286e-10-1.06174e-10 9.42619e-11 2.49142e-10
 3.10818e-10 2.76475e-10 1.81930e-10 7.82691e-11 3.60578e-12-3.59530e-11
-6.41169e-11-1.10839e-10-1.84793e-10-2.63811e-10-3.09332e-10-2.91294e-10
-2.04578e-10-6.91074e-11 7.99526e-11 2.02512e-10 2.62211e-10 2.35361e-10
 1.18737e-10-6.75766e-11-2.82754e-10-4.71163e-10-5.73828e-10-5.49779e-10
-4.00266e-10-1.75816e-10 4.57019e-11 1.97336e-10 2.51322e-10 2.21289e-10
 1.43432e-10 5.36493e-11-2.61516e-11-8.98715e-11-1.40230e-10-1.77092e-10
-1.88038e-10-1.50659e-10-4.81973e-11 1.15073e-10 3.13314e-10 5.10292e-10
 6.68243e-10 7.50920e-10 7.30402e-10 6.03176e-10 4.04845e-10 2.05577e-10
 8.14688e-11 7.82760e-11 1.91170e-10 3.70981e-10 5.49143e-10 6.67084e-10
 6.98850e-10 6.55990e-10 5.68033e-10 4.51778e-10 2.98178e-10 9.05546e-11
-1.65054e-10-4.29907e-10-6.53802e-10-8.05985e-10-8.87689e-10-9.22181e-10
-9.40057e-10-9.73029e-10-1.05131e-09-1.19624e-09-1.41244e-09-1.68639e-09
-1.98671e-09-2.26316e-09-2.45618e-09-2.52548e-09-2.47816e-09-2.36347e-09
-2.23030e-09-2.08475e-09-1.88710e-09-1.58602e-09-1.15254e-09-5.86156e-10
 9.76104e-11 8.74666e-10 1.71050e-09 2.55998e-09 3.36515e-09 4.03993e-09
 4.46007e-09 4.49717e-09 4.09679e-09 3.34509e-09 2.48194e-09 1.88756e-09
 2.06498e-09 3.52736e-09 6.50164e-09 1.06051e-08 1.47941e-08 1.76692e-08
 1.79656e-08 1.50167e-08 9.01545e-09 9.68390e-10-7.61391e-09-1.51348e-08
-2.03252e-08-2.25829e-08-2.20963e-08-1.96377e-08-1.61608e-08-1.24879e-08
-9.17932e-09-6.51409e-09-4.54922e-09-3.23960e-09-2.53036e-09-2.36979e-09
-2.67779e-09-3.31176e-09-4.04691e-09-4.59396e-09-4.66759e-09-4.07701e-09
-2.78176e-09-8.77935e-10 1.47154e-09 4.12244e-09 7.02342e-09 1.02631e-08
 1.40505e-08 1.85782e-08 2.37918e-08 2.91996e-08 3.38382e-08 3.63877e-08
 3.54358e-08 3.00135e-08 2.02705e-08 7.74139e-09-4.94270e-09-1.44983e-08
-1.75340e-08-1.13704e-08 5.09715e-09 3.07491e-08 6.18168e-08 9.19092e-08
 1.12692e-07 1.14885e-07 8.92600e-08 2.79726e-08-7.31982e-08-2.11491e-07
-3.73466e-07-5.32590e-07-6.49624e-07-6.76366e-07-5.63765e-07-2.82937e-07
 1.36451e-07 5.88620e-07 9.45330e-07 1.13281e-06 1.13268e-06 9.37169e-07
 5.52679e-07 3.80041e-08-4.85141e-07-8.68183e-07-9.93293e-07-8.21975e-07
-4.26609e-07 2.07041e-08 3.23770e-07 3.68132e-07 1.89305e-07-5.17948e-08
-1.77110e-07-1.12978e-07 5.79744e-08 1.67396e-07 1.13502e-07-4.21105e-08
-1.38102e-07-8.32094e-08 4.64192e-08 9.79879e-08 2.41296e-08-6.42875e-08
-4.80256e-08 4.12796e-08 7.28791e-08 9.60288e-09-4.27020e-08-6.03942e-09
 4.86999e-08 2.81209e-08-2.48889e-08-1.58952e-08 2.87639e-08 2.07846e-08
-1.81148e-08-9.05020e-09 2.12701e-08 6.95022e-09-1.44959e-08 3.37698e-09
 1.27377e-08-5.20551e-09-3.82357e-09 6.43794e-09-1.87146e-09-4.87957e-09
-1.96757e-10-3.06978e-09-4.65789e-09-3.19919e-09-3.91866e-09-4.27068e-09
-3.85049e-09-3.71547e-09-3.34165e-09-2.71407e-09-2.03321e-09-1.25258e-09
-3.49606e-10 6.70389e-10 1.78223e-09 2.87292e-09 3.78664e-09 4.36191e-09
 4.48649e-09 4.16730e-09 3.51961e-09 2.71257e-09 1.87521e-09 1.03765e-09
 1.39857e-10-9.20960e-10-2.18984e-09-3.58656e-09-4.90788e-09-5.88284e-09
-6.25241e-09-5.83992e-09-4.61751e-09-2.73330e-09-4.77926e-10 1.78854e-09
 3.71374e-09 5.02250e-09 5.58241e-09 5.42332e-09 4.67948e-09 3.50074e-09
 2.01035e-09 3.22974e-10-1.42174e-09-3.04527e-09-4.34032e-09-5.09917e-09
-5.15960e-09-4.46025e-09-3.07180e-09-1.17630e-09 9.79193e-10 3.10726e-09
 4.88664e-09 6.00142e-09 6.23169e-09 5.53748e-09 4.06269e-09 2.06679e-09
-1.37591e-10-2.20531e-09-3.78031e-09-4.55789e-09-4.36815e-09-3.23278e-09
-1.36788e-09 8.62890e-10 3.02842e-09 4.72087e-09 5.62770e-09 5.57369e-09
 4.55121e-09 2.75312e-09 5.76058e-10-1.46500e-09-2.89906e-09-3.43840e-09
-3.03137e-09-1.84934e-09-2.37671e-10 1.35500e-09 2.45879e-09 2.67932e-09
 1.80240e-09-1.30002e-10-2.80625e-09-5.70372e-09-8.21666e-09-9.82676e-09
-1.02459e-08-9.46252e-09-7.70262e-09-5.36519e-09-2.94635e-09-9.31825e-10
 3.27176e-10 7.12176e-10 3.72236e-10-3.26182e-10-9.20116e-10-9.99504e-10
-3.42525e-10 1.00989e-09 2.77924e-09 4.56044e-09 5.95497e-09 6.67840e-09
 6.63731e-09 5.95814e-09 4.93894e-09 3.95258e-09 3.35427e-09 3.39130e-09
 4.10599e-09 5.28370e-09 6.50533e-09 7.29045e-09 7.26471e-09 6.29540e-09
 4.54722e-09 2.41525e-09 3.60769e-10-1.25449e-09-2.26422e-09-2.71555e-09
-2.82735e-09-2.91079e-09-3.26977e-09-4.09686e-09-5.39550e-09-6.96101e-09
-8.42502e-09-9.35605e-09-9.40362e-09-8.43449e-09-6.59338e-09-4.26367e-09
-1.94352e-09-7.44513e-11 1.11379e-09 1.67357e-09 1.89186e-09 2.14476e-09
 2.72193e-09 3.69701e-09 4.88661e-09 5.91119e-09 6.34722e-09 5.91665e-09
 4.63064e-09 2.82044e-09 1.03535e-09-1.59602e-10-4.03284e-10 3.31850e-10
 1.76066e-09 3.42329e-09 4.85572e-09 5.73126e-09 5.94241e-09 5.59588e-09
 4.91417e-09 4.09675e-09 3.22138e-09 2.22242e-09 9.34820e-10-8.10874e-10
-3.06427e-09-5.65538e-09-8.18536e-09-1.01374e-08-1.10657e-08-1.07664e-08
-9.35445e-09-7.22804e-09-4.94824e-09-3.06982e-09-1.97723e-09-1.79132e-09
-2.38828e-09-3.50193e-09-4.83278e-09-6.11491e-09-7.14527e-09-7.78747e-09
-7.94104e-09-7.48005e-09-6.21690e-09-3.96257e-09-6.78112e-10 3.38532e-09
 7.67133e-09 1.14554e-08 1.40618e-08 1.50601e-08 1.43843e-08 1.23458e-08
 9.53300e-09 6.62621e-09 4.19886e-09 2.57178e-09 1.77071e-09 1.59471e-09
 1.74737e-09 1.96444e-09 2.08508e-09 2.03832e-09 1.77075e-09 1.19588e-09
 2.24774e-10-1.14401e-09-2.75172e-09-4.28387e-09-5.35469e-09-5.63639e-09
-4.99334e-09-3.57397e-09-1.80454e-09-2.52002e-10 6.01326e-10 5.53435e-10
-2.54472e-10-1.42136e-09-2.45944e-09-2.97796e-09-2.80673e-09-2.02001e-09
-8.62809e-10 3.73704e-10 1.45323e-09 2.22588e-09 2.60544e-09 2.54182e-09
 2.02515e-09 1.12243e-09 1.91338e-11-9.79064e-10-1.52480e-09-1.37186e-09
-5.05017e-10 8.10532e-10 2.08333e-09 2.75488e-09 2.42529e-09 1.03878e-09
-1.08415e-09-3.37916e-09-5.24206e-09-6.21129e-09-6.08307e-09-4.92830e-09
-3.01105e-09-6.73694e-10 1.72677e-09 3.80825e-09 5.12486e-09 5.15853e-09
 3.38125e-09 9.88281e-10
     0.0000e+00     0.0000e+00      0  0  0.00
     512   1.00000  0.0000e+00
-5.43793e-10-1.80704e-10 2.34706e-10 6.21334e-10 8.94365e-10 1.00062e-09
 9.38662e-10 7.53048e-10 5.14369e-10 2.94555e-10 1.40130e-10 5.39357e-11
-2.48015e-12-8.46106e-11-2.31427e-10-4.43100e-10-6.81412e-10-8.86844e-10
-1.00292e-09-1.00109e-09-8.94956e-10-7.34283e-10-5.79940e-10-4.71365e-10
-4.05074e-10-3.38350e-10-2.13938e-10 9.45849e-12 3.33567e-10 7.13367e-10
 1.07124e-09 1.32724e-09 1.43265e-09 1.39093e-09 1.25182e-09 1.07936e-09
 9.16091e-10 7.68446e-10 6.17088e-10 4.37503e-10 2.19941e-10-1.46171e-11
-2.11463e-10-3.04819e-10-2.59869e-10-1.03602e-10 8.14338e-11 1.94768e-10
 1.59329e-10-5.28690e-11-4.11252e-10-8.32044e-10-1.20382e-09-1.42827e-09
-1.45156e-09-1.26607e-09-8.92192e-10-3.65560e-10 2.60950e-10 9.09191e-10
 1.47102e-09 1.81297e-09 1.79728e-09 1.32093e-09 3.61642e-10-9.89721e-10
-2.53025e-09-3.98660e-09-5.08404e-09-5.61414e-09-5.47586e-09-4.68327e-09
-3.34920e-09-1.65523e-09 1.84803e-10 1.96025e-09 3.48902e-09 4.63256e-09
 5.31382e-09 5.54479e-09 5.44152e-09 5.19496e-09 5.00217e-09 5.00110e-09
 5.23980e-09 5.67385e-09 6.18252e-09 6.61308e-09 6.84795e-09 6.85241e-09
 6.66535e-09 6.34869e-09 5.94600e-09 5.47417e-09 4.92706e-09 4.26897e-09
 3.42793e-09 2.30901e-09 8.20772e-10-1.10813e-09-3.52110e-09-6.41498e-09
-9.71275e-09-1.32588e-08-1.68583e-08-2.03440e-08-2.36254e-08-2.66899e-08
-2.95567e-08-3.22226e-08-3.46321e-08-3.66719e-08-3.81809e-08-3.89831e-08
-3.89490e-08-3.80481e-08-3.63408e-08-3.39152e-08-3.08324e-08-2.71097e-08
-2.27013e-08-1.74289e-08-1.09067e-08-2.54670e-09 8.33776e-09 2.23989e-08
 4.01166e-08 6.16049e-08 8.63594e-08 1.13064e-07 1.39573e-07 1.63063e-07
 1.80307e-07 1.88128e-07 1.84149e-07 1.67618e-07 1.39816e-07 1.03572e-07
 6.20814e-08 1.78745e-08-2.72319e-08-7.12484e-08-1.11168e-07-1.43152e-07
-1.63790e-07-1.71504e-07-1.67092e-07-1.53201e-07-1.33308e-07-1.10813e-07
-8.84578e-08-6.80165e-08-5.02538e-08-3.51612e-08-2.23635e-08-1.15033e-08
-2.49488e-09 4.32855e-09 8.13644e-09 7.63096e-09 1.26743e-09-1.23116e-08
-3.36928e-08-6.20600e-08-9.46192e-08-1.26216e-07-1.49331e-07-1.54673e-07
-1.32534e-07-7.49517e-08 2.15174e-08 1.52779e-07 3.04501e-07 4.50596e-07
 5.55432e-07 5.83862e-07 5.16317e-07 3.57270e-07 1.33373e-07-1.11601e-07
-3.24892e-07-4.60176e-07-4.94702e-07-4.38867e-07-3.33281e-07-2.29875e-07
-1.62039e-07-1.25000e-07-8.62222e-08-2.02921e-08 6.15405e-08 1.15875e-07
 1.02734e-07 1.60906e-08-1.18986e-07-2.68032e-07-3.93437e-07-4.44375e-07
-3.68136e-07-1.51350e-07 1.71805e-07 5.68552e-07 1.01603e-06 1.44283e-06
 1.72676e-06 1.75664e-06 1.45939e-06 8.18299e-07-8.72853e-08-1.08243e-06
-1.94119e-06-2.44083e-06-2.43257e-06-1.91487e-06-1.05484e-06-1.32063e-07
 5.70437e-07 8.87489e-07 8.47000e-07 6.35913e-07 4.66564e-07 4.33942e-07
 4.66268e-07 4.19923e-07 2.42325e-07 3.25443e-08-7.36251e-08-5.93203e-08
-2.47135e-08-3.90343e-08-6.68239e-08-5.86157e-08-3.30717e-08-2.53383e-08
-2.59595e-08-1.74867e-08-1.06050e-08-1.26786e-08-1.30043e-08-9.80075e-09
-9.81515e-09-1.06478e-08-9.47143e-09-8.95020e-09-8.40072e-09-6.93081e-09
-6.40876e-09-5.86458e-09-4.70747e-09-4.54874e-09-4.39826e-09-3.56518e-09
-3.25617e-09-2.82885e-09-1.88059e-09-1.27785e-09-5.90384e-10 3.69417e-10
 1.07495e-09 1.78763e-09 2.46161e-09 2.80387e-09 3.00968e-09 3.01151e-09
 2.74553e-09 2.41466e-09 1.99778e-09 1.51884e-09 1.09998e-09 6.66844e-10
 2.88340e-10 4.62835e-11-1.31430e-10-1.70530e-10-1.29828e-10-5.05456e-11
 8.04373e-11 1.55154e-10 2.06105e-10 1.85102e-10 6.15922e-11-1.72898e-10
-5.96046e-10-1.20384e-09-1.99524e-09-2.87376e-09-3.72620e-09-4.45677e-09
-4.94930e-09-5.11300e-09-4.88541e-09-4.27925e-09-3.32834e-09-2.07774e-09
-6.15273e-10 9.21407e-10 2.38385e-09 3.66081e-09 4.66659e-09 5.33166e-09
 5.61067e-09 5.48797e-09 4.97891e-09 4.14275e-09 3.08459e-09 1.93911e-09
 8.56487e-10-2.75116e-11-6.41815e-10-9.86898e-10-1.08822e-09-9.81383e-10
-7.35668e-10-4.42598e-10-1.86301e-10-4.16553e-11-5.09650e-11-1.74142e-10
-3.08303e-10-3.55652e-10-2.22257e-10 2.08011e-10 1.01920e-09 2.20203e-09
 3.68026e-09 5.35796e-09 7.12027e-09 8.82862e-09 1.03326e-08 1.14768e-08
 1.21327e-08 1.22646e-08 1.19448e-08 1.12786e-08 1.03291e-08 9.10067e-09
 7.57142e-09 5.74593e-09 3.66623e-09 1.34890e-09-1.26582e-09-4.26276e-09
-7.64095e-09-1.12519e-08-1.48361e-08-1.81310e-08-2.09786e-08-2.33358e-08
-2.51649e-08-2.63587e-08-2.68301e-08-2.66465e-08-2.60134e-08-2.51390e-08
-2.41265e-08-2.29518e-08-2.15311e-08-1.98329e-08-1.79175e-08-1.58630e-08
-1.36847e-08-1.13464e-08-8.84490e-09-6.26922e-09-3.76292e-09-1.43063e-09
 7.26822e-10 2.81041e-09 4.95037e-09 7.21667e-09 9.60388e-09 1.20928e-08
 1.46958e-08 1.74300e-08 2.02564e-08 2.30693e-08 2.57601e-08 2.82856e-08
 3.06753e-08 3.29866e-08 3.52373e-08 3.73679e-08 3.92709e-08 4.08250e-08
 4.18912e-08 4.23208e-08 4.19850e-08 4.07918e-08 3.87106e-08 3.57898e-08
 3.21257e-08 2.78311e-08 2.30265e-08 1.78133e-08 1.22639e-08 6.45880e-09
 4.94975e-10-5.52472e-09-1.14638e-08-1.71494e-08-2.24381e-08-2.72609e-08
-3.16050e-08-3.54758e-08-3.88597e-08-4.17037e-08-4.39440e-08-4.55418e-08
-4.64542e-08-4.65763e-08-4.57642e-08-4.39574e-08-4.12700e-08-3.79524e-08
-3.42896e-08-3.05275e-08-2.68481e-08-2.33873e-08-2.02455e-08-1.74302e-08
-1.47896e-08-1.20508e-08-8.94983e-09-5.34763e-09-1.27175e-09 3.09698e-09
 7.46545e-09 1.14704e-08 1.46892e-08 1.66478e-08 1.69214e-08 1.53304e-08
 1.21016e-08 7.88819e-09 3.65034e-09 4.58431e-10-6.96279e-10 9.53833e-10
 5.80205e-09 1.36839e-08 2.37613e-08 3.46107e-08 4.45209e-08 5.18633e-08
 5.54001e-08 5.44945e-08 4.92162e-08 4.03189e-08 2.91023e-08 1.71736e-08
 6.12727e-09-2.78125e-09-8.86129e-09-1.20753e-08-1.29682e-08-1.24308e-08
-1.14004e-08-1.06248e-08-1.05173e-08-1.10946e-08-1.20131e-08-1.27203e-08
-1.26941e-08-1.16803e-08-9.82226e-09-7.62737e-09-5.79075e-09-4.95269e-09
-5.47933e-09-7.32231e-09-9.99512e-09-1.27057e-08-1.46124e-08-1.50846e-08
-1.38820e-08-1.12224e-08-7.71038e-09-4.13763e-09-1.22670e-09 6.02925e-10
 1.36122e-09 1.43361e-09 1.38701e-09 1.74902e-09 2.82213e-09 4.56651e-09
 6.60148e-09 8.33987e-09 9.21008e-09 8.88013e-09 7.38575e-09 5.11517e-09
 2.67851e-09 7.14116e-10-3.19345e-10-2.97514e-10 5.43859e-10 1.73229e-09
 2.76610e-09 3.30128e-09 3.24049e-09 2.70502e-09 1.92127e-09 1.07829e-09
 2.16094e-10-7.95219e-10-2.13624e-09-3.79951e-09-5.35919e-09-5.89841e-09
-4.15211e-09-1.26774e-09
     0.0000e+00     0.0000e+00      0  0  0.00
     512   1.00000  0.0000e+00
 2.13698e-10 1.14192e-10 1.95450e-11-5.77170e-11-1.11269e-10-1.41319e-10
-1.52927e-10-1.53653e-10-1.50216e-10-1.45048e-10-1.37624e-10-1.27489e-10
-1.13584e-10-9.53153e-11-7.64800e-11-6.35313e-11-5.97829e-11-6.41072e-11
-7.28129e-11-8.09198e-11-8.37749e-11-7.84964e-11-6.52429e-11-4.87967e-11
-3.64136e-11-3.19087e-11-3.33141e-11-3.58017e-11-3.46486e-11-2.63370e-11
-9.61951e-12 1.27885e-11 3.42115e-11 4.79977e-11 5.18369e-11 4.75127e-11
 3.89940e-11 3.21856e-11 3.25851e-11 4.05207e-11 5.05957e-11 5.64410e-11
 5.46862e-11 4.52953e-11 3.06052e-11 1.48367e-11 3.11776e-12-1.23403e-12
-3.81800e-14-4.76002e-14-7.11378e-12-2.07862e-11-3.56533e-11-4.52600e-11
-4.33394e-11-2.58543e-11 4.69588e-12 3.95207e-11 7.03642e-11 9.43483e-11
 1.11637e-10 1.22571e-10 1.29207e-10 1.35132e-10 1.40543e-10 1.40224e-10
 1.28405e-10 1.04635e-10 7.43262e-11 4.38210e-11 1.55713e-11-1.16999e-11
-4.02148e-11-7.25855e-11-1.11626e-10-1.56478e-10-1.99921e-10-2.33652e-10
-2.55189e-10-2.67014e-10-2.73160e-10-2.79928e-10-2.94636e-10-3.19527e-10
-3.50070e-10-3.80967e-10-4.10303e-10-4.36775e-10-4.57180e-10-4.68486e-10
-4.68596e-10-4.53255e-10-4.15564e-10-3.51597e-10-2.66667e-10-1.73708e-10
-8.22257e-11 1.05267e-11 1.15362e-10 2.42040e-10 3.97640e-10 5.87187e-10
 8.08185e-10 1.04787e-09 1.29179e-09 1.53194e-09 1.76230e-09 1.97209e-09
 2.14865e-09 2.28206e-09 2.36293e-09 2.38188e-09 2.33660e-09 2.23683e-09
 2.09946e-09 1.94034e-09 1.77315e-09 1.61567e-09 1.49278e-09 1.42664e-09
 1.41853e-09 1.43503e-09 1.39984e-09 1.18717e-09 6.24829e-10-4.79720e-10
-2.29391e-09-4.90575e-09-8.26526e-09-1.21333e-08-1.60522e-08-1.93373e-08
-2.11165e-08-2.05233e-08-1.70797e-08-1.10400e-08-3.40056e-09 4.40833e-09
 1.09167e-08 1.49793e-08 1.60941e-08 1.45845e-08 1.15094e-08 8.27424e-09
 6.07561e-09 5.44896e-09 6.18034e-09 7.61272e-09 9.05773e-09 1.00121e-08
 1.01868e-08 9.50130e-09 8.05733e-09 6.06795e-09 3.79958e-09 1.57577e-09
-1.89182e-10-9.78727e-10-2.30084e-10 2.50473e-09 7.30713e-09 1.36315e-08
 2.01414e-08 2.47272e-08 2.47560e-08 1.75619e-08 1.13091e-09-2.51142e-08
-5.95731e-08-9.79256e-08-1.32940e-07-1.54826e-07-1.52280e-07-1.14656e-07
-3.86688e-08 6.17140e-08 1.57939e-07 2.24121e-07 2.45510e-07 2.15850e-07
 1.40950e-07 4.24373e-08-4.97462e-08-1.07668e-07-1.15018e-07-7.99858e-08
-3.62649e-08-1.96604e-08-3.95470e-08-7.18395e-08-8.08044e-08-5.16828e-08
-1.76807e-09 4.05532e-08 6.10632e-08 6.02065e-08 3.80484e-08-4.62089e-09
-4.62421e-08-5.03288e-08-1.53316e-08 1.51014e-08 1.92233e-08 1.78021e-08
 1.89867e-08 1.33261e-08 4.98737e-09-1.02674e-09-7.12031e-09-7.24075e-09
 5.71270e-09 2.64338e-08 4.52180e-08 5.45813e-08 4.61073e-08 1.54705e-08
-2.91081e-08-7.00841e-08-8.75546e-08-6.76390e-08-1.85886e-08 2.58445e-08
 3.18960e-08-1.45945e-11-2.89794e-08-1.66154e-08 2.21721e-08 3.63534e-08
 1.16939e-08-9.50453e-09 1.35342e-09 1.61320e-08 8.03950e-09-2.60362e-09
 2.15556e-09 4.34390e-09-3.11617e-09-3.11369e-09 1.85892e-09-1.38496e-09
-3.57008e-09 7.77678e-10 1.05709e-10-2.70303e-09 1.53927e-11 2.91770e-10
-1.95827e-09-3.87856e-12 5.17186e-10-9.55890e-10 7.18119e-10 9.33655e-10
-1.43228e-10 1.14879e-09 7.81898e-10 4.86657e-11 1.04470e-09 3.65461e-10
 1.79869e-10 8.39569e-10 3.40015e-11 2.20856e-10 3.26774e-10-3.14755e-10
 9.39623e-11-1.92698e-10-3.81084e-10-7.24743e-11-4.62902e-10-2.70455e-10
-2.62228e-10-3.89765e-10-1.34688e-10-3.07565e-10-1.96157e-10-1.87395e-10
-2.83902e-10-2.05937e-10-3.32912e-10-3.10988e-10-3.87806e-10-4.72827e-10
-4.98428e-10-5.67729e-10-5.45566e-10-5.44734e-10-4.84538e-10-4.01996e-10
-3.04539e-10-1.80074e-10-5.75720e-11 9.12616e-11 2.33473e-10 3.54937e-10
 4.33640e-10 4.75332e-10 4.85958e-10 4.47645e-10 3.55260e-10 2.32831e-10
 9.72911e-11-6.08789e-11-2.19442e-10-3.26335e-10-3.60579e-10-3.37875e-10
-2.64172e-10-1.45301e-10-2.00050e-11 8.73441e-11 1.98163e-10 3.14840e-10
 4.05273e-10 4.61927e-10 5.01912e-10 5.39663e-10 5.99566e-10 7.02111e-10
 8.29584e-10 9.61519e-10 1.12320e-09 1.33445e-09 1.55225e-09 1.72101e-09
 1.82104e-09 1.85123e-09 1.83167e-09 1.79051e-09 1.69469e-09 1.46771e-09
 1.11258e-09 7.28212e-10 3.77419e-10 1.79863e-11-4.31610e-10-1.02359e-09
-1.73701e-09-2.45490e-09-3.06369e-09-3.58540e-09-4.11732e-09-4.65188e-09
-5.02618e-09-5.05533e-09-4.69522e-09-4.06170e-09-3.31373e-09-2.53215e-09
-1.67998e-09-7.03547e-10 3.15478e-10 1.18368e-09 1.76640e-09 2.08813e-09
 2.29958e-09 2.53548e-09 2.77701e-09 2.90443e-09 2.86791e-09 2.74296e-09
 2.64783e-09 2.63326e-09 2.63190e-09 2.52557e-09 2.27116e-09 1.94518e-09
 1.66713e-09 1.48173e-09 1.32138e-09 1.09960e-09 8.08065e-10 5.00908e-10
 2.38149e-10 3.91286e-11-1.53581e-10-4.13753e-10-7.34801e-10-1.05825e-09
-1.34062e-09-1.56333e-09-1.75538e-09-1.97582e-09-2.22980e-09-2.46890e-09
-2.65742e-09-2.77864e-09-2.83167e-09-2.84082e-09-2.80715e-09-2.67649e-09
-2.40129e-09-1.99430e-09-1.50783e-09-9.93429e-10-4.74609e-10 5.66544e-11
 6.13124e-10 1.17692e-09 1.68966e-09 2.10460e-09 2.44391e-09 2.75008e-09
 3.00689e-09 3.16340e-09 3.18756e-09 3.07892e-09 2.88997e-09 2.70256e-09
 2.52399e-09 2.27422e-09 1.91593e-09 1.51321e-09 1.14549e-09 8.32794e-10
 5.31821e-10 1.72852e-10-2.53498e-10-6.47278e-10-8.98942e-10-1.02026e-09
-1.13009e-09-1.32518e-09-1.58218e-09-1.79624e-09-1.91461e-09-1.99905e-09
-2.16298e-09-2.46369e-09-2.82602e-09-3.10139e-09-3.23802e-09-3.32077e-09
-3.43660e-09-3.57750e-09-3.64399e-09-3.51017e-09-3.13483e-09-2.58979e-09
-1.95164e-09-1.21349e-09-3.05364e-10 8.17038e-10 2.08739e-09 3.34677e-09
 4.44496e-09 5.29844e-09 5.88571e-09 6.20749e-09 6.23073e-09 5.91024e-09
 5.27888e-09 4.45709e-09 3.58494e-09 2.77390e-09 2.06988e-09 1.44873e-09
 8.77113e-10 3.51602e-10-1.22659e-10-5.49657e-10-9.46448e-10-1.33615e-09
-1.71577e-09-2.04376e-09-2.26978e-09-2.36456e-09-2.33720e-09-2.23219e-09
-2.09348e-09-1.94392e-09-1.79807e-09-1.66333e-09-1.53981e-09-1.42995e-09
-1.32064e-09-1.17247e-09-9.52925e-10-6.55874e-10-2.98052e-10 7.23325e-11
 3.92708e-10 6.27283e-10 7.69814e-10 8.29635e-10 8.35643e-10 8.25518e-10
 8.28273e-10 8.66610e-10 9.47981e-10 1.04566e-09 1.11010e-09 1.09522e-09
 9.69030e-10 7.16051e-10 3.36530e-10-1.58531e-10-7.51610e-10-1.42334e-09
-2.14831e-09-2.87413e-09-3.50909e-09-3.92947e-09-3.99029e-09-3.55061e-09
-2.52258e-09-9.23401e-10 1.07500e-09 3.10720e-09 4.62211e-09 4.94023e-09
 3.35347e-09 9.98742e-10
     0.0000e+00     0.0000e+00      0  0  0.00
     512   1.00000  0.0000e+00
-7.38612e-10-1.12968e-09-1.51818e-09-1.82769e-09-1.97497e-09-1.90861e-09
-1.63459e-09-1.21285e-09-7.37040e-10-3.04234e-10 2.13921e-11 2.31908e-10
 3.71992e-10 5.11049e-10 7.04024e-10 9.62663e-10 1.25087e-09 1.49928e-09
 1.63420e-09 1.61428e-09 1.45219e-09 1.20500e-09 9.43529e-10 7.18388e-10
 5.38114e-10 3.69945e-10 1.59953e-10-1.36800e-10-5.25852e-10-9.60626e-10
-1.35885e-09-1.63609e-09-1.73794e-09-1.66057e-09-1.44937e-09-1.17117e-09
-8.78026e-10-5.89870e-10-3.02813e-10-6.94450e-12 2.98325e-10 5.90218e-10
 8.16217e-10 9.12918e-10 8.48316e-10 6.55247e-10 4.25901e-10 2.71455e-10
 2.76876e-10 4.72701e-10 8.23803e-10 1.23400e-09 1.57409e-09 1.72797e-09
 1.62883e-09 1.26410e-09 6.60901e-10-1.24407e-10-1.00866e-09-1.88190e-09
-2.60360e-09-3.00370e-09-2.91068e-09-2.20968e-09-9.01374e-10 8.72102e-10
 2.84321e-09 4.66864e-09 6.00399e-09 6.58699e-09 6.29793e-09 5.17299e-09
 3.37580e-09 1.15273e-09-1.20962e-09-3.42450e-09-5.24341e-09-6.48695e-09
-7.06900e-09-7.02109e-09-6.50213e-09-5.76280e-09-5.06515e-09-4.60399e-09
-4.46662e-09-4.62463e-09-4.94818e-09-5.25832e-09-5.41077e-09-5.35501e-09
-5.12342e-09-4.77662e-09-4.36408e-09-3.91553e-09-3.43476e-09-2.88286e-09
-2.17430e-09-1.20168e-09 1.33371e-10 1.90691e-09 4.16280e-09 6.88577e-09
 9.97555e-09 1.32563e-08 1.65238e-08 1.96040e-08 2.24005e-08 2.49070e-08
 2.71684e-08 2.92128e-08 3.10063e-08 3.24564e-08 3.34366e-08 3.38128e-08
 3.34826e-08 3.24200e-08 3.06811e-08 2.83493e-08 2.54641e-08 2.19870e-08
 1.77894e-08 1.26134e-08 6.02557e-09-2.55515e-09-1.37293e-08-2.79529e-08
-4.53811e-08-6.56926e-08-8.79075e-08-1.10307e-07-1.30546e-07-1.45927e-07
-1.53829e-07-1.52327e-07-1.40930e-07-1.21077e-07-9.58387e-08-6.86696e-08
-4.17847e-08-1.52439e-08 1.24699e-08 4.26462e-08 7.45906e-08 1.05230e-07
 1.30354e-07 1.46529e-07 1.52394e-07 1.48752e-07 1.37831e-07 1.22361e-07
 1.04822e-07 8.69735e-08 6.97204e-08 5.32955e-08 3.76157e-08 2.26312e-08
 8.61748e-09-3.58655e-09-1.24376e-08-1.57410e-08-1.09718e-08 4.11923e-09
 3.06510e-08 6.76147e-08 1.10937e-07 1.52877e-07 1.82042e-07 1.84281e-07
 1.44744e-07 5.11805e-08-1.01777e-07-3.07932e-07-5.45372e-07-7.73711e-07
-9.34485e-07-9.64588e-07-8.26603e-07-5.29372e-07-1.21678e-07 3.19486e-07
 7.00013e-07 9.34562e-07 9.79640e-07 8.54161e-07 6.36702e-07 4.31615e-07
 3.11207e-07 2.73484e-07 2.56168e-07 2.01126e-07 1.14091e-07 6.10606e-08
 1.01835e-07 2.30944e-07 3.86748e-07 5.02121e-07 5.21658e-07 3.79309e-07
 2.13022e-08-5.14271e-07-1.10486e-06-1.66519e-06-2.16842e-06-2.53288e-06
-2.61812e-06-2.32702e-06-1.62695e-06-5.54031e-07 7.41446e-07 2.01639e-06
 3.00772e-06 3.48687e-06 3.32491e-06 2.56590e-06 1.43563e-06 2.61455e-07
-6.46047e-07-1.10889e-06-1.15400e-06-9.71221e-07-7.73726e-07-6.67581e-07
-6.11324e-07-4.99719e-07-2.97828e-07-7.98439e-08 5.67911e-08 9.07388e-08
 7.66024e-08 6.77468e-08 7.17057e-08 6.97483e-08 5.17039e-08 2.77837e-08
 1.40717e-08 1.01216e-08 3.72281e-09-3.33423e-09-2.54773e-09-8.72818e-10
-3.82806e-09-2.85441e-09 8.80538e-10-4.61976e-10-5.68408e-10 2.77193e-09
 2.23706e-09 2.32908e-09 5.88494e-09 6.24692e-09 6.94674e-09 1.01063e-08
 9.97186e-09 1.01872e-08 1.17313e-08 1.02169e-08 9.66639e-09 9.42524e-09
 6.85166e-09 5.87484e-09 4.33802e-09 1.75758e-09 9.25657e-10-9.80545e-10
-2.53539e-09-3.08086e-09-4.63898e-09-5.00540e-09-5.38978e-09-5.89414e-09
-5.33829e-09-5.32864e-09-4.69304e-09-3.92649e-09-3.34284e-09-2.17229e-09
-1.31503e-09-1.31612e-10 1.00089e-09 1.97400e-09 3.03656e-09 3.76049e-09
 4.47165e-09 4.95975e-09 5.31840e-09 5.52042e-09 5.44447e-09 5.21523e-09
 4.76870e-09 4.17840e-09 3.41801e-09 2.54530e-09 1.59164e-09 5.33522e-10
-6.00463e-10-1.74935e-09-2.82398e-09-3.79807e-09-4.65137e-09-5.35628e-09
-5.89455e-09-6.25131e-09-6.39649e-09-6.30537e-09-5.97665e-09-5.41550e-09
-4.65335e-09-3.75726e-09-2.75856e-09-1.63624e-09-4.23638e-10 7.73757e-10
 1.88375e-09 2.87522e-09 3.69450e-09 4.30050e-09 4.68696e-09 4.80131e-09
 4.56614e-09 3.99935e-09 3.15978e-09 2.01691e-09 5.20433e-10-1.28508e-09
-3.30722e-09-5.47038e-09-7.70542e-09-9.96718e-09-1.22387e-08-1.44256e-08
-1.63110e-08-1.77131e-08-1.86063e-08-1.90268e-08-1.89385e-08-1.81991e-08
-1.66300e-08-1.41788e-08-1.10062e-08-7.33684e-09-3.25889e-09 1.26854e-09
 6.24903e-09 1.15143e-08 1.67383e-08 2.16068e-08 2.60110e-08 3.00468e-08
 3.37595e-08 3.69321e-08 3.92403e-08 4.05695e-08 4.10585e-08 4.09004e-08
 4.01845e-08 3.88472e-08 3.67665e-08 3.39664e-08 3.06776e-08 2.71586e-08
 2.35005e-08 1.96141e-08 1.54141e-08 1.09881e-08 6.53772e-09 2.21159e-09
-1.96717e-09-6.07448e-09-1.01815e-08-1.42424e-08-1.81215e-08-2.17321e-08
-2.51139e-08-2.83774e-08-3.15848e-08-3.47016e-08-3.76586e-08-4.04252e-08
-4.30255e-08-4.55070e-08-4.78636e-08-4.99917e-08-5.17641e-08-5.30939e-08
-5.38958e-08-5.40744e-08-5.35422e-08-5.21919e-08-4.99292e-08-4.67385e-08
-4.26395e-08-3.76584e-08-3.18783e-08-2.54132e-08-1.83651e-08-1.08613e-08
-3.03269e-09 5.03608e-09 1.32255e-08 2.13288e-08 2.91590e-08 3.66089e-08
 4.35816e-08 4.99417e-08 5.55007e-08 6.00180e-08 6.32899e-08 6.52526e-08
 6.59354e-08 6.53171e-08 6.33098e-08 5.99332e-08 5.54544e-08 5.03176e-08
 4.49750e-08 3.97643e-08 3.48683e-08 3.03959e-08 2.64855e-08 2.32029e-08
 2.03347e-08 1.73768e-08 1.37610e-08 9.12440e-09 3.44069e-09-3.02412e-09
-9.82704e-09-1.64196e-08-2.21231e-08-2.60954e-08-2.75142e-08-2.59640e-08
-2.17023e-08-1.56374e-08-9.11146e-09-3.60889e-09-5.21881e-10-1.01265e-09
-5.82953e-09-1.50151e-08-2.76793e-08-4.20564e-08-5.58897e-08-6.69437e-08
-7.34114e-08-7.41905e-08-6.90525e-08-5.86650e-08-4.44962e-08-2.85964e-08
-1.31750e-08-8.98250e-11 9.51104e-09 1.53362e-08 1.78895e-08 1.81846e-08
 1.73786e-08 1.64850e-08 1.61624e-08 1.65869e-08 1.74699e-08 1.82269e-08
 1.82497e-08 1.71902e-08 1.51362e-08 1.26083e-08 1.03749e-08 9.16693e-09
 9.42999e-09 1.11785e-08 1.39515e-08 1.69242e-08 1.91686e-08 1.99269e-08
 1.88201e-08 1.59775e-08 1.19973e-08 7.72968e-09 4.00020e-09 1.34383e-09
-1.67882e-10-8.88174e-10-1.38926e-09-2.23146e-09-3.74517e-09-5.87208e-09
-8.17258e-09-9.99872e-09-1.07431e-08-1.00827e-08-8.12626e-09-5.40028e-09
-2.69549e-09-8.23683e-10-3.55763e-10-1.44643e-09-3.82176e-09-6.91089e-09
-1.00445e-08-1.26369e-08-1.42821e-08-1.47361e-08-1.38242e-08-1.13602e-08
-7.15768e-09-1.16142e-09 6.29136e-09 1.41236e-08 2.02568e-08 2.16604e-08
 1.48141e-08 4.43948e-09
     0.0000e+00     0.0000e+00      0  0  0.00
     512   1.00000  0.0000e+00
-8.59950e-10-9.71563e-10-9.81102e-10-8.80521e-10-6.95913e-10-4.84864e-10
-3.17788e-10-2.50999e-10-3.02149e-10-4.39497e-10-5.93746e-10-6.88079e-10
-6.70926e-10-5.37408e-10-3.30030e-10-1.16399e-10 4.43229e-11 1.28316e-10
 1.56396e-10 1.82907e-10 2.68579e-10 4.49328e-10 7.15402e-10 1.01191e-09
 1.26241e-09 1.40302e-09 1.40787e-09 1.29473e-09 1.11054e-09 9.04659e-10
 7.03633e-10 5.00700e-10 2.65990e-10-2.80200e-11-3.80505e-10-7.50949e-10
-1.06845e-09-1.25795e-09-1.27304e-09-1.11966e-09-8.55799e-10-5.65515e-10
-3.22909e-10-1.66618e-10-9.48184e-11-7.72640e-11-7.58538e-11-6.45569e-11
-3.84747e-11-5.17855e-12 3.66122e-11 1.13552e-10 2.72884e-10 5.55612e-10
 9.62404e-10 1.43135e-09 1.84154e-09 2.04465e-09 1.91231e-09 1.38024e-09
 4.72467e-10-7.01319e-10-1.97227e-09-3.15192e-09-4.06868e-09-4.58791e-09
-4.61691e-09-4.10913e-09-3.07878e-09-1.62052e-09 8.37554e-11 1.78409e-09
 3.20758e-09 4.11984e-09 4.38700e-09 4.01586e-09 3.15142e-09 2.02912e-09
 9.03886e-10-1.37031e-11-5.94778e-10-7.99107e-10-6.57795e-10-2.46180e-10
 3.38025e-10 9.87473e-10 1.59760e-09 2.08675e-09 2.41863e-09 2.61269e-09
 2.73315e-09 2.85870e-09 3.04206e-09 3.27390e-09 3.47024e-09 3.49765e-09
 3.22995e-09 2.60608e-09 1.65587e-09 4.83300e-10-7.78139e-10-2.01279e-09
-3.15284e-09-4.18328e-09-5.12828e-09-6.03193e-09-6.94075e-09-7.88941e-09
-8.89062e-09-9.93031e-09-1.09646e-08-1.19157e-08-1.26766e-08-1.31424e-08
-1.32599e-08-1.30613e-08-1.26471e-08-1.21311e-08-1.15877e-08-1.10263e-08
-1.03875e-08-9.54967e-09-8.34607e-09-6.58917e-09-4.08059e-09-5.97712e-10
 4.11371e-09 1.02961e-08 1.80771e-08 2.73457e-08 3.76510e-08 4.81437e-08
 5.75712e-08 6.43709e-08 6.69139e-08 6.38949e-08 5.47469e-08 3.98920e-08
 2.07132e-08-7.01201e-10-2.18983e-08-4.03983e-08-5.40475e-08-6.13956e-08
-6.19891e-08-5.64175e-08-4.60617e-08-3.26776e-08-1.80113e-08-3.55661e-09
 9.55322e-09 2.05727e-08 2.91245e-08 3.51511e-08 3.88563e-08 4.06523e-08
 4.11216e-08 4.09836e-08 4.10316e-08 4.20068e-08 4.44003e-08 4.82175e-08
 5.27559e-08 5.64552e-08 5.68776e-08 5.08748e-08 3.49767e-08 6.01884e-09
-3.79934e-08-9.68321e-08-1.66954e-07-2.40653e-07-3.05805e-07-3.46645e-07
-3.47250e-07-2.99221e-07-2.08224e-07-9.21860e-08 2.47279e-08 1.16691e-07
 1.62751e-07 1.55549e-07 1.06149e-07 4.09545e-08-9.92996e-09-2.84477e-08
-1.80915e-08 1.32479e-09 1.11509e-08 1.00092e-08 1.42908e-08 4.26983e-08
 1.01526e-07 1.86478e-07 2.95394e-07 4.31785e-07 5.94889e-07 7.74736e-07
 9.55843e-07 1.10715e-06 1.16630e-06 1.05768e-06 7.33221e-07 1.88255e-07
-5.39447e-07-1.35743e-06-2.11938e-06-2.65831e-06-2.82409e-06-2.52372e-06
-1.76855e-06-6.95366e-07 4.57910e-07 1.41602e-06 1.95480e-06 1.98534e-06
 1.59607e-06 1.01467e-06 4.96009e-07 1.96743e-07 1.03307e-07 7.18280e-08
-3.24493e-08-2.12312e-07-3.46823e-07-3.33404e-07-2.11130e-07-1.09155e-07
-8.80065e-08-9.06457e-08-5.81536e-08-1.45956e-08-6.28992e-10-2.67863e-09
 3.89612e-09 9.00341e-09 4.19760e-09 2.73464e-09 5.97561e-09 4.05011e-09
 1.27717e-09 2.59480e-09 1.80091e-09-8.91380e-10-1.07908e-09-2.12030e-09
-4.74895e-09-5.69444e-09-6.75921e-09-8.53028e-09-8.80271e-09-8.85954e-09
-9.11365e-09-8.28878e-09-7.43688e-09-6.68208e-09-5.34399e-09-4.20413e-09
-3.13604e-09-1.85315e-09-8.83492e-10-1.56777e-11 8.54558e-10 1.49757e-09
 2.12964e-09 2.72646e-09 3.14777e-09 3.54272e-09 3.83739e-09 3.99587e-09
 4.17845e-09 4.26940e-09 4.29491e-09 4.26633e-09 4.05858e-09 3.80400e-09
 3.46772e-09 3.11885e-09 2.82188e-09 2.47351e-09 2.09266e-09 1.58197e-09
 9.71344e-10 3.15522e-10-3.42993e-10-9.15876e-10-1.41383e-09-1.83391e-09
-2.21898e-09-2.57922e-09-2.88439e-09-3.09856e-09-3.19384e-09-3.18917e-09
-3.10237e-09-2.94422e-09-2.70915e-09-2.38272e-09-1.94115e-09-1.36879e-09
-6.97762e-10-1.63591e-13 6.66941e-10 1.29233e-09 1.88148e-09 2.43202e-09
 2.93990e-09 3.39189e-09 3.75061e-09 3.98177e-09 4.08407e-09 4.06724e-09
 3.92772e-09 3.65911e-09 3.26030e-09 2.73909e-09 2.12846e-09 1.47577e-09
 8.00309e-10 9.25479e-11-6.43279e-10-1.38251e-09-2.10221e-09-2.77782e-09
-3.37884e-09-3.88235e-09-4.27164e-09-4.53415e-09-4.68307e-09-4.75315e-09
-4.75463e-09-4.66130e-09-4.45414e-09-4.14539e-09-3.76317e-09-3.33938e-09
-2.89154e-09-2.39999e-09-1.84298e-09-1.25977e-09-7.33832e-10-3.12528e-10
 2.76544e-11 3.36278e-10 6.22001e-10 8.35921e-10 9.15066e-10 8.37714e-10
 6.48065e-10 4.21903e-10 1.95924e-10-5.29845e-11-3.53109e-10-6.77747e-10
-9.44154e-10-1.08037e-09-1.08910e-09-1.01973e-09-8.86064e-10-6.38859e-10
-2.08092e-10 4.40278e-10 1.27802e-09 2.23905e-09 3.26816e-09 4.34510e-09
 5.46272e-09 6.58223e-09 7.62367e-09 8.50974e-09 9.19997e-09 9.67772e-09
 9.92407e-09 9.89959e-09 9.54436e-09 8.81741e-09 7.73361e-09 6.34488e-09
 4.70659e-09 2.87024e-09 8.81867e-10-1.20981e-09-3.33209e-09-5.39217e-09
-7.30343e-09-8.99086e-09-1.03823e-08-1.14129e-08-1.20330e-08-1.22108e-08
-1.19392e-08-1.12348e-08-1.01285e-08-8.65813e-09-6.86233e-09-4.77745e-09
-2.44311e-09 7.97999e-11 2.68927e-09 5.25664e-09 7.66347e-09 9.80628e-09
 1.15822e-08 1.28909e-08 1.36375e-08 1.37416e-08 1.31750e-08 1.19848e-08
 1.02684e-08 8.15727e-09 5.83397e-09 3.53142e-09 1.48265e-09-1.43848e-10
-1.29303e-09-2.03812e-09-2.53862e-09-2.97218e-09-3.51462e-09-4.35804e-09
-5.68055e-09-7.55083e-09-9.83657e-09-1.21896e-08-1.41288e-08-1.51663e-08
-1.49126e-08-1.31466e-08-9.86970e-09-5.37084e-09-2.81271e-10 4.48465e-09
 7.92582e-09 9.18148e-09 7.71984e-09 3.47363e-09-3.10504e-09-1.10691e-08
-1.90784e-08-2.56047e-08-2.92243e-08-2.89288e-08-2.43705e-08-1.59595e-08
-4.80064e-09 7.50163e-09 1.91412e-08 2.84439e-08 3.41675e-08 3.57333e-08
 3.33319e-08 2.78386e-08 2.05619e-08 1.29194e-08 6.12132e-09 9.36488e-10
-2.40544e-09-4.16770e-09-4.94205e-09-5.40499e-09-6.06817e-09-7.11216e-09
-8.35265e-09-9.33556e-09-9.52591e-09-8.52928e-09-6.26905e-09-3.05285e-09
 4.96654e-10 3.61878e-09 5.64552e-09 6.21358e-09 5.37504e-09 3.57146e-09
 1.49360e-09-1.38861e-10-8.15218e-10-3.95006e-10 8.63215e-10 2.40740e-09
 3.60293e-09 3.96902e-09 3.34170e-09 1.91784e-09 1.77209e-10-1.30050e-09
-2.05897e-09-1.93511e-09-1.11387e-09-5.25940e-11 7.00969e-10 7.26785e-10
-1.04444e-10-1.58556e-09-3.25768e-09-4.59158e-09-5.19339e-09-4.95070e-09
-4.06010e-09-2.92707e-09-1.98191e-09-1.48697e-09-1.41804e-09-1.47889e-09
-1.24914e-09-4.02986e-10 1.09356e-09 2.89414e-09 4.33458e-09 4.62389e-09
 3.10600e-09 9.15251e-10
     0.0000e+00     0.0000e+00      0  0  0.00
     512   1.00000  0.0000e+00
 8.11673e-11 1.57216e-10 2.12860e-10 2.44212e-10 2.55925e-10 2.54870e-10
 2.45398e-10 2.29258e-10 2.06120e-10 1.74186e-10 1.32714e-10 8.38949e-11
 3.26109e-11-1.47410e-11-5.25361e-11-7.79391e-11-9.10656e-11-9.50635e-11
-9.51911e-11-9.49132e-11-9.34694e-11-8.80377e-11-7.66223e-11-5.92332e-11
-3.82581e-11-1.79028e-11-2.91482e-12 2.88463e-12-1.17333e-12-1.09985e-11
-1.91846e-11-1.86588e-11-6.06032e-12 1.63998e-11 4.16381e-11 6.14305e-11
 7.06694e-11 6.85130e-11 5.66588e-11 3.82821e-11 1.83762e-11 2.17351e-12
-8.94206e-12-1.87688e-11-3.15090e-11-4.60818e-11-5.67363e-11-5.87490e-11
-5.18469e-11-3.88592e-11-2.37796e-11-1.15581e-11-7.13466e-12-1.24128e-11
-2.40778e-11-3.52944e-11-3.99225e-11-3.57940e-11-2.62945e-11-1.97505e-11
-2.47848e-11-4.42476e-11-7.38008e-11-1.06018e-10-1.34870e-10-1.56607e-10
-1.68634e-10-1.69991e-10-1.62299e-10-1.47428e-10-1.23937e-10-8.79773e-11
-3.83192e-11 2.07385e-11 8.15729e-11 1.37286e-10 1.84546e-10 2.25435e-10
 2.67064e-10 3.16796e-10 3.76276e-10 4.40500e-10 5.01943e-10 5.53580e-10
 5.88980e-10 6.04308e-10 6.02750e-10 5.93633e-10 5.83435e-10 5.69017e-10
 5.42662e-10 5.02060e-10 4.51370e-10 3.93229e-10 3.24132e-10 2.38339e-10
 1.32089e-10 1.98480e-12-1.56976e-10-3.47680e-10-5.65879e-10-8.01409e-10
-1.04486e-09-1.29291e-09-1.54816e-09-1.81397e-09-2.08695e-09-2.35324e-09
-2.59360e-09-2.79325e-09-2.94535e-09-3.04583e-09-3.09007e-09-3.07704e-09
-3.01137e-09-2.89680e-09-2.73075e-09-2.50919e-09-2.23259e-09-1.89840e-09
-1.48574e-09-9.52581e-10-2.49220e-10 6.68936e-10 1.83768e-09 3.27761e-09
 4.97742e-09 6.87894e-09 8.87420e-09 1.08069e-08 1.24733e-08 1.36423e-08
 1.41092e-08 1.37636e-08 1.26219e-08 1.07972e-08 8.43151e-09 5.64343e-09
 2.53252e-09-7.78400e-10-4.12220e-09-7.31955e-09-1.02258e-08-1.27302e-08
-1.47058e-08-1.59799e-08-1.63846e-08-1.58511e-08-1.44548e-08-1.23811e-08
-9.86317e-09-7.14107e-09-4.43757e-09-1.94142e-09 1.87467e-10 1.78924e-09
 2.68714e-09 2.72178e-09 1.83684e-09 1.77591e-10-1.84221e-09-3.53514e-09
-4.01025e-09-2.31378e-09 2.37707e-09 1.05264e-08 2.19880e-08 3.57564e-08
 4.97823e-08 6.09461e-08 6.52571e-08 5.83712e-08 3.64119e-08-2.46748e-09
-5.32651e-08-1.00547e-07-1.27426e-07-1.26911e-07-9.94186e-08-4.94596e-08
 1.06416e-08 6.23963e-08 8.88804e-08 8.23712e-08 4.97813e-08 1.07364e-08
-1.44201e-08-1.84833e-08-1.11165e-08-8.54717e-09-1.75455e-08-2.94899e-08
-3.13910e-08-2.04272e-08-3.98160e-09 1.21147e-08 2.69496e-08 3.60674e-08
 3.39812e-08 2.85063e-08 3.37088e-08 4.61831e-08 4.98659e-08 4.08825e-08
 2.51249e-08 3.94154e-09-1.85601e-08-3.28699e-08-3.56909e-08-2.89554e-08
-1.52235e-08-2.16568e-09-1.42959e-09-1.88296e-08-4.81920e-08-7.47899e-08
-8.15828e-08-5.66168e-08-5.53111e-09 4.58021e-08 6.70643e-08 4.56840e-08
 3.50524e-09-1.58043e-08 7.94878e-09 4.34224e-08 4.21608e-08 4.43119e-09
-1.85539e-08-2.27287e-09 1.54530e-08 3.76887e-09-1.07659e-08-3.43171e-09
 3.30032e-09-4.74100e-09-6.29648e-09 1.26969e-09-7.47003e-10-5.07871e-09
-1.42919e-10 8.82428e-10-3.29364e-09-6.17227e-10 1.21782e-09-2.10244e-09
-4.76710e-10 1.27104e-09-1.34959e-09-1.37232e-10 1.04064e-09-1.12978e-09
 2.61327e-11 5.41990e-10-1.11303e-09 1.84509e-10 1.13228e-10-8.59524e-10
 4.30086e-10-1.64339e-10-4.21302e-10 4.76368e-10-3.74431e-10-2.92977e-12
 2.60467e-10-3.54867e-10 2.94850e-10 1.17486e-11-3.15361e-11 3.72854e-10
-2.31695e-11 3.12486e-10 2.01072e-10 6.18921e-11 2.42938e-10-2.58581e-11
 1.21651e-10 4.42618e-11 1.34629e-11 9.06086e-11-2.42547e-11 3.75713e-11
-3.69340e-11-2.58386e-11-1.58933e-11-4.77420e-11-4.81969e-11-1.07196e-10
-1.18681e-10-1.42659e-10-1.40318e-10-1.17456e-10-8.83928e-11-6.56451e-11
-8.04723e-11-1.10868e-10-1.46721e-10-1.77443e-10-2.03785e-10-2.16463e-10
-2.17172e-10-2.17277e-10-2.18031e-10-2.18549e-10-2.23250e-10-2.28848e-10
-2.27755e-10-2.30394e-10-2.38039e-10-2.18671e-10-1.57341e-10-8.02718e-11
-1.91376e-12 8.88351e-11 1.91351e-10 3.03029e-10 4.37401e-10 5.86013e-10
 7.22186e-10 8.62457e-10 1.04107e-09 1.24199e-09 1.43059e-09 1.59911e-09
 1.74585e-09 1.87438e-09 2.00755e-09 2.14272e-09 2.22250e-09 2.20910e-09
 2.14274e-09 2.06868e-09 1.96182e-09 1.76120e-09 1.43039e-09 9.88315e-10
 5.09043e-10 5.32474e-11-3.98872e-10-9.01725e-10-1.45780e-09-2.00262e-09
-2.45126e-09-2.77525e-09-3.04381e-09-3.35377e-09-3.72190e-09-4.06859e-09
-4.31296e-09-4.47428e-09-4.63446e-09-4.81103e-09-4.93603e-09-4.93141e-09
-4.76158e-09-4.46392e-09-4.12442e-09-3.78350e-09-3.40754e-09-2.95157e-09
-2.41678e-09-1.86771e-09-1.36928e-09-9.05918e-10-4.19860e-10 1.11579e-10
 6.68473e-10 1.20615e-09 1.69206e-09 2.14259e-09 2.59669e-09 3.06901e-09
 3.54425e-09 3.99848e-09 4.42246e-09 4.82846e-09 5.23331e-09 5.63766e-09
 6.01865e-09 6.34427e-09 6.60396e-09 6.80727e-09 6.93976e-09 6.95790e-09
 6.83174e-09 6.54681e-09 6.09517e-09 5.50705e-09 4.83494e-09 4.10929e-09
 3.37455e-09 2.70964e-09 2.16586e-09 1.74662e-09 1.42698e-09 1.13876e-09
 7.96113e-10 3.58062e-10-1.94306e-10-9.03437e-10-1.78749e-09-2.79474e-09
-3.83630e-09-4.82181e-09-5.68292e-09-6.40056e-09-6.98395e-09-7.41526e-09
-7.65077e-09-7.68562e-09-7.58636e-09-7.43436e-09-7.25248e-09-7.00789e-09
-6.66465e-09-6.22668e-09-5.75660e-09-5.32311e-09-4.91212e-09-4.44598e-09
-3.88229e-09-3.25392e-09-2.63462e-09-2.06962e-09-1.53561e-09-9.82542e-10
-3.97422e-10 1.74943e-10 6.69347e-10 1.08182e-09 1.48627e-09 1.94576e-09
 2.45490e-09 2.96591e-09 3.43329e-09 3.85698e-09 4.27616e-09 4.69799e-09
 5.06922e-09 5.32297e-09 5.43471e-09 5.44625e-09 5.42430e-09 5.39695e-09
 5.35299e-09 5.27204e-09 5.13504e-09 4.93126e-09 4.64756e-09 4.24757e-09
 3.69701e-09 3.00244e-09 2.20388e-09 1.36009e-09 5.43443e-10-1.86476e-10
-7.99025e-10-1.27771e-09-1.61508e-09-1.82125e-09-1.92413e-09-1.96740e-09
-2.00016e-09-2.05398e-09-2.13614e-09-2.23732e-09-2.33459e-09-2.40496e-09
-2.43784e-09-2.42962e-09-2.38766e-09-2.33546e-09-2.29740e-09-2.29275e-09
-2.33776e-09-2.42954e-09-2.54130e-09-2.64063e-09-2.69599e-09-2.68175e-09
-2.59520e-09-2.45336e-09-2.27763e-09-2.09337e-09-1.92501e-09-1.78357e-09
-1.66793e-09-1.56926e-09-1.47035e-09-1.35090e-09-1.18873e-09-9.48565e-10
-5.75030e-10 7.73270e-12 8.96430e-10 2.19541e-09 3.98279e-09 6.26417e-09
 8.92304e-09 1.16864e-08 1.41234e-08 1.56787e-08 1.57503e-08 1.38175e-08
 9.60612e-09 3.26710e-09-4.46026e-09-1.21610e-08-1.77821e-08-1.88215e-08
-1.27034e-08-3.77168e-09
     0.0000e+00     0.0000e+00      0  0  0.00
     512   1.00000  0.0000e+00
 5.71155e-10 5.90999e-10 5.40471e-10 4.17355e-10 2.47913e-10 8.97829e-11
 1.35430e-11 7.25509e-11 2.75148e-10 5.72351e-10 8.72115e-10 1.07490e-09
 1.11200e-09 9.72280e-10 7.05476e-10 3.95043e-10 1.16038e-10-9.55366e-11
-2.49950e-10-3.89922e-10-5.65189e-10-8.05882e-10-1.10161e-09-1.39742e-09
-1.61673e-09-1.69959e-09-1.62994e-09-1.43660e-09-1.17269e-09-8.87949e-10
-6.08250e-10-3.28553e-10-2.08103e-11 3.44032e-10 7.69405e-10 1.21682e-09
 1.60925e-09 1.85629e-09 1.89308e-09 1.71196e-09 1.36645e-09 9.46101e-10
 5.41252e-10 2.16437e-10-1.78978e-12-1.24468e-10-1.87068e-10-2.26627e-10
-2.63480e-10-3.03588e-10-3.59860e-10-4.70543e-10-6.93160e-10-1.07370e-09
-1.60793e-09-2.21402e-09-2.73385e-09-2.97147e-09-2.75660e-09-2.00547e-09
-7.53679e-10 8.45984e-10 2.55508e-09 4.10258e-09 5.24355e-09 5.79845e-09
 5.66316e-09 4.80758e-09 3.28680e-09 1.26327e-09-9.88221e-10-3.11630e-09
-4.76337e-09-5.64691e-09-5.62897e-09-4.75457e-09-3.24205e-09-1.42088e-09
 3.62352e-10 1.83003e-09 2.82086e-09 3.29110e-09 3.28435e-09 2.89688e-09
 2.25669e-09 1.50875e-09 7.88357e-10 1.83515e-10-2.88251e-10-6.71208e-10
-1.04212e-09-1.47807e-09-2.02223e-09-2.64835e-09-3.24758e-09-3.66537e-09
-3.77808e-09-3.55551e-09-3.06792e-09-2.44785e-09-1.84323e-09-1.37916e-09
-1.12756e-09-1.08873e-09-1.19558e-09-1.33991e-09-1.40728e-09-1.30781e-09
-9.97086e-10-4.82824e-10 1.81226e-10 9.07971e-10 1.59743e-09 2.17181e-09
 2.61690e-09 2.99974e-09 3.44044e-09 4.05603e-09 4.91830e-09 6.04452e-09
 7.40654e-09 8.94232e-09 1.05709e-08 1.22093e-08 1.37727e-08 1.51458e-08
 1.61396e-08 1.64644e-08 1.57489e-08 1.36224e-08 9.84646e-09 4.44062e-09
-2.24492e-09-9.49578e-09-1.62396e-08-2.11867e-08-2.31599e-08-2.15012e-08
-1.63789e-08-8.86595e-09-7.37608e-10 5.96461e-09 9.46196e-09 8.68981e-09
 3.53341e-09-5.21863e-09-1.61786e-08-2.77836e-08-3.86419e-08-4.77126e-08
-5.43611e-08-5.83209e-08-5.95833e-08-5.82998e-08-5.47706e-08-4.94862e-08
-4.31498e-08-3.66584e-08-3.10499e-08-2.73749e-08-2.64319e-08-2.83873e-08
-3.23872e-08-3.62824e-08-3.65570e-08-2.85348e-08-6.92877e-09 3.32168e-08
 9.51930e-08 1.78990e-07 2.79610e-07 3.85723e-07 4.79240e-07 5.35910e-07
 5.28221e-07 4.37938e-07 2.73034e-07 6.58207e-08-1.42103e-07-3.06726e-07
-3.89965e-07-3.75187e-07-2.78454e-07-1.47783e-07-4.23271e-08 4.74031e-10
-1.56906e-08-5.46079e-08-7.88419e-08-8.09506e-08-8.68291e-08-1.26955e-07
-2.06689e-07-3.09763e-07-4.27313e-07-5.70340e-07-7.51451e-07-9.67584e-07
-1.19286e-06-1.36051e-06-1.36487e-06-1.11868e-06-5.99628e-07 1.68190e-07
 1.12619e-06 2.14669e-06 3.03530e-06 3.58996e-06 3.64459e-06 3.11019e-06
 2.03221e-06 6.05271e-07-8.67446e-07-2.05463e-06-2.70277e-06-2.72481e-06
-2.23855e-06-1.51310e-06-8.34573e-07-3.79326e-07-1.47987e-07-1.12209e-08
 1.48633e-07 3.35890e-07 4.60366e-07 4.51867e-07 3.44235e-07 2.29298e-07
 1.60623e-07 1.25196e-07 9.14443e-08 5.13950e-08 1.77681e-08 3.58270e-09
 3.28710e-09 4.90921e-10-5.16816e-09-3.11804e-09 9.32748e-10-2.05755e-09
-2.43526e-09 2.48891e-09 1.78889e-09 5.67014e-10 5.32682e-09 6.31647e-09
 5.40702e-09 9.80602e-09 1.10534e-08 9.88689e-09 1.28136e-08 1.23984e-08
 1.01838e-08 1.13601e-08 9.18089e-09 6.64923e-09 6.76162e-09 3.73799e-09
 1.97478e-09 1.66047e-09-1.03399e-09-1.36604e-09-1.93780e-09-3.74640e-09
-3.40388e-09-4.54425e-09-5.27116e-09-5.04172e-09-6.16966e-09-5.88527e-09
-6.09849e-09-6.48789e-09-5.99422e-09-6.35043e-09-5.90438e-09-5.66184e-09
-5.48300e-09-4.84290e-09-4.65603e-09-4.03849e-09-3.55576e-09-2.91211e-09
-2.06269e-09-1.31805e-09-3.84861e-10 4.26609e-10 1.28846e-09 2.05896e-09
 2.73574e-09 3.38138e-09 3.92299e-09 4.37437e-09 4.65379e-09 4.81949e-09
 4.87464e-09 4.80584e-09 4.59575e-09 4.25204e-09 3.78164e-09 3.13708e-09
 2.31472e-09 1.39729e-09 4.79476e-10-4.28468e-10-1.34728e-09-2.24458e-09
-3.06513e-09-3.77835e-09-4.34999e-09-4.74874e-09-4.98294e-09-5.06583e-09
-4.98916e-09-4.74757e-09-4.32412e-09-3.68830e-09-2.87232e-09-1.96992e-09
-1.01217e-09 3.72806e-11 1.15053e-09 2.24001e-09 3.26298e-09 4.20569e-09
 5.03873e-09 5.74712e-09 6.31516e-09 6.68615e-09 6.82331e-09 6.76450e-09
 6.54881e-09 6.15110e-09 5.52377e-09 4.64513e-09 3.54276e-09 2.31988e-09
 1.08488e-09-1.81861e-10-1.56262e-09-2.99759e-09-4.28712e-09-5.27178e-09
-5.93000e-09-6.33128e-09-6.50685e-09-6.38960e-09-5.89430e-09-5.01123e-09
-3.85023e-09-2.59678e-09-1.36464e-09-1.30580e-10 1.16330e-09 2.48504e-09
 3.68310e-09 4.60364e-09 5.24319e-09 5.70025e-09 6.00156e-09 6.06755e-09
 5.79845e-09 5.15593e-09 4.19458e-09 3.00501e-09 1.64207e-09 1.11038e-10
-1.60259e-09-3.45170e-09-5.29542e-09-7.00053e-09-8.51138e-09-9.79917e-09
-1.08168e-08-1.14959e-08-1.17521e-08-1.15371e-08-1.08748e-08-9.80185e-09
-8.33474e-09-6.51902e-09-4.43294e-09-2.14994e-09 2.46635e-10 2.64354e-09
 4.93409e-09 7.03488e-09 8.86241e-09 1.03508e-08 1.14691e-08 1.21937e-08
 1.25005e-08 1.23794e-08 1.18425e-08 1.09209e-08 9.63972e-09 7.99777e-09
 5.96722e-09 3.54134e-09 8.09357e-10-2.07328e-09-4.98124e-09-7.80428e-09
-1.03822e-08-1.25162e-08-1.39951e-08-1.46370e-08-1.43883e-08-1.33458e-08
-1.16458e-08-9.40399e-09-6.78536e-09-4.06900e-09-1.59786e-09 3.45720e-10
 1.65496e-09 2.43736e-09 2.91786e-09 3.29540e-09 3.74837e-09 4.52522e-09
 5.89532e-09 7.97830e-09 1.05970e-08 1.32537e-08 1.52853e-08 1.60697e-08
 1.51397e-08 1.22344e-08 7.33917e-09 7.78242e-10-6.63573e-09-1.36392e-08
-1.88289e-08-2.09952e-08-1.93679e-08-1.37877e-08-4.75356e-09 6.59564e-09
 1.85556e-08 2.90950e-08 3.62342e-08 3.84789e-08 3.51855e-08 2.66862e-08
 1.42023e-08-3.63367e-10-1.47710e-08-2.68536e-08-3.48967e-08-3.79706e-08
-3.61201e-08-3.02797e-08-2.19657e-08-1.28890e-08-4.57122e-09 1.95829e-09
 6.30543e-09 8.67913e-09 9.71839e-09 1.02105e-08 1.07755e-08 1.16503e-08
 1.26442e-08 1.32430e-08 1.28248e-08 1.09207e-08 7.43240e-09 2.73158e-09
-2.41586e-09-7.05817e-09-1.03311e-08-1.17237e-08-1.12226e-08-9.29594e-09
-6.75424e-09-4.49316e-09-3.18794e-09-3.08923e-09-3.97682e-09-5.25355e-09
-6.18414e-09-6.19406e-09-5.07725e-09-3.05252e-09-6.71222e-10 1.39626e-09
 2.61095e-09 2.75895e-09 2.03399e-09 9.73337e-10 2.38799e-10 3.39629e-10
 1.44604e-09 3.35179e-09 5.56917e-09 7.51612e-09 8.73019e-09 9.03425e-09
 8.58238e-09 7.75574e-09 6.95258e-09 6.36668e-09 5.85847e-09 4.99338e-09
 3.24620e-09 2.90955e-10-3.72678e-09-8.03530e-09-1.12773e-08-1.17574e-08
-7.86240e-09-2.32003e-09
     0.0000e+00     0.0000e+00      0  0  0.00
     512   1.00000  0.0000e+00
 3.21682e-10 6.50037e-10 9.80814e-10 1.25058e-09 1.39436e-09 1.37263e-09
 1.19003e-09 8.94710e-10 5.61798e-10 2.67609e-10 6.15010e-11-5.28073e-11
-1.15009e-10-1.84768e-10-3.09056e-10-4.97505e-10-7.17363e-10-9.08244e-10
-1.00932e-09-9.87646e-10-8.54193e-10-6.59207e-10-4.68479e-10-3.31424e-10
-2.57820e-10-2.16228e-10-1.53557e-10-2.42901e-11 1.84502e-10 4.43835e-10
 6.93954e-10 8.70555e-10 9.33310e-10 8.82812e-10 7.56590e-10 6.05465e-10
 4.64887e-10 3.39801e-10 2.10174e-10 5.04052e-11-1.48532e-10-3.64159e-10
-5.43844e-10-6.26908e-10-5.78945e-10-4.17134e-10-2.08734e-10-4.37434e-11
 1.86541e-12-1.04617e-10-3.40126e-10-6.33286e-10-8.90780e-10-1.03208e-09
-1.01313e-09-8.27016e-10-4.89501e-10-2.75766e-11 5.20234e-10 1.09526e-09
 1.60991e-09 1.94828e-09 1.98550e-09 1.62583e-09 8.46821e-10-2.71039e-10
-1.54709e-09-2.74049e-09-3.61382e-09-3.99437e-09-3.81072e-09-3.09711e-09
-1.97237e-09-6.06277e-10 8.14530e-10 2.11379e-09 3.14369e-09 3.79754e-09
 4.02529e-09 3.85330e-09 3.39343e-09 2.82091e-09 2.32079e-09 2.02908e-09
 1.99510e-09 2.17376e-09 2.44792e-09 2.67816e-09 2.76281e-09 2.67603e-09
 2.46188e-09 2.19461e-09 1.93673e-09 1.71746e-09 1.53043e-09 1.33891e-09
 1.08400e-09 6.96664e-10 1.09518e-10-7.35492e-10-1.87662e-09-3.31120e-09
-4.97430e-09-6.74079e-09-8.46101e-09-1.00144e-08-1.13509e-08-1.24960e-08
-1.35162e-08-1.44669e-08-1.53528e-08-1.61160e-08-1.66533e-08-1.68559e-08
-1.66553e-08-1.60503e-08-1.50917e-08-1.38412e-08-1.23353e-08-1.05727e-08
-8.50384e-09-6.00213e-09-2.83751e-09 1.31008e-09 6.78502e-09 1.38645e-08
 2.26602e-08 3.30107e-08 4.43856e-08 5.58592e-08 6.61895e-08 7.39735e-08
 7.78569e-08 7.68336e-08 7.06326e-08 6.00149e-08 4.66642e-08 3.25149e-08
 1.88013e-08 5.48643e-09-8.41652e-09-2.37737e-08-4.02882e-08-5.62703e-08
-6.93604e-08-7.76307e-08-8.03183e-08-7.78697e-08-7.15100e-08-6.27165e-08
-5.28178e-08-4.27620e-08-3.30618e-08-2.39014e-08-1.53366e-08-7.48360e-09
-6.34643e-10 4.70463e-09 7.83727e-09 7.95856e-09 4.32724e-09-3.46662e-09
-1.51713e-08-2.95466e-08-4.41215e-08-5.51325e-08-5.77468e-08-4.66671e-08
-1.71774e-08 3.33999e-08 1.04006e-07 1.88233e-07 2.73182e-07 3.39599e-07
 3.65934e-07 3.36991e-07 2.50458e-07 1.17255e-07-4.02599e-08-1.91643e-07
-3.06024e-07-3.62266e-07-3.56697e-07-3.04763e-07-2.35377e-07-1.77747e-07
-1.45599e-07-1.30891e-07-1.14568e-07-8.67524e-08-5.86285e-08-5.42317e-08
-8.94443e-08-1.58486e-07-2.38409e-07-3.00813e-07-3.16463e-07-2.55242e-07
-9.37482e-08 1.66929e-07 4.96261e-07 8.57082e-07 1.21192e-06 1.49463e-06
 1.61318e-06 1.49154e-06 1.09282e-06 4.32510e-07-4.00545e-07-1.24861e-06
-1.92172e-06-2.24614e-06-2.12174e-06-1.57387e-06-7.64049e-07 5.77934e-08
 6.46825e-07 8.69513e-07 7.66668e-07 5.22095e-07 3.41818e-07 3.15992e-07
 3.66358e-07 3.38741e-07 1.72135e-07-2.91123e-08-1.16230e-07-7.37862e-08
-2.06108e-08-3.45172e-08-6.46486e-08-4.94285e-08-1.77867e-08-1.28133e-08
-1.48499e-08-2.73692e-09 3.00620e-09-2.93413e-09-9.49261e-10 4.11682e-09
 1.57097e-10-1.43881e-09 2.09206e-09 1.56959e-10-1.71052e-09 7.90935e-10
-4.15786e-10-2.38049e-09-1.17820e-09-2.69202e-09-4.54183e-09-3.87134e-09
-5.13309e-09-5.96024e-09-5.00210e-09-5.63502e-09-5.34742e-09-4.13826e-09
-4.09742e-09-2.90780e-09-1.74238e-09-1.32494e-09-2.43586e-11 5.87330e-10
 1.06403e-09 1.95659e-09 2.12829e-09 2.62930e-09 2.95557e-09 2.87295e-09
 3.02599e-09 2.71875e-09 2.45576e-09 2.15295e-09 1.62332e-09 1.25369e-09
 6.84089e-10 1.54651e-10-3.83815e-10-9.62797e-10-1.40235e-09-1.83211e-09
-2.13179e-09-2.37610e-09-2.55565e-09-2.63613e-09-2.64918e-09-2.55543e-09
-2.38468e-09-2.11145e-09-1.74977e-09-1.32064e-09-8.34849e-10-3.07017e-10
 2.43708e-10 7.69826e-10 1.24114e-09 1.65128e-09 2.00948e-09 2.32123e-09
 2.58125e-09 2.76853e-09 2.84714e-09 2.78554e-09 2.57702e-09 2.24673e-09
 1.83591e-09 1.37342e-09 8.66344e-10 3.20703e-10-2.42357e-10-7.92367e-10
-1.29606e-09-1.71800e-09-2.03213e-09-2.23328e-09-2.32044e-09-2.27260e-09
-2.05699e-09-1.65295e-09-1.05599e-09-2.71420e-10 6.78700e-10 1.75058e-09
 2.90167e-09 4.11759e-09 5.39906e-09 6.72269e-09 8.02393e-09 9.21707e-09
 1.02286e-08 1.10146e-08 1.15491e-08 1.17951e-08 1.16850e-08 1.11415e-08
 1.01227e-08 8.64551e-09 6.76098e-09 4.51144e-09 1.91295e-09-1.01382e-09
-4.19207e-09-7.47810e-09-1.07041e-08-1.37310e-08-1.64805e-08-1.89192e-08
-2.10010e-08-2.26411e-08-2.37642e-08-2.43598e-08-2.44820e-08-2.42012e-08
-2.35565e-08-2.25488e-08-2.11759e-08-1.94813e-08-1.75636e-08-1.55228e-08
-1.34005e-08-1.11849e-08-8.86052e-09-6.44564e-09-3.99828e-09-1.58364e-09
 7.71140e-10 3.08311e-09 5.37380e-09 7.62811e-09 9.79885e-09 1.18559e-08
 1.38210e-08 1.57474e-08 1.76670e-08 1.95634e-08 2.13971e-08 2.31490e-08
 2.48345e-08 2.64797e-08 2.80856e-08 2.96092e-08 3.09799e-08 3.21258e-08
 3.29799e-08 3.34665e-08 3.34963e-08 3.29790e-08 3.18415e-08 3.00368e-08
 2.75465e-08 2.43838e-08 2.05932e-08 1.62459e-08 1.14384e-08 6.29182e-09
 9.41707e-10-4.46949e-09-9.79264e-09-1.48896e-08-1.96621e-08-2.40564e-08
-2.80357e-08-3.15459e-08-3.45024e-08-3.68108e-08-3.84043e-08-3.92574e-08
-3.93622e-08-3.87000e-08-3.72586e-08-3.50886e-08-3.23336e-08-2.92006e-08
-2.59104e-08-2.26714e-08-1.96735e-08-1.70731e-08-1.49485e-08-1.32477e-08
-1.17688e-08-1.02115e-08-8.27566e-09-5.74055e-09-2.50657e-09 1.36874e-09
 5.65169e-09 9.94698e-09 1.37360e-08 1.64508e-08 1.76007e-08 1.69233e-08
 1.45062e-08 1.08234e-08 6.66776e-09 3.01008e-09 8.29431e-10 9.40543e-10
 3.82643e-09 9.48117e-09 1.73199e-08 2.62388e-08 3.48212e-08 4.16134e-08
 4.54024e-08 4.54471e-08 4.16179e-08 3.44263e-08 2.49307e-08 1.45264e-08
 4.65818e-09-3.47445e-09-9.14810e-09-1.22278e-08-1.31244e-08-1.26052e-08
-1.15330e-08-1.06329e-08-1.03339e-08-1.06972e-08-1.14431e-08-1.20886e-08
-1.21558e-08-1.13742e-08-9.79717e-09-7.79370e-09-5.92199e-09-4.73837e-09
-4.60555e-09-5.55742e-09-7.26861e-09-9.14787e-09-1.05221e-08-1.08448e-08
-9.86396e-09-7.70171e-09-4.81382e-09-1.83695e-09 6.23751e-10 2.19259e-09
 2.83648e-09 2.84643e-09 2.69762e-09 2.85380e-09 3.58970e-09 4.88546e-09
 6.42759e-09 7.72343e-09 8.29299e-09 7.86161e-09 6.46962e-09 4.45613e-09
 2.33247e-09 5.98309e-10-4.36758e-10-7.63100e-10-6.59340e-10-5.54198e-10
-8.27025e-10-1.63830e-09-2.85550e-09-4.10041e-09-4.89872e-09-4.87202e-09
-3.89993e-09-2.18884e-09-2.10516e-10 1.46930e-09 2.39314e-09 2.35612e-09
 1.44305e-09 3.97763e-10
     0.0000e+00     0.0000e+00      0  0  0.00
     512   1.00000  0.0000e+00
 5.24097e-10 7.47890e-10 8.84933e-10 9.09583e-10 8.31237e-10 6.93530e-10
 5.58184e-10 4.79878e-10 4.82251e-10 5.46565e-10 6.20421e-10 6.42679e-10
 5.72096e-10 4.07181e-10 1.88134e-10-2.14175e-11-1.64306e-10-2.16632e-10
-1.99496e-10-1.70130e-10-1.94943e-10-3.16639e-10-5.32052e-10-7.91835e-10
-1.02192e-09-1.15567e-09-1.16059e-09-1.04803e-09-8.62348e-10-6.54981e-10
-4.57127e-10-2.66819e-10-5.78567e-11 1.95244e-10 4.91437e-10 7.92128e-10
 1.03168e-09 1.14417e-09 1.09397e-09 8.95774e-10 6.12327e-10 3.28666e-10
 1.16094e-10 5.79113e-12-1.56272e-11 9.66782e-12 3.58653e-11 3.49341e-11
 3.71685e-12-4.65072e-11-1.10386e-10-2.03436e-10-3.58990e-10-6.06778e-10
-9.44759e-10-1.32054e-09-1.63484e-09-1.76869e-09-1.62366e-09-1.15817e-09
-4.05526e-10 5.32763e-10 1.51387e-09 2.38827e-09 3.02759e-09 3.33782e-09
 3.26153e-09 2.77912e-09 1.91664e-09 7.57671e-10-5.51338e-10-1.81282e-09
-2.81092e-09-3.36112e-09-3.36291e-09-2.83424e-09-1.90853e-09-7.93053e-10
 2.91899e-10 1.16819e-09 1.73284e-09 1.96343e-09 1.90011e-09 1.61701e-09
 1.19852e-09 7.27705e-10 2.81460e-10-7.86387e-11-3.23132e-10-4.69299e-10
-5.78839e-10-7.32702e-10-9.91661e-10-1.36046e-09-1.77434e-09-2.11906e-09
-2.27933e-09-2.19247e-09-1.87862e-09-1.43088e-09-9.72138e-10-6.03857e-10
-3.73977e-10-2.76061e-10-2.70312e-10-3.06608e-10-3.37285e-10-3.20250e-10
-2.19252e-10-8.24846e-12 3.17047e-10 7.25276e-10 1.14763e-09 1.50270e-09
 1.74211e-09 1.88552e-09 2.01663e-09 2.24277e-09 2.64768e-09 3.26507e-09
 4.07928e-09 5.04462e-09 6.11031e-09 7.23160e-09 8.34766e-09 9.33041e-09
 9.94370e-09 9.85647e-09 8.71433e-09 6.23532e-09 2.30414e-09-2.92831e-09
-8.94483e-09-1.48291e-08-1.93840e-08-2.14115e-08-2.00807e-08-1.52682e-08
-7.71786e-09 1.07595e-09 9.23842e-09 1.50110e-08 1.72179e-08 1.55502e-08
 1.05608e-08 3.37973e-09-4.69195e-09-1.25125e-08-1.92630e-08-2.44671e-08
-2.79276e-08-2.96476e-08-2.97790e-08-2.85912e-08-2.64358e-08-2.37139e-08
-2.08585e-08-1.83239e-08-1.65476e-08-1.58560e-08-1.63290e-08-1.76602e-08
-1.90560e-08-1.92072e-08-1.63662e-08-8.54818e-09 6.13697e-09 2.90332e-08
 6.03860e-08 9.87401e-08 1.40394e-07 1.79127e-07 2.06371e-07 2.12387e-07
 1.90147e-07 1.40191e-07 7.08571e-08-4.71737e-09-7.07842e-08-1.12513e-07
-1.21294e-07-9.91074e-08-5.86763e-08-1.78188e-08 8.27522e-09 1.37049e-08
 4.81973e-09-4.97489e-09-6.37664e-09-1.88941e-09-3.43742e-09-2.28493e-08
-6.52202e-08-1.30922e-07-2.20445e-07-3.32981e-07-4.60376e-07-5.88708e-07
-7.07586e-07-8.04437e-07-8.41359e-07-7.55081e-07-4.94283e-07-5.02938e-08
 5.40588e-07 1.19811e-06 1.80073e-06 2.20738e-06 2.29155e-06 1.97909e-06
 1.28641e-06 3.39051e-07-6.49769e-07-1.43743e-06-1.83074e-06-1.76309e-06
-1.33073e-06-7.54846e-07-2.77083e-07-3.69886e-08-3.54300e-09-1.93429e-08
 5.84740e-08 2.28458e-07 3.53919e-07 3.21103e-07 1.77975e-07 7.42861e-08
 7.14194e-08 8.78694e-08 5.15310e-08 3.64886e-09-1.71869e-09 7.43419e-09
-3.13984e-09-9.89391e-09-3.09478e-10 2.99146e-10-7.00976e-09-2.94606e-09
 1.01600e-09-3.76662e-09-2.48163e-09 1.87883e-09-5.12907e-10 2.97810e-10
 4.39707e-09 3.28707e-09 3.94514e-09 6.84808e-09 5.45786e-09 5.46131e-09
 6.69573e-09 4.67212e-09 4.36277e-09 4.43788e-09 2.38874e-09 2.28083e-09
 1.70646e-09 1.35359e-10 2.59546e-10-6.29104e-10-1.39380e-09-1.20525e-09
-2.09272e-09-2.20363e-09-2.28114e-09-2.82641e-09-2.57611e-09-2.86786e-09
-2.98695e-09-2.91841e-09-3.23123e-09-3.07041e-09-3.06873e-09-2.91401e-09
-2.61611e-09-2.53790e-09-2.31217e-09-2.21885e-09-1.99601e-09-1.63992e-09
-1.21573e-09-6.46392e-10-1.39089e-10 3.31347e-10 6.95447e-10 1.01966e-09
 1.37043e-09 1.73120e-09 2.09001e-09 2.37989e-09 2.59254e-09 2.71996e-09
 2.77970e-09 2.78654e-09 2.73298e-09 2.58829e-09 2.31068e-09 1.89780e-09
 1.39446e-09 8.60769e-10 3.29898e-10-1.88990e-10-6.94489e-10-1.19815e-09
-1.71768e-09-2.24220e-09-2.72517e-09-3.12366e-09-3.42544e-09-3.63162e-09
-3.73151e-09-3.70836e-09-3.56202e-09-3.31403e-09-2.99108e-09-2.60985e-09
-2.17742e-09-1.69287e-09-1.14552e-09-5.28446e-10 1.42255e-10 8.31491e-10
 1.50265e-09 2.12470e-09 2.67660e-09 3.15998e-09 3.59971e-09 4.01590e-09
 4.39644e-09 4.70888e-09 4.93906e-09 5.10294e-09 5.21774e-09 5.27548e-09
 5.24949e-09 5.12092e-09 4.89529e-09 4.59859e-09 4.25879e-09 3.87582e-09
 3.41475e-09 2.84627e-09 2.18179e-09 1.47018e-09 7.74757e-10 1.37015e-10
-4.41384e-10-9.72522e-10-1.44974e-09-1.84576e-09-2.14107e-09-2.35252e-09
-2.52337e-09-2.68569e-09-2.84120e-09-2.97404e-09-3.08309e-09-3.20765e-09
-3.41189e-09-3.74157e-09-4.19521e-09-4.72757e-09-5.28915e-09-5.86025e-09
-6.43349e-09-6.98346e-09-7.46539e-09-7.83073e-09-8.04559e-09-8.09714e-09
-7.97585e-09-7.64988e-09-7.06421e-09-6.17486e-09-4.98479e-09-3.54406e-09
-1.91750e-09-1.51730e-10 1.72901e-09 3.69349e-09 5.67826e-09 7.60113e-09
 9.38159e-09 1.09422e-08 1.22098e-08 1.31143e-08 1.35891e-08 1.35879e-08
 1.31015e-08 1.21514e-08 1.07700e-08 8.98974e-09 6.84708e-09 4.39126e-09
 1.69457e-09-1.14579e-09-4.01890e-09-6.80722e-09-9.38968e-09-1.16539e-08
-1.35091e-08-1.48850e-08-1.57220e-08-1.59648e-08-1.55717e-08-1.45409e-08
-1.29319e-08-1.08731e-08-8.55500e-09-6.19734e-09-3.99768e-09-2.09387e-09
-5.45418e-10 6.70338e-10 1.64554e-09 2.51879e-09 3.45295e-09 4.61978e-09
 6.17097e-09 8.16939e-09 1.05199e-08 1.29587e-08 1.50970e-08 1.64977e-08
 1.67696e-08 1.56513e-08 1.30874e-08 9.29887e-09 4.80226e-09 3.47403e-10
-3.21456e-09-5.10100e-09-4.76488e-09-2.03123e-09 2.81843e-09 9.04574e-09
 1.55470e-08 2.10262e-08 2.42409e-08 2.42658e-08 2.07023e-08 1.37924e-08
 4.39965e-09-6.14906e-09-1.63135e-08-2.46270e-08-2.99706e-08-3.17830e-08
-3.01583e-08-2.57892e-08-1.97687e-08-1.33150e-08-7.49272e-09-2.99849e-09
-6.07235e-11 1.53340e-09 2.29516e-09 2.81791e-09 3.56142e-09 4.70215e-09
 6.08748e-09 7.30767e-09 7.86160e-09 7.36224e-09 5.70408e-09 3.12614e-09
 1.58936e-10-2.52418e-09-4.31115e-09-4.84465e-09-4.13586e-09-2.55513e-09
-7.04972e-10 7.78098e-10 1.43007e-09 1.10844e-09 2.96990e-11-1.32148e-09
-2.37697e-09-2.69231e-09-2.09986e-09-7.61071e-10 8.92945e-10 2.32107e-09
 3.07856e-09 2.98196e-09 2.16816e-09 1.03222e-09 7.25640e-11-3.01886e-10
 6.68335e-11 1.02470e-09 2.17299e-09 3.03414e-09 3.24735e-09 2.71198e-09
 1.62092e-09 3.73754e-10-5.93657e-10-9.92333e-10-7.98228e-10-2.53114e-10
 2.52130e-10 3.64050e-10-5.71748e-11-8.56042e-10-1.63449e-09-1.91247e-09
-1.33061e-09-3.96880e-10
