      10
(6e12.5)
     0.0000e+00     0.0000e+00      0  0  0.00
     512   0.10000  0.0000e+00
 0.00000e+00-9.06539e-11-4.27567e-10-1.01417e-09-1.62421e-09-1.89470e-09
-1.48183e-09-2.19561e-10 1.78146e-09 4.13303e-09 6.27703e-09 7.66877e-09
 7.96030e-09 7.10504e-09 5.34399e-09 3.09087e-09 7.75443e-10-1.28506e-09
-2.93935e-09-4.18236e-09-5.09376e-09-5.76693e-09-6.25504e-09-6.55704e-09
-6.64716e-09-6.51403e-09-6.17188e-09-5.64604e-09-4.96490e-09-4.17727e-09
-3.37233e-09-2.67324e-09-2.19815e-09-2.00253e-09-2.03231e-09-2.11158e-09
-1.97603e-09-1.36230e-09-1.31312e-10 1.63969e-09 3.66630e-09 5.57833e-09
 7.08935e-09 8.12105e-09 8.81346e-09 9.41663e-09 1.01323e-08 1.09908e-08
 1.18245e-08 1.23543e-08 1.23536e-08 1.17998e-08 1.09047e-08 9.97696e-09
 9.19131e-09 8.41365e-09 7.19835e-09 4.96053e-09 1.22793e-09-4.14047e-09
-1.08642e-08-1.83267e-08-2.57825e-08-3.25621e-08-3.81434e-08-4.20525e-08
-4.36892e-08-4.22551e-08-3.69067e-08-2.71153e-08-1.30564e-08 4.17229e-09
 2.26337e-08 3.99411e-08 5.38351e-08 6.27214e-08 6.59518e-08 6.37635e-08
 5.69838e-08 4.67022e-08 3.40935e-08 2.04067e-08 6.98607e-09-4.81531e-09
-1.38526e-08-1.94641e-08-2.16596e-08-2.11158e-08-1.89189e-08-1.61563e-08
-1.35572e-08-1.13842e-08-9.60950e-09-8.23455e-09-7.49399e-09-7.82113e-09
-9.59717e-09-1.28907e-08-1.73395e-08-2.22660e-08-2.69317e-08-3.08208e-08
-3.37546e-08-3.58111e-08-3.70732e-08-3.74592e-08-3.67206e-08-3.46805e-08
-3.14369e-08-2.74557e-08-2.33625e-08-1.97070e-08-1.66872e-08-1.41840e-08
-1.18143e-08-9.24768e-09-6.59216e-09-3.84970e-09 3.39892e-10 5.21318e-09
 8.81495e-09 1.12520e-08 1.52362e-08 1.14555e-08-5.03622e-08-2.47789e-07
-5.89363e-07-9.89457e-07-1.19669e-06-3.44256e-07 2.10604e-06 5.00247e-06
 6.62800e-06 5.46005e-06 8.02525e-07-5.33884e-06-9.29165e-06-9.20223e-06
-6.25074e-06-2.48660e-06 1.12123e-06 4.06433e-06 5.65391e-06 5.65209e-06
 4.43825e-06 2.58745e-06 6.79799e-07-8.25800e-07-1.70744e-06-1.96059e-06
-1.73335e-06-1.25530e-06-7.47122e-07-3.54269e-07-1.32664e-07-6.45428e-08
-8.52832e-08-1.18040e-07-1.05433e-07-2.50056e-08 1.10678e-07 2.62573e-07
 3.83100e-07 4.36789e-07 4.09739e-07 3.09399e-07 1.60706e-07-1.91566e-09
-1.43911e-07-2.38906e-07-2.74635e-07-2.53607e-07-1.89304e-07-1.01265e-07
-1.03099e-08 6.62082e-08 1.17768e-07 1.41270e-07 1.39536e-07 1.19033e-07
 8.74728e-08 5.18529e-08 1.74753e-08-1.21466e-08-3.51621e-08-5.12572e-08
-6.10885e-08-6.55475e-08-6.54318e-08-6.13745e-08-5.38616e-08-4.34001e-08
-3.07501e-08-1.70722e-08-3.82358e-09 7.62029e-09 1.63619e-08 2.20728e-08
 2.47831e-08 2.46743e-08 2.20733e-08 1.75574e-08 1.19917e-08 6.39496e-09
 1.67314e-09-1.59937e-09-3.20162e-09-3.15199e-09-1.59833e-09 1.19765e-09
 4.81027e-09 8.62854e-09 1.19200e-08 1.40164e-08 1.45399e-08 1.34861e-08
 1.11317e-08 7.87506e-09 4.12492e-09 2.93116e-10-3.16578e-09-5.81044e-09
-7.39815e-09-8.05235e-09-8.21422e-09-8.36055e-09-8.73619e-09-9.32577e-09
-9.99643e-09-1.06231e-08-1.10915e-08-1.12272e-08-1.07909e-08-9.56694e-09
-7.48710e-09-4.72987e-09-1.72609e-09 9.69141e-10 2.92959e-09 4.06215e-09
 4.54205e-09 4.58409e-09 4.36120e-09 4.12441e-09 4.23547e-09 4.95580e-09
 6.28427e-09 8.05408e-09 1.00107e-08 1.16961e-08 1.24793e-08 1.19521e-08
 1.02525e-08 7.83189e-09 5.02131e-09 2.08233e-09-4.99332e-10-2.18601e-09
-2.83934e-09-2.78610e-09-2.49250e-09-2.35000e-09-2.70991e-09-3.81046e-09
-5.60786e-09-7.84912e-09-1.01839e-08-1.20748e-08-1.28780e-08-1.22370e-08
-1.03203e-08-7.68308e-09-4.95499e-09-2.56475e-09-7.14762e-10 4.26815e-10
 7.32841e-10 4.09152e-10 5.34138e-11 2.11795e-10 1.03370e-09 2.53764e-09
 4.82439e-09 7.65018e-09 1.01981e-08 1.16810e-08 1.18639e-08 1.08904e-08
 9.08533e-09 6.91891e-09 4.74834e-09 2.76333e-09 1.30639e-09 7.67554e-10
 1.11376e-09 1.85481e-09 2.32179e-09 1.90855e-09 3.74945e-10-2.02119e-09
-4.74893e-09-7.25887e-09-9.09290e-09-9.91927e-09-9.55457e-09-8.07842e-09
-5.95426e-09-3.87343e-09-2.41159e-09-1.87295e-09-2.27623e-09-3.30098e-09
-4.39559e-09-5.04743e-09-4.89185e-09-3.73924e-09-1.74900e-09 5.44358e-10
 2.57579e-09 3.99619e-09 4.59177e-09 4.30863e-09 3.39453e-09 2.29344e-09
 1.50528e-09 1.59103e-09 2.92676e-09 5.32852e-09 8.12640e-09 1.05543e-08
 1.20298e-08 1.22561e-08 1.12235e-08 9.26376e-09 7.03066e-09 5.04143e-09
 3.28730e-09 1.57207e-09-2.47018e-10-2.60288e-09-5.97764e-09-1.01045e-08
-1.41415e-08-1.74825e-08-1.97500e-08-2.04678e-08-1.93213e-08-1.64018e-08
-1.20913e-08-6.91661e-09-1.24914e-09 4.78172e-09 1.06769e-08 1.53546e-08
 1.79179e-08 1.79979e-08 1.53459e-08 9.97355e-09 2.69744e-09-5.08240e-09
-1.20544e-08-1.72245e-08-1.98846e-08-1.96277e-08-1.61939e-08-9.36707e-09
 6.27580e-10 1.27012e-08 2.52382e-08 3.67756e-08 4.58948e-08 5.06252e-08
 4.88287e-08 3.94822e-08 2.33350e-08 2.52277e-09-2.00953e-08-4.13949e-08
-5.82321e-08-6.77399e-08-6.80077e-08-5.87395e-08-4.12537e-08-1.81605e-08
 6.88477e-09 2.97578e-08 4.68211e-08 5.55885e-08 5.48114e-08 4.43982e-08
 2.56477e-08 1.64766e-09-2.30180e-08-4.35294e-08-5.60788e-08-5.84966e-08
-5.04431e-08-3.32049e-08-9.51966e-09 1.64170e-08 3.96952e-08 5.60445e-08
 6.27111e-08 5.90440e-08 4.66913e-08 2.87206e-08 8.70091e-09-9.61573e-09
-2.29614e-08-2.93322e-08-2.83638e-08-2.15518e-08-1.16874e-08-1.61195e-09
 6.35742e-09 1.05627e-08 1.03886e-08 6.41655e-09 1.81160e-10-6.46095e-09
-1.21252e-08-1.60404e-08-1.78369e-08-1.77508e-08-1.66568e-08-1.53871e-08
-1.40835e-08-1.23712e-08-9.87653e-09-6.28039e-09-1.30512e-09 4.80923e-09
 1.09748e-08 1.56568e-08 1.75734e-08 1.61190e-08 1.15662e-08 5.23958e-09
-6.98647e-10-3.97203e-09-2.90494e-09 2.95113e-09 1.23109e-08 2.24050e-08
 2.99615e-08 3.21166e-08 2.72278e-08 1.57798e-08 5.28491e-10-1.44394e-08
-2.49566e-08-2.80245e-08-2.28467e-08-1.12975e-08 2.42551e-09 1.32316e-08
 1.69725e-08 1.17538e-08-1.39772e-09-1.85901e-08-3.41781e-08-4.28069e-08
-4.13865e-08-3.00801e-08-1.22793e-08 6.35615e-09 1.97849e-08 2.37938e-08
 1.75972e-08 4.11679e-09-1.11250e-08-2.19129e-08-2.35484e-08-1.46893e-08
 2.09698e-09 2.12822e-08 3.64047e-08 4.24526e-08 3.77266e-08 2.44622e-08
 7.94337e-09-5.49480e-09-1.08941e-08-6.61533e-09 5.10412e-09 1.90861e-08
 2.92380e-08 3.09660e-08 2.29706e-08 7.68478e-09-9.74213e-09-2.34861e-08
-2.93871e-08-2.65722e-08-1.76326e-08-7.40518e-09-9.09930e-10-1.26732e-09
-8.47677e-09-1.95549e-08-2.98938e-08-3.52334e-08-3.34521e-08-2.53936e-08
-1.43445e-08-4.46565e-09 1.04339e-09 1.24071e-09-2.29484e-09-6.27200e-09
-7.20415e-09 2.91419e-08
     0.0000e+00     0.0000e+00      0  0  0.00
     512   0.10000  0.0000e+00
 0.00000e+00 1.10843e-11 9.51466e-11 4.14331e-10 1.14725e-09 2.32219e-09
 3.75969e-09 5.14331e-09 6.16425e-09 6.64800e-09 6.59781e-09 6.14476e-09
 5.43282e-09 4.50698e-09 3.28001e-09 1.59755e-09-6.38018e-10-3.34418e-09
-6.20685e-09-8.75138e-09-1.05142e-08-1.12296e-08-1.09347e-08-9.94419e-09
-8.70921e-09-7.62451e-09-6.86302e-09-6.32437e-09-5.72697e-09-4.78689e-09
-3.39283e-09-1.68382e-09 2.80787e-11 1.44627e-09 2.47029e-09 3.27299e-09
 4.23698e-09 5.76993e-09 8.07787e-09 1.10112e-08 1.40793e-08 1.66429e-08
 1.81785e-08 1.84802e-08 1.77117e-08 1.62852e-08 1.46301e-08 1.29930e-08
 1.13602e-08 9.51109e-09 7.16939e-09 4.16989e-09 5.34534e-10-3.58383e-09
-8.03426e-09-1.27675e-08-1.78259e-08-2.32304e-08-2.88248e-08-3.41567e-08
-3.84748e-08-4.08553e-08-4.03960e-08-3.64129e-08-2.85993e-08-1.70930e-08
-2.46460e-09 1.42969e-08 3.17759e-08 4.81601e-08 6.13904e-08 6.94629e-08
 7.08263e-08 6.47761e-08 5.17301e-08 3.32629e-08 1.18508e-08-9.59751e-09
-2.83017e-08-4.21117e-08-4.98102e-08-5.11742e-08-4.68645e-08-3.82002e-08
-2.68677e-08-1.46140e-08-2.98814e-09 6.82966e-09 1.40933e-08 1.84854e-08
 2.00503e-08 1.90976e-08 1.61051e-08 1.16273e-08 6.21209e-09 3.70370e-10
-5.44389e-09-1.08760e-08-1.57052e-08-1.98063e-08-2.30828e-08-2.54199e-08
-2.67112e-08-2.69186e-08-2.61319e-08-2.45800e-08-2.25951e-08-2.05101e-08
-1.85633e-08-1.68598e-08-1.53679e-08-1.40178e-08-1.27294e-08-1.15911e-08
-1.03951e-08-9.68456e-09-1.91463e-09 3.36545e-08 6.63201e-08 2.32534e-08
-6.83455e-08-1.13103e-07-9.28198e-08-3.92672e-08 3.97092e-08 1.40659e-07
 2.07648e-07 1.74651e-07-6.77270e-09-4.41582e-07-1.02378e-06-1.19089e-06
-2.52658e-07 1.72352e-06 3.29344e-06 2.86205e-06 5.98135e-07-1.67158e-06
-2.56921e-06-2.35522e-06-1.71404e-06-7.76329e-07 2.82682e-07 1.01638e-06
 1.20270e-06 9.71320e-07 5.74235e-07 1.87699e-07-1.03125e-07-2.39848e-07
-2.18484e-07-1.08467e-07 1.41984e-08 1.06783e-07 1.41787e-07 1.09115e-07
 3.00096e-08-6.05251e-08-1.34862e-07-1.74827e-07-1.72692e-07-1.31478e-07
-6.37035e-08 1.05294e-08 7.05721e-08 1.03188e-07 1.02709e-07 6.81598e-08
 1.06110e-08-4.76749e-08-8.96369e-08-1.08831e-07-1.02925e-07-7.35291e-08
-2.97679e-08 1.63864e-08 5.68084e-08 8.68139e-08 1.03217e-07 1.05803e-07
 9.75336e-08 8.17646e-08 6.11225e-08 3.81598e-08 1.52097e-08-6.06976e-09
-2.45824e-08-3.94835e-08-5.02177e-08-5.64644e-08-5.83387e-08-5.65897e-08
-5.19303e-08-4.47874e-08-3.59182e-08-2.64619e-08-1.72812e-08-8.85132e-09
-1.69242e-09 3.68988e-09 7.14130e-09 8.78750e-09 8.85362e-09 7.78485e-09
 6.26314e-09 4.93389e-09 4.26919e-09 4.58126e-09 5.93131e-09 8.05918e-09
 1.05362e-08 1.29774e-08 1.50903e-08 1.66374e-08 1.74039e-08 1.72136e-08
 1.60126e-08 1.39287e-08 1.12225e-08 8.17735e-09 5.05171e-09 2.05504e-09
-7.35347e-10-3.38393e-09-5.95018e-09-8.38981e-09-1.06220e-08-1.25941e-08
-1.42586e-08-1.55294e-08-1.62821e-08-1.64123e-08-1.58777e-08-1.47128e-08
-1.30391e-08-1.10140e-08-8.78908e-09-6.53635e-09-4.43564e-09-2.59177e-09
-9.65502e-10 6.12239e-10 2.31806e-09 4.20881e-09 6.19776e-09 8.12079e-09
 9.83764e-09 1.12914e-08 1.24919e-08 1.34302e-08 1.39548e-08 1.37964e-08
 1.28406e-08 1.13567e-08 9.83027e-09 8.51024e-09 7.20861e-09 5.61663e-09
 3.69290e-09 1.64164e-09-3.67567e-10-2.34364e-09-4.37873e-09-6.45121e-09
-8.37240e-09-9.95168e-09-1.11317e-08-1.19475e-08-1.23983e-08-1.24112e-08
-1.19854e-08-1.12782e-08-1.04906e-08-9.75005e-09-9.01068e-09-7.96677e-09
-6.24831e-09-3.84575e-09-1.24214e-09 9.85157e-10 2.70941e-09 4.30396e-09
 6.11626e-09 8.02319e-09 9.52300e-09 1.02147e-08 1.02183e-08 1.01170e-08
 1.04681e-08 1.13261e-08 1.21713e-08 1.23260e-08 1.14448e-08 9.65914e-09
 7.39393e-09 5.05685e-09 2.86273e-09 8.65317e-10-9.73619e-10-2.71578e-09
-4.34241e-09-5.68629e-09-6.55938e-09-7.05446e-09-7.62588e-09-8.78480e-09
-1.07159e-08-1.30384e-08-1.48760e-08-1.53285e-08-1.40034e-08-1.12517e-08
-8.01796e-09-5.30775e-09-3.61678e-09-2.76200e-09-2.15239e-09-1.27474e-09
 2.12550e-11 1.63687e-09 3.46023e-09 5.53580e-09 8.03686e-09 1.10132e-08
 1.42040e-08 1.70072e-08 1.86178e-08 1.83948e-08 1.61885e-08 1.24941e-08
 8.43041e-09 5.30236e-09 3.95948e-09 4.40038e-09 5.68879e-09 6.23701e-09
 4.47421e-09-2.97148e-10-7.33136e-09-1.47258e-08-2.03960e-08-2.29644e-08
-2.21188e-08-1.85045e-08-1.33914e-08-8.25635e-09-4.33485e-09-2.28341e-09
-2.07644e-09-3.09175e-09-4.26331e-09-4.32223e-09-2.30242e-09 1.77329e-09
 6.58040e-09 9.98092e-09 1.00876e-08 6.28835e-09-3.11159e-10-7.22294e-09
-1.15854e-08-1.14922e-08-6.86059e-09 8.30785e-10 9.57931e-09 1.76538e-08
 2.37552e-08 2.69563e-08 2.68624e-08 2.39949e-08 1.97820e-08 1.56921e-08
 1.21767e-08 8.42412e-09 3.13760e-09-4.23681e-09-1.28089e-08-2.07011e-08
-2.61565e-08-2.82870e-08-2.70930e-08-2.30917e-08-1.71351e-08-1.05078e-08
-4.78198e-09-1.26304e-09-4.14457e-10-1.71466e-09-4.05475e-09-6.24405e-09
-7.32218e-09-6.73516e-09-4.41037e-09-8.14067e-10 3.15895e-09 6.63849e-09
 9.14685e-09 1.05541e-08 1.08532e-08 1.00703e-08 8.46791e-09 6.80202e-09
 6.14809e-09 7.29519e-09 1.02640e-08 1.43609e-08 1.86062e-08 2.20365e-08
 2.36751e-08 2.25082e-08 1.77944e-08 9.55480e-09-1.15217e-09-1.24128e-08
-2.20172e-08-2.81085e-08-2.96228e-08-2.64618e-08-1.95311e-08-1.06576e-08
-2.23740e-09 3.38224e-09 4.54230e-09 7.75678e-10-6.95290e-09-1.64653e-08
-2.49796e-08-2.98416e-08-2.92246e-08-2.26771e-08-1.12950e-08 2.54470e-09
 1.57685e-08 2.54472e-08 2.96352e-08 2.78816e-08 2.13699e-08 1.25841e-08
 4.54792e-09-1.90068e-11 4.57093e-10 5.86609e-09 1.45350e-08 2.37122e-08
 3.03374e-08 3.20620e-08 2.79586e-08 1.87369e-08 6.55752e-09-5.62632e-09
-1.50092e-08-1.97735e-08-1.95856e-08-1.56533e-08-1.03062e-08-6.15911e-09
-5.18313e-09-8.11741e-09-1.43032e-08-2.18852e-08-2.84797e-08-3.20094e-08
-3.13185e-08-2.65285e-08-1.89548e-08-1.05496e-08-3.21657e-09 1.75712e-09
 4.06884e-09 4.42824e-09 4.15576e-09 4.61508e-09 6.75806e-09 1.07853e-08
 1.61071e-08 2.16898e-08 2.64348e-08 2.94729e-08 3.04406e-08 2.95259e-08
 2.72274e-08 2.40980e-08 2.05887e-08 1.69494e-08 1.32627e-08 9.56027e-09
 5.87472e-09 2.25100e-09-1.27683e-09-4.77501e-09-8.45851e-09-1.25750e-08
-1.72100e-08-2.21676e-08-2.69530e-08-3.08707e-08-3.32395e-08-3.36509e-08
-3.21775e-08-2.94180e-08-2.62832e-08-2.35728e-08-2.15696e-08-1.98696e-08
-1.75046e-08-1.33325e-08-6.61991e-09 2.43001e-09 1.25422e-08 2.17551e-08
 2.81801e-08 2.81382e-08
     0.0000e+00     0.0000e+00      0  0  0.00
     512   0.10000  0.0000e+00
 0.00000e+00-2.79566e-11-1.39532e-10-3.15505e-10-4.17481e-10-2.62476e-10
 2.89328e-10 1.26738e-09 2.56283e-09 3.93876e-09 5.08155e-09 5.69264e-09
 5.58822e-09 4.76112e-09 3.38073e-09 1.72625e-09 8.07368e-11-1.36068e-09
-2.53601e-09-3.50611e-09-4.39479e-09-5.30909e-09-6.27427e-09-7.20732e-09
-7.94518e-09-8.31960e-09-8.23696e-09-7.71235e-09-6.83800e-09-5.71857e-09
-4.42488e-09-2.98280e-09-1.39130e-09 3.35471e-10 2.12204e-09 3.81407e-09
 5.21013e-09 6.13636e-09 6.53089e-09 6.49133e-09 6.24959e-09 6.07958e-09
 6.18612e-09 6.62933e-09 7.31150e-09 8.03017e-09 8.56690e-09 8.75552e-09
 8.51352e-09 7.84742e-09 6.82114e-09 5.49355e-09 3.87492e-09 1.94565e-09
-2.85728e-10-2.73814e-09-5.24768e-09-7.58672e-09-9.49771e-09-1.07252e-08
-1.10363e-08-1.02453e-08-8.26794e-09-5.19325e-09-1.33928e-09 2.72765e-09
 6.23351e-09 8.30854e-09 8.16982e-09 5.35923e-09-2.47494e-11-7.21001e-09
-1.48394e-08-2.12537e-08-2.48598e-08-2.44811e-08-1.96370e-08-1.06866e-08
 1.22919e-09 1.44346e-08 2.70748e-08 3.74770e-08 4.44242e-08 4.72974e-08
 4.60887e-08 4.13160e-08 3.38622e-08 2.47623e-08 1.49914e-08 5.32350e-09
-3.70139e-09-1.17361e-08-1.85795e-08-2.41696e-08-2.85881e-08-3.20163e-08
-3.46625e-08-3.67309e-08-3.84266e-08-3.99519e-08-4.14694e-08-4.30680e-08
-4.47662e-08-4.65306e-08-4.82752e-08-4.98460e-08-5.10125e-08-5.14973e-08
-5.10466e-08-4.95047e-08-4.68355e-08-4.30945e-08-3.83745e-08-3.27882e-08
-2.64988e-08-1.97013e-08-1.29410e-08-6.27349e-09 1.58015e-09 1.00156e-08
 1.65760e-08 2.21465e-08 2.54633e-08 1.28495e-07 5.60220e-07 1.32607e-06
 2.04680e-06 2.17856e-06 1.44507e-06 1.49118e-07-1.17234e-06-2.20962e-06
-3.08213e-06-3.83485e-06-3.78316e-06-2.35882e-06-1.64483e-07 1.62397e-06
 2.50450e-06 2.75317e-06 2.58737e-06 2.04296e-06 1.29772e-06 5.30776e-07
-1.11275e-07-5.11994e-07-6.92986e-07-7.18199e-07-6.48444e-07-5.49361e-07
-4.58405e-07-3.90637e-07-3.39379e-07-2.85540e-07-2.13745e-07-1.16356e-07
 1.91592e-09 1.24726e-07 2.30462e-07 2.99804e-07 3.20955e-07 2.92592e-07
 2.24746e-07 1.35219e-07 4.31574e-08-3.59486e-08-9.25245e-08-1.22893e-07
-1.28390e-07-1.14586e-07-8.95373e-08-6.09629e-08-3.42592e-08-1.22052e-08
 4.55411e-09 1.69660e-08 2.65980e-08 3.45116e-08 4.08490e-08 4.50191e-08
 4.59951e-08 4.28020e-08 3.51317e-08 2.36074e-08 9.54533e-09-5.38198e-09
-1.93163e-08-3.04683e-08-3.75921e-08-4.03072e-08-3.90232e-08-3.46385e-08
-2.82446e-08-2.09675e-08-1.38671e-08-7.71150e-09-2.80786e-09 8.36180e-10
 3.28344e-09 4.68142e-09 5.32378e-09 5.53944e-09 5.52316e-09 5.33599e-09
 5.07622e-09 4.93011e-09 5.02625e-09 5.37696e-09 5.97995e-09 6.88553e-09
 8.08190e-09 9.33155e-09 1.03042e-08 1.08647e-08 1.10318e-08 1.07507e-08
 9.90624e-09 8.51116e-09 6.74203e-09 4.73658e-09 2.48174e-09 1.95990e-11
-2.41292e-09-4.57744e-09-6.44275e-09-8.12136e-09-9.61089e-09-1.07281e-08
-1.13781e-08-1.16554e-08-1.16155e-08-1.12018e-08-1.04205e-08-9.42582e-09
-8.37367e-09-7.22371e-09-5.82631e-09-4.18285e-09-2.44654e-09-7.36202e-10
 9.40303e-10 2.60649e-09 4.19583e-09 5.63385e-09 6.98065e-09 8.28154e-09
 9.41213e-09 1.02055e-08 1.06292e-08 1.08077e-08 1.08295e-08 1.05791e-08
 9.90935e-09 8.84860e-09 7.52572e-09 6.02881e-09 4.38572e-09 2.67190e-09
 1.00820e-09-6.47069e-10-2.42893e-09-4.26252e-09-5.91778e-09-7.28002e-09
-8.42278e-09-9.44831e-09-1.03015e-08-1.08533e-08-1.10608e-08-1.09033e-08
-1.03604e-08-9.47040e-09-8.29993e-09-6.93068e-09-5.40508e-09-3.72132e-09
-1.97408e-09-2.94595e-10 1.29368e-09 2.81987e-09 4.31622e-09 5.78630e-09
 7.21400e-09 8.61332e-09 9.86479e-09 1.06882e-08 1.09418e-08 1.06929e-08
 1.00596e-08 9.10520e-09 7.85064e-09 6.44668e-09 5.10903e-09 3.85791e-09
 2.58055e-09 1.18127e-09-3.56755e-10-1.95449e-09-3.58366e-09-5.22417e-09
-6.72234e-09-7.92719e-09-8.72075e-09-9.00463e-09-8.84597e-09-8.38942e-09
-7.72068e-09-6.87269e-09-5.83661e-09-4.68361e-09-3.54735e-09-2.49702e-09
-1.55354e-09-6.43478e-10 2.67412e-10 1.05527e-09 1.78150e-09 2.63557e-09
 3.48324e-09 4.02958e-09 4.15758e-09 3.82807e-09 3.00532e-09 1.89789e-09
 9.27702e-10 2.70452e-10-1.40030e-11 3.91664e-10 1.49573e-09 2.85872e-09
 4.33464e-09 5.78578e-09 6.67442e-09 6.90818e-09 7.12761e-09 7.78082e-09
 8.77189e-09 9.89436e-09 1.06756e-08 1.02192e-08 8.13830e-09 4.89234e-09
 7.94254e-10-4.17863e-09-9.72663e-09-1.52825e-08-2.03243e-08-2.43247e-08
-2.68202e-08-2.77253e-08-2.72451e-08-2.52303e-08-2.11911e-08-1.52367e-08
-8.15036e-09-4.40413e-10 7.69518e-09 1.57773e-08 2.32339e-08 2.94232e-08
 3.32490e-08 3.37752e-08 3.10846e-08 2.59368e-08 1.88995e-08 1.03891e-08
 1.58334e-09-5.93549e-09-1.14219e-08-1.44498e-08-1.47449e-08-1.32568e-08
-1.08787e-08-7.24386e-09-2.45407e-09 2.45457e-09 6.57342e-09 8.98785e-09
 9.12797e-09 7.25229e-09 3.79527e-09-7.31741e-10-5.83405e-09-1.11144e-08
-1.54035e-08-1.75871e-08-1.79382e-08-1.69696e-08-1.50528e-08-1.29206e-08
-1.06287e-08-7.92752e-09-5.40833e-09-3.41479e-09-1.50304e-09 8.72558e-10
 4.33048e-09 8.98665e-09 1.40955e-08 1.89387e-08 2.28611e-08 2.50425e-08
 2.50759e-08 2.27061e-08 1.76629e-08 1.05727e-08 2.86695e-09-4.02886e-09
-8.80613e-09-1.05994e-08-9.37754e-09-5.61830e-09-1.97100e-10 5.42416e-09
 9.53863e-09 1.06920e-08 8.03920e-09 1.75597e-09-6.96608e-09-1.63986e-08
-2.45901e-08-2.97324e-08-3.07517e-08-2.74654e-08-2.05191e-08-1.14875e-08
-2.49753e-09 4.51235e-09 8.19280e-09 8.11053e-09 4.98502e-09 3.36317e-10
-3.99276e-09-6.20933e-09-5.17647e-09-7.50037e-10 6.31210e-09 1.44309e-08
 2.16120e-08 2.61538e-08 2.70365e-08 2.41638e-08 1.85062e-08 1.17068e-08
 5.50330e-09 1.32356e-09-1.47226e-10 8.34750e-10 3.27823e-09 5.73264e-09
 6.71370e-09 5.29193e-09 1.33075e-09-4.56751e-09-1.11601e-08-1.69778e-08
-2.08683e-08-2.22570e-08-2.12599e-08-1.86369e-08-1.54452e-08-1.26768e-08
-1.10184e-08-1.06043e-08-1.09812e-08-1.14111e-08-1.11453e-08-9.59455e-09
-6.58050e-09-2.40759e-09 2.35296e-09 7.03606e-09 1.10391e-08 1.40424e-08
 1.60157e-08 1.71095e-08 1.76284e-08 1.78943e-08 1.80844e-08 1.82625e-08
 1.84134e-08 1.84041e-08 1.80463e-08 1.71647e-08 1.55676e-08 1.30864e-08
 9.66581e-09 5.37017e-09 4.23564e-10-4.74201e-09-9.59263e-09-1.36318e-08
-1.65175e-08-1.82116e-08-1.89936e-08-1.93134e-08-1.96444e-08-2.03107e-08
-2.13113e-08-2.23143e-08-2.28182e-08-2.23659e-08-2.07520e-08-1.81274e-08
-1.49029e-08-1.15142e-08-8.19342e-09-4.82771e-09-9.84374e-10 3.86605e-09
 1.00391e-08 1.68165e-08
     0.0000e+00     0.0000e+00      0  0  0.00
     512   0.10000  0.0000e+00
 0.00000e+00 7.89967e-11 3.76083e-10 9.46653e-10 1.69510e-09 2.38300e-09
 2.70629e-09 2.40630e-09 1.38427e-09-2.30452e-10-2.09048e-09-3.70801e-09
-4.58643e-09-4.37960e-09-3.02297e-09-7.76349e-10 1.83041e-09 4.12228e-09
 5.45879e-09 5.42835e-09 3.98370e-09 1.47306e-09-1.43987e-09-3.94461e-09
-5.30355e-09-5.06678e-09-3.21056e-09-1.53919e-10 3.34831e-09 6.41026e-09
 8.25943e-09 8.44350e-09 6.94305e-09 4.16997e-09 8.41725e-10-2.23652e-09
-4.39083e-09-5.22707e-09-4.70445e-09-3.12309e-09-1.00509e-09 1.08195e-09
 2.67247e-09 3.49320e-09 3.49598e-09 2.81772e-09 1.68138e-09 3.02141e-10
-1.16211e-09-2.61250e-09-3.96576e-09-5.08923e-09-5.76261e-09-5.68554e-09
-4.52282e-09-1.97963e-09 2.10589e-09 7.70778e-09 1.46073e-08 2.23791e-08
 3.03373e-08 3.74836e-08 4.24970e-08 4.37959e-08 3.97201e-08 2.88937e-08
 1.07195e-08-1.41436e-08-4.34779e-08-7.35070e-08-9.93253e-08-1.15776e-07
-1.18623e-07-1.05698e-07-7.76806e-08-3.82213e-08 6.67169e-09 4.98705e-08
 8.46624e-08 1.06167e-07 1.12246e-07 1.03686e-07 8.36670e-08 5.67609e-08
 2.77589e-08 6.61068e-10-2.19015e-08-3.86959e-08-4.95421e-08-5.48388e-08
-5.51718e-08-5.11165e-08-4.33105e-08-3.26615e-08-2.04882e-08-8.43102e-09
 1.81114e-09 8.87436e-09 1.20840e-08 1.16463e-08 8.51850e-09 4.05528e-09
-4.87340e-10-4.31187e-09-7.22206e-09-9.43908e-09-1.13313e-08-1.30843e-08
-1.45527e-08-1.52471e-08-1.46394e-08-1.24630e-08-8.92021e-09-4.73181e-09
-6.82878e-10 1.75303e-09 9.28934e-09 4.27260e-08 7.17748e-08 2.44616e-08
-7.17589e-08-1.20009e-07-1.03482e-07-1.06042e-07-2.02539e-07-2.27228e-07
 1.96517e-07 1.05493e-06 1.71244e-06 1.74656e-06 1.68592e-06 1.86080e-06
 1.23697e-06-1.42865e-06-5.75733e-06-8.76658e-06-7.38542e-06-2.39293e-06
 2.78059e-06 5.96281e-06 6.96503e-06 6.13167e-06 4.03758e-06 1.49893e-06
-8.32052e-07-2.44454e-06-3.12200e-06-2.98411e-06-2.26663e-06-1.29895e-06
-3.95334e-07 2.52568e-07 5.82206e-07 6.41901e-07 5.32951e-07 3.66681e-07
 2.29396e-07 1.60056e-07 1.55527e-07 1.86769e-07 2.18475e-07 2.22510e-07
 1.81363e-07 9.38833e-08-2.09754e-08-1.33390e-07-2.16089e-07-2.50354e-07
-2.27460e-07-1.53753e-07-5.10415e-08 5.37228e-08 1.37640e-07 1.84590e-07
 1.87351e-07 1.50009e-07 8.57416e-08 1.11561e-08-5.77884e-08-1.08250e-07
-1.33138e-07-1.32360e-07-1.11331e-07-7.82251e-08-4.13137e-08-7.08384e-09
 2.04393e-08 3.96847e-08 5.08768e-08 5.49700e-08 5.28920e-08 4.56099e-08
 3.46715e-08 2.20512e-08 9.47811e-09-1.72469e-09-1.06323e-08-1.70229e-08
-2.12664e-08-2.36391e-08-2.39808e-08-2.19840e-08-1.77188e-08-1.18684e-08
-5.50633e-09 2.09465e-10 4.37459e-09 6.72502e-09 7.64494e-09 7.78838e-09
 7.60043e-09 6.98337e-09 5.55446e-09 3.22692e-09 3.60195e-10-2.41894e-09
-4.50870e-09-5.64252e-09-5.89742e-09-5.57821e-09-5.03964e-09-4.33170e-09
-3.21501e-09-1.54758e-09 4.84225e-10 2.31306e-09 3.31209e-09 3.28843e-09
 2.46342e-09 1.25228e-09 1.28823e-10-6.19072e-10-9.39102e-10-9.45351e-10
-8.53242e-10-6.90607e-10-3.23955e-10 1.82670e-10 5.90849e-10 6.85053e-10
 4.37781e-10 5.81711e-11-3.13659e-10-6.18665e-10-6.36139e-10-2.52716e-10
 3.58565e-10 9.73202e-10 1.42204e-09 1.63170e-09 1.51963e-09 9.65089e-10
 1.62663e-10-4.96007e-10-8.91137e-10-1.11398e-09-1.27102e-09-1.34599e-09
-1.17474e-09-7.52830e-10-2.05188e-10 3.61443e-10 6.34615e-10 3.45386e-10
-3.32663e-10-9.69377e-10-1.17968e-09-9.89514e-10-8.17655e-10-8.27148e-10
-8.24736e-10-5.85821e-10 4.12496e-11 8.77421e-10 1.46295e-09 1.45936e-09
 8.23926e-10-1.09290e-11-4.40240e-10-3.39264e-10 7.95417e-12 2.20914e-10
 1.69839e-10 2.71860e-10 8.40628e-10 1.54631e-09 1.85929e-09 1.45358e-09
 4.71334e-10-5.51444e-10-1.24138e-09-1.42405e-09-1.12041e-09-7.31668e-10
-5.40715e-10-3.96740e-10-6.20576e-11 3.85987e-10 4.60778e-10-3.09414e-11
-6.51012e-10-1.10912e-09-1.40081e-09-1.38592e-09-9.49689e-10-1.88214e-10
 5.71378e-10 1.05536e-09 1.35597e-09 1.48414e-09 1.26213e-09 8.12021e-10
 3.46747e-10-8.90930e-11-4.32050e-10-5.38837e-10-2.43328e-10 3.03672e-10
 6.56554e-10 6.67501e-10 4.86265e-10 1.93359e-10-2.88239e-10-1.05776e-09
-1.89137e-09-2.32096e-09-2.11384e-09-1.28693e-09-1.53965e-10 7.06014e-10
 1.10509e-09 1.31191e-09 1.39384e-09 1.14571e-09 6.33441e-10 2.64646e-10
 3.06040e-10 7.81974e-10 1.63500e-09 2.32983e-09 2.06773e-09 9.83253e-10
-8.79268e-11-8.20678e-10-1.36798e-09-1.80789e-09-2.27032e-09-2.80386e-09
-2.87329e-09-1.98292e-09-7.32678e-10-1.77927e-10-3.36056e-10-4.00912e-10
 2.47834e-10 1.55080e-09 2.46592e-09 1.91503e-09 3.52153e-10-5.70413e-10
 5.77999e-11 1.37327e-09 1.68329e-09 3.10711e-10-1.69364e-09-2.46332e-09
-1.09671e-09 1.02658e-09 1.67531e-09 5.43622e-10-4.56755e-10 5.62005e-10
 3.33236e-09 5.24588e-09 3.78573e-09-3.46458e-10-3.71666e-09-3.93822e-09
-1.94130e-09-7.98805e-10-2.31598e-09-4.74184e-09-4.81821e-09-1.55126e-09
 2.81265e-09 4.91960e-09 3.63298e-09 1.27579e-09 8.19513e-10 2.45564e-09
 3.70431e-09 2.17345e-09-2.00353e-09-5.89457e-09-6.64566e-09-4.49458e-09
-1.92528e-09-9.00629e-10-1.21619e-09-7.68598e-10 1.85010e-09 5.33074e-09
 7.16916e-09 6.15570e-09 3.14936e-09 3.89541e-10-6.52173e-10-7.27214e-10
-1.20400e-09-2.31771e-09-3.37304e-09-3.26010e-09-1.45600e-09 9.60676e-10
 2.41629e-09 2.42975e-09 1.51213e-09 5.58983e-10 1.81864e-10 1.86837e-11
-6.14688e-10-1.63728e-09-2.47426e-09-2.65829e-09-1.99689e-09-8.77552e-10
-4.05845e-11 2.19039e-10 1.17756e-10 1.24229e-11 2.20632e-10 6.21357e-10
 7.57464e-10 5.74912e-10 3.29825e-10 1.59702e-10 2.18451e-10 4.78992e-10
 5.89649e-10 4.75394e-10 4.04617e-10 4.83103e-10 7.62568e-10 1.23870e-09
 1.52658e-09 1.34014e-09 8.66554e-10 2.57102e-10-4.36139e-10-9.90547e-10
-1.30568e-09-1.42619e-09-1.21864e-09-6.43906e-10 5.25197e-11 6.70223e-10
 9.97729e-10 7.84191e-10 1.36386e-10-6.11081e-10-1.24136e-09-1.52469e-09
-1.27183e-09-5.88517e-10 2.89547e-10 1.15168e-09 1.69974e-09 1.69516e-09
 1.13272e-09 1.68768e-10-8.53044e-10-1.51048e-09-1.56225e-09-9.58833e-10
 1.24498e-10 1.24485e-09 1.94329e-09 1.94822e-09 1.16127e-09-2.79818e-10
-1.95165e-09-3.33268e-09-3.98573e-09-3.63876e-09-2.29224e-09-2.19951e-10
 2.13526e-09 4.28209e-09 5.82741e-09 6.54319e-09 6.34013e-09 5.24790e-09
 3.40152e-09 9.77307e-10-1.82282e-09-4.66474e-09-7.06198e-09-8.44937e-09
-8.24363e-09-6.02470e-09-1.78796e-09 3.92545e-09 1.00398e-08 1.50768e-08
 1.74470e-08 1.59200e-08 1.00827e-08 5.79281e-10-1.08951e-08-2.18773e-08
-2.96980e-08-5.95704e-08
     0.0000e+00     0.0000e+00      0  0  0.00
     512   0.10000  0.0000e+00
 0.00000e+00 1.69811e-11 7.32747e-11 3.86724e-11-3.90984e-10-1.47618e-09
-3.26232e-09-5.52331e-09-7.81589e-09-9.59990e-09-1.03779e-08-9.83063e-09
-7.90964e-09-4.84695e-09-1.09755e-09 2.78287e-09 6.29740e-09 9.11587e-09
 1.11067e-08 1.23227e-08 1.29513e-08 1.32350e-08 1.33674e-08 1.33984e-08
 1.32119e-08 1.25917e-08 1.13402e-08 9.39350e-09 6.86256e-09 4.00352e-09
 1.16426e-09-1.30543e-09-3.17436e-09-4.42367e-09-5.27634e-09-6.13466e-09
-7.42928e-09-9.44515e-09-1.22067e-08-1.54603e-08-1.87256e-08-2.13848e-08
-2.28259e-08-2.26351e-08-2.07537e-08-1.75143e-08-1.35324e-08-9.47411e-09
-5.81112e-09-2.67474e-09 1.83177e-10 3.33322e-09 7.49269e-09 1.32303e-08
 2.06546e-08 2.92274e-08 3.77719e-08 4.46583e-08 4.80860e-08 4.63783e-08
 3.82465e-08 2.30509e-08 1.09414e-09-2.61667e-08-5.60998e-08-8.50567e-08
-1.08697e-07-1.22506e-07-1.22530e-07-1.06290e-07-7.36596e-08-2.74238e-08
 2.67798e-08 8.12178e-08 1.27369e-07 1.57513e-07 1.66304e-07 1.51946e-07
 1.16597e-07 6.58946e-08 7.73462e-09-4.93681e-08-9.78551e-08-1.32292e-07
-1.49981e-07-1.51014e-07-1.37783e-07-1.14085e-07-8.41113e-08-5.16859e-08
-1.98857e-08 9.04131e-09 3.36183e-08 5.30654e-08 6.72392e-08 7.64956e-08
 8.15220e-08 8.32226e-08 8.26549e-08 8.09350e-08 7.90816e-08 7.78466e-08
 7.76652e-08 7.87078e-08 8.09602e-08 8.42160e-08 8.79946e-08 9.14849e-08
 9.37149e-08 9.38246e-08 9.12613e-08 8.58029e-08 7.75644e-08 6.69512e-08
 5.46699e-08 4.08556e-08 2.73151e-08 1.60305e-08 1.63436e-09-1.79726e-08
-3.48391e-08-4.73253e-08-5.67520e-08-1.61076e-07-6.14318e-07-1.47937e-06
-2.36033e-06-2.55180e-06-1.58292e-06 2.82239e-07 2.20345e-06 3.52649e-06
 4.73024e-06 5.95712e-06 5.01964e-06 4.59056e-07-5.03189e-06-7.53813e-06
-6.49994e-06-4.00194e-06-1.32065e-06 1.16689e-06 2.86551e-06 3.54485e-06
 3.23427e-06 2.10006e-06 7.07449e-07-4.73823e-07-1.21436e-06-1.42567e-06
-1.20229e-06-7.15891e-07-1.63354e-07 2.80487e-07 5.17836e-07 5.31622e-07
 3.76787e-07 1.46439e-07-6.69382e-08-1.98549e-07-2.24861e-07-1.63055e-07
-5.80345e-08 3.89250e-08 8.99458e-08 8.16719e-08 2.58844e-08-4.98683e-08
-1.15046e-07-1.45407e-07-1.28293e-07-6.55478e-08 2.69273e-08 1.24653e-07
 2.02986e-07 2.43727e-07 2.38652e-07 1.90493e-07 1.11158e-07 1.79627e-08
-7.08374e-08-1.40369e-07-1.81981e-07-1.93787e-07-1.79264e-07-1.45028e-07
-9.90344e-08-4.91454e-08-1.84543e-09 3.84099e-08 6.91612e-08 8.95782e-08
 9.99334e-08 1.01258e-07 9.51671e-08 8.34899e-08 6.78957e-08 4.98890e-08
 3.10177e-08 1.28368e-08-3.28272e-09-1.62031e-08-2.51117e-08-2.97417e-08
-3.04241e-08-2.79805e-08-2.35916e-08-1.85823e-08-1.41324e-08-1.10317e-08
-9.53209e-09-9.38471e-09-1.01016e-08-1.12678e-08-1.26585e-08-1.41229e-08
-1.54917e-08-1.65892e-08-1.71501e-08-1.68084e-08-1.52926e-08-1.25524e-08
-8.77613e-09-4.31685e-09 5.64757e-10 5.80058e-09 1.12239e-08 1.63134e-08
 2.03473e-08 2.28167e-08 2.36414e-08 2.30757e-08 2.16636e-08 2.01102e-08
 1.88337e-08 1.76722e-08 1.60448e-08 1.34706e-08 1.00693e-08 6.37962e-09
 2.78154e-09-6.38385e-10-3.91284e-09-7.09259e-09-1.01433e-08-1.28496e-08
-1.48430e-08-1.59304e-08-1.64638e-08-1.70709e-08-1.80566e-08-1.91519e-08
-1.96471e-08-1.89750e-08-1.72085e-08-1.48211e-08-1.22733e-08-9.80126e-09
-7.28154e-09-4.40738e-09-1.03292e-09 2.61062e-09 5.96268e-09 8.65708e-09
 1.08762e-08 1.30178e-08 1.52754e-08 1.73690e-08 1.87140e-08 1.91257e-08
 1.89342e-08 1.84357e-08 1.76410e-08 1.63899e-08 1.46267e-08 1.24210e-08
 9.72245e-09 6.59560e-09 3.40910e-09 4.22918e-10-2.36397e-09-5.05504e-09
-7.75673e-09-1.04527e-08-1.30549e-08-1.53453e-08-1.69613e-08-1.78711e-08
-1.83497e-08-1.84593e-08-1.80949e-08-1.72047e-08-1.58659e-08-1.42309e-08
-1.22278e-08-9.72320e-09-6.88213e-09-3.90661e-09-8.36005e-10 2.34806e-09
 5.56698e-09 8.45083e-09 1.06995e-08 1.24846e-08 1.41689e-08 1.59878e-08
 1.77628e-08 1.89341e-08 1.92123e-08 1.86923e-08 1.74995e-08 1.57684e-08
 1.35658e-08 1.10296e-08 8.59060e-09 6.51371e-09 4.53215e-09 2.02650e-09
-1.39197e-09-5.29551e-09-8.94439e-09-1.18973e-08-1.39640e-08-1.54626e-08
-1.68284e-08-1.78027e-08-1.80735e-08-1.79482e-08-1.77724e-08-1.75357e-08
-1.70623e-08-1.59441e-08-1.34057e-08-9.28659e-09-4.88522e-09-1.54286e-09
 5.82618e-10 1.95891e-09 3.60441e-09 6.73073e-09 1.11336e-08 1.51894e-08
 1.77671e-08 1.90388e-08 1.94332e-08 1.90385e-08 1.82559e-08 1.76312e-08
 1.71957e-08 1.68193e-08 1.61927e-08 1.43777e-08 1.07113e-08 6.05165e-09
 1.94637e-09-1.20489e-09-3.90000e-09-6.27483e-09-8.56306e-09-1.13531e-08
-1.44242e-08-1.71187e-08-1.94811e-08-2.14256e-08-2.20280e-08-2.08388e-08
-1.89252e-08-1.75212e-08-1.65654e-08-1.55850e-08-1.42051e-08-1.14213e-08
-6.95559e-09-2.28102e-09 1.60163e-09 4.94380e-09 7.79110e-09 1.02326e-08
 1.28918e-08 1.59886e-08 1.89738e-08 2.11320e-08 2.22712e-08 2.26629e-08
 2.22553e-08 2.11135e-08 1.98220e-08 1.83472e-08 1.62754e-08 1.36406e-08
 1.03303e-08 6.36187e-09 2.40212e-09-1.23165e-09-4.88809e-09-8.75402e-09
-1.25380e-08-1.57251e-08-1.82245e-08-2.04214e-08-2.23336e-08-2.36765e-08
-2.43545e-08-2.41716e-08-2.30186e-08-2.12461e-08-1.91199e-08-1.66062e-08
-1.36616e-08-1.01949e-08-6.16999e-09-1.80172e-09 2.55142e-09 6.61668e-09
 1.03973e-08 1.40583e-08 1.75864e-08 2.07507e-08 2.32738e-08 2.49588e-08
 2.58348e-08 2.60852e-08 2.58060e-08 2.49290e-08 2.32741e-08 2.07309e-08
 1.74816e-08 1.38649e-08 1.00298e-08 5.91274e-09 1.46932e-09-3.17187e-09
-7.79067e-09-1.21949e-08-1.61813e-08-1.96386e-08-2.26281e-08-2.51521e-08
-2.70558e-08-2.81748e-08-2.84236e-08-2.78447e-08-2.65551e-08-2.45817e-08
-2.19162e-08-1.86165e-08-1.47232e-08-1.03144e-08-5.59302e-09-7.45380e-10
 4.13736e-09 8.96197e-09 1.36288e-08 1.80148e-08 2.19293e-08 2.52541e-08
 2.79432e-08 2.98948e-08 3.10637e-08 3.14715e-08 3.10321e-08 2.96600e-08
 2.74389e-08 2.44748e-08 2.07992e-08 1.65157e-08 1.17837e-08 6.68728e-09
 1.33911e-09-4.06113e-09-9.38191e-09-1.45228e-08-1.93311e-08-2.37316e-08
-2.76697e-08-3.09939e-08-3.36027e-08-3.54573e-08-3.64240e-08-3.63734e-08
-3.52770e-08-3.30641e-08-2.96670e-08-2.51734e-08-1.97285e-08-1.35109e-08
-6.83016e-09-2.80576e-12 6.70383e-09 1.29880e-08 1.86138e-08 2.34719e-08
 2.75562e-08 3.10211e-08 3.41006e-08 3.69602e-08 3.96936e-08 4.22904e-08
 4.45318e-08 4.59523e-08 4.59319e-08 4.38569e-08 3.92554e-08 3.19574e-08
 2.21923e-08 1.05271e-08-2.16097e-09-1.47042e-08-2.58496e-08-3.45628e-08
-4.02749e-08-2.41335e-08
     0.0000e+00     0.0000e+00      0  0  0.00
     512   0.10000  0.0000e+00
 0.00000e+00-1.53302e-11-4.54488e-11-1.60360e-12 2.61762e-10 8.42962e-10
 1.72978e-09 2.79224e-09 3.81694e-09 4.56978e-09 4.86543e-09 4.61874e-09
 3.86395e-09 2.72692e-09 1.37011e-09-5.56524e-11-1.44240e-09-2.73188e-09
-3.90089e-09-4.93941e-09-5.82991e-09-6.53535e-09-7.00175e-09-7.17460e-09
-7.01879e-09-6.53271e-09-5.75261e-09-4.74616e-09-3.60096e-09-2.41634e-09
-1.29920e-09-3.49623e-10 3.68525e-10 8.48865e-10 1.14267e-09 1.34524e-09
 1.57132e-09 1.92287e-09 2.46138e-09 3.19325e-09 4.06994e-09 5.00623e-09
 5.91077e-09 6.70691e-09 7.33392e-09 7.74072e-09 7.88123e-09 7.71320e-09
 7.20991e-09 6.37767e-09 5.25040e-09 3.86448e-09 2.24260e-09 3.84447e-10
-1.74354e-09-4.20204e-09-7.04672e-09-1.02859e-08-1.38376e-08-1.74923e-08
-2.09007e-08-2.35882e-08-2.49768e-08-2.44370e-08-2.13997e-08-1.55082e-08
-6.77381e-09 4.29498e-09 1.66457e-08 2.87697e-08 3.89215e-08 4.54340e-08
 4.70851e-08 4.34272e-08 3.49489e-08 2.30092e-08 9.57261e-09-3.18769e-09
-1.33157e-08-1.94145e-08-2.08536e-08-1.78300e-08-1.12582e-08-2.51700e-09
 6.85306e-09 1.54247e-08 2.20966e-08 2.62049e-08 2.75240e-08 2.61900e-08
 2.25828e-08 1.71959e-08 1.05412e-08 3.11640e-09-4.59646e-09-1.21423e-08
-1.91236e-08-2.52372e-08-3.03004e-08-3.42427e-08-3.70790e-08-3.88908e-08
-3.98157e-08-4.00178e-08-3.96579e-08-3.88757e-08-3.77951e-08-3.65111e-08
-3.50741e-08-3.34598e-08-3.15872e-08-2.93392e-08-2.66334e-08-2.34055e-08
-1.96533e-08-1.53419e-08-1.05074e-08-5.22173e-09 2.34267e-10 5.95690e-09
 1.13762e-08 1.72384e-08 2.14184e-08-5.45871e-08-2.60712e-07-4.03677e-07
-2.35660e-07 3.27219e-07 1.18591e-06 1.90341e-06 1.81714e-06 7.52931e-07
-6.70890e-07-1.69912e-06-1.96644e-06-1.69911e-06-1.47982e-06-1.28862e-06
-6.32890e-07 3.65783e-07 1.20978e-06 1.70376e-06 1.79264e-06 1.49545e-06
 9.84913e-07 4.11362e-07-1.14723e-07-4.95197e-07-7.03427e-07-7.50526e-07
-6.75143e-07-5.34180e-07-3.73834e-07-2.27671e-07-1.10851e-07-2.37990e-08
 4.07663e-08 9.23911e-08 1.36448e-07 1.72780e-07 1.97341e-07 2.04682e-07
 1.90765e-07 1.54907e-07 1.00421e-07 3.42880e-08-3.41647e-08-9.52367e-08
-1.40743e-07-1.65326e-07-1.67052e-07-1.47407e-07-1.10787e-07-6.35636e-08
-1.28533e-08 3.47299e-08 7.39491e-08 1.01318e-07 1.15127e-07 1.15326e-07
 1.03382e-07 8.19879e-08 5.45708e-08 2.48191e-08-3.69758e-09-2.79488e-08
-4.58953e-08-5.67118e-08-6.05962e-08-5.83291e-08-5.09905e-08-4.00237e-08
-2.73004e-08-1.47922e-08-4.04757e-09 4.09795e-09 9.45387e-09 1.22440e-08
 1.29578e-08 1.22159e-08 1.05206e-08 8.14238e-09 5.31191e-09 2.44699e-09
 1.05215e-10-1.32620e-09-1.81345e-09-1.47864e-09-3.45806e-10 1.63328e-09
 4.37835e-09 7.54846e-09 1.06137e-08 1.30348e-08 1.43948e-08 1.45170e-08
 1.35177e-08 1.16820e-08 9.30131e-09 6.60652e-09 3.78482e-09 1.02873e-09
-1.49882e-09-3.73069e-09-5.66670e-09-7.35227e-09-8.84292e-09-1.00725e-08
-1.08199e-08-1.08822e-08-1.03166e-08-9.49047e-09-8.76893e-09-8.21151e-09
-7.67386e-09-7.04715e-09-6.29763e-09-5.35965e-09-4.11014e-09-2.52959e-09
-7.55092e-10 1.10173e-09 2.96768e-09 4.62427e-09 5.74533e-09 6.22090e-09
 6.39875e-09 6.81220e-09 7.63107e-09 8.60323e-09 9.45366e-09 1.00611e-08
 1.02757e-08 9.81371e-09 8.55601e-09 6.80654e-09 4.94406e-09 3.07139e-09
 1.29303e-09-6.38252e-11-8.41998e-10-1.43628e-09-2.43704e-09-3.94164e-09
-5.58249e-09-7.11660e-09-8.52901e-09-9.67231e-09-1.01858e-08-9.87859e-09
-9.05571e-09-8.18775e-09-7.40414e-09-6.64937e-09-5.99847e-09-5.46074e-09
-4.74164e-09-3.46825e-09-1.62995e-09 3.89250e-10 2.24732e-09 3.86031e-09
 5.21638e-09 6.24052e-09 6.89775e-09 7.36505e-09 7.89454e-09 8.49233e-09
 9.01681e-09 9.40838e-09 9.52603e-09 9.05398e-09 7.83711e-09 6.19538e-09
 4.67748e-09 3.48123e-09 2.40996e-09 1.30586e-09 1.46633e-10-1.12619e-09
-2.61971e-09-4.32250e-09-5.99214e-09-7.40910e-09-8.55382e-09-9.28759e-09
-9.33125e-09-8.79062e-09-8.24902e-09-8.13533e-09-8.24552e-09-8.06530e-09
-7.34102e-09-6.14584e-09-4.65369e-09-2.97346e-09-1.15506e-09 6.08206e-10
 2.10285e-09 3.41505e-09 4.64555e-09 5.61027e-09 6.35637e-09 7.38133e-09
 8.73610e-09 9.72313e-09 9.98617e-09 9.81667e-09 9.27360e-09 8.34450e-09
 7.44862e-09 6.71088e-09 5.82807e-09 4.80956e-09 3.60493e-09 1.83272e-09
-2.16470e-10-1.89043e-09-3.43686e-09-5.09082e-09-6.20519e-09-6.83457e-09
-7.89243e-09-9.11150e-09-9.66489e-09-9.95740e-09-1.02330e-08-9.73973e-09
-8.73850e-09-8.20853e-09-7.74140e-09-6.57382e-09-4.99950e-09-3.19745e-09
-1.05050e-09 7.09244e-10 1.59533e-09 2.65387e-09 4.50091e-09 6.29255e-09
 7.80661e-09 9.30222e-09 1.00884e-08 1.01188e-08 1.03405e-08 1.05652e-08
 1.01044e-08 9.36610e-09 8.85874e-09 8.30934e-09 7.25095e-09 5.44645e-09
 3.11423e-09 9.03206e-10-6.85258e-10-1.74340e-09-3.00310e-09-4.95828e-09
-7.08597e-09-8.82846e-09-1.00738e-08-1.06474e-08-1.08617e-08-1.12737e-08
-1.15959e-08-1.13358e-08-1.05893e-08-9.56185e-09-8.36953e-09-7.13351e-09
-5.61979e-09-3.59594e-09-1.45715e-09 5.71663e-10 2.60138e-09 4.35595e-09
 5.90913e-09 7.70466e-09 9.49273e-09 1.08933e-08 1.18751e-08 1.22878e-08
 1.23122e-08 1.24069e-08 1.22896e-08 1.15479e-08 1.03884e-08 8.87422e-09
 7.11435e-09 5.40831e-09 3.48626e-09 1.22172e-09-1.05567e-09-3.32959e-09
-5.51130e-09-7.38664e-09-9.11145e-09-1.07534e-08-1.20682e-08-1.29791e-08
-1.35608e-08-1.37313e-08-1.34958e-08-1.29629e-08-1.20455e-08-1.07406e-08
-9.17817e-09-7.32207e-09-5.17143e-09-2.90803e-09-6.07469e-10 1.78434e-09
 4.13980e-09 6.35698e-09 8.48131e-09 1.03397e-08 1.18479e-08 1.31074e-08
 1.39865e-08 1.44359e-08 1.45458e-08 1.42270e-08 1.34575e-08 1.23398e-08
 1.08856e-08 9.10976e-09 7.10383e-09 4.88941e-09 2.49142e-09 4.80522e-11
-2.38119e-09-4.77636e-09-7.03217e-09-9.08353e-09-1.09000e-08-1.24254e-08
-1.36033e-08-1.44234e-08-1.48804e-08-1.49319e-08-1.46087e-08-1.39249e-08
-1.28446e-08-1.14382e-08-9.75034e-09-7.78044e-09-5.61051e-09-3.29797e-09
-8.65910e-10 1.60760e-09 4.04084e-09 6.39843e-09 8.61216e-09 1.05822e-08
 1.22792e-08 1.36731e-08 1.47004e-08 1.53486e-08 1.56288e-08 1.55571e-08
 1.51640e-08 1.44830e-08 1.35395e-08 1.23567e-08 1.09533e-08 9.28892e-09
 7.31784e-09 5.03528e-09 2.39750e-09-6.24738e-10-3.98424e-09-7.59599e-09
-1.13016e-08-1.48386e-08-1.79069e-08-2.02518e-08-2.16948e-08-2.21652e-08
-2.17089e-08-2.04394e-08-1.85612e-08-1.63725e-08-1.41692e-08-1.21880e-08
-1.05640e-08-9.29675e-09-8.23390e-09-7.04849e-09-5.27131e-09-2.40600e-09
 1.90484e-09 1.48119e-08
     0.0000e+00     0.0000e+00      0  0  0.00
     512   0.10000  0.0000e+00
 0.00000e+00-6.31712e-11-2.47558e-10-4.28402e-10-3.25193e-10 3.33121e-10
 1.64864e-09 3.46477e-09 5.37996e-09 6.85993e-09 7.40540e-09 6.71007e-09
 4.75521e-09 1.81448e-09-1.61482e-09-4.93587e-09-7.61296e-09-9.30596e-09
-9.93400e-09-9.66253e-09-8.81927e-09-7.76601e-09-6.76571e-09-5.90647e-09
-5.11186e-09-4.20676e-09-3.01685e-09-1.47973e-09 2.78395e-10 1.94520e-09
 3.12464e-09 3.50012e-09 2.98367e-09 1.79115e-09 4.20822e-10-4.59999e-10
-2.06416e-10 1.57731e-09 4.86155e-09 9.13633e-09 1.35038e-08 1.69032e-08
 1.84127e-08 1.75295e-08 1.43284e-08 9.44842e-09 3.91581e-09-1.15385e-09
-4.90343e-09-7.02074e-09-7.84444e-09-8.22942e-09-9.21746e-09-1.16436e-08
-1.58053e-08-2.12777e-08-2.69241e-08-3.11110e-08-3.20717e-08-2.83143e-08
-1.89561e-08-3.92692e-09 1.59563e-08 3.90289e-08 6.29062e-08 8.46678e-08
 1.01109e-07 1.09095e-07 1.06034e-07 9.04195e-08 6.23346e-08 2.38320e-08
-2.09854e-08-6.63436e-08-1.05687e-07-1.32913e-07-1.43621e-07-1.36035e-07
-1.11385e-07-7.36654e-08-2.88214e-08 1.64574e-08 5.60271e-08 8.53347e-08
 1.02011e-07 1.05928e-07 9.87849e-08 8.34074e-08 6.30156e-08 4.06260e-08
 1.86736e-08-1.15046e-09-1.78508e-08-3.09614e-08-4.03751e-08-4.62706e-08
-4.90898e-08-4.94892e-08-4.82090e-08-4.59670e-08-4.34037e-08-4.10799e-08
-3.94376e-08-3.87815e-08-3.92472e-08-4.08059e-08-4.32225e-08-4.60609e-08
-4.86842e-08-5.03791e-08-5.04646e-08-4.85285e-08-4.45077e-08-3.87695e-08
-3.18274e-08-2.37474e-08-1.59200e-08-9.63958e-09-1.52899e-09 8.71532e-09
 1.85882e-08 2.65686e-08 3.66252e-08 8.60475e-08 1.81860e-07 1.97465e-07
 5.29304e-08 5.15916e-08 6.24148e-07 1.29954e-06 1.08423e-06-2.25692e-07
-2.66329e-06-5.30170e-06-5.36823e-06-1.49871e-06 3.96634e-06 7.16066e-06
 6.85501e-06 4.60703e-06 1.60604e-06-1.38488e-06-3.46768e-06-4.36780e-06
-4.16726e-06-3.07677e-06-1.57072e-06-9.05625e-08 1.04682e-06 1.65855e-06
 1.75949e-06 1.47446e-06 9.89420e-07 4.87104e-07 9.05253e-08-1.44897e-07
-2.29458e-07-2.13238e-07-1.57788e-07-1.12930e-07-1.02454e-07-1.24459e-07
-1.59336e-07-1.81932e-07-1.73126e-07-1.26008e-07-4.79130e-08 4.23259e-08
 1.21561e-07 1.69624e-07 1.74640e-07 1.35785e-07 6.31350e-08-2.54243e-08
-1.09373e-07-1.70777e-07-1.98197e-07-1.88721e-07-1.47556e-07-8.56693e-08
-1.65082e-08 4.73209e-08 9.64689e-08 1.25948e-07 1.34959e-07 1.25939e-07
 1.03481e-07 7.30861e-08 3.99954e-08 8.47421e-09-1.85087e-08-3.92989e-08
-5.33929e-08-6.12053e-08-6.36121e-08-6.14450e-08-5.53582e-08-4.60545e-08
-3.45083e-08-2.18911e-08-9.33144e-09 2.12496e-09 1.14744e-08 1.79446e-08
 2.12463e-08 2.16005e-08 1.95625e-08 1.58563e-08 1.13942e-08 7.23886e-09
 4.23845e-09 2.66133e-09 2.26768e-09 2.70316e-09 3.79028e-09 5.41833e-09
 7.30341e-09 9.07826e-09 1.04485e-08 1.11198e-08 1.07807e-08 9.33415e-09
 7.16830e-09 4.96474e-09 3.02121e-09 1.02032e-09-1.40917e-09-4.20227e-09
-6.96171e-09-9.32773e-09-1.10648e-08-1.19307e-08-1.19337e-08-1.16042e-08
-1.14564e-08-1.12908e-08-1.04061e-08-8.49337e-09-6.06808e-09-3.84043e-09
-2.03523e-09-6.08536e-10 4.68873e-10 1.44083e-09 2.76142e-09 4.53969e-09
 6.16999e-09 6.96611e-09 7.14748e-09 7.53611e-09 8.39502e-09 9.24615e-09
 9.61880e-09 9.45500e-09 8.79854e-09 7.60567e-09 6.19475e-09 5.17497e-09
 4.53499e-09 3.59430e-09 1.97711e-09 5.09430e-11-1.58568e-09-2.82181e-09
-4.00047e-09-5.26609e-09-6.46725e-09-7.51297e-09-8.40704e-09-9.04210e-09
-9.13072e-09-8.63959e-09-8.05585e-09-7.66148e-09-7.12162e-09-6.13253e-09
-4.83330e-09-3.56091e-09-2.38220e-09-1.01058e-09 5.64775e-10 1.98751e-09
 3.19664e-09 4.42255e-09 5.73992e-09 6.94243e-09 7.73952e-09 8.14720e-09
 8.36199e-09 8.37543e-09 8.17554e-09 7.88610e-09 7.53480e-09 6.90092e-09
 5.71628e-09 4.27144e-09 3.16321e-09 2.25067e-09 9.30471e-10-8.74913e-10
-2.66355e-09-3.94200e-09-4.83376e-09-5.76067e-09-6.71165e-09-7.55237e-09
-8.25419e-09-8.62669e-09-8.55283e-09-8.12944e-09-7.63015e-09-7.27419e-09
-6.71986e-09-5.55815e-09-4.04730e-09-2.68993e-09-1.62252e-09-4.56357e-10
 1.13015e-09 2.75732e-09 4.11657e-09 5.34565e-09 6.40267e-09 7.18762e-09
 7.73658e-09 8.14594e-09 8.48642e-09 8.60384e-09 8.40690e-09 7.96415e-09
 7.26518e-09 6.42005e-09 5.40308e-09 4.04585e-09 2.56258e-09 1.09318e-09
-3.74896e-10-1.64903e-09-2.76463e-09-4.01249e-09-5.52524e-09-6.98029e-09
-7.80808e-09-8.10783e-09-8.41125e-09-8.79449e-09-9.03127e-09-8.76019e-09
-7.86865e-09-6.84754e-09-6.12645e-09-5.53472e-09-4.47115e-09-2.68421e-09
-6.42014e-10 1.09885e-09 2.23809e-09 3.00721e-09 4.07299e-09 5.74171e-09
 7.59317e-09 8.62217e-09 8.54189e-09 8.41185e-09 8.85836e-09 9.45206e-09
 9.49411e-09 8.43158e-09 6.78254e-09 5.67165e-09 5.22325e-09 4.62025e-09
 3.02838e-09 5.63187e-10-1.58569e-09-2.68164e-09-3.36768e-09-4.52409e-09
-6.31298e-09-8.19451e-09-9.05995e-09-8.82912e-09-8.86039e-09-9.53305e-09
-1.00965e-08-9.88917e-09-8.57998e-09-7.04182e-09-6.25171e-09-5.72883e-09
-4.68840e-09-2.76377e-09-3.20036e-10 1.51967e-09 2.50811e-09 3.53463e-09
 5.13875e-09 7.08075e-09 8.71684e-09 9.41573e-09 9.41117e-09 9.60998e-09
 1.01899e-08 1.06147e-08 1.03254e-08 9.15134e-09 7.77165e-09 6.76883e-09
 5.91025e-09 4.73390e-09 2.89699e-09 6.93096e-10-1.22494e-09-2.76383e-09
-4.21270e-09-5.85955e-09-7.64619e-09-9.15003e-09-1.01801e-08-1.08409e-08
-1.12892e-08-1.15759e-08-1.15842e-08-1.12111e-08-1.04618e-08-9.40364e-09
-8.08903e-09-6.60888e-09-4.98192e-09-3.11216e-09-1.10651e-09 9.16318e-10
 2.95897e-09 4.95826e-09 6.89077e-09 8.63017e-09 1.00672e-08 1.13180e-08
 1.23663e-08 1.30863e-08 1.34228e-08 1.33592e-08 1.29381e-08 1.21758e-08
 1.10722e-08 9.62142e-09 7.81826e-09 5.72024e-09 3.41645e-09 1.01391e-09
-1.45202e-09-3.96667e-09-6.43874e-09-8.78192e-09-1.08969e-08-1.27397e-08
-1.42893e-08-1.54524e-08-1.62154e-08-1.65523e-08-1.63760e-08-1.56892e-08
-1.45256e-08-1.29160e-08-1.08847e-08-8.48766e-09-5.84801e-09-3.05100e-09
-1.49428e-10 2.78767e-09 5.68554e-09 8.48586e-09 1.11589e-08 1.36664e-08
 1.59625e-08 1.79620e-08 1.95593e-08 2.06691e-08 2.11384e-08 2.08047e-08
 1.95839e-08 1.74251e-08 1.43405e-08 1.04578e-08 6.04132e-09 1.44130e-09
-2.96376e-09-6.79448e-09-9.76356e-09-1.17218e-08-1.27093e-08-1.29995e-08
-1.30145e-08-1.32649e-08-1.42592e-08-1.63344e-08-1.95320e-08-2.35213e-08
-2.75918e-08-3.07270e-08-3.18010e-08-2.98288e-08-2.41878e-08-1.48973e-08
-2.75885e-09 1.07484e-08 2.36746e-08 3.39254e-08 3.96784e-08 3.98276e-08
 3.43243e-08 5.46199e-08
     0.0000e+00     0.0000e+00      0  0  0.00
     512   0.10000  0.0000e+00
 0.00000e+00 7.58486e-11 3.63985e-10 8.61069e-10 1.35104e-09 1.51816e-09
 1.08569e-09-7.18131e-11-1.84792e-09-3.90141e-09-5.74517e-09-6.88606e-09
-6.97722e-09-5.90944e-09-3.81951e-09-1.04629e-09 1.95248e-09 4.68721e-09
 6.71704e-09 7.74439e-09 7.69532e-09 6.74990e-09 5.31224e-09 3.91969e-09
 3.10679e-09 3.25145e-09 4.43780e-09 6.39339e-09 8.54445e-09 1.01870e-08
 1.07298e-08 9.89530e-09 7.78206e-09 4.80100e-09 1.53305e-09-1.44612e-09
-3.70773e-09-5.04164e-09-5.46765e-09-5.19954e-09-4.56608e-09-3.92072e-09
-3.58164e-09-3.78917e-09-4.65199e-09-6.10033e-09-7.88213e-09-9.61700e-09
-1.09081e-08-1.14598e-08-1.11052e-08-9.73281e-09-7.19004e-09-3.21943e-09
 2.54874e-09 1.05195e-08 2.09722e-08 3.38760e-08 4.87348e-08 6.44841e-08
 7.94756e-08 9.15535e-08 9.81824e-08 9.66467e-08 8.44083e-08 5.96640e-08
 2.20476e-08-2.66884e-08-8.22781e-08-1.38090e-07-1.85940e-07-2.17514e-07
-2.26141e-07-2.08490e-07-1.65632e-07-1.03085e-07-2.98060e-08 4.36075e-08
 1.07009e-07 1.52543e-07 1.75854e-07 1.76499e-07 1.57538e-07 1.24456e-07
 8.37655e-08 4.16536e-08 2.99713e-09-2.90686e-08-5.30514e-08-6.86779e-08
-7.63782e-08-7.68816e-08-7.10765e-08-6.01244e-08-4.56471e-08-2.97492e-08
-1.47612e-08-2.76289e-09 4.90522e-09 7.89366e-09 6.75512e-09 2.60359e-09
-3.30848e-09-9.93682e-09-1.65789e-08-2.27969e-08-2.82007e-08-3.23001e-08
-3.44848e-08-3.42500e-08-3.13946e-08-2.62911e-08-1.96455e-08-1.27007e-08
-5.93300e-09-7.41229e-09-2.84941e-08-3.80973e-08 1.00427e-09 5.61214e-08
 8.25085e-08 7.42785e-08 4.44592e-08 8.45963e-08 2.74809e-07 4.30620e-07
 2.46779e-07-4.55195e-07-1.64833e-06-2.50417e-06-1.47276e-06 1.55459e-06
 4.14997e-06 3.77788e-06 4.27160e-07-3.01916e-06-3.23584e-06-6.95602e-07
 1.31586e-06 1.77617e-06 1.56818e-06 9.37219e-07 1.08014e-07-5.95375e-07
-1.18993e-06-1.53062e-06-1.47786e-06-1.11773e-06-5.48361e-07 6.52620e-08
 5.69189e-07 8.84052e-07 9.71258e-07 8.59132e-07 6.12166e-07 3.09373e-07
 2.49571e-08-1.91206e-07-3.15610e-07-3.51801e-07-3.22627e-07-2.58116e-07
-1.85073e-07-1.18820e-07-6.09676e-08-4.40632e-09 5.89391e-08 1.31999e-07
 2.09935e-07 2.80678e-07 3.28266e-07 3.38057e-07 3.01631e-07 2.19859e-07
 1.03164e-07-3.09531e-08-1.61802e-07-2.69662e-07-3.39345e-07-3.62735e-07
-3.39996e-07-2.78778e-07-1.91859e-07-9.42902e-08-5.11982e-10 7.80794e-08
 1.34639e-07 1.67119e-07 1.77052e-07 1.67738e-07 1.43165e-07 1.07983e-07
 6.76945e-08 2.80900e-08-6.04484e-09-3.19158e-08-4.87883e-08-5.74281e-08
-5.93505e-08-5.61497e-08-4.90257e-08-3.86931e-08-2.59365e-08-1.22940e-08
 9.34182e-11 9.42184e-09 1.50252e-08 1.72610e-08 1.66337e-08 1.32860e-08
 7.38731e-09-3.34336e-10-8.56217e-09-1.58375e-08-2.10665e-08-2.36350e-08
-2.34030e-08-2.08271e-08-1.67856e-08-1.21247e-08-7.34912e-09-2.65256e-09
 1.74870e-09 5.55169e-09 8.72145e-09 1.14823e-08 1.38238e-08 1.51966e-08
 1.48320e-08 1.25726e-08 9.26761e-09 6.16243e-09 4.12551e-09 3.36754e-09
 3.55915e-09 4.17756e-09 4.69815e-09 4.67649e-09 3.93101e-09 2.44196e-09
 1.62629e-10-2.75457e-09-5.65078e-09-7.40529e-09-7.09647e-09-4.94063e-09
-2.32281e-09-8.31443e-10-1.32860e-09-3.58726e-09-6.69440e-09-9.68120e-09
-1.16191e-08-1.17462e-08-9.92240e-09-6.70210e-09-2.94519e-09 5.33140e-10
 2.88517e-09 3.25631e-09 1.71270e-09-3.01924e-10-1.21990e-09-5.21169e-10
 1.46252e-09 4.16772e-09 7.03122e-09 9.28203e-09 1.00099e-08 8.86352e-09
 6.41349e-09 3.81408e-09 2.17676e-09 1.96366e-09 2.90219e-09 4.21347e-09
 4.88601e-09 4.27170e-09 2.37703e-09-2.87412e-10-2.76763e-09-4.25853e-09
-4.75344e-09-4.58676e-09-3.94045e-09-3.11392e-09-2.76840e-09-3.60580e-09
-5.58396e-09-7.72521e-09-8.83630e-09-8.10151e-09-5.57540e-09-2.39857e-09
-2.62967e-12 7.88213e-10 1.00466e-10-1.11000e-09-1.85654e-09-1.70488e-09
-5.96957e-10 1.34190e-09 3.87716e-09 6.54257e-09 8.42778e-09 8.53947e-09
 6.57234e-09 3.56844e-09 1.52066e-09 1.64814e-09 3.49540e-09 5.63800e-09
 6.60730e-09 5.81708e-09 3.88326e-09 1.67001e-09-4.29186e-10-2.22919e-09
-3.38889e-09-3.56323e-09-2.87783e-09-1.93448e-09-1.61240e-09-2.80724e-09
-5.33426e-09-7.57747e-09-8.21295e-09-7.24181e-09-5.29065e-09-3.26807e-09
-2.17191e-09-2.24869e-09-2.94138e-09-3.76786e-09-4.08002e-09-2.83601e-09
-1.09256e-10 2.66635e-09 4.53227e-09 5.12466e-09 4.16542e-09 2.83004e-09
 3.00258e-09 4.47127e-09 5.74950e-09 6.58524e-09 6.90392e-09 6.00804e-09
 4.70908e-09 4.53911e-09 4.85634e-09 4.18175e-09 2.70347e-09 1.03527e-09
-5.80325e-10-1.24815e-09-7.21251e-10-5.54472e-10-1.75824e-09-3.55350e-09
-5.35533e-09-6.84870e-09-7.04500e-09-6.07168e-09-5.39643e-09-5.23158e-09
-4.95300e-09-5.10998e-09-6.02353e-09-6.55567e-09-5.56763e-09-3.01504e-09
-8.73359e-11 1.44266e-09 9.64163e-10-1.41130e-10 9.00517e-11 2.11852e-09
 4.60397e-09 6.22112e-09 6.71614e-09 6.49329e-09 6.31369e-09 6.54369e-09
 6.68872e-09 6.42897e-09 6.11264e-09 5.92837e-09 5.60354e-09 4.82139e-09
 3.46905e-09 1.89144e-09 6.61798e-10-2.61777e-10-1.25127e-09-2.20134e-09
-3.06026e-09-4.15399e-09-5.51499e-09-6.78674e-09-7.53250e-09-7.53136e-09
-7.21926e-09-7.28123e-09-7.60589e-09-7.52662e-09-6.82518e-09-5.74898e-09
-4.67774e-09-3.77051e-09-2.75402e-09-1.48236e-09-2.77396e-11 1.53811e-09
 2.95468e-09 4.11436e-09 5.18186e-09 6.22962e-09 7.22906e-09 8.04940e-09
 8.54570e-09 8.72272e-09 8.66496e-09 8.43721e-09 8.04800e-09 7.48484e-09
 6.69130e-09 5.60161e-09 4.26532e-09 2.85793e-09 1.49756e-09 5.66882e-11
-1.52174e-09-3.09316e-09-4.61124e-09-5.99891e-09-7.18983e-09-8.24405e-09
-9.11271e-09-9.72413e-09-1.00482e-08-1.00573e-08-9.76043e-09-9.15063e-09
-8.29662e-09-7.26985e-09-6.02883e-09-4.58938e-09-3.03481e-09-1.38884e-09
 3.35286e-10 2.05207e-09 3.71779e-09 5.32218e-09 6.79529e-09 8.12984e-09
 9.29086e-09 1.01928e-08 1.08598e-08 1.12884e-08 1.14222e-08 1.12308e-08
 1.07076e-08 9.87684e-09 8.72055e-09 7.27462e-09 5.63770e-09 3.82317e-09
 1.84895e-09-1.94432e-10-2.19915e-09-4.10506e-09-5.87566e-09-7.42710e-09
-8.73226e-09-9.82832e-09-1.07232e-08-1.14220e-08-1.19569e-08-1.23711e-08
-1.26461e-08-1.27158e-08-1.25088e-08-1.19228e-08-1.08507e-08-9.17876e-09
-6.85921e-09-3.97644e-09-6.57524e-10 2.90064e-09 6.41403e-09 9.61156e-09
 1.22236e-08 1.39332e-08 1.45043e-08 1.40143e-08 1.28620e-08 1.16195e-08
 1.08927e-08 1.11039e-08 1.23878e-08 1.45774e-08 1.71651e-08 1.93898e-08
 2.04016e-08 1.95024e-08 1.63589e-08 1.10073e-08 3.80719e-09-4.57712e-09
-1.32066e-08-2.97389e-08
     0.0000e+00     0.0000e+00      0  0  0.00
     512   0.10000  0.0000e+00
 0.00000e+00-2.02123e-11-9.41925e-11-2.17863e-10-3.42512e-10-4.06123e-10
-3.57231e-10-1.61658e-10 2.02047e-10 7.37521e-10 1.42001e-09 2.19115e-09
 2.95778e-09 3.59878e-09 3.98222e-09 3.99210e-09 3.56186e-09 2.69918e-09
 1.48814e-09 7.23155e-11-1.37533e-09-2.69336e-09-3.77406e-09-4.58513e-09
-5.15783e-09-5.55426e-09-5.82935e-09-5.99477e-09-5.99882e-09-5.73477e-09
-5.08277e-09-3.97617e-09-2.45610e-09-6.88845e-10 1.05086e-09 2.43389e-09
 3.16903e-09 3.10390e-09 2.29211e-09 1.00121e-09-3.40872e-10-1.25047e-09
-1.32219e-09-3.54385e-10 1.57953e-09 4.14592e-09 6.84598e-09 9.15405e-09
 1.06643e-08 1.12115e-08 1.09169e-08 1.01278e-08 9.27567e-09 8.71456e-09
 8.59009e-09 8.76520e-09 8.83312e-09 8.22496e-09 6.37685e-09 2.89766e-09
-2.31442e-09-9.02757e-09-1.66994e-08-2.45575e-08-3.17168e-08-3.72925e-08
-4.04773e-08-4.05987e-08-3.71878e-08-3.00640e-08-1.94110e-08-5.84366e-09
 9.55090e-09 2.52528e-08 3.94835e-08 5.04883e-08 5.68509e-08 5.77650e-08
 5.32098e-08 4.39762e-08 3.15178e-08 1.76557e-08 4.22683e-09-7.23487e-09
-1.57195e-08-2.08357e-08-2.27659e-08-2.21033e-08-1.96422e-08-1.62071e-08
-1.25388e-08-9.21787e-09-6.63336e-09-5.01211e-09-4.46457e-09-4.99951e-09
-6.51767e-09-8.82949e-09-1.16929e-08-1.48419e-08-1.79984e-08-2.08934e-08
-2.32939e-08-2.50202e-08-2.59426e-08-2.59908e-08-2.51777e-08-2.36249e-08
-2.15375e-08-1.91562e-08-1.67046e-08-1.43575e-08-1.21747e-08-1.01013e-08
-7.99034e-09-6.00153e-09-3.93478e-09-7.57910e-10 2.87134e-09 4.96423e-09
 5.84934e-09 7.29118e-09 7.69644e-09 9.82845e-08 4.19196e-07 8.34347e-07
 9.52894e-07 4.62704e-07-5.37570e-07-1.40507e-06-1.49224e-06-7.13831e-07
 5.55009e-07 1.71095e-06 1.96299e-06 8.80707e-07-8.97964e-07-2.23187e-06
-2.57959e-06-2.07781e-06-1.03472e-06 2.20388e-07 1.32961e-06 2.02595e-06
 2.17522e-06 1.80543e-06 1.11067e-06 3.29032e-07-3.44260e-07-7.87177e-07
-9.63672e-07-9.07322e-07-6.98927e-07-4.35129e-07-1.96074e-07-2.81870e-08
 5.84182e-08 8.07916e-08 6.92486e-08 5.38431e-08 5.38184e-08 7.29815e-08
 1.02097e-07 1.26294e-07 1.32520e-07 1.14314e-07 7.39978e-08 2.14281e-08
-3.02902e-08-6.92690e-08-8.76187e-08-8.28754e-08-5.83782e-08-2.19461e-08
 1.68959e-08 4.95678e-08 7.00990e-08 7.59845e-08 6.82228e-08 5.04436e-08
 2.74514e-08 3.83188e-09-1.68820e-08-3.25538e-08-4.24344e-08-4.68410e-08
-4.66821e-08-4.29940e-08-3.67526e-08-2.89405e-08-2.04939e-08-1.21403e-08
-4.39736e-09 2.29257e-09 7.50859e-09 1.09973e-08 1.27978e-08 1.30935e-08
 1.20556e-08 9.94063e-09 7.21695e-09 4.48428e-09 2.20869e-09 5.91941e-10
-2.39016e-10-1.50978e-10 7.63846e-10 2.12374e-09 3.54034e-09 4.87072e-09
 6.11395e-09 7.12115e-09 7.65932e-09 7.71668e-09 7.41589e-09 6.71650e-09
 5.46247e-09 3.68577e-09 1.71676e-09-1.39750e-10-1.88821e-09-3.57340e-09
-5.02123e-09-6.06219e-09-6.73804e-09-7.17040e-09-7.32509e-09-7.07273e-09
-6.54327e-09-6.08508e-09-5.81432e-09-5.54643e-09-5.09116e-09-4.43133e-09
-3.65440e-09-2.75892e-09-1.73653e-09-7.62138e-10 2.79878e-11 7.43725e-10
 1.56220e-09 2.50717e-09 3.38590e-09 4.02370e-09 4.51728e-09 5.02494e-09
 5.54746e-09 6.01246e-09 6.33372e-09 6.46097e-09 6.34057e-09 5.86995e-09
 5.13913e-09 4.41984e-09 3.79194e-09 3.09397e-09 2.15179e-09 1.01839e-09
-3.84910e-11-9.43507e-10-1.83563e-09-2.70093e-09-3.45794e-09-4.15248e-09
-4.86578e-09-5.54796e-09-5.94721e-09-5.97685e-09-5.92720e-09-5.93614e-09
-5.79757e-09-5.37341e-09-4.75248e-09-4.10613e-09-3.41483e-09-2.53562e-09
-1.61228e-09-8.28892e-10-2.97202e-11 9.41288e-10 1.99773e-09 2.93689e-09
 3.67235e-09 4.35976e-09 5.01116e-09 5.42307e-09 5.63932e-09 5.81737e-09
 5.92615e-09 5.83928e-09 5.45911e-09 4.92110e-09 4.41032e-09 3.81531e-09
 3.05381e-09 2.20786e-09 1.29596e-09 3.52765e-10-6.12046e-10-1.56876e-09
-2.38869e-09-3.15736e-09-4.00380e-09-4.78473e-09-5.34875e-09-5.63049e-09
-5.70388e-09-5.75812e-09-5.74313e-09-5.54788e-09-5.21702e-09-4.75899e-09
-4.21020e-09-3.53175e-09-2.63107e-09-1.66718e-09-6.87902e-10 4.05404e-10
 1.40877e-09 2.18218e-09 2.90604e-09 3.71177e-09 4.49368e-09 5.08752e-09
 5.55854e-09 5.93961e-09 6.07673e-09 6.10054e-09 6.03997e-09 5.56582e-09
 4.85685e-09 4.28848e-09 3.69277e-09 2.93383e-09 2.15682e-09 1.28690e-09
 8.69081e-11-1.23102e-09-2.19839e-09-2.97732e-09-3.90600e-09-4.66732e-09
-5.08256e-09-5.49611e-09-5.98759e-09-6.37236e-09-6.60892e-09-6.63786e-09
-6.18759e-09-5.24639e-09-4.43165e-09-4.03258e-09-3.45956e-09-2.39846e-09
-1.22988e-09-1.17139e-10 9.70610e-10 1.86991e-09 2.78581e-09 4.07860e-09
 5.33181e-09 5.88536e-09 5.90356e-09 6.09144e-09 6.66683e-09 7.12284e-09
 7.13278e-09 6.76590e-09 5.89941e-09 4.89617e-09 4.40354e-09 3.83518e-09
 2.55284e-09 1.18391e-09 9.23440e-11-9.57545e-10-1.96848e-09-3.16094e-09
-4.58970e-09-5.70671e-09-6.32733e-09-6.62905e-09-6.88186e-09-7.45945e-09
-7.93053e-09-7.65409e-09-7.01586e-09-6.33381e-09-5.53074e-09-4.86540e-09
-4.06463e-09-2.64734e-09-1.07970e-09 2.07698e-10 1.32359e-09 2.37047e-09
 3.63106e-09 5.11639e-09 6.26924e-09 6.96117e-09 7.45485e-09 7.79637e-09
 8.12516e-09 8.40281e-09 8.20527e-09 7.53421e-09 6.74359e-09 5.88493e-09
 4.90694e-09 3.77667e-09 2.39396e-09 8.63360e-10-5.98438e-10-1.95858e-09
-3.25451e-09-4.51899e-09-5.76224e-09-6.83178e-09-7.59484e-09-8.15066e-09
-8.55327e-09-8.71722e-09-8.65125e-09-8.35074e-09-7.74568e-09-6.91686e-09
-5.95841e-09-4.81841e-09-3.50576e-09-2.09963e-09-6.19679e-10 8.73098e-10
 2.30449e-09 3.68016e-09 4.96294e-09 6.09505e-09 7.07812e-09 7.85208e-09
 8.36282e-09 8.66528e-09 8.74113e-09 8.53311e-09 8.10883e-09 7.49999e-09
 6.66761e-09 5.66255e-09 4.53604e-09 3.29075e-09 1.98826e-09 6.63984e-10
-6.96799e-10-2.02940e-09-3.27751e-09-4.45371e-09-5.51172e-09-6.40005e-09
-7.14054e-09-7.71937e-09-8.09420e-09-8.27608e-09-8.27055e-09-8.06950e-09
-7.70511e-09-7.18701e-09-6.48835e-09-5.62912e-09-4.63655e-09-3.50321e-09
-2.26215e-09-9.64825e-10 3.68733e-10 1.68771e-09 2.93082e-09 4.08004e-09
 5.09955e-09 5.95411e-09 6.67730e-09 7.30139e-09 7.83837e-09 8.34317e-09
 8.85491e-09 9.35726e-09 9.82485e-09 1.01870e-08 1.03063e-08 1.00439e-08
 9.26982e-09 7.85949e-09 5.76871e-09 3.07156e-09-6.93450e-11-3.39329e-09
-6.54363e-09-9.16064e-09-1.09497e-08-1.17142e-08-1.14461e-08-1.03638e-08
-8.85792e-09-7.45589e-09-6.72763e-09-7.11412e-09-8.82101e-09-1.17370e-08
-1.53589e-08-1.88602e-08-2.12500e-08-2.15343e-08-1.89458e-08-1.31871e-08
-4.55552e-09 1.47663e-08
     0.0000e+00     0.0000e+00      0  0  0.00
     512   0.10000  0.0000e+00
 0.00000e+00-2.37385e-11-1.16581e-10-2.82566e-10-4.47462e-10-4.79655e-10
-2.40186e-10 3.57795e-10 1.29947e-09 2.44991e-09 3.57642e-09 4.40100e-09
 4.67113e-09 4.23613e-09 3.10114e-09 1.43717e-09-4.54890e-10-2.21463e-09
-3.51078e-09-4.13036e-09-4.04038e-09-3.39985e-09-2.51872e-09-1.77226e-09
-1.49459e-09-1.87840e-09-2.90510e-09-4.33617e-09-5.77324e-09-6.76312e-09
-6.91905e-09-6.02857e-09-4.11777e-09-1.45034e-09 1.54076e-09 4.36414e-09
 6.58769e-09 7.93312e-09 8.32642e-09 7.89530e-09 6.91730e-09 5.73379e-09
 4.65901e-09 3.91269e-09 3.58635e-09 3.64190e-09 3.94366e-09 4.31370e-09
 4.58092e-09 4.60531e-09 4.28691e-09 3.56295e-09 2.38969e-09 7.27241e-10
-1.45509e-09-4.15949e-09-7.33522e-09-1.08556e-08-1.45103e-08-1.80157e-08
-2.10258e-08-2.31419e-08-2.39371e-08-2.29878e-08-1.99121e-08-1.44460e-08
-6.56238e-09 3.41519e-09 1.47389e-08 2.62261e-08 3.63622e-08 4.35422e-08
 4.63974e-08 4.41246e-08 3.67298e-08 2.51008e-08 1.08649e-08-3.92858e-09
-1.72201e-08-2.73519e-08-3.33590e-08-3.50603e-08-3.29628e-08-2.80349e-08
-2.14114e-08-1.41259e-08-6.96168e-09-4.34892e-10 5.13879e-09 9.54095e-09
 1.25712e-08 1.40417e-08 1.38488e-08 1.20712e-08 9.03658e-09 5.30387e-09
 1.54708e-09-1.61800e-09-3.79002e-09-4.87229e-09-5.05537e-09-4.69417e-09
-4.13287e-09-3.57829e-09-3.06107e-09-2.48770e-09-1.74492e-09-8.12030e-10
 1.81549e-10 9.90805e-10 1.35497e-09 1.15206e-09 4.16997e-10-5.22555e-10
-1.57631e-09 1.19255e-09 1.34776e-08 1.95238e-08 1.03898e-09-2.55808e-08
-3.71325e-08-3.23970e-08-1.40833e-08 7.73753e-08 2.38538e-07 2.68239e-07
 2.54164e-08-4.20035e-07-8.56579e-07-1.05854e-06-9.80429e-07-6.73929e-07
 7.28161e-09 1.26696e-06 2.75110e-06 3.54109e-06 2.92561e-06 1.10635e-06
-9.71673e-07-2.54981e-06-3.34901e-06-3.30197e-06-2.55177e-06-1.38673e-06
-1.12447e-07 9.68759e-07 1.64750e-06 1.86507e-06 1.68184e-06 1.23968e-06
 7.02892e-07 2.09564e-07-1.52100e-07-3.53847e-07-4.15724e-07-3.85693e-07
-3.17609e-07-2.53199e-07-2.13078e-07-1.96710e-07-1.89879e-07-1.74513e-07
-1.37245e-07-7.50610e-08 3.75743e-09 8.33685e-08 1.46499e-07 1.80169e-07
 1.79179e-07 1.46918e-07 9.36017e-08 3.28376e-08-2.20635e-08-6.11098e-08
-7.93756e-08-7.72174e-08-5.91926e-08-3.21873e-08-3.41008e-09 2.12413e-08
 3.81570e-08 4.61709e-08 4.61266e-08 4.01268e-08 3.06076e-08 1.96244e-08
 8.58890e-09-1.67761e-09-1.06939e-08-1.80928e-08-2.35831e-08-2.69476e-08
-2.80737e-08-2.70739e-08-2.43055e-08-2.02627e-08-1.54258e-08-1.01450e-08
-4.74438e-09 3.24802e-10 4.57686e-09 7.64840e-09 9.38491e-09 9.87962e-09
 9.40645e-09 8.36296e-09 7.17428e-09 6.06991e-09 5.06195e-09 4.14157e-09
 3.38137e-09 2.92426e-09 2.85798e-09 3.12070e-09 3.60065e-09 4.14385e-09
 4.51180e-09 4.53938e-09 4.22336e-09 3.65494e-09 2.91229e-09 1.94109e-09
 6.73064e-10-8.09834e-10-2.38995e-09-3.94419e-09-5.26332e-09-6.13833e-09
-6.47086e-09-6.37617e-09-6.12199e-09-5.83554e-09-5.50639e-09-5.17974e-09
-4.88148e-09-4.54167e-09-4.02778e-09-3.23855e-09-2.23927e-09-1.10447e-09
 2.13920e-10 1.63078e-09 2.86824e-09 3.68592e-09 4.03903e-09 4.10908e-09
 4.06904e-09 3.97289e-09 3.99259e-09 4.31953e-09 4.87590e-09 5.38065e-09
 5.55272e-09 5.32083e-09 4.76884e-09 3.85634e-09 2.60966e-09 1.34387e-09
 3.39964e-10-3.87018e-10-9.97998e-10-1.58400e-09-2.03697e-09-2.40556e-09
-2.97805e-09-3.80040e-09-4.62635e-09-5.23055e-09-5.54819e-09-5.62094e-09
-5.36578e-09-4.74816e-09-4.10625e-09-3.70382e-09-3.35208e-09-2.77162e-09
-1.94818e-09-1.12075e-09-3.83056e-10 4.72219e-10 1.43654e-09 2.24233e-09
 2.84640e-09 3.38265e-09 3.89730e-09 4.28068e-09 4.47810e-09 4.75269e-09
 5.22689e-09 5.51913e-09 5.31283e-09 4.69957e-09 3.94078e-09 3.17862e-09
 2.35384e-09 1.56178e-09 1.02870e-09 6.24537e-10 6.70368e-11-6.88626e-10
-1.53008e-09-2.36397e-09-3.28845e-09-4.30679e-09-5.02525e-09-5.20556e-09
-5.05956e-09-4.83756e-09-4.61479e-09-4.36116e-09-4.15530e-09-4.08695e-09
-3.89421e-09-3.29840e-09-2.40716e-09-1.45955e-09-5.93042e-10 2.93324e-10
 1.30360e-09 2.13423e-09 2.58281e-09 3.00752e-09 3.66438e-09 4.28626e-09
 4.70220e-09 5.12398e-09 5.45461e-09 5.25318e-09 4.72170e-09 4.35933e-09
 3.99843e-09 3.48813e-09 3.03306e-09 2.49259e-09 1.72960e-09 9.83488e-10
 7.98358e-11-1.25877e-09-2.39488e-09-2.82195e-09-3.19670e-09-3.87570e-09
-4.28384e-09-4.55328e-09-5.14563e-09-5.42128e-09-5.05871e-09-4.87890e-09
-4.94477e-09-4.53247e-09-3.80568e-09-3.10683e-09-2.19645e-09-1.26886e-09
-7.30747e-10-7.08162e-11 1.17595e-09 2.21785e-09 2.64437e-09 3.24246e-09
 4.05890e-09 4.58747e-09 5.21266e-09 5.79456e-09 5.50624e-09 4.86072e-09
 4.77612e-09 4.98302e-09 4.91994e-09 4.35316e-09 3.22072e-09 1.96241e-09
 1.11545e-09 6.12944e-10 4.31611e-11-9.74220e-10-2.24357e-09-3.14449e-09
-3.70914e-09-4.21189e-09-4.66679e-09-5.35659e-09-6.04786e-09-5.96425e-09
-5.38084e-09-5.04889e-09-4.93078e-09-4.79852e-09-4.40720e-09-3.36501e-09
-2.08349e-09-1.26224e-09-5.91030e-10 2.21234e-10 1.08022e-09 2.26644e-09
 3.44689e-09 4.02562e-09 4.46076e-09 5.07958e-09 5.59466e-09 6.03493e-09
 6.23223e-09 5.88475e-09 5.47919e-09 5.28216e-09 4.85162e-09 4.23041e-09
 3.49695e-09 2.43774e-09 1.43548e-09 6.50080e-10-3.07258e-10-1.33889e-09
-2.30624e-09-3.32642e-09-4.18257e-09-4.76151e-09-5.34921e-09-5.92386e-09
-6.22447e-09-6.34962e-09-6.34314e-09-6.07273e-09-5.70122e-09-5.26978e-09
-4.59178e-09-3.77035e-09-2.92041e-09-1.93535e-09-8.80341e-10 1.22738e-10
 1.20119e-09 2.31010e-09 3.26395e-09 4.19725e-09 5.09933e-09 5.78404e-09
 6.36656e-09 6.83048e-09 7.01850e-09 7.04777e-09 6.95205e-09 6.60389e-09
 6.07115e-09 5.43166e-09 4.60586e-09 3.64867e-09 2.65442e-09 1.53558e-09
 3.16854e-10-8.84876e-10-2.10142e-09-3.32463e-09-4.47157e-09-5.54465e-09
-6.53703e-09-7.35534e-09-7.98198e-09-8.45159e-09-8.67681e-09-8.63137e-09
-8.38005e-09-7.86384e-09-7.06721e-09-6.07013e-09-4.87332e-09-3.49357e-09
-2.00530e-09-4.39629e-10 1.16287e-09 2.71877e-09 4.20773e-09 5.63486e-09
 6.94358e-09 8.12398e-09 9.20636e-09 1.01557e-08 1.09308e-08 1.14989e-08
 1.17789e-08 1.16707e-08 1.10960e-08 9.97326e-09 8.24222e-09 5.95066e-09
 3.21056e-09 1.76130e-10-2.88640e-09-5.67508e-09-7.92719e-09-9.42055e-09
-1.00487e-08-9.86606e-09-9.07377e-09-8.02151e-09-7.15797e-09-6.89772e-09
-7.52219e-09-9.12152e-09-1.14928e-08-1.41184e-08-1.62764e-08-1.71696e-08
-1.60840e-08-1.25807e-08-6.65408e-09 1.19672e-09 9.98739e-09 1.83888e-08
 2.49858e-08 3.29677e-08
