      10
(6e12.5)
     0.0000e+00     0.0000e+00      0  0  0.00
     512   1.00000  0.0000e+00
 1.85623e-10 1.17157e-09 2.23038e-09 3.26689e-09 4.19584e-09 4.96725e-09
 5.57298e-09 6.04192e-09 6.42985e-09 6.79912e-09 7.18561e-09 7.56610e-09
 7.84861e-09 7.89894e-09 7.59480e-09 6.88118e-09 5.80119e-09 4.48963e-09
 3.13035e-09 1.88989e-09 8.55968e-10 1.23743e-11-7.40585e-10-1.53997e-09
-2.51316e-09-3.74125e-09-5.23606e-09-6.93656e-09-8.72828e-09-1.04771e-08
-1.20585e-08-1.33698e-08-1.43295e-08-1.48818e-08-1.50125e-08-1.47632e-08
-1.42225e-08-1.34902e-08-1.26350e-08-1.16701e-08-1.05565e-08-9.22457e-09
-7.60011e-09-5.62722e-09-3.28185e-09-5.70936e-10 2.48229e-09 5.85373e-09
 9.51822e-09 1.34304e-08 1.75039e-08 2.16117e-08 2.56143e-08 2.94027e-08
 3.29357e-08 3.62527e-08 3.94488e-08 4.26228e-08 4.58220e-08 4.90019e-08
 5.19899e-08 5.44458e-08 5.58321e-08 5.54231e-08 5.23816e-08 4.59291e-08
 3.55489e-08 2.10690e-08 2.70638e-09-1.86629e-08-4.12817e-08-6.28963e-08
-8.14887e-08-9.57586e-08-1.05361e-07-1.10982e-07-1.14105e-07-1.16541e-07
-1.19931e-07-1.25335e-07-1.33060e-07-1.42951e-07-1.55014e-07-1.69885e-07
-1.88554e-07-2.11123e-07-2.35004e-07-2.53447e-07-2.55420e-07-2.27548e-07
-1.58201e-07-4.22104e-08 1.18263e-07 3.18641e-07 5.54499e-07 8.13561e-07
 1.06762e-06 1.28135e-06 1.42042e-06 1.43309e-06 1.24780e-06 8.25929e-07
 1.96291e-07-5.72687e-07-1.38016e-06-2.06756e-06-2.44499e-06-2.36138e-06
-1.77747e-06-8.23260e-07 2.27554e-07 1.06794e-06 1.46704e-06 1.34346e-06
 8.00349e-07 1.02423e-07-4.29561e-07-5.79233e-07-3.45434e-07 7.29823e-08
 4.04089e-07 4.67775e-07 2.77858e-07 1.10284e-08-1.35293e-07-8.88837e-08
 5.97088e-08 1.53467e-07 1.11438e-07-1.04486e-08-9.06356e-08-6.77733e-08
 7.58676e-09 4.20726e-08 5.26817e-09-4.70728e-08-5.04388e-08-8.94845e-09
 2.04150e-08 7.03005e-09-1.89052e-08-1.67253e-08 7.54834e-09 1.72800e-08
 2.55136e-09-1.00843e-08-3.73777e-09 4.86473e-09-2.02066e-09-1.42447e-08
-1.52418e-08-1.03815e-08-1.28367e-08-1.84889e-08-1.63008e-08-9.40678e-09
-6.31319e-09-4.32297e-09 1.80486e-09 8.06416e-09 1.03141e-08 1.14876e-08
 1.28782e-08 1.15673e-08 7.75843e-09 3.78831e-09-5.88448e-10-5.53142e-09
-9.53978e-09-1.20588e-08-1.31920e-08-1.25232e-08-9.98790e-09-6.04992e-09
-1.26856e-09 3.58244e-09 7.63907e-09 1.02754e-08 1.11618e-08 1.02280e-08
 7.66514e-09 3.94593e-09-1.85735e-10-3.84004e-09-6.20961e-09-6.78395e-09
-5.45303e-09-2.49294e-09 1.50727e-09 5.74550e-09 9.34673e-09 1.15347e-08
 1.18033e-08 1.00504e-08 6.62263e-09 2.24258e-09-2.16196e-09-5.68009e-09
-7.62583e-09-7.68036e-09-5.95853e-09-3.00031e-09 3.35953e-10 3.08796e-09
 4.45389e-09 4.00613e-09 1.79161e-09-1.68430e-09-5.58151e-09-8.93545e-09
-1.09015e-08-1.09769e-08-9.14242e-09-5.86913e-09-1.98478e-09 1.54540e-09
 3.87346e-09 4.51144e-09 3.48575e-09 1.32692e-09-1.10929e-09-2.90922e-09
-3.36603e-09-2.17863e-09 4.63857e-10 3.93273e-09 7.32827e-09 9.73322e-09
 1.04969e-08 9.45471e-09 6.98116e-09 3.84425e-09 9.42545e-10-9.64818e-10
-1.47526e-09-6.69645e-10 9.04993e-10 2.42421e-09 3.08326e-09 2.37683e-09
 2.68892e-10-2.78778e-09-5.99979e-09-8.50865e-09-9.68124e-09-9.30526e-09
-7.63922e-09-5.31437e-09-3.11471e-09-1.70341e-09-1.38971e-09-2.01632e-09
-3.01639e-09-3.63744e-09-3.25142e-09-1.61618e-09 1.02646e-09 4.04814e-09
 6.67359e-09 8.26389e-09 8.53701e-09 7.64900e-09 6.11400e-09 4.59565e-09
 3.64381e-09 3.47768e-09 3.90422e-09 4.40215e-09 4.34217e-09 3.26567e-09
 1.10470e-09-1.76328e-09-4.65184e-09-6.83259e-09-7.82164e-09-7.56160e-09
-6.41912e-09-5.00941e-09-3.92563e-09-3.47726e-09-3.55354e-09-3.68685e-09
-3.28401e-09-1.91257e-09 4.77685e-10 3.49036e-09 6.41047e-09 8.47212e-09
 9.15349e-09 8.38298e-09 6.56204e-09 4.37340e-09 2.46051e-09 1.14379e-09
 3.07325e-10-5.03365e-10-1.81764e-09-3.92540e-09-6.66781e-09-9.44827e-09
-1.14577e-08-1.19963e-08-1.07511e-08-7.92390e-09-4.14939e-09-2.32164e-10
 3.16542e-09 5.73221e-09 7.53892e-09 8.89040e-09 1.00610e-08 1.10500e-08
 1.15125e-08 1.09171e-08 8.84127e-09 5.24019e-09 5.61475e-10-4.34507e-09
-8.50044e-09-1.11456e-08-1.19869e-08-1.12022e-08-9.24322e-09-6.59054e-09
-3.59409e-09-4.41368e-10 2.76366e-09 5.85597e-09 8.47889e-09 1.00802e-08
 1.00952e-08 8.23304e-09 4.68731e-09 1.45745e-10-4.40451e-09-7.98155e-09
-9.90165e-09-9.95785e-09-8.41296e-09-5.80307e-09-2.66721e-09 6.18759e-10
 3.81248e-09 6.64716e-09 8.71231e-09 9.50608e-09 8.64843e-09 6.11898e-09
 2.37606e-09-1.71323e-09-5.11462e-09-6.95105e-09-6.78917e-09-4.77857e-09
-1.57686e-09 1.91415e-09 4.87335e-09 6.78494e-09 7.46680e-09 6.94128e-09
 5.29992e-09 2.69081e-09-5.83911e-10-3.98401e-09-6.77468e-09-8.22036e-09
-7.85931e-09-5.73613e-09-2.46566e-09 9.37509e-10 3.41325e-09 4.24090e-09
 3.27468e-09 9.26371e-10-2.05750e-09-4.87653e-09-6.89137e-09-7.72259e-09
-7.24307e-09-5.52520e-09-2.81957e-09 4.17215e-10 3.51559e-09 5.70081e-09
 6.33408e-09 5.19372e-09 2.64135e-09-4.48247e-10-2.99133e-09-4.10022e-09
-3.40768e-09-1.17137e-09 1.87602e-09 4.83450e-09 6.93806e-09 7.73409e-09
 7.12287e-09 5.30301e-09 2.68673e-09-1.66276e-10-2.60512e-09-4.00283e-09
-3.96476e-09-2.53840e-09-2.67815e-10 1.97952e-09 3.34284e-09 3.30617e-09
 1.90056e-09-3.24501e-10-2.55902e-09-4.08898e-09-4.56008e-09-4.03141e-09
-2.84653e-09-1.44291e-09-2.08182e-10 5.83659e-10 7.93561e-10 4.50164e-10
-2.11220e-10-7.75726e-10-7.92352e-10 1.08743e-11 1.55197e-09 3.36653e-09
 4.77268e-09 5.18089e-09 4.39902e-09 2.75449e-09 9.48653e-10-2.76962e-10
-4.70157e-10 3.77518e-10 1.89070e-09 3.49370e-09 4.59723e-09 4.73646e-09
 3.67623e-09 1.49433e-09-1.39091e-09-4.29717e-09-6.47604e-09-7.38937e-09
-6.95530e-09-5.62291e-09-4.19274e-09-3.44531e-09-3.77398e-09-5.03079e-09
-6.66396e-09-8.04003e-09-8.73598e-09-8.64645e-09-7.91277e-09-6.78632e-09
-5.51798e-09-4.29462e-09-3.20426e-09-2.21467e-09-1.17454e-09 1.32706e-10
 1.86700e-09 3.98504e-09 6.17026e-09 7.92833e-09 8.84049e-09 8.84120e-09
 8.32586e-09 7.97756e-09 8.39971e-09 9.79001e-09 1.18472e-08 1.39260e-08
 1.53158e-08 1.54999e-08 1.43082e-08 1.19438e-08 8.89979e-09 5.79680e-09
 3.18198e-09 1.34914e-09 2.50855e-10-4.54484e-10-1.23307e-09-2.44794e-09
-4.18239e-09-6.22937e-09-8.26693e-09-1.00888e-08-1.17082e-08-1.32669e-08
-1.48477e-08-1.63456e-08-1.74736e-08-1.78685e-08-1.72138e-08-1.53360e-08
-1.22789e-08-8.34637e-09-4.05691e-09 2.40552e-11 3.50235e-09 6.29006e-09
 8.56060e-09 1.05243e-08 1.21345e-08 1.29216e-08 1.21501e-08 9.33696e-09
 4.93854e-09 1.24023e-09
     0.0000e+00     0.0000e+00      0  0  0.00
     512   1.00000  0.0000e+00
-5.32679e-11-2.15252e-10-3.94895e-10-5.24148e-10-5.53525e-10-4.77923e-10
-3.41344e-10-2.21367e-10-2.04081e-10-3.58255e-10-7.08923e-10-1.20713e-09
-1.69832e-09-1.90477e-09-1.45110e-09 3.91598e-11 2.77385e-09 6.60260e-09
 1.09245e-08 1.47942e-08 1.71945e-08 1.73361e-08 1.48664e-08 9.95794e-09
 3.28072e-09-4.12447e-09-1.10460e-08-1.63371e-08-1.91477e-08-1.91091e-08
-1.64229e-08-1.18196e-08-6.37729e-09-1.23892e-09 2.69550e-09 4.98003e-09
 5.63608e-09 4.99012e-09 3.47718e-09 1.52235e-09-4.97268e-10-2.25866e-09
-3.50282e-09-4.06241e-09-3.90119e-09-3.13772e-09-2.02367e-09-8.73956e-10
 2.23253e-11 4.74166e-10 4.23043e-10-6.25170e-11-8.23028e-10-1.65926e-09
-2.38208e-09-2.85245e-09-3.00901e-09-2.87520e-09-2.53308e-09-2.06596e-09
-1.49391e-09-7.32628e-10 4.02402e-10 2.13310e-09 4.59134e-09 7.65514e-09
 1.08658e-08 1.35753e-08 1.52772e-08 1.58382e-08 1.54298e-08 1.42819e-08
 1.25663e-08 1.05125e-08 8.50859e-09 6.97438e-09 6.11753e-09 5.80722e-09
 5.71821e-09 5.72354e-09 6.27865e-09 8.44906e-09 1.34069e-08 2.15089e-08
 3.12957e-08 3.88745e-08 3.81116e-08 2.18685e-08-1.57317e-08-7.62108e-08
-1.53222e-07-2.30165e-07-2.82924e-07-2.89708e-07-2.41622e-07-1.45847e-07
-2.26653e-08 9.92073e-08 1.93151e-07 2.51219e-07 2.88857e-07 3.27962e-07
 3.74132e-07 4.05951e-07 3.84961e-07 2.81671e-07 9.33246e-08-1.56506e-07
-4.15352e-07-5.99854e-07-6.27224e-07-4.67007e-07-1.66769e-07 1.60046e-07
 3.78584e-07 4.01792e-07 2.42137e-07 2.34303e-09-1.84856e-07-2.29148e-07
-1.31354e-07 2.21112e-08 1.21176e-07 1.08935e-07 1.68548e-08-6.79611e-08
-7.68529e-08-1.39766e-08 5.50599e-08 6.85241e-08 2.51639e-08-2.22485e-08
-2.64157e-08 6.82997e-09 3.26146e-08 2.25192e-08-5.15670e-09-1.39576e-08
 3.21734e-09 1.90547e-08 1.19744e-08-6.00347e-09-1.04239e-08-8.05240e-11
 5.29346e-09-2.44621e-09-9.58070e-09-5.56281e-09 6.63164e-10-1.64139e-09
-6.95898e-09-5.55515e-09-7.07977e-10-3.30629e-10-2.01916e-09 2.33258e-10
 3.81998e-09 3.87228e-09 2.66243e-09 3.25259e-09 3.26484e-09 1.25634e-09
-2.82616e-10-7.90956e-10-1.88206e-09-3.04863e-09-3.28091e-09-3.17651e-09
-2.87359e-09-1.87470e-09-4.51762e-10 9.80634e-10 2.30736e-09 3.26700e-09
 3.61586e-09 3.30607e-09 2.35479e-09 8.85501e-10-8.17890e-10-2.39483e-09
-3.51558e-09-3.97262e-09-3.72107e-09-2.84923e-09-1.53394e-09-1.93623e-11
 1.39947e-09 2.42371e-09 2.83495e-09 2.57305e-09 1.75470e-09 6.22698e-10
-5.36985e-10-1.46322e-09-1.95657e-09-1.89967e-09-1.27875e-09-2.05769e-10
 1.08396e-09 2.28098e-09 3.08708e-09 3.30245e-09 2.88127e-09 1.93646e-09
 6.98518e-10-5.48703e-10-1.53420e-09-2.05846e-09-2.03819e-09-1.52748e-09
-7.07624e-10 1.55267e-10 7.80803e-10 9.55891e-10 5.96695e-10-2.27326e-10
-1.30597e-09-2.33961e-09-3.02815e-09-3.16974e-09-2.72601e-09-1.82589e-09
-7.13805e-10 3.26143e-10 1.04289e-09 1.27940e-09 1.01808e-09 3.97915e-10
-3.16051e-10-8.16824e-10-8.64668e-10-3.72657e-10 5.64767e-10 1.70342e-09
 2.72323e-09 3.32359e-09 3.32210e-09 2.72443e-09 1.72798e-09 6.53440e-10
-1.67447e-10-5.08966e-10-3.28234e-10 2.30290e-10 8.93330e-10 1.34781e-09
 1.33732e-09 7.47141e-10-3.46836e-10-1.68361e-09-2.88633e-09-3.58904e-09
-3.57970e-09-2.89278e-09-1.80254e-09-7.14210e-10 6.83537e-13 1.49950e-10
-2.15557e-10-8.38702e-10-1.36674e-09-1.48510e-09-1.02391e-09-8.39051e-12
 1.35047e-09 2.71606e-09 3.72460e-09 4.10228e-09 3.76769e-09 2.87713e-09
 1.77878e-09 8.78242e-10 4.67090e-10 5.95005e-10 1.05065e-09 1.46345e-09
 1.47697e-09 9.09697e-10-1.70517e-10-1.48450e-09-2.66471e-09-3.40400e-09
-3.56762e-09-3.22464e-09-2.59325e-09-1.93291e-09-1.43404e-09-1.15143e-09
-1.00720e-09-8.55296e-10-5.68484e-10-1.01397e-10 4.97563e-10 1.12144e-09
 1.66048e-09 2.04617e-09 2.26162e-09 2.31947e-09 2.22855e-09 1.97559e-09
 1.53642e-09 9.08779e-10 1.40836e-10-6.66696e-10-1.38603e-09-1.89814e-09
-2.12058e-09-2.02102e-09-1.62178e-09-1.00048e-09-2.81210e-10 3.95879e-10
 9.25436e-10 1.27836e-09 1.49911e-09 1.65510e-09 1.76876e-09 1.77484e-09
 1.53541e-09 9.14393e-10-1.25825e-10-1.46328e-09-2.83160e-09-3.90831e-09
-4.43078e-09-4.28625e-09-3.54292e-09-2.41471e-09-1.17478e-09-5.27413e-11
 8.39311e-10 1.51535e-09 2.05599e-09 2.52021e-09 2.87941e-09 3.00736e-09
 2.73724e-09 1.96925e-09 7.74435e-10-5.75044e-10-1.68675e-09-2.21088e-09
-1.99537e-09-1.14146e-09 6.33738e-11 1.27971e-09 2.23558e-09 2.78163e-09
 2.88461e-09 2.58830e-09 1.96643e-09 1.08729e-09 9.85384e-12-1.18364e-09
-2.34260e-09-3.23532e-09-3.60454e-09-3.28280e-09-2.30305e-09-9.25262e-10
 4.52322e-10 1.45400e-09 1.87156e-09 1.71782e-09 1.17196e-09 4.64803e-10
-2.21241e-10-7.87671e-10-1.18985e-09-1.38242e-09-1.29292e-09-8.51843e-10
-6.28312e-11 9.36338e-10 1.87479e-09 2.43669e-09 2.40534e-09 1.78104e-09
 7.96339e-10-1.86693e-10-8.44858e-10-1.03525e-09-8.30856e-10-4.40946e-10
-7.93946e-11 1.35986e-10 2.03928e-10 1.84872e-10 1.22264e-10 6.50509e-12
-1.89175e-10-4.40253e-10-6.40420e-10-6.45583e-10-3.72645e-10 1.10377e-10
 5.79014e-10 7.58568e-10 4.82428e-10-1.97835e-10-1.01735e-09-1.61775e-09
-1.71950e-09-1.25207e-09-3.69831e-10 6.44074e-10 1.51083e-09 2.04190e-09
 2.14921e-09 1.81188e-09 1.05573e-09-2.09300e-11-1.20192e-09-2.15527e-09
-2.52401e-09-2.08151e-09-8.72207e-10 7.54764e-10 2.26152e-09 3.14094e-09
 3.12793e-09 2.29108e-09 9.63626e-10-4.28747e-10-1.53465e-09-2.15956e-09
-2.25621e-09-1.87265e-09-1.11861e-09-1.66128e-10 7.52176e-10 1.38478e-09
 1.54396e-09 1.19214e-09 4.73323e-10-3.50284e-10-1.03214e-09-1.46057e-09
-1.68304e-09-1.82484e-09-1.96477e-09-2.05742e-09-1.95709e-09-1.52528e-09
-7.42108e-10 2.51564e-10 1.19766e-09 1.81733e-09 1.91167e-09 1.42726e-09
 4.71403e-10-7.12835e-10-1.79605e-09-2.43284e-09-2.35566e-09-1.47521e-09
 5.70014e-11 1.86798e-09 3.47399e-09 4.44594e-09 4.55631e-09 3.83994e-09
 2.55491e-09 1.08123e-09-1.95888e-10-9.87466e-10-1.16785e-09-7.92688e-10
-6.12628e-11 7.66906e-10 1.47002e-09 1.93013e-09 2.12980e-09 2.08612e-09
 1.77897e-09 1.13645e-09 9.87861e-11-1.27512e-09-2.73984e-09-3.90992e-09
-4.41911e-09-4.09834e-09-3.05877e-09-1.63583e-09-2.45369e-10 7.55291e-10
 1.14089e-09 8.32345e-10-1.02773e-10-1.43899e-09-2.80315e-09-3.75538e-09
-3.93884e-09-3.23202e-09-1.81420e-09-8.94527e-11 1.50124e-09 2.66742e-09
 3.34074e-09 3.60366e-09 3.55332e-09 3.21401e-09 2.55666e-09 1.59391e-09
 4.62966e-10-5.79332e-10-1.25460e-09-1.39369e-09-1.03277e-09-4.35364e-10
-2.65023e-11 3.55133e-11
     0.0000e+00     0.0000e+00      0  0  0.00
     512   1.00000  0.0000e+00
-2.03766e-10 3.06875e-10 8.12948e-10 1.27336e-09 1.66424e-09 1.98093e-09
 2.23163e-09 2.43040e-09 2.59199e-09 2.72746e-09 2.84124e-09 2.93039e-09
 2.98445e-09 2.98440e-09 2.90573e-09 2.73279e-09 2.48228e-09 2.21781e-09
 2.03490e-09 2.01753e-09 2.19410e-09 2.52290e-09 2.91003e-09 3.24216e-09
 3.41857e-09 3.37773e-09 3.11538e-09 2.68920e-09 2.20563e-09 1.79027e-09
 1.54885e-09 1.52936e-09 1.70007e-09 1.95850e-09 2.17406e-09 2.24302e-09
 2.12045e-09 1.81464e-09 1.36033e-09 7.91622e-10 1.22394e-10-6.63368e-10
-1.60957e-09-2.77608e-09-4.22187e-09-5.98664e-09-8.06870e-09-1.04015e-08
-1.28461e-08-1.52159e-08-1.73314e-08-1.90843e-08-2.05012e-08-2.18058e-08
-2.34667e-08-2.61816e-08-3.07377e-08-3.77153e-08-4.70506e-08-5.75439e-08
-6.64700e-08-6.95304e-08-6.14274e-08-3.72810e-08 5.08576e-09 6.30987e-08
 1.30530e-07 2.00444e-07 2.62140e-07 2.96164e-07 2.83018e-07 2.17950e-07
 1.11739e-07-1.60042e-08-1.39416e-07-2.31315e-07-2.72251e-07-2.57123e-07
-1.97761e-07-1.20416e-07-5.55397e-08-2.29000e-08-2.15398e-08-3.26613e-08
-3.43843e-08-1.76981e-08 8.17397e-09 2.44438e-08 1.91165e-08-1.70399e-09
-1.82429e-08-1.30582e-08 1.67767e-08 5.85782e-08 9.10316e-08 9.67324e-08
 7.46482e-08 4.06153e-08 1.24103e-08-4.52691e-09-1.32061e-08-1.16795e-08
 8.19597e-09 5.07601e-08 1.11056e-07 1.74726e-07 2.19734e-07 2.25007e-07
 1.80689e-07 9.09771e-08-2.65427e-08-1.45987e-07-2.43542e-07-3.03228e-07
-3.18217e-07-2.92835e-07-2.41048e-07-1.79454e-07-1.18698e-07-5.86430e-08
 8.36738e-09 8.70393e-08 1.68159e-07 2.26683e-07 2.34353e-07 1.80581e-07
 8.66037e-08-8.58250e-10-3.80123e-08-1.63006e-08 2.94512e-08 4.93316e-08
 2.24378e-08-2.48249e-08-4.81208e-08-3.28845e-08-6.21602e-09 1.75241e-10
-1.26611e-08-2.06906e-08-1.36478e-08-3.76020e-09-1.34504e-09-1.83601e-09
 4.05423e-10 2.75971e-09 2.86948e-09 3.00187e-09 3.73019e-09 3.27864e-09
 2.18953e-09 1.62181e-09 6.80792e-10-7.91012e-10-1.70024e-09-2.34603e-09
-3.25856e-09-3.74981e-09-3.80568e-09-3.99741e-09-3.96640e-09-3.53011e-09
-3.09644e-09-2.53932e-09-1.78694e-09-1.19513e-09-7.25658e-10-3.16594e-10
-1.42748e-10-7.82295e-11-4.23619e-11-1.13678e-10-1.40433e-10-6.78235e-11
 4.80753e-11 2.99767e-10 6.60960e-10 1.04863e-09 1.45007e-09 1.76864e-09
 1.96029e-09 2.02858e-09 1.94461e-09 1.76994e-09 1.54182e-09 1.25891e-09
 9.88764e-10 7.65358e-10 6.17975e-10 5.97517e-10 6.91316e-10 8.47190e-10
 1.00870e-09 1.15665e-09 1.27571e-09 1.30046e-09 1.19462e-09 9.62173e-10
 6.27218e-10 2.65132e-10-3.84204e-11-2.54790e-10-4.11493e-10-5.17722e-10
-5.47211e-10-5.06955e-10-4.65362e-10-5.25299e-10-7.58445e-10-1.13055e-09
-1.50692e-09-1.77231e-09-1.92743e-09-2.02821e-09-2.08338e-09-2.04539e-09
-1.86539e-09-1.56047e-09-1.23760e-09-1.01745e-09-9.23018e-10-8.58341e-10
-7.03243e-10-4.33359e-10-1.27584e-10 1.44449e-10 3.95450e-10 6.81876e-10
 1.02609e-09 1.36733e-09 1.59547e-09 1.65023e-09 1.56470e-09 1.41652e-09
 1.26219e-09 1.10142e-09 8.98153e-10 6.45443e-10 3.87801e-10 1.73878e-10
 3.76416e-12-1.78589e-10-4.32420e-10-7.52413e-10-1.07259e-09-1.32528e-09
-1.46973e-09-1.49134e-09-1.39990e-09-1.21452e-09-9.54820e-10-6.53538e-10
-3.54349e-10-9.15507e-11 1.23373e-10 3.11722e-10 5.19245e-10 7.78051e-10
 1.08283e-09 1.39878e-09 1.66929e-09 1.82699e-09 1.82478e-09 1.66056e-09
 1.37201e-09 1.01550e-09 6.46935e-10 3.09199e-10 2.45746e-11-2.04596e-10
-3.86033e-10-5.31638e-10-6.51903e-10-7.35232e-10-7.43611e-10-6.44544e-10
-4.28152e-10-1.04968e-10 2.73211e-10 6.16968e-10 8.57553e-10 9.71851e-10
 9.62398e-10 8.69773e-10 7.74148e-10 7.31506e-10 7.42517e-10 7.92474e-10
 8.60844e-10 9.00940e-10 8.59834e-10 6.90083e-10 3.31066e-10-2.57519e-10
-1.03992e-09-1.93221e-09-2.86481e-09-3.77937e-09-4.59278e-09-5.18473e-09
-5.40279e-09-5.10498e-09-4.25289e-09-2.96037e-09-1.42211e-09 1.83585e-10
 1.70979e-09 3.01635e-09 3.96983e-09 4.46368e-09 4.46227e-09 4.03959e-09
 3.34068e-09 2.49333e-09 1.57387e-09 6.50449e-10-1.67191e-10-7.47924e-10
-1.01845e-09-1.01237e-09-8.41348e-10-6.12476e-10-3.56651e-10-5.18303e-11
 2.80434e-10 5.39163e-10 6.08760e-10 4.45398e-10 1.13549e-10-2.65444e-10
-6.10001e-10-9.13198e-10-1.19634e-09-1.44794e-09-1.60697e-09-1.61563e-09
-1.48160e-09-1.26418e-09-1.01710e-09-7.60458e-10-4.84533e-10-1.78260e-10
 1.40196e-10 4.38066e-10 7.05798e-10 9.63059e-10 1.23959e-09 1.55211e-09
 1.88797e-09 2.21842e-09 2.52908e-09 2.82741e-09 3.12366e-09 3.40046e-09
 3.58947e-09 3.59062e-09 3.32724e-09 2.78422e-09 2.01364e-09 1.11971e-09
 2.23220e-10-5.72491e-10-1.19559e-09-1.61883e-09-1.86975e-09-2.01618e-09
-2.13872e-09-2.30388e-09-2.53828e-09-2.82204e-09-3.10665e-09-3.33575e-09
-3.46243e-09-3.46125e-09-3.32598e-09-3.06373e-09-2.69349e-09-2.23697e-09
-1.70772e-09-1.11372e-09-4.64426e-10 2.23067e-10 9.14838e-10 1.55859e-09
 2.09510e-09 2.47404e-09 2.67481e-09 2.72504e-09 2.69334e-09 2.65535e-09
 2.65532e-09 2.68124e-09 2.66985e-09 2.54370e-09 2.25435e-09 1.80741e-09
 1.26222e-09 7.05409e-10 2.10241e-10-1.96114e-10-5.45652e-10-9.14551e-10
-1.37699e-09-1.95264e-09-2.58388e-09-3.15453e-09-3.53907e-09-3.65659e-09
-3.49951e-09-3.12855e-09-2.64663e-09-2.16254e-09-1.75502e-09-1.45238e-09
-1.23473e-09-1.05412e-09-8.63810e-10-6.39024e-10-3.73762e-10-6.27761e-11
 3.08179e-10 7.54480e-10 1.27551e-09 1.84182e-09 2.39471e-09 2.85709e-09
 3.15232e-09 3.23096e-09 3.09941e-09 2.83364e-09 2.56079e-09 2.40821e-09
 2.44571e-09 2.65655e-09 2.95129e-09 3.21116e-09 3.33626e-09 3.27642e-09
 3.03635e-09 2.66077e-09 2.20570e-09 1.70606e-09 1.16049e-09 5.47177e-10
-1.40000e-10-8.65983e-10-1.56561e-09-2.18511e-09-2.71951e-09-3.21641e-09
-3.74686e-09-4.36572e-09-5.08047e-09-5.83410e-09-6.50969e-09-6.96563e-09
-7.09273e-09-6.86226e-09-6.33065e-09-5.59500e-09-4.73495e-09-3.78748e-09
-2.76740e-09-1.70323e-09-6.46510e-10 3.56625e-10 1.30110e-09 2.23281e-09
 3.22742e-09 4.35091e-09 5.61592e-09 6.94747e-09 8.17778e-09 9.09255e-09
 9.52083e-09 9.41299e-09 8.84596e-09 7.95057e-09 6.82204e-09 5.48740e-09
 3.94661e-09 2.23929e-09 4.78198e-10-1.17391e-09-2.56269e-09-3.59377e-09
-4.25269e-09-4.59150e-09-4.68997e-09-4.61333e-09-4.39912e-09-4.08818e-09
-3.77132e-09-3.59479e-09-3.69544e-09-4.10562e-09-4.70651e-09-5.27146e-09
-5.56284e-09-5.40882e-09-4.72687e-09-3.51413e-09-1.83459e-09 1.84020e-10
 2.34177e-09 4.35299e-09 5.85197e-09 6.45794e-09 5.92045e-09 4.30767e-09
 2.14776e-09 5.14318e-10
     0.0000e+00     0.0000e+00      0  0  0.00
     512   1.00000  0.0000e+00
-2.26135e-11-8.24349e-10-1.76853e-09-2.73577e-09-3.58212e-09-4.20257e-09
-4.57767e-09-4.77562e-09-4.91531e-09-5.11419e-09-5.43964e-09-5.86958e-09
-6.26407e-09-6.35483e-09-5.76918e-09-4.11304e-09-1.13486e-09 3.06147e-09
 7.88305e-09 1.23327e-08 1.53030e-08 1.59250e-08 1.38241e-08 9.22416e-09
 2.89382e-09-4.03707e-09-1.03252e-08-1.48600e-08-1.68749e-08-1.61043e-08
-1.28519e-08-7.92178e-09-2.40437e-09 2.63311e-09 6.44256e-09 8.75099e-09
 9.70090e-09 9.63528e-09 8.89404e-09 7.73875e-09 6.38415e-09 5.04349e-09
 3.93093e-09 3.23051e-09 3.05928e-09 3.43257e-09 4.23468e-09 5.21453e-09
 6.03001e-09 6.34402e-09 5.95088e-09 4.89833e-09 3.55230e-09 2.54367e-09
 2.57335e-09 4.11631e-09 7.10628e-09 1.06807e-08 1.30605e-08 1.16759e-08
 3.68329e-09-1.30444e-08-3.85140e-08-6.90678e-08-9.62409e-08-1.07693e-07
-9.29896e-08-5.20665e-08 2.97188e-09 5.63157e-08 9.83803e-08 1.26741e-07
 1.38153e-07 1.24514e-07 8.06281e-08 1.38032e-08-5.53661e-08-1.01472e-07
-1.08120e-07-7.87812e-08-3.55468e-08-5.59478e-09-4.38377e-09-2.60723e-08
-4.75901e-08-4.51979e-08-1.24931e-08 3.42259e-08 6.76529e-08 6.91762e-08
 4.09704e-08 1.66474e-09-2.73161e-08-3.23415e-08-1.20416e-08 2.25679e-08
 5.27772e-08 6.08379e-08 4.34672e-08 2.30604e-08 3.32961e-08 8.68608e-08
 1.67267e-07 2.47893e-07 3.02108e-07 2.96653e-07 1.97679e-07-6.78151e-09
-2.96765e-07-6.20718e-07-8.95377e-07-1.02442e-06-9.32557e-07-5.93435e-07
-5.26588e-08 5.64396e-07 1.08079e-06 1.32590e-06 1.20300e-06 7.41598e-07
 1.03816e-07-4.71513e-07-7.70891e-07-7.08309e-07-3.71967e-07 2.06483e-08
 2.47014e-07 2.12301e-07 2.22941e-09-1.88415e-07-2.09028e-07-6.87294e-08
 8.76218e-08 1.24789e-07 4.40229e-08-3.98184e-08-3.89289e-08 1.84113e-08
 4.93126e-08 2.92050e-08 2.19198e-09 3.53769e-10 7.72117e-09 4.84841e-09
-1.01206e-09-1.14759e-09-1.53617e-09-4.86277e-09-5.51223e-09-3.86407e-09
-4.20595e-09-4.67823e-09-3.27769e-09-2.56542e-09-2.67197e-09-1.62708e-09
-6.18250e-10-4.76302e-10 1.70174e-10 8.91913e-10 8.69805e-10 1.05867e-09
 1.42392e-09 1.34854e-09 1.42313e-09 1.60543e-09 1.42560e-09 1.31657e-09
 1.27010e-09 1.03540e-09 9.66862e-10 9.70890e-10 8.39758e-10 7.85145e-10
 6.84773e-10 4.97088e-10 4.16132e-10 3.25388e-10 2.34257e-10 2.05437e-10
 8.93321e-11-8.31403e-11-2.81706e-10-5.13022e-10-6.54293e-10-7.31212e-10
-7.95854e-10-8.47041e-10-9.40818e-10-1.03039e-09-1.06385e-09-1.05462e-09
-1.02444e-09-1.04212e-09-1.10014e-09-1.12867e-09-1.09336e-09-9.92640e-10
-8.73320e-10-7.40379e-10-5.35256e-10-2.25954e-10 1.37121e-10 4.36595e-10
 6.17064e-10 7.40991e-10 9.10991e-10 1.15155e-09 1.34977e-09 1.36281e-09
 1.18080e-09 9.61475e-10 8.76408e-10 9.18187e-10 8.94943e-10 6.32840e-10
 1.70145e-10-2.78375e-10-5.44479e-10-6.75744e-10-8.72585e-10-1.25463e-09
-1.71642e-09-2.02943e-09-2.06809e-09-1.92862e-09-1.82337e-09-1.85258e-09
-1.90806e-09-1.81042e-09-1.50102e-09-1.09030e-09-7.35954e-10-4.77580e-10
-2.09396e-10 1.83594e-10 6.97684e-10 1.21640e-09 1.61938e-09 1.88542e-09
 2.08576e-09 2.28771e-09 2.48867e-09 2.63042e-09 2.65935e-09 2.57908e-09
 2.44334e-09 2.29909e-09 2.14598e-09 1.94785e-09 1.67871e-09 1.35516e-09
 1.02141e-09 7.09815e-10 4.23258e-10 1.46492e-10-1.37018e-10-4.31400e-10
-7.20013e-10-9.78232e-10-1.19401e-09-1.36468e-09-1.48164e-09-1.52615e-09
-1.47690e-09-1.32563e-09-1.08670e-09-7.94914e-10-5.02491e-10-2.67904e-10
-1.35549e-10-1.26529e-10-2.40492e-10-4.56696e-10-7.34438e-10-1.01088e-09
-1.19824e-09-1.19745e-09-9.33918e-10-3.92460e-10 3.70280e-10 1.23878e-09
 2.07024e-09 2.71722e-09 3.02858e-09 2.87078e-09 2.19013e-09 1.06893e-09
-2.67681e-10-1.50213e-09-2.31211e-09-2.44462e-09-1.74555e-09-1.83195e-10
 2.09012e-09 4.68293e-09 7.00813e-09 8.44205e-09 8.51667e-09 7.04212e-09
 4.11798e-09 8.33331e-11-4.51176e-09-8.91444e-09-1.22609e-08-1.38120e-08
-1.32271e-08-1.06878e-08-6.79088e-09-2.32242e-09 1.92154e-09 5.21694e-09
 6.97211e-09 6.87150e-09 5.07278e-09 2.25241e-09-6.33964e-10-2.74577e-09
-3.64951e-09-3.35443e-09-2.15372e-09-4.73643e-10 1.17319e-09 2.23358e-09
 2.27285e-09 1.21185e-09-5.40449e-10-2.23333e-09-3.13889e-09-2.87981e-09
-1.53859e-09 4.56694e-10 2.54127e-09 4.16450e-09 4.87130e-09 4.40530e-09
 2.83751e-09 6.21730e-10-1.51865e-09-2.87386e-09-3.05812e-09-2.16182e-09
-6.76813e-10 7.41812e-10 1.54195e-09 1.44131e-09 4.75439e-10-1.02448e-09
-2.52082e-09-3.43943e-09-3.38108e-09-2.29895e-09-5.50915e-10 1.23377e-09
 2.42015e-09 2.62905e-09 1.88171e-09 5.75246e-10-6.97983e-10-1.39709e-09
-1.23726e-09-2.85222e-10 1.07967e-09 2.31921e-09 2.94708e-09 2.72886e-09
 1.79032e-09 5.70239e-10-3.65978e-10-5.72416e-10 7.34281e-11 1.31227e-09
 2.62399e-09 3.45829e-09 3.47056e-09 2.66866e-09 1.40084e-09 1.92010e-10
-4.87278e-10-4.23791e-10 2.43568e-10 1.08647e-09 1.58257e-09 1.35315e-09
 3.39824e-10-1.16103e-09-2.63058e-09-3.56680e-09-3.71552e-09-3.18257e-09
-2.37147e-09-1.77963e-09-1.75495e-09-2.32679e-09-3.19417e-09-3.88053e-09
-3.97246e-09-3.32154e-09-2.11648e-09-7.89518e-10 1.99869e-10 5.93095e-10
 4.58350e-10 1.50667e-10 1.19610e-10 6.64979e-10 1.77504e-09 3.12844e-09
 4.25324e-09 4.76389e-09 4.55541e-09 3.85205e-09 3.08302e-09 2.64977e-09
 2.71141e-09 3.10790e-09 3.45631e-09 3.36204e-09 2.63792e-09 1.41499e-09
 7.34907e-11-9.67585e-10-1.47460e-09-1.51417e-09-1.40561e-09-1.53567e-09
-2.13209e-09-3.12365e-09-4.17047e-09-4.85378e-09-4.91723e-09-4.41086e-09
-3.65170e-09-3.03633e-09-2.81795e-09-2.96771e-09-3.19943e-09-3.14948e-09
-2.60287e-09-1.62341e-09-5.11424e-10 3.76196e-10 8.33900e-10 9.27462e-10
 9.51676e-10 1.23575e-09 1.91659e-09 2.83975e-09 3.65603e-09 4.04324e-09
 3.90942e-09 3.45461e-09 3.05582e-09 3.04542e-09 3.51575e-09 4.26761e-09
 4.93594e-09 5.21110e-09 5.00710e-09 4.46984e-09 3.83659e-09 3.25053e-09
 2.64833e-09 1.79998e-09 4.94669e-10-1.24824e-09-3.10965e-09-4.60830e-09
-5.35312e-09-5.24992e-09-4.54903e-09-3.71455e-09-3.18983e-09-3.20345e-09
-3.73983e-09-4.66945e-09-5.90416e-09-7.43426e-09-9.21636e-09-1.10134e-08
-1.23327e-08-1.25369e-08-1.10939e-08-7.84920e-09-3.16497e-09 2.17418e-09
 7.24442e-09 1.12806e-08 1.38341e-08 1.47660e-08 1.41542e-08 1.22077e-08
 9.25809e-09 5.82050e-09 2.61681e-09 4.30769e-10-1.91538e-10 7.83872e-10
 2.82348e-09 5.03599e-09 6.52569e-09 6.70569e-09 5.43901e-09 2.97983e-09
-2.07298e-10-3.60651e-09-6.68411e-09-8.84270e-09-9.45545e-09-8.06811e-09
-4.68429e-09-1.26563e-09
     0.0000e+00     0.0000e+00      0  0  0.00
     512   1.00000  0.0000e+00
-6.07677e-10-1.83531e-09-3.03360e-09-4.13477e-09-5.11033e-09-5.95801e-09
-6.67576e-09-7.24681e-09-7.64474e-09-7.85335e-09-7.88938e-09-7.80744e-09
-7.67187e-09-7.50848e-09-7.27524e-09-6.88558e-09-6.27908e-09-5.49286e-09
-4.67489e-09-4.01504e-09-3.64103e-09-3.56002e-09-3.67442e-09-3.83234e-09
-3.86839e-09-3.63060e-09-3.01336e-09-2.00119e-09-7.00278e-10 6.68937e-10
 1.82854e-09 2.54335e-09 2.73258e-09 2.52938e-09 2.22993e-09 2.14823e-09
 2.47961e-09 3.25965e-09 4.40251e-09 5.75735e-09 7.15947e-09 8.48089e-09
 9.67599e-09 1.08077e-08 1.20428e-08 1.36073e-08 1.56957e-08 1.83556e-08
 2.14108e-08 2.44815e-08 2.70887e-08 2.87857e-08 2.92883e-08 2.86234e-08
 2.72948e-08 2.63949e-08 2.75391e-08 3.25180e-08 4.26263e-08 5.77307e-08
 7.52663e-08 8.94974e-08 9.15003e-08 7.03960e-08 1.63135e-08-7.51754e-08
-1.99387e-07-3.40665e-07-4.69517e-07-5.44009e-07-5.27696e-07-4.11969e-07
-2.16737e-07 2.25327e-08 2.60407e-07 4.46970e-07 5.41530e-07 5.26162e-07
 4.14250e-07 2.51288e-07 1.00526e-07 1.41822e-08 6.67294e-09 4.92415e-08
 9.08043e-08 9.22552e-08 5.15005e-08 2.03944e-10-2.52958e-08-1.37871e-08
 1.54089e-08 3.23342e-08 1.99166e-08-1.59829e-08-5.39465e-08-7.98339e-08
-1.04549e-07-1.50128e-07-2.16409e-07-2.73812e-07-2.95975e-07-2.86272e-07
-2.62127e-07-2.29524e-07-1.82176e-07-1.05600e-07 1.91851e-08 1.89962e-07
 3.63642e-07 4.73323e-07 4.56278e-07 2.84283e-07-5.61731e-09-3.15067e-07
-5.22895e-07-5.29804e-07-3.00911e-07 1.06407e-07 5.49146e-07 8.46672e-07
 8.58006e-07 5.56135e-07 5.88683e-08-4.13236e-07-6.45773e-07-5.51225e-07
-2.25909e-07 1.04496e-07 2.32099e-07 1.11928e-07-1.10975e-07-2.28345e-07
-1.51168e-07 1.95460e-08 1.10254e-07 5.95837e-08-3.55626e-08-5.73814e-08
-5.82671e-09 3.40450e-08 2.28120e-08-4.32137e-10-1.27475e-09 5.46164e-09
 2.01965e-09-2.20342e-09-1.30293e-10-1.37382e-10-3.41244e-09-2.91167e-09
-5.72368e-10-9.06339e-10-6.60113e-10 1.46847e-09 2.00610e-09 1.77642e-09
 2.84981e-09 3.41084e-09 3.37643e-09 4.39871e-09 5.29147e-09 5.40241e-09
 5.78644e-09 5.79983e-09 5.10271e-09 4.69168e-09 4.26838e-09 3.57968e-09
 3.20554e-09 2.77894e-09 2.15493e-09 1.75423e-09 1.26158e-09 6.49401e-10
 1.75720e-10-4.31571e-10-1.09607e-09-1.64262e-09-2.17693e-09-2.52012e-09
-2.67873e-09-2.82495e-09-2.92634e-09-3.11199e-09-3.38554e-09-3.59558e-09
-3.76942e-09-3.85398e-09-3.83342e-09-3.78161e-09-3.66738e-09-3.48872e-09
-3.24312e-09-2.95800e-09-2.68393e-09-2.36374e-09-1.97466e-09-1.51968e-09
-9.81068e-10-3.90680e-10 2.20712e-10 8.43338e-10 1.47139e-09 2.04072e-09
 2.45219e-09 2.71001e-09 2.92610e-09 3.22792e-09 3.64371e-09 4.04581e-09
 4.24504e-09 4.17144e-09 3.94824e-09 3.74243e-09 3.59211e-09 3.40259e-09
 3.06584e-09 2.58371e-09 2.08735e-09 1.70810e-09 1.41647e-09 1.02961e-09
 4.01644e-10-4.09877e-10-1.18409e-09-1.73711e-09-2.06152e-09-2.28418e-09
-2.52538e-09-2.79494e-09-3.00513e-09-3.08115e-09-3.04090e-09-2.95645e-09
-2.85348e-09-2.66048e-09-2.26896e-09-1.65149e-09-9.10691e-10-2.09000e-10
 3.55122e-10 8.12674e-10 1.26262e-09 1.75787e-09 2.27137e-09 2.74481e-09
 3.13487e-09 3.42059e-09 3.58520e-09 3.60122e-09 3.43943e-09 3.09555e-09
 2.60791e-09 2.04322e-09 1.45886e-09 8.71340e-10 2.54680e-10-4.25761e-10
-1.17429e-09-1.95444e-09-2.69221e-09-3.28549e-09-3.64828e-09-3.76580e-09
-3.69491e-09-3.51614e-09-3.29724e-09-3.08158e-09-2.88280e-09-2.69620e-09
-2.51848e-09-2.33785e-09-2.12075e-09-1.83935e-09-1.49650e-09-1.11592e-09
-7.32894e-10-3.76898e-10-3.38470e-11 3.40142e-10 7.40623e-10 1.08300e-09
 1.25001e-09 1.14353e-09 7.39909e-10 1.56048e-10-3.78284e-10-6.45459e-10
-5.05050e-10 1.20231e-10 1.22997e-09 2.72510e-09 4.42314e-09 6.05083e-09
 7.25649e-09 7.74351e-09 7.41422e-09 6.36028e-09 4.76660e-09 2.85660e-09
 8.72594e-10-9.19572e-10-2.20630e-09-2.68802e-09-2.26002e-09-1.13208e-09
 2.46156e-10 1.35726e-09 1.76676e-09 1.23464e-09-2.30959e-10-2.37951e-09
-4.74585e-09-6.72912e-09-7.77661e-09-7.60530e-09-6.31009e-09-4.27903e-09
-1.99449e-09 1.20997e-10 1.74752e-09 2.65447e-09 2.71602e-09 2.00423e-09
 8.83933e-10-5.75288e-11-2.72466e-10 4.66900e-10 1.95686e-09 3.68272e-09
 5.07593e-09 5.72899e-09 5.47343e-09 4.36224e-09 2.64335e-09 7.46555e-10
-7.96917e-10-1.55368e-09-1.39976e-09-5.91473e-10 3.47944e-10 8.58510e-10
 5.70229e-10-5.78500e-10-2.35465e-09-4.33263e-09-6.03219e-09-7.05854e-09
-7.22036e-09-6.59592e-09-5.52151e-09-4.48629e-09-3.93695e-09-4.05976e-09
-4.66831e-09-5.28259e-09-5.35888e-09-4.53772e-09-2.78952e-09-4.15738e-10
 2.07002e-09 4.12243e-09 5.34530e-09 5.62514e-09 5.17318e-09 4.44332e-09
 3.94380e-09 4.02234e-09 4.72131e-09 5.76593e-09 6.69450e-09 7.07286e-09
 6.68691e-09 5.62622e-09 4.23553e-09 2.95971e-09 2.14350e-09 1.87428e-09
 1.94058e-09 1.92782e-09 1.41323e-09 1.72302e-10-1.70020e-09-3.80815e-09
-5.60399e-09-6.61268e-09-6.63761e-09-5.85396e-09-4.73513e-09-3.83474e-09
-3.52737e-09-3.84061e-09-4.46548e-09-4.93466e-09-4.86635e-09-4.14571e-09
-2.96353e-09-1.70562e-09-7.48177e-10-2.56039e-10-8.68126e-11 1.39538e-10
 8.28634e-10 2.16566e-09 3.97752e-09 5.78942e-09 7.04684e-09 7.38150e-09
 6.78441e-09 5.60305e-09 4.37210e-09 3.56956e-09 3.41125e-09 3.76936e-09
 4.25786e-09 4.45102e-09 4.11356e-09 3.30532e-09 2.30214e-09 1.39540e-09
 7.08482e-10 1.39002e-10-5.58710e-10-1.60826e-09-3.04945e-09-4.66753e-09
-6.06257e-09-6.83461e-09-6.79501e-09-6.09223e-09-5.16819e-09-4.54566e-09
-4.56009e-09-5.19661e-09-6.12123e-09-6.87072e-09-7.07865e-09-6.61738e-09
-5.61111e-09-4.33626e-09-3.05299e-09-1.85527e-09-6.44389e-10 7.48540e-10
 2.37791e-09 4.07672e-09 5.52080e-09 6.42944e-09 6.76141e-09 6.77009e-09
 6.87514e-09 7.42564e-09 8.49393e-09 9.81079e-09 1.08761e-08 1.11981e-08
 1.05459e-08 9.07658e-09 7.24488e-09 5.53007e-09 4.15798e-09 3.02117e-09
 1.83999e-09 4.09318e-10-1.27116e-09-3.05508e-09-4.80879e-09-6.53686e-09
-8.38659e-09-1.05188e-08-1.29136e-08-1.52376e-08-1.68885e-08-1.72433e-08
-1.60003e-08-1.34011e-08-1.01649e-08-7.14480e-09-4.92278e-09-3.60893e-09
-2.94641e-09-2.57787e-09-2.23915e-09-1.76599e-09-9.88890e-10 3.34518e-10
 2.47149e-09 5.56147e-09 9.42473e-09 1.34623e-08 1.67878e-08 1.85958e-08
 1.85617e-08 1.69909e-08 1.46026e-08 1.21146e-08 9.91637e-09 8.01995e-09
 6.24434e-09 4.42922e-09 2.51310e-09 4.69831e-10-1.77719e-09-4.33348e-09
-7.18123e-09-9.99905e-09-1.21054e-08-1.26483e-08-1.10543e-08-7.55909e-09
-3.49030e-09-7.74450e-10
     0.0000e+00     0.0000e+00      0  0  0.00
     512   1.00000  0.0000e+00
 6.40366e-11 8.77198e-10 1.75741e-09 2.62834e-09 3.41262e-09 4.05840e-09
 4.55383e-09 4.91730e-09 5.17079e-09 5.32153e-09 5.36841e-09 5.32139e-09
 5.20709e-09 5.04932e-09 4.84186e-09 4.54102e-09 4.08626e-09 3.43371e-09
 2.58138e-09 1.57480e-09 4.91906e-10-5.85161e-10-1.59586e-09-2.51050e-09
-3.32213e-09-4.03542e-09-4.66439e-09-5.23398e-09-5.76991e-09-6.27531e-09
-6.71367e-09-7.01822e-09-7.12408e-09-6.99703e-09-6.63818e-09-6.06787e-09
-5.30516e-09-4.35461e-09-3.20552e-09-1.84493e-09-2.74957e-10 1.48253e-09
 3.39878e-09 5.44907e-09 7.60100e-09 9.78819e-09 1.19016e-08 1.38148e-08
 1.54228e-08 1.66667e-08 1.75351e-08 1.80618e-08 1.83308e-08 1.84918e-08
 1.87667e-08 1.94177e-08 2.06353e-08 2.23358e-08 2.39218e-08 2.41079e-08
 2.09239e-08 1.20010e-08-4.75821e-09-3.00838e-08-6.19816e-08-9.54404e-08
-1.24973e-07-1.46328e-07-1.52608e-07-1.34096e-07-8.87697e-08-2.68695e-08
 3.74117e-08 9.09085e-08 1.21278e-07 1.20374e-07 8.84083e-08 3.55366e-08
-2.02083e-08-6.00999e-08-7.28768e-08-5.88654e-08-2.84635e-08 4.71416e-09
 3.19539e-08 5.26577e-08 7.01001e-08 8.38588e-08 8.70238e-08 7.12107e-08
 3.49385e-08-9.73638e-09-3.77456e-08-2.34666e-08 3.97759e-08 1.28727e-07
 2.01405e-07 2.24328e-07 1.92643e-07 1.30409e-07 7.30480e-08 4.08882e-08
 2.58878e-08 4.68982e-09-4.00183e-08-1.12011e-07-2.05849e-07-3.07295e-07
-3.90352e-07-4.26262e-07-4.00570e-07-3.19944e-07-2.06176e-07-8.50321e-08
 2.35513e-08 1.08964e-07 1.69632e-07 2.11948e-07 2.45354e-07 2.74238e-07
 2.91989e-07 2.82222e-07 2.29155e-07 1.31900e-07 1.29420e-08-8.74270e-08
-1.31823e-07-1.10471e-07-5.13046e-08-3.55940e-09-2.09916e-09-3.95423e-08
-7.38869e-08-6.93079e-08-3.13899e-08 1.84470e-09 4.59336e-09-1.00920e-08
-1.38158e-08-1.16389e-09 1.00629e-08 9.77454e-09 6.43239e-09 7.45749e-09
 8.74803e-09 6.86988e-09 5.14183e-09 4.80372e-09 3.30277e-09 1.13211e-09
 3.49318e-10-1.47602e-10-1.38133e-09-2.09859e-09-2.33008e-09-3.05551e-09
-3.58998e-09-3.54507e-09-3.67938e-09-3.76474e-09-3.41893e-09-3.19329e-09
-3.04958e-09-2.65384e-09-2.33523e-09-2.06906e-09-1.64191e-09-1.31704e-09
-1.02892e-09-5.95698e-10-2.30640e-10 1.18039e-10 5.75845e-10 1.00470e-09
 1.42561e-09 1.79926e-09 1.99065e-09 2.09408e-09 2.14289e-09 2.13343e-09
 2.15609e-09 2.17581e-09 2.17787e-09 2.16203e-09 2.03570e-09 1.81785e-09
 1.54331e-09 1.20122e-09 8.51648e-10 5.33370e-10 2.57138e-10 2.20687e-11
-1.72988e-10-2.95051e-10-3.74526e-10-4.67612e-10-5.85378e-10-7.20180e-10
-8.17616e-10-8.24449e-10-7.52583e-10-6.49951e-10-5.37505e-10-3.97373e-10
-2.37799e-10-9.63723e-11-5.07668e-12 1.84620e-11-3.70527e-12-3.18078e-12
 7.52975e-11 1.96954e-10 2.66123e-10 2.28970e-10 1.12201e-10-1.42999e-11
-1.10638e-10-2.09868e-10-3.55453e-10-5.15785e-10-6.11131e-10-5.99752e-10
-5.16987e-10-4.44977e-10-4.30580e-10-4.42250e-10-4.11191e-10-2.82454e-10
-5.01502e-11 2.33476e-10 5.14505e-10 7.86111e-10 1.05919e-09 1.31821e-09
 1.51743e-09 1.62105e-09 1.64904e-09 1.65273e-09 1.65097e-09 1.61853e-09
 1.51158e-09 1.29187e-09 9.47746e-10 4.94890e-10-3.49196e-11-6.00971e-10
-1.16619e-09-1.70345e-09-2.19035e-09-2.61602e-09-2.99130e-09-3.33162e-09
-3.62507e-09-3.83090e-09-3.90888e-09-3.83553e-09-3.59766e-09-3.18939e-09
-2.62492e-09-1.95118e-09-1.22670e-09-4.81145e-10 2.83605e-10 1.06383e-09
 1.84816e-09 2.61295e-09 3.30760e-09 3.86940e-09 4.25103e-09 4.42515e-09
 4.38568e-09 4.15335e-09 3.76568e-09 3.26724e-09 2.71205e-09 2.14409e-09
 1.56488e-09 9.51592e-10 3.01473e-10-3.70523e-10-1.04600e-09-1.68907e-09
-2.26434e-09-2.78056e-09-3.26831e-09-3.72260e-09-4.10205e-09-4.35008e-09
-4.39383e-09-4.16649e-09-3.64166e-09-2.82522e-09-1.75527e-09-5.42945e-10
 6.36672e-10 1.61588e-09 2.27157e-09 2.53262e-09 2.39969e-09 1.93279e-09
 1.21189e-09 3.40992e-10-5.34565e-10-1.26234e-09-1.72399e-09-1.82716e-09
-1.49794e-09-7.14851e-10 4.57248e-10 1.85453e-09 3.23340e-09 4.36124e-09
 5.12013e-09 5.51329e-09 5.59356e-09 5.39308e-09 4.90098e-09 4.11021e-09
 3.07514e-09 1.90775e-09 7.31137e-10-3.68772e-10-1.35498e-09-2.19960e-09
-2.86562e-09-3.33918e-09-3.64316e-09-3.81868e-09-3.89550e-09-3.86383e-09
-3.69169e-09-3.37108e-09-2.93278e-09-2.43342e-09-1.92105e-09-1.39843e-09
-8.41477e-10-2.47540e-10 3.50350e-10 8.97863e-10 1.35077e-09 1.70413e-09
 1.97847e-09 2.18796e-09 2.33912e-09 2.44532e-09 2.52817e-09 2.59926e-09
 2.63634e-09 2.58888e-09 2.41944e-09 2.13873e-09 1.79965e-09 1.46251e-09
 1.16555e-09 9.12614e-10 6.74013e-10 3.95062e-10 1.07262e-11-5.22809e-10
-1.19220e-09-1.92688e-09-2.63199e-09-3.22092e-09-3.63734e-09-3.86014e-09
-3.89220e-09-3.75365e-09-3.47873e-09-3.10649e-09-2.67532e-09-2.21967e-09
-1.76540e-09-1.33241e-09-9.38029e-10-5.91976e-10-2.93063e-10-3.33595e-11
 1.93881e-10 3.91302e-10 5.70691e-10 7.73057e-10 1.06608e-09 1.50788e-09
 2.10146e-09 2.77173e-09 3.38022e-09 3.77324e-09 3.84114e-09 3.55926e-09
 2.99874e-09 2.30339e-09 1.63342e-09 1.10121e-09 7.35729e-10 4.92640e-10
 3.05805e-10 1.48526e-10 5.31537e-11 7.15041e-11 2.12566e-10 4.06134e-10
 5.16511e-10 3.97624e-10-4.01249e-11-7.81031e-10-1.69370e-09-2.56930e-09
-3.20066e-09-3.46792e-09-3.38181e-09-3.05811e-09-2.64477e-09-2.25438e-09
-1.94175e-09-1.72628e-09-1.62408e-09-1.65460e-09-1.81785e-09-2.06887e-09
-2.31309e-09-2.42230e-09-2.26413e-09-1.74409e-09-8.49608e-10 3.29198e-10
 1.62178e-09 2.83831e-09 3.83425e-09 4.53697e-09 4.93056e-09 5.03393e-09
 4.90102e-09 4.63354e-09 4.37222e-09 4.24849e-09 4.31941e-09 4.53021e-09
 4.72892e-09 4.72173e-09 4.34061e-09 3.49996e-09 2.22710e-09 6.53144e-10
-1.03967e-09-2.68859e-09-4.19056e-09-5.48366e-09-6.49853e-09-7.14432e-09
-7.36206e-09-7.20280e-09-6.84839e-09-6.53676e-09-6.43474e-09-6.54259e-09
-6.68639e-09-6.59700e-09-6.03238e-09-4.88895e-09-3.25314e-09-1.36118e-09
 5.20665e-10 2.22538e-09 3.73207e-09 5.09548e-09 6.32688e-09 7.34443e-09
 8.04321e-09 8.41381e-09 8.58725e-09 8.75156e-09 9.00506e-09 9.26285e-09
 9.28152e-09 8.78233e-09 7.60521e-09 5.81911e-09 3.72980e-09 1.76401e-09
 2.77432e-10-5.99573e-10-9.74199e-10-1.06507e-09-1.05816e-09-1.07004e-09
-1.22220e-09-1.70715e-09-2.73773e-09-4.40045e-09-6.54086e-09-8.78563e-09
-1.06900e-08-1.19118e-08-1.23219e-08-1.20143e-08-1.12181e-08-1.01451e-08
-8.85742e-09-7.25333e-09-5.18464e-09-2.60816e-09 3.58403e-10 3.49725e-09
 6.55677e-09 9.21746e-09 1.10095e-08 1.13573e-08 9.86153e-09 6.72643e-09
 3.09715e-09 6.83934e-10
     0.0000e+00     0.0000e+00      0  0  0.00
     512   1.00000  0.0000e+00
 1.63750e-10 5.51061e-10 9.57210e-10 1.39227e-09 1.87201e-09 2.40149e-09
 2.95358e-09 3.45891e-09 3.82321e-09 3.97162e-09 3.89500e-09 3.66336e-09
 3.39133e-09 3.17695e-09 3.05327e-09 2.97898e-09 2.86752e-09 2.63611e-09
 2.24661e-09 1.71568e-09 1.09649e-09 4.56373e-10-1.32602e-10-5.98375e-10
-8.87912e-10-9.99584e-10-1.00280e-09-1.02044e-09-1.17731e-09-1.54356e-09
-2.10471e-09-2.77317e-09-3.43109e-09-3.97430e-09-4.32895e-09-4.44382e-09
-4.29012e-09-3.88448e-09-3.31051e-09-2.70490e-09-2.20716e-09-1.90281e-09
-1.79055e-09-1.78787e-09-1.77192e-09-1.63113e-09-1.29609e-09-7.41727e-10
 1.70088e-11 9.12283e-10 1.80289e-09 2.47811e-09 2.69756e-09 2.25137e-09
 1.03001e-09-8.87353e-10-3.12257e-09-4.90191e-09-5.05213e-09-2.18238e-09
 4.87354e-09 1.63513e-08 3.07186e-08 4.39875e-08 4.96349e-08 4.05654e-08
 1.43051e-08-2.28858e-08-5.91189e-08-8.44129e-08-9.47558e-08-8.95663e-08
-6.77127e-08-3.00844e-08 1.49576e-08 5.31884e-08 7.19442e-08 6.64879e-08
 4.22223e-08 1.19361e-08-1.04189e-08-1.61152e-08-5.52486e-09 1.27458e-08
 2.77709e-08 3.33324e-08 3.14314e-08 2.99438e-08 3.51552e-08 4.51470e-08
 5.05643e-08 4.24601e-08 2.00504e-08-8.55378e-09-3.13450e-08-3.71091e-08
-1.98283e-08 1.40535e-08 4.72251e-08 7.03148e-08 8.60828e-08 8.70617e-08
 5.26675e-08-3.03162e-08-1.61594e-07-3.28641e-07-5.01992e-07-6.33053e-07
-6.60980e-07-5.35734e-07-2.42260e-07 1.90633e-07 6.83008e-07 1.10788e-06
 1.32619e-06 1.23655e-06 8.22671e-07 1.79808e-07-5.02851e-07-1.00358e-06
-1.15565e-06-9.25219e-07-4.36191e-07 7.91121e-08 3.92254e-07 3.98032e-07
 1.68621e-07-9.66419e-08-2.06516e-07-1.08666e-07 8.40226e-08 1.97537e-07
 1.50858e-07 1.87865e-08-5.93285e-08-2.80687e-08 4.13882e-08 5.66203e-08
 1.47033e-08-1.98046e-08-1.55798e-08-1.78911e-09-4.14456e-09-1.07821e-08
-8.55244e-09-5.53473e-09-7.07129e-09-6.08013e-09-2.03797e-09-1.02768e-09
-1.31863e-09 7.08317e-10 2.03569e-09 1.52897e-09 2.11005e-09 2.91275e-09
 2.23365e-09 1.88820e-09 2.03892e-09 1.28724e-09 6.95341e-10 6.83973e-10
 1.57947e-10-3.22356e-10-4.12808e-10-8.92619e-10-1.32057e-09-1.40436e-09
-1.67498e-09-1.78405e-09-1.62628e-09-1.62719e-09-1.51183e-09-1.27352e-09
-1.13786e-09-8.39336e-10-4.81032e-10-2.14262e-10 1.20612e-10 3.87845e-10
 5.97151e-10 8.74774e-10 1.11740e-09 1.40031e-09 1.72830e-09 1.97617e-09
 2.16686e-09 2.24686e-09 2.23647e-09 2.23242e-09 2.19800e-09 2.11446e-09
 1.93544e-09 1.64697e-09 1.32935e-09 1.00219e-09 6.69387e-10 3.03478e-10
-1.28718e-10-5.86488e-10-1.02087e-09-1.39438e-09-1.71843e-09-2.01794e-09
-2.25638e-09-2.37317e-09-2.34007e-09-2.21754e-09-2.10527e-09-2.01960e-09
-1.87292e-09-1.57795e-09-1.16280e-09-7.54489e-10-4.53923e-10-2.33583e-10
 2.36911e-11 3.84122e-10 7.82586e-10 1.07333e-09 1.17338e-09 1.15108e-09
 1.14241e-09 1.20128e-09 1.24734e-09 1.15291e-09 8.92398e-10 5.76268e-10
 3.18752e-10 1.24032e-10-8.69213e-11-3.74024e-10-7.10995e-10-1.01745e-09
-1.24417e-09-1.40524e-09-1.54060e-09-1.66902e-09-1.76703e-09-1.79308e-09
-1.73610e-09-1.62412e-09-1.48913e-09-1.33801e-09-1.15984e-09-9.55684e-10
-7.43499e-10-5.33317e-10-3.18225e-10-9.25862e-11 1.34588e-10 3.50817e-10
 5.53466e-10 7.47139e-10 9.36096e-10 1.11995e-09 1.29363e-09 1.44639e-09
 1.56397e-09 1.64039e-09 1.67975e-09 1.68129e-09 1.63462e-09 1.53965e-09
 1.42480e-09 1.33446e-09 1.30685e-09 1.36553e-09 1.51711e-09 1.75077e-09
 2.03593e-09 2.32171e-09 2.54546e-09 2.64137e-09 2.54920e-09 2.23076e-09
 1.68903e-09 9.78571e-10 1.97693e-10-5.32994e-10-1.09137e-09-1.37629e-09
-1.33759e-09-9.97330e-10-4.54762e-10 1.14802e-10 4.76030e-10 3.82777e-10
-3.44076e-10-1.74634e-09-3.70206e-09-5.94043e-09-8.08015e-09-9.67729e-09
-1.02859e-08-9.55848e-09-7.37229e-09-3.91358e-09 3.32501e-10 4.68102e-09
 8.39151e-09 1.08037e-08 1.14371e-08 1.00834e-08 6.90962e-09 2.49937e-09
-2.24280e-09-6.32448e-09-8.94243e-09-9.66427e-09-8.46578e-09-5.68398e-09
-1.94795e-09 1.90490e-09 4.98725e-09 6.61735e-09 6.55369e-09 5.06609e-09
 2.80227e-09 5.18524e-10-1.17272e-09-1.92125e-09-1.65983e-09-6.06223e-10
 7.59871e-10 1.80047e-09 1.94808e-09 9.78300e-10-8.70810e-10-3.00527e-09
-4.72140e-09-5.46654e-09-4.98997e-09-3.36831e-09-9.79434e-10 1.56980e-09
 3.59728e-09 4.56853e-09 4.31633e-09 3.12711e-09 1.61393e-09 4.52626e-10
 1.25796e-10 7.69862e-10 2.16051e-09 3.80737e-09 5.11169e-09 5.57045e-09
 4.97197e-09 3.48964e-09 1.62249e-09 6.74072e-13-8.63473e-10-7.76666e-10
 6.58338e-11 1.16876e-09 1.93560e-09 1.90492e-09 9.38508e-10-7.22170e-10
-2.55113e-09-3.94639e-09-4.47270e-09-4.03265e-09-2.89716e-09-1.59004e-09
-6.71233e-10-5.05975e-10-1.11780e-09-2.18153e-09-3.16422e-09-3.56493e-09
-3.13848e-09-1.99979e-09-5.70843e-10 6.08772e-10 1.11980e-09 8.41763e-10
 1.84708e-12-9.26354e-10-1.43481e-09-1.21275e-09-2.90768e-10 9.72454e-10
 2.05558e-09 2.51862e-09 2.20957e-09 1.33220e-09 3.46451e-10-2.50210e-10
-1.58052e-10 5.85192e-10 1.62605e-09 2.46693e-09 2.70787e-09 2.24158e-09
 1.30158e-09 3.40160e-10-2.03083e-10-1.26579e-10 4.33933e-10 1.08037e-09
 1.35765e-09 9.87130e-10 1.07149e-11-1.22742e-09-2.25278e-09-2.70119e-09
-2.50464e-09-1.92107e-09-1.38858e-09-1.28703e-09-1.73796e-09-2.54347e-09
-3.29358e-09-3.58567e-09-3.23688e-09-2.37466e-09-1.35940e-09-5.84368e-10
-2.61646e-10-3.10288e-10-4.08271e-10-1.83134e-10 5.62551e-10 1.72583e-09
 2.95596e-09 3.84810e-09 4.16036e-09 3.93597e-09 3.47029e-09 3.13994e-09
 3.18540e-09 3.57097e-09 4.00560e-09 4.11609e-09 3.66898e-09 2.70808e-09
 1.52851e-09 5.02261e-10-1.42686e-10-4.51807e-10-6.97750e-10-1.19157e-09
-2.07679e-09-3.23162e-09-4.33039e-09-5.02507e-09-5.14285e-09-4.78396e-09
-4.25467e-09-3.87009e-09-3.75319e-09-3.76639e-09-3.62210e-09-3.09560e-09
-2.19781e-09-1.19416e-09-4.54039e-10-2.22184e-10-4.56658e-10-8.41390e-10
-9.67370e-10-5.61673e-10 3.80230e-10 1.62866e-09 2.88422e-09 3.95917e-09
 4.85017e-09 5.64904e-09 6.36334e-09 6.80109e-09 6.63109e-09 5.59207e-09
 3.71174e-09 1.39089e-09-7.09617e-10-1.93035e-09-1.88852e-09-6.17359e-10
 1.49938e-09 3.93322e-09 6.20260e-09 7.93308e-09 8.79796e-09 8.45485e-09
 6.59197e-09 3.10270e-09-1.71431e-09-7.09117e-09-1.19647e-08-1.53335e-08
-1.66077e-08-1.57672e-08-1.32771e-08-9.84440e-09-6.16180e-09-2.75380e-09
 3.82636e-11 1.99894e-09 3.02234e-09 3.18359e-09 2.81398e-09 2.43955e-09
 2.54252e-09 3.27246e-09 4.30925e-09 5.00125e-09 4.74142e-09 3.40269e-09
 1.59880e-09 3.53601e-10
     0.0000e+00     0.0000e+00      0  0  0.00
     512   1.00000  0.0000e+00
 2.06549e-09 1.54604e-09 8.08599e-10 1.85993e-11-6.14181e-10-9.26833e-10
-8.68983e-10-4.94079e-10 1.02043e-10 8.21617e-10 1.53946e-09 2.04778e-09
 2.05252e-09 1.26368e-09-4.57402e-10-2.97474e-09-5.84978e-09-8.44083e-09
-1.00972e-08-1.03537e-08-9.03836e-09-6.27443e-09-2.42031e-09 2.00274e-09
 6.38022e-09 1.00925e-08 1.26349e-08 1.37361e-08 1.34072e-08 1.18923e-08
 9.56165e-09 6.81915e-09 4.04225e-09 1.52880e-09-5.53996e-10-2.18476e-09
-3.45896e-09-4.54382e-09-5.63035e-09-6.87532e-09-8.34971e-09-1.00355e-08
-1.18782e-08-1.38342e-08-1.58516e-08-1.78041e-08-1.94704e-08-2.06106e-08
-2.10830e-08-2.08989e-08-2.01737e-08-1.90267e-08-1.75224e-08-1.57148e-08
-1.37761e-08-1.21049e-08-1.12879e-08-1.18488e-08-1.38291e-08-1.63126e-08
-1.70368e-08-1.22797e-08 2.69089e-09 3.23218e-08 7.85183e-08 1.38221e-07
 2.02729e-07 2.57946e-07 2.83528e-07 2.58327e-07 1.76311e-07 5.38043e-08
-8.19738e-08-2.02482e-07-2.79366e-07-2.91647e-07-2.35765e-07-1.29502e-07
-8.20068e-09 8.75239e-08 1.27665e-07 1.04141e-07 3.25329e-08-5.73082e-08
-1.36643e-07-1.89503e-07-2.12518e-07-2.04349e-07-1.57867e-07-6.47448e-08
 6.95884e-08 2.09173e-07 2.87217e-07 2.39510e-07 5.72726e-08-1.87225e-07
-3.77093e-07-4.24018e-07-3.16445e-07-1.18860e-07 6.92947e-08 1.79748e-07
 2.16519e-07 2.30387e-07 2.59992e-07 3.05678e-07 3.46595e-07 3.51656e-07
 2.77586e-07 9.86258e-08-1.51453e-07-3.81181e-07-4.83831e-07-3.90755e-07
-1.11214e-07 2.64362e-07 5.94484e-07 7.35192e-07 5.99471e-07 2.06915e-07
-3.05660e-07-7.30458e-07-8.82630e-07-6.98331e-07-2.79884e-07 1.49376e-07
 3.69627e-07 2.99617e-07 4.88090e-08-1.63345e-07-1.74919e-07-7.82419e-09
 1.63837e-07 1.85618e-07 6.94046e-08-3.95400e-08-3.72835e-08 3.23784e-08
 6.29764e-08 2.94509e-08-6.13731e-09-5.12113e-09 5.63640e-09 5.45703e-10
-6.81861e-09-4.37779e-09-2.75408e-09-5.75630e-09-4.55001e-09-6.83106e-10
-1.05100e-09-1.94949e-09 7.10979e-11 8.20034e-10 3.74103e-10 1.99506e-09
 3.37721e-09 3.11004e-09 3.57596e-09 3.97880e-09 3.06576e-09 2.64600e-09
 2.58382e-09 1.81203e-09 1.44868e-09 1.38255e-09 8.32774e-10 6.26157e-10
 5.83584e-10 1.20545e-10-1.29732e-10-3.74470e-10-9.83783e-10-1.49183e-09
-2.01626e-09-2.46034e-09-2.37316e-09-2.05757e-09-1.64760e-09-1.18141e-09
-1.00306e-09-9.99778e-10-1.08288e-09-1.24547e-09-1.20065e-09-9.67147e-10
-6.21281e-10-1.58245e-10 2.36590e-10 5.13809e-10 6.50579e-10 6.05593e-10
 4.20094e-10 7.89202e-11-2.97251e-10-5.56324e-10-6.81555e-10-6.90088e-10
-6.88027e-10-7.64137e-10-9.18060e-10-1.11988e-09-1.34284e-09-1.58518e-09
-1.77646e-09-1.81007e-09-1.64106e-09-1.30713e-09-9.42858e-10-7.10068e-10
-6.75389e-10-7.33129e-10-6.98208e-10-4.83601e-10-1.44718e-10 2.04758e-10
 5.07792e-10 8.00974e-10 1.11877e-09 1.38987e-09 1.48704e-09 1.36696e-09
 1.13261e-09 9.64674e-10 9.73768e-10 1.11073e-09 1.21556e-09 1.13232e-09
 8.07441e-10 3.17426e-10-2.05911e-10-6.74001e-10-1.06256e-09-1.36376e-09
-1.54754e-09-1.59443e-09-1.55300e-09-1.52104e-09-1.56774e-09-1.67681e-09
-1.74448e-09-1.63924e-09-1.27990e-09-6.73004e-10 9.40740e-11 8.97049e-10
 1.63400e-09 2.25291e-09 2.75104e-09 3.17300e-09 3.59088e-09 4.05525e-09
 4.54949e-09 4.99098e-09 5.27845e-09 5.33089e-09 5.09323e-09 4.54687e-09
 3.74044e-09 2.79408e-09 1.84016e-09 9.45746e-10 9.56881e-11-7.62875e-10
-1.66925e-09-2.60698e-09-3.48492e-09-4.18029e-09-4.61124e-09-4.76140e-09
-4.66419e-09-4.39210e-09-4.03928e-09-3.69162e-09-3.40346e-09-3.16200e-09
-2.85223e-09-2.30619e-09-1.41860e-09-2.02511e-10 1.22186e-09 2.65278e-09
 3.88981e-09 4.83185e-09 5.45742e-09 5.74286e-09 5.65566e-09 5.18408e-09
 4.34506e-09 3.21445e-09 1.95391e-09 7.67535e-10-1.47899e-10-6.08575e-10
-4.94986e-10 1.50924e-10 1.10605e-09 2.02086e-09 2.49067e-09 2.18119e-09
 9.76686e-10-9.66799e-10-3.26813e-09-5.41270e-09-6.90344e-09-7.44437e-09
-7.02486e-09-5.84865e-09-4.20669e-09-2.38888e-09-6.66460e-10 6.57096e-10
 1.23236e-09 8.02389e-10-5.96180e-10-2.55513e-09-4.40983e-09-5.49799e-09
-5.42217e-09-4.17476e-09-2.10334e-09 2.31531e-10 2.23483e-09 3.43157e-09
 3.59818e-09 2.84650e-09 1.58195e-09 3.39348e-10-4.17131e-10-4.43742e-10
 2.35776e-10 1.36722e-09 2.54971e-09 3.35515e-09 3.44200e-09 2.63751e-09
 1.00776e-09-1.11445e-09-3.19574e-09-4.66642e-09-5.14332e-09-4.59409e-09
-3.32640e-09-1.83022e-09-5.87610e-10 7.10693e-11 5.31803e-11-4.52537e-10
-1.01554e-09-1.13751e-09-4.98204e-10 8.69751e-10 2.58269e-09 4.08001e-09
 4.86178e-09 4.68273e-09 3.65423e-09 2.22065e-09 9.97588e-10 5.19448e-10
 1.00718e-09 2.28201e-09 3.86163e-09 5.16302e-09 5.71542e-09 5.31110e-09
 4.05154e-09 2.28763e-09 4.80573e-10-9.67362e-10-1.84717e-09-2.19118e-09
-2.21646e-09-2.19319e-09-2.30624e-09-2.56963e-09-2.82572e-09-2.82416e-09
-2.34041e-09-1.29969e-09 1.25608e-10 1.50924e-09 2.30395e-09 2.08104e-09
 7.63808e-10-1.27966e-09-3.35144e-09-4.69882e-09-4.82061e-09-3.66639e-09
-1.64700e-09 5.45719e-10 2.23932e-09 3.06585e-09 3.08480e-09 2.67577e-09
 2.25894e-09 2.01129e-09 1.76692e-09 1.17019e-09-2.97218e-11-1.74118e-09
-3.49226e-09-4.61153e-09-4.53809e-09-3.11307e-09-7.07582e-10 1.88982e-09
 3.79380e-09 4.40624e-09 3.66015e-09 1.98930e-09 6.34751e-11-1.53216e-09
-2.48980e-09-2.77428e-09-2.49368e-09-1.77308e-09-7.02336e-10 6.47400e-10
 2.16724e-09 3.64566e-09 4.74870e-09 5.09754e-09 4.43255e-09 2.77530e-09
 4.79154e-10-1.87870e-09-3.70365e-09-4.57103e-09-4.32285e-09-3.08459e-09
-1.23978e-09 6.37443e-10 1.92880e-09 2.18925e-09 1.33278e-09-3.33956e-10
-2.25158e-09-3.83094e-09-4.64325e-09-4.51661e-09-3.53735e-09-1.97273e-09
-1.43636e-10 1.68478e-09 3.31769e-09 4.54767e-09 5.07971e-09 4.60110e-09
 3.01718e-09 6.86265e-10-1.58054e-09-2.83865e-09-2.48381e-09-5.85644e-10
 2.12286e-09 4.58045e-09 5.86489e-09 5.56531e-09 3.89812e-09 1.51758e-09
-8.77355e-10-2.89560e-09-4.51689e-09-5.83130e-09-6.71352e-09-6.76965e-09
-5.64772e-09-3.45298e-09-8.85552e-10 1.06389e-09 1.66610e-09 8.70159e-10
-6.85556e-10-2.05723e-09-2.53072e-09-2.00436e-09-1.00799e-09-3.36487e-10
-5.07848e-10-1.40853e-09-2.39847e-09-2.80330e-09-2.38184e-09-1.37365e-09
-1.34394e-10 1.24027e-09 2.92228e-09 5.00519e-09 7.16649e-09 8.67333e-09
 8.75389e-09 7.08035e-09 4.05759e-09 7.35986e-10-1.64227e-09-2.25130e-09
-1.09451e-09 1.05467e-09 3.14828e-09 4.42511e-09 4.62523e-09 3.78513e-09
 1.95658e-09-7.65877e-10-3.93252e-09-6.57340e-09-7.54548e-09-6.27319e-09
-3.37307e-09-8.40302e-10
     0.0000e+00     0.0000e+00      0  0  0.00
     512   1.00000  0.0000e+00
 2.87999e-10 6.56817e-10 1.00861e-09 1.31397e-09 1.55353e-09 1.72402e-09
 1.83923e-09 1.92631e-09 2.01700e-09 2.13309e-09 2.27195e-09 2.40294e-09
 2.48022e-09 2.46436e-09 2.34045e-09 2.12778e-09 1.88058e-09 1.67550e-09
 1.58343e-09 1.63806e-09 1.81999e-09 2.06231e-09 2.26962e-09 2.34343e-09
 2.21270e-09 1.86233e-09 1.34437e-09 7.61557e-10 2.28949e-10-1.69224e-10
-4.10384e-10-5.39214e-10-6.43178e-10-8.08142e-10-1.07913e-09-1.44971e-09
-1.88108e-09-2.33025e-09-2.77108e-09-3.20723e-09-3.67668e-09-4.24171e-09
-4.96483e-09-5.87988e-09-6.97079e-09-8.16720e-09-9.35638e-09-1.04053e-08
-1.11871e-08-1.16098e-08-1.16477e-08-1.13734e-08-1.09854e-08-1.08183e-08
-1.13171e-08-1.29418e-08-1.59819e-08-2.02891e-08-2.49907e-08-2.82823e-08
-2.74413e-08-1.92313e-08-8.52936e-10 2.85451e-08 6.60565e-08 1.04464e-07
 1.36042e-07 1.57989e-07 1.69327e-07 1.63176e-07 1.31213e-07 7.40538e-08
 8.82800e-10-7.48892e-08-1.37044e-07-1.71349e-07-1.71941e-07-1.43689e-07
-1.00808e-07-6.17476e-08-4.05041e-08-3.89881e-08-4.64442e-08-4.77455e-08
-3.57183e-08-1.74508e-08-8.64733e-09-2.12138e-08-5.30780e-08-8.69330e-08
-1.00737e-07-8.23895e-08-3.59917e-08 2.23499e-08 7.21530e-08 9.60334e-08
 8.83386e-08 6.12947e-08 3.87705e-08 3.87406e-08 6.27266e-08 1.03113e-07
 1.54854e-07 2.15191e-07 2.76918e-07 3.28048e-07 3.54695e-07 3.41155e-07
 2.72116e-07 1.39151e-07-5.32899e-08-2.83905e-07-5.13086e-07-6.88354e-07
-7.58843e-07-6.93870e-07-4.97472e-07-2.12705e-07 8.79466e-08 3.25336e-07
 4.41956e-07 4.23951e-07 3.06127e-07 1.55512e-07 3.95168e-08-5.63878e-09
 1.12431e-08 4.86687e-08 6.33953e-08 3.95226e-08-4.82079e-09-3.73989e-08
-4.06995e-08-2.42918e-08-1.08474e-08-1.21141e-08-2.05424e-08-2.27898e-08
-1.59407e-08-7.34170e-09-2.74210e-09-8.64673e-10 1.19607e-09 3.28150e-09
 4.26856e-09 4.52886e-09 4.60737e-09 4.21617e-09 3.36931e-09 2.55493e-09
 1.77619e-09 8.12058e-10-1.59142e-10-1.00019e-09-1.82260e-09-2.55311e-09
-3.04806e-09-3.36498e-09-3.51814e-09-3.45372e-09-3.25819e-09-3.00240e-09
-2.66303e-09-2.28206e-09-1.89614e-09-1.47790e-09-1.05095e-09-6.45931e-10
-2.54679e-10 1.00371e-10 4.03711e-10 6.68622e-10 8.89271e-10 1.06161e-09
 1.17801e-09 1.22091e-09 1.20490e-09 1.14537e-09 1.04632e-09 9.37280e-10
 8.29753e-10 7.03190e-10 5.59603e-10 4.19056e-10 2.90085e-10 1.73661e-10
 7.49430e-11-2.93061e-12-6.12505e-11-8.37836e-11-6.08181e-11-2.33679e-11
 1.33936e-11 8.45771e-11 2.12339e-10 3.72051e-10 5.28442e-10 6.55740e-10
 7.39386e-10 8.02733e-10 8.88621e-10 9.81896e-10 1.01096e-09 9.36337e-10
 7.90574e-10 6.34386e-10 4.96922e-10 3.48810e-10 1.26643e-10-1.89940e-10
-5.32738e-10-8.20432e-10-1.05349e-09-1.28579e-09-1.54183e-09-1.79112e-09
-1.96810e-09-2.02519e-09-1.98449e-09-1.91130e-09-1.83755e-09-1.72513e-09
-1.50766e-09-1.17858e-09-8.08758e-10-4.59472e-10-1.25935e-10 2.32639e-10
 6.39533e-10 1.05898e-09 1.41497e-09 1.66796e-09 1.83881e-09 1.96312e-09
 2.05430e-09 2.08903e-09 2.02387e-09 1.84753e-09 1.59667e-09 1.31372e-09
 1.01193e-09 6.74666e-10 2.86247e-10-1.28963e-10-5.20978e-10-8.61816e-10
-1.14717e-09-1.37692e-09-1.55487e-09-1.67655e-09-1.72298e-09-1.68484e-09
-1.56973e-09-1.39066e-09-1.16456e-09-9.01850e-10-6.00941e-10-2.69182e-10
 7.30655e-11 4.09991e-10 7.28957e-10 1.01412e-09 1.25345e-09 1.43685e-09
 1.54692e-09 1.56259e-09 1.46887e-09 1.26403e-09 9.63768e-10 5.97382e-10
 2.00467e-10-1.90454e-10-5.40039e-10-8.06768e-10-9.48467e-10-9.53270e-10
-8.42837e-10-6.46097e-10-4.05517e-10-1.82275e-10-2.20640e-11 4.73554e-11
-4.60950e-12-1.71793e-10-3.76031e-10-5.14924e-10-5.03788e-10-2.67476e-10
 2.38869e-10 9.94884e-10 1.92327e-09 2.88537e-09 3.65883e-09 3.99256e-09
 3.70925e-09 2.74328e-09 1.13130e-09-9.82081e-10-3.34345e-09-5.61263e-09
-7.39455e-09-8.31030e-09-8.12267e-09-6.82798e-09-4.62953e-09-1.85415e-09
 1.09527e-09 3.77448e-09 5.76219e-09 6.74331e-09 6.60784e-09 5.51685e-09
 3.84413e-09 2.01995e-09 3.99760e-10-7.81098e-10-1.39855e-09-1.44201e-09
-1.03830e-09-4.40035e-10 5.19171e-11 2.13339e-10 8.05753e-12-4.14884e-10
-8.36242e-10-1.06985e-09-1.00538e-09-6.20585e-10 2.41155e-11 7.81709e-10
 1.41958e-09 1.69001e-09 1.44383e-09 7.06736e-10-3.18794e-10-1.34176e-09
-2.10661e-09-2.45859e-09-2.36008e-09-1.89403e-09-1.23241e-09-5.84261e-10
-1.42125e-10-5.26694e-12-1.24973e-10-3.33137e-10-4.20887e-10-2.25860e-10
 2.94072e-10 1.04834e-09 1.85952e-09 2.52139e-09 2.86642e-09 2.82907e-09
 2.46334e-09 1.92097e-09 1.40178e-09 1.07078e-09 9.87924e-10 1.09297e-09
 1.23086e-09 1.21499e-09 9.16120e-10 3.17776e-10-4.82605e-10-1.30694e-09
-1.96582e-09-2.33746e-09-2.40670e-09-2.26287e-09-2.06282e-09-1.95731e-09
-2.02177e-09-2.22832e-09-2.45517e-09-2.53889e-09-2.35622e-09-1.88062e-09
-1.19097e-09-4.43105e-10 1.95753e-10 6.22160e-10 8.34017e-10 9.22977e-10
 1.02938e-09 1.26884e-09 1.67196e-09 2.17117e-09 2.62888e-09 2.89634e-09
 2.88407e-09 2.60220e-09 2.15173e-09 1.67789e-09 1.30244e-09 1.06711e-09
 9.21060e-10 7.53577e-10 4.55692e-10-1.49099e-11-6.06249e-10-1.19771e-09
-1.65556e-09-1.89299e-09-1.91138e-09-1.79669e-09-1.67298e-09-1.64016e-09
-1.72178e-09-1.85189e-09-1.91546e-09-1.81384e-09-1.51612e-09-1.07826e-09
-6.18645e-10-2.56304e-10-5.11832e-11 1.85310e-11 3.71588e-11 1.01781e-10
 2.66055e-10 5.09226e-10 7.47287e-10 8.81326e-10 8.58911e-10 7.09688e-10
 5.29976e-10 4.29296e-10 4.73135e-10 6.51016e-10 8.84745e-10 1.07278e-09
 1.14779e-09 1.11544e-09 1.04892e-09 1.04072e-09 1.14515e-09 1.34685e-09
 1.56827e-09 1.71175e-09 1.71527e-09 1.58605e-09 1.38776e-09 1.19258e-09
 1.03171e-09 8.74314e-10 6.44475e-10 2.64873e-10-2.94996e-10-9.91845e-10
-1.72406e-09-2.38614e-09-2.92368e-09-3.34648e-09-3.69447e-09-3.98758e-09
-4.19517e-09-4.24224e-09-4.04692e-09-3.56947e-09-2.84578e-09-1.98189e-09
-1.10989e-09-3.34381e-10 3.01650e-10 8.19930e-10 1.27965e-09 1.73433e-09
 2.20395e-09 2.68608e-09 3.19391e-09 3.77609e-09 4.48697e-09 5.32527e-09
 6.19056e-09 6.88716e-09 7.17253e-09 6.83053e-09 5.74659e-09 3.95545e-09
 1.63742e-09-9.31297e-10-3.43904e-09-5.58221e-09-7.09409e-09-7.77249e-09
-7.51397e-09-6.35495e-09-4.50318e-09-2.32704e-09-2.79450e-10 1.22506e-09
 1.92373e-09 1.75910e-09 8.67422e-10-4.75111e-10-1.92856e-09-3.16913e-09
-3.94544e-09-4.09832e-09-3.56707e-09-2.40915e-09-8.17796e-10 9.05562e-10
 2.43155e-09 3.49237e-09 3.93731e-09 3.74667e-09 3.02048e-09 1.96437e-09
 8.91727e-10 1.98801e-10
     0.0000e+00     0.0000e+00      0  0  0.00
     512   1.00000  0.0000e+00
-2.61483e-10-2.60452e-10-2.39333e-10-2.13866e-10-2.12184e-10-2.65336e-10
-3.96864e-10-6.15164e-10-9.07322e-10-1.23410e-09-1.52841e-09-1.69848e-09
-1.63590e-09-1.23163e-09-4.07707e-10 8.34219e-10 2.36924e-09 3.94902e-09
 5.26084e-09 6.01651e-09 6.02862e-09 5.25350e-09 3.79938e-09 1.90296e-09
-1.18990e-10-1.93217e-09-3.24907e-09-3.88512e-09-3.79631e-09-3.08725e-09
-1.98308e-09-7.69817e-10 2.81816e-10 9.85010e-10 1.26908e-09 1.16304e-09
 7.50661e-10 1.27908e-10-6.23259e-10-1.44548e-09-2.30580e-09-3.18938e-09
-4.09139e-09-5.00901e-09-5.93345e-09-6.84290e-09-7.69984e-09-8.45185e-09
-9.03466e-09-9.38306e-09-9.45883e-09-9.29294e-09-9.01706e-09-8.85345e-09
-9.05265e-09-9.78547e-09-1.09979e-08-1.22505e-08-1.26008e-08-1.06239e-08
-4.66152e-09 6.65593e-09 2.36354e-08 4.45997e-08 6.51462e-08 7.91385e-08
 8.29638e-08 7.78671e-08 6.45467e-08 4.04360e-08 7.32573e-09-2.62382e-08
-5.22472e-08-6.58373e-08-6.40630e-08-4.71625e-08-1.93225e-08 1.14979e-08
 3.53357e-08 4.50547e-08 4.03251e-08 2.74662e-08 1.55971e-08 1.06560e-08
 1.10433e-08 9.12737e-09-2.05253e-09-2.27307e-08-4.65009e-08-6.57869e-08
-7.67454e-08-8.02259e-08-8.00806e-08-8.08385e-08-8.54737e-08-9.32083e-08
-9.94762e-08-1.00328e-07-9.72850e-08-9.64398e-08-1.01639e-07-1.08132e-07
-1.04501e-07-8.06200e-08-3.03907e-08 5.06577e-08 1.63805e-07 3.02604e-07
 4.49859e-07 5.76671e-07 6.46769e-07 6.26816e-07 4.97833e-07 2.64776e-07
-3.81100e-08-3.50514e-07-6.00310e-07-7.25955e-07-6.98650e-07-5.35060e-07
-2.94014e-07-5.56190e-08 1.10016e-07 1.70684e-07 1.42665e-07 7.72463e-08
 2.97429e-08 2.84057e-08 6.22706e-08 9.58661e-08 9.93991e-08 7.11940e-08
 3.47189e-08 1.43141e-08 1.37557e-08 1.79081e-08 1.27903e-08-1.62058e-10
-1.03678e-08-1.28757e-08-1.17649e-08-1.15161e-08-1.16621e-08-1.04972e-08
-8.57463e-09-6.85091e-09-5.03781e-09-3.03994e-09-1.43855e-09-2.38637e-10
 9.39219e-10 1.92980e-09 2.53116e-09 2.96183e-09 3.26171e-09 3.27576e-09
 3.12681e-09 2.95420e-09 2.70866e-09 2.44097e-09 2.21724e-09 1.96936e-09
 1.70589e-09 1.46413e-09 1.17714e-09 8.51657e-10 5.53905e-10 2.62717e-10
-3.63516e-11-3.23401e-10-5.95738e-10-8.30997e-10-1.03278e-09-1.23069e-09
-1.40344e-09-1.54422e-09-1.68260e-09-1.81500e-09-1.92758e-09-1.99924e-09
-1.99386e-09-1.91250e-09-1.77637e-09-1.58901e-09-1.35718e-09-1.10269e-09
-8.41320e-10-5.61039e-10-2.60389e-10 2.66061e-11 2.96232e-10 5.75725e-10
 8.51922e-10 1.08520e-09 1.26133e-09 1.38935e-09 1.47861e-09 1.52734e-09
 1.50923e-09 1.39155e-09 1.19459e-09 9.80061e-10 7.73161e-10 5.52232e-10
 2.96534e-10 7.79438e-12-2.89963e-10-5.49619e-10-7.32032e-10-8.55127e-10
-9.68726e-10-1.07471e-09-1.12065e-09-1.06702e-09-9.27126e-10-7.53788e-10
-5.85246e-10-3.96174e-10-1.41033e-10 1.68371e-10 4.74444e-10 7.30506e-10
 9.29310e-10 1.09619e-09 1.24227e-09 1.34129e-09 1.36338e-09 1.29635e-09
 1.15409e-09 9.78190e-10 7.87297e-10 5.48224e-10 2.30104e-10-1.49830e-10
-5.37394e-10-8.84518e-10-1.19002e-09-1.47447e-09-1.72437e-09-1.90248e-09
-1.98606e-09-1.97379e-09-1.88085e-09-1.72304e-09-1.50120e-09-1.20912e-09
-8.44372e-10-4.14978e-10 5.14054e-11 5.18148e-10 9.64697e-10 1.38523e-09
 1.76441e-09 2.07599e-09 2.30407e-09 2.44744e-09 2.50674e-09 2.47548e-09
 2.34376e-09 2.11360e-09 1.79621e-09 1.39169e-09 9.01232e-10 3.50074e-10
-2.29319e-10-8.11214e-10-1.36462e-09-1.85562e-09-2.25314e-09-2.52285e-09
-2.63613e-09-2.58340e-09-2.36808e-09-2.00757e-09-1.54884e-09-1.05691e-09
-5.85147e-10-1.79724e-10 1.12442e-10 2.77269e-10 3.49895e-10 3.81572e-10
 4.26689e-10 5.57308e-10 8.35839e-10 1.26936e-09 1.81299e-09 2.38654e-09
 2.86887e-09 3.11710e-09 3.00483e-09 2.43241e-09 1.35414e-09-1.57406e-10
-1.90113e-09-3.60509e-09-4.97012e-09-5.70760e-09-5.60570e-09-4.57506e-09
-2.66786e-09-1.14522e-10 2.67288e-09 5.19864e-09 7.02015e-09 7.82793e-09
 7.48041e-09 6.02469e-09 3.68679e-09 8.46593e-10-2.00252e-09-4.36643e-09
-5.89632e-09-6.46304e-09-6.14922e-09-5.18713e-09-3.87399e-09-2.51697e-09
-1.38719e-09-6.47690e-10-2.99246e-10-1.80498e-10-4.24324e-11 3.14264e-10
 9.49165e-10 1.79021e-09 2.67387e-09 3.39760e-09 3.77502e-09 3.67028e-09
 3.04990e-09 2.03305e-09 8.69248e-10-1.43090e-10-7.65380e-10-9.12729e-10
-6.58479e-10-1.75939e-10 3.13808e-10 6.01039e-10 5.51967e-10 1.49029e-10
-4.91969e-10-1.15400e-09-1.61407e-09-1.73759e-09-1.52257e-09-1.09218e-09
-6.37848e-10-3.40438e-10-3.09720e-10-5.49716e-10-9.50644e-10-1.32449e-09
-1.47974e-09-1.29932e-09-7.91339e-10-8.84212e-11 6.12023e-10 1.12564e-09
 1.34135e-09 1.26194e-09 1.00299e-09 7.38904e-10 6.30182e-10 7.56564e-10
 1.07817e-09 1.45570e-09 1.71476e-09 1.71659e-09 1.41738e-09 8.88009e-10
 2.78800e-10-2.42342e-10-5.54888e-10-6.36962e-10-5.71664e-10-5.02052e-10
-5.59963e-10-7.98921e-10-1.16477e-09-1.52264e-09-1.72000e-09-1.65227e-09
-1.30975e-09-7.86494e-10-2.40881e-10 1.72118e-10 3.65610e-10 3.56663e-10
 2.51653e-10 1.86792e-10 2.59805e-10 4.83648e-10 7.80995e-10 1.02646e-09
 1.11138e-09 9.93543e-10 7.15348e-10 3.84769e-10 1.21984e-10-2.22030e-12
-2.94858e-12 2.76905e-11-2.64489e-11-2.37584e-10-5.91332e-10-9.90334e-10
-1.29785e-09-1.39948e-09-1.25521e-09-9.17143e-10-5.03279e-10-1.38893e-10
 1.04351e-10 2.37908e-10 3.39941e-10 5.02923e-10 7.72884e-10 1.11705e-09
 1.44199e-09 1.64726e-09 1.67854e-09 1.55352e-09 1.34984e-09 1.16082e-09
 1.04167e-09 9.74044e-10 8.71239e-10 6.28559e-10 1.91521e-10-4.04249e-10
-1.04651e-09-1.60067e-09-1.97223e-09-2.14482e-09-2.17441e-09-2.14547e-09
-2.11694e-09-2.08884e-09-2.00634e-09-1.79797e-09-1.42536e-09-9.14758e-10
-3.47451e-10 1.89292e-10 6.56989e-10 1.08295e-09 1.52645e-09 2.02179e-09
 2.53931e-09 2.98645e-09 3.24345e-09 3.21452e-09 2.87362e-09 2.28203e-09
 1.56336e-09 8.47206e-10 2.16056e-10-3.11231e-10-7.53054e-10-1.12170e-09
-1.39987e-09-1.55734e-09-1.59406e-09-1.57009e-09-1.59153e-09-1.76054e-09
-2.12268e-09-2.63887e-09-3.18903e-09-3.60268e-09-3.71165e-09-3.40851e-09
-2.67756e-09-1.58012e-09-2.17782e-10 1.28715e-09 2.77993e-09 4.05532e-09
 4.87153e-09 5.00726e-09 4.33836e-09 2.89759e-09 8.89392e-10-1.34734e-09
-3.41279e-09-4.93185e-09-5.62877e-09-5.37336e-09-4.19100e-09-2.24283e-09
 2.03221e-10 2.79434e-09 5.12450e-09 6.80785e-09 7.58381e-09 7.39381e-09
 6.38025e-09 4.81489e-09 3.00390e-09 1.20999e-09-3.93214e-10-1.72916e-09
-2.78349e-09-3.54122e-09-3.94111e-09-3.88682e-09-3.31431e-09-2.28690e-09
-1.09141e-09-2.52165e-10
