      10
(6e12.5)
     0.0000e+00     0.0000e+00      0  0  0.00
     512   1.00000  0.0000e+00
 2.04385e-07 2.20730e-07 2.32304e-07 2.39028e-07 2.41140e-07 2.39185e-07
 2.33970e-07 2.26494e-07 2.17846e-07 2.09088e-07 2.01114e-07 1.94501e-07
 1.89368e-07 1.85250e-07 1.81001e-07 1.74748e-07 1.63876e-07 1.45090e-07
 1.14562e-07 6.81850e-08 1.87660e-09-8.80286e-08-2.04272e-07-3.48086e-07
-5.18581e-07-7.12148e-07-9.21961e-07-1.13768e-06-1.34547e-06-1.52834e-06
-1.66704e-06-1.74123e-06-1.73118e-06-1.61958e-06-1.39356e-06-1.04661e-06
-5.80408e-07-6.33517e-09 6.53529e-07 1.36611e-06 2.08810e-06 2.76809e-06
 3.35051e-06 3.78050e-06 4.00872e-06 3.99635e-06 3.72102e-06 3.18192e-06
 2.40068e-06 1.42057e-06 3.07744e-07-8.51628e-07-1.96169e-06-2.92701e-06
-3.66054e-06-4.09522e-06-4.19619e-06-3.96853e-06-3.45997e-06-2.75295e-06
-1.94599e-06-1.13368e-06-3.90690e-07 2.38426e-07 7.40705e-07 1.12511e-06
 1.40558e-06 1.58768e-06 1.66653e-06 1.63544e-06 1.49892e-06 1.28078e-06
 1.01993e-06 7.55963e-07 5.14188e-07 3.01174e-07 1.13346e-07-4.95173e-08
-1.78296e-07-2.61177e-07-2.95464e-07-2.91863e-07-2.66641e-07-2.30169e-07
-1.84062e-07-1.28745e-07-7.10039e-08-2.18020e-08 1.23854e-08 3.31513e-08
 4.44589e-08 4.62834e-08 3.63411e-08 1.62256e-08-7.98053e-09-3.13623e-08
-5.30781e-08-7.26879e-08-8.70415e-08-9.30908e-08-9.12803e-08-8.36798e-08
-7.08706e-08-5.32124e-08-3.32469e-08-1.42389e-08 2.13545e-09 1.47816e-08
 2.18806e-08 2.23106e-08 1.66003e-08 5.66610e-09-9.55506e-09-2.72189e-08
-4.49861e-08-6.08877e-08-7.30968e-08-7.99329e-08-8.04017e-08-7.41914e-08
-6.15308e-08-4.32882e-08-2.08638e-08 4.02904e-09 2.95072e-08 5.37087e-08
 7.49897e-08 9.20532e-08 1.04032e-07 1.10526e-07 1.11588e-07 1.07663e-07
 9.94934e-08 8.79962e-08 7.41401e-08 5.88463e-08 4.29198e-08 2.70132e-08
 1.16225e-08-2.89125e-09-1.62628e-08-2.82791e-08-3.87429e-08-4.74550e-08
-5.42195e-08-5.88688e-08-6.13020e-08-6.15206e-08-5.96530e-08-5.59581e-08
-5.08077e-08-4.46469e-08-3.79370e-08-3.10934e-08-2.44341e-08-1.81511e-08
-1.23082e-08-6.86602e-09-1.72692e-09 3.21073e-09 8.00379e-09 1.26321e-08
 1.69923e-08 2.09171e-08 2.42143e-08 2.67130e-08 2.83073e-08 2.89841e-08
 2.88245e-08 2.79790e-08 2.66257e-08 2.49246e-08 2.29813e-08 2.08285e-08
 1.84316e-08 1.57150e-08 1.26011e-08 9.05315e-09 5.10761e-09 8.83484e-10
-3.43585e-09-7.63951e-09-1.15311e-08-1.49644e-08-1.78647e-08-2.02283e-08
-2.20986e-08-2.35282e-08-2.45416e-08-2.51113e-08-2.51533e-08-2.45462e-08
-2.31677e-08-2.09347e-08-1.78347e-08-1.39372e-08-9.38453e-09-4.36488e-09
 9.22331e-10 6.29675e-09 1.16132e-08 1.67586e-08 2.16303e-08 2.61063e-08
 3.00219e-08 3.31641e-08 3.52886e-08 3.61551e-08 3.55694e-08 3.34195e-08
 2.96967e-08 2.44956e-08 1.79956e-08 1.04330e-08 2.07408e-09-6.79900e-09
-1.58876e-08-2.48638e-08-3.33561e-08-4.09454e-08-4.71812e-08-5.16191e-08
-5.38717e-08-5.36600e-08-5.08520e-08-4.54773e-08-3.77189e-08-2.78880e-08
-1.63925e-08-3.71105e-09 9.61990e-09 2.30093e-08 3.58144e-08 4.73557e-08
 5.69502e-08 6.39657e-08 6.78873e-08 6.83809e-08 6.53397e-08 5.89005e-08
 4.94255e-08 3.74575e-08 2.36656e-08 8.79614e-09-6.36328e-09-2.10102e-08
-3.43511e-08-4.56352e-08-5.42068e-08-5.95710e-08-6.14591e-08-5.98725e-08
-5.50947e-08-4.76606e-08-3.82886e-08-2.77931e-08-1.69966e-08-6.65803e-09
 2.57850e-09 1.02139e-08 1.59124e-08 1.95189e-08 2.10763e-08 2.08346e-08
 1.92377e-08 1.68783e-08 1.44207e-08 1.25024e-08 1.16322e-08 1.21101e-08
 1.39895e-08 1.70838e-08 2.10052e-08 2.52211e-08 2.91184e-08 3.20688e-08
 3.34909e-08 3.29100e-08 3.00144e-08 2.47091e-08 1.71513e-08 7.75234e-09
-2.86392e-09-1.39419e-08-2.46955e-08-3.44091e-08-4.25169e-08-4.86474e-08
-5.26272e-08-5.44545e-08-5.42586e-08-5.22583e-08-4.87240e-08-4.39361e-08
-3.81390e-08-3.14966e-08-2.40648e-08-1.57943e-08-6.56910e-09 3.72732e-09
 1.51344e-08 2.75467e-08 4.06751e-08 5.40460e-08 6.70386e-08 7.89442e-08
 8.90292e-08 9.65863e-08 1.00972e-07 1.01637e-07 9.81557e-08 9.02630e-08
 7.78734e-08 6.10911e-08 4.02029e-08 1.56661e-08-1.18981e-08-4.16947e-08
-7.27289e-08-1.03774e-07-1.33358e-07-1.59794e-07-1.81258e-07-1.95932e-07
-2.02160e-07-1.98621e-07-1.84486e-07-1.59545e-07-1.24297e-07-7.99898e-08
-2.86132e-08 2.71788e-08 8.42145e-08 1.39020e-07 1.88081e-07 2.28122e-07
 2.56363e-07 2.70733e-07 2.70025e-07 2.53999e-07 2.23415e-07 1.80018e-07
 1.26445e-07 6.60620e-08 2.71927e-09-5.95416e-08-1.16810e-07-1.65614e-07
-2.03185e-07-2.27642e-07-2.38098e-07-2.34676e-07-2.18443e-07-1.91256e-07
-1.55551e-07-1.14089e-07-6.97015e-08-2.50794e-08 1.73938e-08 5.57357e-08
 8.84086e-08 1.14330e-07 1.32866e-07 1.43816e-07 1.47377e-07 1.44093e-07
 1.34790e-07 1.20495e-07 1.02362e-07 8.16051e-08 5.94272e-08 3.69553e-08
 1.51785e-08-5.09581e-09-2.32590e-08-3.88876e-08-5.17067e-08-6.15494e-08
-6.83314e-08-7.20508e-08-7.28067e-08-7.08165e-08-6.64135e-08-6.00207e-08
-5.21090e-08-4.31541e-08-3.36007e-08-2.38371e-08-1.41792e-08-4.86802e-09
 3.91752e-09 1.20326e-08 1.93319e-08 2.56409e-08 3.07492e-08 3.44331e-08
 3.65016e-08 3.68440e-08 3.54560e-08 3.24354e-08 2.79527e-08 2.22188e-08
 1.54648e-08 7.93627e-09-1.06283e-10-8.38689e-09-1.66171e-08-2.45003e-08
-3.17367e-08-3.80298e-08-4.30980e-08-4.66913e-08-4.86111e-08-4.87214e-08
-4.69446e-08-4.32457e-08-3.76155e-08-3.00709e-08-2.06792e-08-9.59606e-09
 2.90668e-09 1.64421e-08 3.05382e-08 4.46836e-08 5.83726e-08 7.11391e-08
 8.25752e-08 9.23340e-08 1.00121e-07 1.05678e-07 1.08761e-07 1.09136e-07
 1.06586e-07 1.00939e-07 9.21007e-08 8.00921e-08 6.50611e-08 4.72746e-08
 2.70969e-08 4.97453e-09-1.85679e-08-4.29284e-08-6.74404e-08-9.14012e-08
-1.14112e-07-1.34918e-07-1.53232e-07-1.68560e-07-1.80500e-07-1.88743e-07
-1.93049e-07-1.93226e-07-1.89115e-07-1.80597e-07-1.67622e-07-1.50257e-07
-1.28723e-07-1.03413e-07-7.48663e-08-4.37372e-08-1.07471e-08 2.33427e-08
 5.77481e-08 9.16779e-08 1.24355e-07 1.55039e-07 1.83047e-07 2.07752e-07
 2.28588e-07 2.45046e-07 2.56670e-07 2.63049e-07 2.63815e-07 2.58658e-07
 2.47362e-07 2.29863e-07 2.06298e-07 1.77033e-07 1.42663e-07 1.03973e-07
 6.18913e-08 1.74466e-08-2.82531e-08-7.40156e-08-1.18552e-07-1.60476e-07
-1.98314e-07-2.30554e-07-2.55716e-07-2.72447e-07-2.79650e-07-2.76602e-07
-2.63057e-07-2.39323e-07-2.06305e-07-1.65516e-07-1.19036e-07-6.94126e-08
-1.94957e-08 2.77708e-08 6.95718e-08 1.03441e-07 1.27464e-07 1.40455e-07
 1.42102e-07 1.33052e-07 1.14950e-07 9.03908e-08 6.28022e-08 3.62254e-08
 1.50048e-08 3.14217e-09
     0.0000e+00     0.0000e+00      0  0  0.00
     512   1.00000  0.0000e+00
-5.82528e-09-9.05315e-10 3.64756e-09 7.49648e-09 1.03254e-08 1.18671e-08
 1.19366e-08 1.04669e-08 7.54522e-09 3.44310e-09-1.36773e-09-6.21700e-09
-1.02605e-08-1.25300e-08-1.20083e-08-7.71562e-09 1.21048e-09 1.54406e-08
 3.53563e-08 6.09116e-08 9.14840e-08 1.25767e-07 1.61733e-07 1.96647e-07
 2.27129e-07 2.49285e-07 2.58933e-07 2.51957e-07 2.24746e-07 1.74691e-07
 1.00656e-07 3.36752e-09-1.14310e-07-2.47234e-07-3.87991e-07-5.27059e-07
-6.53185e-07-7.53990e-07-8.16841e-07-8.29927e-07-7.83534e-07-6.71692e-07
-4.94322e-07-2.59047e-07 1.85467e-08 3.16321e-07 6.07926e-07 8.66116e-07
 1.06696e-06 1.19294e-06 1.23341e-06 1.18361e-06 1.04450e-06 8.24184e-07
 5.39958e-07 2.18038e-07-1.09724e-07-4.09489e-07-6.48854e-07-8.02928e-07
-8.61780e-07-8.33848e-07-7.43126e-07-6.20775e-07-4.93571e-07-3.75362e-07
-2.66608e-07-1.60768e-07-5.31716e-08 5.23025e-08 1.43187e-07 2.05622e-07
 2.33691e-07 2.33705e-07 2.19861e-07 2.04437e-07 1.90405e-07 1.72583e-07
 1.45936e-07 1.12854e-07 8.21702e-08 6.11571e-08 4.91802e-08 3.97976e-08
 2.85522e-08 1.72373e-08 9.93751e-09 6.46618e-09 1.89637e-09-7.47954e-09
-2.01039e-08-3.23323e-08-4.36915e-08-5.64441e-08-7.07202e-08-8.31640e-08
-9.09731e-08-9.44696e-08-9.43548e-08-8.90202e-08-7.66568e-08-5.80480e-08
-3.51283e-08-8.54414e-09 2.11862e-08 5.17457e-08 8.03128e-08 1.05289e-07
 1.25287e-07 1.38261e-07 1.42842e-07 1.38922e-07 1.26614e-07 1.06280e-07
 7.92704e-08 4.74469e-08 1.26796e-08-2.28880e-08-5.70127e-08-8.77771e-08
-1.13572e-07-1.33131e-07-1.45686e-07-1.50934e-07-1.48987e-07-1.40343e-07
-1.25811e-07-1.06414e-07-8.33241e-08-5.77989e-08-3.11203e-08-4.53810e-09
 2.07887e-08 4.38437e-08 6.37919e-08 8.00079e-08 9.20953e-08 9.98983e-08
 1.03497e-07 1.03184e-07 9.94148e-08 9.27571e-08 8.38278e-08 7.32432e-08
 6.15758e-08 4.93228e-08 3.68867e-08 2.45730e-08 1.26037e-08 1.14255e-09
-9.67560e-09-1.97224e-08-2.88635e-08-3.69591e-08-4.38718e-08-4.94815e-08
-5.37009e-08-5.64877e-08-5.78506e-08-5.78474e-08-5.65741e-08-5.41484e-08
-5.06903e-08-4.63075e-08-4.10894e-08-3.51097e-08-2.84389e-08-2.11613e-08
-1.33939e-08-5.29783e-09 2.92163e-09 1.10285e-08 1.87764e-08 2.59300e-08
 3.22852e-08 3.76845e-08 4.20243e-08 4.52511e-08 4.73472e-08 4.83122e-08
 4.81484e-08 4.68542e-08 4.44289e-08 4.08854e-08 3.62668e-08 3.06617e-08
 2.42137e-08 1.71185e-08 9.60808e-09 1.92646e-09-5.69529e-09-1.30572e-08
-1.99967e-08-2.63829e-08-3.21053e-08-3.70585e-08-4.11304e-08-4.41971e-08
-4.61288e-08-4.68050e-08-4.61388e-08-4.41013e-08-4.07371e-08-3.61622e-08
-3.05466e-08-2.40868e-08-1.69798e-08-9.40905e-09-1.54429e-09 6.44669e-09
 1.43819e-08 2.20530e-08 2.92220e-08 3.56298e-08 4.10144e-08 4.51362e-08
 4.78054e-08 4.89047e-08 4.84014e-08 4.63430e-08 4.28382e-08 3.80311e-08
 3.20802e-08 2.51519e-08 1.74283e-08 9.12336e-09 4.96191e-10-8.14901e-09
-1.64789e-08-2.41603e-08-3.08937e-08-3.64417e-08-4.06451e-08-4.34234e-08
-4.47643e-08-4.47082e-08-4.33346e-08-4.07536e-08-3.71057e-08-3.25621e-08
-2.73221e-08-2.16040e-08-1.56289e-08-9.60249e-09-3.69883e-09 1.94980e-09
 7.25539e-09 1.21708e-08 1.66836e-08 2.08089e-08 2.45828e-08 2.80521e-08
 3.12611e-08 3.42351e-08 3.69643e-08 3.93923e-08 4.14110e-08 4.28624e-08
 4.35477e-08 4.32448e-08 4.17327e-08 3.88223e-08 3.43857e-08 2.83773e-08
 2.08438e-08 1.19255e-08 1.85330e-09-9.05677e-09-2.04095e-08-3.17415e-08
-4.25425e-08-5.22906e-08-6.04980e-08-6.67574e-08-7.07791e-08-7.24122e-08
-7.16462e-08-6.85947e-08-6.34672e-08-5.65355e-08-4.81057e-08-3.84976e-08
-2.80293e-08-1.70051e-08-5.70262e-09 5.64003e-09 1.68353e-08 2.77500e-08
 3.82950e-08 4.83977e-08 5.79658e-08 6.68552e-08 7.48582e-08 8.17142e-08
 8.71368e-08 9.08432e-08 9.25799e-08 9.21390e-08 8.93677e-08 8.41709e-08
 7.65099e-08 6.63993e-08 5.39057e-08 3.91474e-08 2.22921e-08 3.55154e-09
-1.68241e-08-3.85439e-08-6.12574e-08-8.45189e-08-1.07745e-07-1.30185e-07
-1.50910e-07-1.68843e-07-1.82806e-07-1.91598e-07-1.94066e-07-1.89198e-07
-1.76209e-07-1.54630e-07-1.24400e-07-8.59394e-08-4.02051e-08 1.12953e-08
 6.65331e-08 1.23033e-07 1.77980e-07 2.28356e-07 2.71096e-07 3.03255e-07
 3.22218e-07 3.25910e-07 3.13024e-07 2.83218e-07 2.37244e-07 1.77001e-07
 1.05472e-07 2.65612e-08-5.51629e-08-1.34786e-07-2.07412e-07-2.68533e-07
-3.14395e-07-3.42294e-07-3.50795e-07-3.39818e-07-3.10605e-07-2.65560e-07
-2.08003e-07-1.41869e-07-7.13850e-08-7.68264e-10 6.60553e-08 1.25683e-07
 1.75418e-07 2.13380e-07 2.38554e-07 2.50756e-07 2.50548e-07 2.39117e-07
 2.18127e-07 1.89565e-07 1.55578e-07 1.18321e-07 7.98091e-08 4.18092e-08
 5.77515e-09-2.71684e-08-5.62025e-08-8.07711e-08-1.00540e-07-1.15372e-07
-1.25308e-07-1.30554e-07-1.31459e-07-1.28482e-07-1.22154e-07-1.13046e-07
-1.01745e-07-8.88254e-08-7.48222e-08-6.02075e-08-4.53707e-08-3.06149e-08
-1.61703e-08-2.22189e-09 1.10628e-08 2.35166e-08 3.49717e-08 4.52674e-08
 5.42565e-08 6.18030e-08 6.77750e-08 7.20418e-08 7.44827e-08 7.50068e-08
 7.35772e-08 7.02310e-08 6.50896e-08 5.83550e-08 5.02955e-08 4.12219e-08
 3.14598e-08 2.13200e-08 1.10735e-08 9.36347e-10-8.92735e-09-1.83850e-08
-2.73050e-08-3.55306e-08-4.28688e-08-4.90985e-08-5.39933e-08-5.73486e-08
-5.90099e-08-5.88947e-08-5.70048e-08-5.34255e-08-4.83110e-08-4.18632e-08
-3.43090e-08-2.58859e-08-1.68347e-08-7.39758e-09 2.18569e-09 1.16861e-08
 2.08949e-08 2.96262e-08 3.77059e-08 4.49489e-08 5.11375e-08 5.60189e-08
 5.93275e-08 6.08237e-08 6.03349e-08 5.77853e-08 5.32130e-08 4.67768e-08
 3.87530e-08 2.95195e-08 1.95218e-08 9.22793e-09-9.18416e-10-1.05312e-08
-1.92944e-08-2.69570e-08-3.33227e-08-3.82517e-08-4.16762e-08-4.36249e-08
-4.42375e-08-4.37627e-08-4.25413e-08-4.09834e-08-3.95461e-08-3.87113e-08
-3.89536e-08-4.06940e-08-4.42369e-08-4.96988e-08-5.69346e-08-6.54820e-08
-7.45373e-08-8.29788e-08-8.94362e-08-9.23968e-08-9.03325e-08-8.18343e-08
-6.57499e-08-4.13236e-08-8.33610e-09 3.27668e-08 8.07747e-08 1.33662e-07
 1.88601e-07 2.42039e-07 2.89843e-07 3.27521e-07 3.50538e-07 3.54800e-07
 3.37266e-07 2.96602e-07 2.33659e-07 1.51664e-07 5.60762e-08-4.59036e-08
-1.46086e-07-2.36224e-07-3.08986e-07-3.58817e-07-3.82571e-07-3.79804e-07
-3.52684e-07-3.05544e-07-2.44160e-07-1.74912e-07-1.04010e-07-3.69174e-08
 2.19978e-08 6.96488e-08 1.04300e-07 1.25523e-07 1.34051e-07 1.31530e-07
 1.20235e-07 1.02761e-07 8.17535e-08 5.97230e-08 3.89293e-08 2.13271e-08
 8.52209e-09 1.74818e-09
     0.0000e+00     0.0000e+00      0  0  0.00
     512   1.00000  0.0000e+00
-1.97691e-07-2.35531e-07-2.66384e-07-2.86554e-07-2.92454e-07-2.80914e-07
-2.49528e-07-1.96995e-07-1.23440e-07-3.06718e-08 7.76484e-08 1.95963e-07
 3.16929e-07 4.31701e-07 5.30463e-07 6.03415e-07 6.42090e-07 6.40212e-07
 5.94204e-07 5.04392e-07 3.76150e-07 2.19382e-07 4.71269e-08-1.25818e-07
-2.84826e-07-4.17674e-07-5.16200e-07-5.77115e-07-6.01809e-07-5.95001e-07
-5.62722e-07-5.10670e-07-4.43723e-07-3.66576e-07-2.84551e-07-2.03519e-07
-1.28699e-07-6.29895e-08-6.04680e-09 4.49010e-08 9.30580e-08 1.40614e-07
 1.88536e-07 2.36932e-07 2.85643e-07 3.35115e-07 3.86577e-07 4.40417e-07
 4.94133e-07 5.42445e-07 5.79040e-07 5.97417e-07 5.90644e-07 5.51775e-07
 4.75159e-07 3.57712e-07 2.00360e-07 9.38098e-09-2.03418e-07-4.21553e-07
-6.25631e-07-7.96049e-07-9.15648e-07-9.71980e-07-9.59309e-07-8.79530e-07
-7.41548e-07-5.59479e-07-3.50265e-07-1.31497e-07 8.00516e-08 2.69245e-07
 4.23363e-07 5.33300e-07 5.94984e-07 6.10182e-07 5.85748e-07 5.31006e-07
 4.54511e-07 3.62415e-07 2.59684e-07 1.52889e-07 5.12648e-08-3.60134e-08
-1.04037e-07-1.53172e-07-1.85579e-07-2.01670e-07-2.00990e-07-1.85477e-07
-1.59745e-07-1.28156e-07-9.34012e-08-5.79414e-08-2.47478e-08 3.90002e-09
 2.68955e-08 4.34886e-08 5.32135e-08 5.64028e-08 5.38414e-08 4.63347e-08
 3.49856e-08 2.11438e-08 5.97009e-09-9.46311e-09-2.40433e-08-3.69253e-08
-4.75310e-08-5.53527e-08-6.01130e-08-6.17965e-08-6.04652e-08-5.63259e-08
-4.97511e-08-4.11322e-08-3.09134e-08-1.96024e-08-7.66625e-09 4.43157e-09
 1.62305e-08 2.73413e-08 3.74013e-08 4.60806e-08 5.31265e-08 5.83261e-08
 6.15281e-08 6.26662e-08 6.17346e-08 5.88125e-08 5.40592e-08 4.76925e-08
 3.99989e-08 3.13037e-08 2.19534e-08 1.23143e-08 2.73852e-09-6.44467e-09
-1.49385e-08-2.24991e-08-2.89352e-08-3.41119e-08-3.79466e-08-4.04066e-08
-4.15111e-08-4.13164e-08-3.99111e-08-3.74127e-08-3.39581e-08-2.97020e-08
-2.48164e-08-1.94859e-08-1.38979e-08-8.23512e-09-2.67581e-09 2.61229e-09
 7.47903e-09 1.17995e-08 1.54809e-08 1.84641e-08 2.07153e-08 2.22181e-08
 2.29752e-08 2.30119e-08 2.23727e-08 2.11156e-08 1.93074e-08 1.70203e-08
 1.43343e-08 1.13426e-08 8.14920e-09 4.86140e-09 1.57847e-09-1.61208e-09
-4.63003e-09-7.40084e-09-9.86007e-09-1.19577e-08-1.36602e-08-1.49483e-08
-1.58094e-08-1.62349e-08-1.62220e-08-1.57768e-08-1.49160e-08-1.36668e-08
-1.20621e-08-1.01388e-08-7.93970e-09-5.51566e-09-2.92438e-09-2.26360e-10
 2.52041e-09 5.26018e-09 7.93528e-09 1.04849e-08 1.28457e-08 1.49511e-08
 1.67339e-08 1.81288e-08 1.90740e-08 1.95144e-08 1.94065e-08 1.87209e-08
 1.74450e-08 1.55841e-08 1.31593e-08 1.02076e-08 6.78371e-09 2.96054e-09
-1.16990e-09-5.49500e-09-9.88167e-09-1.41801e-08-1.82298e-08-2.18676e-08
-2.49357e-08-2.72895e-08-2.88046e-08-2.93828e-08-2.89566e-08-2.74942e-08
-2.50011e-08-2.15215e-08-1.71409e-08-1.19850e-08-6.21591e-09-2.84888e-11
 6.35684e-09 1.27070e-08 1.87868e-08 2.43648e-08 2.92227e-08 3.31625e-08
 3.60079e-08 3.76091e-08 3.78531e-08 3.66720e-08 3.40482e-08 3.00235e-08
 2.47060e-08 1.82709e-08 1.09612e-08 3.08479e-09-5.00072e-09-1.29115e-08
-2.02602e-08-2.66808e-08-3.18556e-08-3.55415e-08-3.75914e-08-3.79720e-08
-3.67675e-08-3.41649e-08-3.04262e-08-2.58599e-08-2.07894e-08-1.55204e-08
-1.03128e-08-5.35932e-09-7.74153e-10 3.40352e-09 7.19318e-09 1.06530e-08
 1.38607e-08 1.68934e-08 1.98075e-08 2.26192e-08 2.52962e-08 2.77587e-08
 2.98901e-08 3.15512e-08 3.25919e-08 3.28595e-08 3.22114e-08 3.05322e-08
 2.77499e-08 2.38469e-08 1.88625e-08 1.28896e-08 6.07171e-09-1.39866e-09
-9.28517e-09-1.73177e-08-2.52092e-08-3.26736e-08-3.94384e-08-4.52525e-08
-4.98935e-08-5.31738e-08-5.49446e-08-5.50990e-08-5.35727e-08-5.03426e-08
-4.54302e-08-3.89051e-08-3.08882e-08-2.15534e-08-1.11248e-08 1.29643e-10
 1.19051e-08 2.38677e-08 3.56625e-08 4.69213e-08 5.72732e-08 6.63585e-08
 7.38398e-08 7.94107e-08 8.28053e-08 8.38049e-08 8.22480e-08 7.80404e-08
 7.11658e-08 6.16957e-08 4.97983e-08 3.57467e-08 1.99212e-08 2.80774e-09
-1.50109e-08-3.28729e-08-5.00612e-08-6.58349e-08-7.94666e-08-9.02838e-08
-9.77121e-08-1.01318e-07-1.00843e-07-9.62326e-08-8.76489e-08-7.54727e-08
-6.02895e-08-4.28613e-08-2.40852e-08-4.94285e-09 1.35561e-08 3.04313e-08
 4.47893e-08 5.58756e-08 6.31215e-08 6.61814e-08 6.49598e-08 5.96233e-08
 5.05971e-08 3.85423e-08 2.43144e-08 8.90719e-09-6.61468e-09-2.11878e-08
-3.38215e-08-4.36646e-08-5.00641e-08-5.26088e-08-5.11534e-08-4.58221e-08
-3.69926e-08-2.52618e-08-1.13980e-08 3.71889e-09 1.91607e-08 3.40143e-08
 4.74388e-08 5.87137e-08 6.72748e-08 7.27373e-08 7.49037e-08 7.37602e-08
 6.94611e-08 6.23067e-08 5.27159e-08 4.11947e-08 2.83037e-08 1.46263e-08
 7.41218e-10-1.27994e-08-2.54885e-08-3.68779e-08-4.65906e-08-5.43269e-08
-5.98697e-08-6.30887e-08-6.39434e-08-6.24843e-08-5.88479e-08-5.32476e-08
-4.59594e-08-3.73068e-08-2.76454e-08-1.73482e-08-6.79307e-09 3.64861e-09
 1.36211e-08 2.27925e-08 3.08633e-08 3.75765e-08 4.27255e-08 4.61598e-08
 4.77856e-08 4.75667e-08 4.55264e-08 4.17498e-08 3.63838e-08 2.96337e-08
 2.17575e-08 1.30568e-08 3.86391e-09-5.47486e-09-1.46159e-08-2.32318e-08
-3.10205e-08-3.77105e-08-4.30677e-08-4.69025e-08-4.90780e-08-4.95150e-08
-4.81920e-08-4.51454e-08-4.04696e-08-3.43171e-08-2.68972e-08-1.84703e-08
-9.33807e-09 1.69444e-10 9.71346e-09 1.89704e-08 2.76551e-08 3.55354e-08
 4.24352e-08 4.82318e-08 5.28515e-08 5.62652e-08 5.84802e-08 5.95266e-08
 5.94387e-08 5.82358e-08 5.59087e-08 5.24140e-08 4.76787e-08 4.16142e-08
 3.41380e-08 2.51981e-08 1.47961e-08 3.00569e-09-1.00121e-08-2.39969e-08
-3.85839e-08-5.33127e-08-6.76537e-08-8.10459e-08-9.29337e-08-1.02799e-07
-1.10189e-07-1.14738e-07-1.16183e-07-1.14370e-07-1.09266e-07-1.00948e-07
-8.96055e-08-7.55265e-08-5.90794e-08-4.06999e-08-2.08798e-08-1.57238e-10
 2.09002e-08 4.17205e-08 6.17549e-08 8.05007e-08 9.75141e-08 1.12416e-07
 1.24891e-07 1.34688e-07 1.41613e-07 1.45525e-07 1.46331e-07 1.43984e-07
 1.38485e-07 1.29883e-07 1.18275e-07 1.03824e-07 8.67587e-08 6.73703e-08
 4.59940e-08 2.29993e-08-1.19654e-09-2.60992e-08-5.11071e-08-7.54927e-08
-9.84030e-08-1.18883e-07-1.35929e-07-1.48564e-07-1.55938e-07-1.57421e-07
-1.52690e-07-1.41797e-07-1.25181e-07-1.03655e-07-7.83459e-08-5.06348e-08
-2.20798e-08 5.66503e-09 3.09504e-08 5.22467e-08 6.82676e-08 7.80943e-08
 8.12866e-08 7.79705e-08 6.88885e-08 5.54050e-08 3.94569e-08 2.34424e-08
 1.00446e-08 2.17330e-09
     0.0000e+00     0.0000e+00      0  0  0.00
     512   1.00000  0.0000e+00
 9.77195e-08 7.89304e-08 5.27304e-08 1.97332e-08-1.88546e-08-6.12277e-08
-1.05013e-07-1.47349e-07-1.85015e-07-2.14623e-07-2.32846e-07-2.36696e-07
-2.23827e-07-1.92852e-07-1.43736e-07-7.85392e-08-2.26119e-09 7.73271e-08
 1.51410e-07 2.12196e-07 2.53764e-07 2.71725e-07 2.63318e-07 2.28587e-07
 1.71287e-07 9.85004e-08 1.90057e-08-5.90677e-08-1.30161e-07-1.91583e-07
-2.42183e-07-2.80475e-07-3.03480e-07-3.07097e-07-2.87953e-07-2.45463e-07
-1.82423e-07-1.03557e-07-1.31574e-08 8.62491e-08 1.93149e-07 3.05176e-07
 4.17800e-07 5.23928e-07 6.14044e-07 6.76993e-07 7.01726e-07 6.79982e-07
 6.08436e-07 4.87557e-07 3.18871e-07 1.05554e-07-1.44355e-07-4.16940e-07
-6.93935e-07-9.53287e-07-1.16895e-06-1.31313e-06-1.36012e-06-1.29014e-06
-1.09434e-06-7.80062e-07-3.73026e-07 8.35325e-08 5.33247e-07 9.15944e-07
 1.18013e-06 1.29509e-06 1.25889e-06 1.09876e-06 8.61992e-07 6.00168e-07
 3.52738e-07 1.37336e-07-4.83339e-08-2.13953e-07-3.61419e-07-4.77645e-07
-5.41336e-07-5.39640e-07-4.81017e-07-3.91832e-07-2.98069e-07-2.08916e-07
-1.18911e-07-2.51492e-08 6.20070e-08 1.27651e-07 1.67217e-07 1.86927e-07
 1.92093e-07 1.82426e-07 1.58621e-07 1.25936e-07 8.95420e-08 5.19635e-08
 1.59280e-08-1.51683e-08-3.97677e-08-5.77002e-08-6.84696e-08-7.22478e-08
-7.04741e-08-6.44386e-08-5.52236e-08-4.44572e-08-3.35155e-08-2.31369e-08
-1.41127e-08-7.00026e-09-1.77836e-09 1.57727e-09 3.13635e-09 3.28265e-09
 2.30214e-09 3.99334e-10-2.07899e-09-4.92020e-09-7.98720e-09-1.10403e-08
-1.39298e-08-1.65066e-08-1.85200e-08-1.97825e-08-2.00996e-08-1.92682e-08
-1.72098e-08-1.38917e-08-9.35566e-09-3.76926e-09 2.66375e-09 9.67377e-09
 1.69399e-08 2.41492e-08 3.09605e-08 3.70523e-08 4.21513e-08 4.60187e-08
 4.84946e-08 4.94830e-08 4.89455e-08 4.69129e-08 4.34657e-08 3.87486e-08
 3.29557e-08 2.63055e-08 1.90353e-08 1.13827e-08 3.58975e-09-4.10399e-09
-1.14815e-08-1.83581e-08-2.45853e-08-3.00356e-08-3.45974e-08-3.81852e-08
-4.07511e-08-4.22906e-08-4.28271e-08-4.23909e-08-4.10124e-08-3.87381e-08
-3.56511e-08-3.18682e-08-2.75133e-08-2.26917e-08-1.74924e-08-1.20128e-08
-6.37654e-09-7.23813e-10 4.81793e-09 1.01521e-08 1.52016e-08 1.98830e-08
 2.40939e-08 2.77282e-08 3.07037e-08 3.29751e-08 3.45186e-08 3.53102e-08
 3.53205e-08 3.45302e-08 3.29498e-08 3.06226e-08 2.76084e-08 2.39675e-08
 1.97611e-08 1.50638e-08 9.97500e-09 4.61623e-09-8.82473e-10-6.39276e-09
-1.17889e-08-1.69435e-08-2.17240e-08-2.59977e-08-2.96415e-08-3.25499e-08
-3.46370e-08-3.58337e-08-3.60864e-08-3.53617e-08-3.36530e-08-3.09834e-08
-2.74049e-08-2.29968e-08-1.78635e-08-1.21323e-08-5.95252e-09 5.04995e-10
 7.05233e-09 1.34912e-08 1.96197e-08 2.52383e-08 3.01555e-08 3.41958e-08
 3.72073e-08 3.90692e-08 3.96995e-08 3.90612e-08 3.71651e-08 3.40689e-08
 2.98740e-08 2.47186e-08 1.87713e-08 1.22235e-08 5.28112e-09-1.84582e-09
-8.95094e-09-1.58351e-08-2.23054e-08-2.81710e-08-3.32409e-08-3.73283e-08
-4.02566e-08-4.18648e-08-4.20185e-08-4.06289e-08-3.76774e-08-3.32401e-08
-2.75037e-08-2.07628e-08-1.34024e-08-5.87177e-09 1.35300e-09 7.82291e-09
 1.31816e-08 1.72236e-08 1.99278e-08 2.14560e-08 2.21208e-08 2.23351e-08
 2.25509e-08 2.31837e-08 2.45260e-08 2.66740e-08 2.94964e-08 3.26583e-08
 3.56827e-08 3.80268e-08 3.91553e-08 3.86108e-08 3.60838e-08 3.14701e-08
 2.48884e-08 1.66416e-08 7.14328e-09-3.15339e-09-1.37984e-08-2.43617e-08
-3.44433e-08-4.36878e-08-5.17917e-08-5.84933e-08-6.35507e-08-6.67340e-08
-6.78498e-08-6.67904e-08-6.35739e-08-5.83522e-08-5.13851e-08-4.29978e-08
-3.35401e-08-2.33550e-08-1.27476e-08-1.95920e-09 8.84196e-09 1.95419e-08
 3.00374e-08 4.01883e-08 4.97915e-08 5.85872e-08 6.62907e-08 7.26316e-08
 7.73826e-08 8.03748e-08 8.15021e-08 8.07162e-08 7.80102e-08 7.33966e-08
 6.68913e-08 5.85143e-08 4.83145e-08 3.64101e-08 2.30244e-08 8.50407e-09
-6.69089e-09-2.20228e-08-3.69259e-08-5.08555e-08-6.33253e-08-7.39276e-08
-8.23389e-08-8.83152e-08-9.16853e-08-9.23517e-08-9.03062e-08-8.56554e-08
-7.86472e-08-6.96814e-08-5.92937e-08-4.81087e-08-3.67714e-08-2.58745e-08
-1.58955e-08-7.15714e-09 1.85617e-10 6.13789e-09 1.08455e-08 1.45708e-08
 1.76668e-08 2.05461e-08 2.36362e-08 2.73152e-08 3.18326e-08 3.72303e-08
 4.32879e-08 4.95165e-08 5.52098e-08 5.95495e-08 6.17427e-08 6.11646e-08
 5.74757e-08 5.06925e-08 4.12008e-08 2.97160e-08 1.72022e-08 4.76443e-09
-6.47251e-09-1.54859e-08-2.14639e-08-2.38890e-08-2.25882e-08-1.77478e-08
-9.89235e-09 1.74253e-10 1.14605e-08 2.29001e-08 3.34677e-08 4.22767e-08
 4.86432e-08 5.21100e-08 5.24390e-08 4.95863e-08 4.36788e-08 3.49989e-08
 2.39737e-08 1.11600e-08-2.78498e-09-1.71534e-08-3.12503e-08-4.44522e-08
-5.62466e-08-6.62453e-08-7.41745e-08-7.98526e-08-8.31720e-08-8.40948e-08
-8.26641e-08-7.90184e-08-7.33937e-08-6.61019e-08-5.74938e-08-4.79169e-08
-3.76859e-08-2.70736e-08-1.63230e-08-5.66637e-09 4.66423e-09 1.44442e-08
 2.34772e-08 3.16182e-08 3.87858e-08 4.49551e-08 5.01327e-08 5.43263e-08
 5.75296e-08 5.97290e-08 6.09245e-08 6.11486e-08 6.04676e-08 5.89654e-08
 5.67151e-08 5.37556e-08 5.00862e-08 4.56830e-08 4.05295e-08 3.46413e-08
 2.80734e-08 2.09092e-08 1.32415e-08 5.15940e-09-3.25015e-09-1.18861e-08
-2.06150e-08-2.92694e-08-3.76682e-08-4.56468e-08-5.30781e-08-5.98701e-08
-6.59417e-08-7.11848e-08-7.54330e-08-7.84553e-08-7.99778e-08-7.97194e-08
-7.74252e-08-7.28879e-08-6.59694e-08-5.66295e-08-4.49667e-08-3.12580e-08
-1.59805e-08 2.03416e-10 1.65082e-08 3.21229e-08 4.63164e-08 5.85215e-08
 6.83859e-08 7.57897e-08 8.08371e-08 8.38273e-08 8.52119e-08 8.55313e-08
 8.53256e-08 8.50315e-08 8.48968e-08 8.49400e-08 8.49633e-08 8.46018e-08
 8.33835e-08 8.07827e-08 7.62560e-08 6.92665e-08 5.93089e-08 4.59507e-08
 2.88872e-08 7.99394e-09-1.66352e-08-4.46556e-08-7.54358e-08-1.08018e-07
-1.41090e-07-1.72982e-07-2.01732e-07-2.25203e-07-2.41261e-07-2.47961e-07
-2.43712e-07-2.27421e-07-1.98629e-07-1.57629e-07-1.05553e-07-4.44229e-08
 2.28569e-08 9.25807e-08 1.60394e-07 2.21510e-07 2.71013e-07 3.04296e-07
 3.17666e-07 3.09003e-07 2.78288e-07 2.27837e-07 1.62178e-07 8.75744e-08
 1.12590e-08-5.94867e-08-1.18252e-07-1.60280e-07-1.83018e-07-1.86328e-07
-1.72337e-07-1.44936e-07-1.09036e-07-6.97643e-08-3.17771e-08 1.19132e-09
 2.65540e-08 4.29535e-08 5.02554e-08 4.94446e-08 4.23936e-08 3.15153e-08
 1.93592e-08 8.22324e-09-1.74549e-10-4.93442e-09-6.09194e-09-4.59330e-09
-2.13590e-09-4.59879e-10
     0.0000e+00     0.0000e+00      0  0  0.00
     512   1.00000  0.0000e+00
 3.06434e-07 3.60179e-07 4.03073e-07 4.29173e-07 4.32618e-07 4.08134e-07
 3.51585e-07 2.60548e-07 1.34845e-07-2.29817e-08-2.07345e-07-4.09473e-07
-6.17521e-07-8.16975e-07-9.91357e-07-1.12333e-06-1.19629e-06-1.19623e-06
-1.11412e-06-9.48673e-07-7.08258e-07-4.10052e-07-7.76100e-08 2.61644e-07
 5.79742e-07 8.52257e-07 1.06172e-06 1.19967e-06 1.26699e-06 1.27178e-06
 1.22529e-06 1.13791e-06 1.01724e-06 8.68895e-07 6.98951e-07 5.15782e-07
 3.29331e-07 1.48002e-07-2.41843e-08-1.87431e-07-3.43167e-07-4.91185e-07
-6.28768e-07-7.51180e-07-8.53204e-07-9.31216e-07-9.83188e-07-1.00569e-06
-9.92687e-07-9.39541e-07-8.47116e-07-7.20642e-07-5.66776e-07-3.93275e-07
-2.09090e-07-2.33552e-08 1.53801e-07 3.10445e-07 4.35549e-07 5.22350e-07
 5.70771e-07 5.89235e-07 5.92614e-07 5.96503e-07 6.11523e-07 6.38744e-07
 6.67466e-07 6.77440e-07 6.45712e-07 5.56194e-07 4.08386e-07 2.20805e-07
 2.58792e-08-1.42756e-07-2.64515e-07-3.39684e-07-3.85365e-07-4.20773e-07
-4.51574e-07-4.65779e-07-4.45919e-07-3.87952e-07-3.08756e-07-2.32979e-07
-1.72083e-07-1.18960e-07-6.37850e-08-9.85916e-09 3.10649e-08 5.46886e-08
 6.71746e-08 7.39134e-08 7.42813e-08 6.81908e-08 5.95018e-08 5.12685e-08
 4.39698e-08 3.88629e-08 3.78669e-08 4.09299e-08 4.71501e-08 5.63589e-08
 6.76298e-08 7.90411e-08 8.92677e-08 9.71810e-08 1.01215e-07 1.00458e-07
 9.47144e-08 8.38065e-08 6.81590e-08 4.88927e-08 2.71358e-08 4.25732e-09
-1.81165e-08-3.86941e-08-5.63833e-08-7.02618e-08-7.99504e-08-8.54012e-08
-8.68133e-08-8.47905e-08-8.00503e-08-7.33315e-08-6.54454e-08-5.70388e-08
-4.86110e-08-4.05608e-08-3.30737e-08-2.62336e-08-2.00426e-08-1.43849e-08
-9.13696e-09-4.14540e-09 7.50478e-10 5.64118e-09 1.05891e-08 1.55946e-08
 2.05883e-08 2.54700e-08 3.00867e-08 3.42661e-08 3.78281e-08 4.05924e-08
 4.24134e-08 4.31708e-08 4.27865e-08 4.12383e-08 3.85497e-08 3.47981e-08
 3.01046e-08 2.46285e-08 1.85571e-08 1.21001e-08 5.49156e-09-1.02799e-09
-7.23249e-09-1.29253e-08-1.79463e-08-2.21669e-08-2.54838e-08-2.78191e-08
-2.91342e-08-2.94377e-08-2.87786e-08-2.72348e-08-2.49032e-08-2.18960e-08
-1.83435e-08-1.43957e-08-1.02141e-08-5.95277e-09-1.74536e-09 2.29402e-09
 6.06117e-09 9.45731e-09 1.23936e-08 1.47985e-08 1.66232e-08 1.78438e-08
 1.84565e-08 1.84720e-08 1.79144e-08 1.68227e-08 1.52524e-08 1.32696e-08
 1.09435e-08 8.34031e-09 5.52550e-09 2.56994e-09-4.46041e-10-3.43668e-09
-6.32003e-09-9.02250e-09-1.14783e-08-1.36288e-08-1.54220e-08-1.68130e-08
-1.77641e-08-1.82454e-08-1.82334e-08-1.77116e-08-1.66735e-08-1.51258e-08
-1.30906e-08-1.06056e-08-7.72282e-09-4.50542e-09-1.02684e-09 2.63095e-09
 6.37863e-09 1.01172e-08 1.37355e-08 1.71128e-08 2.01265e-08 2.26597e-08
 2.46081e-08 2.58843e-08 2.64196e-08 2.61637e-08 2.50872e-08 2.31849e-08
 2.04752e-08 1.69992e-08 1.28210e-08 8.02843e-09 2.73586e-09-2.91153e-09
-8.73934e-09-1.45537e-08-2.01491e-08-2.53109e-08-2.98196e-08-3.34573e-08
-3.60153e-08-3.73143e-08-3.72307e-08-3.57136e-08-3.27895e-08-2.85638e-08
-2.32179e-08-1.69953e-08-1.01829e-08-3.08597e-09 4.00489e-09 1.08427e-08
 1.72318e-08 2.30237e-08 2.81107e-08 3.24173e-08 3.58876e-08 3.84726e-08
 4.01158e-08 4.07389e-08 4.02421e-08 3.85250e-08 3.55153e-08 3.11955e-08
 2.56267e-08 1.89637e-08 1.14518e-08 3.40706e-09-4.81935e-09-1.28863e-08
-2.05031e-08-2.74506e-08-3.35796e-08-3.87969e-08-4.30477e-08-4.62992e-08
-4.85225e-08-4.96778e-08-4.97038e-08-4.85181e-08-4.60364e-08-4.22054e-08
-3.70329e-08-3.06020e-08-2.30634e-08-1.46123e-08-5.46293e-09 4.16958e-09
 1.40767e-08 2.40560e-08 3.39054e-08 4.34099e-08 5.23211e-08 6.03443e-08
 6.71443e-08 7.23709e-08 7.56983e-08 7.68650e-08 7.57064e-08 7.21697e-08
 6.63129e-08 5.82916e-08 4.83372e-08 3.67370e-08 2.38187e-08 9.94332e-09
-4.49618e-09-1.90704e-08-3.33109e-08-4.67207e-08-5.88064e-08-6.91279e-08
-7.73468e-08-8.32610e-08-8.68170e-08-8.81008e-08-8.73141e-08-8.47411e-08
-8.07136e-08-7.55818e-08-6.96952e-08-6.33915e-08-5.69868e-08-5.07564e-08
-4.49046e-08-3.95237e-08-3.45532e-08-2.97540e-08-2.47085e-08-1.88535e-08
-1.15414e-08-2.12451e-09 9.95140e-09 2.50563e-08 4.32981e-08 6.44632e-08
 8.79748e-08 1.12871e-07 1.37813e-07 1.61131e-07 1.80931e-07 1.95261e-07
 2.02326e-07 2.00719e-07 1.89641e-07 1.69052e-07 1.39735e-07 1.03254e-07
 6.18108e-08 1.80294e-08-2.53049e-08-6.55127e-08-1.00269e-07-1.27804e-07
-1.47042e-07-1.57656e-07-1.60029e-07-1.55154e-07-1.44468e-07-1.29672e-07
-1.12522e-07-9.46574e-08-7.74483e-08-6.19051e-08-4.86459e-08-3.79198e-08
-2.96682e-08-2.36038e-08-1.92904e-08-1.62097e-08-1.38120e-08-1.15555e-08
-8.94643e-09-5.58407e-09-1.20409e-09 4.29372e-09 1.08426e-08 1.82309e-08
 2.61405e-08 3.41895e-08 4.19690e-08 4.90684e-08 5.50891e-08 5.96517e-08
 6.24108e-08 6.30821e-08 6.14828e-08 5.75697e-08 5.14566e-08 4.34048e-08
 3.37884e-08 2.30506e-08 1.16634e-08 1.00322e-10-1.11803e-08-2.17413e-08
-3.11705e-08-3.90917e-08-4.51876e-08-4.92248e-08-5.10698e-08-5.06846e-08
-4.81062e-08-4.34245e-08-3.67761e-08-2.83546e-08-1.84297e-08-7.35764e-09
 4.42443e-09 1.64250e-08 2.81395e-08 3.90945e-08 4.88768e-08 5.71387e-08
 6.35836e-08 6.79476e-08 6.99995e-08 6.95643e-08 6.65554e-08 6.09917e-08
 5.29932e-08 4.27637e-08 3.05724e-08 1.67443e-08 1.65875e-09-1.42501e-08
-3.05013e-08-4.65910e-08-6.20315e-08-7.63972e-08-8.93517e-08-1.00638e-07
-1.10036e-07-1.17310e-07-1.22188e-07-1.24374e-07-1.23580e-07-1.19566e-07
-1.12164e-07-1.01289e-07-8.69568e-08-6.93061e-08-4.86164e-08-2.53206e-08
 1.94866e-12 2.66626e-08 5.39297e-08 8.10979e-08 1.07529e-07 1.32647e-07
 1.55907e-07 1.76762e-07 1.94660e-07 2.09071e-07 2.19511e-07 2.25561e-07
 2.26868e-07 2.23153e-07 2.14234e-07 2.00050e-07 1.80698e-07 1.56449e-07
 1.27742e-07 9.51460e-08 5.93152e-08 2.09521e-08-1.91898e-08-6.02830e-08
-1.01418e-07-1.41628e-07-1.79939e-07-2.15405e-07-2.47131e-07-2.74287e-07
-2.96128e-07-3.12013e-07-3.21441e-07-3.24067e-07-3.19716e-07-3.08365e-07
-2.90118e-07-2.65177e-07-2.33853e-07-1.96606e-07-1.54085e-07-1.07127e-07
-5.67190e-08-3.93693e-09 5.00687e-08 1.04045e-07 1.56603e-07 2.06201e-07
 2.51171e-07 2.89753e-07 3.20169e-07 3.40723e-07 3.49941e-07 3.46744e-07
 3.30633e-07 3.01856e-07 2.61496e-07 2.11441e-07 1.54248e-07 9.29467e-08
 3.08609e-08-2.85676e-08-8.19777e-08-1.26314e-07-1.59055e-07-1.78436e-07
-1.83646e-07-1.75001e-07-1.54062e-07-1.23704e-07-8.80630e-08-5.23440e-08
-2.24488e-08-4.86193e-09
     0.0000e+00     0.0000e+00      0  0  0.00
     512   1.00000  0.0000e+00
 1.83468e-07 1.85717e-07 1.79833e-07 1.64586e-07 1.39166e-07 1.03333e-07
 5.75354e-08 2.99889e-09-5.82362e-08-1.23337e-07-1.88772e-07-2.50474e-07
-3.04087e-07-3.45261e-07-3.70085e-07-3.75761e-07-3.61188e-07-3.26945e-07
-2.75315e-07-2.10877e-07-1.40300e-07-7.09675e-08-9.90004e-09 3.69909e-08
 6.59124e-08 7.58989e-08 6.89339e-08 4.94866e-08 2.34081e-08-3.34389e-09
-2.56196e-08-3.94186e-08-4.16322e-08-2.95738e-08-8.80558e-10 4.59847e-08
 1.10946e-07 1.91933e-07 2.85232e-07 3.86183e-07 4.89743e-07 5.90500e-07
 6.81920e-07 7.55233e-07 7.99111e-07 8.01400e-07 7.52522e-07 6.48266e-07
 4.90510e-07 2.86053e-07 4.44123e-08-2.23319e-07-5.03518e-07-7.79204e-07
-1.03105e-06-1.23933e-06-1.38553e-06-1.45384e-06-1.43330e-06-1.32056e-06
-1.12136e-06-8.49911e-07-5.27153e-07-1.78356e-07 1.69396e-07 4.89928e-07
 7.60758e-07 9.65159e-07 1.09310e-06 1.14132e-06 1.11278e-06 1.01616e-06
 8.65054e-07 6.76847e-07 4.70854e-07 2.65580e-07 7.58943e-08-8.86058e-08
-2.23111e-07-3.25240e-07-3.92758e-07-4.23688e-07-4.18959e-07-3.84680e-07
-3.30725e-07-2.66204e-07-1.96610e-07-1.25623e-07-5.83066e-08-6.38078e-10
 4.37603e-08 7.44871e-08 9.20542e-08 9.67545e-08 8.99422e-08 7.43684e-08
 5.28043e-08 2.76649e-08 1.65692e-09-2.26292e-08-4.34337e-08-5.94650e-08
-6.96797e-08-7.37590e-08-7.19984e-08-6.48916e-08-5.33178e-08-3.85372e-08
-2.17840e-08-4.28643e-09 1.26871e-08 2.81263e-08 4.12809e-08 5.15590e-08
 5.86903e-08 6.26792e-08 6.36731e-08 6.20387e-08 5.82727e-08 5.28711e-08
 4.63757e-08 3.92921e-08 3.20133e-08 2.48705e-08 1.80868e-08 1.17766e-08
 6.00968e-09 7.82247e-10-3.95549e-09-8.25920e-09-1.22102e-08-1.58749e-08
-1.92960e-08-2.25050e-08-2.54895e-08-2.82091e-08-3.06053e-08-3.25906e-08
-3.40728e-08-3.49588e-08-3.51619e-08-3.46138e-08-3.32633e-08-3.10934e-08
-2.81189e-08-2.43814e-08-1.99549e-08-1.49390e-08-9.46010e-09-3.67060e-09
 2.25953e-09 8.15214e-09 1.38299e-08 1.91174e-08 2.38487e-08 2.78770e-08
 3.10784e-08 3.33587e-08 3.46557e-08 3.49385e-08 3.42018e-08 3.24689e-08
 2.97968e-08 2.62765e-08 2.20275e-08 1.71898e-08 1.19162e-08 6.37105e-09
 7.30627e-10-4.82516e-09-1.01236e-08-1.50063e-08-1.93324e-08-2.29779e-08
-2.58365e-08-2.78259e-08-2.88931e-08-2.90176e-08-2.82141e-08-2.65285e-08
-2.40321e-08-2.08208e-08-1.70146e-08-1.27526e-08-8.18748e-09-3.47598e-09
 1.22442e-09 5.75708e-09 9.97125e-09 1.37288e-08 1.69102e-08 1.94203e-08
 2.11925e-08 2.21899e-08 2.24055e-08 2.18610e-08 2.06041e-08 1.87073e-08
 1.62636e-08 1.33818e-08 1.01831e-08 6.79812e-09 3.36116e-09 2.47136e-12
-3.15812e-09-6.01559e-09-8.48386e-09-1.04999e-08-1.20263e-08-1.30508e-08
-1.35821e-08-1.36488e-08-1.32983e-08-1.25938e-08-1.16097e-08-1.04282e-08
-9.13259e-09-7.79963e-09-6.49508e-09-5.26991e-09-4.15722e-09-3.17196e-09
-2.31201e-09-1.55922e-09-8.83274e-10-2.47191e-10 3.90753e-10 1.07698e-09
 1.85871e-09 2.77935e-09 3.87631e-09 5.17581e-09 6.68563e-09 8.39292e-09
 1.02649e-08 1.22450e-08 1.42493e-08 1.61660e-08 1.78562e-08 1.91559e-08
 1.98868e-08 1.98705e-08 1.89431e-08 1.69754e-08 1.38971e-08 9.71644e-09
 4.53212e-09-1.46104e-09-7.97822e-09-1.46638e-08-2.11168e-08-2.69216e-08
-3.16860e-08-3.50791e-08-3.68603e-08-3.69020e-08-3.52036e-08-3.18915e-08
-2.72048e-08-2.14692e-08-1.50590e-08-8.35601e-09-1.71778e-09 4.54427e-09
 1.01802e-08 1.50105e-08 1.89317e-08 2.19141e-08 2.39921e-08 2.52487e-08
 2.57977e-08 2.57674e-08 2.52899e-08 2.44898e-08 2.34723e-08 2.23155e-08
 2.10669e-08 1.97423e-08 1.83282e-08 1.67850e-08 1.50518e-08 1.30573e-08
 1.07311e-08 8.01720e-09 4.88636e-09 1.34180e-09-2.58090e-09-6.81522e-09
-1.12669e-08-1.58175e-08-2.03284e-08-2.46482e-08-2.86218e-08-3.20971e-08
-3.49296e-08-3.69891e-08-3.81681e-08-3.83904e-08-3.76162e-08-3.58432e-08
-3.31048e-08-2.94702e-08-2.50422e-08-1.99535e-08-1.43589e-08-8.42716e-09
-2.33268e-09 3.75212e-09 9.66491e-09 1.52614e-08 2.04192e-08 2.50392e-08
 2.90461e-08 3.23889e-08 3.50424e-08 3.70077e-08 3.83100e-08 3.89947e-08
 3.91229e-08 3.87652e-08 3.79957e-08 3.68866e-08 3.55007e-08 3.38852e-08
 3.20645e-08 3.00340e-08 2.77549e-08 2.51508e-08 2.21104e-08 1.84977e-08
 1.41704e-08 9.00432e-09 2.91921e-09-4.09383e-09-1.19471e-08-2.04380e-08
-2.92450e-08-3.79403e-08-4.60215e-08-5.29578e-08-5.82433e-08-6.14539e-08
-6.22981e-08-6.06550e-08-5.65934e-08-5.03691e-08-4.24005e-08-3.32287e-08
-2.34663e-08-1.37390e-08-4.62663e-09 3.38874e-09 9.95860e-09 1.48844e-08
 1.81156e-08 1.97320e-08 1.99162e-08 1.89183e-08 1.70202e-08 1.45060e-08
 1.16417e-08 8.66527e-09 5.78083e-09 3.15599e-09 9.19664e-10-8.36552e-10
-2.05273e-09-2.69224e-09-2.73502e-09-2.17506e-09-1.02147e-09 6.98802e-10
 2.93785e-09 5.62435e-09 8.66417e-09 1.19457e-08 1.53493e-08 1.87568e-08
 2.20557e-08 2.51397e-08 2.79062e-08 3.02575e-08 3.21022e-08 3.33552e-08
 3.39345e-08 3.37576e-08 3.27416e-08 3.08100e-08 2.79043e-08 2.39963e-08
 1.91006e-08 1.32819e-08 6.65635e-09-6.14057e-10-8.33414e-09-1.62880e-08
-2.42474e-08-3.19766e-08-3.92389e-08-4.58079e-08-5.14813e-08-5.60878e-08
-5.94858e-08-6.15571e-08-6.22033e-08-6.13494e-08-5.89526e-08-5.50156e-08
-4.95964e-08-4.28134e-08-3.48400e-08-2.58897e-08-1.61973e-08-6.00433e-09
 4.44621e-09 1.49093e-08 2.51418e-08 3.49161e-08 4.40363e-08 5.23467e-08
 5.97290e-08 6.60916e-08 7.13635e-08 7.54938e-08 7.84557e-08 8.02481e-08
 8.08927e-08 8.04215e-08 7.88559e-08 7.61801e-08 7.23226e-08 6.71562e-08
 6.05198e-08 5.22504e-08 4.22124e-08 3.03215e-08 1.65668e-08 1.03988e-09
-1.60383e-08-3.43048e-08-5.32670e-08-7.23371e-08-9.08758e-08-1.08235e-07
-1.23797e-07-1.37003e-07-1.47372e-07-1.54513e-07-1.58133e-07-1.58057e-07
-1.54235e-07-1.46741e-07-1.35757e-07-1.21548e-07-1.04457e-07-8.48980e-08
-6.33504e-08-4.03303e-08-1.63569e-08 8.07650e-09 3.25157e-08 5.65444e-08
 7.97772e-08 1.01852e-07 1.22426e-07 1.41178e-07 1.57807e-07 1.72043e-07
 1.83626e-07 1.92303e-07 1.97809e-07 1.99880e-07 1.98273e-07 1.92785e-07
 1.83256e-07 1.69579e-07 1.51719e-07 1.29747e-07 1.03876e-07 7.44933e-08
 4.21674e-08 7.64778e-09-2.81568e-08-6.42079e-08-9.93703e-08-1.32443e-07
-1.62199e-07-1.87437e-07-2.07045e-07-2.20058e-07-2.25710e-07-2.23490e-07
-2.13206e-07-1.95047e-07-1.69632e-07-1.38015e-07-1.01661e-07-6.23923e-08
-2.22941e-08 1.63949e-08 5.14231e-08 8.06863e-08 1.02405e-07 1.15312e-07
 1.18821e-07 1.13152e-07 9.93925e-08 7.95070e-08 5.62746e-08 3.31548e-08
 1.40526e-08 3.00646e-09
     0.0000e+00     0.0000e+00      0  0  0.00
     512   1.00000  0.0000e+00
-9.51316e-09-3.38571e-09 4.62366e-09 1.40917e-08 2.43704e-08 3.46031e-08
 4.37640e-08 5.07210e-08 5.43168e-08 5.34644e-08 4.72500e-08 3.50386e-08
 1.65796e-08-7.89218e-09-3.74529e-08-7.00363e-08-1.02178e-07-1.29730e-07
-1.49234e-07-1.58756e-07-1.57680e-07-1.46261e-07-1.25909e-07-9.95285e-08
-7.08405e-08-4.30931e-08-1.80136e-08 4.63041e-09 2.67184e-08 5.08801e-08
 7.94089e-08 1.13396e-07 1.52456e-07 1.95129e-07 2.39548e-07 2.83802e-07
 3.25716e-07 3.62128e-07 3.88331e-07 3.98477e-07 3.86905e-07 3.49470e-07
 2.84084e-07 1.90622e-07 7.07426e-08-7.24178e-08-2.34815e-07-4.10976e-07
-5.91577e-07-7.62708e-07-9.08749e-07-1.01428e-06-1.06387e-06-1.04321e-06
-9.41592e-07-7.53911e-07-4.82524e-07-1.38903e-07 2.54468e-07 6.63672e-07
 1.04621e-06 1.35537e-06 1.54650e-06 1.58616e-06 1.46093e-06 1.18329e-06
 7.92397e-07 3.47549e-07-8.46741e-08-4.46457e-07-7.02707e-07-8.47192e-07
-8.98045e-07-8.84027e-07-8.28415e-07-7.39495e-07-6.13077e-07-4.45597e-07
-2.47875e-07-4.76719e-08 1.22787e-07 2.45497e-07 3.24581e-07 3.75144e-07
 4.04507e-07 4.06490e-07 3.74540e-07 3.15274e-07 2.44227e-07 1.71530e-07
 9.84628e-08 2.65971e-08-3.80917e-08-9.11873e-08-1.32836e-07-1.63540e-07
-1.82645e-07-1.91301e-07-1.92065e-07-1.86262e-07-1.74890e-07-1.59858e-07
-1.42376e-07-1.22624e-07-1.01174e-07-7.84902e-08-5.43079e-08-2.87183e-08
-2.22064e-09 2.49240e-08 5.20681e-08 7.80684e-08 1.01944e-07 1.22599e-07
 1.38787e-07 1.49684e-07 1.54709e-07 1.53488e-07 1.46230e-07 1.33486e-07
 1.16061e-07 9.51677e-08 7.21103e-08 4.81868e-08 2.47228e-08 2.80609e-09
-1.67029e-08-3.31384e-08-4.61643e-08-5.56623e-08-6.17135e-08-6.46281e-08
-6.48090e-08-6.27578e-08-5.90368e-08-5.41709e-08-4.86671e-08-4.29542e-08
-3.73637e-08-3.21607e-08-2.75078e-08-2.34889e-08-2.01115e-08-1.73074e-08
-1.49796e-08-1.30028e-08-1.12453e-08-9.58182e-09-7.89040e-09-6.07477e-09
-4.06735e-09-1.83838e-09 6.08042e-10 3.24764e-09 6.03301e-09 8.89443e-09
 1.17378e-08 1.44571e-08 1.69565e-08 1.91570e-08 2.09895e-08 2.23831e-08
 2.32708e-08 2.36073e-08 2.33804e-08 2.26063e-08 2.13125e-08 1.95273e-08
 1.72837e-08 1.46345e-08 1.16606e-08 8.45882e-09 5.12149e-09 1.72726e-09
-1.64996e-09-4.92513e-09-8.00083e-09-1.07850e-08-1.32064e-08-1.52129e-08
-1.67614e-08-1.78113e-08-1.83296e-08-1.83018e-08-1.77355e-08-1.66579e-08
-1.51090e-08-1.31385e-08-1.08073e-08-8.19184e-09-5.38351e-09-2.48154e-09
 4.14579e-10 3.20747e-09 5.80142e-09 8.10549e-09 1.00403e-08 1.15418e-08
 1.25620e-08 1.30683e-08 1.30473e-08 1.25077e-08 1.14794e-08 1.00128e-08
 8.17603e-09 6.05336e-09 3.74124e-09 1.34468e-09-1.02577e-09-3.25885e-09
-5.25028e-09-6.90897e-09-8.15953e-09-8.94441e-09-9.22917e-09-9.00759e-09
-8.30291e-09-7.16600e-09-5.67164e-09-3.91325e-09-1.99627e-09-3.03001e-11
 1.87835e-09 3.63281e-09 5.15089e-09 6.36903e-09 7.24317e-09 7.74517e-09
 7.85765e-09 7.57102e-09 6.88200e-09 5.79317e-09 4.31659e-09 2.48163e-09
 3.43477e-10-2.00842e-09-4.44179e-09-6.77691e-09-8.79256e-09-1.02462e-08
-1.09057e-08-1.05880e-08-9.19534e-09-6.74633e-09-3.39861e-09 5.43136e-10
 4.64486e-09 8.39030e-09 1.12511e-08 1.27669e-08 1.26203e-08 1.06906e-08
 7.08501e-09 2.14381e-09-3.58884e-09-9.43427e-09-1.46799e-08-1.86878e-08
-2.09835e-08-2.13088e-08-1.96390e-08-1.61694e-08-1.12761e-08-5.45091e-09
 7.82813e-10 6.95007e-09 1.26757e-08 1.76974e-08 2.18483e-08 2.50296e-08
 2.71896e-08 2.83101e-08 2.83948e-08 2.74619e-08 2.55490e-08 2.27339e-08
 1.91589e-08 1.50334e-08 1.06070e-08 6.12339e-09 1.77480e-09-2.32482e-09
-6.14444e-09-9.72609e-09-1.31626e-08-1.65611e-08-1.99980e-08-2.34775e-08
-2.69157e-08-3.01569e-08-3.30142e-08-3.53130e-08-3.69246e-08-3.77810e-08
-3.78742e-08-3.72403e-08-3.59368e-08-3.40164e-08-3.15146e-08-2.84528e-08
-2.48570e-08-2.07809e-08-1.63204e-08-1.16080e-08-6.78523e-09-1.96027e-09
 2.83627e-09 7.68300e-09 1.27748e-08 1.84010e-08 2.48996e-08 3.25970e-08
 4.17503e-08 5.25027e-08 6.48550e-08 7.86517e-08 9.35736e-08 1.09129e-07
 1.24640e-07 1.39227e-07 1.51801e-07 1.61081e-07 1.65653e-07 1.64070e-07
 1.54985e-07 1.37313e-07 1.10380e-07 7.40627e-08 2.88777e-08-2.39612e-08
-8.25409e-08-1.44291e-07-2.06077e-07-2.64345e-07-3.15339e-07-3.55374e-07
-3.81165e-07-3.90162e-07-3.80849e-07-3.52958e-07-3.07556e-07-2.47001e-07
-1.74751e-07-9.50772e-08-1.26901e-08 6.76462e-08 1.41492e-07 2.05061e-07
 2.55468e-07 2.90895e-07 3.10640e-07 3.15071e-07 3.05495e-07 2.83954e-07
 2.52986e-07 2.15373e-07 1.73893e-07 1.31120e-07 8.92831e-08 5.01858e-08
 1.51859e-08-1.47945e-08-3.92393e-08-5.80040e-08-7.12745e-08-7.95150e-08
-8.33993e-08-8.37249e-08-8.13217e-08-7.69701e-08-7.13441e-08-6.49866e-08
-5.83151e-08-5.16437e-08-4.52036e-08-3.91507e-08-3.35632e-08-2.84393e-08
-2.37076e-08-1.92527e-08-1.49541e-08-1.07253e-08-6.53961e-09-2.43324e-09
 1.51401e-09 5.20831e-09 8.56572e-09 1.15197e-08 1.40120e-08 1.59766e-08
 1.73336e-08 1.80002e-08 1.79168e-08 1.70710e-08 1.55082e-08 1.33222e-08
 1.06315e-08 7.55180e-09 4.17938e-09 5.92574e-10-3.12953e-09-6.88623e-09
-1.05484e-08-1.39726e-08-1.70267e-08-1.96118e-08-2.16657e-08-2.31474e-08
-2.40140e-08-2.42053e-08-2.36481e-08-2.22808e-08-2.00813e-08-1.70842e-08
-1.33747e-08-9.06588e-09-4.26804e-09 9.30195e-10 6.46138e-09 1.22645e-08
 1.82727e-08 2.44156e-08 3.06317e-08 3.68754e-08 4.31046e-08 4.92446e-08
 5.51415e-08 6.05233e-08 6.49909e-08 6.80505e-08 6.91785e-08 6.78970e-08
 6.38393e-08 5.67960e-08 4.67479e-08 3.38907e-08 1.86513e-08 1.68128e-09
-1.61885e-08-3.40375e-08-5.09729e-08-6.62392e-08-7.92904e-08-8.98114e-08
-9.76958e-08-1.03000e-07-1.05888e-07-1.06591e-07-1.05366e-07-1.02457e-07
-9.80635e-08-9.23032e-08-8.52215e-08-7.68242e-08-6.71280e-08-5.61959e-08
-4.41403e-08-3.10992e-08-1.72038e-08-2.56020e-09 1.27411e-08 2.85945e-08
 4.48451e-08 6.12692e-08 7.75695e-08 9.33795e-08 1.08269e-07 1.21755e-07
 1.33317e-07 1.42440e-07 1.48671e-07 1.51671e-07 1.51243e-07 1.47313e-07
 1.39891e-07 1.29038e-07 1.14866e-07 9.75595e-08 7.74013e-08 5.48003e-08
 3.02870e-08 4.49242e-09-2.18796e-08-4.80715e-08-7.32896e-08-9.67330e-08
-1.17634e-07-1.35293e-07-1.49086e-07-1.58455e-07-1.62905e-07-1.62025e-07
-1.55548e-07-1.43431e-07-1.25930e-07-1.03642e-07-7.75015e-08-4.87692e-08
-1.89912e-08 1.00746e-08 3.65915e-08 5.88238e-08 7.53279e-08 8.51204e-08
 8.77969e-08 8.35917e-08 7.33869e-08 5.86872e-08 4.15642e-08 2.45482e-08
 1.04521e-08 2.24834e-09
     0.0000e+00     0.0000e+00      0  0  0.00
     512   1.00000  0.0000e+00
-2.27647e-07-2.29604e-07-2.20086e-07-1.96957e-07-1.58652e-07-1.04424e-07
-3.45695e-08 4.94070e-08 1.44687e-07 2.47124e-07 3.51338e-07 4.50924e-07
 5.38789e-07 6.07573e-07 6.50190e-07 6.60510e-07 6.34196e-07 5.69537e-07
 4.68447e-07 3.37508e-07 1.87626e-07 3.20005e-08-1.15761e-07-2.43239e-07
-3.41361e-07-4.06068e-07-4.38646e-07-4.44858e-07-4.32945e-07-4.11112e-07
-3.85472e-07-3.59172e-07-3.33002e-07-3.06895e-07-2.81323e-07-2.57696e-07
-2.37565e-07-2.21684e-07-2.10059e-07-2.03002e-07-2.02301e-07-2.10874e-07
-2.29619e-07-2.52840e-07-2.66414e-07-2.52409e-07-1.97953e-07-1.01344e-07
 2.77481e-08 1.72830e-07 3.18061e-07 4.53191e-07 5.71787e-07 6.67242e-07
 7.32390e-07 7.62111e-07 7.54449e-07 7.09691e-07 6.31671e-07 5.30626e-07
 4.21855e-07 3.19945e-07 2.32768e-07 1.58131e-07 8.48004e-08-2.78654e-09
-1.18100e-07-2.65547e-07-4.35317e-07-6.03216e-07-7.37112e-07-8.08585e-07
-8.04811e-07-7.34472e-07-6.23600e-07-5.02207e-07-3.88888e-07-2.83416e-07
-1.73218e-07-4.98379e-08 7.78231e-08 1.86552e-07 2.57190e-07 2.90772e-07
 3.04723e-07 3.12694e-07 3.12173e-07 2.94534e-07 2.61737e-07 2.25795e-07
 1.94402e-07 1.66203e-07 1.39920e-07 1.18736e-07 1.04242e-07 9.39614e-08
 8.60364e-08 8.00319e-08 7.36723e-08 6.40055e-08 5.00156e-08 3.10429e-08
 5.88980e-09-2.51607e-08-6.05806e-08-9.90331e-08-1.38406e-07-1.75595e-07
-2.07916e-07-2.32886e-07-2.47945e-07-2.51545e-07-2.43106e-07-2.22588e-07
-1.91094e-07-1.50650e-07-1.03645e-07-5.30731e-08-2.14462e-09 4.62511e-08
 8.94216e-08 1.25207e-07 1.52267e-07 1.69853e-07 1.77955e-07 1.77242e-07
 1.68739e-07 1.53867e-07 1.34257e-07 1.11542e-07 8.73746e-08 6.32356e-08
 4.03549e-08 1.97435e-08 2.06629e-09-1.23017e-08-2.32371e-08-3.08832e-08
-3.55351e-08-3.76221e-08-3.76597e-08-3.61720e-08-3.36826e-08-3.06489e-08
-2.74564e-08-2.44242e-08-2.17731e-08-1.96433e-08-1.80873e-08-1.70796e-08
-1.65398e-08-1.63429e-08-1.63424e-08-1.63774e-08-1.62931e-08-1.59641e-08
-1.53006e-08-1.42540e-08-1.28081e-08-1.09701e-08-8.76458e-09-6.23802e-09
-3.46704e-09-5.51370e-10 2.39859e-09 5.27327e-09 7.97019e-09 1.03938e-08
 1.24552e-08 1.40806e-08 1.52209e-08 1.58554e-08 1.59864e-08 1.56282e-08
 1.48001e-08 1.35274e-08 1.18471e-08 9.81400e-09 7.50395e-09 5.00789e-09
 2.42081e-09-1.66335e-10-2.66871e-09-5.00623e-09-7.10444e-09-8.89898e-09
-1.03376e-08-1.13785e-08-1.19867e-08-1.21332e-08-1.17990e-08-1.09855e-08
-9.72010e-09-8.05593e-09-6.06576e-09-3.83340e-09-1.44761e-09 1.00150e-09
 3.42489e-09 5.73485e-09 7.84380e-09 9.66493e-09 1.11169e-08 1.21311e-08
 1.26571e-08 1.26661e-08 1.21545e-08 1.11467e-08 9.69312e-09 7.86310e-09
 5.73573e-09 3.39439e-09 9.26199e-10-1.57709e-09-4.01774e-09-6.29351e-09
-8.30621e-09-9.97237e-09-1.12282e-08-1.20302e-08-1.23566e-08-1.22068e-08
-1.15995e-08-1.05708e-08-9.17165e-09-7.46448e-09-5.52526e-09-3.44958e-09
-1.35294e-09 6.37009e-10 2.39292e-09 3.80646e-09 4.80660e-09 5.36527e-09
 5.49505e-09 5.24837e-09 4.71353e-09 4.00415e-09 3.24821e-09 2.57539e-09
 2.09759e-09 1.88987e-09 1.98063e-09 2.34647e-09 2.91174e-09 3.56122e-09
 4.16262e-09 4.59080e-09 4.75411e-09 4.61838e-09 4.21608e-09 3.63750e-09
 3.00652e-09 2.44505e-09 2.03762e-09 1.81331e-09 1.74930e-09 1.78478e-09
 1.83695e-09 1.81710e-09 1.64487e-09 1.26528e-09 6.71868e-10-7.70335e-11
-8.64886e-10-1.54584e-09-1.98553e-09-2.10001e-09-1.88066e-09-1.39964e-09
-7.94206e-10-2.34945e-10 1.09888e-10 1.05894e-10-3.27452e-10-1.21579e-09
-2.54334e-09-4.27008e-09-6.34600e-09-8.71919e-09-1.13369e-08-1.41387e-08
-1.70411e-08-1.99215e-08-2.26125e-08-2.49067e-08-2.65722e-08-2.73795e-08
-2.71352e-08-2.57202e-08-2.31190e-08-1.94223e-08-1.48057e-08-9.49569e-09
-3.73475e-09 2.24846e-09 8.26508e-09 1.41810e-08 1.99147e-08 2.54247e-08
 3.06998e-08 3.57626e-08 4.06833e-08 4.55918e-08 5.06771e-08 5.61684e-08
 6.22953e-08 6.92303e-08 7.70190e-08 8.55185e-08 9.43604e-08 1.02947e-07
 1.10476e-07 1.15983e-07 1.18399e-07 1.16611e-07 1.09525e-07 9.61397e-08
 7.56197e-08 4.73831e-08 1.11983e-08-3.27138e-08-8.35832e-08-1.40018e-07
-1.99972e-07-2.60764e-07-3.19162e-07-3.71527e-07-4.14015e-07-4.42831e-07
-4.54517e-07-4.46265e-07-4.16212e-07-3.63723e-07-2.89616e-07-1.96295e-07
-8.77505e-08 3.06064e-08 1.52287e-07 2.70205e-07 3.77260e-07 4.66942e-07
 5.33903e-07 5.74407e-07 5.86627e-07 5.70740e-07 5.28840e-07 4.64684e-07
 3.83307e-07 2.90544e-07 1.92509e-07 9.50895e-08 3.51476e-09-7.79738e-08
-1.46316e-07-1.99697e-07-2.37487e-07-2.60078e-07-2.68670e-07-2.65031e-07
-2.51283e-07-2.29728e-07-2.02699e-07-1.72439e-07-1.40988e-07-1.10096e-07
-8.11699e-08-5.52496e-08-3.30172e-08-1.48239e-08-7.33561e-10 9.42755e-09
 1.60238e-08 1.95684e-08 2.06822e-08 2.00426e-08 1.83200e-08 1.61124e-08
 1.38935e-08 1.19853e-08 1.05560e-08 9.63487e-09 9.14505e-09 8.95012e-09
 8.90930e-09 8.92346e-09 8.95547e-09 9.02249e-09 9.17139e-09 9.45235e-09
 9.89901e-09 1.05178e-08 1.12869e-08 1.21644e-08 1.31015e-08 1.40516e-08
 1.49701e-08 1.58133e-08 1.65464e-08 1.71640e-08 1.77058e-08 1.82452e-08
 1.88456e-08 1.95077e-08 2.01381e-08 2.05620e-08 2.05734e-08 1.99995e-08
 1.87545e-08 1.68623e-08 1.44413e-08 1.16594e-08 8.68250e-09 5.64642e-09
 2.65880e-09-1.87491e-10-2.82154e-09-5.22968e-09-7.49087e-09-9.77387e-09
-1.22830e-08-1.51791e-08-1.85187e-08-2.22399e-08-2.61932e-08-3.01922e-08
-3.40565e-08-3.76271e-08-4.07477e-08-4.32292e-08-4.48327e-08-4.52993e-08
-4.44189e-08-4.20935e-08-3.83516e-08-3.33118e-08-2.71368e-08-2.00206e-08
-1.22058e-08-3.99639e-09 4.26661e-09 1.22615e-08 1.97428e-08 2.65702e-08
 3.26947e-08 3.81113e-08 4.27957e-08 4.66628e-08 4.95767e-08 5.14145e-08
 5.21421e-08 5.18527e-08 5.07503e-08 4.91134e-08 4.72770e-08 4.56348e-08
 4.46175e-08 4.46144e-08 4.58585e-08 4.83305e-08 5.17267e-08 5.54928e-08
 5.88934e-08 6.10868e-08 6.11801e-08 5.82563e-08 5.13924e-08 3.97094e-08
 2.24878e-08-6.68509e-10-2.96786e-08-6.38904e-08-1.02044e-07-1.42265e-07
-1.82068e-07-2.18420e-07-2.47913e-07-2.67074e-07-2.72802e-07-2.62862e-07
-2.36315e-07-1.93785e-07-1.37490e-07-7.10686e-08 7.72378e-10 7.27243e-08
 1.39430e-07 1.96061e-07 2.38837e-07 2.65377e-07 2.74829e-07 2.67806e-07
 2.46172e-07 2.12748e-07 1.70952e-07 1.24425e-07 7.67089e-08 3.09985e-08
-1.00427e-08-4.43931e-08-7.07145e-08-8.83386e-08-9.72353e-08-9.79818e-08
-9.17083e-08-7.99847e-08-6.46582e-08-4.76991e-08-3.10976e-08-1.67819e-08
-6.49187e-09-1.27695e-09
     0.0000e+00     0.0000e+00      0  0  0.00
     512   1.00000  0.0000e+00
-1.28894e-07-1.33355e-07-1.30763e-07-1.19508e-07-9.83068e-08-6.63809e-08
-2.36241e-08 2.92468e-08 9.05834e-08 1.57756e-07 2.27176e-07 2.94409e-07
 3.54370e-07 4.01615e-07 4.30810e-07 4.37638e-07 4.19856e-07 3.77457e-07
 3.12054e-07 2.27041e-07 1.28048e-07 2.22993e-08-8.24483e-08-1.78765e-07
-2.60685e-07-3.24767e-07-3.70484e-07-3.99950e-07-4.17015e-07-4.25910e-07
-4.30029e-07-4.31421e-07-4.31120e-07-4.29828e-07-4.28086e-07-4.25494e-07
-4.19621e-07-4.05565e-07-3.76618e-07-3.26035e-07-2.49019e-07-1.43755e-07
-1.13662e-08 1.44486e-07 3.18002e-07 5.01933e-07 6.88430e-07 8.68935e-07
 1.03277e-06 1.16630e-06 1.25447e-06 1.28341e-06 1.24204e-06 1.12283e-06
 9.23347e-07 6.47897e-07 3.07990e-07-7.77426e-08-4.83813e-07-8.79205e-07
-1.22987e-06-1.50202e-06-1.66643e-06-1.70352e-06-1.60767e-06-1.38950e-06
-1.07520e-06-7.02536e-07-3.14072e-07 5.07289e-08 3.62239e-07 6.04132e-07
 7.72541e-07 8.71633e-07 9.08108e-07 8.87599e-07 8.14792e-07 6.96559e-07
 5.45152e-07 3.78090e-07 2.13832e-07 6.60657e-08-5.88697e-08-1.59496e-07
-2.34631e-07-2.81817e-07-2.99971e-07-2.92201e-07-2.64802e-07-2.23918e-07
-1.74168e-07-1.19880e-07-6.57656e-08-1.58232e-08 2.74046e-08 6.22939e-08
 8.78173e-08 1.03870e-07 1.11135e-07 1.10565e-07 1.03338e-07 9.09034e-08
 7.46687e-08 5.58470e-08 3.55809e-08 1.48639e-08-5.55116e-09-2.50105e-08
-4.29232e-08-5.88173e-08-7.22510e-08-8.27850e-08-9.00621e-08-9.37926e-08
-9.37645e-08-8.99289e-08-8.24012e-08-7.14618e-08-5.75939e-08-4.14436e-08
-2.37799e-08-5.47081e-09 1.25932e-08 2.95587e-08 4.46517e-08 5.72419e-08
 6.68666e-08 7.32411e-08 7.62744e-08 7.60476e-08 7.27930e-08 6.68774e-08
 5.87637e-08 4.89780e-08 3.80770e-08 2.66134e-08 1.51115e-08 4.04323e-09
-6.18701e-09-1.52524e-08-2.29153e-08-2.90212e-08-3.34920e-08-3.63254e-08
-3.75865e-08-3.73951e-08-3.59115e-08-3.33246e-08-2.98387e-08-2.56639e-08
-2.10148e-08-1.61035e-08-1.11254e-08-6.25158e-09-1.62766e-09 2.62270e-09
 6.39532e-09 9.60653e-09 1.21991e-08 1.41470e-08 1.54484e-08 1.61164e-08
 1.61775e-08 1.56754e-08 1.46700e-08 1.32351e-08 1.14520e-08 9.40267e-09
 7.16774e-09 4.82906e-09 2.47053e-09 1.74262e-10-1.98792e-09-3.95849e-09
-5.68956e-09-7.14038e-09-8.28064e-09-9.09375e-09-9.57901e-09-9.74921e-09
-9.62349e-09-9.22476e-09-8.58190e-09-7.72974e-09-6.70778e-09-5.55768e-09
-4.31791e-09-3.02136e-09-1.69748e-09-3.73523e-10 9.26479e-10 2.18381e-09
 3.38711e-09 4.52975e-09 5.60461e-09 6.60344e-09 7.51768e-09 8.33686e-09
 9.04855e-09 9.63826e-09 1.00871e-08 1.03716e-08 1.04649e-08 1.03378e-08
 9.96093e-09 9.30703e-09 8.35167e-09 7.07591e-09 5.47080e-09 3.53987e-09
 1.30095e-09-1.21137e-09-3.94483e-09-6.82977e-09-9.77903e-09-1.26887e-08
-1.54410e-08-1.79081e-08-1.99593e-08-2.14684e-08-2.23216e-08-2.24253e-08
-2.17112e-08-2.01426e-08-1.77199e-08-1.44827e-08-1.05060e-08-5.89768e-09
-7.95782e-10 4.63882e-09 1.02265e-08 1.57708e-08 2.10657e-08 2.59027e-08
 3.00705e-08 3.33557e-08 3.55506e-08 3.64619e-08 3.59229e-08 3.38128e-08
 3.00764e-08 2.47410e-08 1.79359e-08 9.90864e-09 1.02618e-09-8.24238e-09
-1.73555e-08-2.57418e-08-3.28519e-08-3.82114e-08-4.14722e-08-4.24571e-08
-4.11846e-08-3.78642e-08-3.28649e-08-2.66691e-08-1.98148e-08-1.28324e-08
-6.18595e-09-2.23936e-10 4.84966e-09 8.97465e-09 1.22074e-08 1.46819e-08
 1.65704e-08 1.80499e-08 1.92728e-08 2.03455e-08 2.13187e-08 2.21914e-08
 2.29248e-08 2.34597e-08 2.37258e-08 2.36411e-08 2.31110e-08 2.20318e-08
 2.02969e-08 1.78094e-08 1.44957e-08 1.03222e-08 5.31346e-09-4.30570e-10
-6.73028e-09-1.33354e-08-1.99487e-08-2.62581e-08-3.19656e-08-3.68098e-08
-4.05810e-08-4.31262e-08-4.43433e-08-4.41732e-08-4.25873e-08-3.95795e-08
-3.51680e-08-2.94031e-08-2.23767e-08-1.42298e-08-5.15275e-09 4.62299e-09
 1.48352e-08 2.52040e-08 3.54431e-08 4.52641e-08 5.43729e-08 6.24616e-08
 6.91992e-08 7.42282e-08 7.71735e-08 7.76632e-08 7.53597e-08 6.99964e-08
 6.14134e-08 4.95859e-08 3.46447e-08 1.68874e-08-3.21844e-09-2.50351e-08
-4.77591e-08-7.04324e-08-9.19622e-08-1.11157e-07-1.26783e-07-1.37639e-07
-1.42650e-07-1.40965e-07-1.32049e-07-1.15768e-07-9.24392e-08-6.28580e-08
-2.82921e-08 9.55968e-09 4.86415e-08 8.66501e-08 1.21178e-07 1.49888e-07
 1.70701e-07 1.81987e-07 1.82730e-07 1.72646e-07 1.52236e-07 1.22760e-07
 8.61475e-08 4.48342e-08 1.56237e-09-4.08424e-08-7.96933e-08-1.12643e-07
-1.37846e-07-1.54071e-07-1.60758e-07-1.58014e-07-1.46557e-07-1.27614e-07
-1.02789e-07-7.39161e-08-4.29038e-08-1.16044e-08 1.82983e-08 4.53662e-08
 6.84555e-08 8.67402e-08 9.97175e-08 1.07197e-07 1.09282e-07 1.06334e-07
 9.89270e-08 8.77902e-08 7.37486e-08 5.76620e-08 4.03768e-08 2.26897e-08
 5.32454e-09-1.10809e-08-2.59841e-08-3.89469e-08-4.96442e-08-5.78684e-08
-6.35262e-08-6.66264e-08-6.72615e-08-6.55857e-08-6.17978e-08-5.61306e-08
-4.88488e-08-4.02484e-08-3.06547e-08-2.04143e-08-9.88200e-09 5.93823e-10
 1.06844e-08 2.00870e-08 2.85264e-08 3.57555e-08 4.15597e-08 4.57667e-08
 4.82585e-08 4.89824e-08 4.79567e-08 4.52668e-08 4.10542e-08 3.55029e-08
 2.88302e-08 2.12828e-08 1.31349e-08 4.68319e-09-3.76291e-09-1.18968e-08
-1.94323e-08-2.61181e-08-3.17449e-08-3.61450e-08-3.91894e-08-4.07869e-08
-4.08888e-08-3.94968e-08-3.66708e-08-3.25334e-08-2.72652e-08-2.10937e-08
-1.42805e-08-7.11033e-09 1.18336e-10 7.10726e-09 1.35793e-08 1.93049e-08
 2.41287e-08 2.79882e-08 3.09180e-08 3.30339e-08 3.45009e-08 3.54931e-08
 3.61564e-08 3.65754e-08 3.67492e-08 3.65791e-08 3.58686e-08 3.43407e-08
 3.16736e-08 2.75532e-08 2.17360e-08 1.41051e-08 4.70674e-09-6.23976e-09
-1.83555e-08-3.11342e-08-4.39858e-08-5.62830e-08-6.74069e-08-7.67888e-08
-8.39487e-08-8.85239e-08-9.02819e-08-8.91160e-08-8.50332e-08-7.81420e-08
-6.86448e-08-5.68335e-08-4.30857e-08-2.78536e-08-1.16428e-08 5.01831e-09
 2.16111e-08 3.76521e-08 5.27115e-08 6.64263e-08 7.85073e-08 8.87389e-08
 9.69713e-08 1.03107e-07 1.07081e-07 1.08845e-07 1.08356e-07 1.05585e-07
 1.00536e-07 9.32519e-08 8.38281e-08 7.24041e-08 5.91563e-08 4.42860e-08
 2.80139e-08 1.05907e-08-7.67990e-09-2.64173e-08-4.51435e-08-6.32704e-08
-8.01016e-08-9.48602e-08-1.06749e-07-1.15032e-07-1.19123e-07-1.18652e-07
-1.13516e-07-1.03884e-07-9.01828e-08-7.30683e-08-5.34013e-08-3.22220e-08
-1.07057e-08 9.90225e-09 2.83690e-08 4.35665e-08 5.45731e-08 6.07759e-08
 6.19591e-08 5.83615e-08 5.06922e-08 4.00968e-08 2.80799e-08 1.63943e-08
 6.90409e-09 1.47168e-09
     0.0000e+00     0.0000e+00      0  0  0.00
     512   1.00000  0.0000e+00
-1.18546e-07-1.08806e-07-9.28173e-08-7.04925e-08-4.21529e-08-8.57555e-09
 2.89848e-08 6.88101e-08 1.08773e-07 1.46431e-07 1.79168e-07 2.04369e-07
 2.19640e-07 2.23035e-07 2.13413e-07 1.91029e-07 1.57881e-07 1.17139e-07
 7.25625e-08 2.87335e-08-9.23462e-09-3.68298e-08-5.07952e-08-4.93836e-08
-3.26695e-08-2.60086e-09 3.71740e-08 8.17402e-08 1.25685e-07 1.63783e-07
 1.91300e-07 2.03999e-07 1.97985e-07 1.69719e-07 1.16552e-07 3.76539e-08
-6.52678e-08-1.87961e-07-3.24218e-07-4.66455e-07-6.05970e-07-7.33146e-07
-8.37915e-07-9.10461e-07-9.41789e-07-9.24105e-07-8.51435e-07-7.20538e-07
-5.31591e-07-2.88462e-07 9.95072e-10 3.24239e-07 6.63542e-07 9.96859e-07
 1.29964e-06 1.54648e-06 1.71295e-06 1.77816e-06 1.72719e-06 1.55357e-06
 1.26175e-06 8.68824e-07 4.04491e-07-9.09498e-08-5.71024e-07-9.89509e-07
-1.30771e-06-1.50085e-06-1.56179e-06-1.50093e-06-1.34201e-06-1.11512e-06
-8.49530e-07-5.68778e-07-2.89883e-07-2.59121e-08 2.10464e-07 4.05554e-07
 5.46959e-07 6.28128e-07 6.51503e-07 6.27148e-07 5.67471e-07 4.82404e-07
 3.79019e-07 2.64765e-07 1.49471e-07 4.31355e-08-4.76357e-08-1.20103e-07
-1.73078e-07-2.05749e-07-2.18703e-07-2.14410e-07-1.96107e-07-1.67005e-07
-1.30552e-07-9.02800e-08-4.91451e-08-9.49834e-09 2.66599e-08 5.78986e-08
 8.34604e-08 1.02947e-07 1.16247e-07 1.23611e-07 1.25445e-07 1.22179e-07
 1.14359e-07 1.02573e-07 8.73763e-08 6.94012e-08 4.93406e-08 2.78946e-08
 5.83969e-09-1.59967e-08-3.68128e-08-5.58171e-08-7.22779e-08-8.55972e-08
-9.53129e-08-1.01145e-07-1.03024e-07-1.01059e-07-9.55427e-08-8.69243e-08
-7.57515e-08-6.26459e-08-4.82606e-08-3.32349e-08-1.81805e-08-3.64641e-09
 9.90327e-09 2.20917e-08 3.26414e-08 4.13704e-08 4.81860e-08 5.30759e-08
 5.60870e-08 5.73218e-08 5.69256e-08 5.50648e-08 5.19210e-08 4.76834e-08
 4.25437e-08 3.66906e-08 3.03049e-08 2.35576e-08 1.66101e-08 9.61927e-09
 2.73758e-09-3.89410e-09-1.01466e-08-1.58998e-08-2.10409e-08-2.54662e-08
-2.90819e-08-3.18098e-08-3.35949e-08-3.44073e-08-3.42374e-08-3.30961e-08
-3.10204e-08-2.80766e-08-2.43597e-08-1.99878e-08-1.50950e-08-9.83039e-09
-4.36009e-09 1.13902e-09 6.48885e-09 1.15177e-08 1.60662e-08 1.99906e-08
 2.31662e-08 2.54950e-08 2.69099e-08 2.73763e-08 2.68942e-08 2.54944e-08
 2.32356e-08 2.02074e-08 1.65304e-08 1.23503e-08 7.82923e-09 3.13622e-09
-1.55725e-09-6.07891e-09-1.02640e-08-1.39650e-08-1.70570e-08-1.94414e-08
-2.10475e-08-2.18337e-08-2.17901e-08-2.09395e-08-1.93373e-08-1.70697e-08
-1.42486e-08-1.10048e-08-7.48140e-09-3.82967e-09-2.02742e-10 3.25278e-09
 6.40323e-09 9.13249e-09 1.13462e-08 1.29762e-08 1.39844e-08 1.43647e-08
 1.41414e-08 1.33681e-08 1.21266e-08 1.05199e-08 8.66359e-09 6.67965e-09
 4.68921e-09 2.80487e-09 1.12485e-09-2.73494e-10-1.33900e-09-2.04816e-09
-2.40537e-09-2.44244e-09-2.21417e-09-1.79127e-09-1.25579e-09-6.96567e-10
-2.01384e-10 1.48100e-10 2.75805e-10 1.12155e-10-4.01527e-10-1.31026e-09
-2.64234e-09-4.40056e-09-6.55161e-09-9.01837e-09-1.16725e-08-1.43301e-08
-1.67564e-08-1.86780e-08-1.98000e-08-1.98353e-08-1.85447e-08-1.57755e-08
-1.14956e-08-5.81982e-09 9.80625e-10 8.48947e-09 1.61736e-08 2.34303e-08
 2.96540e-08 3.43096e-08 3.69954e-08 3.74876e-08 3.57634e-08 3.19977e-08
 2.65372e-08 1.98569e-08 1.24982e-08 5.00173e-09-2.15045e-09-8.57559e-09
-1.40101e-08-1.83096e-08-2.14372e-08-2.34423e-08-2.44323e-08-2.45467e-08
-2.39380e-08-2.27616e-08-2.11765e-08-1.93419e-08-1.74078e-08-1.55015e-08
-1.37146e-08-1.20905e-08-1.06195e-08-9.23876e-09-7.83929e-09-6.28491e-09
-4.43971e-09-2.19721e-09 4.95532e-10 3.62880e-09 7.13477e-09 1.08992e-08
 1.47796e-08 1.86263e-08 2.23000e-08 2.56815e-08 2.86729e-08 3.11880e-08
 3.31414e-08 3.44429e-08 3.49976e-08 3.47116e-08 3.35034e-08 3.13130e-08
 2.81073e-08 2.38808e-08 1.86493e-08 1.24405e-08 5.28647e-09-2.77614e-09
-1.16965e-08-2.13891e-08-3.17098e-08-4.24347e-08-5.32472e-08-6.37357e-08
-7.34072e-08-8.17095e-08-8.80603e-08-9.18793e-08-9.26186e-08-8.97922e-08
-8.30084e-08-7.20061e-08-5.66954e-08-3.72024e-08-1.39095e-08 1.25166e-08
 4.11154e-08 7.06506e-08 9.96575e-08 1.26518e-07 1.49556e-07 1.67150e-07
 1.77845e-07 1.80474e-07 1.74265e-07 1.58939e-07 1.34784e-07 1.02694e-07
 6.41554e-08 2.11889e-08-2.37801e-08-6.80929e-08-1.09066e-07-1.44206e-07
-1.71418e-07-1.89166e-07-1.96585e-07-1.93530e-07-1.80558e-07-1.58858e-07
-1.30130e-07-9.64272e-08-5.99868e-08-2.30503e-08 1.22968e-08 4.42611e-08
 7.14397e-08 9.28738e-08 1.08058e-07 1.16908e-07 1.19705e-07 1.17019e-07
 1.09629e-07 9.84535e-08 8.44771e-08 6.86953e-08 5.20583e-08 3.54234e-08
 1.95153e-08 4.90099e-09-8.02105e-09-1.90132e-08-2.79785e-08-3.49340e-08
-3.99836e-08-4.32947e-08-4.50780e-08-4.55701e-08-4.50143e-08-4.36419e-08
-4.16509e-08-3.91909e-08-3.63559e-08-3.31898e-08-2.97005e-08-2.58789e-08
-2.17163e-08-1.72163e-08-1.23990e-08-7.30104e-09-1.97455e-09 3.51137e-09
 9.06680e-09 1.45772e-08 1.99028e-08 2.48840e-08 2.93524e-08 3.31444e-08
 3.61111e-08 3.81236e-08 3.90740e-08 3.88774e-08 3.74776e-08 3.48577e-08
 3.10520e-08 2.61555e-08 2.03252e-08 1.37704e-08 6.73392e-09-5.28968e-10
-7.76667e-09-1.47402e-08-2.12257e-08-2.70161e-08-3.19244e-08-3.57914e-08
-3.84927e-08-3.99424e-08-4.00901e-08-3.89180e-08-3.64398e-08-3.27081e-08
-2.78266e-08-2.19653e-08-1.53688e-08-8.35269e-09-1.28360e-09 5.45214e-09
 1.14822e-08 1.64793e-08 2.01877e-08 2.24486e-08 2.32216e-08 2.26009e-08
 2.08176e-08 1.82220e-08 1.52446e-08 1.23399e-08 9.92677e-09 8.33580e-09
 7.77219e-09 8.29692e-09 9.82544e-09 1.21416e-08 1.49246e-08 1.77894e-08
 2.03380e-08 2.22151e-08 2.31536e-08 2.29979e-08 2.17014e-08 1.93061e-08
 1.59119e-08 1.16487e-08 6.65368e-09 1.05919e-09-5.01170e-09-1.14449e-08
-1.81308e-08-2.49529e-08-3.17718e-08-3.84087e-08-4.46370e-08-5.01855e-08
-5.47494e-08-5.80056e-08-5.96220e-08-5.92621e-08-5.65923e-08-5.13025e-08
-4.31454e-08-3.19903e-08-1.78813e-08-1.09129e-09 1.78372e-08 3.80708e-08
 5.84917e-08 7.77352e-08 9.42637e-08 1.06489e-07 1.12953e-07 1.12550e-07
 1.04731e-07 8.96468e-08 6.81905e-08 4.19379e-08 1.29924e-08-1.62444e-08
-4.33458e-08-6.61390e-08-8.29486e-08-9.27703e-08-9.53446e-08-9.11274e-08
-8.11688e-08-6.69285e-08-5.00669e-08-3.22491e-08-1.49920e-08 4.44666e-10
 1.31320e-08 2.25084e-08 2.83797e-08 3.08860e-08 3.04451e-08 2.76806e-08
 2.33386e-08 1.81998e-08 1.29937e-08 8.32309e-09 4.60935e-09 2.05882e-09
 6.46144e-10 1.03151e-10
