      10
(6e12.5)
     0.0000e+00     0.0000e+00      0  0  0.00
     512   1.00000  0.0000e+00
 4.13765e-10 1.81192e-10-1.33292e-10-4.91662e-10-8.32756e-10-1.07580e-09
-1.13695e-09-9.61119e-10-5.56302e-10-8.57894e-12 5.37809e-10 9.31680e-10
 1.07438e-09 9.57782e-10 6.61541e-10 3.12432e-10 2.85765e-11-1.22271e-10
-1.32918e-10-3.87405e-11 1.10166e-10 2.68807e-10 4.03139e-10 4.88699e-10
 5.12703e-10 4.82251e-10 4.29245e-10 4.00158e-10 4.29791e-10 5.13006e-10
 5.94622e-10 5.90148e-10 4.31149e-10 1.10258e-10-3.02634e-10-6.85236e-10
-9.16214e-10-9.27886e-10-7.31377e-10-4.05730e-10-6.29372e-11 1.90245e-10
 2.78759e-10 1.71829e-10-1.12827e-10-5.10096e-10-9.17532e-10-1.22038e-09
-1.33075e-09-1.22654e-09-9.67107e-10-6.70957e-10-4.63608e-10-4.22594e-10
-5.48410e-10-7.74340e-10-1.00523e-09-1.16037e-09-1.19814e-09-1.11617e-09
-9.36793e-10-6.91756e-10-4.13159e-10-1.28744e-10 1.42876e-10 3.96576e-10
 6.38117e-10 8.70500e-10 1.07696e-09 1.21665e-09 1.24311e-09 1.13865e-09
 9.42503e-10 7.50230e-10 6.78457e-10 8.12320e-10 1.16524e-09 1.67264e-09
 2.21938e-09 2.68240e-09 2.96735e-09 3.02852e-09 2.87365e-09 2.55972e-09
 2.17971e-09 1.83635e-09 1.60507e-09 1.50181e-09 1.47564e-09 1.43471e-09
 1.29247e-09 1.00627e-09 5.85141e-10 6.54379e-11-5.23002e-10-1.17202e-09
-1.88162e-09-2.63283e-09-3.37168e-09-4.01908e-09-4.50143e-09-4.78290e-09
-4.88266e-09-4.87312e-09-4.86403e-09-4.97730e-09-5.31416e-09-5.91906e-09
-6.75198e-09-7.68547e-09-8.53549e-09-9.11695e-09-9.29726e-09-9.02044e-09
-8.29466e-09-7.16058e-09-5.66487e-09-3.85097e-09-1.76280e-09 5.51363e-10
 3.04157e-09 5.66218e-09 8.37353e-09 1.11372e-08 1.39094e-08 1.66372e-08
 1.92509e-08 2.16515e-08 2.36933e-08 2.51825e-08 2.59066e-08 2.56947e-08
 2.44804e-08 2.23281e-08 1.94043e-08 1.59077e-08 1.20026e-08 7.78803e-09
 3.30938e-09-1.40774e-09-6.32390e-09-1.13646e-08-1.64122e-08-2.13085e-08
-2.58700e-08-2.99125e-08-3.32757e-08-3.58330e-08-3.74895e-08-3.81748e-08
-3.78477e-08-3.65165e-08-3.42637e-08-3.12475e-08-2.76693e-08-2.37213e-08
-1.95436e-08-1.52095e-08-1.07325e-08-6.08677e-09-1.23001e-09 3.87260e-09
 9.22595e-09 1.47911e-08 2.04877e-08 2.62108e-08 3.18517e-08 3.73127e-08
 4.25190e-08 4.74380e-08 5.21081e-08 5.66600e-08 6.13034e-08 6.62645e-08
 7.16838e-08 7.75113e-08 8.34283e-08 8.88080e-08 9.27153e-08 9.39543e-08
 9.11790e-08 8.30789e-08 6.86390e-08 4.74389e-08 1.98886e-08-1.26988e-08
-4.82045e-08-8.39425e-08-1.17003e-07-1.44627e-07-1.64631e-07-1.75877e-07
-1.78623e-07-1.74554e-07-1.66529e-07-1.58145e-07-1.53300e-07-1.55930e-07
-1.69907e-07-1.98813e-07-2.45204e-07-3.09123e-07-3.86045e-07-4.64977e-07
-5.27712e-07-5.50000e-07-5.04869e-07-3.67793e-07-1.23175e-07 2.28773e-07
 6.67293e-07 1.15117e-06 1.62255e-06 2.01268e-06 2.25195e-06 2.28326e-06
 2.06846e-06 1.58878e-06 8.54362e-07-8.26104e-08-1.12349e-06-2.12178e-06
-2.89536e-06-3.26993e-06-3.13280e-06-2.47440e-06-1.41658e-06-2.04591e-07
 8.58467e-07 1.51121e-06 1.62812e-06 1.27273e-06 6.75732e-07 1.30852e-07
-1.44045e-07-1.04526e-07 1.16980e-07 3.06826e-07 3.12550e-07 1.39728e-07
-6.64495e-08-1.43350e-07-4.35007e-08 1.30475e-07 2.20330e-07 1.54435e-07
 7.03418e-09-8.28040e-08-5.18850e-08 3.15592e-08 5.45558e-08-1.06859e-08
-8.27579e-08-7.77160e-08-1.20816e-08 2.68163e-08-5.74975e-10-3.98243e-08
-2.80133e-08 1.60099e-08 2.69877e-08-5.31139e-09-2.65050e-08-9.09092e-09
 7.27297e-09-1.11813e-08-3.60017e-08-3.17661e-08-1.77330e-08-2.55078e-08
-3.89182e-08-2.97172e-08-1.24778e-08-1.05857e-08-9.87480e-09 5.42646e-09
 1.82262e-08 1.78400e-08 1.96233e-08 2.54756e-08 2.19530e-08 1.37263e-08
 9.45759e-09 2.77581e-09-6.68036e-09-1.23137e-08-1.58659e-08-1.83873e-08
-1.71671e-08-1.31615e-08-7.67823e-09-8.54790e-10 6.00337e-09 1.16175e-08
 1.52519e-08 1.62987e-08 1.46244e-08 1.06536e-08 5.20278e-09-6.38684e-10
-5.71014e-09-9.01139e-09-9.88486e-09-8.15287e-09-4.16271e-09 1.28173e-09
 7.07999e-09 1.20633e-08 1.52310e-08 1.59531e-08 1.41089e-08 1.01192e-08
 4.85824e-09-5.43706e-10-4.96376e-09-7.54670e-09-7.90018e-09-6.17455e-09
-3.01621e-09 5.91317e-10 3.56572e-09 4.98785e-09 4.33248e-09 1.61242e-09
-2.60978e-09-7.36150e-09-1.15201e-08-1.41098e-08-1.45484e-08-1.27854e-08
-9.30314e-09-4.98349e-09-8.74866e-10 2.08660e-09 3.33059e-09 2.80405e-09
 9.72733e-10-1.32640e-09-3.13879e-09-3.68054e-09-2.57439e-09 4.29208e-11
 3.57148e-09 7.13070e-09 9.81587e-09 1.09620e-08 1.03424e-08 8.23402e-09
 5.31806e-09 2.44997e-09 3.80301e-10-4.78776e-10-1.69400e-10 8.44357e-10
 1.84382e-09 2.10259e-09 1.13181e-09-1.14892e-09-4.36732e-09-7.80641e-09
-1.06380e-08-1.21983e-08-1.22023e-08-1.08185e-08-8.57872e-09-6.16733e-09
-4.17616e-09-2.90986e-09-2.30198e-09-1.96873e-09-1.37939e-09-7.89520e-11
 2.11904e-09 5.04063e-09 8.19554e-09 1.09419e-08 1.27130e-08 1.32205e-08
 1.25525e-08 1.11242e-08 9.50052e-09 8.16040e-09 7.29876e-09 6.75460e-09
 6.10138e-09 4.86007e-09 2.73587e-09-2.29749e-10-3.65382e-09-6.94414e-09
-9.50742e-09-1.09521e-08-1.12099e-08-1.05310e-08-9.35542e-09-8.11566e-09
-7.04687e-09-6.08702e-09-4.91813e-09-3.13688e-09-4.79724e-10 2.99826e-09
 6.87369e-09 1.04624e-08 1.30425e-08 1.41053e-08 1.35312e-08 1.16143e-08
 8.91588e-09 6.00774e-09 3.22709e-09 5.60146e-10-2.28844e-09-5.67020e-09
-9.71650e-09-1.41477e-08-1.82687e-08-2.11649e-08-2.20202e-08-2.04243e-08
-1.65360e-08-1.10265e-08-4.82450e-09 1.20670e-09 6.50605e-09 1.08645e-08
 1.42937e-08 1.68075e-08 1.82480e-08 1.82568e-08 1.64150e-08 1.24866e-08
 6.64728e-09-4.23227e-10-7.64287e-09-1.37977e-08-1.78760e-08-1.93285e-08
-1.81485e-08-1.47636e-08-9.82066e-09-3.98263e-09 2.17153e-09 8.12499e-09
 1.33358e-08 1.71804e-08 1.90096e-08 1.83279e-08 1.50237e-08 9.52496e-09
 2.78361e-09-3.93456e-09-9.38038e-09-1.26383e-08-1.33116e-08-1.15284e-08
-7.80628e-09-2.86116e-09 2.54762e-09 7.69437e-09 1.18983e-08 1.45271e-08
 1.50604e-08 1.32370e-08 9.22626e-09 3.71871e-09-2.15939e-09-7.12212e-09
-1.01010e-08-1.05680e-08-8.66866e-09-5.12188e-09-9.46520e-10 2.85383e-09
 5.52478e-09 6.65245e-09 6.13240e-09 4.09510e-09 8.64963e-10-3.03310e-09
-6.87487e-09-9.81774e-09-1.10936e-08-1.02702e-08-7.46817e-09-3.40504e-09
 7.91062e-10 3.94647e-09 5.23871e-09 4.45592e-09 2.01298e-09-1.25777e-09
-4.41369e-09-6.66173e-09-7.49340e-09-6.70523e-09-4.36983e-09-8.19020e-10
 3.35598e-09 7.34229e-09 1.02433e-08 1.13215e-08 1.02678e-08 7.36342e-09
 3.42340e-09-4.84668e-10-3.42565e-09-4.90046e-09-4.92448e-09-3.85920e-09
-2.10899e-09-5.52814e-10
     0.0000e+00     0.0000e+00      0  0  0.00
     512   1.00000  0.0000e+00
-1.49732e-10-1.16252e-11 1.20537e-10 2.30199e-10 3.16300e-10 3.94655e-10
 4.86710e-10 6.02614e-10 7.29930e-10 8.35027e-10 8.76085e-10 8.20189e-10
 6.55048e-10 3.90125e-10 5.05400e-11-3.28140e-10-7.00186e-10-1.00908e-09
-1.19326e-09-1.20107e-09-1.01033e-09-6.43007e-10-1.66336e-10 3.23295e-10
 7.29329e-10 9.84405e-10 1.06587e-09 9.91273e-10 8.00244e-10 5.36205e-10
 2.37364e-10-6.35940e-11-3.37948e-10-5.62423e-10-7.23117e-10-8.17846e-10
-8.53288e-10-8.37087e-10-7.69674e-10-6.42141e-10-4.43400e-10-1.73760e-10
 1.43628e-10 4.63117e-10 7.31156e-10 9.06311e-10 9.71292e-10 9.30790e-10
 8.00019e-10 5.93870e-10 3.23273e-10-1.09424e-12-3.62192e-10-7.31963e-10
-1.07093e-09-1.33181e-09-1.46602e-09-1.43190e-09-1.20367e-09-7.80747e-10
-1.96437e-10 4.77693e-10 1.13861e-09 1.67283e-09 1.98514e-09 2.02238e-09
 1.78289e-09 1.31099e-09 6.83044e-10-8.27891e-12-6.68319e-10-1.21377e-09
-1.58402e-09-1.74661e-09-1.69501e-09-1.44177e-09-1.01279e-09-4.45777e-10
 2.07904e-10 8.81295e-10 1.49494e-09 1.96902e-09 2.24239e-09 2.28898e-09
 2.12109e-09 1.77623e-09 1.29660e-09 7.16182e-10 6.35354e-11-6.26108e-10
-1.30287e-09-1.90499e-09-2.36777e-09-2.63136e-09-2.64597e-09-2.37812e-09
-1.82163e-09-1.01153e-09-3.40535e-11 9.76491e-10 1.85833e-09 2.45562e-09
 2.65196e-09 2.39030e-09 1.67335e-09 5.51696e-10-8.86201e-10-2.51488e-09
-4.17029e-09-5.65769e-09-6.77371e-09-7.33653e-09-7.21505e-09-6.35079e-09
-4.77000e-09-2.58447e-09 2.05154e-11 2.80876e-09 5.51833e-09 7.88049e-09
 9.63194e-09 1.05291e-08 1.03749e-08 9.05942e-09 6.60670e-09 3.21321e-09
-7.38135e-10-4.69886e-09-8.01348e-09-1.00117e-08-1.01283e-08-8.04328e-09
-3.82471e-09 1.97782e-09 8.36710e-09 1.40952e-08 1.79640e-08 1.91190e-08
 1.72505e-08 1.26605e-08 6.19217e-09-9.52922e-10-7.46507e-09-1.21956e-08
-1.43947e-08-1.38668e-08-1.10044e-08-6.68316e-09-2.03868e-09 1.82478e-09
 4.10877e-09 4.47972e-09 3.06095e-09 3.02889e-10-3.17717e-09-6.73107e-09
-9.77971e-09-1.18751e-08-1.27293e-08-1.22253e-08-1.04245e-08-7.56625e-09
-4.04589e-09-3.57874e-10 2.98986e-09 5.56658e-09 7.08519e-09 7.42952e-09
 6.64920e-09 4.93627e-09 2.58873e-09-3.99760e-11-2.59729e-09-4.77590e-09
-6.33439e-09-7.09715e-09-6.94491e-09-5.80603e-09-3.65464e-09-5.18535e-10
 3.49877e-09 8.17707e-09 1.31255e-08 1.77598e-08 2.13978e-08 2.34875e-08
 2.37758e-08 2.22455e-08 1.89856e-08 1.42300e-08 8.48604e-09 2.56517e-09
-2.52124e-09-5.76499e-09-6.37093e-09-3.85561e-09 1.97053e-09 1.10095e-08
 2.27367e-08 3.58970e-08 4.81653e-08 5.59962e-08 5.48741e-08 4.00791e-08
 7.91287e-09-4.28733e-08-1.09760e-07-1.85467e-07-2.57458e-07-3.08687e-07
-3.21546e-07-2.85387e-07-2.02153e-07-8.39699e-08 5.32293e-08 1.91665e-07
 3.14186e-07 4.13004e-07 4.88477e-07 5.31445e-07 5.17780e-07 4.26549e-07
 2.55206e-07 2.19329e-08-2.35166e-07-4.64510e-07-6.10465e-07-6.23208e-07
-4.82699e-07-2.27092e-07 5.13109e-08 2.50444e-07 3.08898e-07 2.30629e-07
 7.91903e-08-5.47547e-08-1.02838e-07-5.76127e-08 2.73960e-08 7.84110e-08
 5.59295e-08-1.67659e-08-7.50500e-08-6.90318e-08-6.89679e-09 5.41656e-08
 6.25704e-08 2.08433e-08-2.05980e-08-1.86645e-08 1.71664e-08 3.99157e-08
 2.26779e-08-1.04443e-08-1.77770e-08 5.63689e-09 2.42601e-08 1.28052e-08
-9.88451e-09-1.13511e-08 6.07145e-09 1.19210e-08-3.05109e-09-1.42631e-08
-6.05805e-09 3.44849e-09-3.54433e-09-1.36666e-08-9.01561e-09 3.59244e-10
-1.80809e-09-6.91254e-09-1.31415e-09 5.99267e-09 3.79947e-09 1.17829e-09
 5.31481e-09 6.50421e-09 1.79345e-09 4.17457e-10 1.40319e-09-1.58550e-09
-4.18136e-09-3.63130e-09-4.17010e-09-4.76338e-09-3.24336e-09-1.72247e-09
-3.80675e-10 1.47054e-09 2.87546e-09 3.62889e-09 3.90967e-09 3.51789e-09
 2.54933e-09 1.28371e-09-1.02219e-11-1.03852e-09-1.60019e-09-1.64540e-09
-1.22601e-09-4.71144e-10 4.24690e-10 1.22430e-09 1.68984e-09 1.66289e-09
 1.12449e-09 2.00741e-10-8.75259e-10-1.83619e-09-2.44468e-09-2.53554e-09
-2.04502e-09-1.02571e-09 3.46487e-10 1.79067e-09 2.97646e-09 3.60754e-09
 3.50675e-09 2.66042e-09 1.21564e-09-5.54939e-10-2.31111e-09-3.71792e-09
-4.52007e-09-4.59327e-09-3.96498e-09-2.80684e-09-1.39714e-09-5.52247e-11
 9.40170e-10 1.42165e-09 1.36551e-09 8.80249e-10 1.68011e-10-5.32529e-10
-1.02174e-09-1.20761e-09-1.12413e-09-8.92340e-10-6.64116e-10-5.78547e-10
-7.20619e-10-1.07713e-09-1.52029e-09-1.84352e-09-1.83308e-09-1.34258e-09
-3.49966e-10 1.01932e-09 2.51624e-09 3.83339e-09 4.68700e-09 4.89416e-09
 4.42943e-09 3.43883e-09 2.19282e-09 9.94049e-10 8.55009e-11-4.08400e-10
-5.00987e-10-3.21837e-10-6.06186e-11 1.03708e-10 6.57842e-11-1.68389e-10
-4.81898e-10-6.90555e-10-6.20700e-10-1.95930e-10 5.07204e-10 1.27022e-09
 1.81138e-09 1.89464e-09 1.42155e-09 4.72046e-10-7.19135e-10-1.83981e-09
-2.60014e-09-2.81850e-09-2.46817e-09-1.67538e-09-6.73937e-10 2.68153e-10
 9.31215e-10 1.21475e-09 1.16944e-09 9.68149e-10 8.20680e-10 8.68286e-10
 1.10833e-09 1.38941e-09 1.48221e-09 1.18909e-09 4.38703e-10-6.73135e-10
-1.91020e-09-2.97871e-09-3.62933e-09-3.73435e-09-3.31343e-09-2.50486e-09
-1.49789e-09-4.57668e-10 5.24671e-10 1.43911e-09 2.32204e-09 3.19789e-09
 4.03191e-09 4.72377e-09 5.14100e-09 5.16698e-09 4.74146e-09 3.88206e-09
 2.67875e-09 1.26151e-09-2.38497e-10-1.70900e-09-3.05295e-09-4.17798e-09
-4.99331e-09-5.41586e-09-5.38393e-09-4.87429e-09-3.91528e-09-2.59378e-09
-1.05929e-09 4.83924e-10 1.81320e-09 2.74724e-09 3.19596e-09 3.16937e-09
 2.74471e-09 2.01663e-09 1.05707e-09-9.74877e-11-1.42033e-09-2.84005e-09
-4.19868e-09-5.26374e-09-5.79372e-09-5.61893e-09-4.70121e-09-3.15707e-09
-1.23938e-09 7.24919e-10 2.42558e-09 3.64625e-09 4.29071e-09 4.35855e-09
 3.89996e-09 2.97812e-09 1.65523e-09 7.55546e-12-1.83417e-09-3.64077e-09
-5.08178e-09-5.79864e-09-5.53344e-09-4.24083e-09-2.11675e-09 4.65992e-10
 3.07004e-09 5.29629e-09 6.84826e-09 7.55816e-09 7.38366e-09 6.38729e-09
 4.71236e-09 2.56713e-09 2.21120e-10-1.99793e-09-3.73110e-09-4.65648e-09
-4.58606e-09-3.54861e-09-1.80469e-09 2.31198e-10 2.12873e-09 3.56875e-09
 4.40197e-09 4.63013e-09 4.34258e-09 3.65347e-09 2.67154e-09 1.50565e-09
 2.84016e-10-8.43241e-10-1.73384e-09-2.30509e-09-2.57498e-09-2.65899e-09
-2.71350e-09-2.84834e-09-3.05388e-09-3.19218e-09-3.07074e-09-2.55936e-09
-1.67674e-09-5.95045e-10 4.34237e-10 1.18662e-09 1.54693e-09 1.53349e-09
 1.26444e-09 8.93303e-10 5.49464e-10 3.10146e-10 2.02027e-10 1.95804e-10
 1.62364e-10 5.72027e-11
     0.0000e+00     0.0000e+00      0  0  0.00
     512   1.00000  0.0000e+00
 3.79340e-10 3.53642e-10 2.80546e-10 1.59459e-10 6.02011e-13-1.75742e-10
-3.44600e-10-4.82687e-10-5.73453e-10-6.10568e-10-5.98759e-10-5.50515e-10
-4.79178e-10-3.92076e-10-2.88837e-10-1.66151e-10-2.45974e-11 1.26888e-10
 2.70552e-10 3.84582e-10 4.52175e-10 4.69400e-10 4.46675e-10 4.03940e-10
 3.62492e-10 3.36415e-10 3.26691e-10 3.21222e-10 3.02092e-10 2.56578e-10
 1.84138e-10 9.46533e-11 1.56508e-12-8.37232e-11-1.54469e-10-2.09255e-10
-2.50285e-10-2.79303e-10-2.93837e-10-2.87166e-10-2.52452e-10-1.87660e-10
-9.77010e-11 6.80565e-12 1.13555e-10 2.14221e-10 3.07678e-10 3.96963e-10
 4.82609e-10 5.58770e-10 6.14457e-10 6.36757e-10 6.13344e-10 5.35591e-10
 4.03059e-10 2.25050e-10 1.56034e-11-2.13454e-10-4.53655e-10-6.94826e-10
-9.20318e-10-1.10738e-09-1.23215e-09-1.27693e-09-1.23746e-09-1.12657e-09
-9.70882e-10-8.01889e-10-6.47104e-10-5.24087e-10-4.36560e-10-3.73403e-10
-3.13003e-10-2.31091e-10-1.05817e-10 8.15455e-11 3.43995e-10 6.80283e-10
 1.06687e-09 1.45916e-09 1.80112e-09 2.03601e-09 2.11558e-09 2.01105e-09
 1.72454e-09 1.29346e-09 7.84775e-10 2.83004e-10-1.23206e-10-3.55917e-10
-3.63271e-10-1.31545e-10 3.08674e-10 8.82500e-10 1.47972e-09 1.97589e-09
 2.26048e-09 2.25960e-09 1.94641e-09 1.34259e-09 5.14540e-10-4.40306e-10
-1.41838e-09-2.33505e-09-3.13710e-09-3.80408e-09-4.34792e-09-4.81067e-09
-5.25150e-09-5.72331e-09-6.25239e-09-6.83054e-09-7.41670e-09-7.94303e-09
-8.32634e-09-8.48435e-09-8.35012e-09-7.87858e-09-7.04657e-09-5.84948e-09
-4.29497e-09-2.39660e-09-1.73591e-10 2.34225e-09 5.09940e-09 8.02215e-09
 1.10045e-08 1.39038e-08 1.65466e-08 1.87545e-08 2.03750e-08 2.13009e-08
 2.14796e-08 2.09180e-08 1.96748e-08 1.78324e-08 1.54624e-08 1.26148e-08
 9.33506e-09 5.68955e-09 1.78399e-09-2.22434e-09-6.12031e-09-9.64295e-09
-1.25221e-08-1.45267e-08-1.55061e-08-1.54172e-08-1.43349e-08-1.24362e-08
-9.96239e-09-7.17718e-09-4.33945e-09-1.68935e-09 5.61295e-10 2.23457e-09
 3.18901e-09 3.32988e-09 2.63112e-09 1.15501e-09-9.42850e-10-3.42166e-09
-5.97733e-09-8.29104e-09-1.01099e-08-1.13394e-08-1.21219e-08-1.28898e-08
-1.43811e-08-1.75833e-08-2.35714e-08-3.32491e-08-4.70236e-08-6.44448e-08
-8.38593e-08-1.02178e-07-1.14892e-07-1.16446e-07-1.01022e-07-6.37824e-08
-2.48502e-09 8.06964e-08 1.77609e-07 2.74064e-07 3.52599e-07 3.96684e-07
 3.94255e-07 3.40477e-07 2.38800e-07 1.00789e-07-5.31675e-08-1.95480e-07
-2.98556e-07-3.44220e-07-3.30811e-07-2.74518e-07-2.02737e-07-1.41561e-07
-1.03962e-07-8.56137e-08-7.13179e-08-4.84771e-08-1.80265e-08 6.26292e-09
 9.98603e-09-7.85213e-09-3.11356e-08-3.80557e-08-1.78854e-08 2.24004e-08
 6.49446e-08 9.01434e-08 8.11729e-08 3.21322e-08-3.90540e-08-9.43167e-08
-1.02641e-07-5.86047e-08 3.08035e-08 1.64278e-07 3.37114e-07 5.23852e-07
 6.85008e-07 7.81875e-07 7.77040e-07 6.40335e-07 3.66735e-07-1.79636e-08
-4.61631e-07-8.87910e-07-1.20835e-06-1.34801e-06-1.26893e-06-9.83696e-07
-5.56276e-07-8.55049e-08 3.25422e-07 6.00624e-07 7.11745e-07 6.79963e-07
 5.59406e-07 4.09978e-07 2.73854e-07 1.66781e-07 8.49842e-08 1.94736e-08
-3.34430e-08-7.18936e-08-9.41432e-08-1.01190e-07-9.46202e-08-7.59666e-08
-5.10018e-08-3.10139e-08-2.31903e-08-2.14152e-08-1.44144e-08-2.31763e-09
 4.60817e-09 3.56270e-09 2.60387e-09 5.34832e-09 6.69715e-09 5.04648e-09
 4.32231e-09 4.42409e-09 2.68016e-09 6.84536e-10-1.62649e-10-1.99497e-09
-4.51257e-09-5.59235e-09-6.53163e-09-8.15097e-09-8.46688e-09-7.87455e-09
-7.78530e-09-6.94894e-09-5.25145e-09-4.04097e-09-2.64171e-09-8.44005e-10
 3.09546e-10 1.30076e-09 2.30028e-09 2.60206e-09 2.73668e-09 2.82605e-09
 2.45018e-09 2.18225e-09 2.01167e-09 1.68200e-09 1.65141e-09 1.69602e-09
 1.66766e-09 1.84180e-09 1.87574e-09 1.77887e-09 1.68101e-09 1.31916e-09
 8.97796e-10 4.59254e-10-6.38102e-11-3.98888e-10-6.03046e-10-6.35856e-10
-4.02621e-10-4.94237e-11 4.83455e-10 1.09399e-09 1.65378e-09 2.16627e-09
 2.50387e-09 2.69849e-09 2.75798e-09 2.67555e-09 2.53977e-09 2.35889e-09
 2.20861e-09 2.11329e-09 2.04639e-09 1.97271e-09 1.79730e-09 1.48976e-09
 1.03666e-09 4.45652e-10-2.74346e-10-1.11654e-09-2.01866e-09-2.89155e-09
-3.63012e-09-4.17180e-09-4.52306e-09-4.73092e-09-4.83575e-09-4.83971e-09
-4.73365e-09-4.53073e-09-4.26865e-09-3.96750e-09-3.60417e-09-3.13032e-09
-2.51236e-09-1.77320e-09-9.91395e-10-2.51200e-10 3.98102e-10 9.39816e-10
 1.36504e-09 1.65205e-09 1.77883e-09 1.76014e-09 1.65193e-09 1.51195e-09
 1.36522e-09 1.19936e-09 9.81869e-10 6.89342e-10 3.28224e-10-6.91868e-11
-4.62714e-10-8.17562e-10-1.10167e-09-1.27391e-09-1.29168e-09-1.13784e-09
-8.31167e-10-4.15506e-10 5.54707e-11 5.40077e-10 1.02552e-09 1.52143e-09
 2.04078e-09 2.58401e-09 3.13345e-09 3.65837e-09 4.11653e-09 4.45126e-09
 4.60036e-09 4.51277e-09 4.16048e-09 3.54834e-09 2.71864e-09 1.73896e-09
 6.82615e-10-3.79850e-10-1.37971e-09-2.24853e-09-2.91804e-09-3.32436e-09
-3.41608e-09-3.16491e-09-2.58092e-09-1.72151e-09-6.89364e-10 3.72264e-10
 1.30120e-09 1.96162e-09 2.28087e-09 2.26366e-09 1.99806e-09 1.64383e-09
 1.39205e-09 1.41638e-09 1.82934e-09 2.63935e-09 3.72477e-09 4.84621e-09
 5.68765e-09 5.90824e-09 5.20266e-09 3.36884e-09 3.74240e-10-3.59485e-09
-8.12632e-09-1.26318e-08-1.64405e-08-1.89146e-08-1.95630e-08-1.81380e-08
-1.47052e-08-9.67195e-09-3.74402e-09 2.20113e-09 7.29640e-09 1.08592e-08
 1.25008e-08 1.21649e-08 1.01145e-08 6.87563e-09 3.13995e-09-3.72701e-10
-3.07637e-09-4.64709e-09-5.05743e-09-4.51315e-09-3.34144e-09-1.89078e-09
-4.64098e-10 7.28926e-10 1.60389e-09 2.20747e-09 2.68271e-09 3.18241e-09
 3.76789e-09 4.36609e-09 4.80490e-09 4.89205e-09 4.49908e-09 3.61232e-09
 2.33848e-09 8.85942e-10-4.72136e-10-1.46063e-09-1.88298e-09-1.69764e-09
-1.04833e-09-2.11423e-10 5.14741e-10 9.19230e-10 9.46097e-10 6.95512e-10
 3.65933e-10 1.79833e-10 3.15494e-10 8.47754e-10 1.71891e-09 2.75414e-09
 3.71425e-09 4.37537e-09 4.60482e-09 4.39252e-09 3.83330e-09 3.07974e-09
 2.28138e-09 1.53375e-09 8.57632e-10 2.11129e-10-4.70970e-10-1.22983e-09
-2.05437e-09-2.87652e-09-3.58551e-09-4.06858e-09-4.26427e-09-4.19585e-09
-3.96966e-09-3.73612e-09-3.62252e-09-3.67341e-09-3.82882e-09-3.94518e-09
-3.85686e-09-3.45439e-09-2.73208e-09-1.78577e-09-7.77525e-10 1.20948e-10
 7.92000e-10 1.21280e-09 1.45112e-09 1.61815e-09 1.80241e-09 2.02260e-09
 2.22225e-09 2.30048e-09 2.16360e-09 1.78027e-09 1.21460e-09 6.19494e-10
 1.94325e-10 2.51476e-11
     0.0000e+00     0.0000e+00      0  0  0.00
     512   1.00000  0.0000e+00
-5.27665e-10-2.88519e-10 3.12874e-11 3.98019e-10 7.61942e-10 1.07020e-09
 1.28229e-09 1.38115e-09 1.37346e-09 1.27911e-09 1.11707e-09 8.95980e-10
 6.14638e-10 2.71803e-10-1.20866e-10-5.29855e-10-9.00368e-10-1.16912e-09
-1.28500e-09-1.22695e-09-1.01040e-09-6.80630e-10-2.97058e-10 8.51343e-11
 4.27717e-10 7.10227e-10 9.20120e-10 1.04174e-09 1.05300e-09 9.31127e-10
 6.64800e-10 2.67861e-10-2.13154e-10-7.04857e-10-1.12608e-09-1.41151e-09
-1.52754e-09-1.47343e-09-1.27091e-09-9.50625e-10-5.41574e-10-6.88100e-11
 4.38920e-10 9.38379e-10 1.36925e-09 1.66426e-09 1.76710e-09 1.65014e-09
 1.32537e-09 8.42488e-10 2.72556e-10-3.14283e-10-8.62584e-10-1.33064e-09
-1.68120e-09-1.87461e-09-1.87083e-09-1.64109e-09-1.18415e-09-5.38764e-10
 2.16368e-10 9.77935e-10 1.64311e-09 2.13142e-09 2.39366e-09 2.40905e-09
 2.17772e-09 1.71466e-09 1.04990e-09 2.37471e-10-6.34976e-10-1.45069e-09
-2.08697e-09-2.44535e-09-2.47461e-09-2.18005e-09-1.61774e-09-8.76051e-10
-5.36892e-11 7.53028e-10 1.45081e-09 1.94809e-09 2.16382e-09 2.04708e-09
 1.59602e-09 8.64110e-10-4.99316e-11-1.02526e-09-1.94714e-09-2.72847e-09
-3.31374e-09-3.66727e-09-3.76061e-09-3.57090e-09-3.08851e-09-2.32666e-09
-1.32869e-09-1.67315e-10 1.06767e-09 2.28568e-09 3.40013e-09 4.31879e-09
 4.93619e-09 5.14533e-09 4.86825e-09 4.08942e-09 2.87711e-09 1.38557e-09
-1.64079e-10-1.52046e-09-2.44292e-09-2.73171e-09-2.24601e-09-9.22296e-10
 1.20113e-09 3.96585e-09 7.09546e-09 1.02207e-08 1.29227e-08 1.47862e-08
 1.54485e-08 1.46296e-08 1.21507e-08 7.95917e-09 2.17061e-09-4.89189e-09
-1.26833e-08-2.04609e-08-2.73497e-08-3.24489e-08-3.49745e-08-3.44191e-08
-3.07001e-08-2.42554e-08-1.60266e-08-7.29254e-09 6.17481e-10 6.63493e-09
 1.01900e-08 1.13139e-08 1.05898e-08 8.97372e-09 7.53118e-09 7.16044e-09
 8.37338e-09 1.11768e-08 1.50695e-08 1.91580e-08 2.23835e-08 2.38195e-08
 2.29406e-08 1.97501e-08 1.47170e-08 8.58941e-09 2.19143e-09-3.73273e-09
-8.60226e-09-1.20228e-08-1.37870e-08-1.38804e-08-1.24759e-08-9.89504e-09
-6.54552e-09-2.86078e-09 7.58780e-10 4.00702e-09 6.71939e-09 8.88516e-09
 1.06219e-08 1.21137e-08 1.34998e-08 1.47143e-08 1.53357e-08 1.45418e-08
 1.12129e-08 4.16437e-09-7.51737e-09-2.40472e-08-4.44710e-08-6.62741e-08
-8.52185e-08-9.55339e-08-9.07137e-08-6.60737e-08-2.35936e-08 2.62809e-08
 7.17138e-08 1.07159e-07 1.30497e-07 1.37225e-07 1.22058e-07 8.37485e-08
 2.83614e-08-2.99401e-08-7.37076e-08-9.13910e-08-8.37183e-08-6.24691e-08
-4.27718e-08-3.37933e-08-3.34954e-08-3.09001e-08-1.50977e-08 1.44493e-08
 4.51351e-08 6.00978e-08 5.08292e-08 2.21615e-08-1.24837e-08-3.96090e-08
-5.11583e-08-4.46556e-08-2.22557e-08 7.16908e-09 2.97883e-08 4.07077e-08
 5.41924e-08 8.70355e-08 1.34472e-07 1.76358e-07 1.99261e-07 1.95238e-07
 1.49465e-07 5.01085e-08-9.63586e-08-2.69350e-07-4.38035e-07-5.58454e-07
-5.86404e-07-4.96441e-07-2.88274e-07 8.47536e-09 3.31018e-07 5.96593e-07
 7.28039e-07 6.80868e-07 4.65402e-07 1.51662e-07-1.52519e-07-3.44312e-07
-3.71579e-07-2.59008e-07-9.59696e-08 1.45743e-08 1.90672e-08-5.31525e-08
-1.14407e-07-9.16281e-08 7.34524e-09 9.81099e-08 1.02441e-07 3.15807e-08
-2.72792e-08-1.53935e-08 3.03851e-08 3.87467e-08 5.36057e-09-1.49532e-08
-1.68441e-09 1.00394e-08 1.44314e-09-4.71861e-09 1.49606e-09 2.35346e-09
-4.27833e-09-4.19957e-09-1.05712e-09-4.33467e-09-6.52693e-09-3.55100e-09
-3.53920e-09-5.10353e-09-2.45374e-09-5.98264e-10-1.21998e-09 7.34390e-10
 2.67582e-09 2.05572e-09 2.80427e-09 3.73998e-09 2.53559e-09 2.21400e-09
 2.12443e-09 4.95083e-10-2.22801e-10-6.02116e-10-1.82238e-09-1.90525e-09
-1.65847e-09-1.80805e-09-9.22491e-10-6.32225e-11 5.50792e-10 1.83700e-09
 2.66407e-09 3.26532e-09 4.02253e-09 4.02649e-09 3.86219e-09 3.49440e-09
 2.55204e-09 1.75639e-09 7.89821e-10-2.75502e-10-1.02590e-09-1.82374e-09
-2.31158e-09-2.48057e-09-2.51484e-09-2.19316e-09-1.83919e-09-1.40537e-09
-8.82288e-10-4.81758e-10-1.04695e-10 5.11539e-11-9.02575e-12-2.24628e-10
-6.36056e-10-1.15434e-09-1.85724e-09-2.65234e-09-3.39892e-09-3.98231e-09
-4.28512e-09-4.34348e-09-4.18198e-09-3.81823e-09-3.19487e-09-2.27634e-09
-1.18196e-09-1.17932e-10 7.19292e-10 1.27346e-09 1.59550e-09 1.73127e-09
 1.63718e-09 1.22546e-09 4.97427e-10-3.99090e-10-1.23654e-09-1.85552e-09
-2.23363e-09-2.41652e-09-2.40681e-09-2.12848e-09-1.49917e-09-5.39876e-10
 6.02753e-10 1.74930e-09 2.78451e-09 3.67569e-09 4.41561e-09 4.94981e-09
 5.18013e-09 5.04603e-09 4.58086e-09 3.89688e-09 3.12801e-09 2.37183e-09
 1.68427e-09 1.11982e-09 7.47238e-10 6.29261e-10 7.94807e-10 1.21034e-09
 1.78180e-09 2.40213e-09 2.98474e-09 3.45350e-09 3.73189e-09 3.74866e-09
 3.44806e-09 2.80711e-09 1.84850e-09 6.37858e-10-7.24223e-10-2.11917e-09
-3.42982e-09-4.53844e-09-5.32950e-09-5.71956e-09-5.67381e-09-5.20477e-09
-4.38270e-09-3.33112e-09-2.19357e-09-1.10978e-09-2.02365e-10 4.44346e-10
 7.90735e-10 8.34208e-10 6.17947e-10 2.37295e-10-1.84735e-10-5.28979e-10
-7.02190e-10-6.58725e-10-4.03817e-10 2.99045e-11 5.93681e-10 1.21050e-09
 1.78465e-09 2.24598e-09 2.58293e-09 2.84059e-09 3.10266e-09 3.45763e-09
 3.95540e-09 4.59662e-09 5.34513e-09 6.10067e-09 6.65965e-09 6.75190e-09
 6.13836e-09 4.69237e-09 2.44576e-09-4.05355e-10-3.54555e-09-6.58444e-09
-9.06573e-09-1.05195e-08-1.06105e-08-9.28230e-09-6.78578e-09-3.59667e-09
-2.83064e-10 2.60972e-09 4.61108e-09 5.35803e-09 4.68399e-09 2.73189e-09
-2.90887e-11-2.95279e-09-5.45277e-09-7.16218e-09-7.94854e-09-7.84882e-09
-7.00999e-09-5.67782e-09-4.19440e-09-2.90975e-09-2.02393e-09-1.50106e-09
-1.13270e-09-7.00381e-10-1.23144e-10 5.11291e-10 1.02372e-09 1.23543e-09
 1.01950e-09 3.15575e-10-8.52933e-10-2.32899e-09-3.79200e-09-4.82294e-09
-5.04620e-09-4.27737e-09-2.60822e-09-3.68123e-10 2.01491e-09 4.15020e-09
 5.76022e-09 6.70946e-09 7.00746e-09 6.79485e-09 6.29767e-09 5.73634e-09
 5.23079e-09 4.76133e-09 4.20513e-09 3.43369e-09 2.41907e-09 1.28057e-09
 2.56561e-10-3.74241e-10-3.99685e-10 2.38762e-10 1.42379e-09 2.89103e-09
 4.28938e-09 5.27618e-09 5.61876e-09 5.25560e-09 4.29902e-09 2.97463e-09
 1.51757e-09 8.34238e-11-1.28222e-09-2.61224e-09-3.94366e-09-5.24204e-09
-6.36828e-09-7.10250e-09-7.21916e-09-6.58665e-09-5.24202e-09-3.40885e-09
-1.45316e-09 2.20848e-10 1.30136e-09 1.66570e-09 1.41123e-09 8.12762e-10
 2.11202e-10-1.18739e-10-5.83873e-11 3.27020e-10 8.15437e-10 1.09506e-09
 8.32626e-10 2.62319e-10
     0.0000e+00     0.0000e+00      0  0  0.00
     512   1.00000  0.0000e+00
-9.52878e-10-8.45189e-10-6.78337e-10-4.71971e-10-2.48939e-10-2.88010e-11
 1.77150e-10 3.63702e-10 5.23843e-10 6.44452e-10 7.10489e-10 7.12824e-10
 6.52730e-10 5.41644e-10 3.98940e-10 2.48361e-10 1.11707e-10 2.20896e-12
-7.76748e-11-1.33942e-10-1.76599e-10-2.13634e-10-2.45945e-10-2.68030e-10
-2.74269e-10-2.64426e-10-2.42864e-10-2.12860e-10-1.72943e-10-1.18778e-10
-4.57875e-11 5.13787e-11 1.77460e-10 3.29136e-10 4.88657e-10 6.27321e-10
 7.16638e-10 7.38586e-10 6.89890e-10 5.80327e-10 4.27362e-10 2.49775e-10
 6.26941e-11-1.23956e-10-3.04247e-10-4.74645e-10-6.31509e-10-7.66822e-10
-8.66791e-10-9.18079e-10-9.17119e-10-8.71301e-10-7.88264e-10-6.65298e-10
-4.92261e-10-2.63520e-10 1.49058e-11 3.25035e-10 6.36911e-10 9.10390e-10
 1.10529e-09 1.19700e-09 1.18609e-09 1.09583e-09 9.60918e-10 8.13949e-10
 6.75827e-10 5.55562e-10 4.57821e-10 3.88089e-10 3.47396e-10 3.21506e-10
 2.77887e-10 1.75940e-10-1.83613e-11-3.22597e-10-7.30638e-10-1.20557e-09
-1.68288e-09-2.09238e-09-2.38467e-09-2.53822e-09-2.54664e-09-2.40788e-09
-2.12836e-09-1.73356e-09-1.27352e-09-8.18994e-10-4.48094e-10-2.25833e-10
-1.84730e-10-3.16796e-10-5.78509e-10-9.02489e-10-1.21139e-09-1.43177e-09
-1.50251e-09-1.37323e-09-1.00007e-09-3.55327e-10 5.48720e-10 1.64874e-09
 2.85332e-09 4.08224e-09 5.28786e-09 6.45209e-09 7.57790e-09 8.68251e-09
 9.78298e-09 1.08771e-08 1.19375e-08 1.29197e-08 1.37674e-08 1.44039e-08
 1.47230e-08 1.45970e-08 1.39039e-08 1.25570e-08 1.05203e-08 7.80548e-09
 4.45299e-09 5.17153e-10-3.93119e-09-8.78634e-09-1.38960e-08-1.90687e-08
-2.40869e-08-2.87129e-08-3.27023e-08-3.58310e-08-3.79187e-08-3.88341e-08
-3.85035e-08-3.69378e-08-3.42450e-08-3.05887e-08-2.61158e-08-2.09187e-08
-1.50594e-08-8.62246e-09-1.75560e-09 5.31127e-09 1.22616e-08 1.87116e-08
 2.42592e-08 2.85443e-08 3.12963e-08 3.23756e-08 3.18108e-08 2.98105e-08
 2.67270e-08 2.29875e-08 1.90252e-08 1.52289e-08 1.19188e-08 9.34780e-09
 7.70860e-09 7.11993e-09 7.59161e-09 9.00299e-09 1.11138e-08 1.35893e-08
 1.60222e-08 1.79702e-08 1.90420e-08 1.90190e-08 1.79841e-08 1.64440e-08
 1.54135e-08 1.63828e-08 2.11017e-08 3.11999e-08 4.76943e-08 7.04074e-08
 9.73463e-08 1.24203e-07 1.44219e-07 1.48620e-07 1.27743e-07 7.29013e-08
-2.10713e-08-1.52841e-07-3.11647e-07-4.75361e-07-6.12070e-07-6.88035e-07
-6.79420e-07-5.78743e-07-3.92880e-07-1.41818e-07 1.38176e-07 3.97201e-07
 5.84771e-07 6.66458e-07 6.37091e-07 5.24453e-07 3.78925e-07 2.51776e-07
 1.72666e-07 1.38999e-07 1.24301e-07 1.01469e-07 6.50278e-08 3.51066e-08
 3.88863e-08 8.31543e-08 1.42299e-07 1.75633e-07 1.58253e-07 9.46740e-08
 7.02506e-09-7.92124e-08-1.38544e-07-1.58250e-07-1.61133e-07-1.93994e-07
-2.79673e-07-3.98517e-07-5.23907e-07-6.51621e-07-7.77782e-07-8.71171e-07
-8.91002e-07-8.11271e-07-6.16119e-07-3.04859e-07 8.98167e-08 5.11498e-07
 9.01043e-07 1.20140e-06 1.36516e-06 1.36936e-06 1.22079e-06 9.51629e-07
 6.10937e-07 2.51315e-07-8.51696e-08-3.72307e-07-5.93553e-07-7.32783e-07
-7.71726e-07-6.98258e-07-5.23182e-07-2.93712e-07-8.54462e-08 3.36787e-08
 4.78845e-08 9.91731e-09 1.87255e-09 6.00523e-08 1.35980e-07 1.47846e-07
 7.86399e-08 2.18263e-09-9.04364e-09 2.45921e-08 3.12221e-08-2.26013e-09
-2.40344e-08-1.28259e-08-3.32841e-09-1.18947e-08-1.44270e-08-4.79388e-09
-2.67826e-09-6.41260e-09-1.41787e-09 4.63702e-09 3.26472e-09 4.61487e-09
 9.98237e-09 1.01246e-08 9.35189e-09 1.23862e-08 1.24670e-08 1.05112e-08
 1.16032e-08 1.12008e-08 8.70923e-09 8.50142e-09 7.48507e-09 4.82311e-09
 4.09680e-09 2.95415e-09 7.64771e-10 2.56043e-10-6.56449e-10-2.14703e-09
-2.23902e-09-2.85351e-09-3.64766e-09-3.41352e-09-3.82836e-09-4.06288e-09
-3.64640e-09-3.81210e-09-3.49261e-09-2.93684e-09-2.82911e-09-2.26780e-09
-1.95035e-09-1.86663e-09-1.50580e-09-1.58842e-09-1.67226e-09-1.76928e-09
-2.19297e-09-2.45797e-09-2.93578e-09-3.49208e-09-3.90339e-09-4.39859e-09
-4.66760e-09-4.87943e-09-5.02443e-09-4.96011e-09-4.82751e-09-4.45706e-09
-3.97833e-09-3.45991e-09-2.90294e-09-2.35006e-09-1.63350e-09-7.69138e-10
 2.09093e-10 1.21570e-09 2.20130e-09 3.23668e-09 4.32874e-09 5.44824e-09
 6.47420e-09 7.31863e-09 7.98629e-09 8.53189e-09 8.98372e-09 9.26484e-09
 9.26977e-09 8.95907e-09 8.39729e-09 7.67873e-09 6.84035e-09 5.85215e-09
 4.68627e-09 3.39993e-09 2.12098e-09 9.46775e-10-1.23058e-10-1.14261e-09
-2.12332e-09-2.98801e-09-3.62156e-09-3.96575e-09-4.05250e-09-3.94702e-09
-3.68218e-09-3.25209e-09-2.65001e-09-1.90737e-09-1.10037e-09-3.12037e-10
 4.15811e-10 1.08873e-09 1.71597e-09 2.26442e-09 2.66406e-09 2.85382e-09
 2.80952e-09 2.54137e-09 2.08066e-09 1.45554e-09 6.70736e-10-2.80162e-10
-1.38282e-09-2.58897e-09-3.83539e-09-5.06836e-09-6.23775e-09-7.27350e-09
-8.08471e-09-8.57994e-09-8.68962e-09-8.39265e-09-7.73097e-09-6.78591e-09
-5.64116e-09-4.37441e-09-3.06991e-09-1.82355e-09-7.33381e-10 1.21603e-10
 7.01949e-10 1.00918e-09 1.07232e-09 9.39236e-10 6.81270e-10 3.98727e-10
 2.01145e-10 1.61294e-10 2.79619e-10 4.82948e-10 6.52408e-10 6.65730e-10
 4.27645e-10-1.21893e-10-9.94904e-10-2.12294e-09-3.33031e-09-4.34553e-09
-4.85687e-09-4.58086e-09-3.30448e-09-9.06946e-10 2.59917e-09 7.00970e-09
 1.19050e-08 1.66945e-08 2.07203e-08 2.33879e-08 2.42685e-08 2.31453e-08
 2.00436e-08 1.52733e-08 9.43162e-09 3.29719e-09-2.35817e-09-6.93694e-09
-1.00792e-08-1.16327e-08-1.16137e-08-1.02180e-08-7.84880e-09-5.07094e-09
-2.45373e-09-3.85352e-10 1.00208e-09 1.75387e-09 1.96478e-09 1.72115e-09
 1.12096e-09 2.99363e-10-5.99466e-10-1.49280e-09-2.39311e-09-3.34715e-09
-4.33464e-09-5.23491e-09-5.88853e-09-6.18497e-09-6.10300e-09-5.68703e-09
-4.99903e-09-4.10152e-09-3.08306e-09-2.08266e-09-1.26659e-09-7.59096e-10
-5.84093e-10-6.74187e-10-9.34941e-10-1.30505e-09-1.77092e-09-2.33517e-09
-2.97919e-09-3.66428e-09-4.35821e-09-5.03967e-09-5.67572e-09-6.20164e-09
-6.52562e-09-6.56091e-09-6.25651e-09-5.59955e-09-4.60635e-09-3.32424e-09
-1.83386e-09-2.39452e-10 1.34961e-09 2.83357e-09 4.12685e-09 5.16681e-09
 5.93407e-09 6.45717e-09 6.78769e-09 6.97511e-09 7.05876e-09 7.06614e-09
 7.01411e-09 6.91050e-09 6.75082e-09 6.51924e-09 6.19461e-09 5.75217e-09
 5.17226e-09 4.45505e-09 3.61191e-09 2.64288e-09 1.54318e-09 3.34429e-10
-9.20650e-10-2.12993e-09-3.19040e-09-4.00040e-09-4.47187e-09-4.55480e-09
-4.26318e-09-3.67682e-09-2.91558e-09-2.10652e-09-1.35786e-09-7.43542e-10
-3.02025e-10-6.36488e-11
     0.0000e+00     0.0000e+00      0  0  0.00
     512   1.00000  0.0000e+00
-3.23647e-10-3.41845e-10-3.54075e-10-3.63860e-10-3.75690e-10-3.92498e-10
-4.11325e-10-4.19720e-10-3.97119e-10-3.22505e-10-1.83943e-10 1.57871e-11
 2.59162e-10 5.17833e-10 7.58973e-10 9.52685e-10 1.07816e-09 1.12602e-09
 1.09585e-09 9.90483e-10 8.11525e-10 5.59925e-10 2.42217e-10-1.21719e-10
-4.95900e-10-8.34281e-10-1.09260e-09-1.23930e-09-1.26154e-09-1.16642e-09
-9.77314e-10-7.25476e-10-4.40049e-10-1.42523e-10 1.50569e-10 4.20109e-10
 6.40499e-10 7.84511e-10 8.33698e-10 7.87012e-10 6.62423e-10 4.90843e-10
 3.05927e-10 1.35114e-10-4.79755e-12-1.07271e-10-1.72112e-10-2.00026e-10
-1.88834e-10-1.35137e-10-4.22046e-11 7.20859e-11 1.76417e-10 2.37626e-10
 2.33688e-10 1.58714e-10 1.94001e-11-1.70623e-10-3.93978e-10-6.30925e-10
-8.60292e-10-1.05936e-09-1.20318e-09-1.26585e-09-1.22556e-09-1.07186e-09
-8.10609e-10-4.62490e-10-5.49590e-11 3.86963e-10 8.43236e-10 1.29268e-09
 1.70546e-09 2.04295e-09 2.26500e-09 2.33688e-09 2.23227e-09 1.93631e-09
 1.45305e-09 8.12914e-10 7.35937e-11-6.85009e-10-1.36637e-09-1.86323e-09
-2.07031e-09-1.90670e-09-1.34040e-09-4.03115e-10 8.10268e-10 2.15427e-09
 3.45136e-09 4.51293e-09 5.16364e-09 5.27060e-09 4.77163e-09 3.69057e-09
 2.13182e-09 2.59461e-10-1.72752e-09-3.62035e-09-5.23018e-09-6.41971e-09
-7.12321e-09-7.34597e-09-7.15065e-09-6.64352e-09-5.96125e-09-5.25041e-09
-4.64084e-09-4.22737e-09-4.06897e-09-4.19768e-09-4.62242e-09-5.32296e-09
-6.24094e-09-7.27628e-09-8.29067e-09-9.11509e-09-9.55830e-09-9.41822e-09
-8.50139e-09-6.65113e-09-3.77644e-09 1.26999e-10 4.96355e-09 1.05301e-08
 1.65208e-08 2.25540e-08 2.82162e-08 3.31028e-08 3.68410e-08 3.91071e-08
 3.96493e-08 3.83136e-08 3.50561e-08 2.99427e-08 2.31489e-08 1.49598e-08
 5.76100e-09-3.98607e-09-1.37732e-08-2.30747e-08-3.13828e-08-3.82530e-08
-4.33459e-08-4.64495e-08-4.74811e-08-4.64809e-08-4.36008e-08-3.90875e-08
-3.32535e-08-2.64447e-08-1.90111e-08-1.12883e-08-3.59084e-09 3.79092e-09
 1.05970e-08 1.66095e-08 2.16635e-08 2.56571e-08 2.85593e-08 3.04145e-08
 3.13332e-08 3.14791e-08 3.10699e-08 3.03944e-08 2.98205e-08 2.97708e-08
 3.06686e-08 3.28639e-08 3.65345e-08 4.15529e-08 4.73447e-08 5.27793e-08
 5.61383e-08 5.51968e-08 4.74657e-08 3.06304e-08 3.17302e-09-3.48983e-08
-8.13267e-08-1.31038e-07-1.76060e-07-2.06878e-07-2.15363e-07-1.97205e-07
-1.53161e-07-8.95126e-08-1.66489e-08 5.26782e-08 1.04452e-07 1.26947e-07
 1.15602e-07 7.52463e-08 1.90222e-08-3.57933e-08-7.40736e-08-8.83643e-08
-8.08867e-08-6.07836e-08-3.78051e-08-1.64005e-08 5.40599e-09 3.15977e-08
 6.20115e-08 9.00316e-08 1.06991e-07 1.09668e-07 1.03843e-07 1.01415e-07
 1.14648e-07 1.50488e-07 2.05319e-07 2.64443e-07 3.11755e-07 3.42704e-07
 3.64913e-07 3.82945e-07 3.83281e-07 3.39806e-07 2.33850e-07 5.99613e-08
-1.80430e-07-4.73563e-07-7.86944e-07-1.07443e-06-1.28032e-06-1.34843e-06
-1.24187e-06-9.55424e-07-5.17491e-07 9.41796e-09 5.35904e-07 9.65487e-07
 1.22039e-06 1.26347e-06 1.10889e-06 8.16945e-07 4.73196e-07 1.59448e-07
-7.11066e-08-2.04873e-07-2.60835e-07-2.71272e-07-2.61925e-07-2.42980e-07
-2.13837e-07-1.73231e-07-1.24981e-07-7.60654e-08-3.26603e-08-3.48653e-10
 1.61283e-08 1.81016e-08 1.57644e-08 1.89109e-08 2.47845e-08 2.35448e-08
 1.52167e-08 9.70035e-09 9.75806e-09 8.29863e-09 3.60309e-09 1.23182e-09
 1.17712e-09-9.29836e-10-3.46458e-09-3.50603e-09-3.80539e-09-5.51803e-09
-5.75369e-09-5.21304e-09-5.93386e-09-6.03575e-09-5.09484e-09-5.07155e-09
-4.93485e-09-3.84162e-09-3.37764e-09-2.97134e-09-1.75140e-09-9.93721e-10
-3.42950e-10 8.96184e-10 1.65097e-09 2.24873e-09 3.18047e-09 3.55408e-09
 3.76293e-09 4.08160e-09 3.84097e-09 3.55502e-09 3.28938e-09 2.61919e-09
 2.10006e-09 1.60770e-09 9.88099e-10 6.78636e-10 3.59121e-10 7.42243e-11
 3.51471e-11-9.46616e-11-1.31600e-10-1.22462e-10-2.61171e-10-3.39558e-10
-5.29901e-10-7.93325e-10-1.01637e-09-1.32464e-09-1.56036e-09-1.76494e-09
-1.92349e-09-1.90501e-09-1.77224e-09-1.44102e-09-9.37806e-10-2.81973e-10
 5.53777e-10 1.47636e-09 2.46119e-09 3.41041e-09 4.25372e-09 4.95113e-09
 5.43527e-09 5.68067e-09 5.63689e-09 5.30244e-09 4.70485e-09 3.89412e-09
 2.93499e-09 1.86880e-09 7.46994e-10-3.66287e-10-1.38870e-09-2.24971e-09
-2.91467e-09-3.38671e-09-3.68599e-09-3.82195e-09-3.80231e-09-3.64828e-09
-3.40365e-09-3.12275e-09-2.83691e-09-2.54292e-09-2.22876e-09-1.89136e-09
-1.53273e-09-1.15232e-09-7.36261e-10-2.59435e-10 2.91622e-10 9.04738e-10
 1.54645e-09 2.17300e-09 2.74193e-09 3.20794e-09 3.51175e-09 3.59063e-09
 3.39871e-09 2.91490e-09 2.14191e-09 1.10320e-09-1.58294e-10-1.58181e-09
-3.09189e-09-4.59944e-09-6.00418e-09-7.20462e-09-8.11164e-09-8.65416e-09
-8.77797e-09-8.45079e-09-7.67091e-09-6.46776e-09-4.89887e-09-3.04617e-09
-1.00847e-09 1.10390e-09 3.17287e-09 5.08062e-09 6.71499e-09 7.97645e-09
 8.79275e-09 9.12762e-09 8.98131e-09 8.39249e-09 7.43854e-09 6.22954e-09
 4.89671e-09 3.57560e-09 2.38497e-09 1.40737e-09 6.78232e-10 1.78621e-10
-1.69020e-10-4.90683e-10-9.35592e-10-1.64596e-09-2.72449e-09-4.19852e-09
-5.99134e-09-7.91627e-09-9.69053e-09-1.09665e-08-1.13936e-08-1.07034e-08
-8.78175e-09-5.70859e-09-1.77114e-09 2.55247e-09 6.64853e-09 9.86152e-09
 1.16147e-08 1.15344e-08 9.54136e-09 5.88116e-09 1.08891e-09-4.09499e-09
-8.83588e-09-1.23337e-08-1.39666e-08-1.34265e-08-1.07924e-08-6.50611e-09
-1.26417e-09 4.12789e-09 8.90911e-09 1.24910e-08 1.45396e-08 1.50160e-08
 1.41610e-08 1.24016e-08 1.02103e-08 7.97327e-09 5.91732e-09 4.11053e-09
 2.50119e-09 9.70533e-10-5.99927e-10-2.26082e-09-3.94554e-09-5.45444e-09
-6.50484e-09-6.83809e-09-6.32121e-09-5.00046e-09-3.09256e-09-9.23457e-10
 1.14722e-09 2.80093e-09 3.83503e-09 4.21050e-09 4.04784e-09 3.56916e-09
 3.00379e-09 2.50387e-09 2.10893e-09 1.75567e-09 1.32153e-09 6.93827e-10
-1.65491e-10-1.18900e-09-2.21549e-09-3.04120e-09-3.49010e-09-3.47466e-09
-3.03079e-09-2.31759e-09-1.57475e-09-1.04666e-09-9.03332e-10-1.19051e-09
-1.82895e-09-2.65935e-09-3.50381e-09-4.22015e-09-4.74017e-09-5.07646e-09
-5.29193e-09-5.44666e-09-5.54406e-09-5.50483e-09-5.18988e-09-4.45949e-09
-3.23927e-09-1.57043e-09 3.80341e-10 2.36247e-09 4.11212e-09 5.42329e-09
 6.20038e-09 6.47122e-09 6.35280e-09 5.98705e-09 5.47822e-09 4.86311e-09
 4.12755e-09 3.25005e-09 2.23960e-09 1.15254e-09 8.80245e-11-8.37855e-10
-1.53148e-09-1.95465e-09-2.12959e-09-2.10943e-09-1.92876e-09-1.56213e-09
-9.17131e-10-2.54896e-10
     0.0000e+00     0.0000e+00      0  0  0.00
     512   1.00000  0.0000e+00
 5.60457e-10 3.92267e-10 2.30451e-10 1.09544e-10 4.60653e-11 3.18048e-11
 3.89436e-11 3.44429e-11-3.75486e-12-7.67627e-11-1.65174e-10-2.39541e-10
-2.76427e-10-2.71661e-10-2.42768e-10-2.19040e-10-2.25238e-10-2.68026e-10
-3.32258e-10-3.88651e-10-4.08738e-10-3.79544e-10-3.10044e-10-2.25740e-10
-1.54854e-10-1.13901e-10-9.95578e-11-9.11440e-11-6.34932e-11-3.38819e-12
 8.11137e-11 1.64938e-10 2.20404e-10 2.31973e-10 2.03731e-10 1.57159e-10
 1.20119e-10 1.11804e-10 1.32122e-10 1.62519e-10 1.77936e-10 1.62392e-10
 1.18653e-10 6.65056e-11 3.04885e-11 2.39384e-11 3.96549e-11 5.42525e-11
 4.30303e-11-5.30434e-12-8.25810e-11-1.65539e-10-2.27722e-10-2.53347e-10
-2.45759e-10-2.24393e-10-2.11014e-10-2.14478e-10-2.25240e-10-2.23663e-10
-1.95753e-10-1.44884e-10-9.19160e-11-6.37211e-11-7.65702e-11-1.24519e-10
-1.80963e-10-2.12776e-10-1.97670e-10-1.34256e-10-4.03246e-11 5.84657e-11
 1.43003e-10 2.09055e-10 2.62529e-10 3.05622e-10 3.27740e-10 3.11064e-10
 2.46900e-10 1.50277e-10 6.27193e-11 4.11157e-11 1.36937e-10 3.74165e-10
 7.37129e-10 1.17551e-09 1.62258e-09 2.01414e-09 2.29745e-09 2.42964e-09
 2.37468e-09 2.10793e-09 1.62973e-09 9.80432e-10 2.43549e-10-4.72122e-10
-1.06613e-09-1.47750e-09-1.69783e-09-1.76472e-09-1.74370e-09-1.70752e-09
-1.71986e-09-1.82925e-09-2.07102e-09-2.46735e-09-3.01791e-09-3.68830e-09
-4.41163e-09-5.10914e-09-5.71831e-09-6.20945e-09-6.58151e-09-6.84170e-09
-6.98131e-09-6.96139e-09-6.71650e-09-6.17373e-09-5.27339e-09-3.98003e-09
-2.28410e-09-2.01692e-10 2.22171e-09 4.90395e-09 7.72221e-09 1.05221e-08
 1.31438e-08 1.54538e-08 1.73594e-08 1.87966e-08 1.97063e-08 2.00217e-08
 1.96769e-08 1.86271e-08 1.68683e-08 1.44453e-08 1.14488e-08 8.00168e-09
 4.24452e-09 3.30731e-10-3.57293e-09-7.29579e-09-1.06871e-08-1.36385e-08
-1.60859e-08-1.79919e-08-1.93252e-08-2.00529e-08-2.01485e-08-1.96080e-08
-1.84595e-08-1.67586e-08-1.45789e-08-1.20112e-08-9.17578e-09-6.22606e-09
-3.33177e-09-6.46649e-10 1.72260e-09 3.73188e-09 5.39157e-09 6.73436e-09
 7.77490e-09 8.48737e-09 8.81204e-09 8.67363e-09 7.99575e-09 6.72294e-09
 4.86883e-09 2.57847e-09 1.67854e-10-1.88219e-09-2.97295e-09-2.46846e-09
 1.86150e-10 5.30950e-09 1.28064e-08 2.19880e-08 3.14256e-08 3.89008e-08
 4.15480e-08 3.62381e-08 2.04112e-08-5.74792e-09-3.65553e-08-6.27030e-08
-7.82870e-08-8.27509e-08-7.57643e-08-5.62953e-08-2.66066e-08 6.83593e-09
 3.54810e-08 5.17674e-08 5.26372e-08 4.08994e-08 2.37055e-08 9.37405e-09
 3.50137e-09 6.33919e-09 1.32545e-08 1.79867e-08 1.69495e-08 1.16651e-08
 7.02026e-09 6.58891e-09 9.20628e-09 1.02952e-08 6.66006e-09-5.92459e-10
-7.33597e-09-8.61117e-09 7.59417e-10 2.38493e-08 5.57604e-08 8.26973e-08
 9.23318e-08 8.22264e-08 5.29798e-08-2.82546e-10-8.12035e-08-1.81676e-07
-2.84213e-07-3.68214e-07-4.08395e-07-3.78010e-07-2.62367e-07-6.58198e-08
 1.87656e-07 4.51044e-07 6.60053e-07 7.52441e-07 6.87861e-07 4.64603e-07
 1.29656e-07-2.28611e-07-5.06762e-07-6.23461e-07-5.53779e-07-3.43760e-07
-9.35435e-08 8.90219e-08 1.42911e-07 8.53889e-08-1.98655e-09-3.11063e-08
 2.68348e-08 1.18494e-07 1.54860e-07 9.62826e-08-4.03040e-09-5.31824e-08
-2.10181e-08 2.87077e-08 2.52375e-08-1.76475e-08-3.45794e-08-1.13614e-08
 5.37149e-09-5.07571e-09-1.24257e-08-2.69622e-09 1.47688e-09-5.25918e-09
-4.39687e-09 2.00935e-09 7.53575e-12-2.89727e-09 1.24709e-09 2.38639e-09
-6.73925e-10 9.87898e-10 2.89849e-09 4.82531e-10 5.59993e-10 2.17433e-09
 3.48468e-10-2.27038e-10 1.00702e-09-3.27231e-10-9.74761e-10-5.80506e-11
-1.13275e-09-1.64279e-09-9.12173e-10-1.70577e-09-1.81372e-09-1.09392e-09
-1.60793e-09-1.35128e-09-7.39522e-10-1.04958e-09-5.21638e-10-5.69290e-11
-1.46970e-10 4.96475e-10 7.20509e-10 7.88054e-10 1.36830e-09 1.43837e-09
 1.72682e-09 2.19651e-09 2.26750e-09 2.66922e-09 2.89687e-09 3.00169e-09
 3.37257e-09 3.48463e-09 3.68759e-09 3.81251e-09 3.68882e-09 3.64447e-09
 3.35964e-09 3.00991e-09 2.58673e-09 1.97200e-09 1.39828e-09 7.58792e-10
 1.93724e-10-3.09238e-10-8.04236e-10-1.17955e-09-1.48977e-09-1.67200e-09
-1.80208e-09-1.95198e-09-2.11393e-09-2.26409e-09-2.32205e-09-2.33264e-09
-2.35551e-09-2.42745e-09-2.52410e-09-2.57096e-09-2.53181e-09-2.43641e-09
-2.36897e-09-2.36852e-09-2.39816e-09-2.38509e-09-2.30538e-09-2.22039e-09
-2.20385e-09-2.26713e-09-2.35896e-09-2.42495e-09-2.46502e-09-2.52682e-09
-2.63998e-09-2.78287e-09-2.90865e-09-2.98094e-09-2.99493e-09-2.96845e-09
-2.90879e-09-2.79886e-09-2.61227e-09-2.33643e-09-1.98845e-09-1.59781e-09
-1.17395e-09-7.13119e-10-2.25522e-10 2.67694e-10 7.53274e-10 1.22752e-09
 1.68823e-09 2.13110e-09 2.55207e-09 2.95497e-09 3.35100e-09 3.74648e-09
 4.14063e-09 4.52997e-09 4.90075e-09 5.22801e-09 5.49057e-09 5.67370e-09
 5.75709e-09 5.71830e-09 5.55386e-09 5.29165e-09 4.98078e-09 4.67053e-09
 4.39891e-09 4.18965e-09 4.04553e-09 3.94742e-09 3.85915e-09 3.72910e-09
 3.50207e-09 3.13770e-09 2.61810e-09 1.95849e-09 1.21842e-09 4.82286e-10
-1.69413e-10-6.64182e-10-9.48354e-10-1.01843e-09-9.29824e-10-7.84822e-10
-7.32466e-10-9.51406e-10-1.59306e-09-2.73189e-09-4.34213e-09-6.28124e-09
-8.30411e-09-1.01131e-08-1.13952e-08-1.18570e-08-1.13030e-08-9.71937e-09
-7.29659e-09-4.39563e-09-1.48323e-09 9.62082e-10 2.54177e-09 2.98927e-09
 2.20963e-09 3.37723e-10-2.23904e-09-4.95957e-09-7.23661e-09-8.59924e-09
-8.79118e-09-7.79693e-09-5.80908e-09-3.19018e-09-4.27077e-10 1.96371e-09
 3.57439e-09 4.23305e-09 4.04382e-09 3.30993e-09 2.39955e-09 1.63031e-09
 1.20775e-09 1.21492e-09 1.60771e-09 2.20254e-09 2.71989e-09 2.90077e-09
 2.63296e-09 2.01868e-09 1.32978e-09 8.75352e-10 8.84065e-10 1.44845e-09
 2.51746e-09 3.91668e-09 5.37091e-09 6.55345e-09 7.19777e-09 7.21234e-09
 6.71516e-09 5.97568e-09 5.29736e-09 4.90137e-09 4.86684e-09 5.12466e-09
 5.48621e-09 5.70931e-09 5.58611e-09 5.02131e-09 4.07203e-09 2.92730e-09
 1.83127e-09 9.83835e-10 4.58073e-10 1.67816e-10-9.36368e-11-5.59198e-10
-1.38784e-09-2.59507e-09-4.03271e-09-5.43518e-09-6.51522e-09-7.06623e-09
-7.03845e-09-6.55692e-09-5.86568e-09-5.23083e-09-4.84468e-09-4.75736e-09
-4.86525e-09-4.96697e-09-4.85947e-09-4.43349e-09-3.72279e-09-2.88016e-09
-2.10013e-09-1.52789e-09-1.18910e-09-9.72540e-10-6.75883e-10-9.52008e-11
 8.76017e-10 2.17921e-09 3.59060e-09 4.79178e-09 5.47728e-09 5.45687e-09
 4.71405e-09 3.39896e-09 1.77443e-09 1.55241e-10-1.13178e-09-1.75427e-09
-1.35543e-09-4.26881e-10
     0.0000e+00     0.0000e+00      0  0  0.00
     512   1.00000  0.0000e+00
 3.81592e-10 4.76832e-10 5.66171e-10 6.31670e-10 6.55005e-10 6.28351e-10
 5.59083e-10 4.64245e-10 3.60657e-10 2.57671e-10 1.53394e-10 3.33044e-11
-1.25243e-10-3.40102e-10-6.09271e-10-9.04057e-10-1.17564e-09-1.37138e-09
-1.45106e-09-1.39392e-09-1.19607e-09-8.65497e-10-4.21798e-10 9.96485e-11
 6.46458e-10 1.15566e-09 1.56429e-09 1.81819e-09 1.87964e-09 1.73718e-09
 1.41372e-09 9.63833e-10 4.57794e-10-3.78358e-11-4.70803e-10-8.03032e-10
-1.00885e-09-1.07905e-09-1.02691e-09-8.86873e-10-7.02764e-10-5.11816e-10
-3.34722e-10-1.76839e-10-3.63223e-11 8.85393e-11 1.95712e-10 2.77717e-10
 3.21087e-10 3.10363e-10 2.38827e-10 1.18247e-10-2.46886e-11-1.64003e-10
-2.84755e-10-3.75705e-10-4.13881e-10-3.62104e-10-1.86955e-10 1.16882e-10
 5.13850e-10 9.32563e-10 1.28476e-09 1.49020e-09 1.49868e-09 1.30190e-09
 9.30431e-10 4.36165e-10-1.30686e-10-7.33961e-10-1.34260e-09-1.90943e-09
-2.36284e-09-2.62692e-09-2.65500e-09-2.44526e-09-2.02541e-09-1.42598e-09
-6.69112e-10 2.21166e-10 1.20135e-09 2.19452e-09 3.08321e-09 3.71596e-09
 3.93835e-09 3.64430e-09 2.81966e-09 1.54933e-09-1.31520e-11-1.68677e-09
-3.28625e-09-4.62366e-09-5.51213e-09-5.79612e-09-5.40236e-09-4.37566e-09
-2.87034e-09-1.10525e-09 6.86422e-10 2.29410e-09 3.55602e-09 4.37536e-09
 4.71601e-09 4.57981e-09 3.99201e-09 3.01555e-09 1.77403e-09 4.42454e-10
-7.99831e-10-1.81282e-09-2.49825e-09-2.77133e-09-2.54425e-09-1.74618e-09
-3.64669e-10 1.52473e-09 3.76136e-09 6.12996e-09 8.39944e-09 1.03544e-08
 1.18142e-08 1.26369e-08 1.27054e-08 1.19086e-08 1.01422e-08 7.33751e-09
 3.49145e-09-1.33698e-09-7.05037e-09-1.35020e-08-2.04227e-08-2.73278e-08
-3.34794e-08-3.79518e-08-3.97905e-08-3.82213e-08-3.28518e-08-2.38052e-08
-1.17415e-08 2.23133e-09 1.67115e-08 3.01889e-08 4.12553e-08 4.88286e-08
 5.23326e-08 5.17618e-08 4.76112e-08 4.07169e-08 3.20624e-08 2.25958e-08
 1.30932e-08 4.09382e-09-4.09553e-09-1.13550e-08-1.76880e-08-2.31520e-08
-2.78002e-08-3.16456e-08-3.46540e-08-3.67652e-08-3.79328e-08-3.81506e-08
-3.74462e-08-3.58740e-08-3.35583e-08-3.07839e-08-2.80520e-08-2.60360e-08
-2.54575e-08-2.69438e-08-3.08791e-08-3.72229e-08-4.53001e-08-5.36143e-08
-5.97482e-08-6.04160e-08-5.17502e-08-2.99015e-08 8.05470e-09 6.29971e-08
 1.32563e-07 2.10088e-07 2.83935e-07 3.37970e-07 3.54998e-07 3.23730e-07
 2.44709e-07 1.29290e-07-5.22067e-09-1.36341e-07-2.36891e-07-2.83015e-07
-2.64650e-07-1.90192e-07-8.41891e-08 2.05638e-08 9.40930e-08 1.19882e-07
 1.00278e-07 5.28173e-08-8.61339e-10-4.65249e-08-8.17628e-08-1.10953e-07
-1.35335e-07-1.46914e-07-1.34077e-07-9.59425e-08-5.07447e-08-2.97648e-08
-6.21502e-08-1.57323e-07-2.91483e-07-4.13185e-07-4.75343e-07-4.68621e-07
-4.22112e-07-3.68949e-07-3.08200e-07-2.07541e-07-4.36765e-08 1.82936e-07
 4.63312e-07 7.74901e-07 1.07409e-06 1.30739e-06 1.41768e-06 1.36032e-06
 1.13036e-06 7.61135e-07 3.05280e-07-1.73712e-07-6.08883e-07-9.43992e-07
-1.14671e-06-1.21218e-06-1.15580e-06-1.00151e-06-7.72081e-07-4.88385e-07
-1.78009e-07 1.16320e-07 3.39241e-07 4.43494e-07 4.19683e-07 3.12984e-07
 2.05618e-07 1.62923e-07 1.81665e-07 1.93344e-07 1.34961e-07 2.47937e-08
-5.12654e-08-4.21736e-08 3.92057e-09 8.31997e-09-2.91405e-08-4.50807e-08
-2.13350e-08-3.73361e-09-1.23393e-08-1.57193e-08-3.01680e-09 9.94605e-10
-4.94519e-09-1.09836e-09 5.97288e-09 2.89144e-09 1.23438e-09 6.47648e-09
 6.33127e-09 3.41032e-09 6.39596e-09 7.48969e-09 4.58880e-09 5.67325e-09
 6.59500e-09 3.80239e-09 3.72373e-09 4.18131e-09 1.62215e-09 1.08418e-09
 1.14342e-09-1.11765e-09-1.61616e-09-1.69231e-09-3.40534e-09-3.41145e-09
-3.29952e-09-4.19673e-09-3.51167e-09-3.13445e-09-3.22180e-09-1.99701e-09
-1.42503e-09-9.40633e-10 1.28518e-10 1.72991e-10 4.11025e-10 7.22443e-10
 3.31789e-10 4.74390e-10 4.25166e-10 2.61611e-10 5.91529e-10 5.59303e-10
 7.62190e-10 1.06370e-09 1.05867e-09 1.25794e-09 1.17515e-09 1.05848e-09
 9.82466e-10 6.00917e-10 2.36867e-10-3.54194e-10-1.05913e-09-1.83859e-09
-2.88451e-09-3.99236e-09-5.22104e-09-6.37919e-09-7.36225e-09-8.16982e-09
-8.71097e-09-9.03795e-09-9.04895e-09-8.70765e-09-8.00641e-09-6.99083e-09
-5.76525e-09-4.36206e-09-2.83072e-09-1.23299e-09 2.96895e-10 1.61908e-09
 2.66726e-09 3.45033e-09 4.01033e-09 4.36343e-09 4.51656e-09 4.49689e-09
 4.37088e-09 4.21140e-09 4.04278e-09 3.83380e-09 3.55300e-09 3.21934e-09
 2.88900e-09 2.60053e-09 2.32997e-09 2.00516e-09 1.57426e-09 1.04999e-09
 4.81841e-10-9.21037e-11-6.48766e-10-1.14087e-09-1.47090e-09-1.52411e-09
-1.22733e-09-5.67455e-10 4.28085e-10 1.71012e-09 3.22185e-09 4.91023e-09
 6.71913e-09 8.56374e-09 1.03173e-08 1.18330e-08 1.29756e-08 1.36248e-08
 1.36687e-08 1.30212e-08 1.16502e-08 9.58555e-09 6.91340e-09 3.76967e-09
 3.29242e-10-3.21514e-09-6.67315e-09-9.85761e-09-1.25755e-08-1.46455e-08
-1.59398e-08-1.64123e-08-1.60978e-08-1.50968e-08-1.35599e-08-1.16719e-08
-9.62886e-09-7.60559e-09-5.72630e-09-4.05096e-09-2.57069e-09-1.21321e-09
 1.30032e-10 1.57213e-09 3.22056e-09 5.17088e-09 7.47647e-09 1.01074e-08
 1.29233e-08 1.56675e-08 1.79822e-08 1.94523e-08 1.96855e-08 1.84187e-08
 1.56009e-08 1.14128e-08 6.24466e-09 6.65724e-10-4.63113e-09-8.93811e-09
-1.16680e-08-1.24710e-08-1.13106e-08-8.46491e-09-4.44577e-09 1.04541e-10
 4.47356e-09 7.92552e-09 9.81010e-09 9.72603e-09 7.63925e-09 3.87999e-09
-9.66114e-10-6.21178e-09-1.12030e-08-1.53972e-08-1.84023e-08-2.00168e-08
-2.02600e-08-1.93411e-08-1.75513e-08-1.51535e-08-1.23557e-08-9.35145e-09
-6.33889e-09-3.49051e-09-9.11464e-10 1.36140e-09 3.30117e-09 4.81785e-09
 5.75166e-09 5.95530e-09 5.39175e-09 4.16139e-09 2.45121e-09 4.71873e-10
-1.56163e-09-3.42181e-09-4.89274e-09-5.83442e-09-6.22276e-09-6.11866e-09
-5.59760e-09-4.71036e-09-3.50071e-09-2.03218e-09-3.84124e-10 1.35768e-09
 3.09501e-09 4.71677e-09 6.11844e-09 7.22897e-09 8.02318e-09 8.51032e-09
 8.71958e-09 8.70215e-09 8.53594e-09 8.31572e-09 8.13007e-09 8.04201e-09
 8.09034e-09 8.29587e-09 8.64662e-09 9.07963e-09 9.48931e-09 9.75698e-09
 9.77976e-09 9.48168e-09 8.80437e-09 7.69876e-09 6.13561e-09 4.12366e-09
 1.72268e-09-9.46402e-10-3.70329e-09-6.33473e-09-8.62981e-09-1.04068e-08
-1.15390e-08-1.19768e-08-1.17480e-08-1.09366e-08-9.65584e-09-8.03642e-09
-6.23788e-09-4.44749e-09-2.83803e-09-1.51010e-09-4.67666e-10 3.59521e-10
 1.06748e-09 1.72512e-09 2.32933e-09 2.78308e-09 2.91333e-09 2.53045e-09
 1.51367e-09 4.19449e-10
     0.0000e+00     0.0000e+00      0  0  0.00
     512   1.00000  0.0000e+00
 3.42666e-10 3.91494e-10 3.85904e-10 3.14283e-10 1.82871e-10 1.75220e-11
-1.43669e-10-2.63622e-10-3.19917e-10-3.12824e-10-2.63422e-10-2.02678e-10
-1.56560e-10-1.33949e-10-1.23975e-10-1.04422e-10-5.54466e-11 2.90277e-11
 1.36886e-10 2.42590e-10 3.19644e-10 3.53593e-10 3.47618e-10 3.18352e-10
 2.85271e-10 2.59436e-10 2.37296e-10 2.03078e-10 1.39033e-10 3.80375e-11
-8.95133e-11-2.19344e-10-3.24840e-10-3.89308e-10-4.12806e-10-4.10512e-10
-4.03201e-10-4.04493e-10-4.12156e-10-4.09204e-10-3.74440e-10-2.95258e-10
-1.74824e-10-3.08041e-11 1.13109e-10 2.38971e-10 3.42545e-10 4.31326e-10
 5.14285e-10 5.91534e-10 6.50675e-10 6.71177e-10 6.34191e-10 5.33182e-10
 3.79519e-10 1.98708e-10 1.85479e-11-1.43051e-10-2.82200e-10-4.03168e-10
-5.08075e-10-5.89852e-10-6.32838e-10-6.20748e-10-5.48253e-10-4.29279e-10
-2.94926e-10-1.80824e-10-1.12389e-10-9.64594e-11-1.21238e-10-1.62695e-10
-1.94369e-10-1.95040e-10-1.49149e-10-4.19759e-11 1.41692e-10 4.09755e-10
 7.49892e-10 1.12089e-09 1.45495e-09 1.67195e-09 1.70163e-09 1.50643e-09
 1.09583e-09 5.25158e-10-1.19262e-10-7.38998e-10-1.23820e-09-1.53463e-09
-1.57070e-09-1.32513e-09-8.22650e-10-1.39016e-10 6.05188e-10 1.26759e-09
 1.71948e-09 1.87786e-09 1.72079e-09 1.28413e-09 6.45528e-10-9.81079e-11
-8.52835e-10-1.54318e-09-2.11909e-09-2.55859e-09-2.87068e-09-3.09479e-09
-3.28920e-09-3.50759e-09-3.77513e-09-4.07702e-09-4.36303e-09-4.56423e-09
-4.61602e-09-4.47772e-09-4.13797e-09-3.60576e-09-2.89839e-09-2.03525e-09
-1.03598e-09 8.16496e-11 1.30362e-09 2.61946e-09 4.01926e-09 5.48624e-09
 6.98351e-09 8.44184e-09 9.76111e-09 1.08317e-08 1.15654e-08 1.19183e-08
 1.18939e-08 1.15317e-08 1.08850e-08 9.99677e-09 8.88372e-09 7.53970e-09
 5.95217e-09 4.11868e-09 2.06003e-09-1.64399e-10-2.44329e-09-4.61706e-09
-6.50610e-09-7.95378e-09-8.86598e-09-9.23294e-09-9.12567e-09-8.66751e-09
-7.99487e-09-7.22939e-09-6.47303e-09-5.81495e-09-5.33346e-09-5.09221e-09
-5.13798e-09-5.49760e-09-6.16696e-09-7.09602e-09-8.17903e-09-9.25595e-09
-1.01329e-08-1.06295e-08-1.06451e-08-1.02221e-08-9.58207e-09-9.12649e-09
-9.40289e-09-1.10252e-08-1.45377e-08-2.02279e-08-2.79159e-08-3.67578e-08
-4.51134e-08-5.05404e-08-4.99812e-08-4.01792e-08-1.83333e-08 1.70255e-08
 6.50179e-08 1.21444e-07 1.78274e-07 2.24957e-07 2.52072e-07 2.53668e-07
 2.26436e-07 1.70160e-07 8.97641e-08-4.82215e-09-9.96639e-08-1.78420e-07
-2.26810e-07-2.38068e-07-2.16100e-07-1.74538e-07-1.31076e-07-9.93628e-08
-8.31168e-08-7.62124e-08-6.89526e-08-5.67152e-08-4.44379e-08-4.24901e-08
-5.70435e-08-8.30313e-08-1.05547e-07-1.09128e-07-8.75791e-08-4.67159e-08
 6.83613e-11 3.79197e-08 5.49868e-08 4.75120e-08 2.67944e-08 1.86403e-08
 4.71250e-08 1.18021e-07 2.22867e-07 3.52741e-07 4.96860e-07 6.32445e-07
 7.28149e-07 7.54512e-07 6.85226e-07 5.00098e-07 1.97659e-07-1.97496e-07
-6.35304e-07-1.04179e-06-1.33037e-06-1.42625e-06-1.29088e-06-9.38338e-07
-4.39545e-07 9.22795e-08 5.34004e-07 7.91908e-07 8.33399e-07 6.97217e-07
 4.74119e-07 2.64228e-07 1.31627e-07 8.02318e-08 6.51320e-08 3.32622e-08
-3.40100e-08-1.08479e-07-1.43654e-07-1.20223e-07-6.56268e-08-2.64968e-08
-2.21873e-08-3.13918e-08-2.57381e-08-5.35853e-09 8.87267e-09 8.55701e-09
 5.11077e-09 6.97082e-09 9.10733e-09 7.33303e-09 5.54842e-09 5.61364e-09
 4.41828e-09 1.95104e-09 7.64449e-10-7.67615e-11-2.03441e-09-3.59692e-09
-4.32248e-09-5.50505e-09-6.56651e-09-6.70747e-09-6.81383e-09-6.85777e-09
-6.17056e-09-5.38709e-09-4.72135e-09-3.66845e-09-2.64320e-09-1.83792e-09
-8.45067e-10 4.24615e-11 6.87316e-10 1.38932e-09 1.91019e-09 2.20830e-09
 2.52115e-09 2.65260e-09 2.63420e-09 2.61132e-09 2.40943e-09 2.12071e-09
 1.82910e-09 1.43224e-09 1.06428e-09 7.28570e-10 3.56975e-10 4.50633e-11
-2.56762e-10-5.36292e-10-7.22378e-10-8.65270e-10-9.22254e-10-9.01012e-10
-8.40437e-10-6.92854e-10-4.89099e-10-2.26635e-10 1.08809e-10 4.84438e-10
 9.06511e-10 1.33877e-09 1.75347e-09 2.13340e-09 2.44243e-09 2.68226e-09
 2.83258e-09 2.86829e-09 2.76966e-09 2.52277e-09 2.15337e-09 1.69656e-09
 1.18871e-09 6.41534e-10 4.56080e-11-5.92622e-10-1.24527e-09-1.87134e-09
-2.43775e-09-2.92750e-09-3.34304e-09-3.68908e-09-3.95071e-09-4.10075e-09
-4.11883e-09-4.01003e-09-3.79873e-09-3.50080e-09-3.11529e-09-2.63616e-09
-2.05970e-09-1.39668e-09-6.80108e-10 5.02971e-11 7.62339e-10 1.43443e-09
 2.05244e-09 2.59386e-09 3.02311e-09 3.31254e-09 3.45360e-09 3.44748e-09
 3.29946e-09 3.01600e-09 2.60125e-09 2.06503e-09 1.43395e-09 7.50862e-10
 6.51381e-11-5.81594e-10-1.16232e-09-1.65395e-09-2.03047e-09-2.27223e-09
-2.37043e-09-2.32514e-09-2.14741e-09-1.85525e-09-1.46689e-09-1.00222e-09
-4.83758e-10 6.37644e-11 6.12565e-10 1.13707e-09 1.61870e-09 2.04238e-09
 2.39238e-09 2.64961e-09 2.78742e-09 2.77299e-09 2.57755e-09 2.18760e-09
 1.61208e-09 8.86748e-10 7.29697e-11-7.49473e-10-1.49119e-09-2.06394e-09
-2.39280e-09-2.43245e-09-2.18777e-09-1.71735e-09-1.11589e-09-4.99511e-10
 1.09814e-11 3.20514e-10 3.79668e-10 1.92393e-10-1.64853e-10-5.33439e-10
-7.05459e-10-4.79756e-10 2.86466e-10 1.62875e-09 3.44146e-09 5.47893e-09
 7.37943e-09 8.70565e-09 9.02078e-09 7.99344e-09 5.49380e-09 1.65279e-09
-3.13118e-09-8.24327e-09-1.29446e-08-1.64859e-08-1.82350e-08-1.78069e-08
-1.51655e-08-1.06566e-08-4.95470e-09 1.06079e-09 6.47305e-09 1.04984e-08
 1.26219e-08 1.26866e-08 1.09188e-08 7.86640e-09 4.25958e-09 8.36505e-10
-1.82334e-09-3.40697e-09-3.89243e-09-3.50208e-09-2.60483e-09-1.59757e-09
-7.95055e-10-3.47168e-10-2.12425e-10-1.98974e-10-5.10346e-11 4.38592e-10
 1.32570e-09 2.47742e-09 3.61113e-09 4.38545e-09 4.51851e-09 3.88502e-09
 2.55574e-09 7.84863e-10-1.05231e-09-2.56294e-09-3.44799e-09-3.59175e-09
-3.09568e-09-2.22827e-09-1.31727e-09-6.35032e-10-3.09242e-10-2.92861e-10
-4.06200e-10-4.19169e-10-1.43628e-10 4.87215e-10 1.38778e-09 2.34831e-09
 3.10503e-09 3.43788e-09 3.26288e-09 2.66873e-09 1.88076e-09 1.17153e-09
 7.52042e-10 6.91404e-10 8.98517e-10 1.16383e-09 1.24534e-09 9.68904e-10
 2.97893e-10-6.52499e-10-1.65611e-09-2.46317e-09-2.89923e-09-2.92841e-09
-2.65983e-09-2.29494e-09-2.03269e-09-1.97984e-09-2.10889e-09-2.27475e-09
-2.28489e-09-1.99405e-09-1.37368e-09-5.27392e-10 3.47159e-10 1.03710e-09
 1.40212e-09 1.42794e-09 1.22294e-09 9.61147e-10 7.95406e-10 7.85199e-10
 8.76465e-10 9.39271e-10 8.45372e-10 5.51242e-10 1.41585e-10-1.94708e-10
-2.48467e-10-9.03290e-11
     0.0000e+00     0.0000e+00      0  0  0.00
     512   1.00000  0.0000e+00
 1.90247e-10 1.51124e-10 1.04812e-10 6.58833e-11 5.15319e-11 7.25206e-11
 1.24113e-10 1.82790e-10 2.12375e-10 1.78324e-10 6.34608e-11-1.22901e-10
-3.46859e-10-5.61764e-10-7.24659e-10-8.10216e-10-8.16192e-10-7.58496e-10
-6.59099e-10-5.33721e-10-3.86040e-10-2.10826e-10-3.43477e-12 2.30038e-10
 4.68246e-10 6.79320e-10 8.32507e-10 9.09700e-10 9.10721e-10 8.50458e-10
 7.49773e-10 6.24780e-10 4.80149e-10 3.10615e-10 1.10496e-10-1.14565e-10
-3.41830e-10-5.35959e-10-6.61291e-10-6.95703e-10-6.39641e-10-5.15785e-10
-3.59408e-10-2.04779e-10-7.47802e-11 2.19209e-11 8.64958e-11 1.22319e-10
 1.29275e-10 1.04125e-10 4.73398e-11-2.88282e-11-9.88308e-11-1.32030e-10
-1.06226e-10-1.85317e-11 1.12284e-10 2.53039e-10 3.69646e-10 4.40716e-10
 4.64276e-10 4.53787e-10 4.26224e-10 3.90268e-10 3.41909e-10 2.69017e-10
 1.60664e-10 1.46171e-11-1.62145e-10-3.59983e-10-5.74039e-10-8.04791e-10
-1.04993e-09-1.29328e-09-1.49855e-09-1.61250e-09-1.57771e-09-1.35142e-09
-9.22873e-10-3.20269e-10 3.95950e-10 1.14708e-09 1.84778e-09 2.41141e-09
 2.75313e-09 2.79775e-09 2.49484e-09 1.83774e-09 8.78641e-10-2.69401e-10
-1.44811e-09-2.48359e-09-3.21948e-09-3.54363e-09-3.40334e-09-2.80942e-09
-1.83209e-09-5.92490e-10 7.48307e-10 2.00660e-09 3.00457e-09 3.60652e-09
 3.74819e-09 3.44523e-09 2.77896e-09 1.86909e-09 8.45319e-10-1.74469e-10
-1.09528e-09-1.84580e-09-2.37416e-09-2.64555e-09-2.64308e-09-2.36744e-09
-1.83272e-09-1.06238e-09-9.22978e-11 1.01742e-09 2.16745e-09 3.21226e-09
 3.97218e-09 4.26726e-09 3.96272e-09 3.00728e-09 1.45271e-09-5.46115e-10
-2.74610e-09-4.84424e-09-6.51878e-09-7.48009e-09-7.52639e-09-6.59890e-09
-4.82067e-09-2.49046e-09-1.48428e-11 2.19895e-09 3.84266e-09 4.76617e-09
 4.99125e-09 4.68864e-09 4.12789e-09 3.61040e-09 3.39865e-09 3.65434e-09
 4.39596e-09 5.48796e-09 6.67047e-09 7.62521e-09 8.05674e-09 7.76223e-09
 6.66772e-09 4.82377e-09 2.37444e-09-4.77639e-10-3.49945e-09-6.45276e-09
-9.12140e-09-1.13372e-08-1.29947e-08-1.40519e-08-1.45246e-08-1.44833e-08
-1.40501e-08-1.33903e-08-1.26991e-08-1.21869e-08-1.20666e-08-1.25399e-08
-1.37763e-08-1.58756e-08-1.87985e-08-2.22735e-08-2.57102e-08-2.81608e-08
-2.83561e-08-2.48349e-08-1.61816e-08-1.37980e-09 1.97506e-08 4.61069e-08
 7.49530e-08 1.01773e-07 1.20674e-07 1.26320e-07 1.16561e-07 9.23621e-08
 5.63522e-08 1.36505e-08-2.81334e-08-6.12722e-08-7.93792e-08-7.86449e-08
-5.95396e-08-2.72234e-08 9.48128e-09 4.07579e-08 5.96648e-08 6.46996e-08
 5.95008e-08 5.00302e-08 4.04529e-08 3.02399e-08 1.51011e-08-8.63535e-09
-3.98411e-08-7.25261e-08-9.99016e-08-1.18333e-07-1.28020e-07-1.31264e-07
-1.31288e-07-1.32706e-07-1.40908e-07-1.59133e-07-1.87303e-07-2.24375e-07
-2.68082e-07-3.08949e-07-3.27424e-07-3.01629e-07-2.17281e-07-6.83425e-08
 1.45259e-07 4.12234e-07 7.04668e-07 9.80641e-07 1.18759e-06 1.26800e-06
 1.17511e-06 8.91018e-07 4.37942e-07-1.18075e-07-6.75314e-07-1.11956e-06
-1.35584e-06-1.33839e-06-1.08843e-06-6.90589e-07-2.65090e-07 7.56414e-08
 2.67920e-07 3.16176e-07 2.79844e-07 2.33257e-07 2.20932e-07 2.36119e-07
 2.37205e-07 1.90045e-07 1.02345e-07 1.89592e-08-1.94529e-08-1.39697e-08
-9.21600e-10-8.37526e-09-2.78700e-08-3.46961e-08-2.44650e-08-1.41933e-08
-1.32694e-08-1.36910e-08-9.39476e-09-5.39370e-09-4.64466e-09-3.11428e-09
-6.76944e-11 1.16735e-09 1.37187e-09 2.89239e-09 4.10348e-09 3.95487e-09
 4.25791e-09 4.80907e-09 4.31251e-09 3.83968e-09 3.85073e-09 3.29920e-09
 2.69572e-09 2.57694e-09 2.10759e-09 1.49361e-09 1.21095e-09 6.44120e-10
-6.07066e-11-4.92521e-10-1.09842e-09-1.72797e-09-2.09111e-09-2.53179e-09
-2.86101e-09-2.91910e-09-2.99778e-09-2.92128e-09-2.68996e-09-2.54425e-09
-2.31947e-09-2.08752e-09-1.94139e-09-1.71551e-09-1.52377e-09-1.37026e-09
-1.17808e-09-1.06223e-09-9.43564e-10-7.95898e-10-6.44809e-10-3.84684e-10
-6.36330e-11 3.18039e-10 7.89178e-10 1.27976e-09 1.79586e-09 2.27874e-09
 2.66985e-09 2.94879e-09 3.05003e-09 2.97079e-09 2.69559e-09 2.23115e-09
 1.62768e-09 9.14062e-10 1.46289e-10-6.34121e-10-1.38341e-09-2.04990e-09
-2.58554e-09-2.93044e-09-3.05857e-09-2.97849e-09-2.72302e-09-2.32998e-09
-1.82880e-09-1.24869e-09-6.24123e-10-2.83262e-12 5.72872e-10 1.07563e-09
 1.48941e-09 1.81307e-09 2.05155e-09 2.20316e-09 2.26405e-09 2.23705e-09
 2.13819e-09 1.99817e-09 1.84117e-09 1.67044e-09 1.47818e-09 1.24726e-09
 9.52852e-10 5.79134e-10 1.24271e-10-4.06038e-10-1.00020e-09-1.64206e-09
-2.30320e-09-2.93550e-09-3.48708e-09-3.91651e-09-4.18899e-09-4.27409e-09
-4.14499e-09-3.77987e-09-3.16985e-09-2.32406e-09-1.27449e-09-7.89134e-11
 1.18683e-09 2.44203e-09 3.61023e-09 4.62204e-09 5.41860e-09 5.95739e-09
 6.21334e-09 6.17714e-09 5.85408e-09 5.26104e-09 4.42553e-09 3.38469e-09
 2.18141e-09 8.68737e-10-4.83761e-10-1.80002e-09-3.00918e-09-4.04702e-09
-4.85676e-09-5.38888e-09-5.60397e-09-5.48546e-09-5.05044e-09-4.35109e-09
-3.47094e-09-2.51797e-09-1.60854e-09-8.45456e-10-3.02664e-10-9.15410e-12
 7.43654e-11 5.92087e-11 9.89326e-11 3.49475e-10 9.36332e-10 1.92037e-09
 3.26634e-09 4.83336e-09 6.38402e-09 7.60642e-09 8.16497e-09 7.77443e-09
 6.26797e-09 3.65082e-09 1.37021e-10-3.85295e-09-7.74235e-09-1.08816e-08
-1.26619e-08-1.26466e-08-1.06764e-08-6.92309e-09-1.88717e-09 3.66697e-09
 8.84122e-09 1.27733e-08 1.48038e-08 1.46057e-08 1.22467e-08 8.16351e-09
 3.06438e-09-2.20533e-09-6.82416e-09-1.01514e-08-1.18395e-08-1.18868e-08
-1.06070e-08-8.51225e-09-6.15704e-09-3.99591e-09-2.28403e-09-1.05017e-09
-1.36855e-10 7.11683e-10 1.72930e-09 3.02290e-09 4.52178e-09 5.98516e-09
 7.07735e-09 7.48539e-09 7.02188e-09 5.69332e-09 3.71604e-09 1.46129e-09
-6.43814e-10-2.23184e-09-3.09814e-09-3.24473e-09-2.85799e-09-2.23897e-09
-1.69679e-09-1.44004e-09-1.51172e-09-1.78641e-09-2.03444e-09-2.02999e-09
-1.64778e-09-9.14266e-10-5.63274e-12 8.11202e-10 1.27610e-09 1.23406e-09
 6.98574e-10-1.44678e-10-9.99449e-10-1.56444e-09-1.63882e-09-1.18803e-09
-3.47665e-10 6.38745e-10 1.51792e-09 2.11761e-09 2.40099e-09 2.46329e-09
 2.47217e-09 2.58134e-09 2.85091e-09 3.20767e-09 3.46943e-09 3.42162e-09
 2.90992e-09 1.91384e-09 5.67585e-10-8.83858e-10-2.16863e-09-3.07916e-09
-3.53837e-09-3.61033e-09-3.45137e-09-3.22678e-09-3.03125e-09-2.84983e-09
-2.57800e-09-2.08967e-09-1.31787e-09-3.10844e-10 7.62857e-10 1.66833e-09
 2.19554e-09 2.24612e-09 1.87537e-09 1.26821e-09 6.58403e-10 2.28315e-10
 3.49219e-11-2.43933e-12
