      10
(6e12.5)
     0.0000e+00     0.0000e+00      0  0  0.00
     512   1.00000  0.0000e+00
-2.78169e-09-3.39423e-09-4.04224e-09-4.65775e-09-5.15767e-09-5.48961e-09
-5.66631e-09-5.76107e-09-5.86887e-09-6.06151e-09-6.35769e-09-6.70604e-09
-6.97414e-09-6.95370e-09-6.40223e-09-5.12323e-09-3.05370e-09-3.06570e-10
 2.86901e-09 6.19240e-09 9.45315e-09 1.25429e-08 1.54056e-08 1.79580e-08
 2.00500e-08 2.14970e-08 2.21563e-08 2.19874e-08 2.10581e-08 1.95004e-08
 1.74455e-08 1.49633e-08 1.20256e-08 8.51630e-09 4.29640e-09-6.98879e-10
-6.36681e-09-1.23945e-08-1.83021e-08-2.35644e-08-2.77525e-08-3.06225e-08
-3.21228e-08-3.23407e-08-3.14356e-08-2.95936e-08-2.70112e-08-2.38887e-08
-2.04074e-08-1.66902e-08-1.27807e-08-8.66010e-09-4.28941e-09 3.54815e-10
 5.26295e-09 1.03847e-08 1.56229e-08 2.08371e-08 2.58716e-08 3.06040e-08
 3.49837e-08 3.90300e-08 4.27922e-08 4.63142e-08 4.96369e-08 5.28356e-08
 5.60407e-08 5.93903e-08 6.29011e-08 6.63016e-08 6.88959e-08 6.95092e-08
 6.65597e-08 5.83105e-08 4.33507e-08 2.12044e-08-7.26932e-09-3.99112e-08
-7.36640e-08-1.05225e-07-1.31696e-07-1.51036e-07-1.62523e-07-1.67138e-07
-1.67348e-07-1.66128e-07-1.65740e-07-1.67079e-07-1.70303e-07-1.76710e-07
-1.90577e-07-2.18977e-07-2.68291e-07-3.38034e-07-4.14603e-07-4.68322e-07
-4.56164e-07-3.30948e-07-5.68970e-08 3.71113e-07 9.13431e-07 1.48471e-06
 1.96919e-06 2.25487e-06 2.26498e-06 1.95568e-06 1.30997e-06 3.58546e-07
-8.00418e-07-1.98465e-06-2.92524e-06-3.33519e-06-3.02858e-06-2.02175e-06
-5.74520e-07 8.66992e-07 1.81912e-06 1.96088e-06 1.30961e-06 2.42244e-07
-6.80212e-07-1.00045e-06-6.23723e-07 1.22599e-07 7.07528e-07 7.63793e-07
 3.39319e-07-1.66475e-07-3.43588e-07-1.12180e-07 2.37536e-07 3.46591e-07
 1.39279e-07-1.28618e-07-1.71073e-07 1.33733e-08 1.69549e-07 1.12106e-07
-5.72485e-08-1.09746e-07-1.26484e-09 8.96441e-08 3.47437e-08-6.70784e-08
-6.23108e-08 1.88641e-08 3.25093e-08-3.51156e-08-6.18839e-08-1.24810e-08
 1.27828e-08-2.66720e-08-4.73377e-08-1.38461e-08 2.13824e-09-2.26138e-08
-2.51090e-08 2.37448e-09 6.51477e-09-4.69697e-09 6.68026e-09 1.87452e-08
 1.19127e-08 1.10128e-08 1.68781e-08 1.31282e-08 8.95050e-09 8.44635e-09
 4.00471e-09-1.67048e-09-6.11077e-09-1.10630e-08-1.52237e-08-1.73857e-08
-1.76044e-08-1.56314e-08-1.16253e-08-6.29550e-09-4.65022e-10 5.04885e-09
 9.58433e-09 1.27382e-08 1.43080e-08 1.42263e-08 1.25174e-08 9.30759e-09
 4.89244e-09-2.24524e-10-5.35036e-09-9.70694e-09-1.25835e-08-1.34594e-08
-1.20875e-08-8.53352e-09-3.20628e-09 3.13318e-09 9.45090e-09 1.46283e-08
 1.77179e-08 1.81612e-08 1.58885e-08 1.13034e-08 5.19296e-09-1.39541e-09
-7.30840e-09-1.14865e-08-1.31891e-08-1.21789e-08-8.79637e-09-3.89491e-09
 1.35326e-09 5.71675e-09 8.15524e-09 8.02796e-09 5.24675e-09 3.36696e-10
-5.63915e-09-1.13096e-08-1.53387e-08-1.67660e-08-1.52275e-08-1.10212e-08
-5.03391e-09 1.44575e-09 7.01096e-09 1.04740e-08 1.11782e-08 9.18607e-09
 5.27280e-09 7.14740e-10-3.06210e-09-4.86682e-09-4.06309e-09-7.41623e-10
 4.30234e-09 9.77563e-09 1.42256e-08 1.64292e-08 1.57311e-08 1.22379e-08
 6.80480e-09 8.00154e-10-4.28362e-09-7.25635e-09-7.57267e-09-5.49002e-09
-1.98911e-09 1.53343e-09 3.71460e-09 3.66063e-09 1.21842e-09-2.98879e-09
-7.75378e-09-1.16435e-08-1.34290e-08-1.24683e-08-8.91639e-09-3.69563e-09
 1.76720e-09 5.98415e-09 7.90863e-09 7.30323e-09 4.80171e-09 1.64052e-09
-8.13323e-10-1.55069e-09-2.51697e-10 2.63511e-09 6.05739e-09 8.70440e-09
 9.43753e-09 7.67909e-09 3.63418e-09-1.74119e-09-7.04180e-09-1.09003e-08
-1.24831e-08-1.17915e-08-9.63807e-09-7.30600e-09-6.03085e-09-6.50157e-09
-8.57364e-09-1.13176e-08-1.33949e-08-1.36016e-08-1.13440e-08-6.85888e-09
-1.10743e-09 4.58812e-09 9.00866e-09 1.14336e-08 1.18373e-08 1.08255e-08
 9.34116e-09 8.25639e-09 8.00847e-09 8.42554e-09 8.81946e-09 8.31367e-09
 6.25975e-09 2.55468e-09-2.26450e-09-7.16757e-09-1.09658e-08-1.27254e-08
-1.21002e-08-9.43505e-09-5.59213e-09-1.57786e-09 1.86367e-09 4.50793e-09
 6.63707e-09 8.77207e-09 1.12896e-08 1.41106e-08 1.66165e-08 1.78516e-08
 1.69344e-08 1.34937e-08 7.91462e-09 1.25697e-09-5.12475e-09-1.00671e-08
-1.29567e-08-1.38154e-08-1.31102e-08-1.14190e-08-9.12586e-09-6.28910e-09
-2.74914e-09 1.57910e-09 6.39834e-09 1.09007e-08 1.39297e-08 1.43984e-08
 1.17829e-08 6.43880e-09-4.32886e-10-7.17438e-09-1.22468e-08-1.47329e-08
-1.45482e-08-1.22937e-08-8.85915e-09-5.00593e-09-1.15310e-09 2.55222e-09
 5.98218e-09 8.78927e-09 1.03553e-08 9.98963e-09 7.29432e-09 2.51726e-09
-3.31385e-09-8.61426e-09-1.17838e-08-1.18350e-08-8.80314e-09-3.72547e-09
 1.80332e-09 6.26828e-09 8.74392e-09 9.06238e-09 7.63700e-09 5.10947e-09
 2.03920e-09-1.20547e-09-4.33205e-09-6.92142e-09-8.34419e-09-7.92576e-09
-5.31756e-09-8.62284e-10 4.30843e-09 8.57600e-09 1.04435e-08 9.17502e-09
 5.14470e-09-2.92500e-10-5.34990e-09-8.51036e-09-9.05222e-09-7.17928e-09
-3.75199e-09 1.72306e-10 3.71195e-09 6.28638e-09 7.53794e-09 7.22066e-09
 5.21082e-09 1.67125e-09-2.75598e-09-6.93504e-09-9.52520e-09-9.50482e-09
-6.68724e-09-1.93271e-09 3.11889e-09 6.71031e-09 7.69610e-09 5.96978e-09
 2.40726e-09-1.59743e-09-4.74331e-09-6.27441e-09-6.08849e-09-4.54392e-09
-2.17373e-09 4.90747e-10 2.93601e-09 4.62738e-09 5.06344e-09 3.98409e-09
 1.62299e-09-1.21473e-09-3.39348e-09-3.94526e-09-2.57551e-09 1.25816e-10
 2.92989e-09 4.56989e-09 4.37657e-09 2.59522e-09 2.10957e-10-1.59680e-09
-2.03706e-09-1.01173e-09 9.62725e-10 3.08899e-09 4.64246e-09 5.16690e-09
 4.49462e-09 2.70249e-09 1.15976e-10-2.64307e-09-4.69151e-09-5.13064e-09
-3.47288e-09-2.00526e-11 4.09122e-09 7.29481e-09 8.29056e-09 6.66643e-09
 3.09430e-09-1.01760e-09-4.21274e-09-5.62468e-09-5.23632e-09-3.68577e-09
-1.82268e-09-3.24023e-10 4.50694e-10 4.06800e-10-3.73146e-10-1.64586e-09
-2.99387e-09-3.90474e-09-3.99649e-09-3.28313e-09-2.26743e-09-1.71114e-09
-2.15990e-09-3.52234e-09-5.02231e-09-5.61725e-09-4.65044e-09-2.31161e-09
 4.13106e-10 2.27764e-09 2.45296e-09 9.32079e-10-1.53562e-09-3.86768e-09
-5.13289e-09-4.84090e-09-2.97991e-09 7.31006e-11 3.63987e-09 6.83504e-09
 8.76402e-09 8.84814e-09 7.13871e-09 4.38573e-09 1.72497e-09 1.10872e-10
-1.58161e-10 4.97137e-10 1.32884e-09 1.82755e-09 2.05572e-09 2.51715e-09
 3.67811e-09 5.51384e-09 7.41393e-09 8.48369e-09 8.00235e-09 5.75397e-09
 2.09386e-09-2.20578e-09-6.19726e-09-8.99300e-09-9.98684e-09-9.05733e-09
-6.67003e-09-3.74809e-09-1.28097e-09 1.44847e-10 5.78481e-10 4.99744e-10
 2.83110e-10 8.04325e-11
     0.0000e+00     0.0000e+00      0  0  0.00
     512   1.00000  0.0000e+00
-8.28116e-10-1.23592e-09-1.79270e-09-2.50579e-09-3.35491e-09-4.26474e-09
-5.09224e-09-5.65267e-09-5.77675e-09-5.36651e-09-4.42002e-09-3.01638e-09
-1.27414e-09 6.87854e-10 2.75929e-09 4.81347e-09 6.67615e-09 8.12276e-09
 8.91449e-09 8.85329e-09 7.82627e-09 5.82931e-09 2.98631e-09-4.16592e-10
-3.89202e-09-6.74867e-09-8.16744e-09-7.37515e-09-3.91146e-09 2.05914e-09
 9.54095e-09 1.68162e-08 2.19187e-08 2.32624e-08 2.01503e-08 1.30088e-08
 3.30130e-09-6.84967e-09-1.52237e-08-2.00895e-08-2.06616e-08-1.72985e-08
-1.13701e-08-4.81184e-09 5.11655e-10 3.40668e-09 3.64397e-09 1.81707e-09
-1.08520e-09-4.11835e-09-6.65849e-09-8.46278e-09-9.54563e-09-9.98654e-09
-9.80704e-09-8.96828e-09-7.43997e-09-5.26920e-09-2.61402e-09 2.63021e-10
 3.03348e-09 5.35948e-09 6.95350e-09 7.63306e-09 7.36071e-09 6.25388e-09
 4.55762e-09 2.59808e-09 7.45887e-10-6.03013e-10-1.05021e-09-2.51458e-10
 1.98018e-09 5.53805e-09 9.89436e-09 1.41071e-08 1.71594e-08 1.85052e-08
 1.82242e-08 1.66231e-08 1.39408e-08 1.04659e-08 6.66564e-09 3.11032e-09
 2.84313e-10-1.60980e-09-2.60471e-09-2.49899e-09-3.07160e-10 5.67927e-09
 1.68081e-08 3.22437e-08 4.73509e-08 5.34006e-08 3.92326e-08-5.23156e-09
-8.42589e-08-1.91145e-07-3.03540e-07-3.82921e-07-3.86077e-07-2.88780e-07
-1.05165e-07 1.12672e-07 3.00348e-07 4.25564e-07 5.05925e-07 5.62209e-07
 5.68004e-07 4.70889e-07 2.46801e-07-7.48519e-08-4.14073e-07-6.62677e-07
-7.26373e-07-5.70387e-07-2.41308e-07 1.45334e-07 4.37211e-07 5.01841e-07
 3.09288e-07-2.43662e-08-2.96797e-07-3.49796e-07-1.74711e-07 8.28791e-08
 2.30009e-07 1.73806e-07-8.14089e-09-1.41774e-07-1.15859e-07 1.99169e-08
 1.15356e-07 7.97099e-08-2.73479e-08-7.41903e-08-1.45386e-08 6.43336e-08
 6.05562e-08-1.09294e-08-4.80620e-08-7.94432e-09 3.89038e-08 2.14588e-08
-2.61728e-08-2.76004e-08 1.14222e-08 2.10285e-08-1.02424e-08-2.27886e-08
 2.21340e-09 1.44555e-08-5.17608e-09-1.31549e-08 5.32381e-09 1.16427e-08
-1.84420e-09-1.83451e-09 9.58341e-09 5.43143e-09-3.43818e-09 3.06957e-10
 1.53279e-09-4.28929e-09-3.63292e-09-1.08165e-09-2.89535e-09-3.05368e-09
-2.14819e-09-2.93043e-09-3.06582e-09-2.33690e-09-1.52539e-09-1.93445e-10
 1.44527e-09 2.93319e-09 4.08829e-09 4.68102e-09 4.56317e-09 3.79461e-09
 2.55077e-09 1.05229e-09-5.08507e-10-1.99128e-09-3.26479e-09-4.21116e-09
-4.72670e-09-4.71077e-09-4.08580e-09-2.84644e-09-1.13052e-09 7.87571e-10
 2.58915e-09 3.99379e-09 4.78932e-09 4.82200e-09 4.03181e-09 2.53327e-09
 6.34192e-10-1.26410e-09-2.82169e-09-3.83494e-09-4.20414e-09-3.88549e-09
-2.90119e-09-1.39026e-09 3.75017e-10 2.04815e-09 3.31689e-09 3.99077e-09
 4.02197e-09 3.47393e-09 2.47549e-09 1.19503e-09-1.55995e-10-1.32859e-09
-2.09364e-09-2.32493e-09-2.04063e-09-1.38142e-09-5.59452e-10 1.90441e-10
 6.63760e-10 7.50011e-10 4.70648e-10-4.45583e-11-6.16656e-10-1.05925e-09
-1.19864e-09-9.11604e-10-1.87441e-10 8.35807e-10 1.90065e-09 2.71032e-09
 3.01875e-09 2.69547e-09 1.75756e-09 3.81415e-10-1.11778e-09-2.36841e-09
-3.06299e-09-3.04745e-09-2.34556e-09-1.14080e-09 2.65178e-10 1.52523e-09
 2.33517e-09 2.49830e-09 1.96595e-09 8.72805e-10-4.74152e-10-1.70019e-09
-2.51510e-09-2.81595e-09-2.69747e-09-2.38696e-09-2.13265e-09-2.09060e-09
-2.27369e-09-2.58206e-09-2.86123e-09-2.93395e-09-2.62078e-09-1.79268e-09
-4.52602e-10 1.20582e-09 2.82031e-09 3.98173e-09 4.40518e-09 4.05610e-09
 3.16359e-09 2.11404e-09 1.27909e-09 8.72070e-10 8.99880e-10 1.20572e-09
 1.56050e-09 1.76061e-09 1.69143e-09 1.34297e-09 8.01893e-10 2.33160e-10
-1.65575e-10-2.39582e-10 4.75584e-11 5.73869e-10 1.08016e-09 1.26233e-09
 9.08392e-10 1.95060e-11-1.15165e-09-2.18466e-09-2.67472e-09-2.42172e-09
-1.52006e-09-3.11873e-10 7.57067e-10 1.31458e-09 1.21552e-09 6.12052e-10
-1.07662e-10-5.01518e-10-2.92796e-10 4.77062e-10 1.43628e-09 2.03197e-09
 1.78417e-09 5.18969e-10-1.53562e-09-3.82731e-09-5.69390e-09-6.62944e-09
-6.47833e-09-5.45597e-09-4.00234e-09-2.56897e-09-1.44048e-09-6.46545e-10
 8.54772e-12 8.06048e-10 1.92923e-09 3.33676e-09 4.75077e-09 5.74499e-09
 5.89496e-09 4.96057e-09 3.04101e-09 6.01044e-10-1.69062e-09-3.24121e-09
-3.76482e-09-3.33648e-09-2.27989e-09-9.90100e-10 2.25907e-10 1.24514e-09
 2.12258e-09 2.97938e-09 3.85500e-09 4.62652e-09 5.04591e-09 4.85567e-09
 3.90696e-09 2.24394e-09 1.46789e-10-1.90276e-09-3.37407e-09-3.91840e-09
-3.54164e-09-2.58749e-09-1.53048e-09-7.25462e-10-2.78030e-10-8.65868e-11
 1.64021e-11 1.36215e-10 2.68652e-10 3.29280e-10 2.21518e-10-8.59625e-11
-5.01339e-10-8.11593e-10-7.70810e-10-2.51259e-10 6.25575e-10 1.48290e-09
 1.85254e-09 1.42813e-09 2.42562e-10-1.34231e-09-2.80894e-09-3.70572e-09
-3.80740e-09-3.15652e-09-1.98908e-09-5.94894e-10 8.08710e-10 2.11346e-09
 3.24870e-09 4.07932e-09 4.38431e-09 3.95028e-09 2.71347e-09 8.57528e-10
-1.19240e-09-2.89767e-09-3.81818e-09-3.80353e-09-3.05011e-09-1.98574e-09
-1.04422e-09-4.59381e-10-1.95646e-10-3.69863e-11 2.45266e-10 7.53196e-10
 1.42088e-09 2.07728e-09 2.55745e-09 2.77583e-09 2.71550e-09 2.36721e-09
 1.68537e-09 6.01782e-10-8.94553e-10-2.64436e-09-4.26455e-09-5.24541e-09
-5.17577e-09-3.95427e-09-1.85537e-09 5.69910e-10 2.69663e-09 4.04807e-09
 4.44687e-09 4.02410e-09 3.09357e-09 1.98476e-09 9.38084e-10 9.36813e-11
-4.72842e-10-7.32350e-10-7.27717e-10-6.10138e-10-6.19380e-10-9.73880e-10
-1.72358e-09-2.66894e-09-3.40838e-09-3.50117e-09-2.67970e-09-1.00796e-09
 1.11439e-09 3.12017e-09 4.52014e-09 5.08325e-09 4.85920e-09 4.05813e-09
 2.89538e-09 1.51307e-09 3.23774e-12-1.53185e-09-2.95551e-09-4.12396e-09
-4.93054e-09-5.32436e-09-5.28184e-09-4.74894e-09-3.61471e-09-1.77670e-09
 7.12008e-10 3.51242e-09 6.00823e-09 7.50378e-09 7.52877e-09 6.06751e-09
 3.56066e-09 6.85611e-10-1.93136e-09-3.90572e-09-5.12252e-09-5.64176e-09
-5.57442e-09-5.01664e-09-4.06645e-09-2.86683e-09-1.59521e-09-3.80733e-10
 7.80856e-10 2.01265e-09 3.40923e-09 4.85641e-09 5.98932e-09 6.36640e-09
 5.74567e-09 4.25169e-09 2.31027e-09 4.02457e-10-1.19608e-09-2.52138e-09
-3.80203e-09-5.19479e-09-6.56347e-09-7.46475e-09-7.35844e-09-5.90300e-09
-3.14228e-09 5.19341e-10 4.48985e-09 8.15646e-09 1.09612e-08 1.24328e-08
 1.22536e-08 1.03617e-08 7.01015e-09 2.72676e-09-1.82469e-09-6.01578e-09
-9.37136e-09-1.15867e-08-1.24737e-08-1.19108e-08-9.86378e-09-6.48580e-09
-2.23896e-09 2.08232e-09 5.50918e-09 7.20520e-09 6.80413e-09 4.67769e-09
 2.06930e-09 4.28077e-10
     0.0000e+00     0.0000e+00      0  0  0.00
     512   1.00000  0.0000e+00
-2.73361e-09-2.92291e-09-3.03278e-09-3.08263e-09-3.11736e-09-3.21346e-09
-3.45976e-09-3.91909e-09-4.60083e-09-5.45663e-09-6.38669e-09-7.25045e-09
-7.89100e-09-8.17124e-09-7.99908e-09-7.32658e-09-6.13395e-09-4.41699e-09
-2.18391e-09 5.39899e-10 3.70007e-09 7.20085e-09 1.09023e-08 1.46249e-08
 1.81510e-08 2.12286e-08 2.35975e-08 2.50443e-08 2.54514e-08 2.48165e-08
 2.32394e-08 2.08848e-08 1.79220e-08 1.44628e-08 1.05458e-08 6.18921e-09
 1.47164e-09-3.41813e-09-8.18644e-09-1.24712e-08-1.58961e-08-1.81503e-08
-1.90738e-08-1.87015e-08-1.72322e-08-1.49570e-08-1.21940e-08-9.25241e-09
-6.41085e-09-3.90690e-09-1.94022e-09-6.79051e-10-2.55205e-10-7.49527e-10
-2.17405e-09-4.44771e-09-7.37302e-09-1.06389e-08-1.38640e-08-1.66731e-08
-1.88087e-08-2.02872e-08-2.15717e-08-2.36595e-08-2.79781e-08-3.60366e-08
-4.88140e-08-6.59071e-08-8.45887e-08-9.91376e-08-1.00948e-07-7.99313e-08
-2.75627e-08 5.83726e-08 1.68567e-07 2.81283e-07 3.68428e-07 4.03635e-07
 3.69790e-07 2.65232e-07 1.04395e-07-8.29986e-08-2.52541e-07-3.56349e-07
-3.64891e-07-2.84836e-07-1.60799e-07-5.61328e-08-1.81628e-08-4.82065e-08
-1.00683e-07-1.16420e-07-6.79709e-08 1.83432e-08 8.45405e-08 8.95896e-08
 4.03442e-08-2.10455e-08-5.51012e-08-4.81675e-08-7.43161e-09 4.50449e-08
 7.01975e-08 3.39274e-08-4.96222e-08-1.14499e-07-9.94944e-08 7.52538e-09
 1.88289e-07 4.16900e-07 6.45045e-07 8.01338e-07 8.19283e-07 6.54198e-07
 2.98205e-07-1.95040e-07-7.12884e-07-1.12122e-06-1.30579e-06-1.20791e-06
-8.52596e-07-3.48672e-07 1.48795e-07 4.98125e-07 6.25978e-07 5.52467e-07
 3.71132e-07 1.92104e-07 8.45144e-08 5.41768e-08 6.35515e-08 7.25571e-08
 6.48094e-08 4.21398e-08 9.20732e-09-2.65738e-08-4.86455e-08-4.36180e-08
-2.37188e-08-1.73823e-08-3.01448e-08-3.75876e-08-2.62139e-08-1.27961e-08
-1.04987e-08-9.13646e-09-2.12516e-09 2.02337e-09 2.30197e-09 5.56647e-09
 8.25557e-09 6.11695e-09 5.29326e-09 6.61871e-09 4.46780e-09 1.92181e-09
 2.41242e-09 1.46180e-09-6.03441e-10-2.76730e-10-3.33865e-10-1.41126e-09
-9.37465e-10-7.89837e-10-1.46006e-09-1.10369e-09-1.19918e-09-1.76750e-09
-1.53965e-09-1.87915e-09-2.43871e-09-2.49754e-09-3.18144e-09-3.76774e-09
-3.97100e-09-4.49141e-09-4.49442e-09-4.20926e-09-3.95770e-09-3.14453e-09
-2.29633e-09-1.32513e-09-4.40712e-11 1.02305e-09 2.12409e-09 3.04479e-09
 3.58333e-09 3.96328e-09 3.93712e-09 3.69579e-09 3.30261e-09 2.70693e-09
 2.15638e-09 1.60879e-09 1.19549e-09 9.61736e-10 8.74181e-10 9.92617e-10
 1.17970e-09 1.37487e-09 1.47482e-09 1.40270e-09 1.15256e-09 6.99452e-10
 8.33313e-11-6.65295e-10-1.45537e-09-2.17327e-09-2.72735e-09-3.03923e-09
-3.07736e-09-2.85628e-09-2.43030e-09-1.84737e-09-1.16620e-09-4.89197e-10
 7.82487e-11 4.91926e-10 7.72436e-10 9.61928e-10 1.09396e-09 1.17577e-09
 1.20184e-09 1.19643e-09 1.21877e-09 1.29629e-09 1.36382e-09 1.30214e-09
 1.04091e-09 6.17355e-10 1.42488e-10-2.95449e-10-6.90434e-10-1.06059e-09
-1.35764e-09-1.47050e-09-1.30870e-09-8.91547e-10-3.66004e-10 9.42712e-11
 4.15939e-10 6.48808e-10 8.75298e-10 1.10650e-09 1.29423e-09 1.43989e-09
 1.63184e-09 1.97604e-09 2.51552e-09 3.18082e-09 3.81454e-09 4.28134e-09
 4.54794e-09 4.65559e-09 4.64152e-09 4.48846e-09 4.15139e-09 3.62971e-09
 2.97730e-09 2.23825e-09 1.40617e-09 4.34037e-10-7.31063e-10-2.08530e-09
-3.53187e-09-4.93125e-09-6.17003e-09-7.17890e-09-7.92228e-09-8.38062e-09
-8.54508e-09-8.43672e-09-8.11325e-09-7.64899e-09-7.10631e-09-6.50405e-09
-5.81549e-09-5.01199e-09-4.09790e-09-3.11095e-09-2.11363e-09-1.17529e-09
-3.47392e-10 3.39578e-10 8.67126e-10 1.23315e-09 1.45217e-09 1.54803e-09
 1.55342e-09 1.49307e-09 1.36029e-09 1.13066e-09 7.89796e-10 3.50015e-10
-1.23838e-10-5.11771e-10-6.95922e-10-6.20624e-10-2.98543e-10 2.10472e-10
 8.14015e-10 1.40383e-09 1.87857e-09 2.16470e-09 2.24793e-09 2.21515e-09
 2.25215e-09 2.55707e-09 3.23539e-09 4.27396e-09 5.58413e-09 7.03463e-09
 8.45179e-09 9.60554e-09 1.01994e-08 9.91922e-09 8.55822e-09 6.11211e-09
 2.76821e-09-1.14152e-09-5.15754e-09-8.69730e-09-1.10994e-08-1.17644e-08
-1.03652e-08-7.00214e-09-2.20640e-09 3.20743e-09 8.34829e-09 1.23935e-08
 1.46733e-08 1.47808e-08 1.26908e-08 8.81181e-09 3.91647e-09-1.07098e-09
-5.34554e-09-8.39732e-09-1.00414e-08-1.03581e-08-9.62021e-09-8.24489e-09
-6.72002e-09-5.46642e-09-4.69963e-09-4.36670e-09-4.19220e-09-3.83326e-09
-3.05063e-09-1.78966e-09-1.81248e-10 1.49711e-09 2.89908e-09 3.70491e-09
 3.71740e-09 2.95282e-09 1.67164e-09 3.03368e-10-7.03187e-10-1.04420e-09
-6.72599e-10 2.00638e-10 1.20460e-09 1.95479e-09 2.19678e-09 1.88389e-09
 1.16805e-09 3.40548e-10-2.69323e-10-4.28587e-10-9.54228e-11 5.68152e-10
 1.24726e-09 1.58450e-09 1.32337e-09 4.12196e-10-9.67270e-10-2.45050e-09
-3.61885e-09-4.14705e-09-3.89619e-09-2.94542e-09-1.57014e-09-1.52584e-10
 9.54139e-10 1.55107e-09 1.65523e-09 1.47033e-09 1.28178e-09 1.32350e-09
 1.66784e-09 2.19228e-09 2.64650e-09 2.77533e-09 2.43161e-09 1.64216e-09
 6.04714e-10-3.88124e-10-1.06808e-09-1.30634e-09-1.16494e-09-8.44700e-10
-5.73381e-10-5.12588e-10-7.05389e-10-1.06593e-09-1.43074e-09-1.65212e-09
-1.67512e-09-1.56138e-09-1.45209e-09-1.48617e-09-1.71754e-09-2.07104e-09
-2.35865e-09-2.36197e-09-1.94157e-09-1.10238e-09 8.99969e-12 1.15041e-09
 2.06160e-09 2.56827e-09 2.66515e-09 2.51312e-09 2.33929e-09 2.30254e-09
 2.40838e-09 2.51254e-09 2.39490e-09 1.86690e-09 8.76534e-10-4.40977e-10
-1.80812e-09-2.92139e-09-3.57024e-09-3.70667e-09-3.44162e-09-2.96616e-09
-2.43399e-09-1.87903e-09-1.22922e-09-4.00713e-10 6.14016e-10 1.72626e-09
 2.77967e-09 3.59199e-09 4.01448e-09 4.00324e-09 3.64952e-09 3.12774e-09
 2.59672e-09 2.13504e-09 1.74432e-09 1.38769e-09 1.02865e-09 6.63174e-10
 3.31140e-10 9.00276e-11-2.88757e-11-4.08077e-11 1.01872e-12 2.05811e-11
-5.80212e-11-2.66168e-10-5.56331e-10-8.38577e-10-1.07854e-09-1.35439e-09
-1.80268e-09-2.50720e-09-3.42734e-09-4.39088e-09-5.11956e-09-5.28486e-09
-4.61708e-09-3.03347e-09-6.93895e-10 2.05491e-09 4.78974e-09 7.10232e-09
 8.64513e-09 9.13687e-09 8.35239e-09 6.15180e-09 2.58351e-09-2.00304e-09
-6.95591e-09-1.14592e-08-1.47160e-08-1.60972e-08-1.52690e-08-1.23055e-08
-7.70195e-09-2.22714e-09 3.30020e-09 8.15946e-09 1.17735e-08 1.37456e-08
 1.39320e-08 1.24861e-08 9.81515e-09 6.47286e-09 3.03541e-09-1.75395e-11
-2.38641e-09-3.95571e-09-4.72878e-09-4.76367e-09-4.14838e-09-3.00615e-09
-1.54690e-09-3.86200e-10
     0.0000e+00     0.0000e+00      0  0  0.00
     512   1.00000  0.0000e+00
 2.91809e-09 2.65849e-09 2.05490e-09 1.13438e-09 3.83438e-12-1.14208e-09
-2.04782e-09-2.46572e-09-2.23209e-09-1.30356e-09 2.56620e-10 2.31028e-09
 4.66350e-09 7.07399e-09 9.25952e-09 1.09116e-08 1.17216e-08 1.14290e-08
 9.87395e-09 7.01433e-09 2.90013e-09-2.34922e-09-8.52355e-09-1.52610e-08
-2.19779e-08-2.78296e-08-3.17628e-08-3.27142e-08-2.99514e-08-2.34558e-08
-1.41521e-08-3.78940e-09 5.53571e-09 1.20008e-08 1.45806e-08 1.33264e-08
 9.33311e-09 4.41020e-09 5.63488e-10-5.78864e-10 1.73398e-09 7.10503e-09
 1.40928e-08 2.06986e-08 2.50665e-08 2.61081e-08 2.37743e-08 1.88716e-08
 1.26034e-08 6.12726e-09 2.99852e-10-4.38034e-09-7.70715e-09-9.67412e-09
-1.03972e-08-1.00424e-08-8.77193e-09-6.74823e-09-4.17671e-09-1.31887e-09
 1.55866e-09 4.27498e-09 6.81847e-09 9.35367e-09 1.20665e-08 1.48249e-08
 1.67749e-08 1.61042e-08 1.02026e-08-3.63742e-09-2.69578e-08-5.84499e-08
-9.22595e-08-1.16906e-07-1.16538e-07-7.94736e-08-1.24914e-08 5.94088e-08
 1.14971e-07 1.48495e-07 1.57642e-07 1.36257e-07 8.20720e-08 4.02914e-09
-7.45832e-08-1.21052e-07-1.12687e-07-5.75366e-08 6.04603e-09 3.43114e-08
 9.53564e-09-4.54503e-08-8.30607e-08-6.76458e-08-4.20231e-09 6.57894e-08
 9.89564e-08 8.22159e-08 3.22566e-08-2.70891e-08-7.61543e-08-9.37165e-08
-6.19425e-08 7.71953e-09 7.22115e-08 1.06453e-07 1.34700e-07 1.82826e-07
 2.29325e-07 2.35636e-07 1.84976e-07 6.70068e-08-1.23466e-07-3.56810e-07
-5.72645e-07-7.01713e-07-6.74008e-07-4.47197e-07-4.89430e-08 4.15064e-07
 7.91589e-07 9.32870e-07 7.64525e-07 3.38479e-07-1.71247e-07-5.39798e-07
-6.03092e-07-3.57705e-07 2.05654e-08 2.77424e-07 2.53202e-07 8.21940e-09
-2.18701e-07-2.19878e-07-2.03570e-08 1.50608e-07 1.20726e-07-2.85635e-08
-8.98112e-08-1.35840e-08 5.72362e-08 3.18860e-08-1.26052e-08-2.45778e-09
 1.66966e-08 2.02148e-09-8.48992e-09 3.07766e-09 2.76305e-09-8.20633e-09
-3.45992e-09 2.96987e-09-2.95669e-09-2.59690e-09 3.63697e-09 6.16552e-10
-1.30514e-09 2.89175e-09 1.19282e-09-1.17856e-09 1.45643e-09 1.51476e-10
-2.01819e-09-3.28572e-10-1.44498e-09-2.74777e-09-1.01128e-09-1.45834e-09
-1.52088e-09 2.67017e-10-6.79834e-12 4.82518e-10 1.72610e-09 1.25704e-09
 1.79144e-09 2.13183e-09 1.30585e-09 1.35100e-09 6.22375e-10-3.59671e-10
-6.19894e-10-1.52895e-09-1.90471e-09-1.98900e-09-2.32016e-09-1.95066e-09
-1.68047e-09-1.17261e-09-2.98997e-10 3.08619e-10 1.10380e-09 1.63898e-09
 1.94650e-09 2.15848e-09 2.01406e-09 1.82648e-09 1.40904e-09 8.36575e-10
 1.97113e-10-5.56944e-10-1.19845e-09-1.69291e-09-1.91994e-09-1.91474e-09
-1.74093e-09-1.38487e-09-8.83497e-10-2.14701e-10 5.46719e-10 1.26055e-09
 1.78128e-09 2.06308e-09 2.13889e-09 2.01369e-09 1.68133e-09 1.13898e-09
 4.37463e-10-2.75228e-10-8.15512e-10-1.12422e-09-1.28278e-09-1.32425e-09
-1.13478e-09-5.96671e-10 2.41481e-10 1.16916e-09 1.94850e-09 2.48044e-09
 2.86845e-09 3.25301e-09 3.57471e-09 3.58037e-09 3.08510e-09 2.19424e-09
 1.23730e-09 4.61447e-10-1.86684e-10-9.39803e-10-1.89168e-09-2.83183e-09
-3.41885e-09-3.52186e-09-3.34092e-09-3.18108e-09-3.16558e-09-3.15728e-09
-2.93113e-09-2.46415e-09-2.02834e-09-1.93489e-09-2.23535e-09-2.71189e-09
-3.11409e-09-3.38183e-09-3.63607e-09-3.97308e-09-4.31139e-09-4.42355e-09
-4.10605e-09-3.35613e-09-2.36112e-09-1.30195e-09-2.22164e-10 9.29838e-10
 2.18334e-09 3.44720e-09 4.52635e-09 5.25972e-09 5.61894e-09 5.68013e-09
 5.53857e-09 5.22924e-09 4.71954e-09 4.00680e-09 3.19067e-09 2.42559e-09
 1.84826e-09 1.53400e-09 1.46528e-09 1.57552e-09 1.84419e-09 2.29264e-09
 2.89102e-09 3.52597e-09 4.05984e-09 4.39355e-09 4.48276e-09 4.32689e-09
 3.93977e-09 3.30847e-09 2.41200e-09 1.30410e-09 1.13963e-10-1.05306e-09
-2.14024e-09-3.07843e-09-3.78245e-09-4.18331e-09-4.23907e-09-3.98159e-09
-3.53381e-09-3.00693e-09-2.44332e-09-1.91523e-09-1.59236e-09-1.66564e-09
-2.23519e-09-3.24749e-09-4.52347e-09-5.88886e-09-7.25900e-09-8.53513e-09
-9.45072e-09-9.61600e-09-8.75419e-09-6.89440e-09-4.35393e-09-1.54466e-09
 1.21544e-09 3.69567e-09 5.59244e-09 6.49607e-09 6.11429e-09 4.54405e-09
 2.31089e-09 1.11868e-10-1.51773e-09-2.33171e-09-2.26431e-09-1.28642e-09
 5.79345e-10 3.07937e-09 5.63289e-09 7.53051e-09 8.28315e-09 7.84208e-09
 6.56878e-09 4.98492e-09 3.51001e-09 2.40603e-09 1.85421e-09 1.96308e-09
 2.66971e-09 3.62703e-09 4.24649e-09 3.97534e-09 2.60691e-09 3.77612e-10
-2.17149e-09-4.44728e-09-5.99995e-09-6.56304e-09-6.04306e-09-4.56235e-09
-2.48238e-09-3.37452e-10 1.31578e-09 2.10866e-09 2.01480e-09 1.32429e-09
 4.79983e-10-1.20933e-10-2.90475e-10-9.40318e-11 2.28373e-10 3.65817e-10
 3.47790e-11-9.09702e-10-2.38725e-09-4.06785e-09-5.43675e-09-5.97018e-09
-5.35154e-09-3.60925e-09-1.12546e-09 1.48908e-09 3.61332e-09 4.81989e-09
 4.98757e-09 4.30668e-09 3.17336e-09 2.02077e-09 1.16715e-09 7.09183e-10
 4.93624e-10 2.13536e-10-4.17122e-10-1.50411e-09-2.88127e-09-4.13990e-09
-4.79202e-09-4.47583e-09-3.11106e-09-9.60686e-10 1.44506e-09 3.50289e-09
 4.74337e-09 4.97306e-09 4.31785e-09 3.14077e-09 1.86772e-09 8.09483e-10
 4.78975e-11-5.68550e-10-1.30165e-09-2.33285e-09-3.61560e-09-4.84779e-09
-5.57562e-09-5.38471e-09-4.09728e-09-1.88576e-09 7.63487e-10 3.22878e-09
 4.97967e-09 5.74914e-09 5.59819e-09 4.84400e-09 3.87157e-09 2.93204e-09
 2.04020e-09 1.01668e-09-3.51350e-10-2.12497e-09-4.11101e-09-5.88117e-09
-6.90805e-09-6.79031e-09-5.45593e-09-3.20836e-09-5.97681e-10 1.79566e-09
 3.56766e-09 4.60858e-09 5.07655e-09 5.23160e-09 5.22595e-09 4.99417e-09
 4.30719e-09 2.92995e-09 7.97527e-10-1.85734e-09-4.51120e-09-6.53090e-09
-7.43480e-09-7.08142e-09-5.69207e-09-3.71016e-09-1.58411e-09 4.06346e-10
 2.20375e-09 3.88940e-09 5.50273e-09 6.88022e-09 7.64923e-09 7.39744e-09
 5.90138e-09 3.27877e-09-2.37110e-12-3.26971e-09-5.90248e-09-7.56529e-09
-8.26686e-09-8.22095e-09-7.64105e-09-6.60528e-09-5.03861e-09-2.81101e-09
 8.24922e-11 3.36835e-09 6.50433e-09 8.88313e-09 1.00998e-08 1.00981e-08
 9.11148e-09 7.46823e-09 5.39674e-09 2.93144e-09-2.91067e-11-3.52268e-09
-7.30648e-09-1.08030e-08-1.32616e-08-1.40176e-08-1.27131e-08-9.41608e-09
-4.59126e-09 1.08780e-09 6.97074e-09 1.25169e-08 1.71941e-08 2.03598e-08
 2.13039e-08 1.94676e-08 1.47120e-08 7.49786e-09-1.12434e-09-9.74286e-09
-1.69740e-08-2.18325e-08-2.38790e-08-2.31123e-08-1.97853e-08-1.43141e-08
-7.30006e-09 3.99637e-10 7.62105e-09 1.29741e-08 1.51561e-08 1.34153e-08
 7.91413e-09 2.15426e-09
     0.0000e+00     0.0000e+00      0  0  0.00
     512   1.00000  0.0000e+00
 5.71839e-09 6.14223e-09 6.48560e-09 6.79799e-09 7.15175e-09 7.63759e-09
 8.31956e-09 9.18104e-09 1.01262e-08 1.10357e-08 1.18093e-08 1.23564e-08
 1.25655e-08 1.22950e-08 1.13910e-08 9.71397e-09 7.16458e-09 3.70445e-09
-6.33556e-10-5.74893e-09-1.14819e-08-1.76171e-08-2.38855e-08-2.99642e-08
-3.54775e-08-4.00147e-08-4.31935e-08-4.47505e-08-4.45893e-08-4.27572e-08
-3.94031e-08-3.47489e-08-2.90404e-08-2.24724e-08-1.51559e-08-7.17574e-09
 1.31039e-09 1.00150e-08 1.85232e-08 2.63184e-08 3.28297e-08 3.75408e-08
 4.01451e-08 4.06449e-08 3.93073e-08 3.65209e-08 3.26796e-08 2.81581e-08
 2.33403e-08 1.86410e-08 1.44946e-08 1.12994e-08 9.33551e-09 8.70918e-09
 9.35193e-09 1.10491e-08 1.34642e-08 1.61548e-08 1.85900e-08 2.01952e-08
 2.04844e-08 1.93187e-08 1.72290e-08 1.56323e-08 1.67782e-08 2.33382e-08
 3.75789e-08 6.00668e-08 8.80318e-08 1.13886e-07 1.24706e-07 1.03604e-07
 3.37741e-08-9.44003e-08-2.73754e-07-4.72074e-07-6.34473e-07-7.03486e-07
-6.45337e-07-4.58498e-07-1.66667e-07 1.79638e-07 4.99360e-07 7.01624e-07
 7.26566e-07 5.79375e-07 3.36962e-07 1.17280e-07 1.75473e-08 5.52802e-08
 1.57655e-07 2.14807e-07 1.63123e-07 3.45621e-08-7.25157e-08-7.79480e-08
 1.63191e-08 1.38089e-07 2.11395e-07 2.01951e-07 1.09248e-07-4.15584e-08
-1.90111e-07-2.74190e-07-2.94214e-07-3.13365e-07-3.82631e-07-4.97494e-07
-6.31028e-07-7.52986e-07-8.10898e-07-7.49318e-07-5.46242e-07-2.11759e-07
 2.11733e-07 6.37315e-07 9.61267e-07 1.11610e-06 1.09242e-06 9.29179e-07
 6.93280e-07 4.49273e-07 2.28990e-07 2.36333e-08-1.91386e-07-4.15537e-07
-5.97955e-07-6.51574e-07-5.14522e-07-2.25815e-07 6.03649e-08 1.66566e-07
 4.31859e-08-1.58538e-07-2.12024e-07-5.42235e-08 1.35356e-07 1.51208e-07
 2.18823e-08-5.06814e-08 9.11838e-09 7.14354e-08 4.34223e-08 2.16031e-10
 9.69617e-09 2.06944e-08-1.05847e-09-1.02353e-08 1.66897e-09-3.66991e-09
-1.55310e-08-8.56699e-09-4.65098e-09-1.20643e-08-8.75420e-09-2.61017e-09
-6.51924e-09-5.16709e-09 3.40394e-10-1.92991e-09-1.62496e-09 2.34486e-09
 5.02691e-10 5.74730e-10 3.57247e-09 2.26426e-09 2.81347e-09 5.03265e-09
 3.85296e-09 4.62310e-09 5.89198e-09 4.76905e-09 5.65871e-09 6.03187e-09
 5.04325e-09 5.66429e-09 5.02441e-09 4.11539e-09 4.21056e-09 3.02973e-09
 2.41453e-09 1.92248e-09 6.20086e-10 1.21301e-10-8.11929e-10-1.70164e-09
-2.03060e-09-2.75519e-09-2.96947e-09-3.21358e-09-3.52692e-09-3.50772e-09
-3.77613e-09-3.84622e-09-3.88642e-09-3.88104e-09-3.64457e-09-3.48624e-09
-3.19758e-09-2.93219e-09-2.63342e-09-2.20934e-09-1.72416e-09-1.09383e-09
-4.10245e-10 3.36254e-10 1.07783e-09 1.75109e-09 2.33248e-09 2.76841e-09
 3.08430e-09 3.31331e-09 3.46394e-09 3.46172e-09 3.25268e-09 2.89332e-09
 2.49930e-09 2.14296e-09 1.78483e-09 1.32359e-09 7.22571e-10 1.13902e-10
-2.79708e-10-3.64021e-10-2.82782e-10-2.72700e-10-4.15147e-10-5.65775e-10
-5.49783e-10-3.97783e-10-3.31737e-10-5.12565e-10-8.59387e-10-1.15008e-09
-1.26976e-09-1.33754e-09-1.59640e-09-2.17078e-09-2.92775e-09-3.60308e-09
-4.07128e-09-4.44821e-09-4.89586e-09-5.37964e-09-5.69983e-09-5.73448e-09
-5.56801e-09-5.39802e-09-5.36599e-09-5.44954e-09-5.49772e-09-5.39393e-09
-5.17381e-09-4.95865e-09-4.78687e-09-4.53718e-09-4.02967e-09-3.19021e-09
-2.08358e-09-7.99217e-10 6.36752e-10 2.23975e-09 3.99676e-09 5.80711e-09
 7.49739e-09 8.92762e-09 1.00669e-08 1.09599e-08 1.16559e-08 1.21630e-08
 1.24501e-08 1.25004e-08 1.23485e-08 1.20508e-08 1.16417e-08 1.11192e-08
 1.04661e-08 9.68689e-09 8.81587e-09 7.88624e-09 6.91063e-09 5.89727e-09
 4.87207e-09 3.87939e-09 2.96817e-09 2.18300e-09 1.55729e-09 1.09468e-09
 7.62088e-10 5.10544e-10 2.84856e-10 2.70982e-11-2.80779e-10-6.04038e-10
-9.35907e-10-1.34755e-09-1.91887e-09-2.66158e-09-3.51885e-09-4.40629e-09
-5.26315e-09-6.07001e-09-6.78701e-09-7.29218e-09-7.44911e-09-7.27447e-09
-7.01847e-09-7.03136e-09-7.52343e-09-8.45791e-09-9.65632e-09-1.09608e-08
-1.22753e-08-1.34539e-08-1.41723e-08-1.39845e-08-1.25781e-08-9.97779e-09
-6.49538e-09-2.53634e-09 1.49775e-09 5.14277e-09 7.80319e-09 8.86967e-09
 8.00517e-09 5.36717e-09 1.55434e-09-2.68657e-09-6.72600e-09-1.00762e-08
-1.22678e-08-1.28374e-08-1.15090e-08-8.41030e-09-4.11255e-09 5.79395e-10
 4.95056e-09 8.57343e-09 1.12696e-08 1.29657e-08 1.36433e-08 1.34146e-08
 1.25686e-08 1.14665e-08 1.03545e-08 9.25219e-09 8.01015e-09 6.49291e-09
 4.71681e-09 2.82571e-09 9.85417e-10-6.68833e-10-2.01976e-09-2.94965e-09
-3.36201e-09-3.24447e-09-2.71179e-09-1.97679e-09-1.27277e-09-7.74046e-10
-5.50003e-10-5.71789e-10-7.52475e-10-9.95140e-10-1.22917e-09-1.40540e-09
-1.47823e-09-1.42789e-09-1.28087e-09-1.07875e-09-8.44395e-10-5.80030e-10
-2.67300e-10 1.29490e-10 6.38686e-10 1.25064e-09 1.89785e-09 2.46683e-09
 2.85373e-09 3.00777e-09 2.91306e-09 2.55901e-09 1.95255e-09 1.14140e-09
 2.07103e-10-7.61618e-10-1.68422e-09-2.48518e-09-3.09293e-09-3.44972e-09
-3.51980e-09-3.30143e-09-2.84738e-09-2.25998e-09-1.64314e-09-1.05448e-09
-5.03755e-10 9.44211e-12 4.68833e-10 8.55724e-10 1.16233e-09 1.36643e-09
 1.42459e-09 1.32722e-09 1.14094e-09 9.79705e-10 9.49048e-10 1.10432e-09
 1.42564e-09 1.82292e-09 2.17112e-09 2.35259e-09 2.29206e-09 1.97213e-09
 1.42900e-09 7.47318e-10 4.18053e-11-6.02358e-10-1.18399e-09-1.75802e-09
-2.35234e-09-2.93102e-09-3.42657e-09-3.77187e-09-3.89593e-09-3.72425e-09
-3.21895e-09-2.42547e-09-1.46612e-09-4.76253e-10 4.60743e-10 1.33753e-09
 2.20201e-09 3.09774e-09 3.99681e-09 4.77825e-09 5.26637e-09 5.29499e-09
 4.76309e-09 3.67449e-09 2.16944e-09 5.23724e-10-9.44200e-10-2.03457e-09
-2.74749e-09-3.19740e-09-3.46945e-09-3.56780e-09-3.45652e-09-3.10018e-09
-2.48537e-09-1.66695e-09-8.10126e-10-1.46265e-10 1.50935e-10 7.08521e-11
-2.18076e-10-4.49104e-10-4.06693e-10-6.77731e-11 3.78506e-10 6.70814e-10
 6.64455e-10 4.09982e-10 8.67203e-11-9.93476e-11 3.03551e-11 5.72319e-10
 1.45013e-09 2.39773e-09 3.10820e-09 3.42164e-09 3.34190e-09 2.87915e-09
 1.92706e-09 3.16728e-10-2.01896e-09-4.90548e-09-7.88457e-09-1.02981e-08
-1.14785e-08-1.09538e-08-8.57323e-09-4.54524e-09 5.82728e-10 6.02477e-09
 1.09684e-08 1.47974e-08 1.71407e-08 1.77430e-08 1.63981e-08 1.31051e-08
 8.26767e-09 2.65320e-09-2.87071e-09-7.56525e-09-1.09091e-08-1.26511e-08
-1.28638e-08-1.18926e-08-1.01670e-08-8.01076e-09-5.58631e-09-2.97860e-09
-3.22593e-10 2.12629e-09 4.04457e-09 5.18367e-09 5.44474e-09 4.76233e-09
 2.91276e-09 8.26626e-10
     0.0000e+00     0.0000e+00      0  0  0.00
     512   1.00000  0.0000e+00
-4.36382e-09-4.18943e-09-3.79934e-09-3.34174e-09-2.99170e-09-2.88888e-09
-3.09941e-09-3.62436e-09-4.43294e-09-5.47721e-09-6.67715e-09-7.90688e-09
-9.00885e-09-9.82463e-09-1.02127e-08-1.00445e-08-9.19410e-09-7.53916e-09
-4.98010e-09-1.47139e-09 2.94535e-09 8.11721e-09 1.37717e-08 1.95325e-08
 2.49648e-08 2.96422e-08 3.32008e-08 3.53553e-08 3.58933e-08 3.46860e-08
 3.17180e-08 2.70983e-08 2.10301e-08 1.37744e-08 5.64848e-09-2.95287e-09
-1.15623e-08-1.96814e-08-2.68270e-08-3.25643e-08-3.65424e-08-3.85408e-08
-3.84970e-08-3.64946e-08-3.27321e-08-2.74994e-08-2.11603e-08-1.41206e-08
-6.78031e-09 5.05270e-10 7.44104e-09 1.37850e-08 1.93336e-08 2.39148e-08
 2.73986e-08 2.97150e-08 3.08588e-08 3.08785e-08 2.98657e-08 2.79649e-08
 2.54063e-08 2.25525e-08 1.99336e-08 1.82225e-08 1.80842e-08 1.98858e-08
 2.33157e-08 2.70049e-08 2.82720e-08 2.31919e-08 7.25030e-09-2.32095e-08
-6.88265e-08-1.24672e-07-1.78819e-07-2.15390e-07-2.20735e-07-1.87730e-07
-1.19196e-07-2.86087e-08 6.42843e-08 1.36290e-07 1.64973e-07 1.39709e-07
 7.01399e-08-1.56044e-08-8.23661e-08-1.04901e-07-8.09967e-08-3.15931e-08
 1.38184e-08 3.76024e-08 4.49864e-08 5.57661e-08 8.31446e-08 1.19546e-07
 1.43017e-07 1.37221e-07 1.05856e-07 7.16450e-08 6.49289e-08 1.07318e-07
 1.93000e-07 2.82131e-07 3.30256e-07 3.36106e-07 3.34068e-07 3.27964e-07
 2.73896e-07 1.33808e-07-9.72823e-08-4.03163e-07-7.43960e-07-1.05238e-06
-1.24911e-06-1.26226e-06-1.05031e-06-6.28330e-07-7.67508e-08 4.79372e-07
 9.07730e-07 1.10917e-06 1.05326e-06 7.91731e-07 4.37912e-07 1.18464e-07
-8.03285e-08-1.42198e-07-1.12940e-07-6.15111e-08-3.55465e-08-4.41336e-08
-7.10750e-08-9.66300e-08-1.07424e-07-9.50517e-08-6.23889e-08-3.10123e-08
-2.33894e-08-3.28645e-08-3.03550e-08-8.39899e-09 8.40655e-09 6.97466e-09
 4.48294e-09 1.10555e-08 1.37047e-08 8.66419e-09 7.48410e-09 8.97186e-09
 4.85120e-09 7.71094e-10 1.22658e-09-5.19860e-10-3.77170e-09-3.13316e-09
-2.77501e-09-4.25534e-09-3.03177e-09-1.57820e-09-1.98147e-09-6.15026e-10
 9.34154e-10 8.05835e-10 1.82512e-09 2.64732e-09 2.03013e-09 2.32855e-09
 2.23891e-09 1.19198e-09 9.77145e-10 2.37067e-10-8.72790e-10-1.16501e-09
-1.92353e-09-2.47029e-09-2.37516e-09-2.62417e-09-2.35874e-09-1.89352e-09
-1.69273e-09-1.07893e-09-7.20007e-10-4.71730e-10-8.34420e-11-4.77627e-11
 9.81110e-11 1.75417e-10 1.34669e-10 2.68859e-10 2.80605e-10 4.14618e-10
 6.39430e-10 9.03297e-10 1.35657e-09 1.80061e-09 2.31090e-09 2.81368e-09
 3.26244e-09 3.66968e-09 3.89029e-09 3.92182e-09 3.71380e-09 3.28275e-09
 2.63805e-09 1.77831e-09 7.85146e-10-2.73758e-10-1.31176e-09-2.27417e-09
-3.11445e-09-3.78738e-09-4.24780e-09-4.45878e-09-4.43592e-09-4.22016e-09
-3.84890e-09-3.35476e-09-2.78092e-09-2.18566e-09-1.63938e-09-1.20238e-09
-8.89443e-10-6.68127e-10-5.01379e-10-3.82799e-10-3.19198e-10-2.95185e-10
-2.60654e-10-1.44225e-10 9.87005e-11 4.38067e-10 8.04091e-10 1.17368e-09
 1.57934e-09 2.03525e-09 2.48291e-09 2.81305e-09 2.94765e-09 2.89218e-09
 2.70169e-09 2.42562e-09 2.08101e-09 1.65941e-09 1.17845e-09 7.15602e-10
 3.64816e-10 1.75513e-10 1.36782e-10 2.13595e-10 4.09398e-10 7.69088e-10
 1.30749e-09 1.97416e-09 2.67617e-09 3.30841e-09 3.79483e-09 4.10035e-09
 4.19282e-09 4.02851e-09 3.57538e-09 2.83913e-09 1.87833e-09 7.81814e-10
-3.77261e-10-1.55252e-09-2.69984e-09-3.76139e-09-4.67142e-09-5.37310e-09
-5.83997e-09-6.08144e-09-6.12127e-09-5.98105e-09-5.68692e-09-5.27600e-09
-4.79570e-09-4.30009e-09-3.83181e-09-3.40538e-09-3.01271e-09-2.63526e-09
-2.25403e-09-1.85059e-09-1.39829e-09-8.66651e-10-2.35875e-10 4.90274e-10
 1.27098e-09 2.03081e-09 2.68138e-09 3.14017e-09 3.34117e-09 3.24202e-09
 2.83013e-09 2.13411e-09 1.23718e-09 2.65557e-10-6.48365e-10-1.38792e-09
-1.86191e-09-2.02192e-09-1.86338e-09-1.41759e-09-7.66104e-10-3.87640e-11
 6.42326e-10 1.21653e-09 1.69012e-09 2.12721e-09 2.64547e-09 3.39674e-09
 4.52904e-09 6.13703e-09 8.19882e-09 1.05115e-08 1.26867e-08 1.42474e-08
 1.47548e-08 1.38875e-08 1.14858e-08 7.58854e-09 2.47289e-09-3.32235e-09
-9.04220e-09-1.38455e-08-1.69905e-08-1.80206e-08-1.68580e-08-1.37817e-08
-9.36964e-09-4.42318e-09 1.67703e-10 3.60352e-09 5.35903e-09 5.30986e-09
 3.72743e-09 1.16615e-09-1.69293e-09-4.21020e-09-5.91090e-09-6.55168e-09
-6.16083e-09-5.01654e-09-3.54415e-09-2.17294e-09-1.18220e-09-6.04084e-10
-2.55541e-10 1.42789e-10 8.43929e-10 1.97596e-09 3.48340e-09 5.12407e-09
 6.51900e-09 7.26098e-09 7.06056e-09 5.86251e-09 3.88198e-09 1.54739e-09
-6.30578e-10-2.20913e-09-2.92994e-09-2.78230e-09-1.99702e-09-9.57948e-10
-6.81614e-11 3.74103e-10 2.65902e-10-2.76375e-10-9.79227e-10-1.52603e-09
-1.68552e-09-1.41297e-09-8.61539e-10-2.99313e-10 7.78351e-12-9.40323e-11
-5.68505e-10-1.18468e-09-1.59926e-09-1.49556e-09-7.23410e-10 6.28936e-10
 2.26409e-09 3.78227e-09 4.81747e-09 5.15354e-09 4.78083e-09 3.87514e-09
 2.71106e-09 1.54796e-09 5.34349e-10-3.30953e-10-1.16201e-09-2.08800e-09
-3.14953e-09-4.25288e-09-5.19467e-09-5.72454e-09-5.62501e-09-4.79779e-09
-3.32736e-09-1.48283e-09 3.60685e-10 1.85492e-09 2.79550e-09 3.16477e-09
 3.09890e-09 2.80532e-09 2.46259e-09 2.14854e-09 1.82776e-09 1.39578e-09
 7.62543e-10-5.49186e-11-8.84545e-10-1.44709e-09-1.49098e-09-9.33933e-10
 8.12703e-11 1.24779e-09 2.22240e-09 2.74550e-09 2.71602e-09 2.20967e-09
 1.42615e-09 5.74694e-10-2.39289e-10-1.05095e-09-1.97000e-09-3.05614e-09
-4.22265e-09-5.23587e-09-5.80911e-09-5.72791e-09-4.93367e-09-3.52970e-09
-1.72717e-09 2.25586e-10 2.10838e-09 3.78217e-09 5.19933e-09 6.34558e-09
 7.15101e-09 7.45617e-09 7.07911e-09 5.92863e-09 4.06701e-09 1.69154e-09
-9.20155e-10-3.45870e-09-5.62451e-09-7.17225e-09-7.95061e-09-7.91845e-09
-7.12707e-09-5.68033e-09-3.70421e-09-1.35542e-09 1.14209e-09 3.48973e-09
 5.37115e-09 6.53267e-09 6.82205e-09 6.18888e-09 4.70302e-09 2.59704e-09
 2.58949e-10-1.87395e-09-3.45567e-09-4.29595e-09-4.32610e-09-3.54424e-09
-2.01203e-09 1.04013e-10 2.50035e-09 4.75206e-09 6.38122e-09 6.96110e-09
 6.22644e-09 4.16178e-09 1.04662e-09-2.57382e-09-6.02349e-09-8.70557e-09
-1.02649e-08-1.05922e-08-9.71554e-09-7.73934e-09-4.89700e-09-1.61182e-09
 1.56336e-09 4.11319e-09 5.71572e-09 6.31760e-09 6.13713e-09 5.59428e-09
 5.14552e-09 5.06627e-09 5.30820e-09 5.53604e-09 5.32066e-09 4.35722e-09
 2.58474e-09 1.77853e-10-2.51819e-09-5.00945e-09-6.62788e-09-6.59008e-09
-4.25688e-09-1.22858e-09
     0.0000e+00     0.0000e+00      0  0  0.00
     512   1.00000  0.0000e+00
-2.19989e-09-2.51129e-09-2.82144e-09-3.16110e-09-3.56598e-09-4.04335e-09
-4.55420e-09-5.02712e-09-5.39204e-09-5.61205e-09-5.69743e-09-5.69193e-09
-5.63029e-09-5.48902e-09-5.16749e-09-4.51861e-09-3.41037e-09-1.77901e-09
 3.54204e-10 2.90235e-09 5.74612e-09 8.75376e-09 1.17772e-08 1.46417e-08
 1.71564e-08 1.91493e-08 2.04993e-08 2.11399e-08 2.10368e-08 2.01615e-08
 1.84843e-08 1.59896e-08 1.27100e-08 8.76590e-09 4.37383e-09-1.96247e-10
-4.69129e-09-8.91623e-09-1.27236e-08-1.59815e-08-1.85596e-08-2.03425e-08
-2.12612e-08-2.13224e-08-2.06158e-08-1.92761e-08-1.74215e-08-1.51238e-08
-1.24385e-08-9.46047e-09-6.34932e-09-3.30556e-09-5.21882e-10 1.85645e-09
 3.74883e-09 5.14091e-09 6.07869e-09 6.65426e-09 6.97170e-09 7.08408e-09
 6.92583e-09 6.29905e-09 4.96004e-09 2.79428e-09 1.33531e-11-2.71117e-09
-4.24759e-09-3.18042e-09 1.82604e-09 1.14853e-08 2.51961e-08 4.02977e-08
 5.15736e-08 5.13774e-08 3.19034e-08-7.21704e-09-5.20940e-08-8.41324e-08
-9.65385e-08-9.11970e-08-6.73892e-08-2.57457e-08 2.43611e-08 6.63349e-08
 8.33374e-08 6.84186e-08 3.06424e-08-9.31045e-09-3.05900e-08-2.42635e-08
 9.43833e-10 2.51096e-08 3.23392e-08 2.23112e-08 8.20525e-09 3.10183e-09
 8.25573e-09 1.46398e-08 1.41222e-08 6.43447e-09-3.77218e-09-9.21041e-09
 2.39922e-09 3.99006e-08 9.09917e-08 1.23877e-07 1.13891e-07 5.95930e-08
-3.29623e-08-1.62084e-07-3.11516e-07-4.40984e-07-5.03991e-07-4.57478e-07
-2.71793e-07 4.11110e-08 4.15553e-07 7.47464e-07 9.20014e-07 8.44239e-07
 5.07998e-07 2.37496e-09-4.97676e-07-7.98578e-07-7.77013e-07-4.53594e-07
-9.60199e-10 3.38673e-07 3.91857e-07 1.69427e-07-1.30148e-07-2.61903e-07
-1.33313e-07 1.09031e-07 2.17989e-07 1.03742e-07-7.12653e-08-9.87017e-08
 1.36396e-08 8.30555e-08 3.13278e-08-2.91153e-08-1.20315e-08 1.75999e-08
 3.39723e-10-1.56588e-08 3.88951e-11 4.07658e-09-1.05040e-08-6.88560e-09
 3.71710e-09-3.22206e-09-6.25304e-09 2.09341e-09-4.64513e-11-4.56033e-09
 1.05464e-09 1.26103e-09-2.61811e-09 1.20302e-09 1.94991e-09-1.27483e-09
 1.26128e-09 1.65936e-09-8.63479e-10 1.12751e-09 1.10929e-09-6.73348e-10
 9.79444e-10 4.40152e-10-6.56340e-10 6.98901e-10-1.30799e-10-4.46555e-10
 5.14461e-10-4.33676e-10-1.78758e-10 2.53369e-10-4.06078e-10 2.98706e-10
 3.38851e-10 1.67925e-10 7.45785e-10 3.56140e-10 4.16670e-10 4.80722e-10
 8.32002e-11 2.76833e-10 1.29004e-11-1.52042e-10-1.65861e-10-4.61856e-10
-3.94178e-10-4.73171e-10-4.37125e-10-3.02952e-10-3.38548e-10-2.43628e-10
-2.54696e-10-1.98026e-10-9.89734e-11-2.08508e-11 8.08161e-11 6.10955e-11
-2.77867e-12-1.32517e-10-2.55950e-10-3.17957e-10-3.87494e-10-5.25873e-10
-7.30604e-10-8.79490e-10-9.33496e-10-9.30646e-10-9.14709e-10-9.13143e-10
-9.19279e-10-8.91509e-10-8.02924e-10-7.02377e-10-6.52746e-10-6.42958e-10
-5.94038e-10-4.50875e-10-2.54218e-10-1.04598e-10-3.06721e-11 8.40870e-11
 3.71974e-10 7.98345e-10 1.20267e-09 1.49746e-09 1.74825e-09 2.09221e-09
 2.60021e-09 3.18631e-09 3.68100e-09 4.00329e-09 4.23771e-09 4.54356e-09
 4.95520e-09 5.29440e-09 5.35340e-09 5.11264e-09 4.72669e-09 4.34737e-09
 3.97657e-09 3.49930e-09 2.86771e-09 2.18945e-09 1.63059e-09 1.28535e-09
 1.11135e-09 9.72005e-10 7.71526e-10 5.29165e-10 3.17535e-10 1.56966e-10
-3.08303e-11-3.50499e-10-8.18455e-10-1.35991e-09-1.89632e-09-2.39713e-09
-2.87443e-09-3.35346e-09-3.83916e-09-4.31147e-09-4.75320e-09-5.17321e-09
-5.61543e-09-6.14517e-09-6.79735e-09-7.54307e-09-8.31752e-09-9.05715e-09
-9.71426e-09-1.02581e-08-1.06569e-08-1.08706e-08-1.08833e-08-1.07091e-08
-1.03655e-08-9.88525e-09-9.31061e-09-8.62883e-09-7.78652e-09-6.77136e-09
-5.60418e-09-4.29221e-09-2.85331e-09-1.33113e-09 2.39438e-10 1.82111e-09
 3.33544e-09 4.69270e-09 5.84237e-09 6.77074e-09 7.49612e-09 8.07240e-09
 8.54383e-09 8.91467e-09 9.20365e-09 9.47684e-09 9.78921e-09 1.01315e-08
 1.04340e-08 1.05891e-08 1.04981e-08 1.01254e-08 9.48188e-09 8.55051e-09
 7.29303e-09 5.76072e-09 4.16608e-09 2.83084e-09 2.05634e-09 1.98616e-09
 2.56542e-09 3.64432e-09 5.06149e-09 6.58679e-09 7.85387e-09 8.40560e-09
 7.86030e-09 6.12732e-09 3.47928e-09 3.99944e-10-2.62062e-09-5.18055e-09
-6.94372e-09-7.62004e-09-7.08611e-09-5.55534e-09-3.56860e-09-1.78509e-09
-7.19872e-10-5.81831e-10-1.31001e-09-2.69286e-09-4.40666e-09-6.02401e-09
-7.08498e-09-7.24324e-09-6.44036e-09-4.96052e-09-3.29911e-09-1.96248e-09
-1.30054e-09-1.41282e-09-2.15592e-09-3.20726e-09-4.14020e-09-4.53822e-09
-4.13490e-09-2.91801e-09-1.16337e-09 6.41088e-10 1.98220e-09 2.51946e-09
 2.19098e-09 1.21448e-09 9.82325e-12-9.39921e-10-1.24996e-09-7.67274e-10
 3.63546e-10 1.75127e-09 2.91350e-09 3.44743e-09 3.16541e-09 2.16980e-09
 8.22826e-10-3.88011e-10-1.03951e-09-9.42854e-10-2.08646e-10 8.13753e-10
 1.67421e-09 1.99598e-09 1.62954e-09 7.08047e-10-4.09127e-10-1.27386e-09
-1.53173e-09-1.07277e-09-8.08023e-11 1.03123e-09 1.78661e-09 1.85376e-09
 1.18835e-09 3.86335e-11-1.16216e-09-1.96696e-09-2.09913e-09-1.56847e-09
-6.60150e-10 1.94114e-10 6.11555e-10 4.35341e-10-1.96623e-10-9.20559e-10
-1.31687e-09-1.10911e-09-2.97824e-10 8.36635e-10 1.85392e-09 2.34321e-09
 2.10910e-09 1.26445e-09 1.77650e-10-7.01132e-10-1.04921e-09-8.14266e-10
-2.25011e-10 3.32414e-10 5.11926e-10 1.80756e-10-5.18030e-10-1.23755e-09
-1.59233e-09-1.34882e-09-5.56765e-10 4.60709e-10 1.26557e-09 1.52409e-09
 1.16714e-09 4.11274e-10-3.59724e-10-7.83700e-10-6.95486e-10-2.10870e-10
 3.40416e-10 6.04419e-10 3.97414e-10-1.94203e-10-8.47189e-10-1.16629e-09
-9.07714e-10-1.24916e-10 8.56941e-10 1.61479e-09 1.84281e-09 1.49542e-09
 7.95505e-10 1.09778e-10-2.53489e-10-2.22357e-10-1.52395e-12 6.18164e-11
-2.94590e-10-1.06935e-09-1.97651e-09-2.59348e-09-2.58822e-09-1.89757e-09
-7.62628e-10 3.98578e-10 1.21184e-09 1.53078e-09 1.47914e-09 1.33905e-09
 1.35359e-09 1.55330e-09 1.71982e-09 1.53364e-09 8.20069e-10-2.87193e-10
-1.39070e-09-2.04329e-09-1.98083e-09-1.24862e-09-1.77408e-10 7.76194e-10
 1.25440e-09 1.16540e-09 6.88771e-10 1.20463e-10-3.30535e-10-6.51183e-10
-9.67388e-10-1.36794e-09-1.74464e-09-1.78695e-09-1.16572e-09 2.13470e-10
 2.07364e-09 3.84606e-09 4.90993e-09 4.85206e-09 3.63358e-09 1.60490e-09
-6.49750e-10-2.57508e-09-3.85404e-09-4.42811e-09-4.35879e-09-3.69756e-09
-2.49148e-09-8.95781e-10 7.37157e-10 1.90292e-09 2.14536e-09 1.32624e-09
-2.00398e-10-1.65737e-09-2.17948e-09-1.28452e-09 7.28956e-10 2.64826e-09
 2.59308e-09 9.04652e-10
     0.0000e+00     0.0000e+00      0  0  0.00
     512   1.00000  0.0000e+00
 8.16003e-10 4.07386e-10-2.53657e-10-1.04353e-09-1.77524e-09-2.26987e-09
-2.41503e-09-2.15947e-09-1.47140e-09-3.33650e-10 1.21062e-09 3.02786e-09
 4.93238e-09 6.75780e-09 8.38796e-09 9.72809e-09 1.06658e-08 1.10722e-08
 1.08435e-08 9.94218e-09 8.40459e-09 6.31859e-09 3.79434e-09 9.32690e-10
-2.22337e-09-5.73758e-09-9.76115e-09-1.43915e-08-1.94550e-08-2.43542e-08
-2.81076e-08-2.95774e-08-2.77793e-08-2.21946e-08-1.30315e-08-1.33057e-09
 1.12033e-08 2.26116e-08 3.11544e-08 3.56783e-08 3.58222e-08 3.20464e-08
 2.54511e-08 1.74032e-08 9.11300e-09 1.36966e-09-5.47375e-09-1.13631e-08
-1.64050e-08-2.07692e-08-2.46011e-08-2.79432e-08-3.07104e-08-3.27436e-08
-3.39038e-08-3.41296e-08-3.34175e-08-3.17560e-08-2.90895e-08-2.53640e-08
-2.06448e-08-1.52592e-08-9.90219e-09-5.62164e-09-3.60910e-09-4.79296e-09
-9.29003e-09-1.57740e-08-2.08750e-08-1.89247e-08-2.55144e-09 3.54524e-08
 9.89492e-08 1.84369e-07 2.76595e-07 3.48066e-07 3.66983e-07 3.14387e-07
 1.95324e-07 3.22615e-08-1.43693e-07-2.90375e-07-3.60461e-07-3.25934e-07
-1.99267e-07-3.20838e-08 1.07956e-07 1.68446e-07 1.36692e-07 4.47622e-08
-5.24551e-08-1.14905e-07-1.41594e-07-1.59773e-07-1.88783e-07-2.14577e-07
-2.00630e-07-1.24639e-07-8.76966e-09 8.00037e-08 6.29943e-08-9.49312e-08
-3.36964e-07-5.22682e-07-5.32947e-07-3.96057e-07-2.47692e-07-1.46363e-07
-2.88755e-08 1.61140e-07 4.17437e-07 7.07184e-07 9.78248e-07 1.16387e-06
 1.20593e-06 1.06924e-06 7.60493e-07 3.43634e-07-8.17617e-08-4.29997e-07
-6.62291e-07-7.85545e-07-8.32479e-07-8.31271e-07-7.80255e-07-6.48088e-07
-4.05325e-07-7.67889e-08 2.34439e-07 3.90611e-07 3.16614e-07 8.85362e-08
-9.15607e-08-6.14712e-08 1.33818e-07 2.70741e-07 1.95937e-07 1.47754e-08
-5.21655e-08 3.01467e-08 9.05428e-08 3.69323e-08-2.48849e-08-1.07682e-08
 1.11337e-08-1.15550e-08-2.32974e-08-3.62716e-09-2.59772e-09-1.60584e-08
-6.20877e-09 4.62074e-09-3.24221e-09-1.29812e-09 8.54040e-09 3.62256e-09
 7.90359e-10 6.87181e-09 3.17637e-09-8.38557e-10 3.20228e-09 4.84980e-10
-3.20252e-09-5.61824e-10-2.83303e-09-4.94287e-09-1.98342e-09-3.19257e-09
-3.66595e-09-1.09617e-09-2.24560e-09-1.69482e-09 3.94645e-10-2.15852e-10
 1.45925e-09 2.88614e-09 2.33523e-09 3.45608e-09 3.00276e-09 2.07336e-09
 2.39255e-09 1.38119e-09 1.33851e-09 1.54687e-09 9.13138e-10 1.22419e-09
 8.68235e-10 5.72565e-10 6.10925e-10-4.34515e-12-1.20065e-10-5.63182e-10
-1.17274e-09-1.66077e-09-2.50673e-09-3.03085e-09-3.62521e-09-4.19781e-09
-4.71338e-09-5.31309e-09-5.56550e-09-5.54393e-09-5.12264e-09-4.40141e-09
-3.48635e-09-2.36798e-09-1.16933e-09 1.01653e-10 1.32151e-09 2.45107e-09
 3.49284e-09 4.42410e-09 5.17933e-09 5.67595e-09 5.92800e-09 5.97797e-09
 5.86080e-09 5.58101e-09 5.14549e-09 4.62379e-09 4.16149e-09 3.88985e-09
 3.80564e-09 3.77152e-09 3.62798e-09 3.30963e-09 2.87695e-09 2.44341e-09
 2.04147e-09 1.56909e-09 9.20349e-10 1.49508e-10-5.69235e-10-1.15303e-09
-1.71418e-09-2.40384e-09-3.19212e-09-3.87526e-09-4.28363e-09-4.42296e-09
-4.43100e-09-4.44731e-09-4.52320e-09-4.63017e-09-4.74038e-09-4.88689e-09
-5.12738e-09-5.44608e-09-5.72162e-09-5.83495e-09-5.81515e-09-5.83434e-09
-6.03574e-09-6.40241e-09-6.79810e-09-7.08779e-09-7.20789e-09-7.13650e-09
-6.81627e-09-6.15663e-09-5.12045e-09-3.76980e-09-2.23223e-09-6.25382e-10
 1.01845e-09 2.74722e-09 4.59095e-09 6.47957e-09 8.26020e-09 9.79253e-09
 1.10195e-08 1.19325e-08 1.25008e-08 1.26787e-08 1.24625e-08 1.19130e-08
 1.11351e-08 1.02334e-08 9.26946e-09 8.26704e-09 7.24487e-09 6.23648e-09
 5.29548e-09 4.46864e-09 3.73641e-09 3.00246e-09 2.16417e-09 1.17418e-09
 4.58243e-11-1.14647e-09-2.26888e-09-3.17398e-09-3.75291e-09-3.94276e-09
-3.72795e-09-3.16501e-09-2.38515e-09-1.55845e-09-8.55915e-10-4.16218e-10
-3.11033e-10-5.51375e-10-1.14190e-09-2.09125e-09-3.35391e-09-4.80642e-09
-6.28957e-09-7.65333e-09-8.79526e-09-9.70616e-09-1.04892e-08-1.13249e-08
-1.24067e-08-1.38711e-08-1.57010e-08-1.76243e-08-1.91287e-08-1.96541e-08
-1.88224e-08-1.65182e-08-1.28078e-08-7.84673e-09-1.88210e-09 4.67942e-09
 1.12124e-08 1.69224e-08 2.10689e-08 2.32291e-08 2.33767e-08 2.17640e-08
 1.88017e-08 1.50379e-08 1.11417e-08 7.77110e-09 5.37555e-09 4.08415e-09
 3.75040e-09 4.08957e-09 4.80342e-09 5.62856e-09 6.31855e-09 6.63673e-09
 6.41960e-09 5.66000e-09 4.51416e-09 3.21090e-09 1.91522e-09 6.44850e-10
-6.79388e-10-2.11473e-09-3.64550e-09-5.20599e-09-6.70007e-09-7.99588e-09
-8.91949e-09-9.28771e-09-8.99022e-09-8.05600e-09-6.64649e-09-4.98619e-09
-3.28152e-09-1.69183e-09-3.48265e-10 6.53998e-10 1.28800e-09 1.59344e-09
 1.64960e-09 1.55379e-09 1.40202e-09 1.26630e-09 1.17059e-09 1.08007e-09
 9.34906e-10 7.14201e-10 4.56826e-10 2.22557e-10 6.11497e-11 8.75217e-12
 6.62933e-11 1.67001e-10 1.87903e-10 1.44470e-11-3.91281e-10-9.75792e-10
-1.64135e-09-2.30319e-09-2.90911e-09-3.42425e-09-3.80314e-09-3.96706e-09
-3.80567e-09-3.21312e-09-2.14024e-09-6.28607e-10 1.18008e-09 3.04768e-09
 4.68372e-09 5.85157e-09 6.46345e-09 6.56660e-09 6.23750e-09 5.49589e-09
 4.31491e-09 2.70006e-09 7.53202e-10-1.32172e-09-3.24861e-09-4.72659e-09
-5.50521e-09-5.47210e-09-4.70349e-09-3.44676e-09-2.03465e-09-7.58551e-10
 2.23386e-10 8.71767e-10 1.17577e-09 1.10132e-09 6.38599e-10-1.19614e-10
-9.75934e-10-1.71125e-09-2.16387e-09-2.24323e-09-1.91469e-09-1.20890e-09
-2.34174e-10 8.57387e-10 1.93797e-09 2.94079e-09 3.82377e-09 4.49747e-09
 4.81046e-09 4.64088e-09 4.02172e-09 3.16863e-09 2.35728e-09 1.73203e-09
 1.20021e-09 5.01803e-10-6.12206e-10-2.23253e-09-4.23519e-09-6.28910e-09
-7.91831e-09-8.65573e-09-8.26379e-09-6.86088e-09-4.80592e-09-2.42377e-09
 1.70045e-10 2.99198e-09 5.95492e-09 8.69635e-09 1.06233e-08 1.11557e-08
 1.00128e-08 7.36852e-09 3.80606e-09 1.24337e-10-2.91737e-09-4.85282e-09
-5.66513e-09-5.71180e-09-5.40656e-09-4.89380e-09-4.01775e-09-2.61826e-09
-8.47402e-10 8.15765e-10 1.84958e-09 1.99178e-09 1.33613e-09 2.31114e-10
-8.99409e-10-1.72885e-09-2.14972e-09-2.28785e-09-2.36737e-09-2.48432e-09
-2.44862e-09-1.85077e-09-3.64564e-10 1.92384e-09 4.46293e-09 6.54681e-09
 7.71426e-09 7.87431e-09 7.12899e-09 5.58992e-09 3.39489e-09 8.07417e-10
-1.80019e-09-4.06258e-09-5.68645e-09-6.45469e-09-6.29401e-09-5.40777e-09
-4.28741e-09-3.48079e-09-3.26247e-09-3.47972e-09-3.68934e-09-3.44252e-09
-2.48344e-09-7.65731e-10 1.59356e-09 4.24063e-09 6.41391e-09 6.95769e-09
 4.73579e-09 1.40611e-09
     0.0000e+00     0.0000e+00      0  0  0.00
     512   1.00000  0.0000e+00
-2.13593e-09-2.21381e-09-2.20536e-09-2.12505e-09-2.00684e-09-1.91026e-09
-1.91320e-09-2.08564e-09-2.45643e-09-2.98948e-09-3.57973e-09-4.07561e-09
-4.32681e-09-4.23726e-09-3.78995e-09-3.02973e-09-2.02407e-09-8.29860e-10
 5.21667e-10 2.02119e-09 3.66243e-09 5.42170e-09 7.25085e-09 9.08096e-09
 1.08207e-08 1.23477e-08 1.35116e-08 1.41656e-08 1.42161e-08 1.36618e-08
 1.25960e-08 1.11622e-08 9.48622e-09 7.61871e-09 5.52735e-09 3.14830e-09
 4.65586e-10-2.43620e-09-5.37282e-09-8.09965e-09-1.03672e-08-1.19816e-08
-1.28530e-08-1.30082e-08-1.25666e-08-1.17042e-08-1.06186e-08-9.49333e-09
-8.46186e-09-7.59063e-09-6.89707e-09-6.38991e-09-6.09984e-09-6.08001e-09
-6.37604e-09-6.97671e-09-7.77176e-09-8.55303e-09-9.07317e-09-9.13690e-09
-8.69378e-09-7.92754e-09-7.32692e-09-7.67519e-09-9.88775e-09-1.46754e-08
-2.20603e-08-3.08261e-08-3.80771e-08-3.91875e-08-2.84518e-08-6.67130e-10
 4.63597e-08 1.08594e-07 1.73515e-07 2.23870e-07 2.46279e-07 2.33285e-07
 1.80899e-07 9.25173e-08-1.78053e-08-1.28325e-07-2.13243e-07-2.49706e-07
-2.29458e-07-1.66486e-07-9.36145e-08-4.71441e-08-4.57801e-08-7.77361e-08
-1.08267e-07-1.05052e-07-6.34693e-08-1.13918e-08 1.29528e-08-7.50796e-09
-5.63292e-08-9.93829e-08-1.10063e-07-8.13440e-08-2.24457e-08 4.53309e-08
 8.99973e-08 8.57236e-08 4.53260e-08 2.41283e-08 7.24117e-08 1.94037e-07
 3.62701e-07 5.49977e-07 7.16216e-07 8.02979e-07 7.54739e-07 5.37052e-07
 1.47950e-07-3.62030e-07-8.86459e-07-1.29086e-06-1.45190e-06-1.29868e-06
-8.50848e-07-2.29706e-07 3.74784e-07 7.72588e-07 8.53192e-07 6.40068e-07
 2.82957e-07-1.94770e-08-1.28547e-07-4.19908e-08 1.15714e-07 1.92115e-07
 1.26147e-07-1.11162e-08-9.51108e-08-7.31975e-08-6.50475e-09 1.60090e-08
-1.75397e-08-4.84417e-08-4.03000e-08-1.80574e-08-1.20119e-08-1.42439e-08
-8.86613e-09-1.93855e-09-7.74474e-10 1.16239e-09 5.93975e-09 7.25738e-09
 6.12402e-09 6.93673e-09 7.03835e-09 5.04396e-09 4.27233e-09 4.05301e-09
 2.51838e-09 1.66121e-09 1.52580e-09 4.72826e-10-2.60845e-10-3.96921e-10
-1.14928e-09-1.64964e-09-1.68688e-09-2.15178e-09-2.37797e-09-2.32377e-09
-2.59751e-09-2.63500e-09-2.56492e-09-2.74747e-09-2.71245e-09-2.67578e-09
-2.72557e-09-2.52264e-09-2.34164e-09-2.11700e-09-1.73038e-09-1.43573e-09
-1.07153e-09-6.52343e-10-2.78881e-10 1.76054e-10 5.73320e-10 9.21605e-10
 1.25714e-09 1.48281e-09 1.68911e-09 1.86032e-09 1.99036e-09 2.09257e-09
 2.09666e-09 2.05323e-09 1.97133e-09 1.86135e-09 1.75657e-09 1.63722e-09
 1.49312e-09 1.27772e-09 9.90829e-10 6.73531e-10 3.57856e-10 7.39809e-11
-1.89539e-10-4.55235e-10-7.27620e-10-9.87777e-10-1.21809e-09-1.40460e-09
-1.51887e-09-1.54698e-09-1.50029e-09-1.38695e-09-1.20465e-09-9.69555e-10
-7.04474e-10-4.08489e-10-8.79948e-11 2.11470e-10 4.37967e-10 5.76740e-10
 6.51928e-10 7.01685e-10 7.46258e-10 7.60153e-10 6.86685e-10 5.04095e-10
 2.58673e-10 1.99236e-11-1.69248e-10-3.10228e-10-4.40983e-10-5.83488e-10
-7.04665e-10-7.53892e-10-7.13439e-10-6.14129e-10-5.15647e-10-4.47626e-10
-3.78346e-10-2.48087e-10-1.64160e-11 3.01522e-10 6.45581e-10 9.74594e-10
 1.29158e-09 1.61711e-09 1.96638e-09 2.31860e-09 2.60998e-09 2.78921e-09
 2.85698e-09 2.84376e-09 2.77096e-09 2.62233e-09 2.35386e-09 1.94656e-09
 1.42907e-09 8.48334e-10 2.43097e-10-3.75605e-10-1.03540e-09-1.76006e-09
-2.51724e-09-3.23758e-09-3.86407e-09-4.36894e-09-4.74438e-09-4.97840e-09
-5.04153e-09-4.90463e-09-4.56082e-09-4.04023e-09-3.40792e-09-2.72407e-09
-2.01404e-09-1.28936e-09-5.71998e-10 1.03649e-10 6.94041e-10 1.16781e-09
 1.53226e-09 1.81529e-09 2.02744e-09 2.15962e-09 2.19233e-09 2.10037e-09
 1.87699e-09 1.53915e-09 1.09886e-09 5.66538e-10-1.80767e-11-5.86091e-10
-1.05844e-09-1.36279e-09-1.46080e-09-1.36430e-09-1.11226e-09-7.46856e-10
-3.28687e-10 5.05774e-11 2.99445e-10 3.66025e-10 2.52166e-10 1.61380e-11
-2.36280e-10-3.80987e-10-2.94122e-10 1.54234e-10 1.07561e-09 2.48087e-09
 4.21676e-09 5.98318e-09 7.39625e-09 8.06963e-09 7.71385e-09 6.20247e-09
 3.58844e-09 1.25873e-10-3.71796e-09-7.31507e-09-9.98409e-09-1.11363e-08
-1.04277e-08-7.85492e-09-3.77588e-09 1.14631e-09 6.07400e-09 1.01438e-08
 1.26188e-08 1.30558e-08 1.14199e-08 8.09719e-09 3.81059e-09-5.65170e-10
-4.23621e-09-6.66026e-09-7.63129e-09-7.28680e-09-6.03813e-09-4.45464e-09
-3.10859e-09-2.39801e-09-2.42854e-09-2.99397e-09-3.65194e-09-3.89984e-09
-3.37874e-09-2.00007e-09 2.38511e-11 2.24171e-09 4.10966e-09 5.15358e-09
 5.10059e-09 3.97742e-09 2.12969e-09 1.23327e-10-1.43703e-09-2.11264e-09
-1.78188e-09-6.65643e-10 7.69397e-10 1.97930e-09 2.53320e-09 2.25430e-09
 1.26155e-09-7.84405e-11-1.28057e-09-1.92729e-09-1.82615e-09-1.07752e-09
-4.35140e-11 7.91826e-10 1.02648e-09 5.01158e-10-6.40456e-10-2.00026e-09
-3.08068e-09-3.48100e-09-3.04212e-09-1.90101e-09-4.41719e-10 8.54288e-10
 1.59767e-09 1.63933e-09 1.12264e-09 4.15321e-10-5.31543e-11 2.22576e-11
 6.86847e-10 1.70270e-09 2.65520e-09 3.13413e-09 2.90633e-09 2.01629e-09
 7.69985e-10-3.96867e-10-1.10238e-09-1.17791e-09-7.39022e-10-1.24068e-10
 2.71063e-10 1.71761e-10-4.54890e-10-1.38122e-09-2.22247e-09-2.61978e-09
-2.40869e-09-1.69417e-09-7.99056e-10-1.09413e-10 1.06869e-10-1.74643e-10
-7.20534e-10-1.15229e-09-1.13526e-09-5.40090e-10 5.00499e-10 1.65277e-09
 2.53193e-09 2.87869e-09 2.67668e-09 2.14653e-09 1.61700e-09 1.34291e-09
 1.37250e-09 1.53272e-09 1.52750e-09 1.09744e-09 1.71768e-10-1.06762e-09
-2.26071e-09-3.04440e-09-3.22348e-09-2.85296e-09-2.20253e-09-1.61792e-09
-1.33925e-09-1.37543e-09-1.51497e-09-1.46517e-09-1.02735e-09-2.07402e-10
 7.83847e-10 1.63447e-09 2.09420e-09 2.11104e-09 1.85593e-09 1.61377e-09
 1.60557e-09 1.85337e-09 2.16919e-09 2.26511e-09 1.91788e-09 1.10619e-09
 4.48417e-11-9.19434e-10-1.49436e-09-1.58788e-09-1.32848e-09-9.69857e-10
-7.43680e-10-7.31745e-10-8.29148e-10-8.37535e-10-6.33711e-10-2.84515e-10
-1.99626e-11-8.92854e-11-5.96204e-10-1.40548e-09-2.16780e-09-2.45787e-09
-1.96851e-09-6.58359e-10 1.23841e-09 3.33873e-09 5.27124e-09 6.76548e-09
 7.64448e-09 7.76146e-09 6.94146e-09 4.99671e-09 1.85538e-09-2.26219e-09
-6.76649e-09-1.08060e-08-1.35091e-08-1.42481e-08-1.28301e-08-9.54856e-09
-5.07021e-09-2.06300e-10 4.30326e-09 7.88754e-09 1.01364e-08 1.07891e-08
 9.78620e-09 7.34825e-09 4.00116e-09 4.99004e-10-2.36015e-09-3.98785e-09
-4.21885e-09-3.34582e-09-1.94291e-09-5.98727e-10 2.91243e-10 6.03528e-10
 4.34948e-10 1.26388e-10
     0.0000e+00     0.0000e+00      0  0  0.00
     512   1.00000  0.0000e+00
 5.13105e-11-3.78950e-10-8.61829e-10-1.29327e-09-1.57744e-09-1.66375e-09
-1.55924e-09-1.30827e-09-9.57396e-10-5.33446e-10-4.54770e-11 5.01877e-10
 1.09929e-09 1.73058e-09 2.37192e-09 2.98819e-09 3.52479e-09 3.89701e-09
 3.98793e-09 3.66873e-09 2.84280e-09 1.49601e-09-2.68841e-10-2.22708e-09
-4.06004e-09-5.41019e-09-5.95025e-09-5.45603e-09-3.88478e-09-1.44825e-09
 1.37403e-09 3.93662e-09 5.62501e-09 6.05680e-09 5.19986e-09 3.37309e-09
 1.14480e-09-8.36033e-10-2.03154e-09-2.17280e-09-1.32883e-09 1.32372e-10
 1.66690e-09 2.72106e-09 2.89684e-09 2.05827e-09 3.28994e-10-2.00217e-09
-4.59706e-09-7.15394e-09-9.45477e-09-1.13780e-08-1.28754e-08-1.39264e-08
-1.45021e-08-1.45641e-08-1.40882e-08-1.30903e-08-1.16427e-08-9.88020e-09
-8.00190e-09-6.27358e-09-5.02557e-09-4.61607e-09-5.30938e-09-7.05325e-09
-9.21525e-09-1.03914e-08-8.40844e-09-6.38721e-10 1.52669e-08 4.01836e-08
 7.20428e-08 1.04403e-07 1.26866e-07 1.30494e-07 1.12928e-07 7.58063e-08
 2.35978e-08-3.28671e-08-7.91129e-08-1.02638e-07-9.62569e-08-6.18900e-08
-1.13691e-08 3.69694e-08 6.47070e-08 6.27989e-08 3.76506e-08 7.05523e-09
-1.17769e-08-1.36966e-08-8.61465e-09-1.30972e-08-3.64954e-08-7.34701e-08
-1.09400e-07-1.32267e-07-1.38243e-07-1.28713e-07-1.08937e-07-9.13018e-08
-9.27124e-08-1.22514e-07-1.75338e-07-2.38239e-07-2.96549e-07-3.26564e-07
-2.94690e-07-1.74776e-07 4.01902e-08 3.39198e-07 6.86647e-07 1.01543e-06
 1.23914e-06 1.27409e-06 1.06329e-06 6.06355e-07-1.91752e-08-6.66484e-07
-1.15982e-06-1.35494e-06-1.20020e-06-7.68683e-07-2.37134e-07 1.87941e-07
 3.65891e-07 2.90166e-07 8.56724e-08-7.30774e-08-7.72432e-08 4.75218e-08
 1.74889e-07 1.93918e-07 1.07483e-07 1.56180e-08 2.56225e-10 4.14808e-08
 6.21617e-08 3.39375e-08-1.31628e-09-8.08175e-09-2.12955e-09-6.47981e-09
-1.32514e-08-1.12565e-08-8.70781e-09-1.04879e-08-8.96320e-09-4.25018e-09
-2.90652e-09-2.34803e-09 6.69471e-10 2.07766e-09 1.71742e-09 2.90888e-09
 3.58092e-09 2.59251e-09 2.49342e-09 2.32167e-09 9.46871e-10 3.11461e-10
-7.50270e-11-1.14031e-09-1.52537e-09-1.72527e-09-2.36891e-09-2.36172e-09
-2.16265e-09-2.08495e-09-1.40252e-09-7.52233e-10-2.86843e-10 3.68807e-10
 6.69544e-10 8.60713e-10 1.17895e-09 1.26228e-09 1.41979e-09 1.56042e-09
 1.47840e-09 1.41993e-09 1.21298e-09 9.65843e-10 8.36839e-10 6.60113e-10
 5.49307e-10 4.29486e-10 2.55774e-10 1.12436e-10-1.02132e-10-3.15732e-10
-5.35284e-10-8.13714e-10-1.12724e-09-1.51741e-09-1.91062e-09-2.25674e-09
-2.52622e-09-2.69020e-09-2.77033e-09-2.74720e-09-2.62346e-09-2.38371e-09
-1.98847e-09-1.43012e-09-7.50832e-10-2.42570e-11 7.07731e-10 1.40971e-09
 2.03547e-09 2.54850e-09 2.92455e-09 3.14820e-09 3.22371e-09 3.17239e-09
 3.00925e-09 2.75241e-09 2.43094e-09 2.06516e-09 1.66036e-09 1.22420e-09
 7.75446e-10 3.38663e-10-5.12090e-11-3.53818e-10-5.63035e-10-7.24918e-10
-8.96036e-10-1.10384e-09-1.34348e-09-1.58675e-09-1.81133e-09-2.02488e-09
-2.22967e-09-2.39137e-09-2.46492e-09-2.41705e-09-2.23835e-09-1.94972e-09
-1.57601e-09-1.12888e-09-6.08446e-10-4.92006e-12 6.63858e-10 1.32476e-09
 1.88942e-09 2.29438e-09 2.50889e-09 2.53472e-09 2.38358e-09 2.06649e-09
 1.61378e-09 1.06546e-09 4.62322e-10-1.34947e-10-6.70563e-10-1.12594e-09
-1.49871e-09-1.77542e-09-1.92066e-09-1.89372e-09-1.69050e-09-1.35062e-09
-9.29953e-10-4.84459e-10-6.12759e-11 3.14930e-10 6.39391e-10 9.03386e-10
 1.09044e-09 1.20274e-09 1.26615e-09 1.30454e-09 1.32525e-09 1.32074e-09
 1.28053e-09 1.21151e-09 1.13385e-09 1.05494e-09 9.61414e-10 8.25999e-10
 6.16084e-10 3.05184e-10-1.12941e-10-6.14973e-10-1.16352e-09-1.72025e-09
-2.23010e-09-2.62555e-09-2.85652e-09-2.89332e-09-2.71371e-09-2.30723e-09
-1.68169e-09-8.66146e-10 7.25618e-11 1.03119e-09 1.90595e-09 2.60664e-09
 3.05189e-09 3.19685e-09 3.06108e-09 2.72130e-09 2.30191e-09 1.95622e-09
 1.79972e-09 1.85063e-09 2.04025e-09 2.24758e-09 2.31347e-09 2.05290e-09
 1.28424e-09-1.23332e-10-2.19379e-09-4.79084e-09-7.59978e-09-1.01735e-08
-1.20030e-08-1.25942e-08-1.15808e-08-8.84082e-09-4.57358e-09 6.82681e-10
 6.13857e-09 1.09194e-08 1.42321e-08 1.55165e-08 1.45553e-08 1.15179e-08
 6.95694e-09 1.72436e-09-3.21267e-09-6.97402e-09-8.94929e-09-8.94109e-09
-7.19161e-09-4.29753e-09-1.05321e-09 1.76640e-09 3.59713e-09 4.19475e-09
 3.67363e-09 2.44007e-09 1.03830e-09-1.90077e-11-4.15384e-10-1.36132e-10
 5.52054e-10 1.21691e-09 1.41873e-09 8.75848e-10-4.26105e-10-2.21912e-09
-4.02203e-09-5.28535e-09-5.57409e-09-4.71880e-09-2.88613e-09-5.41884e-10
 1.69334e-09 3.24871e-09 3.78851e-09 3.31004e-09 2.12804e-09 7.52034e-10
-2.93330e-10-6.40217e-10-2.04196e-10 7.88195e-10 1.90158e-09 2.66697e-09
 2.76059e-09 2.12955e-09 1.00390e-09-2.05477e-10-1.06870e-09-1.30722e-09
-9.11298e-10-1.43958e-10 5.65076e-10 7.89781e-10 2.86109e-10-8.98094e-10
-2.43121e-09-3.81821e-09-4.58795e-09-4.47214e-09-3.50454e-09-2.00256e-09
-4.37713e-10 7.53643e-10 1.34193e-09 1.38253e-09 1.16644e-09 1.06859e-09
 1.36194e-09 2.08476e-09 3.01934e-09 3.78522e-09 4.00859e-09 3.49613e-09
 2.33179e-09 8.50914e-10-4.97963e-10-1.34649e-09-1.56277e-09-1.29168e-09
-8.69425e-10-6.57215e-10-8.65936e-10-1.45648e-09-2.16341e-09-2.62601e-09
-2.56406e-09-1.91879e-09-8.92086e-10 1.38924e-10 7.93426e-10 8.61991e-10
 3.98645e-10-3.17200e-10-9.22562e-10-1.13744e-09-8.81033e-10-2.92793e-10
 3.53980e-10 8.09154e-10 9.86820e-10 1.00783e-09 1.12128e-09 1.54863e-09
 2.33374e-09 3.28014e-09 4.01486e-09 4.15389e-09 3.48678e-09 2.08291e-09
 2.66274e-10-1.52161e-09-2.90400e-09-3.71597e-09-4.04135e-09-4.11330e-09
-4.13815e-09-4.15484e-09-4.01604e-09-3.49377e-09-2.43756e-09-8.93873e-10
 8.77979e-10 2.50660e-09 3.67715e-09 4.27305e-09 4.40531e-09 4.31129e-09
 4.18514e-09 4.04281e-09 3.70344e-09 2.90587e-09 1.50104e-09-3.97573e-10
-2.40914e-09-4.03412e-09-4.86461e-09-4.74192e-09-3.79698e-09-2.37018e-09
-8.53784e-10 4.60175e-10 1.43685e-09 2.03518e-09 2.19746e-09 1.80352e-09
 7.40672e-10-9.56675e-10-2.99754e-09-4.84066e-09-5.84620e-09-5.52041e-09
-3.73223e-09-7.86879e-10 2.67584e-09 5.89728e-09 8.22743e-09 9.27822e-09
 8.95749e-09 7.39374e-09 4.83066e-09 1.58652e-09-1.91040e-09-5.10054e-09
-7.37761e-09-8.27154e-09-7.63264e-09-5.71862e-09-3.13876e-09-6.57926e-10
 1.07680e-09 1.76419e-09 1.51574e-09 7.38160e-10-8.26110e-11-5.73535e-10
-5.69002e-10-1.02993e-10 6.57619e-10 1.47316e-09 2.05322e-09 2.08759e-09
 1.35603e-09 3.90966e-10
