      10
(6e12.5)
     0.0000e+00     0.0000e+00      0  0  0.00
     512   1.00000  0.0000e+00
 6.67399e-08 8.15610e-08 9.56367e-08 1.07265e-07 1.14533e-07 1.15448e-07
 1.08090e-07 9.08015e-08 6.23835e-08 2.22928e-08-2.91762e-08-9.07465e-08
-1.60078e-07-2.33775e-07-3.07479e-07-3.76065e-07-4.33931e-07-4.75367e-07
-4.94966e-07-4.88041e-07-4.51044e-07-3.81963e-07-2.80710e-07-1.49471e-07
 7.00872e-09 1.81293e-07 3.63349e-07 5.40902e-07 7.00051e-07 8.26120e-07
 9.04822e-07 9.24054e-07 8.76417e-07 7.61525e-07 5.86796e-07 3.66854e-07
 1.22505e-07-1.20961e-07-3.37679e-07-5.07065e-07-6.18155e-07-6.70374e-07
-6.71796e-07-6.35343e-07-5.73696e-07-4.95555e-07-4.05220e-07-3.05273e-07
-2.00108e-07-9.72753e-08-5.40322e-09 6.95580e-08 1.26401e-07 1.67225e-07
 1.94121e-07 2.07461e-07 2.07302e-07 1.95683e-07 1.76621e-07 1.53843e-07
 1.29280e-07 1.04026e-07 7.97876e-08 5.85081e-08 4.10490e-08 2.71737e-08
 1.66216e-08 9.38085e-09 5.04401e-09 2.71037e-09 1.58380e-09 1.16222e-09
 9.28030e-10 3.28311e-10-9.62274e-10-3.03098e-09-5.88891e-09-9.46840e-09
-1.35608e-08-1.78754e-08-2.21147e-08-2.59825e-08-2.91936e-08-3.15107e-08
-3.27646e-08-3.28579e-08-3.17687e-08-2.95480e-08-2.63113e-08-2.22282e-08
-1.75088e-08-1.23874e-08-7.10699e-09-1.90581e-09 2.99502e-09 7.40176e-09
 1.11558e-08 1.41387e-08 1.62754e-08 1.75346e-08 1.79272e-08 1.75016e-08
 1.63382e-08 1.45431e-08 1.22422e-08 9.57393e-09 6.68198e-09 3.70829e-09
 7.87663e-10-1.95615e-09-4.41393e-09-6.49412e-09-8.12538e-09-9.25850e-09
-9.86757e-09-9.95036e-09-9.52778e-09-8.64238e-09-7.35612e-09-5.74734e-09
-3.90695e-09-1.93403e-09 6.93900e-11 2.00346e-09 3.77507e-09 5.30149e-09
 6.51357e-09 7.35836e-09 7.80153e-09 7.82952e-09 7.45102e-09 6.69733e-09
 5.62159e-09 4.29675e-09 2.81189e-09 1.26710e-09-2.32837e-10-1.58613e-09
-2.70221e-09-3.50932e-09-3.96015e-09-4.03539e-09-3.74487e-09-3.12685e-09
-2.24569e-09-1.18750e-09-5.38441e-11 1.04580e-09 2.00176e-09 2.71202e-09
 3.09017e-09 3.07303e-09 2.62734e-09 1.75530e-09 4.98255e-10-1.06277e-09
-2.81090e-09-4.60155e-09-6.27433e-09-7.66767e-09-8.63418e-09-9.05494e-09
-8.85183e-09-7.99672e-09-6.51585e-09-4.48843e-09-2.04071e-09 6.62812e-10
 3.43143e-09 6.06348e-09 8.36376e-09 1.01609e-08 1.13234e-08 1.17722e-08
 1.14898e-08 1.05219e-08 8.97149e-09 6.98762e-09 4.75005e-09 2.45095e-09
 2.74565e-10-1.62264e-09-3.12746e-09-4.17883e-09-4.77053e-09-4.94826e-09
-4.80063e-09-4.44432e-09-4.00588e-09-3.60316e-09-3.32883e-09-3.23781e-09
-3.34075e-09-3.60497e-09-3.96294e-09-4.32601e-09-4.60045e-09-4.70306e-09
-4.57443e-09-4.18823e-09-3.55437e-09-2.71480e-09-1.73349e-09-6.83251e-10
 3.67326e-10 1.36465e-09 2.27704e-09 3.09674e-09 3.83653e-09 4.52148e-09
 5.17785e-09 5.82181e-09 6.45087e-09 7.03982e-09 7.54210e-09 7.89557e-09
 8.03190e-09 7.88794e-09 7.41698e-09 6.59741e-09 5.43662e-09 3.96933e-09
 2.25189e-09 3.54099e-10-1.64936e-09-3.68628e-09-5.69140e-09-7.60695e-09
-9.37969e-09-1.09560e-08-1.22768e-08-1.32746e-08-1.38741e-08-1.39981e-08
-1.35767e-08-1.25594e-08-1.09264e-08-8.69733e-09-5.93588e-09-2.74846e-09
 7.23033e-10 4.31298e-09 7.84561e-09 1.11481e-08 1.40617e-08 1.64487e-08
 1.81967e-08 1.92190e-08 1.94549e-08 1.88719e-08 1.74691e-08 1.52817e-08
 1.23860e-08 8.90190e-09 4.99197e-09 8.54261e-10-3.29032e-09-7.21525e-09
-1.07083e-08-1.35911e-08-1.57348e-08-1.70689e-08-1.75829e-08-1.73210e-08
-1.63718e-08-1.48558e-08-1.29125e-08-1.06893e-08-8.33269e-09-5.98047e-09
-3.75442e-09-1.75330e-09-4.49392e-11 1.34135e-09 2.41975e-09 3.24712e-09
 3.91510e-09 4.53533e-09 5.21958e-09 6.05787e-09 7.09947e-09 8.34147e-09
 9.72730e-09 1.11541e-08 1.24873e-08 1.35785e-08 1.42851e-08 1.44866e-08
 1.40964e-08 1.30687e-08 1.14016e-08 9.13890e-09 6.36861e-09 3.21905e-09
-1.49301e-10-3.55607e-09-6.81733e-09-9.76478e-09-1.22645e-08-1.42306e-08
-1.56296e-08-1.64755e-08-1.68169e-08-1.67196e-08-1.62483e-08-1.54532e-08
-1.43620e-08-1.29823e-08-1.13099e-08-9.34078e-09-7.08186e-09-4.55850e-09
-1.81714e-09 1.07538e-09 4.03473e-09 6.96337e-09 9.75596e-09 1.23060e-08
 1.45131e-08 1.62912e-08 1.75760e-08 1.83315e-08 1.85523e-08 1.82605e-08
 1.74966e-08 1.63070e-08 1.47326e-08 1.28019e-08 1.05321e-08 7.93599e-09
 5.03465e-09 1.86976e-09-1.48804e-09-4.93847e-09-8.35859e-09-1.16154e-08
-1.45798e-08-1.71389e-08-1.92030e-08-2.07076e-08-2.16112e-08-2.18920e-08
-2.15445e-08-2.05773e-08-1.90116e-08-1.68798e-08-1.42252e-08-1.11011e-08
-7.57180e-09-3.71530e-09 3.72457e-10 4.57443e-09 8.75288e-09 1.27554e-08
 1.64262e-08 1.96208e-08 2.22199e-08 2.41388e-08 2.53287e-08 2.57706e-08
 2.54651e-08 2.44231e-08 2.26610e-08 2.02022e-08 1.70837e-08 1.33640e-08
 9.13010e-09 4.49718e-09-3.95856e-10-5.39550e-09-1.03437e-08-1.50869e-08
-1.94821e-08-2.34018e-08-2.67359e-08-2.93940e-08-3.13062e-08-3.24213e-08
-3.27045e-08-3.21341e-08-3.06980e-08-2.83931e-08-2.52271e-08-2.12225e-08
-1.64201e-08-1.08788e-08-4.67287e-09 2.11317e-09 9.38820e-09 1.70525e-08
 2.49893e-08 3.30506e-08 4.10426e-08 4.87146e-08 5.57572e-08 6.18104e-08
 6.64799e-08 6.93574e-08 7.00423e-08 6.81628e-08 6.33987e-08 5.55059e-08
 4.43453e-08 2.99154e-08 1.23837e-08-7.88506e-09-3.03096e-08-5.40852e-08
-7.81929e-08-1.01425e-07-1.22433e-07-1.39792e-07-1.52086e-07-1.58015e-07
-1.56500e-07-1.46795e-07-1.28588e-07-1.02077e-07-6.80306e-08-2.78117e-08
 1.66400e-08 6.28687e-08 1.08021e-07 1.49024e-07 1.82817e-07 2.06642e-07
 2.18338e-07 2.16635e-07 2.01360e-07 1.73523e-07 1.35261e-07 8.96334e-08
 4.02952e-08-8.90502e-09-5.43442e-08-9.29894e-08-1.22641e-07-1.42023e-07
-1.50758e-07-1.49271e-07-1.38664e-07-1.20564e-07-9.69373e-08-6.99027e-08
-4.15715e-08-1.39077e-08 1.13879e-08 3.29616e-08 4.98511e-08 6.14907e-08
 6.76941e-08 6.86202e-08 6.47252e-08 5.67003e-08 4.54038e-08 3.17907e-08
 1.68426e-08 1.50233e-09-1.33787e-08-2.70726e-08-3.89902e-08-4.86833e-08
-5.58424e-08-6.02898e-08-6.19689e-08-6.09330e-08-5.73311e-08-5.13928e-08
-4.34107e-08-3.37248e-08-2.27103e-08-1.07677e-08 1.68531e-09 1.42236e-08
 2.64233e-08 3.78698e-08 4.81678e-08 5.69519e-08 6.39014e-08 6.87529e-08
 7.13122e-08 7.14625e-08 6.91687e-08 6.44799e-08 5.75325e-08 4.85550e-08
 3.78725e-08 2.59071e-08 1.31681e-08 2.31950e-10-1.22888e-08-2.37810e-08
-3.36707e-08-4.14641e-08-4.67860e-08-4.94083e-08-4.92659e-08-4.64627e-08
-4.12726e-08-3.41354e-08-2.56430e-08-1.65097e-08-7.51909e-09 5.51152e-10
 7.01413e-09 1.13569e-08 1.33130e-08 1.29210e-08 1.05620e-08 6.97268e-09
 3.22714e-09 7.34803e-10
     0.0000e+00     0.0000e+00      0  0  0.00
     512   1.00000  0.0000e+00
-1.16651e-08-1.10833e-08-9.22963e-09-5.93282e-09-1.11585e-09 5.17805e-09
 1.27685e-08 2.13328e-08 3.04113e-08 3.94229e-08 4.76887e-08 5.44642e-08
 5.89864e-08 6.05332e-08 5.84912e-08 5.24169e-08 4.20826e-08 2.75094e-08
 8.99069e-09-1.28854e-08-3.72167e-08-6.27743e-08-8.80090e-08-1.11093e-07
-1.30010e-07-1.42704e-07-1.47248e-07-1.42040e-07-1.25981e-07-9.86510e-08
-6.05092e-08-1.32735e-08 3.94511e-08 9.18286e-08 1.36676e-07 1.67458e-07
 1.80189e-07 1.74448e-07 1.53243e-07 1.21888e-07 8.66161e-08 5.32446e-08
 2.56805e-08 4.84221e-09-1.10403e-08-2.47840e-08-3.82208e-08-5.09887e-08
-6.09893e-08-6.62187e-08-6.64874e-08-6.35189e-08-5.93711e-08-5.47627e-08
-4.89857e-08-4.13815e-08-3.25848e-08-2.40510e-08-1.65842e-08-9.85056e-09
-3.38502e-09 2.51499e-09 7.25437e-09 1.08303e-08 1.37040e-08 1.60401e-08
 1.76388e-08 1.84950e-08 1.88910e-08 1.89775e-08 1.86916e-08 1.80503e-08
 1.71918e-08 1.61735e-08 1.49662e-08 1.35904e-08 1.21031e-08 1.05200e-08
 8.83963e-09 7.08689e-09 5.29183e-09 3.47230e-09 1.64893e-09-1.49116e-10
-1.89132e-09-3.54628e-09-5.08001e-09-6.45816e-09-7.64770e-09-8.61867e-09
-9.34750e-09-9.81950e-09-1.00294e-08-9.98139e-09-9.68871e-09-9.17210e-09
-8.45765e-09-7.57462e-09-6.55362e-09-5.42506e-09-4.21821e-09-2.96104e-09
-1.68098e-09-4.05891e-10 8.35748e-10 2.01547e-09 3.10607e-09 4.08278e-09
 4.92437e-09 5.61430e-09 6.14163e-09 6.50143e-09 6.69421e-09 6.72454e-09
 6.59912e-09 6.32507e-09 5.90920e-09 5.35840e-09 4.68092e-09 3.88765e-09
 2.99311e-09 2.01592e-09 9.79072e-10-9.00958e-11-1.16042e-09-2.19844e-09
-3.17065e-09-4.04592e-09-4.79721e-09-5.40218e-09-5.84281e-09-6.10479e-09
-6.17726e-09-6.05337e-09-5.73150e-09-5.21667e-09-4.52180e-09-3.66825e-09
-2.68573e-09-1.61125e-09-4.87581e-10 6.38843e-10 1.72050e-09 2.71158e-09
 3.57083e-09 4.26400e-09 4.76583e-09 5.06136e-09 5.14647e-09 5.02761e-09
 4.72084e-09 4.25046e-09 3.64786e-09 2.95057e-09 2.20110e-09 1.44473e-09
 7.25524e-10 8.13780e-11-4.60744e-10-8.87589e-10-1.19949e-09-1.40770e-09
-1.53058e-09-1.59034e-09-1.61108e-09-1.61779e-09-1.63530e-09-1.68629e-09
-1.78828e-09-1.95021e-09-2.16945e-09-2.43035e-09-2.70466e-09-2.95409e-09
-3.13473e-09-3.20300e-09-3.12259e-09-2.87052e-09-2.44094e-09-1.84582e-09
-1.11311e-09-2.83070e-10 5.96209e-10 1.47350e-09 2.29875e-09 3.02690e-09
 3.62136e-09 4.05707e-09 4.32236e-09 4.41903e-09 4.36021e-09 4.16727e-09
 3.86649e-09 3.48593e-09 3.05196e-09 2.58552e-09 2.09941e-09 1.59788e-09
 1.07879e-09 5.36921e-10-3.29289e-11-6.33365e-10-1.26193e-09-1.90855e-09
-2.55403e-09-3.17078e-09-3.72626e-09-4.18785e-09-4.52739e-09-4.72440e-09
-4.76764e-09-4.65577e-09-4.39714e-09-4.00811e-09-3.50987e-09-2.92408e-09
-2.26903e-09-1.55779e-09-7.98968e-10 4.65239e-13 8.31517e-10 1.67992e-09
 2.52410e-09 3.33484e-09 4.07669e-09 4.71102e-09 5.20022e-09 5.51245e-09
 5.62606e-09 5.53272e-09 5.23825e-09 4.76090e-09 4.12763e-09 3.36938e-09
 2.51700e-09 1.59888e-09 6.40780e-10-3.32529e-10-1.29499e-09-2.21745e-09
-3.06727e-09-3.80956e-09-4.41016e-09-4.83964e-09-5.07750e-09-5.11558e-09
-4.95996e-09-4.63073e-09-4.15961e-09-3.58563e-09-2.94995e-09-2.29057e-09
-1.63842e-09-1.01564e-09-4.36102e-10 9.22235e-11 5.64513e-10 9.77056e-10
 1.32705e-09 1.61437e-09 1.84424e-09 2.02930e-09 2.18937e-09 2.34834e-09
 2.52854e-09 2.74468e-09 2.99918e-09 3.28037e-09 3.56372e-09 3.81526e-09
 3.99629e-09 4.06853e-09 3.99896e-09 3.76381e-09 3.35072e-09 2.75950e-09
 2.00176e-09 1.10015e-09 8.75194e-11-9.94139e-10-2.09510e-09-3.16035e-09
-4.13329e-09-4.96043e-09-5.59639e-09-6.00824e-09-6.17895e-09-6.10922e-09
-5.81730e-09-5.33620e-09-4.70853e-09-3.98006e-09-3.19337e-09-2.38283e-09
-1.57184e-09-7.73016e-10 9.29973e-12 7.75234e-10 1.52586e-09 2.26062e-09
 2.97564e-09 3.66250e-09 4.30765e-09 4.89265e-09 5.39519e-09 5.79043e-09
 6.05244e-09 6.15623e-09 6.08083e-09 5.81337e-09 5.35295e-09 4.71242e-09
 3.91712e-09 3.00092e-09 2.00072e-09 9.51288e-10-1.18561e-10-1.18744e-09
-2.24041e-09-3.26577e-09-4.25058e-09-5.17683e-09-6.01965e-09-6.74824e-09
-7.32901e-09-7.72959e-09-7.92242e-09-7.88740e-09-7.61347e-09-7.09948e-09
-6.35449e-09-5.39793e-09-4.25886e-09-2.97442e-09-1.58694e-09-1.40316e-10
 1.32388e-09 2.76946e-09 4.16679e-09 5.49167e-09 6.72209e-09 7.83441e-09
 8.80055e-09 9.58751e-09 1.01597e-08 1.04834e-08 1.05314e-08 1.02872e-08
 9.74681e-09 8.91800e-09 7.81769e-09 6.46900e-09 4.89905e-09 3.13847e-09
 1.22233e-09-8.08293e-10-2.90532e-09-5.01384e-09-7.07365e-09-9.02190e-09
-1.07959e-08-1.23356e-08-1.35861e-08-1.44993e-08-1.50368e-08-1.51725e-08
-1.48946e-08-1.42062e-08-1.31236e-08-1.16736e-08-9.88933e-09-7.80835e-09
-5.47194e-09-2.92695e-09-2.28230e-10 2.56029e-09 5.36736e-09 8.11947e-09
 1.07477e-08 1.31941e-08 1.54154e-08 1.73823e-08 1.90766e-08 2.04851e-08
 2.15936e-08 2.23825e-08 2.28232e-08 2.28764e-08 2.24909e-08 2.16035e-08
 2.01411e-08 1.80245e-08 1.51751e-08 1.15241e-08 7.02218e-09 1.65016e-09
-4.57068e-09-1.15683e-08-1.92100e-08-2.72932e-08-3.55392e-08-4.35921e-08
-5.10245e-08-5.73523e-08-6.20581e-08-6.46214e-08-6.45537e-08-6.14365e-08
-5.49614e-08-4.49704e-08-3.14942e-08-1.47870e-08 4.64842e-09 2.60495e-08
 4.84024e-08 7.04730e-08 9.08639e-08 1.08094e-07 1.20700e-07 1.27351e-07
 1.26974e-07 1.18879e-07 1.02865e-07 7.93139e-08 4.92396e-08 1.42845e-08
-2.33494e-08-6.10516e-08-9.60313e-08-1.25594e-07-1.47432e-07-1.59872e-07
-1.62062e-07-1.54045e-07-1.36713e-07-1.11663e-07-8.09624e-08-4.69037e-08
-1.17959e-08 2.22014e-08 5.32031e-08 7.96940e-08 1.00584e-07 1.15224e-07
 1.23382e-07 1.25214e-07 1.21203e-07 1.12096e-07 9.88211e-08 8.24098e-08
 6.39294e-08 4.44182e-08 2.48311e-08 5.99870e-09-1.13977e-08-2.68381e-08
-3.99650e-08-5.05755e-08-5.86048e-08-6.41044e-08-6.72194e-08-6.81650e-08
-6.72031e-08-6.46187e-08-6.07004e-08-5.57261e-08-4.99554e-08-4.36260e-08
-3.69536e-08-3.01302e-08-2.33220e-08-1.66646e-08-1.02585e-08-4.16730e-09
 1.58026e-09 6.98507e-09 1.20714e-08 1.68793e-08 2.14566e-08 2.58483e-08
 3.00845e-08 3.41660e-08 3.80503e-08 4.16419e-08 4.47881e-08 4.72810e-08
 4.88664e-08 4.92572e-08 4.81541e-08 4.52723e-08 4.03737e-08 3.33060e-08
 2.40613e-08 1.28698e-08 3.07009e-10-1.26601e-08-2.47568e-08-3.46177e-08
-4.10762e-08-4.34397e-08-4.16600e-08-3.63380e-08-2.85628e-08-1.96543e-08
-1.09134e-08-3.44049e-09 1.98189e-09 4.96947e-09 5.58359e-09 4.34360e-09
 2.20532e-09 5.28590e-10
     0.0000e+00     0.0000e+00      0  0  0.00
     512   1.00000  0.0000e+00
-1.01872e-07-9.93106e-08-9.05992e-08-7.55535e-08-5.44586e-08-2.81261e-08
 2.08318e-09 3.42774e-08 6.61020e-08 9.48579e-08 1.17683e-07 1.31858e-07
 1.35253e-07 1.26744e-07 1.06487e-07 7.61363e-08 3.88995e-08-8.67376e-10
-3.84863e-08-6.98832e-08-9.23165e-08-1.04658e-07-1.07062e-07-1.00243e-07
-8.49722e-08-6.21375e-08-3.31578e-08-2.65592e-10 3.36997e-08 6.58781e-08
 9.39584e-08 1.16472e-07 1.32656e-07 1.41905e-07 1.43354e-07 1.36054e-07
 1.19436e-07 9.36610e-08 5.97506e-08 1.95293e-08-2.45221e-08-6.93907e-08
-1.11699e-07-1.48064e-07-1.75532e-07-1.91905e-07-1.95946e-07-1.87465e-07
-1.67323e-07-1.37470e-07-1.00895e-07-6.11772e-08-2.16441e-08 1.53574e-08
 4.84625e-08 7.66043e-08 9.85247e-08 1.13135e-07 1.20210e-07 1.20462e-07
 1.14972e-07 1.04784e-07 9.09885e-08 7.48205e-08 5.75205e-08 4.01785e-08
 2.37060e-08 8.81867e-09-3.99796e-09-1.44705e-08-2.25020e-08-2.81607e-08
-3.16556e-08-3.32840e-08-3.33908e-08-3.23408e-08-3.04873e-08-2.81451e-08
-2.55762e-08-2.29808e-08-2.04944e-08-1.81916e-08-1.60949e-08-1.41854e-08
-1.24159e-08-1.07228e-08-9.03817e-09-7.30001e-09-5.46099e-09-3.49405e-09
-1.39544e-09 8.14943e-10 3.09512e-09 5.38444e-09 7.60871e-09 9.68652e-09
 1.15354e-08 1.30774e-08 1.42443e-08 1.49818e-08 1.52533e-08 1.50409e-08
 1.43471e-08 1.31943e-08 1.16238e-08 9.69324e-09 7.47326e-09 5.04486e-09
 2.49585e-09-8.32523e-11-2.60346e-09-4.98086e-09-7.13898e-09-9.01090e-09
-1.05414e-08-1.16883e-08-1.24234e-08-1.27319e-08-1.26130e-08-1.20796e-08
-1.11577e-08-9.88525e-09-8.31070e-09-6.49111e-09-4.49026e-09-2.37649e-09
-2.20637e-10 1.90615e-09 3.93470e-09 5.80019e-09 7.44413e-09 8.81609e-09
 9.87525e-09 1.05920e-08 1.09487e-08 1.09405e-08 1.05744e-08 9.86926e-09
 8.85531e-09 7.57325e-09 6.07280e-09 4.41059e-09 2.64764e-09 8.46460e-10
-9.31827e-10-2.62991e-09-4.19629e-09-5.58686e-09-6.76623e-09-7.70868e-09
-8.39842e-09-8.82925e-09-9.00379e-09-8.93250e-09-8.63247e-09-8.12607e-09
-7.43912e-09-6.59875e-09-5.63129e-09-4.56075e-09-3.40855e-09-2.19380e-09
-9.34270e-10 3.52542e-10 1.64874e-09 2.93573e-09 4.19332e-09 5.39863e-09
 6.52568e-09 7.54502e-09 8.42357e-09 9.12592e-09 9.61668e-09 9.86285e-09
 9.83649e-09 9.51779e-09 8.89732e-09 7.97720e-09 6.77274e-09 5.31327e-09
 3.64118e-09 1.81011e-09-1.17299e-10-2.07359e-09-3.99088e-09-5.80350e-09
-7.45021e-09-8.87763e-09-1.00426e-08-1.09127e-08-1.14666e-08-1.16937e-08
-1.15933e-08-1.11732e-08-1.04485e-08-9.44065e-09-8.17543e-09-6.68222e-09
-4.99458e-09-3.15050e-09-1.19300e-09 8.29550e-10 2.86446e-09 4.85622e-09
 6.74715e-09 8.47841e-09 9.99279e-09 1.12386e-08 1.21722e-08 1.27600e-08
 1.29785e-08 1.28158e-08 1.22714e-08 1.13578e-08 1.00996e-08 8.53150e-09
 6.69584e-09 4.64166e-09 2.42438e-09 1.05872e-10-2.24689e-09-4.56434e-09
-6.77624e-09-8.81292e-09-1.06067e-08-1.20939e-08-1.32191e-08-1.39386e-08
-1.42233e-08-1.40599e-08-1.34501e-08-1.24108e-08-1.09736e-08-9.18392e-09
-7.09907e-09-4.78577e-09-2.31749e-09 2.27997e-10 2.76968e-09 5.22499e-09
 7.51341e-09 9.55974e-09 1.12967e-08 1.26683e-08 1.36323e-08 1.41606e-08
 1.42409e-08 1.38779e-08 1.30924e-08 1.19198e-08 1.04075e-08 8.61184e-09
 6.59479e-09 4.42188e-09 2.16067e-09-1.21684e-10-2.36111e-09-4.49822e-09
-6.47918e-09-8.25669e-09-9.79070e-09-1.10491e-08-1.20091e-08-1.26572e-08
-1.29880e-08-1.30011e-08-1.27003e-08-1.20933e-08-1.11915e-08-1.00105e-08
-8.57089e-09-6.89792e-09-5.02309e-09-2.98527e-09-8.31049e-10 1.38645e-09
 3.60922e-09 5.77572e-09 7.82196e-09 9.68321e-09 1.12970e-08 1.26071e-08
 1.35664e-08 1.41401e-08 1.43055e-08 1.40537e-08 1.33911e-08 1.23401e-08
 1.09387e-08 9.23746e-09 7.29533e-09 5.17589e-09 2.94421e-09 6.64341e-10
-1.60296e-09-3.80245e-09-5.88571e-09-7.81059e-09-9.53997e-09-1.10409e-08
-1.22840e-08-1.32438e-08-1.38990e-08-1.42325e-08-1.42312e-08-1.38870e-08
-1.31977e-08-1.21683e-08-1.08126e-08-9.15283e-09-7.22016e-09-5.05354e-09
-2.69882e-09-2.07404e-10 2.36486e-09 4.95908e-09 7.51440e-09 9.96798e-09
 1.22543e-08 1.43047e-08 1.60469e-08 1.74068e-08 1.83111e-08 1.86917e-08
 1.84919e-08 1.76720e-08 1.62160e-08 1.41370e-08 1.14796e-08 8.32119e-09
 4.76944e-09 9.56745e-10-2.96714e-09-6.84457e-09-1.05198e-08-1.38485e-08
-1.67063e-08-1.89945e-08-2.06434e-08-2.16135e-08-2.18926e-08-2.14932e-08
-2.04482e-08-1.88066e-08-1.66303e-08-1.39915e-08-1.09702e-08-7.65233e-09
-4.12783e-09-4.88688e-10 3.17334e-09 6.76870e-09 1.02117e-08 1.34217e-08
 1.63235e-08 1.88476e-08 2.09305e-08 2.25148e-08 2.35503e-08 2.39951e-08
 2.38177e-08 2.29986e-08 2.15329e-08 1.94321e-08 1.67260e-08 1.34634e-08
 9.71155e-09 5.55524e-09 1.09436e-09-3.55918e-09-8.28487e-09-1.29571e-08
-1.74483e-08-2.16321e-08-2.53862e-08-2.85955e-08-3.11556e-08-3.29757e-08
-3.39817e-08-3.41185e-08-3.33508e-08-3.16642e-08-2.90641e-08-2.55747e-08
-2.12377e-08-1.61119e-08-1.02719e-08-3.80958e-09 3.16636e-09 1.05285e-08
 1.81293e-08 2.57998e-08 3.33487e-08 4.05622e-08 4.72063e-08 5.30297e-08
 5.77697e-08 6.11607e-08 6.29438e-08 6.28798e-08 6.07637e-08 5.64406e-08
 4.98222e-08 4.09038e-08 2.97793e-08 1.66537e-08 1.85033e-09-1.41879e-08
-3.09042e-08-4.76423e-08-6.36689e-08-7.82044e-08-9.04622e-08-9.96934e-08
-1.05236e-07-1.06568e-07-1.03352e-07-9.54829e-08-8.31181e-08-6.66946e-08
-4.69269e-08-2.47823e-08-1.43176e-09 2.18236e-08 4.36449e-08 6.27590e-08
 7.80571e-08 8.86823e-08 9.40990e-08 9.41430e-08 8.90426e-08 7.94035e-08
 6.61561e-08 5.04703e-08 3.36503e-08 1.70201e-08 1.80861e-09-1.09606e-08
-2.05562e-08-2.65859e-08-2.89932e-08-2.80157e-08-2.41269e-08-1.79752e-08
-1.03230e-08-1.98419e-09 6.23797e-09 1.36082e-08 1.95046e-08 2.34498e-08
 2.51290e-08 2.43980e-08 2.12803e-08 1.59552e-08 8.73619e-09 4.25144e-11
-9.63327e-09-1.97586e-08-2.97927e-08-3.92160e-08-4.75555e-08-5.44051e-08
-5.94402e-08-6.24267e-08-6.32243e-08-6.17853e-08-5.81496e-08-5.24378e-08
-4.48431e-08-3.56215e-08-2.50817e-08-1.35748e-08-1.48290e-09 1.07916e-08
 2.28385e-08 3.42531e-08 4.46488e-08 5.36692e-08 6.09989e-08 6.63737e-08
 6.95908e-08 7.05187e-08 6.91064e-08 6.53901e-08 5.94976e-08 5.16488e-08
 4.21524e-08 3.13982e-08 1.98443e-08 7.99897e-09-3.60217e-09-1.44235e-08
-2.39623e-08-3.17846e-08-3.75587e-08-4.10754e-08-4.22542e-08-4.11428e-08
-3.79158e-08-3.28771e-08-2.64589e-08-1.92084e-08-1.17549e-08-4.75316e-09
 1.18635e-09 5.57005e-09 8.08839e-09 8.67335e-09 7.54059e-09 5.20988e-09
 2.49883e-09 5.84189e-10
     0.0000e+00     0.0000e+00      0  0  0.00
     512   1.00000  0.0000e+00
-1.48953e-08-1.80972e-08-2.06843e-08-2.24073e-08-2.30511e-08-2.24592e-08
-2.05543e-08-1.73523e-08-1.29687e-08-7.62099e-09-1.63369e-09 4.50304e-09
 9.99631e-09 1.36966e-08 1.43473e-08 1.10939e-08 3.96663e-09-5.91104e-09
-1.64729e-08-2.51680e-08-2.96108e-08-2.82340e-08-2.06338e-08-7.38120e-09
 1.05196e-08 3.20446e-08 5.60845e-08 8.10109e-08 1.04388e-07 1.23194e-07
 1.34322e-07 1.34953e-07 1.22826e-07 9.67673e-08 5.73770e-08 7.18226e-09
-4.98602e-08-1.08582e-07-1.62536e-07-2.04565e-07-2.27966e-07-2.27912e-07
-2.03044e-07-1.56503e-07-9.56919e-08-3.07703e-08 2.79698e-08 7.31613e-08
 1.02394e-07 1.17925e-07 1.23998e-07 1.23384e-07 1.15867e-07 1.00017e-07
 7.64661e-08 4.90625e-08 2.25730e-08-2.91439e-10-1.91819e-08-3.41507e-08
-4.45147e-08-4.96140e-08-4.96723e-08-4.55524e-08-3.82045e-08-2.85867e-08
-1.77202e-08-6.58154e-09 3.97875e-09 1.32451e-08 2.06884e-08 2.60043e-08
 2.90810e-08 2.99671e-08 2.88580e-08 2.60598e-08 2.19452e-08 1.69228e-08
 1.14029e-08 5.76668e-09 3.47725e-10-4.58087e-09-8.81585e-09-1.22257e-08
-1.47482e-08-1.63849e-08-1.71888e-08-1.72513e-08-1.66891e-08-1.56309e-08
-1.42074e-08-1.25425e-08-1.07473e-08-8.91496e-09-7.11789e-09-5.40706e-09
-3.81327e-09-2.35018e-09-1.01798e-09 1.92650e-10 1.29634e-09 2.30925e-09
 3.24578e-09 4.11631e-09 4.92601e-09 5.67458e-09 6.35621e-09 6.95979e-09
 7.46969e-09 7.86735e-09 8.13357e-09 8.25087e-09 8.20535e-09 7.98783e-09
 7.59423e-09 7.02567e-09 6.28877e-09 5.39623e-09 4.36697e-09 3.22539e-09
 2.00044e-09 7.24628e-10-5.67373e-10-1.84060e-09-3.06141e-09-4.19817e-09
-5.22157e-09-6.10536e-09-6.82732e-09-7.37017e-09-7.72213e-09-7.87707e-09
-7.83415e-09-7.59687e-09-7.17269e-09-6.57322e-09-5.81465e-09-4.91741e-09
-3.90541e-09-2.80525e-09-1.64547e-09-4.55542e-10 7.35046e-10 1.89721e-09
 3.00216e-09 4.02171e-09 4.92954e-09 5.70267e-09 6.32224e-09 6.77336e-09
 7.04503e-09 7.13049e-09 7.02760e-09 6.73906e-09 6.27269e-09 5.64193e-09
 4.86550e-09 3.96614e-09 2.96932e-09 1.90269e-09 7.95490e-10-3.22135e-10
-1.42000e-09-2.46873e-09-3.44088e-09-4.31207e-09-5.06137e-09-5.67128e-09
-6.12784e-09-6.42100e-09-6.54510e-09-6.49901e-09-6.28590e-09-5.91300e-09
-5.39117e-09-4.73409e-09-3.95769e-09-3.08031e-09-2.12323e-09-1.11039e-09
-6.72634e-11 9.80096e-10 2.00566e-09 2.98359e-09 3.88803e-09 4.69342e-09
 5.37596e-09 5.91553e-09 6.29663e-09 6.50810e-09 6.54256e-09 6.39686e-09
 6.07361e-09 5.58209e-09 4.93722e-09 4.15743e-09 3.26357e-09 2.27956e-09
 1.23291e-09 1.53745e-10-9.27637e-10-1.98284e-09-2.98545e-09-3.90950e-09
-4.72886e-09-5.41931e-09-5.96159e-09-6.34246e-09-6.55308e-09-6.58687e-09
-6.43959e-09-6.11235e-09-5.61428e-09-4.96193e-09-4.17554e-09-3.27608e-09
-2.28581e-09-1.23104e-09-1.42945e-10 9.45123e-10 2.00184e-09 3.00015e-09
 3.91597e-09 4.72540e-09 5.40462e-09 5.93284e-09 6.29575e-09 6.48626e-09
 6.50211e-09 6.34338e-09 6.01283e-09 5.51827e-09 4.87421e-09 4.10102e-09
 3.22202e-09 2.26132e-09 1.24382e-09 1.96302e-10-8.52472e-10-1.87339e-09
-2.83928e-09-3.72628e-09-4.51330e-09-5.18131e-09-5.71366e-09-6.09718e-09
-6.32278e-09-6.38580e-09-6.28577e-09-6.02609e-09-5.61408e-09-5.06080e-09
-4.38035e-09-3.58919e-09-2.70625e-09-1.75324e-09-7.53969e-10 2.67185e-10
 1.28658e-09 2.28119e-09 3.22760e-09 4.10165e-09 4.87976e-09 5.54139e-09
 6.07051e-09 6.45442e-09 6.68180e-09 6.74307e-09 6.63301e-09 6.35309e-09
 5.91109e-09 5.31829e-09 4.58695e-09 3.73082e-09 2.76813e-09 1.72318e-09
 6.24152e-10-5.00854e-10-1.62609e-09-2.72695e-09-3.77742e-09-4.74997e-09
-5.61856e-09-6.36189e-09-6.96392e-09-7.41130e-09-7.69066e-09-7.78897e-09
-7.69653e-09-7.40932e-09-6.92871e-09-6.25941e-09-5.40795e-09-4.38390e-09
-3.20292e-09-1.88860e-09-4.71661e-10 1.01236e-09 2.52488e-09 4.02416e-09
 5.46487e-09 6.79928e-09 7.98065e-09 8.96706e-09 9.72414e-09 1.02255e-08
 1.04517e-08 1.03904e-08 1.00359e-08 9.38978e-09 8.45925e-09 7.25615e-09
 5.79601e-09 4.09902e-09 2.19266e-09 1.14953e-10-2.08290e-09-4.33500e-09
-6.56112e-09-8.66894e-09-1.05585e-08-1.21291e-08-1.32882e-08-1.39620e-08
-1.41049e-08-1.37069e-08-1.27956e-08-1.14342e-08-9.71432e-09-7.74525e-09
-5.64073e-09-3.50556e-09-1.42402e-09 5.47485e-10 2.38219e-09 4.07918e-09
 5.65495e-09 7.13238e-09 8.52983e-09 9.85257e-09 1.10879e-08 1.22045e-08
 1.31563e-08 1.38895e-08 1.43498e-08 1.44907e-08 1.42774e-08 1.36891e-08
 1.27183e-08 1.13688e-08 9.65284e-09 7.59072e-09 5.21145e-09 2.55528e-09
-3.23163e-10-3.35257e-09-6.44483e-09-9.49807e-09-1.24031e-08-1.50523e-08
-1.73483e-08-1.92119e-08-2.05862e-08-2.14373e-08-2.17509e-08-2.15276e-08
-2.07775e-08-1.95170e-08-1.77674e-08-1.55567e-08-1.29224e-08-9.91432e-09
-6.59563e-09-3.04101e-09 6.67441e-10 4.44578e-09 8.21351e-09 1.18969e-08
 1.54294e-08 1.87487e-08 2.17932e-08 2.44972e-08 2.67894e-08 2.85938e-08
 2.98338e-08 3.04385e-08 3.03486e-08 2.95218e-08 2.79345e-08 2.55822e-08
 2.24779e-08 1.86512e-08 1.41496e-08 9.04223e-09 3.42433e-09-2.57743e-09
-8.80293e-09-1.50607e-08-2.11347e-08-2.67954e-08-3.18124e-08-3.59686e-08
-3.90709e-08-4.09603e-08-4.15195e-08-4.06804e-08-3.84315e-08-3.48257e-08
-2.99861e-08-2.41088e-08-1.74591e-08-1.03602e-08-3.17371e-09 3.72521e-09
 9.97667e-09 1.52644e-08 1.93417e-08 2.20521e-08 2.33445e-08 2.32821e-08
 2.20425e-08 1.99072e-08 1.72370e-08 1.44275e-08 1.18439e-08 9.73996e-09
 8.18547e-09 7.03805e-09 5.97921e-09 4.60496e-09 2.54282e-09-4.32384e-10
-4.30856e-09-8.79402e-09-1.33416e-08-1.72508e-08-1.98312e-08-2.05687e-08
-1.92191e-08-1.58014e-08-1.05316e-08-3.76072e-09 4.05673e-09 1.23817e-08
 2.06245e-08 2.82002e-08 3.45870e-08 3.93695e-08 4.22630e-08 4.31224e-08
 4.19456e-08 3.88678e-08 3.41431e-08 2.81142e-08 2.11745e-08 1.37324e-08
 6.18229e-09-1.11804e-09-7.86593e-09-1.38296e-08-1.88583e-08-2.28832e-08
-2.59089e-08-2.79993e-08-2.92618e-08-2.98339e-08-2.98720e-08-2.95418e-08
-2.90084e-08-2.84234e-08-2.79103e-08-2.75483e-08-2.73588e-08-2.72962e-08
-2.72471e-08-2.70402e-08-2.64644e-08-2.52918e-08-2.33015e-08-2.03020e-08
-1.61516e-08-1.07791e-08-4.20243e-09 3.45516e-09 1.19549e-08 2.09409e-08
 2.99480e-08 3.84205e-08 4.57401e-08 5.12622e-08 5.43623e-08 5.44938e-08
 5.12726e-08 4.46008e-08 3.48076e-08 2.27247e-08 9.62239e-09-3.00341e-09
-1.37327e-08-2.15174e-08-2.58760e-08-2.69250e-08-2.52483e-08-2.16786e-08
-1.70934e-08-1.22850e-08-7.89133e-09-4.35478e-09-1.90008e-09-5.28611e-10
-2.52151e-11 2.47630e-11
     0.0000e+00     0.0000e+00      0  0  0.00
     512   1.00000  0.0000e+00
 1.17963e-07 1.05444e-07 8.38034e-08 5.32200e-08 1.46350e-08-3.01924e-08
-7.86856e-08-1.27519e-07-1.72760e-07-2.10090e-07-2.35113e-07-2.43790e-07
-2.33034e-07-2.01294e-07-1.49109e-07-7.96770e-08 9.43173e-10 8.44690e-08
 1.61821e-07 2.24890e-07 2.68120e-07 2.89294e-07 2.89086e-07 2.69671e-07
 2.33424e-07 1.82644e-07 1.20233e-07 5.04340e-08-2.12623e-08-8.91631e-08
-1.48686e-07-1.97081e-07-2.32925e-07-2.54793e-07-2.60917e-07-2.50378e-07
-2.24237e-07-1.85651e-07-1.39227e-07-8.98636e-08-4.14393e-08 3.95529e-09
 4.59558e-08 8.53559e-08 1.22982e-07 1.58143e-07 1.87684e-07 2.06524e-07
 2.09736e-07 1.95493e-07 1.66905e-07 1.30756e-07 9.35034e-08 5.77854e-08
 2.27303e-08-1.23459e-08-4.52032e-08-7.20471e-08-9.08242e-08-1.02111e-07
-1.07191e-07-1.06592e-07-1.00633e-07-9.02423e-08-7.67392e-08-6.13530e-08
-4.51818e-08-2.92280e-08-1.43017e-08-1.00142e-09 1.02436e-08 1.91964e-08
 2.58182e-08 3.02118e-08 3.25826e-08 3.32165e-08 3.24401e-08 3.05887e-08
 2.79868e-08 2.49243e-08 2.16402e-08 1.83201e-08 1.50965e-08 1.20514e-08
 9.22462e-09 6.62071e-09 4.21824e-09 1.98180e-09-1.27098e-10-2.14168e-09
-4.08310e-09-5.95642e-09-7.74920e-09-9.43208e-09-1.09620e-08-1.22869e-08
-1.33512e-08-1.41005e-08-1.44865e-08-1.44704e-08-1.40268e-08-1.31462e-08
-1.18372e-08-1.01273e-08-8.06116e-09-5.69891e-09-3.11361e-09-3.89484e-10
 2.38101e-09 5.10189e-09 7.67920e-09 1.00254e-08 1.20620e-08 1.37223e-08
 1.49536e-08 1.57193e-08 1.59992e-08 1.57887e-08 1.50983e-08 1.39528e-08
 1.23916e-08 1.04672e-08 8.24249e-09 5.78799e-09 3.17897e-09 4.93327e-10
-2.19007e-09-4.79342e-09-7.24236e-09-9.46823e-09-1.14096e-08-1.30141e-08
-1.42400e-08-1.50578e-08-1.54505e-08-1.54126e-08-1.49487e-08-1.40735e-08
-1.28117e-08-1.11989e-08-9.28177e-09-7.11658e-09-4.76636e-09-2.29826e-09
 2.18758e-10 2.71568e-09 5.12475e-09 7.38063e-09 9.42209e-09 1.11939e-08
 1.26484e-08 1.37461e-08 1.44564e-08 1.47587e-08 1.46438e-08 1.41155e-08
 1.31913e-08 1.19004e-08 1.02811e-08 8.37784e-09 6.24130e-09 3.92815e-09
 1.50155e-09-9.69688e-10-3.41393e-09-5.76060e-09-7.94340e-09-9.90223e-09
-1.15843e-08-1.29442e-08-1.39435e-08-1.45523e-08-1.47509e-08-1.45322e-08
-1.39016e-08-1.28768e-08-1.14862e-08-9.76719e-09-7.76512e-09-5.53397e-09
-3.13522e-09-6.36280e-10 1.89173e-09 4.37765e-09 6.75315e-09 8.95291e-09
 1.09149e-08 1.25830e-08 1.39089e-08 1.48527e-08 1.53843e-08 1.54853e-08
 1.51502e-08 1.43862e-08 1.32131e-08 1.16626e-08 9.77556e-09 7.60181e-09
 5.19953e-09 2.63379e-09-2.52007e-11-2.70351e-09-5.32582e-09-7.81784e-09
-1.01077e-08-1.21280e-08-1.38185e-08-1.51297e-08-1.60234e-08-1.64721e-08
-1.64590e-08-1.59787e-08-1.50391e-08-1.36625e-08-1.18857e-08-9.75654e-09
-7.33232e-09-4.67855e-09-1.86873e-09 1.01695e-09 3.89513e-09 6.68359e-09
 9.30360e-09 1.16803e-08 1.37431e-08 1.54276e-08 1.66793e-08 1.74573e-08
 1.77358e-08 1.75039e-08 1.67642e-08 1.55327e-08 1.38393e-08 1.17285e-08
 9.25774e-09 6.49563e-09 3.51906e-09 4.11177e-10-2.73914e-09-5.83903e-09
-8.79599e-09-1.15218e-08-1.39352e-08-1.59648e-08-1.75496e-08-1.86391e-08
-1.91953e-08-1.91957e-08-1.86352e-08-1.75256e-08-1.58954e-08-1.37885e-08
-1.12626e-08-8.38813e-09-5.24703e-09-1.92965e-09 1.46932e-09 4.85286e-09
 8.12316e-09 1.11842e-08 1.39443e-08 1.63202e-08 1.82401e-08 1.96476e-08
 2.05016e-08 2.07761e-08 2.04610e-08 1.95629e-08 1.81047e-08 1.61258e-08
 1.36813e-08 1.08409e-08 7.68588e-09 4.30696e-09 8.00257e-10-2.73629e-09
-6.20554e-09-9.51243e-09-1.25650e-08-1.52769e-08-1.75717e-08-1.93862e-08
-2.06735e-08-2.14019e-08-2.15544e-08-2.11273e-08-2.01316e-08-1.85942e-08
-1.65577e-08-1.40778e-08-1.12205e-08-8.05997e-09-4.67741e-09-1.16019e-09
 2.40024e-09 5.91173e-09 9.28442e-09 1.24322e-08 1.52736e-08 1.77340e-08
 1.97479e-08 2.12612e-08 2.22334e-08 2.26376e-08 2.24607e-08 2.17022e-08
 2.03747e-08 1.85032e-08 1.61249e-08 1.32884e-08 1.00522e-08 6.48374e-09
 2.65886e-09-1.33731e-09-5.40965e-09-9.45373e-09-1.33579e-08-1.70058e-08
-2.02795e-08-2.30637e-08-2.52505e-08-2.67462e-08-2.74767e-08-2.73929e-08
-2.64740e-08-2.47284e-08-2.21940e-08-1.89353e-08-1.50406e-08-1.06180e-08
-5.79134e-09-6.95975e-10 4.52429e-09 9.71979e-09 1.47372e-08 1.94222e-08
 2.36234e-08 2.71976e-08 3.00160e-08 3.19711e-08 3.29831e-08 3.30048e-08
 3.20251e-08 3.00687e-08 2.71944e-08 2.34899e-08 1.90659e-08 1.40489e-08
 8.57617e-09 2.79113e-09-3.15862e-09-9.12259e-09-1.49480e-08-2.04812e-08
-2.55696e-08-3.00663e-08-3.38353e-08-3.67576e-08-3.87372e-08-3.97043e-08
-3.96174e-08-3.84616e-08-3.62469e-08-3.30055e-08-2.87899e-08-2.36722e-08
-1.77452e-08-1.11242e-08-3.94901e-09 3.61601e-09 1.13845e-08 1.91527e-08
 2.67067e-08 3.38302e-08 4.03129e-08 4.59571e-08 5.05828e-08 5.40305e-08
 5.61630e-08 5.68674e-08 5.60579e-08 5.36804e-08 4.97180e-08 4.41961e-08
 3.71857e-08 2.88049e-08 1.92169e-08 8.62579e-09-2.72933e-09-1.45794e-08
-2.66294e-08-3.85609e-08-5.00346e-08-6.06946e-08-7.01763e-08-7.81181e-08
-8.41765e-08-8.80437e-08-8.94655e-08-8.82582e-08-8.43213e-08-7.76470e-08
-6.83254e-08-5.65479e-08-4.26063e-08-2.68905e-08-9.87952e-09 7.87110e-09
 2.57492e-08 4.31116e-08 5.93154e-08 7.37522e-08 8.58825e-08 9.52666e-08
 1.01589e-07 1.04673e-07 1.04493e-07 1.01169e-07 9.49609e-08 8.62483e-08
 7.54992e-08 6.32298e-08 4.99535e-08 3.61249e-08 2.20926e-08 8.08496e-09
-5.75187e-09-1.92690e-08-3.22272e-08-4.42496e-08-5.48323e-08-6.34061e-08
-6.94387e-08-7.25559e-08-7.26607e-08-7.00148e-08-6.52324e-08-5.91571e-08
-5.26652e-08-4.64886e-08-4.11311e-08-3.68712e-08-3.37935e-08-3.18085e-08
-3.06635e-08-2.99685e-08-2.92490e-08-2.80116e-08-2.58030e-08-2.22507e-08
-1.70885e-08-1.01760e-08-1.51165e-09 8.76439e-09 2.03809e-08 3.29574e-08
 4.60305e-08 5.90786e-08 7.15457e-08 8.28659e-08 9.24905e-08 9.99176e-08
 1.04720e-07 1.06565e-07 1.05233e-07 1.00617e-07 9.27325e-08 8.17107e-08
 6.77981e-08 5.13494e-08 3.28184e-08 1.27463e-08-8.25335e-09-2.95127e-08
-5.03309e-08-6.99990e-08-8.78243e-08-1.03153e-07-1.15393e-07-1.24038e-07
-1.28694e-07-1.29105e-07-1.25180e-07-1.17003e-07-1.04843e-07-8.91459e-08
-7.05233e-08-4.97353e-08-2.76640e-08-5.28218e-09 1.63873e-08 3.63210e-08
 5.35564e-08 6.72666e-08 7.68360e-08 8.19146e-08 8.24334e-08 7.85915e-08
 7.08350e-08 5.98424e-08 4.65112e-08 3.19306e-08 1.73206e-08 3.92528e-09
-7.12359e-09-1.49428e-08-1.90172e-08-1.92989e-08-1.62825e-08-1.10445e-08
-5.23697e-09-1.21603e-09
     0.0000e+00     0.0000e+00      0  0  0.00
     512   1.00000  0.0000e+00
 2.18160e-09-1.04318e-08-2.54230e-08-4.24890e-08-6.11072e-08-8.05284e-08
-9.97852e-08-1.17722e-07-1.33043e-07-1.44388e-07-1.50431e-07-1.50061e-07
-1.42591e-07-1.27863e-07-1.06270e-07-7.87958e-08-4.69062e-08-1.22269e-08
 2.38260e-08 6.02874e-08 9.66246e-08 1.32433e-07 1.67050e-07 1.99304e-07
 2.27515e-07 2.49744e-07 2.64111e-07 2.68939e-07 2.62740e-07 2.44300e-07
 2.13017e-07 1.69269e-07 1.14395e-07 5.03652e-08-2.02608e-08-9.39090e-08
-1.65803e-07-2.30590e-07-2.83293e-07-3.19871e-07-3.37500e-07-3.34921e-07
-3.12689e-07-2.73053e-07-2.19572e-07-1.56604e-07-8.88424e-08-2.10579e-08
 4.20810e-08 9.63476e-08 1.38544e-07 1.67140e-07 1.82464e-07 1.86057e-07
 1.79635e-07 1.64605e-07 1.42520e-07 1.15662e-07 8.67950e-08 5.83161e-08
 3.18476e-08 8.52289e-09-1.07474e-08-2.53979e-08-3.53430e-08-4.08752e-08
-4.25254e-08-4.10046e-08-3.71288e-08-3.17242e-08-2.55723e-08-1.93693e-08
-1.36793e-08-8.90975e-09-5.31290e-09-2.99097e-09-1.91116e-09-1.93333e-09
-2.83860e-09-4.35817e-09-6.20423e-09-8.09667e-09-9.78483e-09-1.10652e-08
-1.17919e-08-1.18804e-08-1.13060e-08-1.00993e-08-8.33780e-09-6.13518e-09
-3.62910e-09-9.69005e-10 1.69501e-09 4.22238e-09 6.49044e-09 8.39992e-09
 9.87813e-09 1.08809e-08 1.13933e-08 1.14274e-08 1.10189e-08 1.02215e-08
 9.10193e-09 7.73494e-09 6.19842e-09 4.56907e-09 2.91913e-09 1.31379e-09
-1.90746e-10-1.54862e-09-2.72491e-09-3.69576e-09-4.44822e-09-4.97937e-09
-5.29447e-09-5.40498e-09-5.32723e-09-5.08141e-09-4.69020e-09-4.17724e-09
-3.56656e-09-2.88302e-09-2.15216e-09-1.39906e-09-6.47010e-10 8.29599e-11
 7.72068e-10 1.40394e-09 1.96480e-09 2.44303e-09 2.82868e-09 3.11355e-09
 3.29183e-09 3.36016e-09 3.31763e-09 3.16625e-09 2.91183e-09 2.56404e-09
 2.13544e-09 1.64026e-09 1.09394e-09 5.12947e-10-8.56219e-11-6.84221e-10
-1.26475e-09-1.80893e-09-2.29947e-09-2.72117e-09-3.06101e-09-3.30800e-09
-3.45373e-09-3.49330e-09-3.42555e-09-3.25253e-09-2.97895e-09-2.61231e-09
-2.16312e-09-1.64460e-09-1.07212e-09-4.62587e-10 1.66360e-10 7.97409e-10
 1.41367e-09 1.99806e-09 2.53318e-09 3.00239e-09 3.39115e-09 3.68807e-09
 3.88522e-09 3.97783e-09 3.96396e-09 3.84432e-09 3.62142e-09 3.29922e-09
 2.88456e-09 2.38814e-09 1.82344e-09 1.20551e-09 5.50937e-10-1.22796e-10
-7.98569e-10-1.45967e-09-2.08953e-09-2.67229e-09-3.19313e-09-3.63820e-09
-3.99523e-09-4.25412e-09-4.40726e-09-4.45028e-09-4.38237e-09-4.20486e-09
-3.92052e-09-3.53499e-09-3.05757e-09-2.49959e-09-1.87331e-09-1.19237e-09
-4.72197e-10 2.70051e-10 1.01579e-09 1.74617e-09 2.44317e-09 3.08965e-09
 3.66926e-09 4.16676e-09 4.56878e-09 4.86441e-09 5.04507e-09 5.10419e-09
 5.03705e-09 4.84150e-09 4.51927e-09 4.07638e-09 3.52181e-09 2.86684e-09
 2.12518e-09 1.31305e-09 4.49163e-10-4.45984e-10-1.35091e-09-2.24320e-09
-3.09970e-09-3.89704e-09-4.61188e-09-5.22217e-09-5.70896e-09-6.05662e-09
-6.25231e-09-6.28632e-09-6.15243e-09-5.84858e-09-5.37764e-09-4.74729e-09
-3.96953e-09-3.06076e-09-2.04221e-09-9.39436e-10 2.18882e-10 1.40182e-09
 2.57704e-09 3.71185e-09 4.77355e-09 5.72933e-09 6.54760e-09 7.20006e-09
 7.66253e-09 7.91566e-09 7.94597e-09 7.74638e-09 7.31620e-09 6.66169e-09
 5.79623e-09 4.73954e-09 3.51734e-09 2.16161e-09 7.09725e-10-7.96689e-10
-2.31261e-09-3.79127e-09-5.18631e-09-6.45309e-09-7.54981e-09-8.43928e-09
-9.09007e-09-9.47693e-09-9.58169e-09-9.39462e-09-8.91577e-09-8.15556e-09
-7.13465e-09-5.88249e-09-4.43540e-09-2.83575e-09-1.13156e-09 6.24213e-10
 2.37521e-09 4.06427e-09 5.63611e-09 7.03941e-09 8.22846e-09 9.16443e-09
 9.81637e-09 1.01629e-08 1.01932e-08 9.90687e-09 9.31439e-09 8.43664e-09
 7.30449e-09 5.95785e-09 4.44374e-09 2.81391e-09 1.12286e-09-5.74289e-10
-2.22365e-09-3.77400e-09-5.17879e-09-6.39828e-09-7.40097e-09-8.16426e-09
-8.67440e-09-8.92592e-09-8.92155e-09-8.67220e-09-8.19614e-09-7.51767e-09
-6.66595e-09-5.67400e-09-4.57787e-09-3.41531e-09-2.22388e-09-1.03898e-09
 1.07807e-10 1.19034e-09 2.18947e-09 3.09433e-09 3.90278e-09 4.62083e-09
 5.26087e-09 5.83883e-09 6.37083e-09 6.86905e-09 7.33753e-09 7.76898e-09
 8.14292e-09 8.42555e-09 8.57189e-09 8.52970e-09 8.24526e-09 7.67038e-09
 6.76950e-09 5.52577e-09 3.94550e-09 2.06029e-09-7.34505e-11-2.37746e-09
-4.75687e-09-7.10712e-09-9.32145e-09-1.12984e-08-1.29482e-08-1.41978e-08
-1.49937e-08-1.53037e-08-1.51167e-08-1.44411e-08-1.33031e-08-1.17442e-08
-9.81868e-09-7.59063e-09-5.13109e-09-2.51469e-09 1.83273e-10 2.88937e-09
 5.53417e-09 8.05381e-09 1.03909e-08 1.24949e-08 1.43220e-08 1.58349e-08
 1.70018e-08 1.77962e-08 1.81965e-08 1.81856e-08 1.77510e-08 1.68863e-08
 1.55919e-08 1.38771e-08 1.17604e-08 9.27099e-09 6.44858e-09 3.34372e-09
 1.78675e-11-3.45696e-09-6.99889e-09-1.05176e-08-1.39166e-08-1.70957e-08
-1.99558e-08-2.24023e-08-2.43500e-08-2.57258e-08-2.64718e-08-2.65477e-08
-2.59320e-08-2.46230e-08-2.26391e-08-2.00175e-08-1.68119e-08-1.30904e-08
-8.93286e-09-4.42863e-09 3.25560e-10 5.22669e-09 1.01663e-08 1.50315e-08
 1.97056e-08 2.40708e-08 2.80094e-08 3.14060e-08 3.41494e-08 3.61349e-08
 3.72676e-08 3.74667e-08 3.66697e-08 3.48367e-08 3.19547e-08 2.80408e-08
 2.31453e-08 1.73531e-08 1.07851e-08 3.59818e-09-4.01501e-09-1.18284e-08
-1.95868e-08-2.70140e-08-3.38220e-08-3.97239e-08-4.44468e-08-4.77472e-08
-4.94270e-08-4.93495e-08-4.74530e-08-4.37589e-08-3.83721e-08-3.14713e-08
-2.32952e-08-1.41310e-08-4.31154e-09 5.78519e-09 1.57405e-08 2.51085e-08
 3.34408e-08 4.03186e-08 4.53916e-08 4.84171e-08 4.92958e-08 4.80898e-08
 4.50097e-08 4.03718e-08 3.45449e-08 2.79066e-08 2.08159e-08 1.35962e-08
 6.52152e-09-1.96104e-10-6.41260e-09-1.20478e-08-1.70726e-08-2.14934e-08
-2.53378e-08-2.86439e-08-3.14511e-08-3.37916e-08-3.56825e-08-3.71224e-08
-3.80908e-08-3.85521e-08-3.84604e-08-3.77649e-08-3.64157e-08-3.43702e-08
-3.15985e-08-2.80876e-08-2.38439e-08-1.88958e-08-1.32953e-08-7.12075e-09
-4.76649e-10 6.50855e-09 1.36857e-08 2.08879e-08 2.79319e-08 3.46204e-08
 4.07458e-08 4.60974e-08 5.04694e-08 5.36708e-08 5.55358e-08 5.59324e-08
 5.47708e-08 5.20092e-08 4.76599e-08 4.17958e-08 3.45568e-08 2.61531e-08
 1.68628e-08 7.02337e-09-2.98049e-09-1.27319e-08-2.17988e-08-2.97550e-08
-3.62061e-08-4.08184e-08-4.33487e-08-4.36703e-08-4.17946e-08-3.78805e-08
-3.22317e-08-2.52806e-08-1.75602e-08-9.66939e-09-2.22853e-09 4.17305e-09
 9.03723e-09 1.20182e-08 1.29764e-08 1.20193e-08 9.52553e-09 6.14916e-09
 2.80011e-09 6.30574e-10
     0.0000e+00     0.0000e+00      0  0  0.00
     512   1.00000  0.0000e+00
 8.49139e-09 9.52349e-09 9.48116e-09 8.17085e-09 5.47968e-09 1.40131e-09
-3.94143e-09-1.02801e-08-1.71934e-08-2.41131e-08-3.03356e-08-3.50050e-08
-3.70864e-08-3.54702e-08-2.92655e-08-1.81220e-08-2.40263e-09 1.68573e-08
 3.81412e-08 5.96886e-08 7.97628e-08 9.68827e-08 1.09843e-07 1.17502e-07
 1.18573e-07 1.11717e-07 9.59389e-08 7.09520e-08 3.72601e-08-3.91833e-09
-5.06273e-08-1.00095e-07-1.48818e-07-1.92694e-07-2.27107e-07-2.47231e-07
-2.48819e-07-2.29134e-07-1.87567e-07-1.26112e-07-4.99159e-08 3.27664e-08
 1.11685e-07 1.76423e-07 2.18732e-07 2.34799e-07 2.26305e-07 1.99617e-07
 1.63150e-07 1.23875e-07 8.50260e-08 4.66080e-08 8.37272e-09-2.74394e-08
-5.64506e-08-7.52831e-08-8.39767e-08-8.49968e-08-8.04796e-08-7.12499e-08
-5.80621e-08-4.25497e-08-2.66275e-08-1.17008e-08 1.29435e-09 1.16465e-08
 1.89220e-08 2.30193e-08 2.40814e-08 2.24544e-08 1.86692e-08 1.33484e-08
 7.12694e-09 6.23797e-10-5.59975e-09-1.10834e-08-1.54824e-08-1.85737e-08
-2.02592e-08-2.05512e-08-1.95533e-08-1.74441e-08-1.44544e-08-1.08444e-08
-6.88325e-09-2.82907e-09 1.08799e-09 4.67611e-09 7.78775e-09 1.03222e-08
 1.22245e-08 1.34821e-08 1.41188e-08 1.41860e-08 1.37555e-08 1.29122e-08
 1.17469e-08 1.03497e-08 8.80361e-09 7.18147e-09 5.54399e-09 3.93971e-09
 2.40554e-09 9.67865e-10-3.56013e-10-1.55666e-09-2.63092e-09-3.57961e-09
-4.40482e-09-5.10820e-09-5.69035e-09-6.15068e-09-6.48718e-09-6.69654e-09
-6.77523e-09-6.72047e-09-6.53058e-09-6.20510e-09-5.74567e-09-5.15736e-09
-4.44962e-09-3.63645e-09-2.73616e-09-1.77071e-09-7.64627e-10 2.56206e-10
 1.26513e-09 2.23490e-09 3.13835e-09 3.94967e-09 4.64565e-09 5.20660e-09
 5.61694e-09 5.86595e-09 5.94798e-09 5.86213e-09 5.61172e-09 5.20436e-09
 4.65255e-09 3.97377e-09 3.18947e-09 2.32364e-09 1.40183e-09 4.50653e-10
-5.02877e-10-1.43209e-09-2.31123e-09-3.11597e-09-3.82412e-09-4.41662e-09
-4.87821e-09-5.19756e-09-5.36714e-09-5.38324e-09-5.24633e-09-4.96129e-09
-4.53744e-09-3.98821e-09-3.33034e-09-2.58306e-09-1.76739e-09-9.05772e-10
-2.19392e-11 8.59373e-10 1.71318e-09 2.51527e-09 3.24320e-09 3.87705e-09
 4.39986e-09 4.79778e-09 5.06001e-09 5.17921e-09 5.15222e-09 4.98031e-09
 4.66902e-09 4.22779e-09 3.66962e-09 3.01043e-09 2.26854e-09 1.46455e-09
 6.21198e-10-2.37226e-10-1.08588e-09-1.90070e-09-2.65936e-09-3.34149e-09
-3.92822e-09-4.40266e-09-4.75114e-09-4.96453e-09-5.03843e-09-4.97237e-09
-4.76886e-09-4.43361e-09-3.97651e-09-3.41194e-09-2.75759e-09-2.03260e-09
-1.25666e-09-4.50400e-10 3.63940e-10 1.16287e-09 1.92366e-09 2.62627e-09
 3.25332e-09 3.78875e-09 4.21768e-09 4.52789e-09 4.71171e-09 4.76632e-09
 4.69217e-09 4.49163e-09 4.16940e-09 3.73390e-09 3.19815e-09 2.57876e-09
 1.89374e-09 1.16102e-09 3.99025e-10-3.71954e-10-1.12980e-09-1.85276e-09
-2.52185e-09-3.12103e-09-3.63560e-09-4.05149e-09-4.35638e-09-4.54168e-09
-4.60352e-09-4.54188e-09-4.35911e-09-4.05966e-09-3.65079e-09-3.14332e-09
-2.55157e-09-1.89200e-09-1.18193e-09-4.39204e-10 3.17338e-10 1.06777e-09
 1.79205e-09 2.47129e-09 3.08829e-09 3.62756e-09 4.07536e-09 4.41995e-09
 4.65186e-09 4.76438e-09 4.75390e-09 4.61999e-09 4.36540e-09 3.99567e-09
 3.51873e-09 2.94489e-09 2.28719e-09 1.56124e-09 7.84289e-10-2.54585e-11
-8.49182e-10-1.66736e-09-2.45945e-09-3.20429e-09-3.88164e-09-4.47348e-09
-4.96382e-09-5.33787e-09-5.58183e-09-5.68418e-09-5.63750e-09-5.43909e-09
-5.09009e-09-4.59419e-09-3.95791e-09-3.19216e-09-2.31344e-09-1.34302e-09
-3.04789e-10 7.75920e-10 1.87187e-09 2.95272e-09 3.98517e-09 4.93545e-09
 5.77217e-09 6.46728e-09 6.99538e-09 7.33304e-09 7.46028e-09 7.36351e-09
 7.03737e-09 6.48442e-09 5.71399e-09 4.74179e-09 3.59097e-09 2.29329e-09
 8.88376e-10-5.78703e-10-2.06011e-09-3.50700e-09-4.87038e-09-6.10260e-09
-7.15993e-09-8.00523e-09-8.60953e-09-8.95221e-09-9.02041e-09-8.80852e-09
-8.31800e-09-7.55727e-09-6.54135e-09-5.29157e-09-3.83605e-09-2.21068e-09
-4.60602e-10 1.35878e-09 3.18184e-09 4.93442e-09 6.53728e-09 7.91126e-09
 8.98396e-09 9.69720e-09 1.00143e-08 9.92560e-09 9.45144e-09 8.64095e-09
 7.56709e-09 6.31770e-09 4.98411e-09 3.64880e-09 2.37455e-09 1.19687e-09
 1.21305e-10-8.74086e-10-1.83104e-09-2.79946e-09-3.82418e-09-4.93284e-09
-6.12704e-09-7.37878e-09-8.63216e-09-9.81016e-09-1.08248e-08-1.15886e-08
-1.20252e-08-1.20765e-08-1.17071e-08-1.09040e-08-9.67429e-09-8.04113e-09
-6.04074e-09-3.72036e-09-1.13802e-09 1.63649e-09 4.52070e-09 7.41983e-09
 1.02296e-08 1.28421e-08 1.51532e-08 1.70708e-08 1.85218e-08 1.94563e-08
 1.98481e-08 1.96914e-08 1.89957e-08 1.77794e-08 1.60657e-08 1.38809e-08
 1.12554e-08 8.22776e-09 4.84850e-09 1.18388e-09-2.68348e-09-6.65670e-09
-1.06294e-08-1.44915e-08-1.81349e-08-2.14571e-08-2.43623e-08-2.67611e-08
-2.85699e-08-2.97109e-08-3.01150e-08-2.97279e-08-2.85172e-08-2.64806e-08
-2.36515e-08-2.01009e-08-1.59351e-08-1.12884e-08-6.31502e-09-1.17900e-09
 3.95372e-09 8.92235e-09 1.35768e-08 1.77837e-08 2.14328e-08 2.44463e-08
 2.67873e-08 2.84681e-08 2.95538e-08 3.01598e-08 3.04426e-08 3.05834e-08
 3.07675e-08 3.11615e-08 3.18905e-08 3.30190e-08 3.45341e-08 3.63341e-08
 3.82207e-08 3.98970e-08 4.09723e-08 4.09778e-08 3.93932e-08 3.56872e-08
 2.93695e-08 2.00518e-08 7.51140e-09-8.24883e-09-2.69509e-08-4.80096e-08
-7.05213e-08-9.32780e-08-1.14810e-07-1.33458e-07-1.47490e-07-1.55253e-07
-1.55382e-07-1.47024e-07-1.30027e-07-1.05047e-07-7.35346e-08-3.75991e-08
 2.22295e-10 3.72701e-08 7.10870e-08 9.97024e-08 1.21809e-07 1.36787e-07
 1.44601e-07 1.45652e-07 1.40653e-07 1.30549e-07 1.16442e-07 9.94998e-08
 8.08627e-08 6.15636e-08 4.24853e-08 2.43445e-08 7.68850e-09-7.10380e-09
-1.98168e-08-3.03826e-08-3.88560e-08-4.53854e-08-5.01851e-08-5.35100e-08
-5.56287e-08-5.67949e-08-5.72202e-08-5.70543e-08-5.63784e-08-5.52103e-08
-5.35186e-08-5.12395e-08-4.82939e-08-4.46027e-08-4.01003e-08-3.47462e-08
-2.85344e-08-2.15000e-08-1.37243e-08-5.33676e-09 3.48576e-09 1.25238e-08
 2.15225e-08 3.02000e-08 3.82569e-08 4.53869e-08 5.12903e-08 5.56910e-08
 5.83564e-08 5.91189e-08 5.78940e-08 5.46911e-08 4.96148e-08 4.28590e-08
 3.46959e-08 2.54642e-08 1.55569e-08 5.40950e-09-4.51572e-09-1.37487e-08
-2.18372e-08-2.83794e-08-3.30618e-08-3.56927e-08-3.62201e-08-3.47337e-08
-3.14536e-08-2.67134e-08-2.09416e-08-1.46395e-08-8.34936e-09-2.60840e-09
 2.10676e-09 5.43608e-09 7.18494e-09 7.36179e-09 6.20110e-09 4.16899e-09
 1.95082e-09 4.46962e-10
     0.0000e+00     0.0000e+00      0  0  0.00
     512   1.00000  0.0000e+00
 9.70883e-09 3.03505e-08 5.42388e-08 8.05464e-08 1.08081e-07 1.35305e-07
 1.60384e-07 1.81275e-07 1.95846e-07 2.02026e-07 1.97999e-07 1.82454e-07
 1.54864e-07 1.15668e-07 6.64255e-08 9.94879e-09-4.99153e-08-1.08917e-07
-1.63156e-07-2.09720e-07-2.46966e-07-2.74266e-07-2.91425e-07-2.98097e-07
-2.93596e-07-2.77280e-07-2.49126e-07-2.09969e-07-1.61286e-07-1.04981e-07
-4.36130e-08 1.92989e-08 7.98850e-08 1.35199e-07 1.83446e-07 2.22713e-07
 2.50179e-07 2.63374e-07 2.61995e-07 2.48129e-07 2.25237e-07 1.97137e-07
 1.67083e-07 1.36764e-07 1.05777e-07 7.20977e-08 3.35793e-08-9.90996e-09
-5.49971e-08-9.54579e-08-1.25127e-07-1.41402e-07-1.46541e-07-1.45134e-07
-1.39898e-07-1.30115e-07-1.14236e-07-9.31680e-08-7.01335e-08-4.78793e-08
-2.72963e-08-8.60585e-09 7.49866e-09 2.02448e-08 2.93940e-08 3.51052e-08
 3.76721e-08 3.75431e-08 3.52940e-08 3.15051e-08 2.67478e-08 2.15848e-08
 1.64992e-08 1.18603e-08 7.93687e-09 4.89106e-09 2.77793e-09 1.56931e-09
 1.16860e-09 1.42357e-09 2.15093e-09 3.15693e-09 4.25312e-09 5.27384e-09
 6.08662e-09 6.59491e-09 6.74039e-09 6.50313e-09 5.89816e-09 4.97015e-09
 3.78542e-09 2.42328e-09 9.68444e-10-4.95790e-10-1.89307e-09-3.15670e-09
-4.23166e-09-5.07774e-09-5.67247e-09-6.01225e-09-6.11012e-09-5.99141e-09
-5.68950e-09-5.24268e-09-4.69112e-09-4.07417e-09-3.42826e-09-2.78581e-09
-2.17468e-09-1.61750e-09-1.13042e-09-7.21784e-10-3.91725e-10-1.33720e-10
 6.25383e-11 2.08554e-10 3.15866e-10 3.95553e-10 4.57254e-10 5.08366e-10
 5.54944e-10 6.03754e-10 6.62984e-10 7.40405e-10 8.40633e-10 9.63776e-10
 1.10576e-09 1.25928e-09 1.41495e-09 1.56294e-09 1.69450e-09 1.80286e-09
 1.88370e-09 1.93526e-09 1.95758e-09 1.95052e-09 1.91175e-09 1.83649e-09
 1.71932e-09 1.55684e-09 1.34945e-09 1.10165e-09 8.20800e-10 5.15041e-10
 1.91581e-10-1.43390e-10-4.83470e-10-8.21256e-10-1.14897e-09-1.45936e-09
-1.74555e-09-2.00036e-09-2.21617e-09-2.38578e-09-2.50358e-09-2.56581e-09
-2.56984e-09-2.51327e-09-2.39416e-09-2.21252e-09-1.97208e-09-1.68067e-09
-1.34821e-09-9.83875e-10-5.94827e-10-1.87148e-10 2.32229e-10 6.53673e-10
 1.06431e-09 1.44957e-09 1.79565e-09 2.09130e-09 2.32938e-09 2.50668e-09
 2.62146e-09 2.67102e-09 2.65225e-09 2.56307e-09 2.40320e-09 2.17555e-09
 1.88739e-09 1.54927e-09 1.17308e-09 7.71326e-10 3.56232e-10-6.13071e-11
-4.71318e-10-8.63835e-10-1.22846e-09-1.55383e-09-1.82825e-09-2.04257e-09
-2.19185e-09-2.27351e-09-2.28583e-09-2.22949e-09-2.10894e-09-1.93149e-09
-1.70581e-09-1.44042e-09-1.14307e-09-8.21909e-10-4.86732e-10-1.48415e-10
 1.82025e-10 4.93564e-10 7.75296e-10 1.01745e-09 1.21296e-09 1.35835e-09
 1.45317e-09 1.49852e-09 1.49553e-09 1.44562e-09 1.35182e-09 1.21916e-09
 1.05396e-09 8.63641e-10 6.56793e-10 4.43252e-10 2.33421e-10 3.65230e-11
-1.40567e-10-2.93328e-10-4.19181e-10-5.16120e-10-5.81543e-10-6.13310e-10
-6.11419e-10-5.78347e-10-5.18771e-10-4.39078e-10-3.46581e-10-2.49086e-10
-1.54510e-10-6.98123e-11 1.27485e-13 5.23318e-11 8.44497e-11 9.41346e-11
 7.92006e-11 3.79731e-11-2.91561e-11-1.18042e-10-2.21543e-10-3.31355e-10
-4.38761e-10-5.35391e-10-6.14247e-10-6.69516e-10-6.95824e-10-6.88475e-10
-6.43844e-10-5.59225e-10-4.33485e-10-2.68277e-10-6.81364e-11 1.59736e-10
 4.05156e-10 6.55749e-10 8.98799e-10 1.12243e-09 1.31624e-09 1.47146e-09
 1.57960e-09 1.63094e-09 1.61551e-09 1.52617e-09 1.36155e-09 1.12659e-09
 8.31134e-10 4.86958e-10 1.05565e-10-3.01158e-10-7.18942e-10-1.13025e-09
-1.51509e-09-1.85308e-09-2.12548e-09-2.31675e-09-2.41575e-09-2.41597e-09
-2.31490e-09-2.11392e-09-1.81816e-09-1.43653e-09-9.82343e-10-4.73698e-10
 6.72527e-11 6.15896e-10 1.14724e-09 1.63748e-09 2.06478e-09 2.41030e-09
 2.65883e-09 2.79850e-09 2.82122e-09 2.72386e-09 2.50932e-09 2.18694e-09
 1.77128e-09 1.28042e-09 7.35651e-10 1.61979e-10-4.12225e-10-9.56936e-10
-1.44265e-09-1.84187e-09-2.13027e-09-2.28879e-09-2.30636e-09-2.18204e-09
-1.92594e-09-1.55884e-09-1.11119e-09-6.21292e-10-1.32153e-10 3.12641e-10
 6.73418e-10 9.18349e-10 1.02638e-09 9.89357e-10 8.12641e-10 5.13701e-10
 1.19157e-10-3.38696e-10-8.25333e-10-1.30690e-09-1.75245e-09-2.13523e-09
-2.43268e-09-2.62543e-09-2.69619e-09-2.62916e-09-2.41090e-09-2.03222e-09
-1.49095e-09-7.94653e-10 3.74202e-11 9.74000e-10 1.97324e-09 2.98594e-09
 3.96020e-09 4.84656e-09 5.60270e-09 6.19653e-09 6.60772e-09 6.82739e-09
 6.85618e-09 6.70097e-09 6.37132e-09 5.87647e-09 5.22434e-09 4.42244e-09
 3.48002e-09 2.41039e-09 1.23213e-09-3.13438e-11-1.35414e-09-2.71137e-09
-4.08253e-09-5.45344e-09-6.81542e-09-8.16162e-09-9.48174e-09-1.07569e-08
-1.19560e-08-1.30348e-08-1.39375e-08-1.45998e-08-1.49551e-08-1.49414e-08
-1.45079e-08-1.36201e-08-1.22632e-08-1.04437e-08-8.18830e-09-5.54304e-09
-2.57107e-09 6.49161e-10 4.02553e-09 7.45374e-09 1.08203e-08 1.40083e-08
 1.69066e-08 1.94193e-08 2.14748e-08 2.30311e-08 2.40760e-08 2.46256e-08
 2.47182e-08 2.44102e-08 2.37713e-08 2.28827e-08 2.18355e-08 2.07276e-08
 1.96572e-08 1.87107e-08 1.79480e-08 1.73874e-08 1.69922e-08 1.66610e-08
 1.62237e-08 1.54436e-08 1.40273e-08 1.16435e-08 7.94753e-09 2.61372e-09
-4.62833e-09-1.39536e-08-2.54009e-08-3.88361e-08-5.39227e-08-7.01048e-08
-8.66043e-08-1.02437e-07-1.16454e-07-1.27399e-07-1.34000e-07-1.35068e-07
-1.29608e-07-1.16934e-07-9.67777e-08-6.93938e-08-3.56436e-08 2.94986e-09
 4.42145e-08 8.54520e-08 1.23687e-07 1.56004e-07 1.79913e-07 1.93669e-07
 1.96493e-07 1.88659e-07 1.71419e-07 1.46767e-07 1.17109e-07 8.48968e-08
 5.23744e-08 2.14443e-08-6.36803e-09-2.99339e-08-4.85498e-08-6.19511e-08
-7.02794e-08-7.40023e-08-7.38104e-08-7.05239e-08-6.50147e-08-5.81425e-08
-5.06948e-08-4.33352e-08-3.65709e-08-3.07442e-08-2.60446e-08-2.25298e-08
-2.01476e-08-1.87581e-08-1.81578e-08-1.81048e-08-1.83422e-08-1.86157e-08
-1.86857e-08-1.83377e-08-1.73932e-08-1.57188e-08-1.32330e-08-9.91018e-09
-5.78409e-09-9.51452e-10 4.42942e-09 1.01480e-08 1.59591e-08 2.16021e-08
 2.68167e-08 3.13513e-08 3.49664e-08 3.74379e-08 3.85642e-08 3.81807e-08
 3.61805e-08 3.25398e-08 2.73376e-08 2.07651e-08 1.31233e-08 4.81167e-09
-3.68549e-09-1.18187e-08-1.90029e-08-2.46625e-08-2.82907e-08-2.95230e-08
-2.82272e-08-2.45836e-08-1.91103e-08-1.25980e-08-5.96273e-09-5.94951e-11
 4.48191e-09 7.35221e-09 8.56701e-09 8.39227e-09 7.23110e-09 5.51940e-09
 3.65360e-09 1.94733e-09 6.10009e-10-2.55202e-10-6.41208e-10-6.24747e-10
-3.57468e-10-9.22705e-11
     0.0000e+00     0.0000e+00      0  0  0.00
     512   1.00000  0.0000e+00
-3.92552e-08-3.04545e-08-1.75577e-08-8.98725e-10 1.88042e-08 4.04364e-08
 6.25065e-08 8.32028e-08 1.00489e-07 1.12236e-07 1.16397e-07 1.11287e-07
 9.59644e-08 7.05217e-08 3.61503e-08-4.90866e-09-4.95053e-08-9.39770e-08
-1.34740e-07-1.68791e-07-1.93951e-07-2.08829e-07-2.12502e-07-2.04195e-07
-1.83295e-07-1.49748e-07-1.04467e-07-4.94664e-08 1.23729e-08 7.76264e-08
 1.42510e-07 2.03000e-07 2.55065e-07 2.94866e-07 3.18816e-07 3.23707e-07
 3.07209e-07 2.68575e-07 2.09208e-07 1.32872e-07 4.55321e-08-4.51494e-08
-1.30712e-07-2.03130e-07-2.56120e-07-2.86205e-07-2.93155e-07-2.79582e-07
-2.49824e-07-2.08599e-07-1.60045e-07-1.07571e-07-5.43312e-08-3.67322e-09
 4.10610e-08 7.72676e-08 1.03652e-07 1.20129e-07 1.27299e-07 1.26092e-07
 1.17771e-07 1.03956e-07 8.64613e-08 6.70475e-08 4.72866e-08 2.85026e-08
 1.17276e-08-2.32467e-09-1.32518e-08-2.09392e-08-2.55235e-08-2.73391e-08
-2.68571e-08-2.46281e-08-2.12271e-08-1.72057e-08-1.30533e-08-9.17004e-09
-5.85029e-09-3.27852e-09-1.53452e-09-6.05496e-10-4.03137e-10-7.84026e-10
-1.57134e-09-2.57581e-09-3.61405e-09-4.52331e-09-5.17267e-09-5.47027e-09
-5.36623e-09-4.85184e-09-3.95600e-09-2.73948e-09-1.28705e-09 3.01493e-10
 1.92015e-09 3.46479e-09 4.84040e-09 5.96728e-09 6.78517e-09 7.25515e-09
 7.36007e-09 7.10412e-09 6.51127e-09 5.62213e-09 4.49007e-09 3.17735e-09
 1.75132e-09 2.80493e-10-1.16918e-09-2.53724e-09-3.77063e-09-4.82525e-09
-5.66718e-09-6.27330e-09-6.63107e-09-6.73798e-09-6.60085e-09-6.23491e-09
-5.66230e-09-4.91033e-09-4.01016e-09-2.99578e-09-1.90295e-09-7.67869e-10
 3.74013e-10 1.48874e-09 2.54450e-09 3.51248e-09 4.36740e-09 5.08773e-09
 5.65570e-09 6.05770e-09 6.28473e-09 6.33258e-09 6.20183e-09 5.89772e-09
 5.43007e-09 4.81276e-09 4.06320e-09 3.20204e-09 2.25287e-09 1.24178e-09
 1.96468e-10-8.54460e-10-1.88222e-09-2.85859e-09-3.75664e-09-4.55148e-09
-5.22088e-09-5.74585e-09-6.11133e-09-6.30674e-09-6.32630e-09-6.16899e-09
-5.83856e-09-5.34342e-09-4.69662e-09-3.91557e-09-3.02168e-09-2.03954e-09
-9.96179e-10 7.96081e-11 1.15809e-09 2.20961e-09 3.20500e-09 4.11611e-09
 4.91687e-09 5.58439e-09 6.09940e-09 6.44679e-09 6.61617e-09 6.60181e-09
 6.40261e-09 6.02273e-09 5.47152e-09 4.76291e-09 3.91519e-09 2.95084e-09
 1.89538e-09 7.76786e-10-3.74432e-10-1.52640e-09-2.64755e-09-3.70687e-09
-4.67400e-09-5.52069e-09-6.22219e-09-6.75757e-09-7.11009e-09-7.26782e-09
-7.22355e-09-6.97516e-09-6.52677e-09-5.88882e-09-5.07699e-09-4.11154e-09
-3.01720e-09-1.82288e-09-5.61389e-10 7.31257e-10 2.01792e-09 3.26229e-09
 4.42920e-09 5.48420e-09 6.39445e-09 7.13099e-09 7.67027e-09 7.99471e-09
 8.09277e-09 7.95846e-09 7.59158e-09 6.99898e-09 6.19529e-09 5.20205e-09
 4.04616e-09 2.75872e-09 1.37470e-09-6.67091e-11-1.52313e-09-2.95112e-09
-4.30809e-09-5.55364e-09-6.65012e-09-7.56296e-09-8.26202e-09-8.72339e-09
-8.93046e-09-8.87422e-09-8.55306e-09-7.97279e-09-7.14698e-09-6.09703e-09
-4.85166e-09-3.44622e-09-1.92122e-09-3.20662e-10 1.30847e-09 2.91707e-09
 4.45607e-09 5.87798e-09 7.13785e-09 8.19534e-09 9.01630e-09 9.57297e-09
 9.84495e-09 9.82066e-09 9.49769e-09 8.88278e-09 7.99206e-09 6.85034e-09
 5.48990e-09 3.95002e-09 2.27661e-09 5.20656e-10-1.26401e-09-3.02267e-09
-4.70128e-09-6.24790e-09-7.61399e-09-8.75590e-09-9.63710e-09-1.02301e-08
-1.05168e-08-1.04878e-08-1.01433e-08-9.49362e-09-8.55916e-09-7.37006e-09
-5.96439e-09-4.38591e-09-2.68278e-09-9.07228e-10 8.85788e-10 2.64100e-09
 4.30559e-09 5.83123e-09 7.17495e-09 8.29963e-09 9.17502e-09 9.77918e-09
 1.00998e-08 1.01342e-08 9.88840e-09 9.37573e-09 8.61683e-09 7.63911e-09
 6.47585e-09 5.16440e-09 3.74404e-09 2.25435e-09 7.34451e-10-7.77713e-10
-2.24612e-09-3.63793e-09-4.92444e-09-6.08091e-09-7.08601e-09-7.92160e-09
-8.57262e-09-9.02722e-09-9.27722e-09-9.31793e-09-9.14814e-09-8.77055e-09
-8.19222e-09-7.42479e-09-6.48427e-09-5.39019e-09-4.16425e-09-2.82926e-09
-1.40794e-09 7.81146e-11 1.60874e-09 3.16484e-09 4.72710e-09 6.27352e-09
 7.77647e-09 9.19999e-09 1.04977e-08 1.16120e-08 1.24761e-08 1.30174e-08
 1.31640e-08 1.28526e-08 1.20376e-08 1.06996e-08 8.85165e-09 6.54333e-09
 3.85974e-09 9.16992e-10-2.14630e-09-5.18049e-09-8.03737e-09-1.05822e-08
-1.27039e-08-1.43215e-08-1.53870e-08-1.58846e-08-1.58263e-08-1.52467e-08
-1.41959e-08-1.27348e-08-1.09295e-08-8.84930e-09-6.56423e-09-4.14444e-09
-1.65914e-09 8.24646e-10 3.24388e-09 5.54150e-09 7.66799e-09 9.58245e-09
 1.12522e-08 1.26512e-08 1.37578e-08 1.45522e-08 1.50147e-08 1.51254e-08
 1.48652e-08 1.42190e-08 1.31797e-08 1.17511e-08 9.95161e-09 7.81481e-09
 5.38876e-09 2.73358e-09-8.19700e-11-2.98393e-09-5.89609e-09-8.74205e-09
-1.14463e-08-1.39350e-08-1.61372e-08-1.79859e-08-1.94209e-08-2.03911e-08
-2.08572e-08-2.07930e-08-2.01855e-08-1.90333e-08-1.73439e-08-1.51311e-08
-1.24127e-08-9.20970e-09-5.54802e-09-1.46108e-09 3.00623e-09 7.79340e-09
 1.28207e-08 1.79866e-08 2.31660e-08 2.82096e-08 3.29438e-08 3.71713e-08
 4.06735e-08 4.32150e-08 4.45512e-08 4.44402e-08 4.26592e-08 3.90234e-08
 3.34081e-08 2.57695e-08 1.61649e-08 4.76797e-09-8.12103e-09-2.20721e-08
-3.65299e-08-5.08270e-08-6.42069e-08-7.58579e-08-8.49569e-08-9.07233e-08
-9.24791e-08-8.97126e-08-8.21394e-08-6.97548e-08-5.28729e-08-3.21451e-08
-8.55391e-09 1.66196e-08 4.18592e-08 6.55063e-08 8.58819e-08 1.01432e-07
 1.10886e-07 1.13409e-07 1.08724e-07 9.71674e-08 7.96875e-08 5.77496e-08
 3.31820e-08 7.97456e-09-1.59383e-08-3.68746e-08-5.35481e-08-6.51406e-08
-7.13055e-08-7.21258e-08-6.80486e-08-5.98103e-08-4.83552e-08-3.47488e-08
-2.00910e-08-5.43792e-09 8.26085e-09 2.02073e-08 2.97854e-08 3.65774e-08
 4.03695e-08 4.11439e-08 3.90611e-08 3.44337e-08 2.76944e-08 1.93617e-08
 1.00021e-08 1.93028e-10-9.51233e-09-1.86144e-08-2.66886e-08-3.33980e-08
-3.84979e-08-4.18355e-08-4.33445e-08-4.30382e-08-4.09999e-08-3.73722e-08
-3.23473e-08-2.61552e-08-1.90541e-08-1.13203e-08-3.23884e-09 4.90435e-09
 1.28300e-08 2.02728e-08 2.69889e-08 3.27620e-08 3.74088e-08 4.07835e-08
 4.27801e-08 4.33348e-08 4.24281e-08 4.00885e-08 3.63962e-08 3.14867e-08
 2.55521e-08 1.88375e-08 1.16337e-08 4.26405e-09-2.93242e-09-9.62073e-09
-1.54921e-08-2.02851e-08-2.38004e-08-2.59073e-08-2.65470e-08-2.57367e-08
-2.35772e-08-2.02605e-08-1.60698e-08-1.13675e-08-6.56854e-09-2.10108e-09
 1.63828e-09 4.33213e-09 5.78884e-09 5.98235e-09 5.07825e-09 3.44124e-09
 1.62335e-09 3.74605e-10
     0.0000e+00     0.0000e+00      0  0  0.00
     512   1.00000  0.0000e+00
 1.01912e-08 1.73812e-08 2.56208e-08 3.47444e-08 4.44778e-08 5.44354e-08
 6.41255e-08 7.29646e-08 8.03025e-08 8.54563e-08 8.77653e-08 8.67096e-08
 8.20513e-08 7.38456e-08 6.23463e-08 4.79493e-08 3.10997e-08 1.21042e-08
-9.01974e-09-3.25327e-08-5.87405e-08-8.76186e-08-1.18522e-07-1.50127e-07
-1.80554e-07-2.07591e-07-2.28874e-07-2.41970e-07-2.44451e-07-2.34124e-07
-2.09395e-07-1.69629e-07-1.15371e-07-4.84411e-08 2.80202e-08 1.09584e-07
 1.90699e-07 2.65045e-07 3.26053e-07 3.67574e-07 3.84737e-07 3.74911e-07
 3.38428e-07 2.78816e-07 2.02395e-07 1.17231e-07 3.16671e-08-4.71372e-08
-1.14203e-07-1.66890e-07-2.04267e-07-2.26237e-07-2.33055e-07-2.25554e-07
-2.05632e-07-1.76325e-07-1.41190e-07-1.03517e-07-6.59881e-08-3.08127e-08
 1.61922e-10 2.55716e-08 4.46849e-08 5.73698e-08 6.39618e-08 6.51525e-08
 6.18937e-08 5.52854e-08 4.64704e-08 3.65488e-08 2.65040e-08 1.71463e-08
 9.08470e-09 2.71610e-09-1.76968e-09-4.36963e-09-5.23621e-09-4.64037e-09
-2.93046e-09-4.91422e-10 2.29139e-09 5.06247e-09 7.51980e-09 9.43087e-09
 1.06409e-08 1.10735e-08 1.07254e-08 9.65658e-09 7.97717e-09 5.83285e-09
 3.38938e-09 8.18439e-10-1.71497e-09-4.06343e-09-6.10566e-09-7.75177e-09
-8.94532e-09-9.66296e-09-9.91213e-09-9.72670e-09-9.16116e-09-8.28440e-09
-7.17380e-09-5.90961e-09-4.56975e-09-3.22549e-09-1.93855e-09-7.59071e-10
 2.75729e-10 1.14179e-09 1.82715e-09 2.33019e-09 2.65816e-09 2.82567e-09
 2.85275e-09 2.76274e-09 2.58053e-09 2.33124e-09 2.03878e-09 1.72431e-09
 1.40542e-09 1.09625e-09 8.07724e-10 5.47529e-10 3.20388e-10 1.28846e-10
-2.59573e-11-1.44174e-10-2.27303e-10-2.77650e-10-2.97666e-10-2.90041e-10
-2.58225e-10-2.06386e-10-1.38735e-10-5.91802e-11 2.83624e-11 1.19874e-10
 2.11644e-10 3.00387e-10 3.82690e-10 4.54644e-10 5.12307e-10 5.52317e-10
 5.71832e-10 5.68356e-10 5.40173e-10 4.86828e-10 4.08946e-10 3.07804e-10
 1.85497e-10 4.54858e-11-1.07524e-10-2.68367e-10-4.31813e-10-5.92379e-10
-7.44309e-10-8.82117e-10-1.00093e-09-1.09611e-09-1.16316e-09-1.19856e-09
-1.20024e-09-1.16737e-09-1.10004e-09-9.99460e-10-8.68222e-10-7.10135e-10
-5.29749e-10-3.32074e-10-1.22796e-10 9.15514e-11 3.04416e-10 5.10004e-10
 7.02599e-10 8.76132e-10 1.02539e-09 1.14669e-09 1.23711e-09 1.29426e-09
 1.31694e-09 1.30506e-09 1.25930e-09 1.18150e-09 1.07476e-09 9.43002e-10
 7.90801e-10 6.23177e-10 4.45104e-10 2.61794e-10 7.89085e-11-9.85292e-11
-2.66691e-10-4.21766e-10-5.59508e-10-6.76599e-10-7.71362e-10-8.43066e-10
-8.91526e-10-9.17169e-10-9.21028e-10-9.05018e-10-8.72116e-10-8.25856e-10
-7.69524e-10-7.05721e-10-6.36667e-10-5.64841e-10-4.93041e-10-4.23652e-10
-3.57712e-10-2.94844e-10-2.34450e-10-1.76356e-10-1.19895e-10-6.32911e-11
-4.03716e-12 6.04329e-11 1.31921e-10 2.11377e-10 2.99454e-10 3.96474e-10
 5.02327e-10 6.16180e-10 7.35498e-10 8.56248e-10 9.74150e-10 1.08472e-09
 1.18279e-09 1.26260e-09 1.31797e-09 1.34292e-09 1.33257e-09 1.28311e-09
 1.19132e-09 1.05485e-09 8.73018e-10 6.47041e-10 3.80050e-10 7.72543e-11
-2.54144e-10-6.05529e-10-9.66887e-10-1.32639e-09-1.67107e-09-1.98793e-09
-2.26418e-09-2.48718e-09-2.64516e-09-2.72782e-09-2.72673e-09-2.63628e-09
-2.45426e-09-2.18132e-09-1.82116e-09-1.38122e-09-8.72541e-10-3.09262e-10
 2.91472e-10 9.10313e-10 1.52669e-09 2.11882e-09 2.66403e-09 3.14023e-09
 3.52747e-09 3.80864e-09 3.96989e-09 4.00098e-09 3.89576e-09 3.65295e-09
 3.27705e-09 2.77815e-09 2.17112e-09 1.47508e-09 7.13033e-10-8.84812e-11
-9.00137e-10-1.69145e-09-2.43249e-09-3.09490e-09-3.65272e-09-4.08303e-09
-4.36710e-09-4.49225e-09-4.45286e-09-4.25009e-09-3.89161e-09-3.39150e-09
-2.76994e-09-2.05307e-09-1.27174e-09-4.59479e-10 3.49154e-10 1.12028e-09
 1.82218e-09 2.42654e-09 2.91030e-09 3.25730e-09 3.45876e-09 3.51317e-09
 3.42590e-09 3.20842e-09 2.87771e-09 2.45534e-09 1.96586e-09 1.43538e-09
 8.90715e-10 3.58640e-10-1.34630e-10-5.64103e-10-9.07043e-10-1.14424e-09
-1.26139e-09-1.25090e-09-1.11398e-09-8.62557e-10-5.20669e-10-1.24727e-10
 2.78040e-10 6.32893e-10 8.82449e-10 9.73244e-10 8.63145e-10 5.28408e-10
-3.05151e-11-7.85736e-10-1.68219e-09-2.64146e-09-3.56908e-09-4.36494e-09
-4.93489e-09-5.20212e-09-5.11665e-09-4.66137e-09-3.85382e-09-2.74360e-09
-1.40594e-09 6.75968e-11 1.57933e-09 3.03526e-09 4.35303e-09 5.46702e-09
 6.33066e-09 6.91617e-09 7.21261e-09 7.22299e-09 6.96148e-09 6.45108e-09
 5.72196e-09 4.81020e-09 3.75638e-09 2.60367e-09 1.39536e-09 1.72019e-10
-1.03139e-09-2.18751e-09-3.27735e-09-4.28927e-09-5.21648e-09-6.05337e-09
-6.79196e-09-7.41915e-09-7.91560e-09-8.25662e-09-8.41477e-09-8.36362e-09
-8.08164e-09-7.55542e-09-6.78146e-09-5.76644e-09-4.52637e-09-3.08518e-09
-1.47339e-09 2.72697e-10 2.11135e-09 3.99553e-09 5.87331e-09 7.68920e-09
 9.38670e-09 1.09117e-08 1.22164e-08 1.32622e-08 1.40215e-08 1.44775e-08
 1.46225e-08 1.44543e-08 1.39731e-08 1.31779e-08 1.20649e-08 1.06269e-08
 8.85375e-09 6.73415e-09 4.25699e-09 1.41349e-09-1.80025e-09-5.37973e-09
-9.30708e-09-1.35446e-08-1.80268e-08-2.26531e-08-2.72805e-08-3.17208e-08
-3.57410e-08-3.90698e-08-4.14087e-08-4.24479e-08-4.18867e-08-3.94564e-08
-3.49458e-08-2.82277e-08-1.92845e-08-8.23248e-09 4.65915e-09 1.89571e-08
 3.40637e-08 4.92304e-08 6.35869e-08 7.61853e-08 8.60591e-08 9.22932e-08
 9.41014e-08 9.09066e-08 8.24167e-08 6.86906e-08 5.01842e-08 2.77683e-08
 2.70501e-09-2.34249e-08-4.88462e-08-7.17519e-08-9.04850e-08-1.03713e-07
-1.10567e-07-1.10727e-07-1.04438e-07-9.24513e-08-7.59053e-08-5.61794e-08
-3.47450e-08-1.30406e-08 7.62524e-09 2.61479e-08 4.16817e-08 5.36721e-08
 6.18596e-08 6.62586e-08 6.71152e-08 6.48540e-08 6.00211e-08 5.32269e-08
 4.50939e-08 3.62125e-08 2.71079e-08 1.82198e-08 9.89221e-09 2.37305e-09
-4.18043e-09-9.69136e-09-1.41499e-08-1.75982e-08-2.01149e-08-2.18021e-08
-2.27740e-08-2.31489e-08-2.30421e-08-2.25603e-08-2.17952e-08-2.08200e-08
-1.96859e-08-1.84229e-08-1.70428e-08-1.55437e-08-1.39160e-08-1.21471e-08
-1.02256e-08-8.14284e-09-5.89397e-09-3.47791e-09-8.98922e-10 1.83002e-09
 4.68274e-09 7.61515e-09 1.05612e-08 1.34301e-08 1.61060e-08 1.84494e-08
 2.03036e-08 2.15030e-08 2.18865e-08 2.13131e-08 1.96805e-08 1.69515e-08
 1.31909e-08 8.60131e-09 3.53385e-09-1.54524e-09-6.12888e-09-9.76433e-09
-1.21408e-08-1.31428e-08-1.28549e-08-1.15188e-08-9.46599e-09-7.05393e-09
-4.62043e-09-2.45194e-09-7.59416e-10 3.39350e-10 8.30028e-10 8.04857e-10
 4.58757e-10 1.18013e-10
