      10
(6e12.5)
     0.0000e+00     0.0000e+00      0  0  0.00
     512   1.00000  0.0000e+00
 5.69474e-11 1.14990e-09 2.28624e-09 3.16754e-09 3.52045e-09 3.21268e-09
 2.31871e-09 1.09963e-09-9.36384e-11-9.47805e-10-1.28993e-09-1.12547e-09
-6.03356e-10 6.39703e-11 6.76858e-10 1.08609e-09 1.19388e-09 9.45197e-10
 3.34123e-10-5.71548e-10-1.60983e-09-2.53830e-09-3.09389e-09-3.08557e-09
-2.48588e-09-1.47149e-09-3.72983e-10 4.54778e-10 7.75351e-10 5.54293e-10
-4.59895e-11-7.46645e-10-1.26915e-09-1.43463e-09-1.20219e-09-6.43652e-10
 1.09657e-10 9.10938e-10 1.61970e-09 2.11044e-09 2.28684e-09 2.11394e-09
 1.65573e-09 1.08158e-09 6.15330e-10 4.40015e-10 6.06802e-10 1.00123e-09
 1.39063e-09 1.53310e-09 1.29519e-09 7.17837e-10-5.81390e-12-6.29356e-10
-9.71322e-10-9.86737e-10-7.62646e-10-4.57319e-10-2.28454e-10-1.85836e-10
-3.74977e-10-7.77108e-10-1.31078e-09-1.83557e-09-2.17281e-09-2.15617e-09
-1.70366e-09-8.77361e-10 1.09945e-10 9.62739e-10 1.42641e-09 1.40619e-09
 1.01194e-09 4.99701e-10 1.45028e-10 1.20250e-10 4.36762e-10 9.68759e-10
 1.52918e-09 1.94946e-09 2.12828e-09 2.04260e-09 1.73348e-09 1.28300e-09
 7.91591e-10 3.54213e-10 2.91305e-11-1.94176e-10-4.01848e-10-7.13707e-10
-1.20430e-09-1.83700e-09-2.46281e-09-2.89474e-09-3.01534e-09-2.84944e-09
-2.55605e-09-2.34601e-09-2.37490e-09-2.66714e-09-3.10569e-09-3.48712e-09
-3.60941e-09-3.34533e-09-2.67301e-09-1.66920e-09-4.85548e-10 6.85692e-10
 1.66293e-09 2.33904e-09 2.72976e-09 2.96891e-09 3.23786e-09 3.66512e-09
 4.25976e-09 4.92056e-09 5.50830e-09 5.92994e-09 6.18246e-09 6.33237e-09
 6.44608e-09 6.52012e-09 6.46092e-09 6.12767e-09 5.40725e-09 4.27377e-09
 2.80340e-09 1.14883e-09-5.02543e-10-1.97067e-09-3.12886e-09-3.95368e-09
-4.55143e-09-5.12518e-09-5.88163e-09-6.92601e-09-8.20789e-09-9.54990e-09
-1.07387e-08-1.16201e-08-1.21429e-08-1.23332e-08-1.22291e-08-1.18267e-08
-1.10775e-08-9.93716e-09-8.42706e-09-6.65628e-09-4.78685e-09-2.97257e-09
-1.31018e-09 1.84900e-10 1.58457e-09 3.03299e-09 4.69834e-09 6.69501e-09
 9.01024e-09 1.14840e-08 1.38652e-08 1.59140e-08 1.74841e-08 1.85397e-08
 1.91137e-08 1.92463e-08 1.89461e-08 1.81930e-08 1.69764e-08 1.53348e-08
 1.33663e-08 1.12064e-08 8.99447e-09 6.84073e-09 4.78823e-09 2.77124e-09
 6.05094e-10-1.95967e-09-5.12660e-09-8.93918e-09-1.32320e-08-1.76796e-08
-2.19046e-08-2.55770e-08-2.84630e-08-3.04369e-08-3.14808e-08-3.16760e-08
-3.11715e-08-3.01277e-08-2.86565e-08-2.67787e-08-2.44078e-08-2.13623e-08
-1.74170e-08-1.23816e-08-6.17798e-09 1.12368e-09 9.32086e-09 1.81329e-08
 2.72703e-08 3.64955e-08 4.56490e-08 5.46276e-08 6.33363e-08 7.16612e-08
 7.94998e-08 8.68279e-08 9.37335e-08 1.00341e-07 1.06615e-07 1.12120e-07
 1.15843e-07 1.16141e-07 1.10879e-07 9.77918e-08 7.51192e-08 4.21716e-08
-5.13914e-10-5.10108e-08-1.05502e-07-1.58516e-07-2.04463e-07-2.39257e-07
-2.61220e-07-2.71468e-07-2.73518e-07-2.72031e-07-2.71453e-07-2.75274e-07
-2.86221e-07-3.07292e-07-3.42709e-07-3.97058e-07-4.71365e-07-5.56788e-07
-6.28792e-07-6.45678e-07-5.54616e-07-3.06659e-07 1.22437e-07 7.17635e-07
 1.42422e-06 2.15271e-06 2.78962e-06 3.21571e-06 3.29881e-06 2.88886e-06
 1.90548e-06 4.41844e-07-1.26642e-06-2.91876e-06-4.16385e-06-4.65565e-06
-4.18865e-06-2.81679e-06-8.94984e-07 9.95735e-07 2.24200e-06 2.46269e-06
 1.71596e-06 4.78252e-07-6.04838e-07-1.03860e-06-7.20851e-07 2.07445e-08
 6.52005e-07 7.93269e-07 4.60404e-07 3.03257e-09-2.05056e-07-6.63742e-08
 2.00672e-07 3.04914e-07 1.66024e-07-3.92938e-08-9.70209e-08 1.17142e-08
 1.20419e-07 9.58469e-08-1.10564e-08-5.80836e-08-6.27798e-09 4.69166e-08
 2.17335e-08-3.67761e-08-4.46624e-08-8.53842e-09 9.29857e-10-3.02336e-08
-4.78192e-08-3.00619e-08-1.72139e-08-3.09197e-08-4.05625e-08-2.82699e-08
-1.80468e-08-2.18972e-08-2.01392e-08-6.96983e-09 1.28254e-09 3.32966e-09
 9.94722e-09 1.73678e-08 1.87907e-08 1.88116e-08 1.94592e-08 1.70806e-08
 1.24896e-08 7.55296e-09 1.28692e-09-6.08481e-09-1.32565e-08-1.96625e-08
-2.45836e-08-2.71167e-08-2.67712e-08-2.34404e-08-1.74568e-08-9.60477e-09
-8.75831e-10 7.71772e-09 1.52112e-08 2.07672e-08 2.37943e-08 2.40379e-08
 2.15671e-08 1.67117e-08 1.00542e-08 2.44647e-09-5.06306e-09-1.13953e-08
-1.55982e-08-1.69487e-08-1.50631e-08-1.00523e-08-2.63298e-09 5.95088e-09
 1.42107e-08 2.07342e-08 2.43948e-08 2.44715e-08 2.07806e-08 1.38115e-08
 4.72574e-09-4.86693e-09-1.32735e-08-1.90684e-08-2.13395e-08-1.98301e-08
-1.50050e-08-8.01501e-09-4.86955e-10 5.84024e-09 9.51008e-09 9.67371e-09
 6.28375e-09 1.07513e-10-7.43572e-09-1.45728e-08-1.95659e-08-2.11149e-08
-1.86800e-08-1.26510e-08-4.28361e-09 4.62564e-09 1.22069e-08 1.69514e-08
 1.80308e-08 1.54987e-08 1.03208e-08 4.14195e-09-1.17754e-09-4.07996e-09
-3.71822e-09-1.74558e-10 5.55631e-09 1.18275e-08 1.67843e-08 1.88696e-08
 1.72554e-08 1.21017e-08 4.55613e-09-3.56902e-09-1.03567e-08-1.43491e-08
-1.49137e-08-1.23614e-08-7.85324e-09-3.09400e-09 1.77468e-10 7.59510e-10
-1.61266e-09-6.18637e-09-1.14299e-08-1.55082e-08-1.68786e-08-1.48119e-08
-9.62026e-09-2.52761e-09 4.71310e-09 1.03414e-08 1.31384e-08 1.28205e-08
 1.01046e-08 6.43379e-09 3.47717e-09 2.55033e-09 4.13856e-09 7.71359e-09
 1.19187e-08 1.50446e-08 1.56274e-08 1.29735e-08 7.42501e-09 2.57161e-10
-6.76653e-09-1.20139e-08-1.45419e-08-1.43799e-08-1.24488e-08-1.01724e-08
-8.92468e-09-9.49170e-09-1.17406e-08-1.46502e-08-1.67057e-08-1.64991e-08
-1.32976e-08-7.35520e-09 1.60624e-10 7.59005e-09 1.33708e-08 1.65728e-08
 1.71699e-08 1.59412e-08 1.40619e-08 1.25800e-08 1.19838e-08 1.20141e-08
 1.17951e-08 1.02527e-08 6.64472e-09 9.56976e-10-6.00021e-09-1.28156e-08
-1.79433e-08-2.02530e-08-1.94218e-08-1.59866e-08-1.10595e-08-5.84877e-09
-1.17396e-09 2.79507e-09 6.42176e-09 1.01963e-08 1.43022e-08 1.83631e-08
 2.14516e-08 2.23723e-08 2.01535e-08 1.45416e-08 6.22658e-09-3.33577e-09
-1.23915e-08-1.94172e-08-2.35284e-08-2.46396e-08-2.32959e-08-2.02450e-08
-1.60031e-08-1.06886e-08-4.21890e-09 3.29256e-09 1.12203e-08 1.83746e-08
 2.32512e-08 2.45277e-08 2.16306e-08 1.50856e-08 6.43247e-09-2.27659e-09
-9.14805e-09-1.29802e-08-1.34849e-08-1.11946e-08-7.12540e-09-2.32568e-09
 2.47290e-09 6.90415e-09 1.07062e-08 1.33865e-08 1.41415e-08 1.21624e-08
 7.14691e-09-3.14184e-10-8.71088e-09-1.60049e-08-2.02921e-08-2.04678e-08
-1.66255e-08-1.00204e-08-2.59774e-09 3.71434e-09 7.63843e-09 8.85194e-09
 7.88423e-09 5.71915e-09 3.33349e-09 1.39827e-09 2.20462e-10-1.96346e-10
-1.46519e-10-3.10778e-11
     0.0000e+00     0.0000e+00      0  0  0.00
     512   1.00000  0.0000e+00
-4.33678e-10-2.97374e-10-1.36198e-10 3.14404e-11 2.04872e-10 3.96118e-10
 6.06116e-10 8.01919e-10 9.16530e-10 8.78065e-10 6.54637e-10 2.87611e-10
-1.11127e-10-4.01815e-10-4.80089e-10-3.29166e-10-3.15359e-11 2.69874e-10
 4.41176e-10 4.18674e-10 2.29573e-10-3.40988e-11-2.68033e-10-4.02635e-10
-4.20878e-10-3.45209e-10-2.11352e-10-5.02333e-11 1.12698e-10 2.46030e-10
 3.04123e-10 2.37943e-10 2.61393e-11-2.92918e-10-6.14854e-10-8.02700e-10
-7.48507e-10-4.30587e-10 6.63473e-11 5.80610e-10 9.38343e-10 1.02214e-09
 8.12522e-10 3.86583e-10-1.20522e-10-5.67518e-10-8.46404e-10-8.98342e-10
-7.13236e-10-3.27277e-10 1.75940e-10 6.70766e-10 1.01541e-09 1.09782e-09
 8.83129e-10 4.37882e-10-8.75669e-11-5.17325e-10-7.22240e-10-6.69683e-10
-4.26849e-10-1.17173e-10 1.44951e-10 3.02399e-10 3.61567e-10 3.62883e-10
 3.42884e-10 3.13624e-10 2.66735e-10 1.90039e-10 7.93632e-11-6.19948e-11
-2.29598e-10-4.17104e-10-6.03835e-10-7.41688e-10-7.59208e-10-5.92283e-10
-2.31722e-10 2.41728e-10 6.67419e-10 8.68015e-10 7.35945e-10 2.92080e-10
-3.19475e-10-8.96576e-10-1.26549e-09-1.34181e-09-1.14024e-09-7.42661e-10
-2.55649e-10 2.17549e-10 5.86785e-10 7.79033e-10 7.52168e-10 5.19398e-10
 1.63265e-10-1.86179e-10-4.09163e-10-4.55703e-10-3.63036e-10-2.15484e-10
-7.50783e-11 6.50863e-11 2.67791e-10 5.86764e-10 9.99108e-10 1.38796e-09
 1.59280e-09 1.49920e-09 1.11206e-09 5.64248e-10 5.35456e-11-2.50549e-10
-2.72963e-10-4.22339e-11 3.44324e-10 7.65062e-10 1.10406e-09 1.26622e-09
 1.19043e-09 8.67873e-10 3.54660e-10-2.39238e-10-7.87162e-10-1.19135e-09
-1.41343e-09-1.47492e-09-1.43001e-09-1.32981e-09-1.20287e-09-1.06248e-09
-9.28850e-10-8.43452e-10-8.62151e-10-1.03028e-09-1.35312e-09-1.77731e-09
-2.19379e-09-2.46437e-09-2.46935e-09-2.16464e-09-1.62055e-09-1.00887e-09
-5.30932e-10-3.21807e-10-3.88595e-10-6.21352e-10-8.67595e-10-1.01973e-09
-1.05796e-09-1.02485e-09-9.59237e-10-8.45487e-10-6.17944e-10-2.17097e-10
 3.45918e-10 9.67630e-10 1.48852e-09 1.75330e-09 1.64878e-09 1.10735e-09
 1.06774e-10-1.29575e-09-2.88849e-09-4.22192e-09-4.57258e-09-3.01039e-09
 1.38821e-09 9.16172e-09 1.99636e-08 3.21646e-08 4.29432e-08 4.90420e-08
 4.78677e-08 3.84035e-08 2.16180e-08 3.07185e-10-2.15651e-08-3.98498e-08
-5.12422e-08-5.40868e-08-4.87526e-08-3.74623e-08-2.35758e-08-1.05074e-08
-6.56246e-10 5.14456e-09 7.38554e-09 7.13193e-09 5.35576e-09 2.66692e-09
-6.16211e-10-4.24055e-09-7.81901e-09-1.07996e-08-1.26113e-08-1.28632e-08
-1.14744e-08-8.69986e-09-5.06836e-09-1.25418e-09 2.08338e-09 4.44567e-09
 5.58343e-09 5.51708e-09 4.51233e-09 3.04180e-09 1.74159e-09 1.35712e-09
 2.66923e-09 6.36883e-09 1.28323e-08 2.17969e-08 3.20614e-08 4.15505e-08
 4.80339e-08 5.01283e-08 4.77463e-08 4.17005e-08 3.30519e-08 2.29171e-08
 1.26515e-08 3.77081e-09-2.48630e-09-5.45789e-09-4.80001e-09 3.39160e-10
 1.20488e-08 3.30934e-08 6.43302e-08 1.00831e-07 1.28792e-07 1.25643e-07
 6.48612e-08-7.45622e-08-2.95547e-07-5.69632e-07-8.28966e-07-9.77327e-07
-9.26772e-07-6.41264e-07-1.66120e-07 3.73924e-07 8.35794e-07 1.14466e-06
 1.30902e-06 1.35463e-06 1.26159e-06 9.68059e-07 4.42038e-07-2.48507e-07
-9.35413e-07-1.41080e-06-1.51082e-06-1.18368e-06-5.22137e-07 2.38161e-07
 7.93058e-07 9.15680e-07 5.81854e-07 4.27008e-10-4.86051e-07-6.07315e-07
-3.43273e-07 7.25028e-08 3.33042e-07 2.86583e-07 3.68508e-08-1.67699e-07
-1.60601e-07 5.94858e-09 1.39977e-07 1.17036e-07-2.69674e-09-6.59922e-08
-1.09826e-08 7.40427e-08 7.76123e-08 6.59719e-09-3.89433e-08-1.01083e-08
 3.32849e-08 2.33971e-08-1.72131e-08-2.38995e-08 4.93023e-09 1.57672e-08
-5.61399e-09-1.82037e-08-4.10687e-09 5.72755e-09-4.69094e-09-1.06661e-08
 1.14301e-10 7.38622e-09 3.16333e-09 2.96371e-09 8.46436e-09 6.99771e-09
 9.42950e-10-6.86754e-10-1.30491e-09-3.98088e-09-4.42502e-09-2.98321e-09
-2.95703e-09-3.66835e-09-4.47225e-09-5.91673e-09-7.13682e-09-7.16466e-09
-5.87374e-09-3.30659e-09 1.94632e-10 3.93021e-09 7.17626e-09 9.33673e-09
 1.00596e-08 9.33613e-09 7.43772e-09 4.75920e-09 1.67906e-09-1.49602e-09
-4.50245e-09-7.07446e-09-8.91701e-09-9.71903e-09-9.23129e-09-7.38887e-09
-4.41003e-09-7.84241e-10 2.85758e-09 5.89252e-09 7.79640e-09 8.20480e-09
 7.01108e-09 4.46822e-09 1.17264e-09-2.12061e-09-4.74855e-09-6.29387e-09
-6.57885e-09-5.58977e-09-3.46136e-09-5.31833e-10 2.64564e-09 5.41862e-09
 7.23235e-09 7.79045e-09 7.09532e-09 5.37385e-09 2.97403e-09 3.11937e-10
-2.14485e-09-3.92576e-09-4.66434e-09-4.21943e-09-2.73598e-09-6.13442e-10
 1.59061e-09 3.29294e-09 4.03523e-09 3.60832e-09 2.09669e-09-1.69255e-10
-2.70915e-09-4.98370e-09-6.48274e-09-6.83828e-09-5.94376e-09-4.01538e-09
-1.54494e-09 8.44562e-10 2.57359e-09 3.25602e-09 2.80172e-09 1.44817e-09
-2.98881e-10-1.81305e-09-2.54651e-09-2.20274e-09-8.11971e-10 1.30006e-09
 3.61634e-09 5.56085e-09 6.62783e-09 6.50511e-09 5.18105e-09 2.98950e-09
 5.41775e-10-1.46834e-09-2.52639e-09-2.50106e-09-1.67976e-09-6.16148e-10
 1.21460e-10 1.60894e-10-5.90700e-10-1.97728e-09-3.67044e-09-5.24316e-09
-6.24294e-09-6.30242e-09-5.29685e-09-3.46512e-09-1.37468e-09 2.95719e-10
 1.06167e-09 8.70335e-10 1.23261e-10-5.37583e-10-5.47924e-10 3.28156e-10
 1.92206e-09 3.77315e-09 5.34633e-09 6.22843e-09 6.23298e-09 5.41835e-09
 4.04766e-09 2.51384e-09 1.24009e-09 5.52847e-10 5.47299e-10 1.01054e-09
 1.46985e-09 1.37770e-09 3.74284e-10-1.48851e-09-3.69362e-09-5.44100e-09
-6.00000e-09-5.05892e-09-2.89373e-09-2.75624e-10 1.83691e-09 2.69109e-09
 2.05867e-09 3.44582e-10-1.57585e-09-2.74205e-09-2.55828e-09-1.09864e-09
 8.95139e-10 2.34249e-09 2.33342e-09 5.76482e-10-2.43010e-09-5.58896e-09
-7.67048e-09-7.83821e-09-5.98805e-09-2.75138e-09 8.20502e-10 3.72142e-09
 5.38426e-09 5.84514e-09 5.63310e-09 5.45138e-09 5.80197e-09 6.72433e-09
 7.75336e-09 8.10114e-09 6.99520e-09 4.06151e-09-4.03454e-10-5.43575e-09
-9.73974e-09-1.22103e-08-1.23623e-08-1.04525e-08-7.27734e-09-3.78856e-09
-7.25156e-10 1.59029e-09 3.23019e-09 4.45442e-09 5.44594e-09 6.14908e-09
 6.29125e-09 5.54620e-09 3.74320e-09 1.04297e-09-1.98868e-09-4.48195e-09
-5.56615e-09-4.77187e-09-2.30224e-09 1.02637e-09 4.16087e-09 6.27351e-09
 7.03529e-09 6.58359e-09 5.28653e-09 3.50113e-09 1.45209e-09-7.55353e-10
-3.03745e-09-5.21497e-09-6.94240e-09-7.74671e-09-7.21059e-09-5.24412e-09
-2.27814e-09 7.98366e-10 2.99051e-09 3.67209e-09 2.91295e-09 1.45653e-09
 3.43469e-10 2.51738e-12
     0.0000e+00     0.0000e+00      0  0  0.00
     512   1.00000  0.0000e+00
 8.13698e-10 8.06726e-10 7.51259e-10 6.55511e-10 5.31358e-10 3.95532e-10
 2.66412e-10 1.59018e-10 8.35881e-11 4.36276e-11 3.37697e-11 4.18404e-11
 5.19373e-11 4.76669e-11 1.77485e-11-4.10597e-11-1.25261e-10-2.25305e-10
-3.27721e-10-4.20261e-10-4.94622e-10-5.47184e-10-5.80727e-10-6.03057e-10
-6.22015e-10-6.42047e-10-6.63164e-10-6.81278e-10-6.89581e-10-6.78809e-10
-6.38166e-10-5.60961e-10-4.50560e-10-3.20152e-10-1.87695e-10-6.90578e-11
 2.88172e-11 1.10571e-10 1.89525e-10 2.82393e-10 4.02848e-10 5.54730e-10
 7.28325e-10 9.01647e-10 1.04647e-09 1.13782e-09 1.16158e-09 1.11532e-09
 1.00461e-09 8.40038e-10 6.36505e-10 4.12205e-10 1.84875e-10-3.28947e-11
-2.34708e-10-4.18580e-10-5.86016e-10-7.41326e-10-8.90224e-10-1.03824e-09
-1.18711e-09-1.33010e-09-1.45160e-09-1.53157e-09-1.55019e-09-1.49123e-09
-1.34542e-09-1.11347e-09-8.08653e-10-4.56295e-10-8.59625e-11 2.80547e-10
 6.34782e-10 9.75836e-10 1.29989e-09 1.59480e-09 1.84258e-09 2.02591e-09
 2.13471e-09 2.17083e-09 2.14859e-09 2.08853e-09 2.00541e-09 1.89676e-09
 1.73986e-09 1.50266e-09 1.16487e-09 7.35103e-10 2.51448e-10-2.34663e-10
-6.79416e-10-1.05949e-09-1.37239e-09-1.62979e-09-1.84975e-09-2.04857e-09
-2.23242e-09-2.39432e-09-2.51981e-09-2.59526e-09-2.60912e-09-2.54575e-09
-2.38212e-09-2.09537e-09-1.67808e-09-1.15065e-09-5.62159e-10 2.15749e-11
 5.35546e-10 9.30729e-10 1.18393e-09 1.30284e-09 1.32452e-09 1.30457e-09
 1.30026e-09 1.35745e-09 1.50819e-09 1.77376e-09 2.16124e-09 2.65010e-09
 3.18206e-09 3.66976e-09 4.02169e-09 4.16613e-09 4.06322e-09 3.70809e-09
 3.12872e-09 2.37670e-09 1.51049e-09 5.78073e-10-3.90400e-10-1.37502e-09
-2.35114e-09-3.28279e-09-4.13211e-09-4.87480e-09-5.50468e-09-6.02416e-09
-6.43249e-09-6.72415e-09-6.89544e-09-6.94786e-09-6.88317e-09-6.69992e-09
-6.39927e-09-5.99048e-09-5.48327e-09-4.87592e-09-4.15772e-09-3.32607e-09
-2.39973e-09-1.41488e-09-4.08284e-10 5.96524e-10 1.59052e-09 2.57248e-09
 3.54397e-09 4.50768e-09 5.46419e-09 6.40690e-09 7.32103e-09 8.18739e-09
 8.98344e-09 9.67718e-09 1.02203e-08 1.05535e-08 1.06297e-08 1.04423e-08
 1.00373e-08 9.50381e-09 8.96474e-09 8.56571e-09 8.43785e-09 8.63092e-09
 9.06398e-09 9.53663e-09 9.79397e-09 9.61098e-09 8.86884e-09 7.60491e-09
 6.01467e-09 4.38980e-09 3.00565e-09 2.01184e-09 1.38581e-09 9.69218e-10
 5.53097e-10-4.65392e-11-9.61031e-10-2.28088e-09-4.07369e-09-6.39079e-09
-9.26728e-09-1.27154e-08-1.66998e-08-2.10995e-08-2.56853e-08-3.01311e-08
-3.40593e-08-3.71320e-08-3.92069e-08-4.05483e-08-4.20167e-08-4.51169e-08
-5.18000e-08-6.39552e-08-8.25698e-08-1.06612e-07-1.31859e-07-1.50154e-07
-1.49755e-07-1.17454e-07-4.29056e-08 7.49532e-08 2.23218e-07 3.79204e-07
 5.16517e-07 5.99704e-07 5.87014e-07 4.57764e-07 2.30240e-07-4.75182e-08
-3.10444e-07-4.91701e-07-5.48785e-07-4.83286e-07-3.39853e-07-1.87022e-07
-8.60936e-08-5.95455e-08-8.00325e-08-9.27072e-08-5.74081e-08 2.10805e-08
 9.93567e-08 1.32002e-07 1.05854e-07 4.56336e-08-7.23965e-09-2.13558e-08
 7.67295e-09 5.57191e-08 8.86946e-08 8.74886e-08 5.69095e-08 1.87690e-08
 3.59110e-09 4.27210e-08 1.48924e-07 2.98763e-07 4.44170e-07 5.34606e-07
 5.25208e-07 3.89802e-07 1.40288e-07-1.72453e-07-4.74565e-07-6.93090e-07
-7.82992e-07-7.40980e-07-5.99407e-07-4.07712e-07-2.10080e-07-2.97423e-08
 1.30175e-07 2.68769e-07 3.69224e-07 3.99744e-07 3.37562e-07 2.01315e-07
 5.88423e-08-1.23797e-08 1.17892e-08 7.57733e-08 9.38523e-08 3.71249e-08
-3.84354e-08-6.23018e-08-3.28487e-08-6.42748e-09-1.46166e-08-3.22151e-08
-3.06245e-08-1.84017e-08-1.28841e-08-1.06467e-08-4.76376e-09 2.78049e-11
 1.59077e-09 4.42706e-09 7.49312e-09 7.53325e-09 7.21563e-09 7.84186e-09
 6.74028e-09 4.79096e-09 3.93410e-09 2.59856e-09 6.65222e-10-2.90611e-10
-1.06450e-09-2.08407e-09-2.47443e-09-2.84976e-09-3.53991e-09-3.90922e-09
-4.30730e-09-4.78455e-09-4.91947e-09-5.11159e-09-5.39938e-09-5.58323e-09
-5.94704e-09-6.31092e-09-6.48827e-09-6.58617e-09-6.37608e-09-5.85275e-09
-5.11847e-09-4.03859e-09-2.68700e-09-1.09284e-09 7.19511e-10 2.53262e-09
 4.24205e-09 5.69833e-09 6.75710e-09 7.40162e-09 7.58677e-09 7.37490e-09
 6.86116e-09 6.10237e-09 5.21130e-09 4.28825e-09 3.41744e-09 2.63572e-09
 1.96945e-09 1.46361e-09 1.08362e-09 7.60156e-10 4.33370e-10 1.92801e-11
-5.76084e-10-1.38552e-09-2.35523e-09-3.38476e-09-4.32029e-09-5.00812e-09
-5.39288e-09-5.46233e-09-5.15296e-09-4.43543e-09-3.42366e-09-2.29040e-09
-1.16630e-09-1.56093e-10 6.77922e-10 1.34825e-09 1.87161e-09 2.22955e-09
 2.45387e-09 2.65463e-09 2.91682e-09 3.23140e-09 3.52606e-09 3.71164e-09
 3.73592e-09 3.62342e-09 3.39273e-09 2.94994e-09 2.17790e-09 1.10408e-09
-9.61667e-11-1.21247e-09-2.10367e-09-2.74961e-09-3.19839e-09-3.46562e-09
-3.50816e-09-3.29671e-09-2.92396e-09-2.58737e-09-2.40376e-09-2.29508e-09
-2.06779e-09-1.55641e-09-7.40040e-10 2.58917e-10 1.31847e-09 2.39880e-09
 3.47161e-09 4.45038e-09 5.19846e-09 5.60298e-09 5.67056e-09 5.52387e-09
 5.29601e-09 5.04548e-09 4.72944e-09 4.24753e-09 3.54235e-09 2.62762e-09
 1.52853e-09 2.65821e-10-1.11878e-09-2.56313e-09-3.98116e-09-5.26619e-09
-6.33425e-09-7.15382e-09-7.74063e-09-8.13699e-09-8.37247e-09-8.44627e-09
-8.34422e-09-8.04223e-09-7.51902e-09-6.78256e-09-5.84686e-09-4.71729e-09
-3.43820e-09-2.09294e-09-7.62099e-10 4.49925e-10 1.41892e-09 2.09629e-09
 2.51540e-09 2.71119e-09 2.72590e-09 2.61903e-09 2.39915e-09 2.03786e-09
 1.55777e-09 1.01757e-09 4.61898e-10-4.07434e-11-3.80656e-10-4.69538e-10
-2.66370e-10 2.29313e-10 9.30504e-10 1.65917e-09 2.26445e-09 2.70566e-09
 3.01249e-09 3.25096e-09 3.52953e-09 3.95300e-09 4.56053e-09 5.32289e-09
 6.13197e-09 6.76824e-09 6.97669e-09 6.62155e-09 5.71097e-09 4.29213e-09
 2.39087e-09 2.01039e-11-2.76020e-09-5.71780e-09-8.40814e-09-1.03238e-08
-1.10771e-08-1.04815e-08-8.54421e-09-5.42278e-09-1.42495e-09 2.95821e-09
 7.09294e-09 1.03381e-08 1.22296e-08 1.26187e-08 1.16332e-08 9.53617e-09
 6.66318e-09 3.42021e-09 2.57987e-10-2.39076e-09-4.23135e-09-5.20419e-09
-5.44582e-09-5.17213e-09-4.58058e-09-3.81238e-09-2.99467e-09-2.27404e-09
-1.76392e-09-1.48837e-09-1.37985e-09-1.31556e-09-1.20204e-09-1.04163e-09
-8.98176e-10-8.27158e-10-8.42463e-10-9.07988e-10-9.63961e-10-9.68253e-10
-8.95411e-10-7.24466e-10-4.55066e-10-1.15662e-10 2.41391e-10 5.46566e-10
 7.45501e-10 8.25212e-10 7.94814e-10 6.67165e-10 4.62912e-10 2.19782e-10
 4.11496e-11-6.19728e-12
     0.0000e+00     0.0000e+00      0  0  0.00
     512   1.00000  0.0000e+00
 4.08066e-11 5.62150e-10 1.09125e-09 1.47529e-09 1.56989e-09 1.30446e-09
 7.25405e-10-8.45449e-12-6.76065e-10-1.06932e-09-1.06901e-09-6.92505e-10
-9.06735e-11 5.07119e-10 8.81771e-10 9.12768e-10 6.26094e-10 1.79952e-10
-2.04690e-10-3.39779e-10-1.50892e-10 2.92622e-10 8.09502e-10 1.18553e-09
 1.26577e-09 1.01935e-09 5.49744e-10 4.87249e-11-2.87753e-10-3.46839e-10
-1.48719e-10 1.63540e-10 3.90159e-10 3.69690e-10 5.71466e-11-4.54797e-10
-9.78688e-10-1.31777e-09-1.35752e-09-1.11930e-09-7.47580e-10-4.39125e-10
-3.49944e-10-5.21887e-10-8.62871e-10-1.19147e-09-1.32548e-09-1.17172e-09
-7.71651e-10-2.78589e-10 1.20520e-10 2.97072e-10 2.41791e-10 6.75251e-11
-4.87015e-11 4.12404e-11 3.76549e-10 8.65260e-10 1.33150e-09 1.60496e-09
 1.60588e-09 1.38452e-09 1.09464e-09 9.10952e-10 9.33647e-10 1.13539e-09
 1.37857e-09 1.48866e-09 1.34555e-09 9.48337e-10 4.17328e-10-7.15279e-11
-3.83264e-10-4.95304e-10-5.03404e-10-5.60973e-10-7.88339e-10-1.20257e-09
-1.70493e-09-2.13329e-09-2.35254e-09-2.33055e-09-2.15152e-09-1.95761e-09
-1.85758e-09-1.85820e-09-1.85604e-09-1.69533e-09-1.26312e-09-5.66235e-10
 2.60767e-10 1.02224e-09 1.55839e-09 1.81733e-09 1.86877e-09 1.85485e-09
 1.90409e-09 2.05910e-09 2.26595e-09 2.43220e-09 2.50900e-09 2.53367e-09
 2.60025e-09 2.77926e-09 3.04050e-09 3.22926e-09 3.11727e-09 2.50969e-09
 1.35169e-09-2.28924e-10-1.96600e-09-3.55434e-09-4.75017e-09-5.43161e-09
-5.59808e-09-5.31706e-09-4.66520e-09-3.71697e-09-2.58617e-09-1.46819e-09
-6.25359e-10-3.03791e-10-6.21762e-10-1.49127e-09-2.62093e-09-3.61036e-09
-4.09846e-09-3.89284e-09-3.01273e-09-1.63411e-09 1.02569e-11 1.71007e-09
 3.30751e-09 4.68827e-09 5.76231e-09 6.46728e-09 6.80793e-09 6.89709e-09
 6.93894e-09 7.13821e-09 7.58682e-09 8.19874e-09 8.73042e-09 8.88072e-09
 8.42855e-09 7.33839e-09 5.76907e-09 3.97983e-09 2.20185e-09 5.62321e-10
-9.09110e-10-2.23220e-09-3.44225e-09-4.58630e-09-5.73097e-09-6.95920e-09
-8.33858e-09-9.86291e-09-1.14134e-08-1.28008e-08-1.38867e-08-1.46975e-08
-1.54381e-08-1.63729e-08-1.76123e-08-1.88894e-08-1.94474e-08-1.81372e-08
-1.37431e-08-5.47861e-09 6.45829e-09 2.04842e-08 3.37163e-08 4.27089e-08
 4.45646e-08 3.79242e-08 2.34895e-08 3.96882e-09-1.65312e-08-3.35327e-08
-4.33737e-08-4.42017e-08-3.64349e-08-2.25248e-08-6.10004e-09 9.22282e-09
 2.09349e-08 2.81517e-08 3.13385e-08 3.15787e-08 2.99521e-08 2.72631e-08
 2.40045e-08 2.04326e-08 1.67069e-08 1.30323e-08 9.71293e-09 7.08499e-09
 5.38863e-09 4.69437e-09 4.96464e-09 6.23335e-09 8.78397e-09 1.31252e-08
 1.95735e-08 2.74475e-08 3.41748e-08 3.48102e-08 2.24726e-08-9.91797e-09
-6.64834e-08-1.44150e-07-2.28367e-07-2.90557e-07-2.93375e-07-2.11877e-07
-5.80344e-08 1.21088e-07 2.73101e-07 3.66431e-07 3.88923e-07 3.32398e-07
 1.95802e-07 5.03837e-09-1.81409e-07-2.93151e-07-2.85939e-07-1.75729e-07
-3.81148e-08 3.79233e-08 1.20247e-08-7.79928e-08-1.44213e-07-1.16051e-07
 4.59296e-09 1.46658e-07 2.26791e-07 2.05754e-07 1.00673e-07-3.89495e-08
-1.56493e-07-1.98231e-07-1.29299e-07 3.23882e-08 2.20759e-07 3.91167e-07
 5.57428e-07 7.29865e-07 8.48184e-07 8.13284e-07 5.57055e-07 5.57895e-08
-6.60268e-07-1.46725e-06-2.15489e-06-2.48451e-06-2.25640e-06-1.39948e-06
-5.31207e-08 1.42996e-06 2.58037e-06 2.98269e-06 2.46556e-06 1.21957e-06
-2.46713e-07-1.32219e-06-1.59231e-06-1.06929e-06-1.92052e-07 4.45941e-07
 4.88228e-07 5.33665e-08-3.91332e-07-4.49125e-07-1.39091e-07 1.74282e-07
 1.99487e-07 1.26422e-08-1.06153e-07-4.57225e-08 5.51772e-08 6.55251e-08
 2.54736e-08 1.57791e-08 2.47486e-08 1.59044e-08 4.52139e-09 5.82223e-09
 2.82824e-09-6.70595e-09-7.88616e-09-5.58845e-09-8.59754e-09-9.18439e-09
-6.07574e-09-6.42513e-09-6.74780e-09-3.96148e-09-2.80046e-09-2.11710e-09
 5.50833e-10 1.92406e-09 2.41747e-09 3.90502e-09 4.31216e-09 4.20678e-09
 4.91484e-09 4.87801e-09 4.53277e-09 4.46456e-09 3.61366e-09 2.71738e-09
 2.07837e-09 1.11623e-09 5.17367e-10 8.88702e-11-5.82002e-10-1.07953e-09
-1.69557e-09-2.34386e-09-2.71869e-09-3.09852e-09-3.33262e-09-3.46377e-09
-3.66734e-09-3.75828e-09-3.78512e-09-3.64480e-09-3.26276e-09-2.80278e-09
-2.26805e-09-1.73335e-09-1.19467e-09-5.71752e-10 1.37005e-10 9.68565e-10
 1.83803e-09 2.62774e-09 3.25249e-09 3.65794e-09 3.90935e-09 4.09575e-09
 4.25095e-09 4.30199e-09 4.14581e-09 3.78316e-09 3.32578e-09 2.91807e-09
 2.60086e-09 2.27249e-09 1.80556e-09 1.19076e-09 5.37307e-10-6.92565e-11
-6.65688e-10-1.35392e-09-2.14426e-09-2.87370e-09-3.33735e-09-3.52431e-09
-3.63162e-09-3.78929e-09-3.86590e-09-3.62154e-09-3.02088e-09-2.33603e-09
-1.90161e-09-1.76550e-09-1.60778e-09-1.05196e-09-8.99751e-11 8.56216e-10
 1.37615e-09 1.53497e-09 1.79768e-09 2.48219e-09 3.35234e-09 3.81412e-09
 3.53015e-09 2.77593e-09 2.13520e-09 1.89209e-09 1.77588e-09 1.29422e-09
 2.92809e-10-8.49521e-10-1.59557e-09-1.78401e-09-1.77012e-09-2.03439e-09
-2.66061e-09-3.26157e-09-3.42175e-09-3.11340e-09-2.67518e-09-2.45708e-09
-2.48417e-09-2.46969e-09-2.15836e-09-1.60000e-09-1.08891e-09-8.76311e-10
-9.33308e-10-9.92005e-10-8.12105e-10-3.81837e-10 1.20500e-10 5.21944e-10
 8.11000e-10 1.11566e-09 1.53817e-09 2.02574e-09 2.41328e-09 2.57799e-09
 2.54185e-09 2.44455e-09 2.42061e-09 2.48455e-09 2.53305e-09 2.45949e-09
 2.27407e-09 2.10818e-09 2.08021e-09 2.18981e-09 2.37225e-09 2.59775e-09
 2.88911e-09 3.27749e-09 3.72979e-09 4.10339e-09 4.21656e-09 3.97586e-09
 3.38957e-09 2.47263e-09 1.21161e-09-3.65626e-10-2.11795e-09-3.80197e-09
-5.17664e-09-6.11462e-09-6.59930e-09-6.62364e-09-6.15603e-09-5.26640e-09
-4.26188e-09-3.60787e-09-3.65937e-09-4.45682e-09-5.76477e-09-7.28553e-09
-8.79036e-09-9.98702e-09-1.03067e-08-8.98990e-09-5.53089e-09-1.05866e-10
 6.41055e-09 1.28483e-08 1.81731e-08 2.15778e-08 2.23196e-08 1.97237e-08
 1.35845e-08 4.65623e-09-5.31086e-09-1.41496e-08-2.00705e-08-2.21286e-08
-2.01577e-08-1.45017e-08-5.98439e-09 3.91499e-09 1.31017e-08 1.93864e-08
 2.13086e-08 1.87261e-08 1.27466e-08 5.13117e-09-2.34506e-09-8.24896e-09
-1.15730e-08-1.18137e-08-9.20305e-09-4.84932e-09-4.64422e-10 2.30886e-09
 2.61879e-09 7.24868e-10-2.26865e-09-4.98414e-09-6.25202e-09-5.38111e-09
-2.28366e-09 2.47848e-09 7.74061e-09 1.19922e-08 1.38731e-08 1.27018e-08
 8.76377e-09 3.21355e-09-2.37815e-09-6.61014e-09-8.69181e-09-8.59200e-09
-6.89796e-09-4.48714e-09-2.17514e-09-4.61893e-10 5.55083e-10 1.01037e-09
 8.38731e-10 2.79372e-10
     0.0000e+00     0.0000e+00      0  0  0.00
     512   1.00000  0.0000e+00
-4.04279e-10-4.44473e-10-5.96906e-10-8.83380e-10-1.26067e-09-1.62427e-09
-1.84338e-09-1.81366e-09-1.50535e-09-9.84087e-10-3.93311e-10 9.70379e-11
 3.56769e-10 3.48261e-10 1.43027e-10-1.03500e-10-2.11385e-10-5.07704e-11
 4.00317e-10 1.04318e-09 1.69636e-09 2.16916e-09 2.34130e-09 2.21117e-09
 1.88807e-09 1.53589e-09 1.29924e-09 1.24265e-09 1.32396e-09 1.41448e-09
 1.36153e-09 1.06607e-09 5.37304e-10-1.05585e-10-6.87820e-10-1.06168e-09
-1.17559e-09-1.09666e-09-9.77222e-10-9.83770e-10-1.22204e-09-1.68770e-09
-2.26212e-09-2.75950e-09-3.00795e-09-2.92531e-09-2.55078e-09-2.01683e-09
-1.47909e-09-1.04369e-09-7.27735e-10-4.65797e-10-1.53492e-10 2.90915e-10
 8.73458e-10 1.50984e-09 2.06142e-09 2.40464e-09 2.50010e-09 2.42218e-09
 2.32297e-09 2.34835e-09 2.55904e-09 2.89729e-09 3.20835e-09 3.30630e-09
 3.05800e-09 2.44730e-09 1.58685e-09 6.67153e-10-1.35454e-10-7.42145e-10
-1.19518e-09-1.60697e-09-2.07148e-09-2.59836e-09-3.10743e-09-3.47861e-09
-3.62508e-09-3.54964e-09-3.35189e-09-3.17826e-09-3.13732e-09-3.22474e-09
-3.30612e-09-3.18145e-09-2.70086e-09-1.85601e-09-7.85951e-10 3.00632e-10
 1.23196e-09 1.94603e-09 2.49540e-09 2.99121e-09 3.52285e-09 4.09645e-09
 4.62397e-09 4.97210e-09 5.04719e-09 4.86002e-09 4.51872e-09 4.15099e-09
 3.81424e-09 3.46112e-09 2.98460e-09 2.30631e-09 1.44057e-09 4.91313e-10
-4.08058e-10-1.17030e-09-1.80779e-09-2.43784e-09-3.22578e-09-4.28428e-09
-5.58774e-09-6.96250e-09-8.16464e-09-8.99366e-09-9.36564e-09-9.30470e-09
-8.88068e-09-8.15719e-09-7.18478e-09-6.02247e-09-4.75433e-09-3.48336e-09
-2.30178e-09-1.24560e-09-2.53126e-10 8.42810e-10 2.26077e-09 4.15761e-09
 6.51492e-09 9.11190e-09 1.16166e-08 1.37310e-08 1.52917e-08 1.62833e-08
 1.67910e-08 1.69411e-08 1.68578e-08 1.66364e-08 1.63270e-08 1.59299e-08
 1.54019e-08 1.46535e-08 1.35380e-08 1.18681e-08 9.49873e-09 6.44021e-09
 2.91585e-09-7.00509e-10-4.04355e-09-6.91162e-09-9.32030e-09-1.14420e-08
-1.34967e-08-1.56574e-08-1.79902e-08-2.04384e-08-2.28569e-08-2.50734e-08
-2.69271e-08-2.82665e-08-2.89472e-08-2.88684e-08-2.80377e-08-2.65968e-08
-2.47566e-08-2.26870e-08-2.04739e-08-1.81892e-08-1.59687e-08-1.39848e-08
-1.23350e-08-1.09497e-08-9.57515e-09-7.83594e-09-5.37003e-09-1.99228e-09
 2.18880e-09 6.77790e-09 1.12426e-08 1.51252e-08 1.81842e-08 2.04000e-08
 2.18906e-08 2.28432e-08 2.35206e-08 2.42898e-08 2.55722e-08 2.77107e-08
 3.08460e-08 3.48764e-08 3.94966e-08 4.42854e-08 4.88012e-08 5.26179e-08
 5.52698e-08 5.62017e-08 5.48909e-08 5.11880e-08 4.57608e-08 4.04506e-08
 3.83687e-08 4.35570e-08 6.00240e-08 9.00191e-08 1.31637e-07 1.76292e-07
 2.07092e-07 1.99532e-07 1.25946e-07-3.52585e-08-2.86899e-07-6.01981e-07
-9.17858e-07-1.13968e-06-1.16903e-06-9.55192e-07-5.23577e-07 3.71130e-08
 5.97831e-07 1.01768e-06 1.19148e-06 1.09382e-06 7.91297e-07 4.18702e-07
 1.24985e-07 2.96634e-09 4.06991e-08 1.36558e-07 1.74746e-07 1.06709e-07
-2.14870e-08-1.14638e-07-1.07528e-07-1.08403e-08 1.05276e-07 1.61288e-07
 1.16261e-07-1.90034e-08-2.18485e-07-4.63338e-07-7.05610e-07-8.52621e-07
-8.37876e-07-6.87808e-07-4.65893e-07-1.86434e-07 1.51663e-07 5.00404e-07
 7.79363e-07 8.98850e-07 7.70194e-07 3.61946e-07-2.45462e-07-8.59117e-07
-1.22171e-06-1.11518e-06-4.86637e-07 4.81854e-07 1.41252e-06 1.88322e-06
 1.63902e-06 7.60868e-07-3.31558e-07-1.08818e-06-1.14986e-06-5.88608e-07
 1.25086e-07 4.61521e-07 2.45422e-07-2.15350e-07-4.41334e-07-2.58705e-07
 6.22437e-08 1.67145e-07 2.92811e-08-9.79249e-08-6.51567e-08 2.12973e-08
 3.39662e-08 4.36774e-09 2.59252e-09 1.15823e-08 1.95801e-09-4.23451e-09
 2.62233e-09 8.90537e-10-7.42333e-09-6.95998e-09-6.15903e-09-1.09542e-08
-1.10399e-08-8.04426e-09-8.52438e-09-6.90509e-09-2.79921e-09-1.64293e-09
-3.51992e-10 2.23653e-09 2.75246e-09 3.67086e-09 6.01300e-09 7.21450e-09
 8.68712e-09 1.05355e-08 1.09829e-08 1.14187e-08 1.18121e-08 1.12932e-08
 1.10229e-08 1.05433e-08 9.45286e-09 8.51537e-09 7.20286e-09 5.71527e-09
 4.51995e-09 3.11248e-09 1.72908e-09 3.30564e-10-1.31527e-09-2.85036e-09
-4.36441e-09-5.72409e-09-6.72681e-09-7.53462e-09-8.03298e-09-8.29964e-09
-8.43700e-09-8.42051e-09-8.34624e-09-8.11192e-09-7.61056e-09-6.75973e-09
-5.55804e-09-4.21154e-09-2.87511e-09-1.67781e-09-6.74600e-10 2.32721e-10
 1.20199e-09 2.31727e-09 3.49454e-09 4.58181e-09 5.41777e-09 5.90123e-09
 6.08372e-09 6.07019e-09 5.87082e-09 5.46320e-09 4.92302e-09 4.34167e-09
 3.72884e-09 3.07473e-09 2.38248e-09 1.63363e-09 8.05118e-10-1.10810e-10
-1.12461e-09-2.19202e-09-3.12622e-09-3.68946e-09-3.80610e-09-3.63026e-09
-3.43152e-09-3.41872e-09-3.57589e-09-3.66818e-09-3.49584e-09-3.10566e-09
-2.69198e-09-2.36267e-09-2.05990e-09-1.66914e-09-1.18306e-09-7.70799e-10
-6.69842e-10-9.65128e-10-1.45104e-09-1.75842e-09-1.67162e-09-1.30052e-09
-9.39222e-10-8.00524e-10-8.61484e-10-9.24268e-10-8.44330e-10-6.78215e-10
-5.80502e-10-6.12568e-10-6.89906e-10-6.96019e-10-6.33081e-10-6.42100e-10
-8.70065e-10-1.31938e-09-1.80542e-09-2.07465e-09-1.99293e-09-1.62113e-09
-1.13964e-09-7.10436e-10-3.62645e-10 9.30145e-12 5.39791e-10 1.30034e-09
 2.28904e-09 3.47498e-09 4.83871e-09 6.35642e-09 7.95020e-09 9.47377e-09
 1.07578e-08 1.16973e-08 1.23254e-08 1.27735e-08 1.31158e-08 1.32810e-08
 1.31253e-08 1.25317e-08 1.14818e-08 1.01218e-08 8.69683e-09 7.36178e-09
 6.13147e-09 4.97514e-09 3.83435e-09 2.60840e-09 1.22261e-09-3.41341e-10
-2.07869e-09-3.91496e-09-5.66760e-09-7.17261e-09-8.39696e-09-9.37548e-09
-1.01436e-08-1.07467e-08-1.12061e-08-1.15000e-08-1.16302e-08-1.16259e-08
-1.14713e-08-1.11555e-08-1.07786e-08-1.04766e-08-1.02289e-08-9.76923e-09
-8.65964e-09-6.51080e-09-3.28177e-09 5.85324e-10 4.37674e-09 7.46265e-09
 9.47125e-09 1.02502e-08 9.75795e-09 7.98988e-09 5.04002e-09 1.26403e-09
-2.67705e-09-5.98594e-09-7.98751e-09-8.33726e-09-7.10226e-09-4.71663e-09
-1.87723e-09 5.87516e-10 1.88333e-09 1.47331e-09-6.69635e-10-3.96313e-09
-7.41309e-09-9.98518e-09-1.09312e-08-9.94975e-09-7.16788e-09-3.05558e-09
 1.63079e-09 5.93869e-09 8.91782e-09 9.90774e-09 8.81572e-09 6.21125e-09
 3.13788e-09 7.28873e-10-1.98949e-10 6.00887e-10 2.79768e-09 5.65613e-09
 8.26295e-09 9.75897e-09 9.57336e-09 7.63208e-09 4.45554e-09 1.02669e-09
-1.58318e-09-2.65691e-09-2.11255e-09-5.04007e-10 1.23698e-09 2.19480e-09
 1.83518e-09 2.16806e-10-2.00891e-09-3.83941e-09-4.37400e-09-3.34846e-09
-1.56391e-09-3.29405e-10
     0.0000e+00     0.0000e+00      0  0  0.00
     512   1.00000  0.0000e+00
-5.73970e-10-3.38551e-10-3.08941e-11 3.07148e-10 6.28442e-10 8.92215e-10
 1.07374e-09 1.16740e-09 1.18364e-09 1.14072e-09 1.05386e-09 9.30914e-10
 7.76816e-10 5.98900e-10 4.08605e-10 2.18462e-10 3.62933e-11-1.38491e-10
-3.13535e-10-4.99053e-10-7.02945e-10-9.25324e-10-1.15424e-09-1.36663e-09
-1.53513e-09-1.63828e-09-1.66828e-09-1.62882e-09-1.52514e-09-1.35661e-09
-1.11797e-09-8.07337e-10-4.34775e-10-2.49235e-11 3.87251e-10 7.64238e-10
 1.07582e-09 1.30807e-09 1.46678e-09 1.57329e-09 1.65311e-09 1.72220e-09
 1.78083e-09 1.81912e-09 1.82732e-09 1.80019e-09 1.73278e-09 1.61384e-09
 1.42519e-09 1.14963e-09 7.80987e-10 3.29125e-10-1.79974e-10-7.07054e-10
-1.20648e-09-1.63690e-09-1.97142e-09-2.20155e-09-2.33165e-09-2.36834e-09
-2.31559e-09-2.18115e-09-1.98708e-09-1.77062e-09-1.56927e-09-1.39979e-09
-1.24696e-09-1.07003e-09-8.22171e-10-4.71912e-10-1.76837e-11 5.07952e-10
 1.04610e-09 1.53196e-09 1.92012e-09 2.19798e-09 2.37659e-09 2.46727e-09
 2.46586e-09 2.35909e-09 2.14803e-09 1.86633e-09 1.57498e-09 1.33507e-09
 1.17684e-09 1.08360e-09 9.97770e-10 8.44819e-10 5.65145e-10 1.42175e-10
-3.87298e-10-9.50098e-10-1.47385e-09-1.91936e-09-2.28411e-09-2.57722e-09
-2.79210e-09-2.90295e-09-2.88690e-09-2.74942e-09-2.53066e-09-2.28874e-09
-2.07267e-09-1.90027e-09-1.75090e-09-1.57607e-09-1.32438e-09-9.69961e-10
-5.26778e-10-3.52260e-11 4.72107e-10 9.98468e-10 1.58044e-09 2.25662e-09
 3.03498e-09 3.88543e-09 4.75623e-09 5.59085e-09 6.32949e-09 6.90197e-09
 7.22804e-09 7.23033e-09 6.85262e-09 6.07745e-09 4.94092e-09 3.53759e-09
 2.00438e-09 4.81787e-10-9.29529e-10-2.18942e-09-3.30523e-09-4.30383e-09
-5.21612e-09-6.07964e-09-6.94025e-09-7.83363e-09-8.75324e-09-9.63386e-09
-1.03705e-08-1.08603e-08-1.10385e-08-1.08934e-08-1.04632e-08-9.81805e-09
-9.02874e-09-8.13384e-09-7.12856e-09-5.98649e-09-4.69260e-09-3.25341e-09
-1.67827e-09 3.72145e-11 1.89618e-09 3.86596e-09 5.86351e-09 7.78083e-09
 9.52866e-09 1.10629e-08 1.23803e-08 1.34967e-08 1.44267e-08 1.51659e-08
 1.56784e-08 1.58974e-08 1.57498e-08 1.51923e-08 1.42264e-08 1.28869e-08
 1.12253e-08 9.31335e-09 7.25221e-09 5.15176e-09 3.08217e-09 1.04404e-09
-1.00616e-09-3.09714e-09-5.20530e-09-7.26297e-09-9.18664e-09-1.08920e-08
-1.22937e-08-1.33053e-08-1.38449e-08-1.38445e-08-1.32643e-08-1.21164e-08
-1.04760e-08-8.45469e-09-6.13875e-09-3.53938e-09-5.98228e-10 2.75230e-09
 6.51955e-09 1.06190e-08 1.48884e-08 1.91154e-08 2.30502e-08 2.64159e-08
 2.89441e-08 3.04475e-08 3.09160e-08 3.06057e-08 3.00749e-08 3.01080e-08
 3.14733e-08 3.45169e-08 3.86645e-08 4.19502e-08 4.07457e-08 2.99572e-08
 4.01582e-09-4.11233e-08-1.05077e-07-1.79884e-07-2.50565e-07-3.02185e-07
-3.22088e-07-2.94125e-07-2.07987e-07-7.76121e-08 6.39928e-08 1.81491e-07
 2.44665e-07 2.36886e-07 1.63776e-07 5.35529e-08-5.09966e-08-1.10454e-07
-1.08175e-07-5.59275e-08 1.69053e-08 8.24457e-08 1.29455e-07 1.63057e-07
 1.89778e-07 2.02709e-07 1.83293e-07 1.21552e-07 3.73303e-08-1.81177e-08
 1.11550e-08 1.41975e-07 3.23430e-07 4.56597e-07 4.66571e-07 3.67333e-07
 2.35094e-07 1.18017e-07 2.32006e-09-1.45003e-07-3.34694e-07-5.48184e-07
-7.49370e-07-8.96277e-07-9.46241e-07-8.69333e-07-6.68538e-07-3.84141e-07
-7.72985e-08 1.95822e-07 4.02968e-07 5.37888e-07 6.10199e-07 6.29945e-07
 5.96432e-07 5.00550e-07 3.39887e-07 1.38608e-07-4.64600e-08-1.50161e-07
-1.43589e-07-6.45706e-08 1.65431e-09-8.92287e-09-7.99885e-08-1.33158e-07
-1.14714e-07-5.40417e-08-1.93096e-08-2.92378e-08-4.24558e-08-2.90736e-08
-7.59254e-09-7.75577e-10-5.20799e-10 5.12567e-09 9.62818e-09 8.40675e-09
 8.37622e-09 1.02131e-08 8.61844e-09 5.94201e-09 5.44914e-09 4.08720e-09
 1.64145e-09 9.74306e-10 6.02557e-10-6.58607e-10-1.02377e-09-1.20317e-09
-2.14885e-09-2.42021e-09-2.32099e-09-2.69403e-09-2.69265e-09-2.67717e-09
-3.17264e-09-3.35451e-09-3.34813e-09-3.37318e-09-3.01866e-09-2.74466e-09
-2.70167e-09-2.59774e-09-2.72053e-09-2.87250e-09-2.73714e-09-2.42704e-09
-1.81095e-09-1.04400e-09-3.73547e-10 2.83550e-10 8.21991e-10 1.27213e-09
 1.76084e-09 2.26016e-09 2.84243e-09 3.43359e-09 3.93903e-09 4.38669e-09
 4.71769e-09 4.91499e-09 4.97121e-09 4.89028e-09 4.68426e-09 4.29678e-09
 3.75162e-09 3.12579e-09 2.48913e-09 1.87574e-09 1.21814e-09 4.30389e-10
-4.83924e-10-1.43051e-09-2.34225e-09-3.19023e-09-3.90802e-09-4.45766e-09
-4.87661e-09-5.18796e-09-5.36176e-09-5.39470e-09-5.31923e-09-5.14589e-09
-4.86497e-09-4.43309e-09-3.77080e-09-2.87562e-09-1.87699e-09-9.00687e-10
 3.28236e-11 9.37730e-10 1.79553e-09 2.58259e-09 3.28742e-09 3.90324e-09
 4.44749e-09 4.93550e-09 5.30223e-09 5.42873e-09 5.25573e-09 4.81487e-09
 4.19670e-09 3.50477e-09 2.77136e-09 1.96076e-09 1.08179e-09 2.07510e-10
-6.06597e-10-1.37467e-09-2.15662e-09-2.95174e-09-3.64698e-09-4.11284e-09
-4.28852e-09-4.19435e-09-3.92244e-09-3.55869e-09-3.11303e-09-2.56177e-09
-1.90190e-09-1.15916e-09-3.63740e-10 5.01409e-10 1.46863e-09 2.49012e-09
 3.45335e-09 4.26024e-09 4.85888e-09 5.24655e-09 5.44003e-09 5.45091e-09
 5.30251e-09 5.01127e-09 4.54630e-09 3.85587e-09 2.92124e-09 1.76700e-09
 4.53790e-10-9.20282e-10-2.24761e-09-3.45954e-09-4.52642e-09-5.42535e-09
-6.13651e-09-6.65162e-09-6.97513e-09-7.11788e-09-7.06041e-09-6.73693e-09
-6.10429e-09-5.21236e-09-4.17492e-09-3.09119e-09-2.02226e-09-1.00604e-09
-4.21100e-11 8.91311e-10 1.76664e-09 2.51696e-09 3.09797e-09 3.46344e-09
 3.54717e-09 3.33728e-09 2.90334e-09 2.34518e-09 1.77794e-09 1.31143e-09
 9.89769e-10 8.14214e-10 8.02297e-10 9.33850e-10 1.10672e-09 1.23101e-09
 1.29697e-09 1.32991e-09 1.35746e-09 1.38564e-09 1.35570e-09 1.21231e-09
 1.04936e-09 1.10958e-09 1.61637e-09 2.62589e-09 4.00275e-09 5.47359e-09
 6.71706e-09 7.45383e-09 7.45846e-09 6.54650e-09 4.65093e-09 1.89446e-09
-1.44364e-09-5.00088e-09-8.39568e-09-1.12455e-08-1.31446e-08-1.37296e-08
-1.28318e-08-1.05742e-08-7.36490e-09-3.76359e-09-2.78476e-10 2.72318e-09
 4.99506e-09 6.39806e-09 6.89655e-09 6.59024e-09 5.73536e-09 4.64073e-09
 3.53954e-09 2.55428e-09 1.71546e-09 1.01577e-09 4.39675e-10-7.14726e-11
-6.02087e-10-1.18012e-09-1.74751e-09-2.19085e-09-2.40005e-09-2.33516e-09
-2.04072e-09-1.61315e-09-1.17339e-09-8.33325e-10-6.55152e-10-6.38772e-10
-7.33663e-10-8.55010e-10-9.04635e-10-7.97195e-10-4.79864e-10 5.00956e-11
 7.22837e-10 1.39762e-09 1.89222e-09 2.02391e-09 1.69435e-09 1.00655e-09
 3.47077e-10 4.60495e-11
     0.0000e+00     0.0000e+00      0  0  0.00
     512   1.00000  0.0000e+00
-7.44404e-11-1.27746e-10 1.82732e-12 3.59199e-10 8.91654e-10 1.45055e-09
 1.84445e-09 1.91717e-09 1.61429e-09 1.01185e-09 2.93399e-10-3.18351e-10
-6.47110e-10-6.32900e-10-3.57562e-10-1.15660e-11 1.86942e-10 8.66156e-11
-3.32063e-10-9.48679e-10-1.55318e-09-1.93282e-09-1.95968e-09-1.64439e-09
-1.13120e-09-6.33411e-10-3.38687e-10-3.26596e-10-5.35171e-10-7.92686e-10
-8.99871e-10-7.23348e-10-2.57825e-10 3.69923e-10 9.57521e-10 1.31799e-09
 1.36356e-09 1.14492e-09 8.25957e-10 6.03694e-10 6.13294e-10 8.64263e-10
 1.23737e-09 1.54312e-09 1.61346e-09 1.38155e-09 9.11689e-10 3.67975e-10
-6.33360e-11-2.62273e-10-2.31646e-10-9.18545e-11-1.49722e-11-1.32508e-10
-4.66108e-10-9.16680e-10-1.31498e-09-1.50664e-09-1.43065e-09-1.15207e-09
-8.29307e-10-6.31775e-10-6.51773e-10-8.56107e-10-1.10257e-09-1.21479e-09
-1.07749e-09-6.99260e-10-2.06928e-10 2.23993e-10 4.62311e-10 4.87066e-10
 3.93467e-10 3.36501e-10 4.40987e-10 7.27041e-10 1.09563e-09 1.38589e-09
 1.47119e-09 1.33575e-09 1.08569e-09 8.88438e-10 8.76454e-10 1.07061e-09
 1.36601e-09 1.58824e-09 1.58791e-09 1.31885e-09 8.55995e-10 3.44453e-10
-8.92446e-11-4.11015e-10-6.90962e-10-1.04201e-09-1.52458e-09-2.08433e-09
-2.56789e-09-2.80581e-09-2.70858e-09-2.32086e-09-1.80623e-09-1.37178e-09
-1.17111e-09-1.23742e-09-1.48342e-09-1.76377e-09-1.95556e-09-2.00300e-09
-1.90017e-09-1.63199e-09-1.12624e-09-2.65096e-10 1.03812e-09 2.74380e-09
 4.64047e-09 6.38590e-09 7.61727e-09 8.07640e-09 7.69452e-09 6.60283e-09
 5.06787e-09 3.38755e-09 1.80509e-09 4.82419e-10-4.77255e-10-1.00624e-09
-1.08671e-09-7.94658e-10-3.29157e-10 1.52104e-11-5.99336e-11-7.36933e-10
-1.99522e-09-3.60881e-09-5.23591e-09-6.55748e-09-7.39591e-09-7.75879e-09
-7.79378e-09-7.68935e-09-7.58520e-09-7.54186e-09-7.56548e-09-7.63766e-09
-7.70897e-09-7.66902e-09-7.34259e-09-6.54147e-09-5.15440e-09-3.22587e-09
-9.76509e-10 1.26013e-09 3.16864e-09 4.58783e-09 5.57151e-09 6.33563e-09
 7.12849e-09 8.10685e-09 9.28413e-09 1.05606e-08 1.17932e-08 1.28479e-08
 1.36112e-08 1.39842e-08 1.39008e-08 1.33720e-08 1.25138e-08 1.15143e-08
 1.05397e-08 9.63209e-09 8.67526e-09 7.46818e-09 5.86698e-09 3.89853e-09
 1.76783e-09-2.47532e-10-1.94476e-09-3.28562e-09-4.37917e-09-5.39086e-09
-6.45017e-09-7.60761e-09-8.84909e-09-1.01403e-08-1.14552e-08-1.27543e-08
-1.39273e-08-1.47710e-08-1.50606e-08-1.46734e-08-1.36606e-08-1.22135e-08
-1.05634e-08-8.89055e-09-7.28113e-09-5.72465e-09-4.13449e-09-2.39316e-09
-4.42295e-10 1.58695e-09 3.26482e-09 3.88026e-09 2.66545e-09-7.91233e-10
-6.07468e-09-1.16050e-08-1.46135e-08-1.15490e-08 1.03361e-09 2.50957e-08
 5.93194e-08 9.72195e-08 1.25847e-07 1.26335e-07 8.13540e-08-8.51693e-09
-1.16801e-07-2.06171e-07-2.50726e-07-2.43219e-07-1.85399e-07-8.28860e-08
 4.34172e-08 1.53380e-07 2.06191e-07 1.84651e-07 1.06833e-07 1.70483e-08
-3.87571e-08-3.82830e-08 5.92722e-09 5.79200e-08 8.59748e-08 8.46074e-08
 7.19108e-08 6.72188e-08 7.22909e-08 7.24070e-08 5.35421e-08 1.78968e-08
-1.32293e-08-6.74305e-09 6.17256e-08 1.79507e-07 2.97052e-07 3.53934e-07
 2.90453e-07 6.70242e-08-3.06869e-07-7.80588e-07-1.26900e-06-1.64102e-06
-1.74541e-06-1.45527e-06-7.15587e-07 3.92537e-07 1.63144e-06 2.65818e-06
 3.12113e-06 2.79005e-06 1.67916e-06 9.78104e-08-1.42620e-06-2.34893e-06
-2.35472e-06-1.52914e-06-3.43035e-07 5.86348e-07 8.38693e-07 4.40003e-07
-1.71317e-07-4.79126e-07-2.87561e-07 1.45734e-07 3.86934e-07 2.62128e-07
-5.49296e-09-1.01589e-07 1.08201e-08 1.19009e-07 9.14742e-08 1.49527e-08
-2.58916e-09 1.23551e-08 2.80491e-09-1.25521e-08-8.46866e-09-6.49616e-09
-1.50183e-08-1.40324e-08-6.60350e-09-7.40768e-09-8.00640e-09-2.98718e-09
-2.20181e-09-3.55813e-09-7.40538e-10 4.48094e-10-5.63382e-10 1.07226e-09
 1.74951e-09 4.06543e-10 7.43029e-10 5.66331e-10-7.94902e-10-7.18034e-10
-9.43655e-10-1.78107e-09-1.53044e-09-1.62754e-09-1.86008e-09-1.23913e-09
-1.00044e-09-7.08581e-10-7.61835e-11 2.41058e-11 2.62447e-10 6.21426e-10
 7.84884e-10 1.30029e-09 1.76486e-09 2.09417e-09 2.47043e-09 2.52512e-09
 2.49505e-09 2.42557e-09 2.23050e-09 2.08663e-09 1.79717e-09 1.40485e-09
 1.00663e-09 5.76589e-10 2.41679e-10-4.34643e-11-2.83720e-10-5.27241e-10
-8.88625e-10-1.31845e-09-1.74780e-09-2.06363e-09-2.21401e-09-2.24008e-09
-2.19970e-09-2.17815e-09-2.19868e-09-2.20923e-09-2.10639e-09-1.84162e-09
-1.52435e-09-1.31017e-09-1.21013e-09-1.08205e-09-8.20233e-10-4.67171e-10
-1.44275e-10 7.33090e-11 2.15752e-10 3.80096e-10 6.23832e-10 8.82142e-10
 1.03749e-09 1.07925e-09 1.13731e-09 1.32892e-09 1.59420e-09 1.74582e-09
 1.72116e-09 1.70888e-09 1.93559e-09 2.37486e-09 2.75458e-09 2.86113e-09
 2.79073e-09 2.83806e-09 3.16084e-09 3.61945e-09 3.91456e-09 3.88624e-09
 3.69892e-09 3.65143e-09 3.80825e-09 3.89145e-09 3.55346e-09 2.75798e-09
 1.82460e-09 1.06342e-09 4.67742e-10-2.03426e-10-1.11280e-09-2.14086e-09
-2.99260e-09-3.48217e-09-3.66586e-09-3.72555e-09-3.76363e-09-3.68449e-09
-3.29402e-09-2.53412e-09-1.56260e-09-6.00531e-10 2.54274e-10 1.05726e-09
 1.88325e-09 2.70039e-09 3.38220e-09 3.80651e-09 3.91555e-09 3.70428e-09
 3.19125e-09 2.38288e-09 1.25102e-09-2.33003e-10-2.04038e-09-4.05851e-09
-6.13180e-09-8.14040e-09-1.00253e-08-1.17452e-08-1.32345e-08-1.44119e-08
-1.52148e-08-1.56138e-08-1.56240e-08-1.53020e-08-1.46988e-08-1.38096e-08
-1.25849e-08-1.09953e-08-9.05832e-09-6.80215e-09-4.25564e-09-1.47964e-09
 1.42512e-09 4.32167e-09 7.02671e-09 9.33276e-09 1.10730e-08 1.21803e-08
 1.27090e-08 1.27998e-08 1.26029e-08 1.22456e-08 1.18790e-08 1.17051e-08
 1.18906e-08 1.24311e-08 1.30853e-08 1.34237e-08 1.29924e-08 1.14900e-08
 8.80320e-09 4.94125e-09 5.89067e-11-5.39067e-09-1.05517e-08-1.42963e-08
-1.56033e-08-1.39536e-08-9.45630e-09-2.70721e-09 5.38611e-09 1.36442e-08
 2.05891e-08 2.46355e-08 2.45924e-08 2.01785e-08 1.21945e-08 2.23254e-09
-7.84910e-09-1.63030e-08-2.16432e-08-2.28230e-08-1.95616e-08-1.26340e-08
-3.81711e-09 4.66342e-09 1.09040e-08 1.38238e-08 1.32531e-08 9.77906e-09
 4.54433e-09-9.33997e-10-5.08357e-09-6.78496e-09-5.80821e-09-2.90827e-09
 4.96484e-10 2.90231e-09 3.24719e-09 1.19843e-09-2.79387e-09-7.63553e-09
-1.18986e-08-1.42399e-08-1.38343e-08-1.06933e-08-5.70840e-09-3.58690e-10
 3.81686e-09 5.76664e-09 5.26626e-09 2.94312e-09 8.60734e-12-2.19799e-09
-2.71889e-09-1.37540e-09 1.14138e-09 3.56766e-09 4.66492e-09 3.91179e-09
 2.00074e-09 4.64115e-10
     0.0000e+00     0.0000e+00      0  0  0.00
     512   1.00000  0.0000e+00
 8.45622e-10 1.02415e-09 1.13189e-09 1.10698e-09 9.01096e-10 5.09964e-10
-9.02187e-12-5.45445e-10-9.67384e-10-1.16044e-09-1.06462e-09-7.04528e-10
-1.98083e-10 2.71498e-10 5.18495e-10 4.30660e-10 2.29440e-11-5.59565e-10
-1.09389e-09-1.36565e-09-1.25249e-09-7.71255e-10-7.17106e-11 6.23691e-10
 1.11292e-09 1.30002e-09 1.22973e-09 1.04798e-09 9.08584e-10 8.83167e-10
 9.26820e-10 9.12350e-10 7.07852e-10 2.56327e-10-3.79831e-10-1.03027e-09
-1.48203e-09-1.57203e-09-1.26510e-09-6.77356e-10-2.84649e-11 4.53241e-10
 6.19990e-10 4.45303e-10 9.87363e-12-5.42985e-10-1.05595e-09-1.39972e-09
-1.50494e-09-1.37506e-09-1.07014e-09-6.68144e-10-2.28238e-10 2.21661e-10
 6.71238e-10 1.10322e-09 1.47649e-09 1.72514e-09 1.77054e-09 1.54619e-09
 1.03845e-09 3.30736e-10-3.84417e-10-8.59306e-10-9.01784e-10-4.80650e-10
 2.43449e-10 9.83181e-10 1.44976e-09 1.47342e-09 1.06407e-09 3.91823e-10
-2.99107e-10-8.06086e-10-1.05761e-09-1.12181e-09-1.12331e-09-1.12560e-09
-1.07086e-09-8.31420e-10-3.38482e-10 3.13726e-10 8.75398e-10 1.06368e-09
 7.23203e-10-7.15203e-11-1.02713e-09-1.75105e-09-1.92743e-09-1.46861e-09
-5.59335e-10 4.41935e-10 1.19325e-09 1.53148e-09 1.50376e-09 1.26378e-09
 9.30872e-10 5.26635e-10 2.59530e-11-5.39966e-10-1.02564e-09-1.20935e-09
-9.04562e-10-7.94489e-11 1.08161e-09 2.21610e-09 2.92096e-09 2.93440e-09
 2.26165e-09 1.15993e-09-1.04387e-11-9.64060e-10-1.57963e-09-1.86764e-09
-1.88451e-09-1.68282e-09-1.32351e-09-9.07227e-10-5.73988e-10-4.62677e-10
-6.56497e-10-1.14045e-09-1.78571e-09-2.37647e-09-2.68780e-09-2.58860e-09
-2.10770e-09-1.41216e-09-7.11989e-10-1.66774e-10 1.44509e-10 2.04693e-10
 4.77661e-11-2.25031e-10-4.45004e-10-4.33342e-10-9.18443e-11 5.44905e-10
 1.33494e-09 2.09905e-09 2.67974e-09 2.97186e-09 2.94124e-09 2.63381e-09
 2.15705e-09 1.63602e-09 1.18047e-09 8.88109e-10 8.55779e-10 1.14733e-09
 1.72309e-09 2.40894e-09 2.96866e-09 3.23697e-09 3.19744e-09 2.94412e-09
 2.58723e-09 2.20611e-09 1.87406e-09 1.69216e-09 1.77710e-09 2.21692e-09
 3.02992e-09 4.12075e-09 5.21606e-09 5.81917e-09 5.26318e-09 2.89416e-09
-1.66019e-09-8.20873e-09-1.58040e-08-2.27875e-08-2.71604e-08-2.71927e-08
-2.20556e-08-1.22218e-08 5.63089e-10 1.37477e-08 2.46828e-08 3.12981e-08
 3.25615e-08 2.86416e-08 2.07652e-08 1.08015e-08 6.86070e-10-8.10983e-09
-1.48467e-08-1.94699e-08-2.24068e-08-2.43450e-08-2.59935e-08-2.78416e-08
-3.00327e-08-3.24331e-08-3.48132e-08-3.69672e-08-3.86834e-08-3.96360e-08
-3.93374e-08-3.72367e-08-3.29567e-08-2.65827e-08-1.88690e-08-1.12345e-08
-5.50786e-09-3.45112e-09-6.07379e-09-1.27208e-08-2.00356e-08-2.12073e-08
-6.18395e-09 3.64663e-08 1.15692e-07 2.32231e-07 3.73009e-07 5.08973e-07
 5.96367e-07 5.85172e-07 4.45017e-07 1.91830e-07-1.17636e-07-4.08690e-07
-6.03774e-07-6.45100e-07-5.23346e-07-2.87553e-07-2.98180e-08 1.51618e-07
 1.95337e-07 1.01042e-07-7.70206e-08-2.63759e-07-4.02177e-07-4.69089e-07
-4.60513e-07-3.66903e-07-1.70560e-07 1.19180e-07 4.19247e-07 5.70665e-07
 4.23070e-07-2.83663e-08-5.71873e-07-8.77282e-07-7.38455e-07-2.50019e-07
 2.98564e-07 6.90790e-07 8.90110e-07 9.43280e-07 8.73733e-07 6.66309e-07
 3.18817e-07-1.19189e-07-5.58447e-07-8.80710e-07-9.44946e-07-6.43583e-07
 7.56660e-09 8.16131e-07 1.45497e-06 1.60155e-06 1.10850e-06 1.15793e-07
-9.72238e-07-1.66401e-06-1.63872e-06-9.48520e-07-2.14349e-08 5.89049e-07
 5.74384e-07 9.35663e-08-3.59602e-07-3.85128e-07-3.12414e-08 2.94912e-07
 2.87035e-07 5.46671e-08-7.82997e-08-2.85723e-09 1.02784e-07 9.23370e-08
 3.24679e-08 2.20728e-08 3.38654e-08 1.96624e-08 5.48760e-09 1.07273e-08
 8.35008e-09-3.83312e-09-3.54479e-09 8.75341e-10-3.17641e-09-3.41101e-09
 1.24109e-09-4.06580e-10-2.48473e-09-3.82514e-10-1.25598e-09-2.41310e-09
-1.01145e-10-2.74969e-12-1.11885e-09-2.49988e-10-6.38965e-10-9.22083e-10
 8.29693e-10 1.40484e-09 1.32746e-09 1.43875e-09 8.01274e-11-9.82821e-10
-9.79711e-10-8.45000e-10 4.87358e-10 2.15043e-09 2.91550e-09 3.22787e-09
 2.53386e-09 1.33090e-09 5.71273e-10 3.06652e-11 8.39156e-11 4.60426e-10
 5.64560e-10 5.21532e-10 9.53368e-11-5.26950e-10-1.10594e-09-1.75196e-09
-2.25841e-09-2.68593e-09-3.08104e-09-3.37962e-09-3.54368e-09-3.36789e-09
-2.96649e-09-2.62389e-09-2.52945e-09-2.67029e-09-2.72333e-09-2.39526e-09
-1.63960e-09-6.75704e-10 2.49964e-10 1.02363e-09 1.57792e-09 1.92685e-09
 2.17038e-09 2.39960e-09 2.65117e-09 2.96498e-09 3.37335e-09 3.82660e-09
 4.21319e-09 4.37640e-09 4.14516e-09 3.49903e-09 2.65684e-09 1.89211e-09
 1.34701e-09 1.05706e-09 9.93121e-10 1.02953e-09 9.73747e-10 6.70213e-10
 8.61730e-11-6.44313e-10-1.25514e-09-1.51334e-09-1.37210e-09-9.34636e-10
-3.54894e-10 1.92729e-10 5.68188e-10 7.10286e-10 5.97727e-10 2.47658e-10
-2.36670e-10-6.78665e-10-9.24740e-10-9.91810e-10-1.10919e-09-1.54833e-09
-2.42117e-09-3.61111e-09-4.83718e-09-5.82082e-09-6.42180e-09-6.63898e-09
-6.55128e-09-6.26978e-09-5.91843e-09-5.62166e-09-5.43812e-09-5.30774e-09
-5.09252e-09-4.64113e-09-3.85458e-09-2.75132e-09-1.46636e-09-2.02988e-10
 8.49060e-10 1.64381e-09 2.34025e-09 3.19753e-09 4.38642e-09 5.86710e-09
 7.41888e-09 8.77454e-09 9.74100e-09 1.02352e-08 1.02454e-08 9.79417e-09
 8.95687e-09 7.87699e-09 6.70923e-09 5.52058e-09 4.22790e-09 2.65318e-09
 7.14023e-10-1.41585e-09-3.37052e-09-4.81060e-09-5.56884e-09-5.67039e-09
-5.30029e-09-4.69095e-09-3.97442e-09-3.17256e-09-2.26795e-09-1.19948e-09
 1.05536e-10 1.60381e-09 3.10991e-09 4.39644e-09 5.26500e-09 5.60263e-09
 5.44476e-09 4.93834e-09 4.25809e-09 3.59722e-09 3.11347e-09 2.75293e-09
 2.19176e-09 1.02633e-09-9.84915e-10-3.75960e-09-6.87589e-09-9.82851e-09
-1.23647e-08-1.45082e-08-1.62910e-08-1.75368e-08-1.78702e-08-1.68832e-08
-1.43736e-08-1.05404e-08-5.98295e-09-1.52571e-09 1.98552e-09 3.91884e-09
 4.11692e-09 2.99300e-09 1.35911e-09 8.30691e-11-2.23432e-10 7.23894e-10
 2.99392e-09 6.48328e-09 1.08465e-08 1.54214e-08 1.92546e-08 2.13356e-08
 2.09634e-08 1.80344e-08 1.31156e-08 7.24736e-09 1.60807e-09-2.75436e-09
-5.13066e-09-5.33993e-09-3.80938e-09-1.45874e-09 6.31512e-10 1.62608e-09
 1.16755e-09-6.03708e-10-3.13187e-09-5.59885e-09-7.14704e-09-7.15399e-09
-5.48035e-09-2.54317e-09 8.16043e-10 3.58013e-09 4.86530e-09 4.22523e-09
 1.84779e-09-1.45475e-09-4.52044e-09-6.28856e-09-6.21714e-09-4.48347e-09
-1.88333e-09 5.07086e-10 1.76663e-09 1.53675e-09 2.30725e-10-1.10470e-09
-1.26199e-09-4.52145e-10
     0.0000e+00     0.0000e+00      0  0  0.00
     512   1.00000  0.0000e+00
 4.72934e-10 4.94682e-10 4.35740e-10 2.83970e-10 6.03958e-11-1.76696e-10
-3.51880e-10-4.05118e-10-3.16490e-10-1.17301e-10 1.17918e-10 3.00870e-10
 3.64339e-10 2.87238e-10 1.03920e-10-1.09520e-10-2.67843e-10-3.10777e-10
-2.27538e-10-6.29949e-11 1.02258e-10 1.87656e-10 1.45575e-10-1.87100e-11
-2.48726e-10-4.62472e-10-5.87780e-10-5.91761e-10-4.94506e-10-3.57877e-10
-2.53854e-10-2.31357e-10-2.94403e-10-3.98587e-10-4.71417e-10-4.47470e-10
-2.99084e-10-5.00174e-11 2.33706e-10 4.73536e-10 6.13361e-10 6.42874e-10
 6.00544e-10 5.53304e-10 5.61469e-10 6.48650e-10 7.91097e-10 9.28843e-10
 9.93781e-10 9.42263e-10 7.75778e-10 5.39429e-10 2.98434e-10 1.04539e-10
-2.83748e-11-1.27310e-10-2.42962e-10-4.20228e-10-6.69726e-10-9.56917e-10
-1.21605e-09-1.38081e-09-1.41561e-09-1.33173e-09-1.18002e-09-1.02423e-09
-9.08384e-10-8.34284e-10-7.62768e-10-6.38932e-10-4.24734e-10-1.20238e-10
 2.35164e-10 5.81137e-10 8.65966e-10 1.07123e-09 1.21664e-09 1.34164e-09
 1.47476e-09 1.61026e-09 1.70658e-09 1.70680e-09 1.56989e-09 1.29626e-09
 9.32684e-10 5.51767e-10 2.17785e-10-4.04180e-11-2.34624e-10-4.00856e-10
-5.72943e-10-7.60394e-10-9.42643e-10-1.08475e-09-1.16554e-09-1.19735e-09
-1.22171e-09-1.28386e-09-1.40214e-09-1.55003e-09-1.66105e-09-1.65541e-09
-1.47601e-09-1.11427e-09-6.11040e-10-3.48749e-11 5.44539e-10 1.07135e-09
 1.50293e-09 1.80036e-09 1.92119e-09 1.82550e-09 1.49915e-09 9.82714e-10
 3.83324e-10-1.44348e-10-4.42127e-10-3.98636e-10 1.39900e-11 7.30774e-10
 1.61541e-09 2.50236e-09 3.23781e-09 3.70132e-09 3.80999e-09 3.52101e-09
 2.84161e-09 1.83966e-09 6.42662e-10-5.83139e-10-1.67305e-09-2.51283e-09
-3.07493e-09-3.42025e-09-3.66239e-09-3.91369e-09-4.23942e-09-4.63708e-09
-5.04558e-09-5.37680e-09-5.55190e-09-5.52303e-09-5.27490e-09-4.81899e-09
-4.19505e-09-3.47526e-09-2.75475e-09-2.12365e-09-1.63244e-09-1.26656e-09
-9.43350e-10-5.39276e-10 5.77197e-11 8.95107e-10 1.93349e-09 3.06729e-09
 4.17142e-09 5.14597e-09 5.94171e-09 6.56173e-09 7.04382e-09 7.43664e-09
 7.78295e-09 8.11004e-09 8.41772e-09 8.66386e-09 8.76496e-09 8.62760e-09
 8.20243e-09 7.53241e-09 6.76254e-09 6.08908e-09 5.66039e-09 5.48559e-09
 5.41245e-09 5.19053e-09 4.58089e-09 3.45384e-09 1.83621e-09-9.82505e-11
-2.08640e-09-3.86512e-09-5.26301e-09-6.25642e-09-6.96585e-09-7.59753e-09
-8.35809e-09-9.37852e-09-1.06744e-08-1.21547e-08-1.36752e-08-1.51132e-08
-1.64254e-08-1.76524e-08-1.88613e-08-2.00495e-08-2.10708e-08-2.16471e-08
-2.14741e-08-2.03851e-08-1.85166e-08-1.64314e-08-1.51472e-08-1.59862e-08
-2.01881e-08-2.83000e-08-3.94361e-08-5.05817e-08-5.62433e-08-4.88722e-08
-2.04804e-08 3.43480e-08 1.14299e-07 2.06845e-07 2.88576e-07 3.37941e-07
 3.47574e-07 3.14813e-07 2.32188e-07 1.02259e-07-5.24158e-08-1.99301e-07
-3.04932e-07-3.43928e-07-3.13225e-07-2.36936e-07-1.55542e-07-1.06915e-07
-1.06451e-07-1.36788e-07-1.58970e-07-1.41043e-07-8.35957e-08-2.16554e-08
 2.15763e-09-2.82560e-08-9.15018e-08-1.45978e-07-1.56402e-07-1.10751e-07
-2.21084e-08 7.65422e-08 1.42589e-07 1.49647e-07 1.17669e-07 1.08251e-07
 1.77089e-07 3.34671e-07 5.53019e-07 7.87318e-07 9.79139e-07 1.05831e-06
 9.59610e-07 6.44359e-07 1.21238e-07-5.36936e-07-1.19619e-06-1.69226e-06
-1.87876e-06-1.67874e-06-1.12468e-06-3.65595e-07 3.73601e-07 8.72765e-07
 1.00665e-06 8.01437e-07 4.21817e-07 8.47157e-08-5.78857e-08 2.51670e-09
 1.44132e-07 2.15837e-07 1.53848e-07 1.95192e-08-7.37079e-08-7.28397e-08
-2.37520e-08-1.69339e-09-2.44159e-08-5.09487e-08-4.94941e-08-3.22690e-08
-2.20428e-08-1.88531e-08-1.31932e-08-6.14731e-09-1.74499e-09 2.34914e-09
 7.25193e-09 9.98761e-09 1.05520e-08 1.10450e-08 1.07790e-08 9.21938e-09
 7.83836e-09 6.68635e-09 5.06138e-09 3.65098e-09 2.56027e-09 1.15995e-09
-1.88945e-10-1.29929e-09-2.53595e-09-3.61259e-09-4.37305e-09-5.07765e-09
-5.55446e-09-5.76743e-09-5.92037e-09-5.90039e-09-5.75346e-09-5.61701e-09
-5.38077e-09-5.07801e-09-4.73848e-09-4.26715e-09-3.71225e-09-3.07739e-09
-2.35566e-09-1.62981e-09-8.78408e-10-9.67661e-11 6.75609e-10 1.43740e-09
 2.14208e-09 2.77326e-09 3.33111e-09 3.78366e-09 4.14011e-09 4.41484e-09
 4.60333e-09 4.66422e-09 4.55182e-09 4.29729e-09 3.93870e-09 3.48700e-09
 2.96874e-09 2.40413e-09 1.77295e-09 1.05081e-09 2.80752e-10-4.64874e-10
-1.14486e-09-1.73152e-09-2.22178e-09-2.63702e-09-2.96430e-09-3.17408e-09
-3.29491e-09-3.35781e-09-3.30493e-09-3.07059e-09-2.68585e-09-2.21776e-09
-1.69805e-09-1.14940e-09-5.71457e-10 7.65115e-11 7.71962e-10 1.38187e-09
 1.80420e-09 2.08100e-09 2.32637e-09 2.59735e-09 2.83908e-09 2.91620e-09
 2.73336e-09 2.35625e-09 1.93798e-09 1.52243e-09 1.02641e-09 3.86063e-10
-3.63697e-10-1.10454e-09-1.71626e-09-2.18523e-09-2.59499e-09-3.00673e-09
-3.37450e-09-3.56875e-09-3.50873e-09-3.24131e-09-2.84295e-09-2.32603e-09
-1.65911e-09-8.14913e-10 1.64784e-10 1.16332e-09 2.10133e-09 2.98241e-09
 3.81742e-09 4.57887e-09 5.19906e-09 5.59415e-09 5.72819e-09 5.62222e-09
 5.29910e-09 4.76547e-09 4.01712e-09 3.05521e-09 1.93558e-09 7.50103e-10
-4.61572e-10-1.70312e-09-2.94668e-09-4.13051e-09-5.18090e-09-6.02212e-09
-6.60953e-09-6.93317e-09-6.99164e-09-6.78913e-09-6.33269e-09-5.64303e-09
-4.77768e-09-3.79786e-09-2.73523e-09-1.61879e-09-4.82309e-10 6.38666e-10
 1.67679e-09 2.56204e-09 3.28243e-09 3.84191e-09 4.21266e-09 4.38148e-09
 4.34995e-09 4.09053e-09 3.59540e-09 2.90312e-09 2.03136e-09 9.96069e-10
-1.06867e-10-1.13769e-09-1.98750e-09-2.57692e-09-2.85875e-09-2.84025e-09
-2.55044e-09-2.01935e-09-1.34209e-09-6.99356e-10-2.48753e-10-3.41783e-11
-1.67243e-11-1.28390e-10-2.80074e-10-3.60200e-10-2.14367e-10 3.83103e-10
 1.63953e-09 3.54193e-09 5.78581e-09 7.91664e-09 9.47263e-09 1.00374e-08
 9.28862e-09 7.03698e-09 3.28242e-09-1.64580e-09-7.03023e-09-1.19369e-08
-1.54725e-08-1.69708e-08-1.60794e-08-1.27770e-08-7.41486e-09-7.63710e-10
 6.06369e-09 1.18386e-08 1.55360e-08 1.66280e-08 1.51581e-08 1.16218e-08
 6.83075e-09 1.76587e-09-2.61186e-09-5.54794e-09-6.68651e-09-6.18503e-09
-4.62404e-09-2.77326e-09-1.32962e-09-7.11156e-10-9.95514e-10-1.95396e-09
-3.10755e-09-3.87232e-09-3.77659e-09-2.63383e-09-6.39991e-10 1.66189e-09
 3.59173e-09 4.57561e-09 4.30947e-09 2.85724e-09 6.40194e-10-1.69994e-09
-3.48657e-09-4.21419e-09-3.72835e-09-2.26705e-09-3.59443e-10 1.35755e-09
 2.37359e-09 2.48470e-09 1.82470e-09 7.87342e-10-1.35486e-10-5.79697e-10
-4.67456e-10-1.41432e-10
     0.0000e+00     0.0000e+00      0  0  0.00
     512   1.00000  0.0000e+00
 3.30420e-10 4.66337e-11-2.75430e-10-5.68165e-10-7.62958e-10-8.16662e-10
-7.32580e-10-5.61297e-10-3.82610e-10-2.76112e-10-2.88247e-10-4.11928e-10
-5.89165e-10-7.33293e-10-7.63046e-10-6.36020e-10-3.66565e-10-2.12929e-11
 3.05450e-10 5.28385e-10 6.05601e-10 5.53442e-10 4.36194e-10 3.36483e-10
 3.18137e-10 3.98545e-10 5.43340e-10 6.83490e-10 7.47306e-10 6.94227e-10
 5.33441e-10 3.18750e-10 1.23215e-10 4.12170e-12-2.48003e-11 1.16435e-12
 1.56355e-11-4.65435e-11-2.16268e-10-4.72977e-10-7.51720e-10-9.69639e-10
-1.06028e-09-1.00139e-09-8.22718e-10-5.90402e-10-3.76365e-10-2.27060e-10
-1.45907e-10-9.83227e-11-3.50736e-11 7.99587e-11 2.50139e-10 4.42928e-10
 6.06054e-10 6.95298e-10 6.98438e-10 6.42412e-10 5.79608e-10 5.59662e-10
 6.01248e-10 6.79049e-10 7.33629e-10 7.00245e-10 5.42233e-10 2.71644e-10
-5.35697e-11-3.54223e-10-5.64369e-10-6.59228e-10-6.62454e-10-6.28108e-10
-6.07174e-10-6.18766e-10-6.42973e-10-6.37544e-10-5.66730e-10-4.25415e-10
-2.44571e-10-7.41872e-11 4.62405e-11 1.11379e-10 1.52851e-10 2.18306e-10
 3.38532e-10 5.02388e-10 6.55242e-10 7.24077e-10 6.57258e-10 4.56174e-10
 1.78955e-10-8.60739e-11-2.60795e-10-3.09053e-10-2.45352e-10-1.19524e-10
 1.20713e-11 1.11726e-10 1.67302e-10 1.79446e-10 1.43161e-10 4.19336e-11
-1.38455e-10-3.85585e-10-6.43059e-10-8.15168e-10-7.97862e-10-5.24497e-10
-3.21672e-12 6.74212e-10 1.35717e-09 1.88223e-09 2.11940e-09 2.00152e-09
 1.53022e-09 7.62637e-10-2.07654e-10-1.26207e-09-2.26078e-09-3.05183e-09
-3.49622e-09-3.50494e-09-3.07058e-09-2.27780e-09-1.28601e-09-2.86839e-10
 5.50088e-10 1.12167e-09 1.40815e-09 1.45843e-09 1.35643e-09 1.18776e-09
 1.01966e-09 8.95028e-10 8.34778e-10 8.39595e-10 8.87136e-10 9.31715e-10
 9.17376e-10 8.03784e-10 5.90508e-10 3.24552e-10 8.66597e-11-3.87716e-11
-4.47087e-13 1.91938e-10 4.65965e-10 7.15360e-10 8.43143e-10 7.93818e-10
 5.61775e-10 1.82545e-10-2.80364e-10-7.48139e-10-1.14033e-09-1.39058e-09
-1.46449e-09-1.37748e-09-1.20298e-09-1.05801e-09-1.06452e-09-1.29964e-09
-1.75277e-09-2.30306e-09-2.72320e-09-2.70901e-09-1.93016e-09-1.03192e-10
 2.89903e-09 6.90067e-09 1.13108e-08 1.51746e-08 1.74313e-08 1.72664e-08
 1.43918e-08 9.15664e-09 2.47293e-09-4.41255e-09-1.02347e-08-1.40287e-08
-1.53584e-08-1.43941e-08-1.18272e-08-8.64624e-09-5.82758e-09-4.04000e-09
-3.49946e-09-4.03628e-09-5.29055e-09-6.89900e-09-8.60643e-09-1.02946e-08
-1.19384e-08-1.35216e-08-1.49681e-08-1.61266e-08-1.68083e-08-1.68570e-08
-1.62242e-08-1.50230e-08-1.35417e-08-1.22160e-08-1.15614e-08-1.20426e-08
-1.38325e-08-1.64594e-08-1.84548e-08-1.71937e-08-9.13094e-09 9.40979e-09
 4.08004e-08 8.41124e-08 1.32958e-07 1.74125e-07 1.91803e-07 1.79455e-07
 1.42217e-07 8.40063e-08 8.61120e-09-6.73322e-08-1.21203e-07-1.38612e-07
-1.16602e-07-6.41596e-08 5.61061e-10 5.62869e-08 8.42193e-08 7.67090e-08
 4.36937e-08 7.00303e-09-1.41577e-08-1.54559e-08-9.82680e-09-1.78874e-08
-5.21231e-08-1.07496e-07-1.66386e-07-2.11516e-07-2.33147e-07-2.28394e-07
-2.02308e-07-1.71856e-07-1.62018e-07-1.89835e-07-2.51694e-07-3.28381e-07
-3.93233e-07-4.09810e-07-3.37646e-07-1.50504e-07 1.54785e-07 5.56733e-07
 1.00217e-06 1.40481e-06 1.65917e-06 1.66599e-06 1.36461e-06 7.66079e-07
-2.78565e-08-8.37301e-07-1.45272e-06-1.70662e-06-1.54274e-06-1.04864e-06
-4.27731e-07 8.54309e-08 3.31488e-07 2.98249e-07 1.14186e-07-3.94809e-08
-4.77971e-08 7.01892e-08 1.96524e-07 2.25268e-07 1.53263e-07 6.57780e-08
 3.73687e-08 5.96828e-08 7.32141e-08 4.99711e-08 1.60491e-08 3.25405e-10
-2.07831e-09-6.69893e-09-1.25278e-08-1.34085e-08-1.24775e-08-1.27485e-08
-1.11774e-08-7.60257e-09-5.25784e-09-3.59967e-09-1.18148e-09 4.68641e-10
 1.10149e-09 2.05772e-09 2.69724e-09 2.49723e-09 2.39544e-09 2.17812e-09
 1.41060e-09 7.90950e-10 3.10905e-10-3.63422e-10-8.68404e-10-1.31125e-09
-1.85411e-09-2.10754e-09-2.12453e-09-2.00536e-09-1.54906e-09-9.62580e-10
-4.33080e-10 5.08732e-11 3.71872e-10 6.45766e-10 9.94588e-10 1.33878e-09
 1.73000e-09 2.13082e-09 2.41307e-09 2.54388e-09 2.47355e-09 2.26642e-09
 2.00662e-09 1.65360e-09 1.20607e-09 6.82417e-10 1.10108e-10-4.89962e-10
-1.12361e-09-1.72295e-09-2.23930e-09-2.69867e-09-3.12429e-09-3.51296e-09
-3.81603e-09-3.97762e-09-3.97808e-09-3.84512e-09-3.61332e-09-3.28079e-09
-2.86083e-09-2.37278e-09-1.78213e-09-1.06385e-09-2.77017e-10 5.15212e-10
 1.31730e-09 2.11306e-09 2.82526e-09 3.40849e-09 3.87472e-09 4.24272e-09
 4.52782e-09 4.71708e-09 4.75261e-09 4.61666e-09 4.37011e-09 4.04315e-09
 3.57361e-09 2.89898e-09 2.03967e-09 1.07879e-09 1.25063e-10-7.28643e-10
-1.48402e-09-2.22602e-09-2.98446e-09-3.68282e-09-4.23342e-09-4.61078e-09
-4.85510e-09-5.01395e-09-5.03914e-09-4.81290e-09-4.30266e-09-3.59753e-09
-2.81287e-09-2.00404e-09-1.14780e-09-2.23381e-10 7.26271e-10 1.64685e-09
 2.50019e-09 3.25313e-09 3.89842e-09 4.41794e-09 4.73912e-09 4.79845e-09
 4.60066e-09 4.21238e-09 3.71775e-09 3.13365e-09 2.42032e-09 1.59602e-09
 7.36072e-10-1.10299e-10-9.31647e-10-1.72710e-09-2.46521e-09-3.06957e-09
-3.47977e-09-3.68814e-09-3.71440e-09-3.59771e-09-3.38402e-09-3.07797e-09
-2.64442e-09-2.07661e-09-1.41479e-09-6.93756e-10 7.28836e-11 8.61224e-10
 1.62357e-09 2.29338e-09 2.81398e-09 3.17827e-09 3.40614e-09 3.49477e-09
 3.42834e-09 3.20075e-09 2.79865e-09 2.19322e-09 1.38061e-09 4.14812e-10
-6.28893e-10-1.68002e-09-2.64172e-09-3.41465e-09-3.95394e-09-4.23399e-09
-4.20798e-09-3.85576e-09-3.20785e-09-2.31731e-09-1.27320e-09-1.97841e-10
 8.10768e-10 1.66132e-09 2.22539e-09 2.42641e-09 2.33108e-09 2.09585e-09
 1.89965e-09 1.91997e-09 2.25940e-09 2.89601e-09 3.73292e-09 4.61645e-09
 5.28632e-09 5.39793e-09 4.64597e-09 2.87493e-09 1.14991e-10-3.41485e-09
-7.31894e-09-1.10559e-08-1.39530e-08-1.52791e-08-1.44674e-08-1.13453e-08
-6.21855e-09 1.82493e-10 6.87555e-09 1.28192e-08 1.70386e-08 1.87730e-08
 1.76597e-08 1.38634e-08 8.10273e-09 1.48965e-09-4.78102e-09-9.67292e-09
-1.24609e-08-1.28628e-08-1.10815e-08-7.76300e-09-3.86208e-09-3.49846e-10
 2.08110e-09 3.16270e-09 3.06486e-09 2.26145e-09 1.32688e-09 7.87444e-10
 9.74393e-10 1.88569e-09 3.18042e-09 4.30020e-09 4.66828e-09 3.92704e-09
 2.08362e-09-4.99807e-10-3.20914e-09-5.34988e-09-6.35999e-09-5.97988e-09
-4.33610e-09-1.92057e-09 5.64923e-10 2.45527e-09 3.33976e-09 3.17120e-09
 2.24431e-09 1.04459e-09 4.52408e-11-4.58470e-10-4.53376e-10-1.89039e-10
 3.80331e-12 2.19083e-11
