      10
(6e12.5)
     0.0000e+00     0.0000e+00      0  0  0.00
     512   1.00000  0.0000e+00
-2.60926e-09-2.65732e-09-2.52303e-09-2.24319e-09-1.86890e-09-1.46113e-09
-1.08565e-09-8.07989e-10-6.90057e-10-7.88153e-10-1.15115e-09-1.81780e-09
-2.81341e-09-4.14668e-09-5.80668e-09-7.76039e-09-9.95118e-09-1.22986e-08
-1.46988e-08-1.70255e-08-1.91325e-08-2.08582e-08-2.20346e-08-2.24978e-08
-2.21015e-08-2.07295e-08-1.83085e-08-1.48193e-08-1.03058e-08-4.88095e-09
 1.27072e-09 7.89626e-09 1.46830e-08 2.12739e-08 2.72892e-08 3.23531e-08
 3.61249e-08 3.83320e-08 3.88024e-08 3.74942e-08 3.45201e-08 3.01662e-08
 2.48984e-08 1.93518e-08 1.42991e-08 1.05981e-08 9.12162e-09 1.06750e-08
 1.59053e-08 2.52078e-08 3.86342e-08 5.58132e-08 7.58915e-08 9.75048e-08
 1.18789e-07 1.37437e-07 1.50811e-07 1.56101e-07 1.50537e-07 1.31635e-07
 9.74725e-08 4.69683e-08-1.98466e-08-1.01603e-07-1.95434e-07-2.96917e-07
-4.00152e-07-4.97994e-07-5.82450e-07-6.45207e-07-6.78286e-07-6.74743e-07
-6.29360e-07-5.39249e-07-4.04350e-07-2.27809e-07-1.62449e-08 2.20143e-07
 4.67686e-07 7.09683e-07 9.27226e-07 1.10039e-06 1.20993e-06 1.23969e-06
 1.17965e-06 1.02909e-06 7.98647e-07 5.09743e-07 1.91479e-07-1.22911e-07
-4.00831e-07-6.17658e-07-7.62463e-07-8.37838e-07-8.55137e-07-8.28007e-07
-7.66868e-07-6.77310e-07-5.63086e-07-4.30725e-07-2.91398e-07-1.58014e-07
-4.00652e-08 5.89124e-08 1.39071e-07 2.00211e-07 2.40767e-07 2.60396e-07
 2.62028e-07 2.50377e-07 2.29207e-07 2.01016e-07 1.68665e-07 1.35667e-07
 1.04749e-07 7.72324e-08 5.39109e-08 3.55348e-08 2.22851e-08 1.35805e-08
 8.60482e-09 6.57969e-09 6.59208e-09 7.62518e-09 8.81500e-09 9.51643e-09
 9.23341e-09 7.64569e-09 4.65702e-09 3.58535e-10-5.02502e-09-1.11637e-08
-1.76591e-08-2.40907e-08-3.00539e-08-3.51899e-08-3.92098e-08-4.19074e-08
-4.31653e-08-4.29542e-08-4.13255e-08-3.83992e-08-3.43497e-08-2.93919e-08
-2.37661e-08-1.77231e-08-1.15101e-08-5.35890e-09 5.22695e-10 5.95860e-09
 1.08090e-08 1.49719e-08 1.83812e-08 2.10027e-08 2.28290e-08 2.38733e-08
 2.41631e-08 2.37348e-08 2.26296e-08 2.08923e-08 1.85722e-08 1.57254e-08
 1.24180e-08 8.72924e-09 4.75341e-09 5.99501e-10-3.60968e-09-7.73971e-09
-1.16476e-08-1.51859e-08-1.82089e-08-2.05783e-08-2.21697e-08-2.28789e-08
-2.26287e-08-2.13764e-08-1.91204e-08-1.59056e-08-1.18282e-08-7.03576e-09
-1.72403e-09 3.87045e-09 9.48177e-09 1.48291e-08 1.96334e-08 2.36349e-08
 2.66109e-08 2.83915e-08 2.88712e-08 2.80159e-08 2.58658e-08 2.25357e-08
 1.82090e-08 1.31281e-08 7.57834e-09 1.86958e-09-3.68666e-09-8.80048e-09
-1.32252e-08-1.67747e-08-1.93357e-08-2.08725e-08-2.14245e-08-2.10979e-08
-2.00513e-08-1.84762e-08-1.65762e-08-1.45449e-08-1.25469e-08-1.07010e-08
-9.06864e-09-7.64982e-09-6.38740e-09-5.18039e-09-3.90348e-09-2.43003e-09
-6.55539e-10 1.48105e-09 3.98121e-09 6.77997e-09 9.74983e-09 1.27138e-08
 1.54646e-08 1.77885e-08 1.94902e-08 2.04183e-08 2.04826e-08 1.96642e-08
 1.80158e-08 1.56532e-08 1.27410e-08 9.47317e-09 6.05036e-09 2.65763e-09
-5.52758e-10-3.47054e-09-6.02905e-09-8.20062e-09-9.98721e-09-1.14082e-08
-1.24870e-08-1.32401e-08-1.36711e-08-1.37723e-08-1.35309e-08-1.29398e-08
-1.20078e-08-1.07690e-08-9.28626e-09-7.64924e-09-5.96558e-09-4.34725e-09
-2.89375e-09-1.67565e-09-7.22044e-10-1.55164e-11 5.04003e-10 9.27698e-10
 1.36150e-09 1.90752e-09 2.64644e-09 3.62476e-09 4.84966e-09 6.29129e-09
 7.89061e-09 9.56964e-09 1.12415e-08 1.28181e-08 1.42130e-08 1.53407e-08
 1.61130e-08 1.64356e-08 1.62097e-08 1.53378e-08 1.37356e-08 1.13495e-08
 8.17507e-09 4.27260e-09-2.25748e-10-5.11851e-09-1.01481e-08-1.50231e-08
-1.94464e-08-2.31439e-08-2.58884e-08-2.75153e-08-2.79305e-08-2.71105e-08
-2.50975e-08-2.19929e-08-1.79514e-08-1.31752e-08-7.90768e-09-2.42320e-09
 2.98734e-09 8.03666e-09 1.24654e-08 1.60670e-08 1.87094e-08 2.03475e-08
 2.10248e-08 2.08627e-08 2.00380e-08 1.87527e-08 1.72028e-08 1.55519e-08
 1.39139e-08 1.23453e-08 1.08484e-08 9.38154e-09 7.87430e-09 6.24398e-09
 4.41050e-09 2.30918e-09-9.83373e-11-2.81484e-09-5.80068e-09-8.97024e-09
-1.21927e-08-1.52987e-08-1.80947e-08-2.03847e-08-2.19963e-08-2.28060e-08
-2.27563e-08-2.18611e-08-2.01984e-08-1.78936e-08-1.50956e-08-1.19520e-08
-8.58913e-09-5.10142e-09-1.55299e-09 2.01171e-09 5.55351e-09 9.02602e-09
 1.23679e-08 1.55007e-08 1.83310e-08 2.07567e-08 2.26750e-08 2.39906e-08
 2.46234e-08 2.45154e-08 2.36379e-08 2.19983e-08 1.96448e-08 1.66658e-08
 1.31836e-08 9.34102e-09 5.28421e-09 1.14614e-09-2.96497e-09-6.96789e-09
-1.08010e-08-1.44091e-08-1.77285e-08-2.06783e-08-2.31590e-08-2.50621e-08
-2.62873e-08-2.67597e-08-2.64441e-08-2.53489e-08-2.35225e-08-2.10416e-08
-1.79981e-08-1.44871e-08-1.06008e-08-6.42722e-09-2.05270e-09 2.43486e-09
 6.94310e-09 1.13733e-08 1.56197e-08 1.95693e-08 2.31031e-08 2.60983e-08
 2.84348e-08 3.00053e-08 3.07278e-08 3.05570e-08 2.94901e-08 2.75659e-08
 2.48554e-08 2.14474e-08 1.74350e-08 1.29083e-08 7.95568e-09 2.67238e-09
-2.82881e-09-8.40961e-09-1.39065e-08-1.91406e-08-2.39334e-08-2.81235e-08
-3.15784e-08-3.41979e-08-3.59115e-08-3.66714e-08-3.64464e-08-3.52202e-08
-3.29935e-08-2.97890e-08-2.56574e-08-2.06796e-08-1.49675e-08-8.66113e-09
-1.92474e-09 5.05766e-09 1.20888e-08 1.89664e-08 2.54926e-08 3.14822e-08
 3.67685e-08 4.12038e-08 4.46556e-08 4.70019e-08 4.81293e-08 4.79382e-08
 4.63543e-08 4.33455e-08 3.89353e-08 3.32080e-08 2.63043e-08 1.84082e-08
 9.73173e-09 5.02249e-10-9.04295e-09-1.86566e-08-2.80800e-08-3.70439e-08
-4.52775e-08-5.25216e-08-5.85440e-08-6.31519e-08-6.61982e-08-6.75822e-08
-6.72475e-08-6.51789e-08-6.14001e-08-5.59728e-08-4.89954e-08-4.06010e-08
-3.09545e-08-2.02480e-08-8.69684e-09 3.46690e-09 1.60025e-08 2.86715e-08
 4.12494e-08 5.35329e-08 6.53397e-08 7.64980e-08 8.68293e-08 9.61296e-08
 1.04156e-07 1.10622e-07 1.15201e-07 1.17532e-07 1.17236e-07 1.13922e-07
 1.07200e-07 9.67094e-08 8.21459e-08 6.33147e-08 4.01808e-08 1.29199e-08
-1.80410e-08-5.19983e-08-8.79629e-08-1.24668e-07-1.60592e-07-1.94007e-07
-2.23038e-07-2.45757e-07-2.60296e-07-2.64977e-07-2.58461e-07-2.39890e-07
-2.09027e-07-1.66371e-07-1.13235e-07-5.17707e-08 1.50693e-08 8.36508e-08
 1.49848e-07 2.09311e-07 2.57797e-07 2.91562e-07 3.07784e-07 3.04981e-07
 2.83329e-07 2.44794e-07 1.93016e-07 1.32919e-07 7.01111e-08 1.01593e-08
-4.21152e-08-8.31787e-08-1.11057e-07-1.25335e-07-1.26983e-07-1.18091e-07
-1.01540e-07-8.06076e-08-5.85432e-08-3.81785e-08-2.16121e-08-9.97615e-09
-3.29989e-09-5.66915e-10
     0.0000e+00     0.0000e+00      0  0  0.00
     512   1.00000  0.0000e+00
 2.95675e-09 5.79938e-10-2.05300e-09-4.83035e-09-7.62611e-09-1.03085e-08
-1.27478e-08-1.48248e-08-1.64387e-08-1.75141e-08-1.80046e-08-1.78937e-08
-1.71940e-08-1.59433e-08-1.42000e-08-1.20382e-08-9.54213e-09-6.80086e-09
-3.90317e-09-9.32295e-10 2.03785e-09 4.94505e-09 7.73984e-09 1.03856e-08
 1.28572e-08 1.51387e-08 1.72194e-08 1.90882e-08 2.07284e-08 2.21109e-08
 2.31889e-08 2.38947e-08 2.41377e-08 2.38070e-08 2.27759e-08 2.09119e-08
 1.80904e-08 1.42163e-08 9.25823e-09 3.29758e-09-3.43360e-09-1.05577e-08
-1.76132e-08-2.41503e-08-2.98230e-08-3.44377e-08-3.79428e-08-4.03681e-08
-4.17530e-08-4.20985e-08-4.13473e-08-3.93814e-08-3.60308e-08-3.10931e-08
-2.43629e-08-1.56660e-08-4.89978e-09 7.92266e-09 2.26253e-08 3.88254e-08
 5.58990e-08 7.29658e-08 8.89013e-08 1.02384e-07 1.11981e-07 1.16262e-07
 1.13942e-07 1.04040e-07 8.60247e-08 5.99187e-08 2.63466e-08-1.34698e-08
-5.77435e-08-1.04164e-07-1.49942e-07-1.91868e-07-2.26424e-07-2.49987e-07
-2.59120e-07-2.50935e-07-2.23441e-07-1.75866e-07-1.09044e-07-2.59738e-08
 6.73874e-08 1.61418e-07 2.43546e-07 3.01434e-07 3.26953e-07 3.18697e-07
 2.82357e-07 2.28457e-07 1.68390e-07 1.11043e-07 6.07347e-08 1.69161e-08
-2.35691e-08-6.27531e-08-9.91062e-08-1.28298e-07-1.46523e-07-1.53455e-07
-1.52058e-07-1.45539e-07-1.34731e-07-1.18757e-07-9.78130e-08-7.43300e-08
-5.11271e-08-2.93293e-08-8.84926e-09 9.82239e-09 2.54615e-08 3.74696e-08
 4.62521e-08 5.22197e-08 5.53527e-08 5.58234e-08 5.42446e-08 5.11693e-08
 4.68875e-08 4.17217e-08 3.60895e-08 3.02879e-08 2.44762e-08 1.88065e-08
 1.34183e-08 8.37822e-09 3.70915e-09-5.68635e-10-4.44360e-09-7.91678e-09
-1.09893e-08-1.36578e-08-1.59153e-08-1.77493e-08-1.91421e-08-2.00728e-08
-2.05189e-08-2.04604e-08-1.98843e-08-1.87893e-08-1.71874e-08-1.51071e-08
-1.25952e-08-9.71855e-09-6.56184e-09-3.22397e-09 1.87164e-10 3.55965e-09
 6.78203e-09 9.74697e-09 1.23544e-08 1.45148e-08 1.61531e-08 1.72127e-08
 1.76578e-08 1.74746e-08 1.66713e-08 1.52780e-08 1.33469e-08 1.09515e-08
 8.18419e-09 5.15211e-09 1.97124e-09-1.23992e-09-4.36567e-09-7.29647e-09
-9.93057e-09-1.21755e-08-1.39512e-08-1.51944e-08-1.58640e-08-1.59445e-08
-1.54472e-08-1.44083e-08-1.28868e-08-1.09603e-08-8.72238e-09-6.27734e-09
-3.73418e-09-1.19876e-09 1.23381e-09 3.48450e-09 5.49244e-09 7.21393e-09
 8.62037e-09 9.69615e-09 1.04379e-08 1.08547e-08 1.09686e-08 1.08149e-08
 1.04390e-08 9.89243e-09 9.22478e-09 8.47588e-09 7.66805e-09 6.80203e-09
 5.85839e-09 4.80487e-09 3.60747e-09 2.24103e-09 6.96834e-10-1.01358e-09
-2.85800e-09-4.78551e-09-6.72930e-09-8.60931e-09-1.03349e-08-1.18098e-08
-1.29389e-08-1.36373e-08-1.38383e-08-1.35000e-08-1.26104e-08-1.11910e-08
-9.29744e-09-7.01789e-09-4.46587e-09-1.77020e-09 9.37086e-10 3.53199e-09
 5.90695e-09 7.97627e-09 9.67947e-09 1.09833e-08 1.18810e-08 1.23885e-08
 1.25352e-08 1.23550e-08 1.18779e-08 1.11261e-08 1.01146e-08 8.85314e-09
 7.34977e-09 5.61610e-09 3.67416e-09 1.56362e-09-6.54367e-10-2.89873e-09
-5.07553e-09-7.08761e-09-8.84437e-09-1.02698e-08-1.13088e-08-1.19312e-08
-1.21326e-08-1.19315e-08-1.13637e-08-1.04747e-08-9.31304e-09-7.92553e-09
-6.35584e-09-4.64526e-09-2.83540e-09-9.71159e-10 8.97117e-10 2.71353e-09
 4.41893e-09 5.95527e-09 7.27091e-09 8.32573e-09 9.09462e-09 9.56914e-09
 9.75784e-09 9.68486e-09 9.38649e-09 8.90541e-09 8.28352e-09 7.55490e-09
 6.74147e-09 5.85272e-09 4.88912e-09 3.84697e-09 2.72277e-09 1.51591e-09
 2.29484e-10-1.12960e-09-2.54999e-09-4.01445e-09-5.49801e-09-6.96727e-09
-8.38097e-09-9.69166e-09-1.08472e-08-1.17915e-08-1.24657e-08-1.28093e-08
-1.27636e-08-1.22775e-08-1.13151e-08-9.86410e-09-7.94317e-09-5.60625e-09
-2.94244e-09-7.02833e-11 2.87294e-09 5.74463e-09 8.40999e-09 1.07521e-08
 1.26774e-08 1.41175e-08 1.50284e-08 1.53890e-08 1.52014e-08 1.44924e-08
 1.33139e-08 1.17412e-08 9.86727e-09 7.79395e-09 5.62076e-09 3.43401e-09
 1.29847e-09-7.46284e-10-2.68405e-09-4.51494e-09-6.24478e-09-7.87368e-09
-9.38707e-09-1.07522e-08-1.19210e-08-1.28374e-08-1.34455e-08-1.36965e-08
-1.35538e-08-1.29966e-08-1.20221e-08-1.06475e-08-8.90852e-09-6.85788e-09
-4.56374e-09-2.10768e-09 4.18823e-10 2.92087e-09 5.30908e-09 7.50832e-09
 9.46288e-09 1.11366e-08 1.25083e-08 1.35649e-08 1.42939e-08 1.46781e-08
 1.46942e-08 1.43156e-08 1.35196e-08 1.22965e-08 1.06577e-08 8.63953e-09
 6.30182e-09 3.72220e-09 9.88454e-10-1.80879e-09-4.58120e-09-7.24557e-09
-9.72479e-09-1.19479e-08-1.38505e-08-1.53757e-08-1.64759e-08-1.71144e-08
-1.72656e-08-1.69150e-08-1.60585e-08-1.47025e-08-1.28663e-08-1.05854e-08
-7.91508e-09-4.93237e-09-1.73419e-09 1.56872e-09 4.86116e-09 8.03348e-09
 1.09894e-08 1.36494e-08 1.59495e-08 1.78360e-08 1.92602e-08 2.01753e-08
 2.05375e-08 2.03117e-08 1.94786e-08 1.80422e-08 1.60322e-08 1.35037e-08
 1.05314e-08 7.20307e-09 3.61323e-09-1.41075e-10-3.96184e-09-7.75037e-09
-1.14075e-08-1.48348e-08-1.79357e-08-2.06177e-08-2.27929e-08-2.43795e-08
-2.53036e-08-2.55040e-08-2.49382e-08-2.35904e-08-2.14772e-08-1.86498e-08
-1.51895e-08-1.11999e-08-6.79641e-09-2.09943e-09 2.76907e-09 7.68408e-09
 1.25142e-08 1.71195e-08 2.13539e-08 2.50716e-08 2.81362e-08 3.04304e-08
 3.18612e-08 3.23626e-08 3.18948e-08 3.04431e-08 2.80184e-08 2.46591e-08
 2.04339e-08 1.54433e-08 9.81944e-09 3.72270e-09-2.66408e-09-9.14294e-09
-1.55088e-08-2.15582e-08-2.70976e-08-3.19523e-08-3.59735e-08-3.90417e-08
-4.10676e-08-4.19889e-08-4.17665e-08-4.03816e-08-3.78363e-08-3.41563e-08
-2.93950e-08-2.36361e-08-1.69930e-08-9.60322e-09-1.62127e-09 6.78863e-09
 1.54563e-08 2.42057e-08 3.28523e-08 4.12002e-08 4.90398e-08 5.61491e-08
 6.22958e-08 6.72401e-08 7.07371e-08 7.25388e-08 7.23961e-08 7.00653e-08
 6.53197e-08 5.79675e-08 4.78752e-08 3.49951e-08 1.93928e-08 1.27492e-09
-1.89895e-08-4.08553e-08-6.35975e-08-8.63211e-08-1.07983e-07-1.27429e-07
-1.43441e-07-1.54802e-07-1.60368e-07-1.59149e-07-1.50402e-07-1.33719e-07
-1.09109e-07-7.70678e-08-3.86090e-08 4.72612e-09 5.09039e-08 9.74711e-08
 1.41670e-07 1.80594e-07 2.11381e-07 2.31434e-07 2.38662e-07 2.31716e-07
 2.10200e-07 1.74838e-07 1.27561e-07 7.14877e-08 1.07831e-08-4.96607e-08
-1.04702e-07-1.49550e-07-1.80380e-07-1.94859e-07-1.92472e-07-1.74576e-07
-1.44163e-07-1.05378e-07-6.29022e-08-2.13553e-08 1.51901e-08 4.35863e-08
 6.18858e-08 6.94972e-08 6.71865e-08 5.69332e-08 4.16769e-08 2.49866e-08
 1.06613e-08 2.28290e-09
     0.0000e+00     0.0000e+00      0  0  0.00
     512   1.00000  0.0000e+00
-9.81638e-09-1.10711e-08-1.21985e-08-1.31808e-08-1.39992e-08-1.46326e-08
-1.50577e-08-1.52495e-08-1.51827e-08-1.48340e-08-1.41839e-08-1.32194e-08
-1.19371e-08-1.03452e-08-8.46510e-09-6.33154e-09-3.99150e-09-1.50210e-09
 1.07293e-09 3.66770e-09 6.21945e-09 8.67410e-09 1.09919e-08 1.31523e-08
 1.51580e-08 1.70368e-08 1.88399e-08 2.06386e-08 2.25171e-08 2.45630e-08
 2.68550e-08 2.94485e-08 3.23612e-08 3.55585e-08 3.89407e-08 4.23342e-08
 4.54872e-08 4.80716e-08 4.96924e-08 4.99054e-08 4.82441e-08 4.42574e-08
 3.75544e-08 2.78515e-08 1.50163e-08-8.92399e-10-1.95914e-08-4.05487e-08
-6.29721e-08-8.58172e-08-1.07819e-07-1.27548e-07-1.43490e-07-1.54152e-07
-1.58177e-07-1.54481e-07-1.42382e-07-1.21724e-07-9.29815e-08-5.73251e-08
-1.66459e-08 2.64806e-08 6.88941e-08 1.07018e-07 1.37113e-07 1.55713e-07
 1.60247e-07 1.49623e-07 1.24638e-07 8.82297e-08 4.53532e-08 2.20981e-09
-3.50789e-08-6.18152e-08-7.55382e-08-7.60058e-08-6.44015e-08-4.23539e-08
-1.15902e-08 2.56288e-08 6.60039e-08 1.05335e-07 1.39336e-07 1.64573e-07
 1.78953e-07 1.81499e-07 1.71763e-07 1.49639e-07 1.15634e-07 7.11336e-08
 1.85041e-08-3.90220e-08-9.76164e-08-1.53178e-07-2.01641e-07-2.39311e-07
-2.63217e-07-2.71314e-07-2.62714e-07-2.38118e-07-2.00129e-07-1.52968e-07
-1.01358e-07-4.91433e-08 1.17247e-09 4.76619e-08 8.81451e-08 1.20451e-07
 1.43325e-07 1.56720e-07 1.61284e-07 1.57919e-07 1.47796e-07 1.32379e-07
 1.13249e-07 9.19551e-08 6.99432e-08 4.84630e-08 2.84970e-08 1.07621e-08
-4.27436e-09-1.63949e-08-2.56050e-08-3.20820e-08-3.61291e-08-3.81316e-08
-3.85119e-08-3.76913e-08-3.60590e-08-3.39492e-08-3.16263e-08-2.92795e-08
-2.70241e-08-2.49094e-08-2.29312e-08-2.10461e-08-1.91860e-08-1.72739e-08
-1.52367e-08-1.30167e-08-1.05802e-08-7.92059e-09-5.06046e-09-2.04925e-09
 1.04091e-09 4.12115e-09 7.09240e-09 9.85237e-09 1.23029e-08 1.43568e-08
 1.59433e-08 1.70117e-08 1.75329e-08 1.75017e-08 1.69360e-08 1.58746e-08
 1.43735e-08 1.25019e-08 1.03391e-08 7.97040e-09 5.48259e-09 2.95986e-09
 4.80673e-10-1.88450e-09-4.07511e-09-6.04180e-09-7.74673e-09-9.16329e-09
-1.02755e-08-1.10766e-08-1.15671e-08-1.17524e-08-1.16412e-08-1.12455e-08
-1.05803e-08-9.66294e-09-8.51313e-09-7.15264e-09-5.60585e-09-3.90028e-09
-2.06740e-09-1.43766e-10 1.82839e-09 3.80122e-09 5.72178e-09 7.53272e-09
 9.17391e-09 1.05852e-08 1.17096e-08 1.24969e-08 1.29058e-08 1.29067e-08
 1.24845e-08 1.16392e-08 1.03883e-08 8.76695e-09 6.82836e-09 4.64235e-09
 2.29170e-09-1.32537e-10-2.53634e-09-4.82805e-09-6.92321e-09-8.74861e-09
-1.02458e-08-1.13735e-08-1.21093e-08-1.24498e-08-1.24095e-08-1.20178e-08
-1.13148e-08-1.03477e-08-9.16688e-09-7.82214e-09-6.35996e-09-4.82179e-09
-3.24245e-09-1.64968e-09-6.55757e-11 1.49182e-09 3.00672e-09 4.46251e-09
 5.83902e-09 7.11225e-09 8.25469e-09 9.23587e-09 1.00247e-08 1.05923e-08
 1.09140e-08 1.09710e-08 1.07540e-08 1.02643e-08 9.51281e-09 8.51933e-09
 7.31155e-09 5.92273e-09 4.38949e-09 2.75047e-09 1.04397e-09-6.94610e-10
-2.43247e-09-4.13743e-09-5.77688e-09-7.31717e-09-8.72320e-09-9.95911e-09
-1.09891e-08-1.17774e-08-1.22896e-08-1.24968e-08-1.23790e-08-1.19269e-08
-1.11410e-08-1.00313e-08-8.61709e-09-6.92712e-09-4.99990e-09-2.88261e-09
-6.28246e-10 1.70618e-09 4.05899e-09 6.36354e-09 8.54945e-09 1.05449e-08
 1.22801e-08 1.36908e-08 1.47199e-08 1.53193e-08 1.54537e-08 1.51050e-08
 1.42746e-08 1.29837e-08 1.12715e-08 9.19280e-09 6.81495e-09 4.21579e-09
 1.48132e-09-1.29841e-09-4.03369e-09-6.63782e-09-9.02986e-09-1.11374e-08
-1.28984e-08-1.42631e-08-1.51982e-08-1.56877e-08-1.57319e-08-1.53456e-08
-1.45558e-08-1.33978e-08-1.19132e-08-1.01489e-08-8.15353e-09-5.97464e-09
-3.65684e-09-1.24241e-09 1.22724e-09 3.70911e-09 6.15676e-09 8.52021e-09
 1.07464e-08 1.27789e-08 1.45577e-08 1.60214e-08 1.71098e-08 1.77678e-08
 1.79473e-08 1.76102e-08 1.67312e-08 1.53021e-08 1.33367e-08 1.08738e-08
 7.97685e-09 4.73087e-09 1.23945e-09-2.37977e-09-5.99994e-09-9.49098e-09
-1.27273e-08-1.55946e-08-1.79946e-08-1.98468e-08-2.10899e-08-2.16829e-08
-2.16069e-08-2.08655e-08-1.94827e-08-1.75014e-08-1.49809e-08-1.19951e-08
-8.63154e-09-4.98955e-09-1.17672e-09 2.69375e-09 6.50555e-09 1.01414e-08
 1.34854e-08 1.64273e-08 1.88672e-08 2.07212e-08 2.19260e-08 2.24427e-08
 2.22585e-08 2.13876e-08 1.98713e-08 1.77749e-08 1.51845e-08 1.22015e-08
 8.93709e-09 5.50588e-09 2.02067e-09-1.41321e-09-4.70302e-09-7.77244e-09
-1.05639e-08-1.30385e-08-1.51735e-08-1.69583e-08-1.83888e-08-1.94623e-08
-2.01728e-08-2.05076e-08-2.04466e-08-1.99628e-08-1.90261e-08-1.76084e-08
-1.56898e-08-1.32652e-08-1.03498e-08-6.98414e-09-3.23598e-09 7.99323e-10
 5.00191e-09 9.23284e-09 1.33417e-08 1.71754e-08 2.05865e-08 2.34416e-08
 2.56270e-08 2.70535e-08 2.76595e-08 2.74133e-08 2.63132e-08 2.43880e-08
 2.16953e-08 1.83195e-08 1.43677e-08 9.96593e-09 5.25282e-09 3.73968e-10
-4.52402e-09-9.29880e-09-1.38168e-08-1.79566e-08-2.16116e-08-2.46913e-08
-2.71225e-08-2.88491e-08-2.98317e-08-3.00471e-08-2.94880e-08-2.81631e-08
-2.60970e-08-2.33303e-08-1.99199e-08-1.59380e-08-1.14714e-08-6.61906e-09
-1.48992e-09 3.79955e-09 9.12748e-09 1.43685e-08 1.93956e-08 2.40820e-08
 2.83037e-08 3.19417e-08 3.48853e-08 3.70349e-08 3.83059e-08 3.86311e-08
 3.79634e-08 3.62780e-08 3.35738e-08 2.98756e-08 2.52348e-08 1.97300e-08
 1.34667e-08 6.57667e-09-7.84012e-10-8.43774e-09-1.61896e-08-2.38330e-08
-3.11559e-08-3.79479e-08-4.40076e-08-4.91489e-08-5.32070e-08-5.60431e-08
-5.75475e-08-5.76418e-08-5.62807e-08-5.34530e-08-4.91823e-08-4.35262e-08
-3.65750e-08-2.84494e-08-1.92974e-08-9.29143e-09 1.37479e-09 1.24893e-08
 2.38242e-08 3.51380e-08 4.61780e-08 5.66832e-08 6.63891e-08 7.50315e-08
 8.23518e-08 8.81018e-08 9.20475e-08 9.39743e-08 9.36908e-08 9.10335e-08
 8.58720e-08 7.81167e-08 6.77286e-08 5.47318e-08 3.92272e-08 2.14066e-08
 1.56624e-09-1.98810e-08-4.23977e-08-6.53188e-08-8.78576e-08-1.09121e-07
-1.28138e-07-1.43897e-07-1.55406e-07-1.61752e-07-1.62172e-07-1.56134e-07
-1.43394e-07-1.24063e-07-9.86423e-08-6.80416e-08-3.35695e-08 3.11407e-09
 4.00809e-08 7.52541e-08 1.06559e-07 1.32092e-07 1.50285e-07 1.60040e-07
 1.60831e-07 1.52766e-07 1.36601e-07 1.13703e-07 8.59450e-08 5.55507e-08
 2.48978e-08-3.69608e-09-2.81984e-08-4.70691e-08-5.94106e-08-6.50242e-08
-6.43704e-08-5.84633e-08-4.87311e-08-3.68596e-08-2.46229e-08-1.37054e-08
-5.52724e-09-1.13937e-09
     0.0000e+00     0.0000e+00      0  0  0.00
     512   1.00000  0.0000e+00
 1.97498e-08 1.88157e-08 1.71516e-08 1.48171e-08 1.19098e-08 8.55482e-09
 4.89298e-09 1.07084e-09-2.76776e-09-6.48862e-09-9.97306e-09-1.31225e-08
-1.58604e-08-1.81318e-08-1.99005e-08-2.11455e-08-2.18580e-08-2.20403e-08
-2.17031e-08-2.08636e-08-1.95418e-08-1.77581e-08-1.55315e-08-1.28807e-08
-9.82796e-09-6.40534e-09-2.66066e-09 1.33704e-09 5.49437e-09 9.69296e-09
 1.37910e-08 1.76267e-08 2.10239e-08 2.37993e-08 2.57721e-08 2.67772e-08
 2.66803e-08 2.53984e-08 2.29303e-08 1.93982e-08 1.50773e-08 1.03820e-08
 5.79443e-09 1.75758e-09-1.42715e-09-3.65996e-09-5.03885e-09-5.80198e-09
-6.25285e-09-6.70192e-09-7.42989e-09-8.66196e-09-1.05484e-08-1.31524e-08
-1.64427e-08-2.02885e-08-2.44586e-08-2.86301e-08-3.24101e-08-3.53718e-08
-3.71023e-08-3.72539e-08-3.55891e-08-3.20102e-08-2.65918e-08-1.97138e-08
-1.23289e-08-6.07725e-09-2.84432e-09-3.80456e-09-8.48316e-09-1.43869e-08
-1.74913e-08-1.35247e-08 4.46777e-10 2.49103e-08 5.79267e-08 9.62506e-08
 1.36530e-07 1.75495e-07 2.09257e-07 2.32930e-07 2.41264e-07 2.29645e-07
 1.94640e-07 1.34507e-07 5.04986e-08-5.16900e-08-1.62023e-07-2.67590e-07
-3.54155e-07-4.08229e-07-4.19983e-07-3.86017e-07-3.11301e-07-2.09220e-07
-9.84301e-08 2.87084e-09 8.28730e-08 1.39159e-07 1.76460e-07 2.00287e-07
 2.11544e-07 2.07114e-07 1.85448e-07 1.50589e-07 1.10050e-07 6.97483e-08
 3.22098e-08-1.27989e-09-2.88981e-08-4.89316e-08-6.08097e-08-6.49605e-08
-6.23131e-08-5.41535e-08-4.20085e-08-2.74466e-08-1.19923e-08 2.93502e-09
 1.61501e-08 2.67797e-08 3.42596e-08 3.83309e-08 3.90251e-08 3.66178e-08
 3.15767e-08 2.45063e-08 1.60794e-08 6.97806e-09-2.15240e-09-1.07420e-08
-1.83235e-08-2.45472e-08-2.91894e-08-3.21498e-08-3.34396e-08-3.31644e-08
-3.15029e-08-2.86852e-08-2.49720e-08-2.06350e-08-1.59386e-08-1.11262e-08
-6.41015e-09-1.96431e-09 2.07939e-09 5.63069e-09 8.63686e-09 1.10770e-08
 1.29561e-08 1.42995e-08 1.51474e-08 1.55497e-08 1.55603e-08 1.52322e-08
 1.46139e-08 1.37474e-08 1.26688e-08 1.14084e-08 9.99324e-09 8.44818e-09
 6.79782e-09 5.06698e-09 3.28107e-09 1.46734e-09-3.43584e-10-2.11696e-09
-3.81489e-09-5.39850e-09-6.83008e-09-8.07416e-09-9.09817e-09-9.87339e-09
-1.03762e-08-1.05897e-08-1.05057e-08-1.01257e-08-9.46172e-09-8.53554e-09
-7.37699e-09-6.02306e-09-4.51710e-09-2.90778e-09-1.24743e-09 4.10130e-10
 2.01229e-09 3.51038e-09 4.86139e-09 6.02810e-09 6.97934e-09 7.69115e-09
 8.14807e-09 8.34391e-09 8.28197e-09 7.97446e-09 7.44118e-09 6.70731e-09
 5.80180e-09 4.75701e-09 3.60822e-09 2.39241e-09 1.14653e-09-9.39460e-11
-1.29586e-09-2.42865e-09-3.46439e-09-4.37784e-09-5.14704e-09-5.75403e-09
-6.18499e-09-6.43033e-09-6.48452e-09-6.34588e-09-6.01720e-09-5.50690e-09
-4.82962e-09-4.00559e-09-3.06003e-09-2.02291e-09-9.27961e-10 1.88907e-10
 1.29073e-09 2.34053e-09 3.30294e-09 4.14590e-09 4.84241e-09 5.37196e-09
 5.72050e-09 5.87951e-09 5.84572e-09 5.62244e-09 5.22035e-09 4.65638e-09
 3.95144e-09 3.12822e-09 2.21041e-09 1.22464e-09 2.02433e-10-8.22011e-10
-1.81689e-09-2.75519e-09-3.61227e-09-4.36221e-09-4.97811e-09-5.43678e-09
-5.72394e-09-5.83499e-09-5.77050e-09-5.53138e-09-5.11999e-09-4.54596e-09
-3.82978e-09-2.99970e-09-2.08397e-09-1.10621e-09-8.82959e-11 9.43357e-10
 1.95594e-09 2.91533e-09 3.79336e-09 4.56966e-09 5.22665e-09 5.74438e-09
 6.10134e-09 6.28073e-09 6.27621e-09 6.09158e-09 5.73493e-09 5.21412e-09
 4.53834e-09 3.72289e-09 2.79168e-09 1.77431e-09 7.00688e-10-4.01595e-10
-1.50526e-09-2.58030e-09-3.59354e-09-4.51178e-09-5.30585e-09-5.95197e-09
-6.43095e-09-6.72776e-09-6.83230e-09-6.74075e-09-6.45668e-09-5.99066e-09
-5.35867e-09-4.58133e-09-3.68362e-09-2.69364e-09-1.64082e-09-5.55517e-10
 5.30813e-10 1.58598e-09 2.57918e-09 3.48420e-09 4.28143e-09 4.95712e-09
 5.50054e-09 5.90208e-09 6.15501e-09 6.25899e-09 6.22028e-09 6.04765e-09
 5.74769e-09 5.32392e-09 4.78068e-09 4.12801e-09 3.38149e-09 2.55706e-09
 1.66662e-09 7.19972e-10-2.69095e-10-1.27911e-09-2.28350e-09-3.25665e-09
-4.17727e-09-5.02532e-09-5.77636e-09-6.40045e-09-6.86732e-09-7.15295e-09
-7.24200e-09-7.12490e-09-6.79424e-09-6.24560e-09-5.48240e-09-4.52022e-09
-3.38664e-09-2.11663e-09-7.47623e-10 6.81423e-10 2.12836e-09 3.54771e-09
 4.89370e-09 6.12495e-09 7.20739e-09 8.11271e-09 8.81423e-09 9.28366e-09
 9.49044e-09 9.40290e-09 8.99036e-09 8.22563e-09 7.08855e-09 5.57247e-09
 3.69282e-09 1.49571e-09-9.36675e-10-3.48636e-09-6.00608e-09-8.33077e-09
-1.02930e-08-1.17413e-08-1.25586e-08-1.26792e-08-1.21005e-08-1.08853e-08
-9.15526e-09-7.07450e-09-4.82709e-09-2.59238e-09-5.22516e-10 1.27455e-09
 2.74434e-09 3.88533e-09 4.73927e-09 5.37479e-09 5.86812e-09 6.28540e-09
 6.67049e-09 7.04013e-09 7.38582e-09 7.68108e-09 7.89084e-09 7.98033e-09
 7.92101e-09 7.69264e-09 7.28132e-09 6.67536e-09 5.86147e-09 4.82359e-09
 3.54599e-09 2.02019e-09 2.53812e-10-1.72139e-09-3.84523e-09-6.03051e-09
-8.17045e-09-1.01507e-08-1.18635e-08-1.32197e-08-1.41571e-08-1.46417e-08
-1.46639e-08-1.42306e-08-1.33567e-08-1.20598e-08-1.03595e-08-8.28080e-09
-5.86043e-09-3.15327e-09-2.35021e-10 2.79999e-09 5.84623e-09 8.79727e-09
 1.15559e-08 1.40412e-08 1.61910e-08 1.79577e-08 1.93023e-08 2.01873e-08
 2.05731e-08 2.04188e-08 1.96881e-08 1.83579e-08 1.64273e-08 1.39218e-08
 1.08928e-08 7.41264e-09 3.56655e-09-5.55054e-10-4.86074e-09-9.25763e-09
-1.36469e-08-1.79184e-08-2.19470e-08-2.55951e-08-2.87190e-08-3.11810e-08
-3.28611e-08-3.36663e-08-3.35345e-08-3.24328e-08-3.03524e-08-2.73033e-08
-2.33113e-08-1.84202e-08-1.26964e-08-6.23612e-09 8.31172e-10 8.34279e-09
 1.61079e-08 2.39151e-08 3.15390e-08 3.87456e-08 4.52928e-08 5.09296e-08
 5.53979e-08 5.84394e-08 5.98107e-08 5.93062e-08 5.67834e-08 5.21865e-08
 4.55622e-08 3.70644e-08 2.69473e-08 1.55509e-08 3.28060e-09-9.41388e-09
-2.20596e-08-3.41806e-08-4.53184e-08-5.50526e-08-6.30215e-08-6.89391e-08
-7.26062e-08-7.39145e-08-7.28447e-08-6.94619e-08-6.39130e-08-5.64268e-08
-4.73184e-08-3.69913e-08-2.59303e-08-1.46805e-08-3.80930e-09 6.14568e-09
 1.47353e-08 2.16544e-08 2.67835e-08 3.02102e-08 3.22261e-08 3.32978e-08
 3.40095e-08 3.49748e-08 3.67125e-08 3.94901e-08 4.31685e-08 4.71244e-08
 5.03208e-08 5.15329e-08 4.96602e-08 4.40388e-08 3.46730e-08 2.23200e-08
 8.37248e-09-5.46342e-09-1.75992e-08-2.69118e-08-3.28606e-08-3.53929e-08
-3.47842e-08-3.15330e-08-2.63210e-08-1.99786e-08-1.34129e-08-7.50895e-09
-3.04382e-09-6.29557e-10
     0.0000e+00     0.0000e+00      0  0  0.00
     512   1.00000  0.0000e+00
 2.63590e-08 2.83679e-08 2.98105e-08 3.06564e-08 3.08901e-08 3.05071e-08
 2.95126e-08 2.79214e-08 2.57576e-08 2.30522e-08 1.98424e-08 1.61728e-08
 1.20987e-08 7.68895e-09 3.02848e-09-1.78291e-09-6.63332e-09-1.14036e-08
-1.59734e-08-2.02277e-08-2.40642e-08-2.74009e-08-3.01837e-08-3.23937e-08
-3.40530e-08-3.52260e-08-3.60175e-08-3.65651e-08-3.70275e-08-3.75701e-08
-3.83457e-08-3.94734e-08-4.10150e-08-4.29532e-08-4.51726e-08-4.74479e-08
-4.94408e-08-5.07090e-08-5.07242e-08-4.89000e-08-4.46291e-08-3.73383e-08
-2.65568e-08-1.19895e-08 6.41723e-09 2.84242e-08 5.34632e-08 8.06144e-08
 1.08603e-07 1.35822e-07 1.60399e-07 1.80290e-07 1.93413e-07 1.97811e-07
 1.91823e-07 1.74285e-07 1.44703e-07 1.03429e-07 5.17854e-08-7.86079e-09
-7.21036e-08-1.36597e-07-1.96252e-07-2.45540e-07-2.78891e-07-2.91276e-07
-2.78960e-07-2.40320e-07-1.76690e-07-9.31962e-08 1.09582e-09 9.43697e-08
 1.74432e-07 2.31523e-07 2.60535e-07 2.61552e-07 2.38399e-07 1.96183e-07
 1.39652e-07 7.34399e-08 3.31953e-09-6.35076e-08-1.19968e-07-1.61492e-07
-1.87124e-07-1.98091e-07-1.95640e-07-1.81092e-07-1.57272e-07-1.28701e-07
-1.00265e-07-7.52149e-08-5.34914e-08-3.14290e-08-3.54450e-09 3.43018e-08
 8.18593e-08 1.32782e-07 1.76168e-07 2.01901e-07 2.06493e-07 1.94664e-07
 1.74732e-07 1.51507e-07 1.23858e-07 8.92215e-08 4.90261e-08 8.43842e-09
-2.80850e-08-5.90843e-08-8.44306e-08-1.03546e-07-1.15750e-07-1.21041e-07
-1.19982e-07-1.13410e-07-1.02376e-07-8.80546e-08-7.15881e-08-5.40756e-08
-3.65461e-08-1.98640e-08-4.68634e-09 8.52694e-09 1.95079e-08 2.81599e-08
 3.45229e-08 3.87483e-08 4.10691e-08 4.17620e-08 4.11190e-08 3.94270e-08
 3.69505e-08 3.39216e-08 3.05328e-08 2.69324e-08 2.32239e-08 1.94710e-08
 1.57055e-08 1.19398e-08 8.17876e-09 4.42956e-09 7.07866e-10-2.95887e-09
-6.52997e-09-9.95056e-09-1.31522e-08-1.60563e-08-1.85801e-08-2.06427e-08
-2.21700e-08-2.30988e-08-2.33815e-08-2.29906e-08-2.19213e-08-2.01921e-08
-1.78431e-08-1.49356e-08-1.15518e-08-7.79398e-09-3.78006e-09 3.62024e-10
 4.50044e-09 8.50382e-09 1.22451e-08 1.56064e-08 1.84839e-08 2.07925e-08
 2.24679e-08 2.34674e-08 2.37684e-08 2.33665e-08 2.22745e-08 2.05237e-08
 1.81663e-08 1.52745e-08 1.19375e-08 8.25699e-09 4.34193e-09 3.04731e-10
-3.74172e-09-7.68638e-09-1.14228e-08-1.48514e-08-1.78813e-08-2.04312e-08
-2.24316e-08-2.38275e-08-2.45807e-08-2.46721e-08-2.41020e-08-2.28893e-08
-2.10694e-08-1.86914e-08-1.58160e-08-1.25161e-08-8.87677e-09-4.99455e-09
-9.74168e-10 3.07573e-09 7.04760e-09 1.08388e-08 1.43535e-08 1.75026e-08
 2.02043e-08 2.23867e-08 2.39910e-08 2.49746e-08 2.53131e-08 2.49999e-08
 2.40449e-08 2.24730e-08 2.03240e-08 1.76524e-08 1.45279e-08 1.10342e-08
 7.26504e-09 3.31981e-09-6.99064e-10-4.68923e-09-8.55075e-09-1.21862e-08
-1.55012e-08-1.84088e-08-2.08334e-08-2.27132e-08-2.40008e-08-2.46651e-08
-2.46911e-08-2.40810e-08-2.28552e-08-2.10494e-08-1.87111e-08-1.58990e-08
-1.26842e-08-9.15014e-09-5.39022e-09-1.50455e-09 2.40480e-09 6.23799e-09
 9.89814e-09 1.32913e-08 1.63297e-08 1.89362e-08 2.10461e-08 2.26079e-08
 2.35830e-08 2.39447e-08 2.36811e-08 2.27986e-08 2.13235e-08 1.92981e-08
 1.67762e-08 1.38212e-08 1.05069e-08 6.91724e-09 3.14562e-09-7.08910e-10
-4.54677e-09-8.27044e-09-1.17839e-08-1.49936e-08-1.78131e-08-2.01675e-08
-2.19963e-08-2.32541e-08-2.39082e-08-2.39372e-08-2.33337e-08-2.21072e-08
-2.02868e-08-1.79188e-08-1.50639e-08-1.17943e-08-8.19176e-09-4.34747e-09
-3.61143e-10 3.66276e-09 7.61885e-09 1.14030e-08 1.49140e-08 1.80556e-08
 2.07378e-08 2.28806e-08 2.44200e-08 2.53103e-08 2.55230e-08 2.50459e-08
 2.38817e-08 2.20489e-08 1.95837e-08 1.65443e-08 1.30085e-08 9.06877e-09
 4.82862e-09 3.99667e-10-4.10073e-09-8.55099e-09-1.28272e-08-1.68070e-08
-2.03738e-08-2.34193e-08-2.58472e-08-2.75779e-08-2.85525e-08-2.87329e-08
-2.81017e-08-2.66619e-08-2.44379e-08-2.14782e-08-1.78560e-08-1.36674e-08
-9.02631e-09-4.06014e-09 1.09283e-09 6.28605e-09 1.13681e-08 1.61871e-08
 2.05971e-08 2.44633e-08 2.76666e-08 3.01056e-08 3.16992e-08 3.23896e-08
 3.21468e-08 3.09695e-08 2.88835e-08 2.59404e-08 2.22155e-08 1.78078e-08
 1.28392e-08 7.45144e-09 1.80094e-09-3.94641e-09-9.62002e-09-1.50490e-08
-2.00669e-08-2.45179e-08-2.82634e-08-3.11889e-08-3.32096e-08-3.42728e-08
-3.43582e-08-3.34770e-08-3.16704e-08-2.90058e-08-2.55720e-08-2.14719e-08
-1.68169e-08-1.17219e-08-6.30449e-09-6.84834e-10 5.01287e-09 1.06591e-08
 1.61181e-08 2.12479e-08 2.59019e-08 2.99332e-08 3.32021e-08 3.55857e-08
 3.69882e-08 3.73484e-08 3.66455e-08 3.48993e-08 3.21673e-08 2.85389e-08
 2.41263e-08 1.90555e-08 1.34586e-08 7.46891e-09 1.21915e-09-5.15601e-09
-1.15163e-08-1.77123e-08-2.35840e-08-2.89630e-08-3.36792e-08-3.75693e-08
-4.04891e-08-4.23231e-08-4.29932e-08-4.24638e-08-4.07405e-08-3.78667e-08
-3.39162e-08-2.89866e-08-2.31944e-08-1.66726e-08-9.57187e-09-2.06157e-09
 5.66922e-09 1.34133e-08 2.09505e-08 2.80568e-08 3.45156e-08 4.01297e-08
 4.47305e-08 4.81837e-08 5.03901e-08 5.12841e-08 5.08300e-08 4.90189e-08
 4.58681e-08 4.14231e-08 3.57614e-08 2.89973e-08 2.12839e-08 1.28114e-08
 3.80025e-09-5.50896e-09-1.48675e-08-2.40299e-08-3.27617e-08-4.08444e-08
-4.80751e-08-5.42646e-08-5.92363e-08-6.28283e-08-6.48998e-08-6.53404e-08
-6.40794e-08-6.10938e-08-5.64116e-08-5.01108e-08-4.23144e-08-3.31837e-08
-2.29125e-08-1.17238e-08 1.30632e-10 1.23708e-08 2.46910e-08 3.67666e-08
 4.82657e-08 5.88632e-08 6.82552e-08 7.61714e-08 8.23827e-08 8.67034e-08
 8.89893e-08 8.91341e-08 8.70681e-08 8.27615e-08 7.62303e-08 6.75439e-08
 5.68325e-08 4.42892e-08 3.01690e-08 1.47819e-08-1.51759e-09-1.83413e-08
-3.52769e-08-5.18955e-08-6.77575e-08-8.24209e-08-9.54532e-08-1.06446e-07
-1.15030e-07-1.20889e-07-1.23769e-07-1.23481e-07-1.19906e-07-1.12996e-07
-1.02775e-07-8.93581e-08-7.29646e-08-5.39375e-08-3.27547e-08-1.00269e-08
 1.35184e-08 3.70656e-08 5.97498e-08 8.07012e-08 9.90907e-08 1.14175e-07
 1.25337e-07 1.32126e-07 1.34291e-07 1.31802e-07 1.24868e-07 1.13924e-07
 9.96078e-08 8.27144e-08 6.41448e-08 4.48419e-08 2.57209e-08 7.59464e-09
-8.90529e-09-2.34035e-08-3.58366e-08-4.64532e-08-5.57084e-08-6.40421e-08
-7.16135e-08-7.81155e-08-8.27557e-08-8.44138e-08-8.19410e-08-7.45375e-08
-6.21114e-08-4.54865e-08-2.63282e-08-6.78021e-09 1.10178e-08 2.53110e-08
 3.49124e-08 3.92548e-08 3.84113e-08 3.31173e-08 2.47456e-08 1.51877e-08
 6.64134e-09 1.45349e-09
     0.0000e+00     0.0000e+00      0  0  0.00
     512   1.00000  0.0000e+00
-1.59957e-08-1.75518e-08-1.86852e-08-1.93968e-08-1.97096e-08-1.96634e-08
-1.93079e-08-1.86971e-08-1.78839e-08-1.69157e-08-1.58308e-08-1.46553e-08
-1.34012e-08-1.20662e-08-1.06349e-08-9.08266e-09-7.37831e-09-5.48873e-09
-3.38241e-09-1.03384e-09 1.57187e-09 4.43433e-09 7.53385e-09 1.08288e-08
 1.42547e-08 1.77258e-08 2.11382e-08 2.43753e-08 2.73148e-08 2.98354e-08
 3.18258e-08 3.31941e-08 3.38776e-08 3.38516e-08 3.31365e-08 3.18003e-08
 2.99586e-08 2.77702e-08 2.54281e-08 2.31464e-08 2.11424e-08 1.96144e-08
 1.87175e-08 1.85386e-08 1.90729e-08 2.02056e-08 2.16991e-08 2.31905e-08
 2.41985e-08 2.41426e-08 2.23755e-08 1.82281e-08 1.10674e-08 3.61919e-10
-1.42465e-08-3.28719e-08-5.53183e-08-8.10265e-08-1.09041e-07-1.38004e-07
-1.66183e-07-1.91531e-07-2.11795e-07-2.24648e-07-2.27890e-07-2.19746e-07
-1.99196e-07-1.66175e-07-1.21649e-07-6.76192e-08-6.88225e-09 5.74711e-08
 1.22578e-07 1.86106e-07 2.46139e-07 3.00705e-07 3.47361e-07 3.83179e-07
 4.05114e-07 4.10518e-07 3.97483e-07 3.64960e-07 3.12893e-07 2.42509e-07
 1.56475e-07 5.87689e-08-4.55473e-08-1.50339e-07-2.48454e-07-3.32482e-07
-3.96116e-07-4.35097e-07-4.47411e-07-4.33258e-07-3.94914e-07-3.36298e-07
-2.62413e-07-1.78941e-07-9.20552e-08-8.22489e-09 6.64250e-08 1.27302e-07
 1.72317e-07 2.01639e-07 2.16363e-07 2.17481e-07 2.06180e-07 1.84690e-07
 1.56220e-07 1.24008e-07 9.06986e-08 5.84577e-08 2.91512e-08 4.20090e-09
-1.55459e-08-2.97624e-08-3.85656e-08-4.24554e-08-4.22025e-08-3.87325e-08
-3.30440e-08-2.61259e-08-1.88767e-08-1.20527e-08-6.23779e-09-1.82369e-09
 9.87893e-10 2.16935e-09 1.84349e-09 2.50718e-10-2.28905e-09-5.41318e-09
-8.75147e-09-1.19575e-08-1.47326e-08-1.68429e-08-1.81280e-08-1.85038e-08
-1.79585e-08-1.65459e-08-1.43738e-08-1.15911e-08-8.37439e-09-4.91280e-09
-1.39425e-09 2.00673e-09 5.13793e-09 7.87542e-09 1.01274e-08 1.18363e-08
 1.29779e-08 1.35576e-08 1.36052e-08 1.31693e-08 1.23134e-08 1.11113e-08
 9.64324e-09 7.99062e-09 6.23161e-09 4.43745e-09 2.67037e-09 9.82888e-10
-5.82665e-10-1.99409e-09-3.22845e-09-4.27045e-09-5.11080e-09-5.74539e-09
-6.17479e-09-6.40380e-09-6.44086e-09-6.29750e-09-5.98774e-09-5.52723e-09
-4.93275e-09-4.22253e-09-3.41670e-09-2.53680e-09-1.60514e-09-6.44802e-10
 3.19894e-10 1.26367e-09 2.16143e-09 2.98910e-09 3.72387e-09 4.34465e-09
 4.83291e-09 5.17348e-09 5.35496e-09 5.37031e-09 5.21778e-09 4.90123e-09
 4.42966e-09 3.81631e-09 3.07807e-09 2.23496e-09 1.30979e-09 3.28144e-10
-6.81051e-10-1.68575e-09-2.65304e-09-3.55220e-09-4.35629e-09-5.04213e-09
-5.58966e-09-5.98162e-09-6.20379e-09-6.24606e-09-6.10379e-09-5.77850e-09
-5.27787e-09-4.61532e-09-3.80906e-09-2.88150e-09-1.85888e-09-7.69795e-10
 3.56136e-10 1.48776e-09 2.59212e-09 3.63632e-09 4.58944e-09 5.42272e-09
 6.11025e-09 6.63045e-09 6.96682e-09 7.10826e-09 7.04964e-09 6.79131e-09
 6.33877e-09 5.70358e-09 4.90323e-09 3.95934e-09 2.89704e-09 1.74557e-09
 5.37642e-10-6.91915e-10-1.90672e-09-3.07051e-09-4.14983e-09-5.11469e-09
-5.93762e-09-6.59442e-09-7.06570e-09-7.33757e-09-7.40194e-09-7.25689e-09
-6.90616e-09-6.35939e-09-5.63289e-09-4.74914e-09-3.73544e-09-2.62247e-09
-1.44272e-09-2.29626e-10 9.82364e-10 2.15787e-09 3.26182e-09 4.26185e-09
 5.12996e-09 5.84246e-09 6.37996e-09 6.72842e-09 6.88032e-09 6.83511e-09
 6.59841e-09 6.18025e-09 5.59490e-09 4.86151e-09 4.00388e-09 3.05026e-09
 2.03229e-09 9.81865e-10-7.04594e-11-1.09477e-09-2.06222e-09-2.94657e-09
-3.72523e-09-4.38007e-09-4.89751e-09-5.26788e-09-5.48506e-09-5.54783e-09
-5.46109e-09-5.23497e-09-4.88306e-09-4.42134e-09-3.86699e-09-3.23760e-09
-2.55185e-09-1.82995e-09-1.09198e-09-3.56683e-10 3.58615e-10 1.03859e-09
 1.67128e-09 2.24791e-09 2.76193e-09 3.20848e-09 3.58349e-09 3.88342e-09
 4.10655e-09 4.25374e-09 4.32729e-09 4.32942e-09 4.26124e-09 4.12255e-09
 3.91263e-09 3.63141e-09 3.27950e-09 2.85744e-09 2.36539e-09 1.80447e-09
 1.17789e-09 4.90994e-10-2.48806e-10-1.03184e-09-1.84542e-09-2.67266e-09
-3.49254e-09-4.28113e-09-5.01240e-09-5.65913e-09-6.19362e-09-6.58810e-09
-6.81627e-09-6.85539e-09-6.68785e-09-6.30295e-09-5.69787e-09-4.87770e-09
-3.85582e-09-2.65443e-09-1.30426e-09 1.56138e-10 1.68193e-09 3.22401e-09
 4.73018e-09 6.14609e-09 7.41689e-09 8.48920e-09 9.31314e-09 9.84442e-09
 1.00460e-08 9.89039e-09 9.36238e-09 8.46211e-09 7.20726e-09 5.63480e-09
 3.80146e-09 1.78272e-09-3.29939e-10-2.43375e-09-4.42132e-09-6.18856e-09
-7.64317e-09-8.71294e-09-9.35252e-09-9.54774e-09-9.31705e-09-8.70946e-09
-7.79907e-09-6.67709e-09-5.44224e-09-4.19033e-09-3.00495e-09-1.94997e-09
-1.06484e-09-3.63271e-10 1.65082e-10 5.50444e-10 8.36816e-10 1.07489e-09
 1.31504e-09 1.60124e-09 1.96642e-09 2.42970e-09 2.99524e-09 3.65223e-09
 4.37619e-09 5.13102e-09 5.87188e-09 6.54856e-09 7.10937e-09 7.50503e-09
 7.69268e-09 7.63936e-09 7.32460e-09 6.74169e-09 5.89794e-09 4.81363e-09
 3.52039e-09 2.05886e-09 4.75930e-10-1.17827e-09-2.85305e-09-4.49919e-09
-6.07022e-09-7.52307e-09-8.81825e-09-9.91990e-09-1.07957e-08-1.14174e-08
-1.17613e-08-1.18096e-08-1.15514e-08-1.09834e-08-1.01096e-08-8.94145e-09
-7.49785e-09-5.80526e-09-3.89778e-09-1.81673e-09 3.90199e-10 2.67020e-09
 4.96681e-09 7.22147e-09 9.37508e-09 1.13692e-08 1.31467e-08 1.46527e-08
 1.58352e-08 1.66475e-08 1.70501e-08 1.70127e-08 1.65160e-08 1.55532e-08
 1.41307e-08 1.22699e-08 1.00080e-08 7.39858e-09 4.51083e-09 1.42751e-09
-1.75807e-09-4.94667e-09-8.03848e-09-1.09385e-08-1.35609e-08-1.58320e-08
-1.76927e-08-1.90995e-08-2.00258e-08-2.04623e-08-2.04158e-08-1.99070e-08
-1.89687e-08-1.76432e-08-1.59814e-08-1.40405e-08-1.18829e-08-9.57409e-09
-7.18006e-09-4.76331e-09-2.37795e-09-6.46887e-11 2.15289e-09 4.26974e-09
 6.29847e-09 8.26663e-09 1.02124e-08 1.21783e-08 1.42027e-08 1.63095e-08
 1.84974e-08 2.07319e-08 2.29406e-08 2.50128e-08 2.68060e-08 2.81561e-08
 2.88932e-08 2.88570e-08 2.79128e-08 2.59643e-08 2.29643e-08 1.89238e-08
 1.39171e-08 8.08258e-09 1.61843e-09-5.22675e-09-1.21665e-08-1.88912e-08
-2.50849e-08-3.04425e-08-3.46881e-08-3.75941e-08-3.89986e-08-3.88229e-08
-3.70834e-08-3.38954e-08-2.94642e-08-2.40583e-08-1.79736e-08-1.15024e-08
-4.92492e-09 1.48040e-09 7.42414e-09 1.26041e-08 1.67200e-08 1.95044e-08
 2.07694e-08 2.04625e-08 1.87124e-08 1.58339e-08 1.22750e-08 8.52738e-09
 5.04023e-09 2.16238e-09 1.11928e-10-1.03917e-09-1.37012e-09-1.10046e-09
-5.57942e-10-1.32423e-10
     0.0000e+00     0.0000e+00      0  0  0.00
     512   1.00000  0.0000e+00
-1.43270e-08-1.48860e-08-1.50766e-08-1.49023e-08-1.43820e-08-1.35462e-08
-1.24350e-08-1.10951e-08-9.57554e-09-7.92248e-09-6.17453e-09-4.36030e-09
-2.49904e-09-6.03200e-10 1.31880e-09 3.26078e-09 5.21803e-09 7.18653e-09
 9.16146e-09 1.11347e-08 1.30919e-08 1.50103e-08 1.68568e-08 1.85869e-08
 2.01446e-08 2.14632e-08 2.24670e-08 2.30747e-08 2.32044e-08 2.27795e-08
 2.17359e-08 2.00293e-08 1.76413e-08 1.45842e-08 1.09042e-08 6.68416e-09
 2.04552e-09-2.85064e-09-7.80634e-09-1.25958e-08-1.69803e-08-2.07242e-08
-2.36101e-08-2.54539e-08-2.61196e-08-2.55370e-08-2.37187e-08-2.07721e-08
-1.69051e-08-1.24231e-08-7.71723e-09-3.24354e-09 5.07565e-10 3.04842e-09
 3.93624e-09 2.81943e-09-5.13695e-10-6.08714e-09-1.36963e-08-2.28809e-08
-3.29186e-08-4.28438e-08-5.14911e-08-5.75643e-08-5.97063e-08-5.65103e-08
-4.65177e-08-2.84349e-08-1.67081e-09 3.30826e-08 7.35897e-08 1.16291e-07
 1.56925e-07 1.91267e-07 2.15715e-07 2.27552e-07 2.24787e-07 2.05810e-07
 1.69395e-07 1.15260e-07 4.47395e-08-3.89781e-08-1.30993e-07-2.24899e-07
-3.12938e-07-3.86350e-07-4.36060e-07-4.53504e-07-4.31862e-07-3.68145e-07
-2.64982e-07-1.31262e-07 1.80392e-08 1.63548e-07 2.85348e-07 3.67792e-07
 4.03797e-07 3.96767e-07 3.58398e-07 3.02749e-07 2.39695e-07 1.72379e-07
 1.00719e-07 2.74100e-08-4.00638e-08-9.36833e-08-1.30112e-07-1.50835e-07
-1.58357e-07-1.54025e-07-1.39191e-07-1.16427e-07-8.89255e-08-5.95930e-08
-3.09072e-08-4.94358e-09 1.67720e-08 3.32801e-08 4.41091e-08 4.92813e-08
 4.92659e-08 4.48417e-08 3.69874e-08 2.67960e-08 1.53714e-08 3.74344e-09
-7.18751e-09-1.67016e-08-2.42871e-08-2.96413e-08-3.26592e-08-3.34121e-08
-3.21128e-08-2.90802e-08-2.47029e-08-1.94017e-08-1.35937e-08-7.66497e-09
-1.94941e-09 3.28226e-09 7.82900e-09 1.15621e-08 1.44225e-08 1.64130e-08
 1.75871e-08 1.80359e-08 1.78743e-08 1.72265e-08 1.62153e-08 1.49540e-08
 1.35404e-08 1.20534e-08 1.05506e-08 9.06992e-09 7.63141e-09 6.24035e-09
 4.89037e-09 3.56859e-09 2.26132e-09 9.57828e-10-3.48562e-10-1.65993e-09
-2.97183e-09-4.27150e-09-5.53792e-09-6.74343e-09-7.85542e-09-8.83821e-09
-9.65588e-09-1.02758e-08-1.06705e-08-1.08183e-08-1.07038e-08-1.03205e-08
-9.67192e-09-8.77185e-09-7.64307e-09-6.31667e-09-4.83043e-09-3.22598e-09
-1.54717e-09 1.59982e-10 1.84771e-09 3.46853e-09 4.97784e-09 6.33542e-09
 7.50604e-09 8.46039e-09 9.17620e-09 9.63826e-09 9.83807e-09 9.77419e-09
 9.45299e-09 8.88832e-09 8.09952e-09 7.10972e-09 5.94607e-09 4.64025e-09
 3.22772e-09 1.74622e-09 2.34722e-10-1.26718e-09-2.72083e-09-4.09005e-09
-5.34116e-09-6.44238e-09-7.36473e-09-8.08439e-09-8.58408e-09-8.85225e-09
-8.88235e-09-8.67345e-09-8.23067e-09-7.56504e-09-6.69357e-09-5.63961e-09
-4.43208e-09-3.10352e-09-1.68910e-09-2.26507e-10 1.24434e-09 2.68253e-09
 4.04802e-09 5.30305e-09 6.41259e-09 7.34487e-09 8.07305e-09 8.57666e-09
 8.84120e-09 8.85761e-09 8.62343e-09 8.14431e-09 7.43356e-09 6.51056e-09
 5.39945e-09 4.12902e-09 2.73341e-09 1.25224e-09-2.71255e-10-1.79356e-09
-3.27311e-09-4.67014e-09-5.94545e-09-7.06030e-09-7.97939e-09-8.67493e-09
-9.12815e-09-9.32676e-09-9.26202e-09-8.92995e-09-8.33583e-09-7.49625e-09
-6.43676e-09-5.18730e-09-3.77973e-09-2.24940e-09-6.38429e-10 1.00460e-09
 2.62913e-09 4.18764e-09 5.63723e-09 6.93731e-09 8.04772e-09 8.93099e-09
 9.55719e-09 9.90720e-09 9.97175e-09 9.74786e-09 9.23777e-09 8.45194e-09
 7.41134e-09 6.14692e-09 4.69693e-09 3.10385e-09 1.41309e-09-3.26577e-10
-2.06315e-09-3.74344e-09-5.31599e-09-6.73334e-09-7.95339e-09-8.93989e-09
-9.66298e-09-1.01002e-08-1.02381e-08-1.00729e-08-9.61090e-09-8.86767e-09
-7.86685e-09-6.63850e-09-5.21869e-09-3.65020e-09-1.98207e-09-2.66522e-10
 1.44473e-09 3.10249e-09 4.65976e-09 6.07118e-09 7.29442e-09 8.29399e-09
 9.04440e-09 9.52945e-09 9.73963e-09 9.67133e-09 9.32851e-09 8.72520e-09
 7.88575e-09 6.84145e-09 5.62624e-09 4.27572e-09 2.82917e-09 1.33074e-09
-1.72842e-10-1.63746e-09-3.02520e-09-4.30373e-09-5.44401e-09-6.41993e-09
-7.21086e-09-7.80521e-09-8.20095e-09-8.40195e-09-8.41422e-09-8.24502e-09
-7.90433e-09-7.40602e-09-6.76590e-09-5.99812e-09-5.11378e-09-4.12301e-09
-3.03816e-09-1.87571e-09-6.55538e-10 6.00526e-10 1.86872e-09 3.12260e-09
 4.33339e-09 5.47229e-09 6.51432e-09 7.44132e-09 8.24249e-09 8.91279e-09
 9.45025e-09 9.85283e-09 1.01143e-08 1.02194e-08 1.01398e-08 9.83215e-09
 9.24025e-09 8.30194e-09 6.95933e-09 5.17181e-09 2.92970e-09 2.66130e-10
-2.73543e-09-5.94019e-09-9.16915e-09-1.22140e-08-1.48583e-08-1.69028e-08
-1.81897e-08-1.86226e-08-1.81784e-08-1.69087e-08-1.49305e-08-1.24082e-08
-9.53020e-09-6.48420e-09-3.43534e-09-5.11312e-10 2.20362e-09 4.66567e-09
 6.86178e-09 8.79677e-09 1.04806e-08 1.19191e-08 1.31095e-08 1.40414e-08
 1.47013e-08 1.50784e-08 1.51690e-08 1.49777e-08 1.45138e-08 1.37864e-08
 1.27973e-08 1.15379e-08 9.98911e-09 8.12721e-09 5.93374e-09 3.40755e-09
 5.75141e-10-2.50361e-09-5.73641e-09-9.00604e-09-1.21826e-08-1.51370e-08
-1.77532e-08-1.99350e-08-2.16079e-08-2.27161e-08-2.32175e-08-2.30793e-08
-2.22778e-08-2.08018e-08-1.86591e-08-1.58842e-08-1.25433e-08-8.73433e-09
-4.58154e-09-2.24711e-10 4.19347e-09 8.53885e-09 1.26928e-08 1.65537e-08
 2.00334e-08 2.30524e-08 2.55345e-08 2.74075e-08 2.86061e-08 2.90807e-08
 2.88055e-08 2.77848e-08 2.60536e-08 2.36725e-08 2.07188e-08 1.72765e-08
 1.34293e-08 9.25809e-09 4.84275e-09 2.67147e-10-4.37648e-09-8.98643e-09
-1.34551e-08-1.76761e-08-2.15527e-08-2.50032e-08-2.79622e-08-3.03760e-08
-3.21961e-08-3.33725e-08-3.38517e-08-3.35803e-08-3.25148e-08-3.06341e-08
-2.79516e-08-2.45220e-08-2.04413e-08-1.58404e-08-1.08752e-08-5.71632e-09
-5.40854e-10 4.47380e-09 9.15448e-09 1.33376e-08 1.68773e-08 1.96553e-08
 2.15926e-08 2.26571e-08 2.28675e-08 2.22899e-08 2.10322e-08 1.92379e-08
 1.70845e-08 1.47871e-08 1.26040e-08 1.08391e-08 9.83571e-09 9.95437e-09
 1.15347e-08 1.48445e-08 2.00239e-08 2.70340e-08 3.56189e-08 4.52859e-08
 5.53079e-08 6.47499e-08 7.25192e-08 7.74409e-08 7.83555e-08 7.42347e-08
 6.43079e-08 4.81858e-08 2.59675e-08-1.68282e-09-3.35034e-08-6.76519e-08
-1.01776e-07-1.33142e-07-1.58823e-07-1.75967e-07-1.82163e-07-1.75876e-07
-1.56856e-07-1.26381e-07-8.72331e-08-4.33899e-08 5.35652e-10 4.00136e-08
 7.13337e-08 9.21775e-08 1.01855e-07 1.01156e-07 9.19542e-08 7.67721e-08
 5.84208e-08 3.96900e-08 2.30319e-08 1.02402e-08 2.18985e-09-1.29752e-09
-1.44274e-09-4.47492e-10
     0.0000e+00     0.0000e+00      0  0  0.00
     512   1.00000  0.0000e+00
 6.51784e-09 6.71617e-09 6.67926e-09 6.46786e-09 6.16089e-09 5.84435e-09
 5.60003e-09 5.49693e-09 5.58628e-09 5.89871e-09 6.44211e-09 7.19941e-09
 8.12779e-09 9.16068e-09 1.02130e-08 1.11880e-08 1.19831e-08 1.24946e-08
 1.26204e-08 1.22657e-08 1.13505e-08 9.81956e-09 7.65196e-09 4.86832e-09
 1.53344e-09-2.24580e-09-6.32672e-09-1.05392e-08-1.46949e-08-1.85961e-08
-2.20471e-08-2.48692e-08-2.69174e-08-2.80994e-08-2.83895e-08-2.78382e-08
-2.65785e-08-2.48346e-08-2.29308e-08-2.12846e-08-2.03645e-08-2.06090e-08
-2.23256e-08-2.55977e-08-3.02295e-08-3.57398e-08-4.14003e-08-4.62954e-08
-4.93877e-08-4.95895e-08-4.58431e-08-3.72132e-08-2.29857e-08-2.76834e-09
 2.34143e-08 5.50387e-08 9.10239e-08 1.29710e-07 1.68882e-07 2.05847e-07
 2.37561e-07 2.60809e-07 2.72430e-07 2.69585e-07 2.50062e-07 2.12648e-07
 1.57503e-07 8.64234e-08 3.07105e-09-8.69583e-08-1.76654e-07-2.58715e-07
-3.26802e-07-3.76527e-07-4.05771e-07-4.14138e-07-4.02055e-07-3.70186e-07
-3.19585e-07-2.52450e-07-1.72663e-07-8.55594e-08 2.67950e-09 8.55768e-08
 1.57026e-07 2.12330e-07 2.48999e-07 2.66361e-07 2.64664e-07 2.45645e-07
 2.14240e-07 1.78490e-07 1.46801e-07 1.24794e-07 1.13336e-07 1.08014e-07
 1.00745e-07 8.37630e-08 5.42108e-08 1.64919e-08-2.00619e-08-4.76379e-08
-6.53362e-08-7.81160e-08-9.02867e-08-1.00852e-07-1.05785e-07-1.03396e-07
-9.56752e-08-8.51606e-08-7.27811e-08-5.88069e-08-4.40430e-08-2.95453e-08
-1.61055e-08-4.30293e-09 5.44488e-09 1.29670e-08 1.82630e-08 2.14210e-08
 2.26542e-08 2.22893e-08 2.06950e-08 1.82550e-08 1.53477e-08 1.23093e-08
 9.41875e-09 6.89189e-09 4.86855e-09 3.41270e-09 2.52547e-09 2.15646e-09
 2.21894e-09 2.60659e-09 3.20440e-09 3.89813e-09 4.58286e-09 5.16773e-09
 5.57973e-09 5.76714e-09 5.70164e-09 5.37960e-09 4.82138e-09 4.06641e-09
 3.16609e-09 2.17725e-09 1.15734e-09 1.61070e-10-7.63690e-10-1.58065e-09
-2.26698e-09-2.81071e-09-3.20578e-09-3.44969e-09-3.54573e-09-3.50717e-09
-3.35813e-09-3.12969e-09-2.85400e-09-2.55965e-09-2.26950e-09-2.00009e-09
-1.76145e-09-1.55754e-09-1.38813e-09-1.25114e-09-1.14454e-09-1.06654e-09
-1.01436e-09-9.82735e-10-9.63492e-10-9.46269e-10-9.20269e-10-8.76282e-10
-8.07852e-10-7.11054e-10-5.83912e-10-4.26944e-10-2.43988e-10-4.11431e-11
 1.75627e-10 4.01597e-10 6.32443e-10 8.63061e-10 1.08747e-09 1.29974e-09
 1.49503e-09 1.67003e-09 1.82242e-09 1.94951e-09 2.04724e-09 2.10997e-09
 2.13148e-09 2.10720e-09 2.03692e-09 1.92584e-09 1.78256e-09 1.61454e-09
 1.42406e-09 1.20779e-09 9.60793e-10 6.82387e-10 3.79359e-10 6.40406e-11
-2.51106e-10-5.58445e-10-8.56067e-10-1.14442e-09-1.42254e-09-1.68671e-09
-1.93065e-09-2.14590e-09-2.32285e-09-2.45260e-09-2.52892e-09-2.54950e-09
-2.51572e-09-2.42983e-09-2.29244e-09-2.10308e-09-1.86177e-09-1.56972e-09
-1.23026e-09-8.49717e-10-4.36815e-10-1.89759e-12 4.43434e-10 8.87513e-10
 1.31926e-09 1.72701e-09 2.09877e-09 2.42533e-09 2.70105e-09 2.92022e-09
 3.07435e-09 3.15306e-09 3.14723e-09 3.05280e-09 2.87213e-09 2.61097e-09
 2.27504e-09 1.87105e-09 1.40891e-09 9.00930e-10 3.59646e-10-2.02897e-10
-7.74514e-10-1.34085e-09-1.88337e-09-2.38084e-09-2.81378e-09-3.16767e-09
-3.43316e-09-3.60386e-09-3.67397e-09-3.63839e-09-3.49450e-09-3.24349e-09
-2.89016e-09-2.44195e-09-1.90917e-09-1.30665e-09-6.54499e-10 2.37240e-11
 7.04901e-10 1.36966e-09 2.00134e-09 2.58264e-09 3.09422e-09 3.51553e-09
 3.82779e-09 4.01766e-09 4.07778e-09 4.00483e-09 3.79933e-09 3.46699e-09
 3.01896e-09 2.47043e-09 1.83875e-09 1.14182e-09 3.98200e-10-3.70230e-10
-1.13625e-09-1.86949e-09-2.54062e-09-3.12402e-09-3.59985e-09-3.95465e-09
-4.17918e-09-4.26617e-09-4.21027e-09-4.00911e-09-3.66513e-09-3.18863e-09
-2.59934e-09-1.92380e-09-1.19032e-09-4.25461e-10 3.46916e-10 1.10386e-09
 1.82018e-09 2.46816e-09 3.02127e-09 3.45823e-09 3.76485e-09 3.93379e-09
 3.96326e-09 3.85576e-09 3.61788e-09 3.26099e-09 2.80102e-09 2.25691e-09
 1.64986e-09 1.00401e-09 3.46090e-10-2.97020e-10-9.01503e-10-1.44862e-09
-1.92370e-09-2.31424e-09-2.61028e-09-2.80586e-09-2.89969e-09-2.89486e-09
-2.79786e-09-2.61811e-09-2.36792e-09-2.06130e-09-1.71287e-09-1.33819e-09
-9.54270e-10-5.78675e-10-2.27694e-10 8.56365e-11 3.52234e-10 5.67142e-10
 7.30582e-10 8.49155e-10 9.35930e-10 1.00876e-09 1.08709e-09 1.18876e-09
 1.32698e-09 1.50733e-09 1.72518e-09 1.96453e-09 2.19841e-09 2.39159e-09
 2.50533e-09 2.50340e-09 2.35848e-09 2.05728e-09 1.60360e-09 1.01902e-09
 3.40698e-10-3.83454e-10-1.10150e-09-1.76506e-09-2.33589e-09-2.79013e-09
-3.11925e-09-3.32753e-09-3.42686e-09-3.43045e-09-3.34682e-09-3.17586e-09
-2.90791e-09-2.52652e-09-2.01471e-09-1.36275e-09-5.75309e-10 3.23941e-10
 1.29187e-09 2.26970e-09 3.19021e-09 3.98689e-09 4.60312e-09 4.99955e-09
 5.15787e-09 5.08037e-09 4.78538e-09 4.30028e-09 3.65427e-09 2.87279e-09
 1.97522e-09 9.76310e-10-1.08971e-10-1.25916e-09-2.44132e-09-3.60956e-09
-4.70812e-09-5.67816e-09-6.46566e-09-7.02810e-09-7.33809e-09-7.38362e-09
-7.16539e-09-6.69241e-09-5.97803e-09-5.03812e-09-3.89205e-09-2.56573e-09
-1.09488e-09 4.73469e-10 2.08182e-09 3.66590e-09 5.16069e-09 6.50808e-09
 7.66449e-09 8.60642e-09 9.33104e-09 9.85130e-09 1.01869e-08 1.03540e-08
 1.03575e-08 1.01873e-08 9.82024e-09 9.22736e-09 8.38308e-09 7.27364e-09
 5.90082e-09 4.28031e-09 2.43657e-09 3.98248e-10-1.80307e-09-4.13052e-09
-6.53804e-09-8.96767e-09-1.13499e-08-1.36083e-08-1.56664e-08-1.74572e-08
-1.89286e-08-2.00453e-08-2.07842e-08-2.11258e-08-2.10476e-08-2.05196e-08
-1.95063e-08-1.79717e-08-1.58871e-08-1.32415e-08-1.00512e-08-6.36784e-09
-2.28025e-09 2.08878e-09 6.59113e-09 1.10642e-08 1.53426e-08 1.92699e-08
 2.27097e-08 2.55574e-08 2.77492e-08 2.92719e-08 3.01710e-08 3.05561e-08
 3.05974e-08 3.05108e-08 3.05302e-08 3.08738e-08 3.17112e-08 3.31358e-08
 3.51466e-08 3.76358e-08 4.03826e-08 4.30504e-08 4.51896e-08 4.62467e-08
 4.55868e-08 4.25329e-08 3.64241e-08 2.66883e-08 1.29178e-08-5.06044e-09
-2.71269e-08-5.28233e-08-8.13205e-08-1.11403e-07-1.41479e-07-1.69620e-07
-1.93646e-07-2.11249e-07-2.20161e-07-2.18354e-07-2.04263e-07-1.77008e-07
-1.36601e-07-8.41159e-08-2.18200e-08 4.67656e-08 1.16929e-07 1.83043e-07
 2.39120e-07 2.79586e-07 3.00128e-07 2.98423e-07 2.74607e-07 2.31358e-07
 1.73556e-07 1.07542e-07 4.01450e-08-2.22388e-08-7.43007e-08-1.12191e-07
-1.33729e-07-1.38546e-07-1.28150e-07-1.05821e-07-7.63185e-08-4.54164e-08
-1.93336e-08-4.14168e-09
     0.0000e+00     0.0000e+00      0  0  0.00
     512   1.00000  0.0000e+00
-4.31513e-09-4.68343e-09-4.95652e-09-5.12962e-09-5.19992e-09-5.16558e-09
-5.02511e-09-4.77751e-09-4.42338e-09-3.96673e-09-3.41690e-09-2.78984e-09
-2.10820e-09-1.40056e-09-7.00042e-10-4.24572e-11 5.35893e-10 1.00094e-09
 1.32426e-09 1.48701e-09 1.48407e-09 1.32757e-09 1.04942e-09 7.02423e-10
 3.59571e-10 1.11196e-10 5.97297e-11 3.12125e-10 9.70191e-10 2.11925e-09
 3.81591e-09 6.07608e-09 8.86454e-09 1.20871e-08 1.55866e-08 1.91426e-08
 2.24770e-08 2.52648e-08 2.71509e-08 2.77756e-08 2.68072e-08 2.39790e-08
 1.91258e-08 1.22161e-08 3.37705e-09-7.08681e-09-1.86847e-08-3.07437e-08
-4.24286e-08-5.27809e-08-6.07748e-08-6.53908e-08-6.57027e-08-6.09752e-08
-5.07644e-08-3.50119e-08-1.41235e-08 1.09778e-08 3.88353e-08 6.74836e-08
 9.45217e-08 1.17235e-07 1.32771e-07 1.38354e-07 1.31569e-07 1.10780e-07
 7.56785e-08 2.76748e-08-3.00759e-08-9.29224e-08-1.55208e-07-2.11060e-07
-2.55325e-07-2.84196e-07-2.95275e-07-2.87218e-07-2.59295e-07-2.11291e-07
-1.44019e-07-6.00193e-08 3.62457e-08 1.38779e-07 2.40574e-07 3.33976e-07
 4.11109e-07 4.64711e-07 4.89015e-07 4.80164e-07 4.36435e-07 3.58781e-07
 2.51603e-07 1.23123e-07-1.51027e-08-1.49568e-07-2.66950e-07-3.56537e-07
-4.12164e-07-4.32996e-07-4.22774e-07-3.87689e-07-3.34032e-07-2.67020e-07
-1.91266e-07-1.11924e-07-3.49405e-08 3.41096e-08 9.14258e-08 1.35252e-07
 1.65127e-07 1.81269e-07 1.84585e-07 1.76781e-07 1.60152e-07 1.37231e-07
 1.10552e-07 8.24830e-08 5.50818e-08 2.99978e-08 8.43018e-09-8.88725e-09
-2.16631e-08-2.99857e-08-3.42446e-08-3.50495e-08-3.31464e-08-2.93389e-08
-2.44188e-08-1.91066e-08-1.40075e-08-9.58463e-09-6.14692e-09-3.85008e-09
-2.70898e-09-2.61953e-09-3.38754e-09-4.76068e-09-6.45993e-09-8.20823e-09
-9.75455e-09-1.08919e-08-1.14687e-08-1.13945e-08-1.06408e-08-9.23794e-09
-7.26725e-09-4.84964e-09-2.13329e-09 7.18782e-10 3.54069e-09 6.17530e-09
 8.48398e-09 1.03535e-08 1.17005e-08 1.24745e-08 1.26583e-08 1.22667e-08
 1.13420e-08 9.94935e-09 8.17196e-09 6.10474e-09 3.84829e-09 1.50386e-09
-8.30569e-10-3.06409e-09-5.11649e-09-6.92068e-09-8.42327e-09-9.58472e-09
-1.03796e-08-1.07964e-08-1.08368e-08-1.05141e-08-9.85227e-09-8.88424e-09
-7.65002e-09-6.19407e-09-4.56389e-09-2.80919e-09-9.81145e-10 8.68837e-10
 2.69035e-09 4.43484e-09 6.05636e-09 7.51260e-09 8.76610e-09 9.78473e-09
 1.05421e-08 1.10183e-08 1.12004e-08 1.10833e-08 1.06691e-08 9.96720e-09
 8.99458e-09 7.77574e-09 6.34192e-09 4.73024e-09 2.98274e-09 1.14535e-09
-7.33591e-10-2.60456e-09-4.41776e-09-6.12422e-09-7.67722e-09-9.03409e-09
-1.01579e-08-1.10184e-08-1.15925e-08-1.18649e-08-1.18285e-08-1.14846e-08
-1.08426e-08-9.91989e-09-8.74221e-09-7.34179e-09-5.75617e-09-4.02757e-09
-2.20166e-09-3.26356e-10 1.54891e-09 3.37469e-09 5.10362e-09 6.69164e-09
 8.09887e-09 9.29079e-09 1.02388e-08 1.09202e-08 1.13195e-08 1.14299e-08
 1.12513e-08 1.07900e-08 1.00589e-08 9.07909e-09 7.87782e-09 6.48808e-09
 4.94720e-09 3.29502e-09 1.57306e-09-1.74844e-10-1.90361e-09-3.56970e-09
-5.13263e-09-6.55520e-09-7.80375e-09-8.84836e-09-9.66367e-09-1.02311e-08
-1.05400e-08-1.05867e-08-1.03724e-08-9.90309e-09-9.19150e-09-8.25721e-09
-7.12579e-09-5.82688e-09-4.39265e-09-2.85726e-09-1.25750e-09 3.67142e-10
 1.97668e-09 3.53317e-09 5.00117e-09 6.34754e-09 7.54122e-09 8.55324e-09
 9.35872e-09 9.93880e-09 1.02804e-08 1.03751e-08 1.02193e-08 9.81446e-09
 9.16774e-09 8.29221e-09 7.20620e-09 5.93263e-09 4.49821e-09 2.93354e-09
 1.27361e-09-4.43136e-10-2.17637e-09-3.88434e-09-5.52488e-09-7.05680e-09
-8.43975e-09-9.63462e-09-1.06057e-08-1.13219e-08-1.17570e-08-1.18915e-08
-1.17128e-08-1.12157e-08-1.04027e-08-9.28544e-09-7.88465e-09-6.22913e-09
-4.35545e-09-2.30765e-09-1.36650e-10 2.10004e-09 4.33988e-09 6.51815e-09
 8.57053e-09 1.04344e-08 1.20493e-08 1.33580e-08 1.43103e-08 1.48654e-08
 1.49941e-08 1.46796e-08 1.39171e-08 1.27140e-08 1.10921e-08 9.08834e-09
 6.75406e-09 4.15237e-09 1.35645e-09-1.55219e-09-4.48459e-09-7.34626e-09
-1.00416e-08-1.24781e-08-1.45699e-08-1.62402e-08-1.74236e-08-1.80689e-08
-1.81432e-08-1.76338e-08-1.65491e-08-1.49182e-08-1.27891e-08-1.02272e-08
-7.31449e-09-4.14550e-09-8.23722e-10 2.54273e-09 5.84476e-09 8.97526e-09
 1.18315e-08 1.43184e-08 1.63513e-08 1.78586e-08 1.87841e-08 1.90898e-08
 1.87582e-08 1.77956e-08 1.62350e-08 1.41368e-08 1.15881e-08 8.70025e-09
 5.60279e-09 2.43584e-09-6.59981e-10-3.55504e-09-6.14193e-09-8.34459e-09
-1.01242e-08-1.14803e-08-1.24470e-08-1.30843e-08-1.34657e-08-1.36639e-08
-1.37369e-08-1.37173e-08-1.36053e-08-1.33693e-08-1.29512e-08-1.22773e-08
-1.12724e-08-9.87467e-09-8.04792e-09-5.79053e-09-3.13923e-09-1.67187e-10
 3.02244e-09 6.30562e-09 9.54791e-09 1.26141e-08 1.53761e-08 1.77180e-08
 1.95402e-08 2.07614e-08 2.13210e-08 2.11812e-08 2.03303e-08 1.87850e-08
 1.65926e-08 1.38302e-08 1.06018e-08 7.03179e-09 3.25610e-09-5.87558e-10
-4.36880e-09-7.97165e-09-1.12984e-08-1.42704e-08-1.68253e-08-1.89148e-08
-2.05009e-08-2.15544e-08-2.20550e-08-2.19931e-08-2.13717e-08-2.02082e-08
-1.85344e-08-1.63939e-08-1.38393e-08-1.09277e-08-7.71786e-09-4.26857e-09
-6.39817e-10 3.10474e-09 6.89464e-09 1.06503e-08 1.42827e-08 1.76958e-08
 2.07906e-08 2.34712e-08 2.56492e-08 2.72480e-08 2.82039e-08 2.84666e-08
 2.79981e-08 2.67736e-08 2.47819e-08 2.20295e-08 1.85441e-08 1.43782e-08
 9.61076e-09 4.34682e-09-1.28618e-09-7.14355e-09-1.30693e-08-1.89011e-08
-2.44749e-08-2.96273e-08-3.41991e-08-3.80386e-08-4.10075e-08-4.29867e-08
-4.38845e-08-4.36416e-08-4.22348e-08-3.96763e-08-3.60102e-08-3.13067e-08
-2.56552e-08-1.91595e-08-1.19348e-08-4.10637e-09 4.18944e-09 1.28050e-08
 2.15811e-08 3.03477e-08 3.89255e-08 4.71270e-08 5.47572e-08 6.16136e-08
 6.74870e-08 7.21632e-08 7.54266e-08 7.70665e-08 7.68840e-08 7.46998e-08
 7.03597e-08 6.37402e-08 5.47532e-08 4.33538e-08 2.95525e-08 1.34329e-08
-4.82401e-09-2.49136e-08-4.63819e-08-6.86072e-08-9.07941e-08-1.11983e-07
-1.31079e-07-1.46897e-07-1.58234e-07-1.63946e-07-1.63047e-07-1.54811e-07
-1.38873e-07-1.15315e-07-8.47319e-08-4.82640e-08-7.58711e-09 3.51450e-08
 7.74073e-08 1.16459e-07 1.49548e-07 1.74153e-07 1.88259e-07 1.90631e-07
 1.81044e-07 1.60394e-07 1.30664e-07 9.47275e-08 5.59974e-08 1.79965e-08
-1.60941e-08-4.38090e-08-6.36246e-08-7.50109e-08-7.83413e-08-7.47238e-08
-6.57992e-08-5.35208e-08-3.99159e-08-2.68430e-08-1.57728e-08-7.62178e-09
-2.65632e-09-4.80382e-10
     0.0000e+00     0.0000e+00      0  0  0.00
     512   1.00000  0.0000e+00
 2.87615e-09 2.73382e-09 2.48457e-09 2.15659e-09 1.78502e-09 1.40913e-09
 1.06932e-09 8.03749e-10 6.44848e-10 6.16175e-10 7.30130e-10 9.86625e-10
 1.37265e-09 1.86263e-09 2.41971e-09 2.99807e-09 3.54641e-09 4.01227e-09
 4.34644e-09 4.50689e-09 4.46171e-09 4.19090e-09 3.68728e-09 2.95671e-09
 2.01780e-09 9.01028e-10-3.53189e-10-1.69763e-09-3.08271e-09-4.46168e-09
-5.79589e-09-7.05943e-09-8.24236e-09-9.35223e-09-1.04136e-08-1.14657e-08
-1.25556e-08-1.37270e-08-1.50014e-08-1.63642e-08-1.77617e-08-1.91151e-08
-2.03413e-08-2.13713e-08-2.21532e-08-2.26390e-08-2.27590e-08-2.23987e-08
-2.13870e-08-1.94970e-08-1.64568e-08-1.19708e-08-5.74885e-09 2.45744e-09
 1.28152e-08 2.53700e-08 4.00061e-08 5.64122e-08 7.40543e-08 9.21623e-08
 1.09735e-07 1.25568e-07 1.38304e-07 1.46510e-07 1.48793e-07 1.44021e-07
 1.31565e-07 1.11359e-07 8.38063e-08 4.96613e-08 9.85903e-09-3.46922e-08
-8.32242e-08-1.34979e-07-1.88788e-07-2.42587e-07-2.93253e-07-3.36914e-07
-3.69443e-07-3.86837e-07-3.85416e-07-3.62048e-07-3.14612e-07-2.42633e-07
-1.47786e-07-3.41304e-08 9.18796e-08 2.21647e-07 3.45009e-07 4.51114e-07
 5.29550e-07 5.71678e-07 5.72139e-07 5.30237e-07 4.50588e-07 3.42624e-07
 2.18861e-07 9.22684e-08-2.63378e-08-1.29768e-07-2.14229e-07-2.77805e-07
-3.19068e-07-3.37078e-07-3.32523e-07-3.08484e-07-2.69731e-07-2.21269e-07
-1.67519e-07-1.12422e-07-5.96146e-08-1.21694e-08 2.77081e-08 5.87227e-08
 8.03889e-08 9.29365e-08 9.71871e-08 9.43911e-08 8.60756e-08 7.38966e-08
 5.94912e-08 4.43574e-08 2.97719e-08 1.67348e-08 5.94363e-09-2.20461e-09
-7.59156e-09-1.03394e-08-1.07591e-08-9.29376e-09-6.46269e-09-2.80890e-09
 1.14651e-09 4.94173e-09 8.20206e-09 1.06563e-08 1.21417e-08 1.26006e-08
 1.20693e-08 1.06619e-08 8.54978e-09 5.94029e-09 3.05613e-09 1.16662e-10
-2.67794e-09-5.15917e-09-7.19833e-09-8.71038e-09-9.65431e-09-1.00307e-08
-9.87640e-09-9.25786e-09-8.26315e-09-6.99387e-09-5.55661e-09-4.05467e-09
-2.58145e-09-1.21609e-09-2.09225e-11 9.59928e-10 1.70051e-09 2.19174e-09
 2.43955e-09 2.46281e-09 2.29091e-09 1.96058e-09 1.51259e-09 9.88976e-10
 4.30460e-10-1.25777e-10-6.47774e-10-1.10962e-09-1.49173e-09-1.78097e-09
-1.97056e-09-2.05917e-09-2.04965e-09-1.94829e-09-1.76413e-09-1.50824e-09
-1.19284e-09-8.30891e-10-4.35882e-10-2.11920e-11 4.00820e-10 8.18939e-10
 1.22259e-09 1.60166e-09 1.94705e-09 2.25127e-09 2.50819e-09 2.71273e-09
 2.86105e-09 2.95048e-09 2.97869e-09 2.94338e-09 2.84307e-09 2.67837e-09
 2.45202e-09 2.16814e-09 1.83209e-09 1.45064e-09 1.03137e-09 5.82228e-10
 1.12027e-10-3.68918e-10-8.49079e-10-1.31673e-09-1.76053e-09-2.16964e-09
-2.53395e-09-2.84448e-09-3.09408e-09-3.27697e-09-3.38784e-09-3.42252e-09
-3.37902e-09-3.25700e-09-3.05724e-09-2.78275e-09-2.43941e-09-2.03470e-09
-1.57685e-09-1.07532e-09-5.40888e-10 1.45352e-11 5.77863e-10 1.13548e-09
 1.67404e-09 2.18004e-09 2.63983e-09 3.04039e-09 3.36954e-09 3.61620e-09
 3.77212e-09 3.83243e-09 3.79382e-09 3.65380e-09 3.41259e-09 3.07441e-09
 2.64637e-09 2.13761e-09 1.55932e-09 9.24895e-10 2.50426e-10-4.45151e-10
-1.14169e-09-1.81930e-09-2.45863e-09-3.04098e-09-3.54786e-09-3.96115e-09
-4.26477e-09-4.44647e-09-4.49797e-09-4.41404e-09-4.19215e-09-3.83413e-09
-3.34753e-09-2.74484e-09-2.04198e-09-1.25765e-09-4.13355e-10 4.66150e-10
 1.35296e-09 2.21768e-09 3.03078e-09 3.76388e-09 4.39120e-09 4.88935e-09
 5.23725e-09 5.41863e-09 5.42354e-09 5.24756e-09 4.89162e-09 4.36248e-09
 3.67289e-09 2.84220e-09 1.89622e-09 8.65616e-10-2.15916e-10-1.31235e-09
-2.38597e-09-3.39878e-09-4.31422e-09-5.09823e-09-5.72067e-09-6.15671e-09
-6.38705e-09-6.39865e-09-6.18699e-09-5.75701e-09-5.12160e-09-4.30011e-09
-3.31841e-09-2.20864e-09-1.00870e-09 2.38426e-10 1.48702e-09 2.69167e-09
 3.80850e-09 4.79602e-09 5.61674e-09 6.23895e-09 6.63845e-09 6.80004e-09
 6.71756e-09 6.39350e-09 5.83916e-09 5.07551e-09 4.13299e-09 3.04944e-09
 1.86767e-09 6.33607e-10-6.05163e-10-1.80050e-09-2.90549e-09-3.87752e-09
-4.68081e-09-5.28793e-09-5.68051e-09-5.84936e-09-5.79487e-09-5.52809e-09
-5.06983e-09-4.44851e-09-3.69804e-09-2.85560e-09-1.96008e-09-1.05069e-09
-1.64565e-10 6.65605e-10 1.41234e-09 2.05379e-09 2.57357e-09 2.96043e-09
 3.20872e-09 3.31888e-09 3.29731e-09 3.15657e-09 2.91570e-09 2.60040e-09
 2.24311e-09 1.88183e-09 1.55701e-09 1.30738e-09 1.16512e-09 1.15032e-09
 1.26565e-09 1.49226e-09 1.78791e-09 2.08849e-09 2.31364e-09 2.37584e-09
 2.19203e-09 1.69686e-09 8.55127e-10-3.28542e-10-1.80441e-09-3.47850e-09
-5.22020e-09-6.87524e-09-8.28286e-09-9.29474e-09-9.79251e-09-9.70160e-09
-8.99942e-09-7.71645e-09-5.93076e-09-3.75759e-09-1.33581e-09 1.18660e-09
 3.66528e-09 5.96944e-09 7.98820e-09 9.63344e-09 1.08403e-08 1.15665e-08
 1.17919e-08 1.15177e-08 1.07669e-08 9.58381e-09 8.03316e-09 6.19686e-09
 4.16880e-09 2.04759e-09-7.14917e-11-2.10397e-09-3.98164e-09-5.65481e-09
-7.09127e-09-8.27265e-09-9.18926e-09-9.83515e-09-1.02049e-08-1.02928e-08
-1.00942e-08-9.60880e-09-8.84360e-09-7.81496e-09-6.54907e-09-5.08039e-09
-3.44886e-09-1.69710e-09 1.31512e-10 1.99314e-09 3.84223e-09 5.62940e-09
 7.29988e-09 8.79352e-09 1.00472e-08 1.09995e-08 1.15968e-08 1.17995e-08
 1.15862e-08 1.09561e-08 9.92768e-09 8.53589e-09 6.82805e-09 4.86042e-09
 2.69603e-09 4.03847e-10-1.94154e-09-4.26064e-09-6.47133e-09-8.49291e-09
-1.02516e-08-1.16858e-08-1.27505e-08-1.34187e-08-1.36806e-08-1.35406e-08
-1.30135e-08-1.21217e-08-1.08936e-08-9.36354e-09-7.57243e-09-5.56787e-09
-3.40310e-09-1.13391e-09 1.18583e-09 3.50911e-09 5.79947e-09 8.03269e-09
 1.01962e-08 1.22860e-08 1.43034e-08 1.62496e-08 1.81221e-08 1.99103e-08
 2.15903e-08 2.31192e-08 2.44278e-08 2.54135e-08 2.59358e-08 2.58157e-08
 2.48429e-08 2.27908e-08 1.94393e-08 1.46021e-08 8.15705e-09 7.43481e-11
-9.55946e-09-2.05246e-08-3.24600e-08-4.48644e-08-5.71095e-08-6.84641e-08
-7.81314e-08-8.52975e-08-8.91884e-08-8.91305e-08-8.46116e-08-7.53343e-08
-6.12616e-08-4.26487e-08-2.00614e-08 5.62122e-09 3.32226e-08 6.13045e-08
 8.82270e-08 1.12234e-07 1.31563e-07 1.44578e-07 1.49913e-07 1.46619e-07
 1.34301e-07 1.13229e-07 8.44091e-08 4.96030e-08 1.12602e-08-2.76421e-08
-6.38694e-08-9.42881e-08-1.16255e-07-1.27977e-07-1.28763e-07-1.19129e-07
-1.00716e-07-7.60354e-08-4.80956e-08-1.99953e-08 5.43054e-09 2.58838e-08
 3.97988e-08 4.64749e-08 4.61394e-08 3.99249e-08 2.97510e-08 1.81173e-08
 7.83153e-09 1.69324e-09
