      10
(6e12.5)
     0.0000e+00     0.0000e+00      0  0  0.00
     512   1.00000  0.0000e+00
 2.25232e-09 2.44703e-09 2.32921e-09 1.86661e-09 1.16004e-09 4.24725e-10
-9.00832e-11-1.91304e-10 1.96347e-10 1.00426e-09 2.02228e-09 2.93430e-09
 3.40310e-09 3.19959e-09 2.32412e-09 1.04166e-09-2.14040e-10-1.03801e-09
-1.25693e-09-1.02366e-09-7.38414e-10-8.28892e-10-1.50978e-09-2.66204e-09
-3.90429e-09-4.81238e-09-5.15615e-09-5.02035e-09-4.75374e-09-4.78860e-09
-5.42833e-09-6.69595e-09-8.29666e-09-9.70356e-09-1.03397e-08-9.80260e-09
-8.05629e-09-5.50756e-09-2.90572e-09-1.06801e-09-5.20930e-10-1.21156e-09
-2.43577e-09-3.04333e-09-1.85387e-09 1.88227e-09 8.16141e-09 1.61557e-08
 2.43998e-08 3.11602e-08 3.48820e-08 3.46137e-08 3.03110e-08 2.29156e-08
 1.41259e-08 5.86747e-09-3.67907e-10-4.04089e-09-5.70661e-09-6.72282e-09
-8.65324e-09-1.26128e-08-1.88088e-08-2.64348e-08-3.39221e-08-3.94244e-08
-4.13631e-08-3.88797e-08-3.20924e-08-2.20782e-08-1.05458e-08 7.21426e-10
 1.04343e-08 1.81314e-08 2.41466e-08 2.92696e-08 3.42947e-08 3.96769e-08
 4.54119e-08 5.11274e-08 5.62870e-08 6.04086e-08 6.32413e-08 6.48799e-08
 6.57826e-08 6.66454e-08 6.81037e-08 7.02949e-08 7.24113e-08 7.24319e-08
 6.72154e-08 5.30610e-08 2.67605e-08-1.29938e-08-6.43674e-08-1.22102e-07
-1.78556e-07-2.25609e-07-2.56645e-07-2.68121e-07-2.60598e-07-2.38958e-07
-2.11575e-07-1.88583e-07-1.80073e-07-1.95109e-07-2.41719e-07-3.26325e-07
-4.49870e-07-5.98981e-07-7.34783e-07-7.86607e-07-6.59379e-07-2.59872e-07
 4.59581e-07 1.44847e-06 2.52109e-06 3.38030e-06 3.72376e-06 3.37243e-06
 2.32716e-06 7.40542e-07-1.12834e-06-2.92483e-06-4.21443e-06-4.58774e-06
-3.84277e-06-2.13618e-06-4.45959e-09 1.79726e-06 2.60435e-06 2.17063e-06
 8.33440e-07-6.26912e-07-1.40521e-06-1.14364e-06-1.53622e-07 8.03270e-07
 1.06565e-06 5.60707e-07-1.71331e-07-4.69758e-07-1.47616e-07 3.69711e-07
 5.11817e-07 1.65428e-07-2.36471e-07-2.42850e-07 8.58190e-08 2.90432e-07
 1.22647e-07-1.50103e-07-1.51374e-07 6.89206e-08 1.47398e-07-1.93219e-08
-1.40450e-07-3.36811e-08 8.64947e-08 1.32840e-08-9.40451e-08-3.84278e-08
 4.78454e-08-2.65045e-09-6.17501e-08-7.12214e-09 2.80434e-08-1.71223e-08
-1.84885e-08 1.74464e-08 6.64309e-09-5.74881e-09 7.18858e-09 6.23366e-09
-6.11193e-10 1.02455e-09 4.56255e-10-2.23544e-09-3.39877e-09-4.77278e-09
-6.59581e-09-8.15902e-09-9.52378e-09-1.08238e-08-1.20612e-08-1.31377e-08
-1.37082e-08-1.32294e-08-1.12228e-08-7.56464e-09-2.62185e-09 2.83748e-09
 7.89641e-09 1.17936e-08 1.41510e-08 1.50235e-08 1.47823e-08 1.38913e-08
 1.26702e-08 1.11602e-08 9.14419e-09 6.31174e-09 2.48018e-09-2.23666e-09
-7.36269e-09-1.21259e-08-1.56454e-08-1.71889e-08-1.64006e-08-1.33917e-08
-8.66293e-09-2.90791e-09 3.19571e-09 9.09527e-09 1.43318e-08 1.84459e-08
 2.09522e-08 2.14291e-08 1.96470e-08 1.56379e-08 9.69339e-09 2.35628e-09
-5.57032e-09-1.30591e-08-1.90020e-08-2.24337e-08-2.27522e-08-1.98732e-08
-1.42983e-08-7.06293e-09 4.74869e-10 6.97147e-09 1.14046e-08 1.32051e-08
 1.22334e-08 8.74387e-09 3.40665e-09-2.71435e-09-8.35903e-09-1.24051e-08
-1.41363e-08-1.32975e-08-1.00005e-08-4.64355e-09 2.09006e-09 9.23586e-09
 1.56552e-08 2.02538e-08 2.22249e-08 2.12228e-08 1.74353e-08 1.15668e-08
 4.74655e-09-1.65629e-09-6.32791e-09-8.35381e-09-7.48208e-09-4.20101e-09
 3.87336e-10 4.84233e-09 7.72996e-09 7.96621e-09 5.08910e-09-6.02319e-10
-8.08251e-09-1.58190e-08-2.21452e-08-2.56998e-08-2.57965e-08-2.25889e-08
-1.69727e-08-1.02974e-08-4.02534e-09 5.66671e-10 2.63976e-09 2.00427e-09
-7.72736e-10-4.47207e-09-7.56812e-09-8.70765e-09-7.13697e-09-2.92317e-09
 3.08457e-09 9.51302e-09 1.48445e-08 1.77987e-08 1.76287e-08 1.43085e-08
 8.59480e-09 1.91552e-09-3.96489e-09-7.45883e-09-7.68506e-09-4.79714e-09
 4.75009e-11 5.08794e-09 8.57985e-09 9.40393e-09 7.45040e-09 3.65439e-09
-3.27312e-10-2.69219e-09-2.12013e-09 1.77638e-09 8.32862e-09 1.60221e-08
 2.29447e-08 2.73359e-08 2.80925e-08 2.50969e-08 1.92628e-08 1.22557e-08
 5.94158e-09 1.73002e-09 5.00356e-11 1.86834e-10 5.86332e-10-4.72737e-10
-4.12646e-09-1.04143e-08-1.81977e-08-2.55104e-08-3.02100e-08-3.07312e-08
-2.66860e-08-1.90644e-08-9.92290e-09-1.65614e-09 3.85795e-09 5.88487e-09
 4.96869e-09 2.54149e-09 2.09669e-10-9.58989e-10-8.58366e-10-3.25640e-10
-7.02534e-10-3.16004e-09-8.07198e-09-1.47063e-08-2.13720e-08-2.59757e-08
-2.67749e-08-2.30302e-08-1.53030e-08-5.28516e-09 4.76657e-09 1.27728e-08
 1.74701e-08 1.87165e-08 1.73559e-08 1.47105e-08 1.19402e-08 9.57777e-09
 7.45695e-09 5.03394e-09 1.89731e-09-1.81587e-09-5.29990e-09-7.30495e-09
-6.61496e-09-2.60354e-09 4.33923e-09 1.27081e-08 2.02392e-08 2.46665e-08
 2.45838e-08 1.99955e-08 1.22825e-08 3.62709e-09-3.79258e-09-8.48897e-09
-1.00153e-08-8.91546e-09-6.32823e-09-3.41707e-09-8.94151e-10 1.12094e-09
 2.85797e-09 4.45679e-09 5.62927e-09 5.64817e-09 3.70173e-09-5.54508e-10
-6.55151e-09-1.27507e-08-1.70823e-08-1.77334e-08-1.39521e-08-6.50319e-09
 2.46710e-09 1.01559e-08 1.41476e-08 1.33290e-08 8.27362e-09 9.43578e-10
-6.12439e-09-1.07784e-08-1.19611e-08-9.90779e-09-5.80443e-09-1.12741e-09
 2.96739e-09 5.91283e-09 7.60970e-09 8.10907e-09 7.36642e-09 5.24089e-09
 1.73414e-09-2.70403e-09-7.04671e-09-9.90357e-09-1.00506e-08-7.04198e-09
-1.57729e-09 4.61423e-09 9.38180e-09 1.10100e-08 8.93150e-09 3.95281e-09
-2.10693e-09-7.17269e-09-9.70746e-09-9.21119e-09-6.25626e-09-2.10111e-09
 1.89205e-09 4.73612e-09 5.99843e-09 5.69774e-09 4.09835e-09 1.58431e-09
-1.33226e-09-3.96274e-09-5.50228e-09-5.27919e-09-3.12113e-09 3.73712e-10
 3.88981e-09 5.85625e-09 5.16888e-09 1.83175e-09-2.86037e-09-6.79430e-09
-8.00681e-09-5.67352e-09-5.89122e-10 5.13561e-09 9.02984e-09 9.40690e-09
 6.13307e-09 6.48775e-10-4.74370e-09-7.93903e-09-7.89650e-09-4.92703e-09
-3.49692e-10 4.20444e-09 7.43444e-09 8.68071e-09 7.89549e-09 5.45827e-09
 2.02226e-09-1.56187e-09-4.32921e-09-5.40226e-09-4.32939e-09-1.41271e-09
 2.22920e-09 5.03644e-09 5.72730e-09 3.99283e-09 7.33483e-10-2.36475e-09
-3.72633e-09-2.76007e-09-1.94777e-10 2.34189e-09 3.26577e-09 1.94472e-09
-9.54509e-10-3.86562e-09-5.21510e-09-4.27688e-09-1.50596e-09 1.79072e-09
 4.18270e-09 4.78488e-09 3.52533e-09 9.76477e-10-2.02280e-09-4.67570e-09
-6.34757e-09-6.58967e-09-5.22844e-09-2.54955e-09 5.86027e-10 2.90581e-09
 3.22475e-09 1.07827e-09-2.88509e-09-7.06368e-09-9.61851e-09-9.37288e-09
-6.35881e-09-1.67871e-09 3.18655e-09 7.09624e-09 9.44358e-09 9.67627e-09
 6.56501e-09 1.97803e-09
     0.0000e+00     0.0000e+00      0  0  0.00
     512   1.00000  0.0000e+00
 7.02833e-10 4.92984e-10 1.88350e-10-1.70332e-10-5.19970e-10-7.85980e-10
-8.96743e-10-8.01529e-10-4.94736e-10-4.10760e-11 4.19085e-10 7.06174e-10
 6.76293e-10 2.99204e-10-3.06433e-10-9.08991e-10-1.26318e-09-1.22692e-09
-8.34599e-10-2.86472e-10 1.42793e-10 2.32964e-10-7.78903e-11-6.65059e-10
-1.27647e-09-1.64692e-09-1.61259e-09-1.18164e-09-5.38133e-10 2.57118e-11
 2.32571e-10-4.62096e-11-7.07566e-10-1.43320e-09-1.81476e-09-1.54441e-09
-5.85176e-10 7.69998e-10 1.99733e-09 2.57385e-09 2.24790e-09 1.21960e-09
 1.22746e-10-2.16929e-10 8.36920e-10 3.36745e-09 6.72126e-09 9.61787e-09
 1.05689e-08 8.49466e-09 3.30751e-09-3.82018e-09-1.07259e-08-1.50771e-08
-1.53891e-08-1.16336e-08-5.09504e-09 2.29001e-09 8.65300e-09 1.27136e-08
 1.40161e-08 1.28472e-08 9.90614e-09 5.92721e-09 1.45883e-09-3.10769e-09
-7.32061e-09-1.04998e-08-1.18995e-08-1.11620e-08-8.64140e-09-5.28832e-09
-2.23480e-09-3.76235e-10-1.04021e-10-1.22508e-09-3.07500e-09-4.78522e-09
-5.60825e-09-5.18033e-09-3.62095e-09-1.43789e-09 7.04802e-10 2.24822e-09
 2.93009e-09 2.85065e-09 2.41276e-09 2.18059e-09 2.71047e-09 4.39006e-09
 7.31742e-09 1.12425e-08 1.55468e-08 1.92469e-08 2.12009e-08 2.06510e-08
 1.76342e-08 1.27542e-08 6.75143e-09 4.37098e-10-5.24318e-09-9.26364e-09
-1.05581e-08-8.10409e-09-1.12260e-09 1.07839e-08 2.73325e-08 4.64739e-08
 6.26091e-08 6.53674e-08 4.07375e-08-2.42805e-08-1.34038e-07-2.75911e-07
-4.14158e-07-4.89216e-07-4.32520e-07-2.11318e-07 1.20417e-07 4.41106e-07
 6.58708e-07 7.58672e-07 7.43577e-07 5.85279e-07 2.64698e-07-1.69273e-07
-5.91574e-07-8.49044e-07-8.27098e-07-5.08400e-07-9.77093e-09 4.45848e-07
 6.38052e-07 4.79634e-07 8.03511e-08-3.09636e-07-4.51284e-07-2.75642e-07
 5.93679e-08 2.82904e-07 2.31301e-07-1.16570e-08-1.96296e-07-1.50146e-07
 5.20885e-08 1.76163e-07 9.18960e-08-8.14589e-08-1.27533e-07-4.82202e-09
 1.08556e-07 6.28676e-08-5.92088e-08-7.41849e-08 2.63625e-08 7.47902e-08
 2.03788e-09-5.82934e-08-7.84667e-09 5.08148e-08 1.23176e-08-3.98730e-08
-7.45970e-09 3.26868e-08 5.00165e-10-2.45089e-08 8.01802e-09 1.66006e-08
-9.81377e-09-4.79989e-09 8.33451e-09-2.41562e-09-5.15092e-09 1.02378e-09
-9.48320e-10-2.25693e-09-6.03563e-10-9.04348e-10-1.59361e-09-1.68464e-09
-1.81624e-09-1.74489e-09-1.28409e-09-6.77534e-10-1.05518e-10 3.58267e-10
 6.93731e-10 9.75303e-10 1.25279e-09 1.51386e-09 1.71921e-09 1.78882e-09
 1.68769e-09 1.45645e-09 1.16712e-09 8.89348e-10 6.14426e-10 2.66826e-10
-2.33535e-10-9.12976e-10-1.67746e-09-2.35311e-09-2.78126e-09-2.88077e-09
-2.64718e-09-2.11286e-09-1.33771e-09-4.04402e-10 5.87617e-10 1.52048e-09
 2.26636e-09 2.71935e-09 2.84398e-09 2.68162e-09 2.28998e-09 1.68829e-09
 8.86103e-10-4.57542e-11-9.64509e-10-1.71560e-09-2.19385e-09-2.36437e-09
-2.25561e-09-1.94082e-09-1.49987e-09-9.64243e-10-2.99056e-10 5.25766e-10
 1.42831e-09 2.19160e-09 2.56007e-09 2.36636e-09 1.58458e-09 3.03366e-10
-1.30151e-09-2.95806e-09-4.31172e-09-5.01155e-09-4.84193e-09-3.83030e-09
-2.25153e-09-5.02278e-10 1.06228e-09 2.20723e-09 2.80726e-09 2.82902e-09
 2.34752e-09 1.56052e-09 7.44639e-10 1.52445e-10-7.37247e-11 9.92030e-11
 6.63646e-10 1.62026e-09 2.94926e-09 4.53742e-09 6.14024e-09 7.42271e-09
 8.06246e-09 7.86118e-09 6.81545e-09 5.13337e-09 3.18995e-09 1.41523e-09
 1.63755e-10-3.69767e-10-1.91300e-10 4.74654e-10 1.22068e-09 1.57602e-09
 1.17890e-09-8.10927e-11-2.02297e-09-4.24320e-09-6.25021e-09-7.61803e-09
-8.11742e-09-7.78073e-09-6.86229e-09-5.70707e-09-4.62290e-09-3.83561e-09
-3.48572e-09-3.59549e-09-4.03312e-09-4.54280e-09-4.83760e-09-4.69942e-09
-4.05305e-09-2.99434e-09-1.74242e-09-5.32620e-10 4.70677e-10 1.19034e-09
 1.60953e-09 1.74567e-09 1.63735e-09 1.35109e-09 1.01073e-09 8.08035e-10
 9.47890e-10 1.54258e-09 2.52483e-09 3.64630e-09 4.56770e-09 4.98712e-09
 4.76102e-09 3.98410e-09 2.97074e-09 2.11444e-09 1.70252e-09 1.80116e-09
 2.25342e-09 2.75616e-09 2.96985e-09 2.62700e-09 1.61449e-09 1.76709e-11
-1.88899e-09-3.72405e-09-5.13749e-09-5.93826e-09-6.14674e-09-5.96384e-09
-5.68409e-09-5.57449e-09-5.75718e-09-6.16046e-09-6.55979e-09-6.65931e-09
-6.17526e-09-4.93414e-09-2.97858e-09-6.13010e-10 1.67571e-09 3.40163e-09
 4.26511e-09 4.25149e-09 3.62747e-09 2.84703e-09 2.37395e-09 2.48041e-09
 3.13579e-09 4.05222e-09 4.84811e-09 5.23606e-09 5.15274e-09 4.79174e-09
 4.53180e-09 4.77154e-09 5.72717e-09 7.29666e-09 9.06239e-09 1.04243e-08
 1.08080e-08 9.88190e-09 7.71145e-09 4.77934e-09 1.81827e-09-4.97195e-10
-1.82956e-09-2.26269e-09-2.17632e-09-2.02662e-09-2.15724e-09-2.69403e-09
-3.51622e-09-4.30534e-09-4.69877e-09-4.51366e-09-3.90400e-09-3.31911e-09
-3.26561e-09-4.01260e-09-5.41646e-09-6.95988e-09-7.97030e-09-7.90138e-09
-6.55953e-09-4.19725e-09-1.44019e-09 9.35058e-10 2.29355e-09 2.38395e-09
 1.42114e-09-2.94812e-11-1.30899e-09-1.93757e-09-1.77852e-09-1.03112e-09
-7.54627e-11 7.36254e-10 1.23303e-09 1.45967e-09 1.59279e-09 1.79138e-09
 2.07052e-09 2.28081e-09 2.20745e-09 1.71858e-09 8.67623e-10-1.03960e-10
-8.59162e-10-1.10880e-09-7.44318e-10 9.94637e-11 1.09030e-09 1.84461e-09
 2.09714e-09 1.79034e-09 1.04762e-09 9.13299e-11-8.27788e-10-1.48528e-09
-1.73277e-09-1.52180e-09-8.93309e-10 2.94974e-11 1.02671e-09 1.79275e-09
 2.01592e-09 1.50366e-09 2.97756e-10-1.27222e-09-2.64972e-09-3.24970e-09
-2.72473e-09-1.15353e-09 9.49488e-10 2.80449e-09 3.66217e-09 3.13047e-09
 1.38082e-09-8.95535e-10-2.78223e-09-3.54318e-09-2.93873e-09-1.30295e-09
 6.38152e-10 2.10377e-09 2.59508e-09 2.08744e-09 9.88129e-10-1.15485e-10
-7.68226e-10-8.41062e-10-5.18973e-10-1.26924e-10 7.97152e-11 3.71968e-11
-1.42654e-10-2.85739e-10-2.77052e-10-1.17242e-10 1.04874e-10 2.90895e-10
 4.02780e-10 4.68820e-10 5.15199e-10 4.90348e-10 2.77635e-10-1.92914e-10
-8.31969e-10-1.38324e-09-1.54274e-09-1.13913e-09-2.66451e-10 7.24546e-10
 1.39425e-09 1.45530e-09 9.44956e-10 2.15573e-10-2.72779e-10-2.45596e-10
 2.02715e-10 6.77907e-10 7.65143e-10 3.19715e-10-4.22002e-10-9.71664e-10
-8.76270e-10 4.37372e-12 1.39247e-09 2.72142e-09 3.42411e-09 3.21348e-09
 2.19604e-09 7.67748e-10-6.12749e-10-1.60758e-09-2.04489e-09-1.87360e-09
-1.13642e-09-6.43541e-13 1.20558e-09 2.02437e-09 2.00160e-09 8.90502e-10
-1.17953e-09-3.69258e-09-5.93969e-09-7.32818e-09-7.62087e-09-6.93976e-09
-5.52539e-09-3.44904e-09-5.61861e-10 3.17616e-09 7.12295e-09 9.48225e-09
 7.31421e-09 2.33503e-09
     0.0000e+00     0.0000e+00      0  0  0.00
     512   1.00000  0.0000e+00
 2.37870e-09 2.34208e-09 2.03479e-09 1.44368e-09 6.62909e-10-1.03188e-10
-6.11540e-10-6.90600e-10-3.21122e-10 3.48886e-10 1.05010e-09 1.48536e-09
 1.45070e-09 9.34404e-10 1.29897e-10-6.58863e-10-1.16778e-09-1.29257e-09
-1.12388e-09-8.97852e-10-8.95410e-10-1.33162e-09-2.27797e-09-3.64828e-09
-5.24462e-09-6.82959e-09-8.19545e-09-9.22088e-09-9.90262e-09-1.03419e-08
-1.06894e-08-1.10818e-08-1.15918e-08-1.21848e-08-1.26888e-08-1.28248e-08
-1.23209e-08-1.10596e-08-9.15441e-09-6.90056e-09-4.63153e-09-2.54957e-09
-5.88574e-10 1.64014e-09 4.76444e-09 9.42475e-09 1.59945e-08 2.43815e-08
 3.39850e-08 4.37930e-08 5.25759e-08 5.91315e-08 6.25301e-08 6.22881e-08
 5.84176e-08 5.13365e-08 4.16841e-08 3.01314e-08 1.72736e-08 3.64948e-09
-1.01438e-08-2.33337e-08-3.49531e-08-4.39556e-08-4.94345e-08-5.08793e-08
-4.83818e-08-4.26859e-08-3.50396e-08-2.69188e-08-1.97363e-08-1.45985e-08
-1.21148e-08-1.22820e-08-1.45004e-08-1.77493e-08-2.08656e-08-2.28496e-08
-2.31673e-08-2.20376e-08-2.06200e-08-2.09695e-08-2.56918e-08-3.73149e-08
-5.73820e-08-8.52547e-08-1.16779e-07-1.43280e-07-1.51602e-07-1.26006e-07
-5.25631e-08 7.37716e-08 2.40438e-07 4.12001e-07 5.36896e-07 5.66777e-07
 4.76911e-07 2.76355e-07 7.04549e-09-2.63864e-07-4.59778e-07-5.21555e-07
-4.37695e-07-2.59422e-07-8.32430e-08-1.46265e-10-3.67937e-08-1.32659e-07
-1.82068e-07-1.17043e-07 3.68715e-08 1.82852e-07 2.33331e-07 1.70710e-07
 3.45133e-08-1.29618e-07-2.82997e-07-3.71126e-07-3.43475e-07-2.05480e-07
 4.29191e-09 2.88183e-07 6.70760e-07 1.10549e-06 1.45752e-06 1.56949e-06
 1.32281e-06 6.85187e-07-2.52468e-07-1.27526e-06-2.09032e-06-2.42172e-06
-2.12554e-06-1.27405e-06-1.65453e-07 7.82567e-07 1.23037e-06 1.08847e-06
 5.64538e-07 4.35391e-08-1.60863e-07-1.33511e-08 2.49818e-07 3.44464e-07
 1.96464e-07-1.56643e-08-8.38805e-08-1.09232e-09 7.21691e-08 3.88413e-08
-3.23240e-08-4.83900e-08-2.53658e-08-2.29849e-08-3.69267e-08-3.27571e-08
-1.84421e-08-1.55516e-08-1.59921e-08-9.97497e-09-6.07683e-09-6.40435e-09
-4.54896e-09-2.88595e-09-3.39260e-09-1.98945e-09-5.63301e-10-1.73812e-09
-1.78340e-09-8.42472e-10-1.71936e-09-1.98097e-09-8.43629e-10-7.09472e-10
-5.22535e-10 5.36053e-10 8.96437e-10 1.11067e-09 1.75429e-09 1.88470e-09
 1.92464e-09 2.20510e-09 2.17952e-09 2.15241e-09 2.19801e-09 1.93262e-09
 1.52405e-09 9.92833e-10 2.32733e-10-4.40116e-10-8.94441e-10-1.18717e-09
-1.16193e-09-9.85223e-10-8.85810e-10-8.46389e-10-9.99136e-10-1.17090e-09
-1.21504e-09-1.18024e-09-9.44621e-10-6.45172e-10-4.12764e-10-3.74838e-10
-6.50966e-10-1.13714e-09-1.77979e-09-2.45860e-09-3.02378e-09-3.34541e-09
-3.31974e-09-2.95384e-09-2.28958e-09-1.42160e-09-4.70983e-10 4.67381e-10
 1.35873e-09 2.23186e-09 3.12419e-09 4.03694e-09 4.89144e-09 5.52997e-09
 5.78576e-09 5.56377e-09 4.87838e-09 3.85252e-09 2.69035e-09 1.60406e-09
 7.21293e-10 6.71127e-11-3.67719e-10-5.92326e-10-6.52943e-10-6.35008e-10
-6.07937e-10-6.09583e-10-6.72229e-10-8.08361e-10-9.91790e-10-1.21136e-09
-1.50745e-09-1.89209e-09-2.27602e-09-2.53032e-09-2.57034e-09-2.33757e-09
-1.76275e-09-8.09299e-10 4.45443e-10 1.77370e-09 2.85803e-09 3.44836e-09
 3.50416e-09 3.18238e-09 2.68592e-09 2.13248e-09 1.55039e-09 9.65201e-10
 4.75441e-10 2.11088e-10 1.63821e-10 9.10083e-11-3.11862e-10-1.12688e-09
-2.15415e-09-3.12642e-09-3.93462e-09-4.65877e-09-5.42457e-09-6.22295e-09
-6.85743e-09-7.10432e-09-6.93447e-09-6.53592e-09-6.11101e-09-5.69570e-09
-5.19566e-09-4.56456e-09-3.91595e-09-3.45092e-09-3.26064e-09-3.20170e-09
-2.98678e-09-2.39697e-09-1.42405e-09-2.57708e-10 8.61405e-10 1.79934e-09
 2.54211e-09 3.09775e-09 3.45750e-09 3.65164e-09 3.80065e-09 4.09578e-09
 4.71027e-09 5.68256e-09 6.86023e-09 7.97745e-09 8.81639e-09 9.31443e-09
 9.54467e-09 9.62833e-09 9.67406e-09 9.75733e-09 9.90455e-09 1.00892e-08
 1.02412e-08 1.02410e-08 9.93500e-09 9.21376e-09 8.08740e-09 6.67938e-09
 5.16173e-09 3.68856e-09 2.34744e-09 1.13109e-09-4.86534e-11-1.29116e-09
-2.62824e-09-4.00950e-09-5.35490e-09-6.60976e-09-7.76249e-09-8.82972e-09
-9.82022e-09-1.07154e-08-1.15065e-08-1.22438e-08-1.30027e-08-1.37649e-08
-1.43482e-08-1.44925e-08-1.40328e-08-1.29912e-08-1.15221e-08-9.79135e-09
-7.89143e-09-5.86509e-09-3.81834e-09-1.97452e-09-5.48674e-10 4.35493e-10
 1.15961e-09 1.84255e-09 2.58772e-09 3.38226e-09 4.20679e-09 5.12713e-09
 6.24752e-09 7.52271e-09 8.61685e-09 9.00245e-09 8.23749e-09 6.17579e-09
 2.97705e-09-9.93913e-10-5.22573e-09-9.05079e-09-1.16595e-08-1.22265e-08
-1.01726e-08-5.45279e-09 1.34206e-09 9.14429e-09 1.66718e-08 2.26595e-08
 2.60600e-08 2.62224e-08 2.30311e-08 1.69849e-08 9.15776e-09 9.91639e-10
-6.05217e-09-1.08541e-08-1.28664e-08-1.21680e-08-9.37821e-09-5.46992e-09
-1.53318e-09 1.45101e-09 2.82320e-09 2.42869e-09 6.68950e-10-1.65145e-09
-3.61199e-09-4.47305e-09-3.90313e-09-2.08119e-09 3.61464e-10 2.53688e-09
 3.57442e-09 2.90941e-09 4.99988e-10-3.11659e-09-6.95416e-09-9.85872e-09
-1.08770e-08-9.60191e-09-6.34164e-09-2.02039e-09 2.14086e-09 5.02828e-09
 5.99688e-09 5.08226e-09 2.97106e-09 7.28134e-10-6.06288e-10-4.01269e-10
 1.32954e-09 3.93695e-09 6.38721e-09 7.65710e-09 7.13995e-09 4.89597e-09
 1.61290e-09-1.68792e-09-4.03510e-09-4.84653e-09-4.13179e-09-2.46973e-09
-7.54777e-10 1.77006e-10-1.15020e-10-1.51420e-09-3.42169e-09-5.01624e-09
-5.58648e-09-4.82133e-09-2.94007e-09-5.88823e-10 1.44355e-09 2.54627e-09
 2.51847e-09 1.64192e-09 5.58876e-10-2.21694e-11 3.32490e-10 1.57545e-09
 3.20842e-09 4.50651e-09 4.82285e-09 3.86766e-09 1.86272e-09-5.17343e-10
-2.42739e-09-3.24052e-09-2.84347e-09-1.68080e-09-5.37458e-10-1.77325e-10
-9.87792e-10-2.77434e-09-4.82084e-09-6.21343e-09-6.26778e-09-4.84677e-09
-2.43023e-09 8.93680e-11 1.80990e-09 2.25127e-09 1.59441e-09 5.79158e-10
 1.09231e-10 7.90788e-10 2.64292e-09 5.08545e-09 7.17977e-09 8.03255e-09
 7.21227e-09 4.97739e-09 2.16619e-09-2.16867e-10-1.47980e-09-1.51692e-09
-7.80358e-10-2.15521e-11 8.21279e-11-7.27228e-10-2.15195e-09-3.50583e-09
-4.08590e-09-3.54051e-09-2.06317e-09-3.34654e-10 7.79306e-10 6.61425e-10
-7.13731e-10-2.73782e-09-4.45463e-09-4.98162e-09-3.83687e-09-1.08125e-09
 2.70997e-09 6.63630e-09 9.78406e-09 1.15133e-08 1.15464e-08 9.85717e-09
 6.55717e-09 1.92875e-09-3.46427e-09-8.74369e-09-1.28247e-08-1.46567e-08
-1.35656e-08-9.59592e-09-3.68283e-09 2.49277e-09 6.96889e-09 8.14631e-09
 5.45027e-09 1.57299e-09
     0.0000e+00     0.0000e+00      0  0  0.00
     512   1.00000  0.0000e+00
 7.18470e-10 7.37603e-10 5.71031e-10 2.12248e-10-2.60570e-10-7.08199e-10
-9.86745e-10-1.00202e-09-7.47963e-10-3.24005e-10 8.78749e-11 2.97329e-10
 1.98193e-10-1.76583e-10-6.66037e-10-1.04716e-09-1.12656e-09-8.25071e-10
-2.22458e-10 4.63781e-10 9.68364e-10 1.09995e-09 8.32678e-10 3.23853e-10
-1.45471e-10-2.86010e-10 6.45374e-11 8.49436e-10 1.80630e-09 2.58456e-09
 2.89818e-09 2.64547e-09 1.96236e-09 1.18582e-09 7.16733e-10 8.26961e-10
 1.51026e-09 2.46367e-09 3.21136e-09 3.31201e-09 2.56647e-09 1.15098e-09
-3.90962e-10-1.34483e-09-1.17291e-09 1.39341e-10 1.92725e-09 2.98397e-09
 1.97467e-09-1.98058e-09-8.75738e-09-1.69882e-08-2.43619e-08-2.84584e-08
-2.77523e-08-2.22093e-08-1.31568e-08-2.65080e-09 7.23790e-09 1.49662e-08
 1.97931e-08 2.17415e-08 2.13150e-08 1.91542e-08 1.58035e-08 1.16831e-08
 7.26645e-09 3.28153e-09 6.09674e-10-1.68153e-10 8.32514e-10 2.84077e-09
 4.81363e-09 5.83643e-09 5.37756e-09 3.40613e-09 3.90778e-10-2.83644e-09
-5.33356e-09-6.31717e-09-5.32408e-09-2.25777e-09 2.57801e-09 8.39201e-09
 1.38004e-08 1.67708e-08 1.47036e-08 4.82774e-09-1.48687e-08-4.41298e-08
-7.86225e-08-1.08462e-07-1.18059e-07-9.11227e-08-2.48525e-08 6.03557e-08
 1.34710e-07 1.78073e-07 1.79376e-07 1.33616e-07 5.01536e-08-4.49227e-08
-1.17311e-07-1.35396e-07-8.81425e-08-3.43546e-09 6.15859e-08 6.13593e-08
-8.68301e-10-7.30952e-08-9.64176e-08-5.49535e-08 1.46875e-08 6.34109e-08
 7.27896e-08 5.38900e-08 1.51764e-08-3.98660e-08-7.91892e-08-5.82154e-08
 7.05298e-09 4.94507e-08 4.73180e-08 3.32843e-08 2.26928e-08 7.00954e-09
-1.42181e-08-3.48025e-08-4.79314e-08-4.44006e-08-1.81688e-08 2.52885e-08
 6.70601e-08 8.65985e-08 7.26931e-08 2.33343e-08-4.66636e-08-1.01725e-07
-1.06852e-07-5.25758e-08 3.13750e-08 8.35207e-08 5.94400e-08-1.63480e-08
-6.48129e-08-3.50898e-08 3.11347e-08 4.87274e-08 4.11804e-09-2.94632e-08
-7.38885e-09 2.20537e-08 1.04520e-08-1.03461e-08-1.81430e-09 9.50878e-09
-1.52980e-09-7.47866e-09 3.65996e-09 4.07121e-09-5.58900e-09-1.85079e-09
 3.81473e-09-2.44972e-09-3.23625e-09 2.84987e-09 1.04699e-10-2.37334e-09
 2.04032e-09 6.25590e-10-2.19080e-09 1.10288e-09 5.46565e-10-1.46584e-09
 1.50733e-09 1.13966e-09-5.20913e-10 1.55050e-09 4.67341e-10-9.66578e-10
 5.41167e-10-5.93836e-10-8.08733e-10 7.75418e-10-1.34912e-10 2.95228e-10
 8.44751e-10-4.97909e-10-1.90807e-10-5.54327e-10-1.15696e-09-2.81098e-10
-4.35004e-10 1.88431e-11 5.58915e-10 1.63459e-10 3.28962e-10-1.49747e-10
-5.13412e-10-4.92575e-10-6.60237e-10-2.90062e-10-2.67902e-11 2.54469e-10
 4.70559e-10 3.17758e-10 1.00660e-10-2.43554e-10-4.59694e-10-4.79585e-10
-2.99769e-10 9.71165e-11 5.08836e-10 7.76290e-10 7.81390e-10 5.65346e-10
 2.42070e-10-7.48631e-11-2.65146e-10-2.57014e-10-7.88907e-11 1.23947e-10
 1.98820e-10 8.54964e-11-2.01649e-10-6.09296e-10-1.02438e-09-1.29533e-09
-1.34188e-09-1.19393e-09-9.18404e-10-6.12324e-10-4.35735e-10-5.10167e-10
-8.04107e-10-1.17314e-09-1.44469e-09-1.47780e-09-1.24863e-09-8.64258e-10
-4.35862e-10-1.32926e-11 3.24339e-10 4.73588e-10 4.60382e-10 4.54809e-10
 6.35741e-10 1.11354e-09 1.86721e-09 2.68321e-09 3.29151e-09 3.62045e-09
 3.81299e-09 3.98505e-09 4.10797e-09 4.14694e-09 4.17921e-09 4.35059e-09
 4.74860e-09 5.24649e-09 5.49450e-09 5.19361e-09 4.37221e-09 3.35242e-09
 2.47305e-09 1.83331e-09 1.28595e-09 6.59968e-10-5.47286e-11-7.35750e-10
-1.32841e-09-1.98477e-09-2.89669e-09-4.01088e-09-5.02544e-09-5.63254e-09
-5.74041e-09-5.55796e-09-5.44822e-09-5.61345e-09-5.95558e-09-6.24855e-09
-6.35746e-09-6.28608e-09-6.08215e-09-5.73225e-09-5.17793e-09-4.43352e-09
-3.64476e-09-3.02226e-09-2.69254e-09-2.56660e-09-2.37961e-09-1.88738e-09
-1.02495e-09 7.14113e-11 1.17010e-09 2.09173e-09 2.75869e-09 3.17527e-09
 3.41887e-09 3.58292e-09 3.72869e-09 3.94192e-09 4.32066e-09 4.82915e-09
 5.27092e-09 5.42105e-09 5.12008e-09 4.34790e-09 3.29639e-09 2.25746e-09
 1.40148e-09 7.32971e-10 1.84554e-10-3.36931e-10-9.31028e-10-1.67889e-09
-2.63483e-09-3.77617e-09-4.92514e-09-5.79125e-09-6.16256e-09-6.06068e-09
-5.70494e-09-5.34221e-09-5.09707e-09-4.94035e-09-4.78532e-09-4.59884e-09
-4.36872e-09-3.97804e-09-3.23507e-09-2.09038e-09-7.55124e-10 4.27951e-10
 1.20867e-09 1.60070e-09 1.88962e-09 2.38685e-09 3.16165e-09 4.08365e-09
 5.04154e-09 6.01591e-09 6.98852e-09 7.83203e-09 8.32408e-09 8.33268e-09
 7.98372e-09 7.62105e-09 7.57410e-09 7.88610e-09 8.27077e-09 8.37808e-09
 8.04323e-09 7.29853e-09 6.28103e-09 5.12829e-09 3.91009e-09 2.69040e-09
 1.60055e-09 7.53452e-10 1.05254e-10-5.59611e-10-1.48709e-09-2.75020e-09
-4.17089e-09-5.43548e-09-6.27324e-09-6.59302e-09-6.51497e-09-6.24962e-09
-5.96151e-09-5.75766e-09-5.69689e-09-5.74963e-09-5.79663e-09-5.66766e-09
-5.19191e-09-4.30001e-09-3.11248e-09-1.90748e-09-9.95680e-10-5.75869e-10
-6.34744e-10-9.56853e-10-1.23272e-09-1.19932e-09-7.56991e-10 8.20055e-12
 8.95014e-10 1.65390e-09 2.04844e-09 1.96207e-09 1.46789e-09 7.93676e-10
 2.37306e-10 5.03367e-11 3.09768e-10 8.83329e-10 1.50753e-09 1.89921e-09
 1.87471e-09 1.44196e-09 7.86567e-10 1.67303e-10-1.91532e-10-1.76603e-10
 1.70821e-10 6.63700e-10 1.04499e-09 1.10899e-09 8.00477e-10 2.31173e-10
-3.75962e-10-7.75589e-10-8.02989e-10-4.54138e-10 1.05191e-10 6.08341e-10
 8.10295e-10 6.07940e-10 7.96865e-11-5.63455e-10-1.05901e-09-1.19192e-09
-8.97944e-10-3.01202e-10 3.44391e-10 7.64540e-10 7.77672e-10 3.72294e-10
-2.83553e-10-9.01009e-10-1.18883e-09-9.98311e-10-3.99964e-10 3.63846e-10
 9.89499e-10 1.22122e-09 9.52984e-10 2.91305e-10-4.75771e-10-1.00153e-09
-1.03991e-09-5.62574e-10 2.32468e-10 1.01289e-09 1.44416e-09 1.32242e-09
 6.73999e-10-2.38178e-10-1.02782e-09-1.35955e-09-1.08941e-09-3.22163e-10
 6.20205e-10 1.32139e-09 1.45903e-09 9.63023e-10 4.46301e-11-9.07043e-10
-1.48733e-09-1.43347e-09-7.36574e-10 3.34467e-10 1.32369e-09 1.78149e-09
 1.48493e-09 5.51577e-10-6.25061e-10-1.55163e-09-1.82705e-09-1.30859e-09
-2.00551e-10 1.00813e-09 1.75857e-09 1.67989e-09 7.55630e-10-6.62516e-10
-1.98523e-09-2.62917e-09-2.29530e-09-1.13231e-09 3.30156e-10 1.43509e-09
 1.68587e-09 9.47936e-10-4.84591e-10-1.98221e-09-2.83442e-09-2.58638e-09
-1.28207e-09 5.50960e-10 2.16314e-09 2.91323e-09 2.52385e-09 1.21216e-09
-3.63977e-10-1.38134e-09-1.23929e-09 1.50216e-10 2.31085e-09 4.37852e-09
 5.41834e-09 4.79417e-09 2.47649e-09-8.53217e-10-3.96438e-09-5.43002e-09
-4.02802e-09-1.24116e-09
     0.0000e+00     0.0000e+00      0  0  0.00
     512   1.00000  0.0000e+00
-4.35620e-09-4.19111e-09-3.56297e-09-2.49239e-09-1.16111e-09 1.01827e-10
 9.37460e-10 1.11707e-09 6.41559e-10-2.58986e-10-1.19720e-09-1.74960e-09
-1.61815e-09-7.78528e-10 4.85527e-10 1.71423e-09 2.49994e-09 2.67374e-09
 2.36291e-09 1.92166e-09 1.78279e-09 2.28712e-09 3.55434e-09 5.44816e-09
 7.64029e-09 9.72990e-09 1.13757e-08 1.24110e-08 1.28988e-08 1.30833e-08
 1.32590e-08 1.36382e-08 1.42726e-08 1.50181e-08 1.55360e-08 1.53823e-08
 1.42108e-08 1.19891e-08 9.05698e-09 5.96549e-09 3.19856e-09 9.22915e-10
-1.15863e-09-3.80793e-09-8.04974e-09-1.47718e-08-2.42801e-08-3.60360e-08
-4.86976e-08-6.04239e-08-6.93231e-08-7.39295e-08-7.35845e-08-6.85893e-08
-6.00573e-08-4.94878e-08-3.82142e-08-2.69538e-08-1.56670e-08-3.79557e-09
 9.23305e-09 2.34907e-08 3.82676e-08 5.21248e-08 6.32429e-08 6.99607e-08
 7.13307e-08 6.74553e-08 5.94657e-08 4.92110e-08 3.88319e-08 3.03155e-08
 2.50494e-08 2.34497e-08 2.48354e-08 2.76569e-08 2.99811e-08 3.00524e-08
 2.68436e-08 2.05624e-08 1.29736e-08 7.32022e-09 7.75745e-09 1.83698e-08
 4.18047e-08 7.74801e-08 1.19550e-07 1.55305e-07 1.65117e-07 1.25137e-07
 1.37488e-08-1.77883e-07-4.32526e-07-6.96427e-07-8.84275e-07-9.10955e-07
-7.34719e-07-3.75581e-07 9.39127e-08 5.61530e-07 8.96842e-07 9.96572e-07
 8.38917e-07 5.11712e-07 1.84134e-07 1.99254e-08 7.37928e-08 2.47395e-07
 3.58854e-07 2.86954e-07 7.13418e-08-1.25088e-07-1.60538e-07-2.47544e-08
 1.86522e-07 3.71636e-07 4.56025e-07 3.63081e-07 5.91168e-08-3.72074e-07
-8.04165e-07-1.20711e-06-1.61529e-06-1.98259e-06-2.15588e-06-1.97096e-06
-1.33899e-06-2.96533e-07 9.82152e-07 2.21465e-06 3.06993e-06 3.27543e-06
 2.73586e-06 1.59570e-06 2.25393e-07-9.06958e-07-1.45349e-06-1.34634e-06
-8.15566e-07-2.58643e-07 8.54326e-09-5.75190e-08-2.55093e-07-3.39737e-07
-2.34929e-07-6.08396e-08 3.13586e-08 1.36301e-08-3.09186e-08-3.03644e-08
 9.83533e-09 4.57103e-08 5.21512e-08 4.01063e-08 3.24365e-08 3.24271e-08
 2.59408e-08 1.19901e-08 5.78722e-09 6.40928e-09 9.07102e-10-4.41759e-09
-1.08982e-09-4.82310e-10-5.10452e-09-3.27188e-09-5.93174e-11-2.53619e-09
-8.48979e-10 3.81894e-09 2.80570e-09 3.54935e-09 6.99894e-09 5.25965e-09
 4.62363e-09 6.52055e-09 4.20099e-09 3.41923e-09 4.69970e-09 2.39704e-09
 1.90090e-09 2.23440e-09-4.03237e-10-8.07405e-10-1.39243e-09-3.53133e-09
-3.00377e-09-3.34426e-09-3.78780e-09-2.52430e-09-2.95382e-09-2.65255e-09
-2.14856e-09-2.74930e-09-1.94924e-09-1.46586e-09-5.97479e-10 9.18019e-10
 1.64576e-09 2.73992e-09 3.25678e-09 3.40362e-09 3.62182e-09 3.55239e-09
 3.81985e-09 4.00987e-09 4.16924e-09 4.27006e-09 4.05791e-09 3.60963e-09
 2.81207e-09 1.81761e-09 7.15182e-10-3.89798e-10-1.34492e-09-2.10573e-09
-2.68819e-09-3.20844e-09-3.78336e-09-4.48568e-09-5.29037e-09-6.05350e-09
-6.58254e-09-6.72875e-09-6.45329e-09-5.83454e-09-5.03963e-09-4.25371e-09
-3.56623e-09-2.91973e-09-2.20864e-09-1.38736e-09-4.34808e-10 6.81702e-10
 1.92280e-09 3.15099e-09 4.22351e-09 5.00958e-09 5.37293e-09 5.31314e-09
 5.05244e-09 4.80501e-09 4.55594e-09 4.19475e-09 3.70978e-09 3.12733e-09
 2.38674e-09 1.36066e-09-3.29592e-11-1.69527e-09-3.29320e-09-4.44986e-09
-5.05863e-09-5.34731e-09-5.60836e-09-5.92023e-09-6.11351e-09-5.96179e-09
-5.44232e-09-4.77858e-09-4.11154e-09-3.20780e-09-1.68766e-09 4.75477e-10
 2.81926e-09 4.77141e-09 6.12072e-09 7.12841e-09 8.23284e-09 9.63629e-09
 1.11177e-08 1.22735e-08 1.29533e-08 1.33422e-08 1.36126e-08 1.36460e-08
 1.31429e-08 1.19579e-08 1.03211e-08 8.70276e-09 7.41749e-09 6.37310e-09
 5.20483e-09 3.62018e-09 1.62915e-09-5.09177e-10-2.53152e-09-4.35013e-09
-6.00429e-09-7.49147e-09-8.71181e-09-9.58451e-09-1.01746e-08-1.06848e-08
-1.13250e-08-1.21581e-08-1.30288e-08-1.36627e-08-1.38856e-08-1.37497e-08
-1.34445e-08-1.31464e-08-1.29695e-08-1.29623e-08-1.30782e-08-1.31965e-08
-1.31981e-08-1.29768e-08-1.24268e-08-1.15212e-08-1.03624e-08-9.08762e-09
-7.77670e-09-6.47232e-09-5.18772e-09-3.84513e-09-2.27205e-09-3.07659e-10
 2.07689e-09 4.73157e-09 7.39241e-09 9.84017e-09 1.20184e-08 1.39941e-08
 1.58278e-08 1.74968e-08 1.89480e-08 2.02128e-08 2.13891e-08 2.24247e-08
 2.29672e-08 2.25457e-08 2.09448e-08 1.83909e-08 1.53897e-08 1.23943e-08
 9.58763e-09 6.93886e-09 4.47679e-09 2.45540e-09 1.13412e-09 4.32647e-10
-5.77075e-11-7.26319e-10-1.67253e-09-2.75546e-09-3.87912e-09-5.21139e-09
-7.06483e-09-9.49728e-09-1.20135e-08-1.37066e-08-1.37427e-08-1.17319e-08
-7.73884e-09-2.14478e-09 4.38489e-09 1.08380e-08 1.58556e-08 1.79599e-08
 1.60541e-08 9.94362e-09 4.83368e-10-1.07328e-08-2.18433e-08-3.10742e-08
-3.69619e-08-3.85342e-08-3.54813e-08-2.82794e-08-1.81837e-08-6.99823e-09
 3.36527e-09 1.13413e-08 1.59786e-08 1.70280e-08 1.49270e-08 1.06706e-08
 5.58926e-09 1.08536e-09-1.68881e-09-2.17267e-09-5.79751e-10 2.20954e-09
 4.98955e-09 6.64960e-09 6.53609e-09 4.66269e-09 1.70130e-09-1.24459e-09
-2.99774e-09-2.70253e-09-1.60638e-10 4.03966e-09 8.67992e-09 1.22866e-08
 1.36156e-08 1.21103e-08 8.12720e-09 2.80086e-09-2.36792e-09-6.01633e-09
-7.36339e-09-6.45937e-09-4.13135e-09-1.64167e-09-2.08904e-10-5.59709e-10
-2.65264e-09-5.68723e-09-8.40910e-09-9.59629e-09-8.55639e-09-5.42803e-09
-1.11913e-09 3.07381e-09 5.94916e-09 6.81544e-09 5.73720e-09 3.50619e-09
 1.31094e-09 2.37175e-10 8.15483e-10 2.80950e-09 5.33303e-09 7.23037e-09
 7.55301e-09 5.95494e-09 2.84683e-09-7.76211e-10-3.75517e-09-5.23321e-09
-4.98217e-09-3.48544e-09-1.73281e-09-7.72359e-10-1.21199e-09-2.94039e-09
-5.20935e-09-6.98622e-09-7.38239e-09-6.01449e-09-3.19309e-09 1.64668e-10
 2.91600e-09 4.21575e-09 3.90903e-09 2.57165e-09 1.20046e-09 7.47381e-10
 1.69412e-09 3.81196e-09 6.23430e-09 7.84958e-09 7.82039e-09 5.96731e-09
 2.86109e-09-4.04020e-10-2.68676e-09-3.34214e-09-2.55128e-09-1.21776e-09
-4.72260e-10-1.09020e-09-3.13938e-09-5.95823e-09-8.40627e-09-9.32451e-09
-8.08495e-09-4.95454e-09-1.00498e-09 2.42448e-09 4.37796e-09 4.66038e-09
 3.81282e-09 2.79170e-09 2.49264e-09 3.29189e-09 4.84667e-09 6.28985e-09
 6.70305e-09 5.60343e-09 3.21891e-09 4.41541e-10-1.55168e-09-1.88421e-09
-4.70055e-10 1.91038e-09 3.99193e-09 4.57482e-09 2.93381e-09-9.74938e-10
-6.45744e-09-1.22345e-08-1.68571e-08-1.92031e-08-1.87375e-08-1.54418e-08
-9.66082e-09-2.09429e-09 6.16399e-09 1.37328e-08 1.91896e-08 2.13580e-08
 1.96072e-08 1.41380e-08 6.14208e-09-2.31919e-09-8.76025e-09-1.09335e-08
-7.60365e-09-2.24865e-09
     0.0000e+00     0.0000e+00      0  0  0.00
     512   1.00000  0.0000e+00
-2.20263e-10-5.93720e-10-7.79770e-10-6.47702e-10-1.75845e-10 5.20371e-10
 1.23841e-09 1.78812e-09 2.07574e-09 2.12072e-09 2.00953e-09 1.83453e-09
 1.65923e-09 1.51365e-09 1.40257e-09 1.31434e-09 1.22507e-09 1.09532e-09
 8.63100e-10 4.46780e-10-2.29140e-10-1.19027e-09-2.37698e-09-3.64624e-09
-4.82012e-09-5.76083e-09-6.42972e-09-6.89047e-09-7.25551e-09-7.61850e-09
-8.02198e-09-8.46690e-09-8.93248e-09-9.38185e-09-9.75860e-09-9.98534e-09
-9.96146e-09-9.56412e-09-8.67850e-09-7.26925e-09-5.44765e-09-3.46003e-09
-1.57315e-09 8.19262e-11 1.61644e-09 3.39371e-09 5.94864e-09 9.83962e-09
 1.54561e-08 2.28238e-08 3.14695e-08 4.04009e-08 4.82162e-08 5.33274e-08
 5.42642e-08 5.00102e-08 4.03059e-08 2.58334e-08 8.20018e-09-1.03224e-08
-2.72558e-08-4.04262e-08-4.83682e-08-5.05310e-08-4.72863e-08-3.97691e-08
-2.95785e-08-1.83984e-08-7.65043e-09 1.71945e-09 9.30045e-09 1.51639e-08
 1.97167e-08 2.34597e-08 2.67118e-08 2.94398e-08 3.13003e-08 3.18592e-08
 3.08601e-08 2.84365e-08 2.52123e-08 2.22382e-08 2.07079e-08 2.14580e-08
 2.43488e-08 2.76748e-08 2.77878e-08 1.92012e-08-4.48849e-09-4.85913e-08
-1.14275e-07-1.94957e-07-2.73403e-07-3.23600e-07-3.20913e-07-2.55054e-07
-1.36367e-07 7.13047e-09 1.37666e-07 2.16781e-07 2.17839e-07 1.41091e-07
 2.05139e-08-8.75342e-08-1.32406e-07-9.84943e-08-1.47402e-08 6.59895e-08
 1.05716e-07 1.07904e-07 1.07445e-07 1.32553e-07 1.76849e-07 2.11103e-07
 2.19790e-07 2.21192e-07 2.55200e-07 3.56044e-07 5.25059e-07 7.16675e-07
 8.54665e-07 8.62219e-07 6.76015e-07 2.59038e-07-3.70237e-07-1.12016e-06
-1.83893e-06-2.33955e-06-2.43890e-06-2.03077e-06-1.15266e-06 1.99103e-09
 1.11995e-06 1.86350e-06 2.01423e-06 1.57691e-06 7.91195e-07 3.69294e-08
-3.62634e-07-3.20623e-07-2.09031e-08 2.19615e-07 1.95322e-07-3.19959e-08
-2.23373e-07-2.14756e-07-7.59478e-08 5.21241e-09-3.70803e-08-9.92980e-08
-8.66757e-08-3.64261e-08-2.00190e-08-2.57715e-08-1.30611e-08 5.69952e-09
 6.30421e-09 4.12334e-09 1.21455e-08 1.44510e-08 8.27240e-09 7.76106e-09
 9.32668e-09 4.75960e-09 1.67443e-09 2.31019e-09-2.85598e-10-3.14483e-09
-2.71586e-09-3.70475e-09-5.44997e-09-4.88721e-09-4.96578e-09-5.71200e-09
-4.86514e-09-4.33816e-09-4.27144e-09-3.21757e-09-2.53083e-09-2.25368e-09
-1.48864e-09-1.06513e-09-7.97409e-10-1.74222e-10 2.36694e-10 5.73802e-10
 1.04506e-09 1.30512e-09 1.53028e-09 1.87702e-09 2.08615e-09 2.26358e-09
 2.41251e-09 2.30287e-09 2.18689e-09 2.04976e-09 1.88061e-09 1.90896e-09
 1.91231e-09 1.90834e-09 1.79302e-09 1.40947e-09 9.46252e-10 4.21381e-10
-7.60050e-12-3.10842e-10-5.57386e-10-7.37201e-10-9.51426e-10-1.20750e-09
-1.48421e-09-1.71474e-09-1.84343e-09-1.89548e-09-1.88202e-09-1.80015e-09
-1.63966e-09-1.41107e-09-1.12301e-09-7.72128e-10-3.81173e-10 3.11859e-12
 3.52745e-10 6.89063e-10 1.05619e-09 1.47301e-09 1.91454e-09 2.31752e-09
 2.60670e-09 2.74759e-09 2.77474e-09 2.74918e-09 2.69424e-09 2.58509e-09
 2.38638e-09 2.08280e-09 1.68777e-09 1.23501e-09 7.45649e-10 2.11409e-10
-3.68025e-10-9.55841e-10-1.50733e-09-2.00069e-09-2.42911e-09-2.79510e-09
-3.11613e-09-3.40222e-09-3.63965e-09-3.82705e-09-3.98439e-09-4.08762e-09
-4.05277e-09-3.83538e-09-3.50869e-09-3.20330e-09-2.98205e-09-2.79226e-09
-2.53246e-09-2.15772e-09-1.72471e-09-1.32746e-09-9.82888e-10-6.05864e-10
-1.17971e-10 4.37944e-10 9.06815e-10 1.15038e-09 1.17839e-09 1.13913e-09
 1.16522e-09 1.24634e-09 1.26707e-09 1.15175e-09 9.43958e-10 7.46448e-10
 6.18964e-10 5.45250e-10 4.81518e-10 4.37573e-10 5.07056e-10 7.91769e-10
 1.29731e-09 1.92591e-09 2.56229e-09 3.15190e-09 3.71492e-09 4.29984e-09
 4.91869e-09 5.52805e-09 6.06555e-09 6.48320e-09 6.74604e-09 6.81907e-09
 6.66158e-09 6.23665e-09 5.53630e-09 4.59903e-09 3.49760e-09 2.30591e-09
 1.06721e-09-2.21477e-10-1.59098e-09-3.04341e-09-4.50933e-09-5.87029e-09
-7.01242e-09-7.85629e-09-8.36387e-09-8.52796e-09-8.34431e-09-7.81094e-09
-6.97267e-09-5.92777e-09-4.75033e-09-3.42900e-09-1.90512e-09-1.60843e-10
 1.72400e-09 3.58933e-09 5.28085e-09 6.72820e-09 7.93275e-09 8.88786e-09
 9.53470e-09 9.80255e-09 9.67690e-09 9.20726e-09 8.43117e-09 7.30940e-09
 5.78231e-09 3.89213e-09 1.82224e-09-1.79590e-10-1.91557e-09-3.30504e-09
-4.34898e-09-5.03878e-09-5.34622e-09-5.32659e-09-5.19487e-09-5.25341e-09
-5.72034e-09-6.61771e-09-7.80183e-09-9.05972e-09-1.01694e-08-1.09038e-08
-1.10083e-08-1.02198e-08-8.38432e-09-5.59985e-09-2.24517e-09 1.12524e-09
 3.90477e-09 5.51320e-09 5.47143e-09 3.51293e-09-2.88277e-10-5.42793e-09
-1.09792e-08-1.57425e-08-1.85196e-08-1.84092e-08-1.50143e-08-8.53899e-09
 2.11682e-10 9.94339e-09 1.90966e-08 2.61442e-08 2.99149e-08 2.98716e-08
 2.62327e-08 1.98868e-08 1.21564e-08 4.49780e-09-1.80832e-09-5.92745e-09
-7.63049e-09-7.28534e-09-5.69401e-09-3.83484e-09-2.57221e-09-2.41075e-09
-3.36827e-09-4.99616e-09-6.54379e-09-7.23160e-09-6.53224e-09-4.34778e-09
-1.04683e-09 2.62265e-09 5.73542e-09 7.47552e-09 7.41214e-09 5.65044e-09
 2.80001e-09-2.21620e-10-2.48282e-09-3.33598e-09-2.62262e-09-7.16572e-10
 1.60801e-09 3.44491e-09 4.07330e-09 3.20806e-09 1.09839e-09-1.55421e-09
-3.85042e-09-5.03567e-09-4.77698e-09-3.26828e-09-1.15373e-09 7.00992e-10
 1.53022e-09 9.72189e-10-7.74258e-10-3.02112e-09-4.86809e-09-5.55953e-09
-4.76802e-09-2.70723e-09-4.86570e-11 2.33419e-09 3.71102e-09 3.78658e-09
 2.80815e-09 1.44416e-09 4.89655e-10 5.19771e-10 1.63510e-09 3.41531e-09
 5.10574e-09 5.94153e-09 5.46000e-09 3.68592e-09 1.13302e-09-1.38621e-09
-3.08899e-09-3.55918e-09-2.92406e-09-1.77077e-09-8.53374e-10-7.52002e-10
-1.63297e-09-3.18293e-09-4.73714e-09-5.56676e-09-5.20884e-09-3.68590e-09
-1.50624e-09 5.66845e-10 1.87071e-09 2.14666e-09 1.64363e-09 9.73221e-10
 7.90288e-10 1.46535e-09 2.90711e-09 4.59831e-09 5.81635e-09 5.95666e-09
 4.82848e-09 2.76739e-09 4.79650e-10-1.31144e-09-2.21986e-09-2.34684e-09
-2.15828e-09-2.19843e-09-2.80391e-09-3.92999e-09-5.15348e-09-5.86527e-09
-5.57553e-09-4.17847e-09-2.02733e-09 2.29516e-10 1.95869e-09 2.82438e-09
 2.89919e-09 2.55988e-09 2.24479e-09 2.23115e-09 2.55901e-09 3.10053e-09
 3.68805e-09 4.23375e-09 4.79804e-09 5.54981e-09 6.59325e-09 7.74961e-09
 8.47582e-09 8.04014e-09 5.87158e-09 1.86383e-09-3.52005e-09-9.35295e-09
-1.44971e-08-1.79213e-08-1.89782e-08-1.75430e-08-1.39622e-08-8.87068e-09
-3.01315e-09 2.83278e-09 7.84716e-09 1.11714e-08 1.20452e-08 1.01103e-08
 5.73808e-09 1.52170e-09
     0.0000e+00     0.0000e+00      0  0  0.00
     512   1.00000  0.0000e+00
 5.84201e-10 7.01783e-10 7.66816e-10 7.79825e-10 7.54511e-10 7.04816e-10
 6.44569e-10 5.89849e-10 5.50927e-10 5.21503e-10 4.82138e-10 4.16702e-10
 3.23799e-10 2.12078e-10 8.85159e-11-4.40958e-11-1.80587e-10-3.12792e-10
-4.39589e-10-5.75199e-10-7.44812e-10-9.69815e-10-1.25289e-09-1.57251e-09
-1.89063e-09-2.16962e-09-2.38799e-09-2.54648e-09-2.66555e-09-2.77984e-09
-2.92633e-09-3.12027e-09-3.32993e-09-3.47809e-09-3.48010e-09-3.29032e-09
-2.92024e-09-2.42399e-09-1.87430e-09-1.34074e-09-8.61342e-10-4.07526e-10
 1.30098e-10 9.12092e-10 2.09047e-09 3.75327e-09 5.89081e-09 8.37855e-09
 1.09749e-08 1.33497e-08 1.51508e-08 1.60897e-08 1.60098e-08 1.49156e-08
 1.29584e-08 1.03812e-08 7.43815e-09 4.32396e-09 1.14514e-09-2.06220e-09
-5.28408e-09-8.46689e-09-1.14675e-08-1.40491e-08-1.59344e-08-1.68865e-08
-1.67802e-08-1.56432e-08-1.36689e-08-1.11912e-08-8.60102e-09-6.22047e-09
-4.20470e-09-2.53383e-09-1.08303e-09 2.85520e-10 1.64032e-09 2.92069e-09
 3.93018e-09 4.40695e-09 4.13971e-09 3.06834e-09 1.35640e-09-5.28794e-10
-1.73687e-09-1.05437e-09 2.85653e-09 1.09583e-08 2.31372e-08 3.74452e-08
 4.95304e-08 5.26385e-08 3.87440e-08 3.71141e-09-4.35601e-08-8.29946e-08
-1.00286e-07-9.26306e-08-6.03931e-08-8.70550e-09 4.69307e-08 8.51961e-08
 8.86879e-08 5.47722e-08 1.54531e-09-4.06295e-08-4.91178e-08-2.54690e-08
 5.70801e-09 1.71574e-08 2.82419e-09-1.82151e-08-2.30767e-08-8.31012e-09
 1.11212e-08 2.16612e-08 2.10359e-08 1.25690e-08 3.43069e-09 4.40475e-09
 1.81341e-08 3.29246e-08 3.57562e-08 2.35066e-08-2.38492e-10-2.71902e-08
-4.50716e-08-4.66728e-08-3.10821e-08 4.83439e-10 3.67663e-08 5.79766e-08
 5.01069e-08 9.24892e-09-5.15984e-08-9.97751e-08-1.04714e-07-5.65158e-08
 2.57684e-08 9.20974e-08 9.40371e-08 2.94842e-08-4.73648e-08-6.45275e-08
-6.40119e-09 5.80678e-08 5.21444e-08-1.03092e-08-4.12853e-08-5.99773e-09
 2.90473e-08 1.08472e-08-1.75578e-08-6.68099e-09 1.11472e-08-9.61089e-10
-1.13399e-08 1.88585e-09 5.77182e-09-6.30665e-09-3.73007e-09 5.36184e-09
-1.40355e-09-4.93865e-09 3.18791e-09 1.24750e-09-3.92081e-09 1.83788e-09
 2.21906e-09-2.90818e-09 8.69727e-10 1.93915e-09-2.45262e-09 4.19691e-10
 1.55413e-09-1.90685e-09 5.89509e-10 1.14393e-09-1.57296e-09 7.34629e-10
 5.12106e-10-1.30828e-09 8.91345e-10 1.40473e-11-7.63396e-10 9.43773e-10
-4.21704e-10-1.98073e-10 6.65542e-10-6.09147e-10 2.94655e-10 2.31723e-10
-3.33377e-10 5.08487e-10-1.52309e-10 4.59489e-11 2.60393e-10-2.27054e-10
 1.74354e-10-9.73418e-11-5.47922e-11 8.01135e-11-1.04786e-10 1.04041e-10
 2.64613e-11 3.28487e-11-8.40136e-12-1.46789e-10-1.57454e-10-2.18117e-10
-1.83768e-10-1.35529e-10-8.89266e-11-5.70669e-11-8.95523e-11-1.50779e-10
-2.33682e-10-2.97369e-10-3.30844e-10-3.33324e-10-3.02711e-10-2.56440e-10
-2.15119e-10-1.92220e-10-1.90899e-10-2.05419e-10-2.20144e-10-2.23436e-10
-2.09145e-10-1.47816e-10-1.09783e-11 1.60481e-10 2.95380e-10 3.91173e-10
 4.86142e-10 5.89189e-10 7.11946e-10 8.79535e-10 1.06960e-09 1.24728e-09
 1.44623e-09 1.69833e-09 1.94303e-09 2.10560e-09 2.18733e-09 2.23831e-09
 2.31550e-09 2.44291e-09 2.55745e-09 2.55960e-09 2.44952e-09 2.32002e-09
 2.19734e-09 1.99147e-09 1.61467e-09 1.07214e-09 4.56686e-10-1.06902e-10
-5.78681e-10-1.07855e-09-1.75562e-09-2.59759e-09-3.44438e-09-4.15301e-09
-4.71570e-09-5.22865e-09-5.73551e-09-6.15067e-09-6.36300e-09-6.36050e-09
-6.26107e-09-6.21174e-09-6.21498e-09-6.12216e-09-5.80979e-09-5.28518e-09
-4.66863e-09-4.10556e-09-3.63198e-09-3.16079e-09-2.61940e-09-2.02620e-09
-1.44791e-09-9.15023e-10-3.71096e-10 2.56676e-10 9.61361e-10 1.67397e-09
 2.32387e-09 2.88183e-09 3.39027e-09 3.92756e-09 4.53130e-09 5.18125e-09
 5.83876e-09 6.46841e-09 7.04731e-09 7.58070e-09 8.07395e-09 8.50047e-09
 8.84488e-09 9.13581e-09 9.39289e-09 9.58622e-09 9.66629e-09 9.58984e-09
 9.31529e-09 8.82606e-09 8.16150e-09 7.37246e-09 6.46078e-09 5.41669e-09
 4.26437e-09 3.01886e-09 1.67440e-09 2.59832e-10-1.16353e-09-2.53796e-09
-3.80675e-09-4.94520e-09-6.00065e-09-7.01502e-09-7.93434e-09-8.66220e-09
-9.15011e-09-9.42214e-09-9.56707e-09-9.66752e-09-9.70801e-09-9.61398e-09
-9.37541e-09-9.06817e-09-8.75872e-09-8.42556e-09-7.98637e-09-7.39792e-09
-6.72439e-09-6.10672e-09-5.63290e-09-5.22171e-09-4.70023e-09-3.99836e-09
-3.19604e-09-2.41492e-09-1.70579e-09-1.01350e-09-2.64344e-10 5.23875e-10
 1.25698e-09 1.87106e-09 2.42143e-09 3.05184e-09 3.83207e-09 4.67283e-09
 5.43576e-09 6.05566e-09 6.55757e-09 7.01288e-09 7.45395e-09 7.83071e-09
 8.07444e-09 8.15975e-09 8.09119e-09 7.85849e-09 7.41719e-09 6.73832e-09
 5.87250e-09 4.93167e-09 4.02182e-09 3.20316e-09 2.47269e-09 1.77083e-09
 1.03783e-09 2.62134e-10-5.32483e-10-1.30455e-09-1.99792e-09-2.56599e-09
-2.98368e-09-3.23214e-09-3.30733e-09-3.24104e-09-3.09257e-09-2.92713e-09
-2.79062e-09-2.69001e-09-2.60930e-09-2.52671e-09-2.41188e-09-2.24444e-09
-2.02759e-09-1.77164e-09-1.49297e-09-1.21619e-09-9.56432e-10-7.22813e-10
-5.31906e-10-3.89697e-10-2.79860e-10-1.85028e-10-9.67936e-11-7.21134e-12
 9.07507e-11 2.00405e-10 3.20986e-10 4.43906e-10 5.53309e-10 6.30855e-10
 6.58273e-10 6.25134e-10 5.42464e-10 4.41342e-10 3.53433e-10 2.95629e-10
 2.68808e-10 2.66744e-10 2.78809e-10 2.79446e-10 2.34688e-10 1.31556e-10
-9.49731e-12-1.48507e-10-2.43468e-10-2.65421e-10-2.10261e-10-9.96383e-11
 2.49990e-11 1.13410e-10 1.28367e-10 6.31502e-11-5.85459e-11-1.88078e-10
-2.64453e-10-2.46579e-10-1.41941e-10 1.68874e-12 1.29926e-10 2.04934e-10
 2.08621e-10 1.42615e-10 3.55541e-11-5.84872e-11-8.86587e-11-4.34175e-11
 4.24864e-11 1.15003e-10 1.34653e-10 9.14937e-11 7.13554e-13-1.05336e-10
-1.84890e-10-2.01882e-10-1.41954e-10-1.73916e-11 1.34835e-10 2.61794e-10
 3.19551e-10 3.00159e-10 2.32303e-10 1.55978e-10 9.80516e-11 6.81543e-11
 7.06601e-11 1.09948e-10 1.75241e-10 2.30349e-10 2.37535e-10 1.90373e-10
 1.11108e-10 1.82424e-11-9.27154e-11-2.32023e-10-3.86950e-10-5.25219e-10
-6.26017e-10-6.93324e-10-7.43995e-10-7.97299e-10-8.70441e-10-9.71697e-10
-1.09419e-09-1.21549e-09-1.30169e-09-1.31417e-09-1.22591e-09-1.05028e-09
-8.54428e-10-7.21743e-10-6.80624e-10-6.75501e-10-6.15609e-10-4.40434e-10
-1.39847e-10 2.55041e-10 6.76484e-10 1.03410e-09 1.27163e-09 1.44953e-09
 1.77025e-09 2.48612e-09 3.73805e-09 5.42587e-09 7.16494e-09 8.33401e-09
 8.21299e-09 6.21056e-09 2.16292e-09-3.35572e-09-8.81100e-09-1.16924e-08
-8.83683e-09-2.77757e-09
     0.0000e+00     0.0000e+00      0  0  0.00
     512   1.00000  0.0000e+00
 1.02641e-09 1.62548e-09 2.05368e-09 2.12244e-09 1.75099e-09 1.02580e-09
 1.63211e-10-6.07772e-10-1.15719e-09-1.47996e-09-1.63839e-09-1.69551e-09
-1.69623e-09-1.68380e-09-1.71005e-09-1.82363e-09-2.04666e-09-2.35124e-09
-2.64440e-09-2.77759e-09-2.59729e-09-2.02653e-09-1.13352e-09-1.35488e-10
 6.84129e-10 1.11200e-09 1.11334e-09 8.37796e-10 5.21798e-10 3.67071e-10
 4.80770e-10 8.84076e-10 1.53436e-09 2.33286e-09 3.14371e-09 3.84061e-09
 4.34618e-09 4.63186e-09 4.70859e-09 4.65344e-09 4.64425e-09 4.92146e-09
 5.66189e-09 6.86056e-09 8.32133e-09 9.74190e-09 1.07935e-08 1.11351e-08
 1.03935e-08 8.17532e-09 4.14665e-09-1.81043e-09-9.36718e-09-1.75141e-08
-2.45391e-08-2.84232e-08-2.75757e-08-2.15561e-08-1.14183e-08 5.01412e-10
 1.12790e-08 1.82875e-08 1.99356e-08 1.60443e-08 7.79463e-09-2.73805e-09
-1.33435e-08-2.24059e-08-2.92169e-08-3.37977e-08-3.65272e-08-3.78819e-08
-3.83310e-08-3.82430e-08-3.77324e-08-3.65653e-08-3.42624e-08-3.03628e-08
-2.46955e-08-1.75704e-08-9.88722e-09-3.10547e-09 1.06689e-09 1.34380e-09
-2.22993e-09-7.37446e-09-8.95325e-09 9.88329e-10 3.20098e-08 9.24275e-08
 1.84820e-07 3.00558e-07 4.15103e-07 4.88332e-07 4.77118e-07 3.60778e-07
 1.58042e-07-8.28147e-08-3.01331e-07-4.34965e-07-4.37017e-07-3.03397e-07
-8.93011e-08 1.06298e-07 1.92551e-07 1.40511e-07-9.98455e-10-1.39966e-07
-2.07489e-07-2.06079e-07-1.94788e-07-2.22208e-07-2.75287e-07-3.00584e-07
-2.73702e-07-2.38724e-07-2.80408e-07-4.54148e-07-7.22904e-07-9.65862e-07
-1.06658e-06-9.66477e-07-6.25583e-07-8.39267e-09 8.49690e-07 1.80773e-06
 2.66099e-06 3.18159e-06 3.15679e-06 2.48396e-06 1.25232e-06-2.67831e-07
-1.67970e-06-2.57537e-06-2.71937e-06-2.15365e-06-1.18076e-06-2.47373e-07
 2.86026e-07 3.33255e-07 8.70628e-08-1.33313e-07-1.24557e-07 6.54085e-08
 2.40113e-07 2.62392e-07 1.69932e-07 8.98258e-08 8.24977e-08 1.10717e-07
 1.15765e-07 8.56325e-08 4.74326e-08 2.50723e-08 1.80100e-08 7.65488e-09
-9.17401e-09-1.54983e-08-1.14793e-08-1.37614e-08-1.81058e-08-1.15677e-08
-5.81967e-09-8.63677e-09-5.25061e-09 2.08533e-09 5.61315e-10 9.49234e-10
 7.28998e-09 6.40454e-09 4.89331e-09 9.39507e-09 8.08525e-09 5.38938e-09
 8.26659e-09 6.27602e-09 3.36533e-09 5.38450e-09 3.09114e-09 1.13905e-09
 3.12157e-09 8.89532e-10 3.95683e-11 1.26159e-09-1.33114e-09-1.32578e-09
-9.88216e-10-3.02907e-09-2.07165e-09-2.58900e-09-3.66497e-09-2.71412e-09
-3.78715e-09-3.57974e-09-3.14109e-09-3.88623e-09-3.17770e-09-3.45387e-09
-3.39525e-09-2.94238e-09-3.09432e-09-2.38835e-09-2.01389e-09-1.51789e-09
-9.32766e-10-5.60663e-10 1.40676e-10 6.75727e-10 1.22832e-09 1.72228e-09
 2.10658e-09 2.44282e-09 2.62132e-09 2.78935e-09 2.94061e-09 3.02731e-09
 2.99482e-09 2.83981e-09 2.59165e-09 2.21073e-09 1.68071e-09 1.05831e-09
 4.41394e-10-1.30370e-10-7.00684e-10-1.31171e-09-1.94328e-09-2.53439e-09
-3.02154e-09-3.37013e-09-3.61217e-09-3.80984e-09-3.95394e-09-3.95937e-09
-3.75890e-09-3.34745e-09-2.77391e-09-2.12975e-09-1.47844e-09-7.86524e-10
-6.57246e-12 8.18025e-10 1.62428e-09 2.40972e-09 3.17106e-09 3.88324e-09
 4.54621e-09 5.12586e-09 5.51799e-09 5.70125e-09 5.81234e-09 5.94315e-09
 5.98033e-09 5.75876e-09 5.28697e-09 4.73197e-09 4.22212e-09 3.70962e-09
 3.02639e-09 2.09950e-09 1.09401e-09 2.64892e-10-3.11098e-10-7.96216e-10
-1.40575e-09-2.15930e-09-2.82293e-09-3.13888e-09-3.08287e-09-2.87374e-09
-2.74211e-09-2.68409e-09-2.49775e-09-2.06954e-09-1.51728e-09-1.04533e-09
-7.45436e-10-5.42648e-10-3.14979e-10-6.58009e-11 5.33945e-11-1.07455e-10
-5.60011e-10-1.18926e-09-1.88159e-09-2.61466e-09-3.42918e-09-4.35433e-09
-5.34184e-09-6.26909e-09-7.04296e-09-7.65101e-09-8.08835e-09-8.31000e-09
-8.26464e-09-7.92143e-09-7.26556e-09-6.29677e-09-5.02881e-09-3.49733e-09
-1.77828e-09 4.47129e-11 1.93838e-09 3.88350e-09 5.79938e-09 7.57370e-09
 9.11603e-09 1.03384e-08 1.11811e-08 1.16514e-08 1.17328e-08 1.13409e-08
 1.04598e-08 9.20793e-09 7.70750e-09 5.96897e-09 3.93310e-09 1.57425e-09
-1.02273e-09-3.64959e-09-6.10044e-09-8.32503e-09-1.03760e-08-1.22210e-08
-1.36796e-08-1.45345e-08-1.46923e-08-1.42458e-08-1.33311e-08-1.19326e-08
-9.92723e-09-7.31877e-09-4.36086e-09-1.45866e-09 1.06055e-09 3.11133e-09
 4.77542e-09 6.07764e-09 6.90905e-09 7.22861e-09 7.27794e-09 7.48889e-09
 8.18593e-09 9.40186e-09 1.09192e-08 1.24516e-08 1.37768e-08 1.46779e-08
 1.48072e-08 1.36963e-08 1.09985e-08 6.81075e-09 1.74769e-09-3.31914e-09
-7.51784e-09-1.00400e-08-1.01880e-08-7.52297e-09-2.07880e-09 5.45485e-09
 1.37521e-08 2.11187e-08 2.58937e-08 2.68379e-08 2.33738e-08 1.56705e-08
 4.65837e-09-8.07461e-09-2.05458e-08-3.07329e-08-3.69715e-08-3.83325e-08
-3.48390e-08-2.74288e-08-1.77032e-08-7.56475e-09 1.19413e-09 7.28789e-09
 1.02066e-08 1.02658e-08 8.43743e-09 6.01821e-09 4.21758e-09 3.79230e-09
 4.83940e-09 6.80196e-09 8.68407e-09 9.41751e-09 8.26774e-09 5.10405e-09
 4.39383e-10-4.70177e-09-9.05534e-09-1.15118e-08-1.14945e-08-9.15823e-09
-5.33414e-09-1.24644e-09 1.89403e-09 3.27514e-09 2.71755e-09 6.93297e-10
-1.85392e-09-3.83025e-09-4.37248e-09-3.15138e-09-4.79940e-10 2.79854e-09
 5.62198e-09 7.11555e-09 6.90079e-09 5.19987e-09 2.74534e-09 5.31431e-10
-5.46720e-10-5.95501e-11 1.75983e-09 4.10384e-09 5.92502e-09 6.36369e-09
 5.07841e-09 2.35816e-09-9.93633e-10-3.95613e-09-5.68155e-09-5.83151e-09
-4.70236e-09-3.07750e-09-1.87406e-09-1.73796e-09-2.76532e-09-4.48110e-09
-6.07782e-09-6.76968e-09-6.09294e-09-4.07106e-09-1.21521e-09 1.65329e-09
 3.72635e-09 4.56153e-09 4.27498e-09 3.44834e-09 2.81022e-09 2.89374e-09
 3.82961e-09 5.30204e-09 6.65780e-09 7.16421e-09 6.33920e-09 4.20787e-09
 1.34216e-09-1.37620e-09-3.16593e-09-3.70672e-09-3.26470e-09-2.52699e-09
-2.23356e-09-2.80700e-09-4.16492e-09-5.76529e-09-6.83516e-09-6.71556e-09
-5.20946e-09-2.73226e-09-1.16089e-10 1.84869e-09 2.84536e-09 3.14518e-09
 3.35108e-09 3.99741e-09 5.25422e-09 6.82515e-09 8.04908e-09 8.18760e-09
 6.79402e-09 3.98399e-09 4.44015e-10-2.86126e-09-5.13453e-09-6.08881e-09
-6.00131e-09-5.47286e-09-5.06742e-09-5.06973e-09-5.47730e-09-6.13804e-09
-6.88080e-09-7.59908e-09-8.31018e-09-9.13936e-09-1.01529e-08-1.10997e-08
-1.12954e-08-9.83979e-09-6.06143e-09 1.24891e-10 8.12816e-09 1.68101e-08
 2.47349e-08 3.04945e-08 3.30594e-08 3.20343e-08 2.76624e-08 2.05729e-08
 1.14713e-08 1.01671e-09-9.99659e-09-2.02187e-08-2.73544e-08-2.81321e-08
-1.87969e-08-5.56272e-09
     0.0000e+00     0.0000e+00      0  0  0.00
     512   1.00000  0.0000e+00
 2.14745e-09 2.02877e-09 1.66378e-09 1.05966e-09 3.08501e-10-4.12160e-10
-8.94028e-10-9.86880e-10-6.71809e-10-8.27406e-11 5.32323e-10 9.01913e-10
 8.46261e-10 3.64778e-10-3.57488e-10-1.03611e-09-1.42170e-09-1.41202e-09
-1.09058e-09-6.82958e-10-4.57888e-10-6.16921e-10-1.21890e-09-2.17016e-09
-3.27632e-09-4.31941e-09-5.12495e-09-5.60702e-09-5.78747e-09-5.77950e-09
-5.73783e-09-5.79840e-09-6.02708e-09-6.38208e-09-6.70212e-09-6.74869e-09
-6.30996e-09-5.31999e-09-3.91690e-09-2.39395e-09-1.06077e-09-7.84330e-11
 6.61051e-10 1.55256e-09 3.15952e-09 5.98332e-09 1.02191e-08 1.56171e-08
 2.15086e-08 2.69706e-08 3.10683e-08 3.31018e-08 3.27873e-08 3.03126e-08
 2.62431e-08 2.13094e-08 1.61528e-08 1.11236e-08 6.21089e-09 1.13148e-09
-4.45236e-09-1.06774e-08-1.73024e-08-2.36900e-08-2.89563e-08-3.22397e-08
-3.29954e-08-3.11976e-08-2.73684e-08-2.24361e-08-1.74893e-08-1.35007e-08
-1.10841e-08-1.03445e-08-1.08728e-08-1.18913e-08-1.25026e-08-1.19721e-08
-9.99221e-09-6.88542e-09-3.67887e-09-1.96953e-09-3.56021e-09-9.91447e-09
-2.14840e-08-3.69580e-08-5.25817e-08-6.18593e-08-5.60822e-08-2.61255e-08
 3.42105e-08 1.23455e-07 2.27319e-07 3.17937e-07 3.63231e-07 3.40385e-07
 2.43163e-07 8.50652e-08-1.00355e-07-2.66656e-07-3.68350e-07-3.77776e-07
-3.00271e-07-1.78184e-07-7.47719e-08-4.03044e-08-7.91352e-08-1.43950e-07
-1.69147e-07-1.22083e-07-2.95417e-08 4.52836e-08 5.48890e-08-3.30559e-10
-8.59631e-08-1.66982e-07-2.17049e-07-2.05212e-07-1.04776e-07 7.46646e-08
 2.98164e-07 5.55178e-07 8.48558e-07 1.13036e-06 1.29708e-06 1.24393e-06
 9.05796e-07 2.85172e-07-5.22345e-07-1.33165e-06-1.91296e-06-2.06661e-06
-1.70586e-06-9.17972e-07 3.46698e-08 8.05244e-07 1.12072e-06 9.23671e-07
 4.13281e-07-6.14940e-08-2.21463e-07-4.55546e-08 2.29089e-07 3.20647e-07
 1.61209e-07-5.64318e-08-1.11575e-07-5.89242e-09 7.66036e-08 3.43530e-08
-4.14343e-08-4.57207e-08-1.28809e-08-1.49958e-08-3.15709e-08-1.94334e-08
-3.26962e-09-8.84669e-09-1.01151e-08 2.32036e-09 3.40977e-09-3.14632e-09
 1.46653e-09 5.08858e-09-1.23658e-10 5.86912e-10 4.09364e-09 2.28809e-10
-1.29035e-09 9.26458e-10-1.91462e-09-3.51992e-09-1.43102e-09-2.89347e-09
-3.64726e-09-1.65742e-09-2.54185e-09-2.71146e-09-1.04766e-09-1.73182e-09
-1.41483e-09-9.57838e-11-5.10941e-10 3.51192e-10 1.31214e-09 1.03486e-09
 1.82065e-09 1.87885e-09 1.39163e-09 1.70018e-09 1.26356e-09 1.18623e-09
 1.43126e-09 1.10356e-09 1.14340e-09 7.56205e-10 1.35778e-10-2.83164e-10
-9.53305e-10-1.30902e-09-1.56060e-09-1.72183e-09-1.68583e-09-1.76936e-09
-1.82179e-09-1.91841e-09-2.01968e-09-2.05318e-09-2.03286e-09-1.83841e-09
-1.47397e-09-9.54556e-10-3.45231e-10 2.54656e-10 7.62473e-10 1.10968e-09
 1.31596e-09 1.46989e-09 1.68339e-09 2.02997e-09 2.49047e-09 2.95213e-09
 3.27123e-09 3.35022e-09 3.17083e-09 2.79810e-09 2.35760e-09 1.96347e-09
 1.64254e-09 1.34574e-09 1.02259e-09 6.44805e-10 1.85681e-10-3.65321e-10
-9.76757e-10-1.58732e-09-2.12700e-09-2.52357e-09-2.72107e-09-2.71542e-09
-2.56492e-09-2.35397e-09-2.14545e-09-1.96361e-09-1.79701e-09-1.58908e-09
-1.24010e-09-6.66953e-10 1.13620e-10 9.66906e-10 1.71813e-09 2.25975e-09
 2.59800e-09 2.81317e-09 2.97706e-09 3.09646e-09 3.13047e-09 3.05340e-09
 2.88508e-09 2.65196e-09 2.31649e-09 1.76320e-09 9.01583e-10-2.01679e-10
-1.33421e-09-2.29537e-09-3.02229e-09-3.59345e-09-4.14465e-09-4.74974e-09
-5.36113e-09-5.87533e-09-6.24049e-09-6.48263e-09-6.62633e-09-6.60998e-09
-6.32175e-09-5.72466e-09-4.92347e-09-4.11323e-09-3.44590e-09-2.91650e-09
-2.38463e-09-1.69978e-09-8.07832e-10 2.14971e-10 1.22798e-09 2.14366e-09
 2.95044e-09 3.63847e-09 4.16959e-09 4.52011e-09 4.72497e-09 4.88641e-09
 5.12897e-09 5.50618e-09 5.94163e-09 6.28018e-09 6.40333e-09 6.30745e-09
 6.09646e-09 5.90489e-09 5.81944e-09 5.85713e-09 5.98661e-09 6.15484e-09
 6.29894e-09 6.34219e-09 6.20269e-09 5.82985e-09 5.24419e-09 4.54549e-09
 3.85966e-09 3.25093e-09 2.68045e-09 2.03691e-09 1.19965e-09 1.12652e-10
-1.16471e-09-2.49508e-09-3.75895e-09-4.89828e-09-5.89992e-09-6.78248e-09
-7.58131e-09-8.32629e-09-9.04390e-09-9.75677e-09-1.04424e-08-1.09901e-08
-1.12188e-08-1.09623e-08-1.01644e-08-8.90594e-09-7.35887e-09-5.71490e-09
-4.12554e-09-2.68725e-09-1.47418e-09-5.56409e-10 3.62116e-11 3.60199e-10
 5.43046e-10 7.05239e-10 9.11259e-10 1.20207e-09 1.65095e-09 2.38045e-09
 3.50308e-09 4.98022e-09 6.51852e-09 7.63596e-09 7.85104e-09 6.85522e-09
 4.59105e-09 1.25125e-09-2.72998e-09-6.68168e-09-9.76885e-09-1.11621e-08
-1.02708e-08-6.96505e-09-1.65245e-09 4.83414e-09 1.14240e-08 1.69972e-08
 2.05830e-08 2.15392e-08 1.96742e-08 1.53058e-08 9.22584e-09 2.54347e-09
-3.55973e-09-8.09522e-09-1.04695e-08-1.05705e-08-8.74390e-09-5.68819e-09
-2.29337e-09 5.45385e-10 2.13349e-09 2.17890e-09 8.89464e-10-1.11610e-09
-3.03320e-09-4.13295e-09-3.99572e-09-2.64958e-09-5.60487e-10 1.51449e-09
 2.77223e-09 2.64605e-09 1.01918e-09-1.71507e-09-4.75592e-09-7.13565e-09
-8.04372e-09-7.12313e-09-4.60991e-09-1.24893e-09 1.97243e-09 4.15821e-09
 4.79712e-09 3.93148e-09 2.13144e-09 2.69631e-10-8.11654e-10-6.15323e-10
 8.24913e-10 2.96145e-09 4.94004e-09 5.91924e-09 5.40378e-09 3.45560e-09
 6.65534e-10-2.08916e-09-3.97056e-09-4.48005e-09-3.64275e-09-1.99024e-09
-3.36086e-10 5.59006e-10 2.97246e-10-1.00004e-09-2.75579e-09-4.17866e-09
-4.58361e-09-3.68184e-09-1.71528e-09 6.44716e-10 2.58570e-09 3.48641e-09
 3.16015e-09 1.92758e-09 4.83737e-10-4.07576e-10-2.61868e-10 9.09354e-10
 2.61330e-09 4.09527e-09 4.65869e-09 3.96368e-09 2.18571e-09-4.69356e-11
-1.92742e-09-2.83411e-09-2.60442e-09-1.58812e-09-4.69420e-10 5.17778e-11
-4.13007e-10-1.74639e-09-3.36728e-09-4.50248e-09-4.55329e-09-3.37830e-09
-1.36753e-09 7.22206e-10 2.10648e-09 2.34241e-09 1.54667e-09 3.38215e-10
-4.70913e-10-2.74348e-10 1.03513e-09 3.00372e-09 4.80839e-09 5.62294e-09
 5.00153e-09 3.10021e-09 6.11288e-10-1.57379e-09-2.79067e-09-2.88317e-09
-2.21931e-09-1.47139e-09-1.26227e-09-1.83001e-09-2.89411e-09-3.81655e-09
-3.96225e-09-3.05126e-09-1.32975e-09 5.13387e-10 1.65783e-09 1.55903e-09
 2.45515e-10-1.66528e-09-3.24546e-09-3.66462e-09-2.51327e-09 7.43051e-11
 3.49780e-09 6.91748e-09 9.54415e-09 1.08634e-08 1.06845e-08 9.03842e-09
 6.07579e-09 2.07313e-09-2.49546e-09-6.92716e-09-1.03613e-08-1.19665e-08
-1.12181e-08-8.17381e-09-3.59535e-09 1.19064e-09 4.67924e-09 5.69142e-09
 3.84776e-09 1.11391e-09
     0.0000e+00     0.0000e+00      0  0  0.00
     512   1.00000  0.0000e+00
 1.15712e-09 1.53744e-09 1.66309e-09 1.41900e-09 8.25297e-10 4.92817e-11
-6.65048e-10-1.11009e-09-1.20570e-09-1.02017e-09-7.19655e-10-4.84002e-10
-4.34132e-10-5.96691e-10-9.10286e-10-1.26310e-09-1.54138e-09-1.66658e-09
-1.60928e-09-1.38384e-09-1.03577e-09-6.30063e-10-2.38714e-10 7.62264e-11
 2.81693e-10 3.86598e-10 4.38133e-10 4.94876e-10 5.86815e-10 6.91370e-10
 7.51173e-10 7.27545e-10 6.51094e-10 6.30179e-10 8.06431e-10 1.27535e-09
 2.00684e-09 2.81157e-09 3.39485e-09 3.49741e-09 3.05777e-09 2.29647e-09
 1.65832e-09 1.62841e-09 2.50147e-09 4.20078e-09 6.22270e-09 7.74495e-09
 7.88276e-09 6.01471e-09 2.05954e-09-3.40896e-09-9.27515e-09-1.42014e-08
-1.70226e-08-1.70466e-08-1.41902e-08-8.97478e-09-2.41358e-09 4.20151e-09
 9.58442e-09 1.27343e-08 1.31202e-08 1.07305e-08 6.02322e-09-1.68229e-10
-6.75851e-09-1.26106e-08-1.68224e-08-1.89897e-08-1.92994e-08-1.84066e-08
-1.71533e-08-1.62274e-08-1.58910e-08-1.59009e-08-1.56690e-08-1.45795e-08
-1.23117e-08-9.03739e-09-5.42718e-09-2.45401e-09-1.02925e-09-1.55892e-09
-3.52976e-09-5.22955e-09-3.70933e-09 4.86429e-09 2.43005e-08 5.68376e-08
 1.01116e-07 1.50103e-07 1.89947e-07 2.03495e-07 1.79450e-07 1.18120e-07
 3.05417e-08-6.27558e-08-1.35891e-07-1.66250e-07-1.43489e-07-7.69091e-08
 5.26251e-09 6.73535e-08 8.27826e-08 4.90443e-08-9.52533e-09-5.81563e-08
-7.67535e-08-7.28831e-08-7.10384e-08-8.81004e-08-1.19021e-07-1.46296e-07
-1.60461e-07-1.68630e-07-1.88028e-07-2.39602e-07-3.39961e-07-4.78575e-07
-6.00394e-07-6.24785e-07-4.85301e-07-1.54552e-07 3.47358e-07 9.46716e-07
 1.51777e-06 1.90152e-06 1.94566e-06 1.56447e-06 7.92577e-07-1.98498e-07
-1.13343e-06-1.72125e-06-1.77659e-06-1.31404e-06-5.63626e-07 1.21759e-07
 4.47755e-07 3.46532e-07 1.38428e-08-2.30512e-07-1.88009e-07 6.15637e-08
 2.54580e-07 2.19683e-07 5.06596e-08-3.29376e-08 3.27625e-08 1.07797e-07
 8.10353e-08 1.71133e-08 9.62268e-09 2.77020e-08 1.07413e-08-1.27293e-08
-5.24370e-09 1.07357e-09-1.29523e-08-1.50071e-08-3.41982e-09-5.87924e-09
-1.09075e-08-2.42920e-09 6.09145e-10-3.90997e-09 7.95814e-10 4.75536e-09
 7.16077e-10 2.39874e-09 5.48803e-09 2.16286e-09 2.82148e-09 5.23302e-09
 2.51813e-09 2.75041e-09 4.09981e-09 1.47381e-09 1.55242e-09 2.07885e-09
-4.61613e-11 5.24659e-10 6.96730e-10-6.63976e-10 1.95409e-10-1.88287e-10
-1.01063e-09-3.94646e-10-1.27132e-09-1.59450e-09-1.39795e-09-2.12309e-09
-1.76214e-09-1.66154e-09-1.71552e-09-1.21388e-09-1.45884e-09-1.54402e-09
-1.74878e-09-2.08873e-09-1.88405e-09-1.63922e-09-1.07141e-09-4.71793e-10
-9.31187e-11 1.61268e-10 1.38571e-10 1.07807e-10 1.69993e-10 4.02475e-10
 8.02758e-10 1.21497e-09 1.56686e-09 1.77669e-09 1.83409e-09 1.75520e-09
 1.57522e-09 1.35090e-09 1.11720e-09 9.04431e-10 7.40329e-10 6.27298e-10
 5.10938e-10 3.03865e-10-4.69038e-11-5.27269e-10-1.06818e-09-1.56116e-09
-1.89610e-09-2.03534e-09-2.03712e-09-1.99827e-09-1.99004e-09-2.02863e-09
-2.07895e-09-2.08386e-09-1.99415e-09-1.77834e-09-1.42204e-09-9.40658e-10
-3.88067e-10 1.63005e-10 6.44276e-10 1.01465e-09 1.28670e-09 1.51849e-09
 1.77570e-09 2.10549e-09 2.52122e-09 2.98886e-09 3.42262e-09 3.70570e-09
 3.75404e-09 3.58878e-09 3.33819e-09 3.14832e-09 3.08066e-09 3.09145e-09
 3.09220e-09 3.00594e-09 2.78815e-09 2.43223e-09 1.94260e-09 1.31598e-09
 5.90338e-10-1.23486e-10-6.91144e-10-1.03520e-09-1.20239e-09-1.33869e-09
-1.55952e-09-1.86215e-09-2.15159e-09-2.32180e-09-2.32843e-09-2.19750e-09
-1.98252e-09-1.73401e-09-1.49429e-09-1.31552e-09-1.28301e-09-1.47300e-09
-1.86576e-09-2.33708e-09-2.73976e-09-2.99490e-09-3.13647e-09-3.27139e-09
-3.49399e-09-3.83253e-09-4.23946e-09-4.61843e-09-4.87319e-09-4.93067e-09
-4.73179e-09-4.24000e-09-3.47816e-09-2.54302e-09-1.56907e-09-6.58134e-10
 1.85129e-10 1.05303e-09 2.05841e-09 3.24637e-09 4.55496e-09 5.83413e-09
 6.91060e-09 7.66142e-09 8.03011e-09 8.00106e-09 7.60190e-09 6.91245e-09
 6.04392e-09 5.09588e-09 4.09688e-09 2.97911e-09 1.63549e-09 2.13149e-11
-1.78719e-09-3.62628e-09-5.32151e-09-6.74338e-09-7.83105e-09-8.57937e-09
-9.00916e-09-9.16238e-09-9.10068e-09-8.86078e-09-8.40097e-09-7.61301e-09
-6.40929e-09-4.81252e-09-2.96426e-09-1.05897e-09 7.19586e-10 2.22848e-09
 3.36698e-09 4.07237e-09 4.35834e-09 4.36454e-09 4.33809e-09 4.54128e-09
 5.12919e-09 6.08397e-09 7.26196e-09 8.46627e-09 9.47726e-09 1.00823e-08
 1.00999e-08 9.39146e-09 7.90374e-09 5.71148e-09 3.02235e-09 1.69479e-10
-2.41029e-09-4.22861e-09-4.82217e-09-3.86365e-09-1.28548e-09 2.63137e-09
 7.22208e-09 1.15102e-08 1.44211e-08 1.50517e-08 1.28999e-08 8.01163e-09
 1.00847e-09-7.00951e-09-1.46730e-08-2.06320e-08-2.38668e-08-2.39342e-08
-2.10518e-08-1.59925e-08-9.86068e-09-3.83156e-09 1.09740e-09 4.30523e-09
 5.64887e-09 5.43279e-09 4.26881e-09 2.88341e-09 1.91635e-09 1.75252e-09
 2.43362e-09 3.66309e-09 4.90787e-09 5.58662e-09 5.26431e-09 3.78404e-09
 1.33068e-09-1.58910e-09-4.26980e-09-6.01411e-09-6.36116e-09-5.24677e-09
-3.03544e-09-4.17654e-10 1.79872e-09 2.94679e-09 2.72705e-09 1.31770e-09
-6.80610e-10-2.45614e-09-3.27642e-09-2.74904e-09-9.71252e-10 1.48610e-09
 3.77930e-09 5.11293e-09 5.04169e-09 3.63145e-09 1.43658e-09-6.98670e-10
-1.95670e-09-1.86335e-09-4.80896e-10 1.60977e-09 3.54215e-09 4.50764e-09
 4.06389e-09 2.30195e-09-1.83810e-10-2.52636e-09-3.93763e-09-4.02879e-09
-2.95950e-09-1.35935e-09-5.74302e-11 2.73230e-10-5.86561e-10-2.29554e-09
-4.09308e-09-5.12563e-09-4.81087e-09-3.08760e-09-4.57271e-10 2.20403e-09
 4.00331e-09 4.41154e-09 3.48774e-09 1.83449e-09 3.14223e-10-3.30567e-10
 2.07937e-10 1.67555e-09 3.37242e-09 4.47096e-09 4.39283e-09 3.06913e-09
 9.66284e-10-1.13167e-09-2.48318e-09-2.72435e-09-2.02407e-09-9.85191e-10
-3.41087e-10-5.99623e-10-1.80128e-09-3.49204e-09-4.91861e-09-5.36612e-09
-4.49040e-09-2.48547e-09-5.36238e-13 2.15672e-09 3.38449e-09 3.53409e-09
 2.92717e-09 2.15996e-09 1.80333e-09 2.13117e-09 2.99453e-09 3.90362e-09
 4.28232e-09 3.76549e-09 2.38094e-09 5.26597e-10-1.22785e-09-2.40238e-09
-2.80275e-09-2.56208e-09-2.01988e-09-1.52891e-09-1.31360e-09-1.43569e-09
-1.84246e-09-2.44997e-09-3.21148e-09-4.11714e-09-5.10504e-09-5.94712e-09
-6.22893e-09-5.49070e-09-3.46530e-09-2.65164e-10 3.59133e-09 7.32348e-09
 1.01360e-08 1.14663e-08 1.11266e-08 9.29046e-09 6.35805e-09 2.80798e-09
-8.63968e-10-4.10861e-09-6.29312e-09-6.81955e-09-5.46089e-09-2.81924e-09
-6.25166e-10 3.45648e-11
