      10
(6e12.5)
     0.0000e+00     0.0000e+00      0  0  0.00
     512   1.00000  0.0000e+00
 2.35745e-09 2.61493e-09 2.91434e-09 3.23965e-09 3.53065e-09 3.71125e-09
 3.72903e-09 3.57460e-09 3.27197e-09 2.85645e-09 2.35842e-09 1.79469e-09
 1.16076e-09 4.24796e-10-4.65777e-10-1.55651e-09-2.84444e-09-4.24793e-09
-5.61355e-09-6.76464e-09-7.57054e-09-8.00138e-09-8.13623e-09-8.11484e-09
-8.05799e-09-8.00776e-09-7.92503e-09-7.73677e-09-7.38954e-09-6.87008e-09
-6.18771e-09-5.34387e-09-4.31810e-09-3.07860e-09-1.60484e-09 9.20735e-11
 1.95494e-09 3.87458e-09 5.70210e-09 7.28452e-09 8.51297e-09 9.36147e-09
 9.89642e-09 1.02468e-08 1.05423e-08 1.08480e-08 1.11323e-08 1.12881e-08
 1.11917e-08 1.07585e-08 9.95548e-09 8.77248e-09 7.19380e-09 5.21350e-09
 2.89169e-09 3.99784e-10-2.00276e-09-4.06999e-09-5.68862e-09-6.92957e-09
-7.99775e-09-9.11602e-09-1.04066e-08-1.18216e-08-1.31510e-08-1.41040e-08
-1.44242e-08-1.39748e-08-1.27466e-08-1.08011e-08-8.20033e-09-4.96897e-09
-1.09340e-09 3.44840e-09 8.63349e-09 1.43452e-08 2.03670e-08 2.64290e-08
 3.22807e-08 3.77448e-08 4.27342e-08 4.72425e-08 5.13374e-08 5.51592e-08
 5.88982e-08 6.27151e-08 6.66000e-08 7.01854e-08 7.25502e-08 7.20794e-08
 6.64910e-08 5.31701e-08 2.99009e-08-4.21203e-09-4.81564e-08-9.88160e-08
-1.50848e-07-1.97198e-07-2.30933e-07-2.47555e-07-2.46625e-07-2.32351e-07
-2.13008e-07-1.99173e-07-2.01501e-07-2.28855e-07-2.86623e-07-3.74294e-07
-4.81534e-07-5.83111e-07-6.35149e-07-5.77360e-07-3.45959e-07 1.00634e-07
 7.47977e-07 1.50341e-06 2.21493e-06 2.72606e-06 2.90246e-06 2.61198e-06
 1.76185e-06 4.20363e-07-1.13577e-06-2.52000e-06-3.37178e-06-3.45596e-06
-2.73527e-06-1.42362e-06 3.74971e-08 1.14066e-06 1.53731e-06 1.19513e-06
 4.14493e-07-3.25097e-07-6.32874e-07-4.30612e-07 2.86239e-08 3.73639e-07
 3.98970e-07 1.90775e-07 1.01655e-09-2.36644e-09 1.26749e-07 2.08816e-07
 1.49573e-07 2.91627e-08-1.79131e-08 3.05413e-08 7.83456e-08 5.39313e-08
-2.14885e-09-1.51612e-08 1.22200e-08 1.99532e-08-7.55070e-09-2.65635e-08
-1.55545e-08-5.01036e-09-1.50606e-08-2.39884e-08-1.66245e-08-9.97862e-09
-1.39373e-08-1.49181e-08-8.34285e-09-4.70246e-09-4.41066e-09-8.62529e-10
 3.36790e-09 4.77401e-09 5.82605e-09 7.02203e-09 6.75091e-09 5.63076e-09
 4.35608e-09 2.66982e-09 7.52062e-10-1.14179e-09-3.07330e-09-5.08383e-09
-7.16172e-09-9.28028e-09-1.13295e-08-1.31143e-08-1.43845e-08-1.48653e-08
-1.43118e-08-1.25861e-08-9.73640e-09-6.02321e-09-1.85944e-09 2.29011e-09
 5.99466e-09 8.92998e-09 1.09344e-08 1.19952e-08 1.21656e-08 1.14966e-08
 1.00190e-08 7.75304e-09 4.74554e-09 1.13953e-09-2.77384e-09-6.56581e-09
-9.72663e-09-1.17432e-08-1.22030e-08-1.09090e-08-7.94078e-09-3.60921e-09
 1.64264e-09 7.29052e-09 1.27310e-08 1.73293e-08 2.05222e-08 2.18873e-08
 2.11539e-08 1.82250e-08 1.32476e-08 6.67549e-09-7.56068e-10-8.14032e-09
-1.45217e-08-1.90173e-08-2.09826e-08-2.01911e-08-1.69185e-08-1.18646e-08
-5.97018e-09-2.42637e-10 4.35338e-09 7.00605e-09 7.23233e-09 5.04931e-09
 1.00517e-09-3.97363e-09-8.82970e-09-1.25785e-08-1.44196e-08-1.38305e-08
-1.07005e-08-5.42820e-09 1.12678e-09 7.83854e-09 1.35616e-08 1.73545e-08
 1.86539e-08 1.73715e-08 1.39029e-08 9.06591e-09 3.95257e-09-3.20626e-10
-2.89201e-09-3.35341e-09-1.82053e-09 1.11327e-09 4.51115e-09 7.29577e-09
 8.50361e-09 7.53534e-09 4.32465e-09-6.22379e-10-6.33745e-09-1.16362e-08
-1.54264e-08-1.69792e-08-1.60955e-08-1.31362e-08-8.92568e-09-4.55243e-09
-1.09668e-09 6.66117e-10 4.98872e-10-1.22203e-09-3.62653e-09-5.61576e-09
-6.18841e-09-4.74951e-09-1.30802e-09 3.52165e-09 8.71075e-09 1.31007e-08
 1.56939e-08 1.59270e-08 1.38638e-08 1.01858e-08 5.95763e-09 2.28265e-09
-1.80920e-11-6.37246e-10 1.26470e-10 1.47608e-09 2.41491e-09 2.11004e-09
 1.84353e-10-3.13727e-09-7.07552e-09-1.05427e-08-1.25043e-08-1.23213e-08
-9.95810e-09-5.99493e-09-1.43980e-09 2.60038e-09 5.27660e-09 6.26035e-09
 5.81731e-09 4.66307e-09 3.65294e-09 3.42318e-09 4.13318e-09 5.41343e-09
 6.52051e-09 6.62934e-09 5.16197e-09 2.03233e-09-2.28483e-09-6.87098e-09
-1.06299e-08-1.26380e-08-1.24488e-08-1.02098e-08-6.56511e-09-2.41267e-09
 1.40555e-09 4.39285e-09 6.53377e-09 8.18547e-09 9.78128e-09 1.15198e-08
 1.31913e-08 1.41931e-08 1.37256e-08 1.11247e-08 6.20952e-09-5.31073e-10
-8.01252e-09-1.48430e-08-1.97167e-08-2.17936e-08-2.09369e-08-1.76990e-08
-1.30483e-08-7.96813e-09-3.13833e-09 1.15808e-09 4.91270e-09 8.16108e-09
 1.07637e-08 1.23066e-08 1.22017e-08 9.98002e-09 5.64585e-09-1.22306e-10
-6.06731e-09-1.07094e-08-1.28026e-08-1.17289e-08-7.71579e-09-1.79605e-09
 4.51304e-09 9.72112e-09 1.28498e-08 1.36538e-08 1.24967e-08 1.00180e-08
 6.82275e-09 3.34209e-09-1.33342e-10-3.32935e-09-5.86951e-09-7.25174e-09
-6.97537e-09-4.79616e-09-9.95356e-10 3.51024e-09 7.34930e-09 9.14162e-09
 8.02655e-09 4.04360e-09-1.81641e-09-7.93617e-09-1.26379e-08-1.47469e-08
-1.39297e-08-1.06965e-08-6.11205e-09-1.37343e-09 2.56184e-09 5.16385e-09
 6.29930e-09 6.07260e-09 4.69086e-09 2.44649e-09-2.09753e-10-2.61456e-09
-3.95825e-09-3.51243e-09-9.65469e-10 3.30108e-09 8.19236e-09 1.22152e-08
 1.40251e-08 1.29641e-08 9.33834e-09 4.30588e-09-5.70862e-10-3.92272e-09
-5.07412e-09-4.22502e-09-2.24024e-09-1.95075e-10 1.05107e-09 1.07252e-09
-1.20877e-10-2.22095e-09-4.79773e-09-7.41018e-09-9.61163e-09-1.09322e-08
-1.09584e-08-9.52043e-09-6.87376e-09-3.73782e-09-1.10681e-09 1.49124e-10
-2.77935e-10-1.91537e-09-3.67235e-09-4.32015e-09-3.05861e-09 9.73679e-11
 4.29997e-09 8.23916e-09 1.07199e-08 1.11562e-08 9.74828e-09 7.29513e-09
 4.79232e-09 3.04795e-09 2.47423e-09 3.07139e-09 4.52174e-09 6.30226e-09
 7.77795e-09 8.30070e-09 7.35773e-09 4.77120e-09 8.71061e-10-3.49331e-09
-7.19543e-09-9.27593e-09-9.38434e-09-7.96793e-09-6.06850e-09-4.80819e-09
-4.84079e-09-6.06664e-09-7.74458e-09-8.91364e-09-8.88855e-09-7.57026e-09
-5.42346e-09-3.16919e-09-1.39959e-09-3.33537e-10 1.92122e-10 5.58170e-10
 1.16951e-09 2.33571e-09 4.21712e-09 6.76951e-09 9.67602e-09 1.23445e-08
 1.40506e-08 1.42168e-08 1.27129e-08 1.00122e-08 7.07175e-09 4.93116e-09
 4.20603e-09 4.75612e-09 5.74511e-09 6.08495e-09 5.01246e-09 2.45355e-09
-1.02090e-09-4.56519e-09-7.48895e-09-9.50982e-09-1.07488e-08-1.15355e-08
-1.21660e-08-1.27505e-08-1.32019e-08-1.33200e-08-1.28837e-08-1.17128e-08
-9.72067e-09-6.98663e-09-3.82028e-09-7.20288e-10 1.83376e-09 3.66329e-09
 5.01889e-09 6.39012e-09 8.07164e-09 9.77186e-09 1.05701e-08 9.35288e-09
 5.59015e-09 1.53502e-09
     0.0000e+00     0.0000e+00      0  0  0.00
     512   1.00000  0.0000e+00
 1.17521e-09 8.56620e-10 4.52470e-10 5.75555e-11-2.23648e-10-3.21572e-10
-2.34280e-10-2.97326e-11 1.84481e-10 3.07510e-10 2.81616e-10 1.00554e-10
-2.07921e-10-6.07733e-10-1.06840e-09-1.55902e-09-2.03370e-09-2.42980e-09
-2.68744e-09-2.77649e-09-2.70894e-09-2.52865e-09-2.29055e-09-2.04633e-09
-1.84301e-09-1.72566e-09-1.72940e-09-1.85565e-09-2.04871e-09-2.19801e-09
-2.17781e-09-1.90911e-09-1.40740e-09-7.80990e-10-1.74627e-10 3.06867e-10
 6.44144e-10 8.91269e-10 1.12329e-09 1.38686e-09 1.68648e-09 2.00489e-09
 2.32856e-09 2.64728e-09 2.92377e-09 3.06036e-09 2.90066e-09 2.29086e-09
 1.19892e-09-1.45759e-10-1.15893e-09-9.28637e-10 1.58360e-09 7.15507e-09
 1.57740e-08 2.61394e-08 3.55591e-08 4.06120e-08 3.84512e-08 2.80724e-08
 1.08911e-08-9.57622e-09-2.87554e-08-4.24163e-08-4.79609e-08-4.51566e-08
-3.60530e-08-2.40939e-08-1.27523e-08-4.31859e-09 5.41325e-10 2.38031e-09
 2.21882e-09 9.56126e-10-8.87630e-10-3.13032e-09-5.69030e-09-8.32377e-09
-1.05103e-08-1.15593e-08-1.08822e-08-8.28373e-09-4.11708e-09 7.80458e-10
 5.35912e-09 8.74581e-09 1.06090e-08 1.13442e-08 1.19893e-08 1.38844e-08
 1.81645e-08 2.52018e-08 3.41550e-08 4.28925e-08 4.86054e-08 4.89804e-08
 4.31970e-08 3.21253e-08 1.78214e-08 2.91226e-09-9.74059e-09-1.72583e-08
-1.70578e-08-7.18022e-09 1.33791e-08 4.40095e-08 8.10556e-08 1.15551e-07
 1.31089e-07 1.04124e-07 9.22704e-09-1.69775e-07-4.24623e-07-7.07632e-07
-9.24705e-07-9.53125e-07-6.99683e-07-1.76057e-07 4.77740e-07 1.06048e-06
 1.41235e-06 1.46956e-06 1.24545e-06 7.82001e-07 1.44568e-07-5.40533e-07
-1.08286e-06-1.29336e-06-1.08130e-06-5.22862e-07 1.46911e-07 6.32871e-07
 7.31152e-07 4.44287e-07-1.86191e-08-3.68604e-07-4.22251e-07-2.16001e-07
 4.39520e-08 1.57213e-07 8.52784e-08-4.37629e-08-8.12342e-08-6.43693e-09
 7.46324e-08 6.74540e-08-3.68407e-09-4.27577e-08-1.11345e-08 3.34929e-08
 2.98948e-08-3.43513e-09-1.01849e-08 1.40264e-08 2.50743e-08 8.29507e-09
-3.99427e-09 5.25270e-09 1.28780e-08 4.34367e-09-2.71879e-09 2.15307e-09
 5.00091e-09 1.14234e-10-1.31885e-09 2.17471e-09 2.40245e-09 6.53051e-10
 1.23392e-09 1.33327e-09-4.11954e-10-1.58231e-09-2.15340e-09-2.91495e-09
-3.28945e-09-3.25189e-09-3.21981e-09-3.16495e-09-3.01059e-09-2.76179e-09
-2.39627e-09-1.95137e-09-1.49686e-09-1.02516e-09-4.26330e-10 4.43085e-10
 1.62970e-09 2.98216e-09 4.16090e-09 4.76977e-09 4.55655e-09 3.56545e-09
 2.14131e-09 7.69734e-10-1.68603e-10-5.90607e-10-7.41647e-10-1.04622e-09
-1.86275e-09-3.28174e-09-5.06466e-09-6.72846e-09-7.71573e-09-7.58432e-09
-6.16297e-09-3.62348e-09-4.41389e-10 2.74083e-09 5.30093e-09 6.81960e-09
 7.19803e-09 6.65207e-09 5.57106e-09 4.31312e-09 3.06042e-09 1.81614e-09
 5.15778e-10-8.48864e-10-2.17175e-09-3.25177e-09-3.86534e-09-3.85444e-09
-3.18105e-09-1.92421e-09-2.49671e-10 1.60313e-09 3.31893e-09 4.53957e-09
 4.96091e-09 4.44525e-09 3.06336e-09 1.04194e-09-1.32044e-09-3.69613e-09
-5.72734e-09-7.04316e-09-7.33928e-09-6.48865e-09-4.61106e-09-2.05400e-09
 7.07615e-10 3.19076e-09 4.97580e-09 5.73626e-09 5.29627e-09 3.73463e-09
 1.44837e-09-9.22267e-10-2.70085e-09-3.40286e-09-2.86331e-09-1.22633e-09
 1.14044e-09 3.72682e-09 5.94590e-09 7.22828e-09 7.16510e-09 5.66039e-09
 3.01524e-09-1.26843e-10-2.97886e-09-4.86742e-09-5.42557e-09-4.65286e-09
-2.86123e-09-5.71736e-10 1.59306e-09 3.02704e-09 3.28693e-09 2.23854e-09
 1.31651e-10-2.44957e-09-4.75613e-09-6.11177e-09-6.13633e-09-4.86712e-09
-2.72839e-09-3.70236e-10 1.54681e-09 2.54102e-09 2.42147e-09 1.31155e-09
-3.94904e-10-2.12344e-09-3.25458e-09-3.30085e-09-2.08575e-09 1.46178e-10
 2.75946e-09 4.92512e-09 5.92958e-09 5.46002e-09 3.72061e-09 1.32530e-09
-9.63177e-10-2.51661e-09-3.02867e-09-2.55317e-09-1.42844e-09-1.54824e-10
 7.42850e-10 8.55995e-10 1.76547e-11-1.61314e-09-3.54975e-09-5.09897e-09
-5.59120e-09-4.64439e-09-2.35579e-09 6.81599e-10 3.57614e-09 5.47473e-09
 5.89406e-09 4.90372e-09 3.08110e-09 1.25869e-09 1.77739e-10 1.90450e-10
 1.11990e-09 2.33075e-09 2.99405e-09 2.44829e-09 5.07660e-10-2.41677e-09
-5.44644e-09-7.57724e-09-8.09069e-09-6.84064e-09-4.28192e-09-1.24690e-09
 1.40105e-09 3.07682e-09 3.63616e-09 3.35329e-09 2.74085e-09 2.29662e-09
 2.28525e-09 2.63663e-09 2.98953e-09 2.85905e-09 1.87113e-09-2.07857e-11
-2.44087e-09-4.69067e-09-6.01557e-09-5.91093e-09-4.32472e-09-1.67670e-09
 1.30062e-09 3.82884e-09 5.35141e-09 5.69215e-09 5.04326e-09 3.81243e-09
 2.42642e-09 1.18250e-09 1.86237e-10-6.26732e-10-1.39478e-09-2.18110e-09
-2.84173e-09-3.01975e-09-2.31790e-09-5.66020e-10 1.99206e-09 4.72347e-09
 6.83516e-09 7.67884e-09 6.98189e-09 4.92293e-09 2.05549e-09-8.78600e-10
-3.19196e-09-4.47131e-09-4.68538e-09-4.13142e-09-3.24697e-09-2.38994e-09
-1.71424e-09-1.20336e-09-8.10564e-10-5.86159e-10-6.92655e-10-1.29265e-09
-2.38800e-09-3.72250e-09-4.81699e-09-5.13392e-09-4.30880e-09-2.34857e-09
 3.06246e-10 2.91232e-09 4.70788e-09 5.21942e-09 4.44393e-09 2.82695e-09
 1.05718e-09-2.17778e-10-6.25321e-10-1.60131e-10 8.83821e-10 2.08339e-09
 3.05879e-09 3.56881e-09 3.51104e-09 2.87063e-09 1.68332e-09 4.91935e-11
-1.81897e-09-3.56902e-09-4.75989e-09-5.00027e-09-4.12708e-09-2.33835e-09
-1.95922e-10 1.54075e-09 2.20424e-09 1.50626e-09-3.21828e-10-2.61027e-09
-4.51830e-09-5.36457e-09-4.87323e-09-3.23673e-09-9.88035e-10 1.24047e-09
 2.95065e-09 3.90101e-09 4.08799e-09 3.64459e-09 2.75240e-09 1.61949e-09
 4.99568e-10-3.10761e-10-5.42866e-10-8.03310e-11 9.39775e-10 2.13012e-09
 2.99136e-09 3.14182e-09 2.52270e-09 1.44477e-09 4.26059e-10-9.60658e-11
-1.47936e-11 3.82945e-10 5.87180e-10 1.70557e-10-9.56335e-10-2.48209e-09
-3.84646e-09-4.51575e-09-4.22929e-09-3.09100e-09-1.48169e-09 1.26810e-10
 1.33597e-09 1.89143e-09 1.67895e-09 7.15850e-10-8.17583e-10-2.53467e-09
-3.87107e-09-4.24748e-09-3.32462e-09-1.21270e-09 1.50533e-09 3.98433e-09
 5.47728e-09 5.66336e-09 4.76084e-09 3.35761e-09 2.06455e-09 1.20711e-09
 7.33695e-10 3.68799e-10-1.17594e-10-7.17939e-10-1.19368e-09-1.24862e-09
-7.34016e-10 2.40677e-10 1.34064e-09 2.14616e-09 2.31224e-09 1.66689e-09
 2.30410e-10-1.80142e-09-4.06824e-09-6.06625e-09-7.23543e-09-7.13605e-09
-5.65740e-09-3.13581e-09-2.74208e-10 2.12841e-09 3.50077e-09 3.70707e-09
 3.04298e-09 2.03867e-09 1.18436e-09 7.27905e-10 6.40065e-10 7.30472e-10
 8.06178e-10 7.66789e-10 6.05525e-10 3.57716e-10 6.56114e-11-1.95394e-10
-2.45467e-10-9.31200e-11
     0.0000e+00     0.0000e+00      0  0  0.00
     512   1.00000  0.0000e+00
 2.62119e-09 2.86988e-09 3.02438e-09 3.06826e-09 3.00019e-09 2.83062e-09
 2.57610e-09 2.25519e-09 1.88491e-09 1.47431e-09 1.01819e-09 5.00030e-10
-9.31574e-11-7.54741e-10-1.45619e-09-2.16130e-09-2.84446e-09-3.49876e-09
-4.13075e-09-4.74787e-09-5.34749e-09-5.91331e-09-6.41848e-09-6.83205e-09
-7.12603e-09-7.28135e-09-7.28950e-09-7.14762e-09-6.85180e-09-6.39743e-09
-5.78909e-09-5.04855e-09-4.20871e-09-3.29632e-09-2.31974e-09-1.27313e-09
-1.50527e-10 1.04468e-09 2.29833e-09 3.58637e-09 4.87649e-09 6.13356e-09
 7.32772e-09 8.43856e-09 9.45254e-09 1.03577e-08 1.11426e-08 1.18009e-08
 1.23343e-08 1.27474e-08 1.30353e-08 1.31774e-08 1.31487e-08 1.29460e-08
 1.26156e-08 1.22586e-08 1.19972e-08 1.19016e-08 1.19207e-08 1.18707e-08
 1.15016e-08 1.06126e-08 9.15147e-09 7.24284e-09 5.12525e-09 3.03550e-09
 1.10264e-09-6.99067e-10-2.52333e-09-4.57579e-09-7.03827e-09-1.00256e-08
-1.35682e-08-1.75986e-08-2.19366e-08-2.62838e-08-3.02589e-08-3.34984e-08
-3.58195e-08-3.74110e-08-3.89968e-08-4.19019e-08-4.79277e-08-5.89341e-08
-7.60746e-08-9.87326e-08-1.23378e-07-1.42775e-07-1.46152e-07-1.20998e-07
-5.69256e-08 4.83557e-08 1.83167e-07 3.22748e-07 4.36846e-07 4.92638e-07
 4.58073e-07 3.20598e-07 1.04555e-07-1.34602e-07-3.30097e-07-4.26978e-07
-4.06897e-07-3.00091e-07-1.69391e-07-7.44435e-08-3.95304e-08-4.36952e-08
-4.05982e-08 3.23237e-09 8.14469e-08 1.54310e-07 1.80368e-07 1.44067e-07
 6.06311e-08-3.33653e-08-9.36676e-08-9.09103e-08-3.13649e-08 5.01284e-08
 1.21036e-07 1.72430e-07 2.14492e-07 2.56035e-07 2.85803e-07 2.77037e-07
 2.10518e-07 8.65153e-08-7.66439e-08-2.46255e-07-3.84774e-07-4.63926e-07
-4.73385e-07-4.20190e-07-3.21247e-07-1.92503e-07-4.56373e-08 1.01884e-07
 2.18051e-07 2.65327e-07 2.27708e-07 1.35478e-07 5.47459e-08 3.57714e-08
 6.69934e-08 9.07992e-08 7.05798e-08 2.83925e-08 5.79071e-09 7.78153e-09
 9.14612e-09-6.08927e-10-1.00208e-08-1.33952e-08-1.59229e-08-1.79263e-08
-1.65702e-08-1.46893e-08-1.42505e-08-1.26560e-08-1.01775e-08-8.99653e-09
-7.88095e-09-6.02357e-09-4.77567e-09-3.75988e-09-2.30365e-09-1.19502e-09
-2.80394e-10 8.18971e-10 1.56617e-09 2.11658e-09 2.71390e-09 3.06428e-09
 3.37874e-09 3.72006e-09 3.84700e-09 3.90081e-09 3.80409e-09 3.43476e-09
 2.96073e-09 2.34870e-09 1.62209e-09 8.71242e-10 4.63035e-11-7.64442e-10
-1.51991e-09-2.24774e-09-2.88967e-09-3.43405e-09-3.82217e-09-3.99311e-09
-3.95593e-09-3.71963e-09-3.34991e-09-2.91096e-09-2.43069e-09-1.91677e-09
-1.34847e-09-7.38631e-10-1.44005e-10 3.47384e-10 6.51751e-10 7.39172e-10
 6.39118e-10 4.29325e-10 2.00933e-10 2.89478e-11-4.55436e-11-1.88671e-11
 1.02299e-10 3.29962e-10 6.93546e-10 1.20757e-09 1.84959e-09 2.56244e-09
 3.25767e-09 3.82987e-09 4.19088e-09 4.28530e-09 4.08427e-09 3.59784e-09
 2.88232e-09 2.01076e-09 1.05760e-09 1.11201e-10-7.46556e-10-1.46437e-09
-1.99175e-09-2.27757e-09-2.32982e-09-2.21087e-09-1.97270e-09-1.66483e-09
-1.36896e-09-1.15831e-09-1.06723e-09-1.11647e-09-1.29265e-09-1.51474e-09
-1.69053e-09-1.76315e-09-1.67255e-09-1.35646e-09-8.05851e-10-6.51791e-11
 7.79842e-10 1.57615e-09 2.15246e-09 2.44294e-09 2.49641e-09 2.36467e-09
 2.06687e-09 1.64564e-09 1.18094e-09 7.68865e-10 4.99482e-10 3.88346e-10
 3.35402e-10 2.09964e-10-4.55280e-11-4.14163e-10-8.64567e-10-1.39909e-09
-2.04381e-09-2.77849e-09-3.48641e-09-3.99145e-09-4.16982e-09-4.03948e-09
-3.71412e-09-3.28654e-09-2.80042e-09-2.29008e-09-1.80793e-09-1.43564e-09
-1.23318e-09-1.14960e-09-1.03283e-09-7.37389e-10-2.21199e-10 4.29504e-10
 1.07748e-09 1.63356e-09 2.06115e-09 2.33994e-09 2.45789e-09 2.40915e-09
 2.22298e-09 2.00273e-09 1.87666e-09 1.90376e-09 2.05069e-09 2.22832e-09
 2.34088e-09 2.34136e-09 2.25195e-09 2.11886e-09 1.96179e-09 1.78568e-09
 1.62278e-09 1.52774e-09 1.53451e-09 1.64079e-09 1.80651e-09 1.94544e-09
 1.97232e-09 1.87006e-09 1.66180e-09 1.36495e-09 1.02549e-09 7.17007e-10
 4.79237e-10 3.26871e-10 2.75703e-10 2.97719e-10 3.25794e-10 3.24424e-10
 2.80143e-10 1.66687e-10-1.64854e-12-1.47686e-10-2.12449e-10-2.14774e-10
-2.45904e-10-4.40930e-10-9.03926e-10-1.61694e-09-2.44345e-09-3.23059e-09
-3.88868e-09-4.37774e-09-4.66777e-09-4.74425e-09-4.62827e-09-4.38073e-09
-4.08837e-09-3.79922e-09-3.46237e-09-2.98474e-09-2.34028e-09-1.59404e-09
-8.45065e-10-1.58002e-10 4.54647e-10 9.77504e-10 1.33515e-09 1.40334e-09
 1.08600e-09 3.99945e-10-5.31217e-10-1.57186e-09-2.62547e-09-3.60342e-09
-4.37563e-09-4.74222e-09-4.47837e-09-3.44920e-09-1.67982e-09 6.61599e-10
 3.31417e-09 5.97660e-09 8.33440e-09 1.00764e-08 1.09588e-08 1.08847e-08
 9.93313e-09 8.33657e-09 6.40379e-09 4.41332e-09 2.56318e-09 9.79458e-10
-2.76698e-10-1.19971e-09-1.82624e-09-2.23767e-09-2.54117e-09-2.81943e-09
-3.10203e-09-3.36631e-09-3.55145e-09-3.59373e-09-3.45704e-09-3.13840e-09
-2.67725e-09-2.16179e-09-1.70571e-09-1.41800e-09-1.37157e-09-1.56004e-09
-1.88242e-09-2.17439e-09-2.25706e-09-1.99685e-09-1.35796e-09-4.03452e-10
 7.39660e-10 1.91601e-09 2.98318e-09 3.84576e-09 4.46165e-09 4.83843e-09
 5.02257e-09 5.06869e-09 5.01342e-09 4.86900e-09 4.62275e-09 4.24602e-09
 3.70924e-09 2.98406e-09 2.04662e-09 8.97534e-10-4.22219e-10-1.83010e-09
-3.21010e-09-4.43689e-09-5.40965e-09-6.07541e-09-6.44045e-09-6.56672e-09
-6.54231e-09-6.44111e-09-6.29454e-09-6.08059e-09-5.73656e-09-5.19278e-09
-4.40070e-09-3.34262e-09-2.03494e-09-5.30264e-10 1.08450e-09 2.69713e-09
 4.19018e-09 5.46378e-09 6.44813e-09 7.11059e-09 7.46166e-09 7.54855e-09
 7.43406e-09 7.16798e-09 6.76127e-09 6.18286e-09 5.38845e-09 4.35968e-09
 3.12818e-09 1.77277e-09 3.88999e-10-9.49367e-10-2.21021e-09-3.40232e-09
-4.56148e-09-5.71971e-09-6.86666e-09-7.92825e-09-8.77833e-09-9.28211e-09
-9.34892e-09-8.95994e-09-8.16075e-09-7.03947e-09-5.70595e-09-4.27283e-09
-2.83928e-09-1.47835e-09-2.28638e-10 9.03280e-10 1.92933e-09 2.86835e-09
 3.74657e-09 4.60065e-09 5.46762e-09 6.36146e-09 7.25514e-09 8.08521e-09
 8.77363e-09 9.24487e-09 9.42914e-09 9.26823e-09 8.73618e-09 7.85758e-09
 6.70011e-09 5.34670e-09 3.87425e-09 2.35440e-09 8.66648e-10-4.96382e-10
-1.64425e-09-2.52006e-09-3.12475e-09-3.51706e-09-3.79849e-09-4.09878e-09
-4.55556e-09-5.27534e-09-6.28391e-09-7.49861e-09-8.74790e-09-9.82167e-09
-1.05043e-08-1.05735e-08-9.80258e-09-8.01098e-09-5.15288e-09-1.40021e-09
 2.81164e-09 6.79107e-09 9.67857e-09 1.06594e-08 9.31809e-09 6.07416e-09
 2.53684e-09 4.89256e-10
     0.0000e+00     0.0000e+00      0  0  0.00
     512   1.00000  0.0000e+00
-1.56961e-09-1.53257e-09-1.48197e-09-1.44693e-09-1.43537e-09-1.43268e-09
-1.41787e-09-1.37995e-09-1.31988e-09-1.23187e-09-1.07529e-09-7.64713e-10
-2.01817e-10 6.58762e-10 1.75099e-09 2.89376e-09 3.85703e-09 4.46417e-09
 4.67335e-09 4.59565e-09 4.44073e-09 4.41513e-09 4.62521e-09 5.03784e-09
 5.51381e-09 5.88163e-09 6.00549e-09 5.81947e-09 5.32275e-09 4.55017e-09
 3.54836e-09 2.37862e-09 1.13181e-09-7.99529e-11-1.16749e-09-2.11762e-09
-3.01242e-09-3.99179e-09-5.17331e-09-6.57057e-09-8.05760e-09-9.41010e-09
-1.04165e-08-1.10021e-08-1.12891e-08-1.15499e-08-1.20798e-08-1.30493e-08
-1.43814e-08-1.56834e-08-1.62478e-08-1.51347e-08-1.13566e-08-4.20834e-09
 6.24694e-09 1.86770e-08 3.03486e-08 3.77621e-08 3.79575e-08 2.98349e-08
 1.48056e-08-3.49240e-09-2.02977e-08-3.12573e-08-3.38308e-08-2.80307e-08
-1.62235e-08-2.08296e-09 1.08737e-08 2.04832e-08 2.62726e-08 2.89232e-08
 2.94304e-08 2.85026e-08 2.63534e-08 2.28303e-08 1.77791e-08 1.14747e-08
 4.89952e-09-3.02596e-10-2.24358e-09 5.14884e-10 8.19562e-09 1.92032e-08
 2.98803e-08 3.47614e-08 2.74089e-08 1.91624e-09-4.48310e-08-1.10184e-07
-1.82617e-07-2.39561e-07-2.49458e-07-1.85481e-07-4.85617e-08 1.22822e-07
 2.70085e-07 3.43970e-07 3.22947e-07 2.14017e-07 4.83107e-08-1.21693e-07
-2.34763e-07-2.48376e-07-1.65657e-07-4.07136e-08 4.91851e-08 5.43066e-08
-1.16068e-08-8.53647e-08-1.07948e-07-6.82080e-08-2.87383e-10 5.23336e-08
 6.59760e-08 4.50242e-08 2.35340e-08 5.79920e-08 1.97509e-07 4.38479e-07
 6.99875e-07 8.61492e-07 8.29116e-07 5.51139e-07 2.22259e-08-6.82211e-07
-1.39949e-06-1.91794e-06-2.02985e-06-1.60988e-06-7.00556e-07 4.60497e-07
 1.50178e-06 2.05035e-06 1.89917e-06 1.13208e-06 1.14255e-07-6.75432e-07
-9.02704e-07-5.80078e-07-5.30625e-08 2.57322e-07 1.78942e-07-1.00215e-07
-2.56329e-07-1.67390e-07 4.52906e-09 6.01796e-08-2.42984e-10-4.50894e-08
-2.28704e-08 8.56510e-09 1.30283e-08 1.32382e-08 1.91839e-08 1.73610e-08
 1.20151e-08 1.30914e-08 1.30657e-08 8.37737e-09 6.30818e-09 5.42647e-09
 1.83348e-09-4.34806e-10-1.02991e-09-2.92565e-09-4.03970e-09-3.94461e-09
-4.65964e-09-4.83803e-09-4.23311e-09-4.16866e-09-3.75994e-09-3.13894e-09
-3.06610e-09-2.74037e-09-2.33808e-09-2.10483e-09-1.50410e-09-9.40028e-10
-5.04725e-10 6.24892e-12 2.82186e-10 5.22398e-10 8.26850e-10 1.08709e-09
 1.46273e-09 1.79853e-09 2.03236e-09 2.23865e-09 2.35768e-09 2.46611e-09
 2.54547e-09 2.56717e-09 2.54019e-09 2.37891e-09 2.08914e-09 1.71926e-09
 1.33739e-09 9.81340e-10 6.02483e-10 1.69401e-10-3.31770e-10-8.83820e-10
-1.43432e-09-1.90995e-09-2.23802e-09-2.41357e-09-2.49983e-09-2.56510e-09
-2.62274e-09-2.63255e-09-2.55242e-09-2.37174e-09-2.10356e-09-1.77784e-09
-1.44771e-09-1.15560e-09-8.85352e-10-5.79874e-10-2.15527e-10 1.66944e-10
 5.21272e-10 8.47145e-10 1.17169e-09 1.52634e-09 1.93226e-09 2.36612e-09
 2.75587e-09 3.03043e-09 3.16269e-09 3.15965e-09 3.03247e-09 2.79401e-09
 2.46553e-09 2.07314e-09 1.64311e-09 1.18310e-09 6.83840e-10 1.75173e-10
-2.62306e-10-5.87402e-10-8.65530e-10-1.20467e-09-1.62864e-09-2.02992e-09
-2.25394e-09-2.25012e-09-2.14747e-09-2.12642e-09-2.18807e-09-2.11326e-09
-1.68649e-09-9.29393e-10-9.55955e-11 5.76215e-10 1.11410e-09 1.78134e-09
 2.75021e-09 3.83113e-09 4.60365e-09 4.83920e-09 4.71685e-09 4.58745e-09
 4.58406e-09 4.48751e-09 3.97564e-09 3.00763e-09 1.91022e-09 1.06045e-09
 5.17850e-10-1.04573e-11-8.27382e-10-1.89221e-09-2.86118e-09-3.45799e-09
-3.74790e-09-4.04029e-09-4.53947e-09-5.12625e-09-5.50259e-09-5.50992e-09
-5.27736e-09-5.08071e-09-5.06218e-09-5.09187e-09-4.92431e-09-4.46344e-09
-3.83593e-09-3.23891e-09-2.74905e-09-2.26364e-09-1.62794e-09-8.19130e-10
 2.14618e-11 7.23657e-10 1.23185e-09 1.63525e-09 2.07065e-09 2.59048e-09
 3.11931e-09 3.52724e-09 3.74782e-09 3.82892e-09 3.86262e-09 3.87547e-09
 3.79753e-09 3.53110e-09 3.05019e-09 2.43811e-09 1.81046e-09 1.19395e-09
 5.11661e-10-3.05155e-10-1.21978e-09-2.09956e-09-2.81564e-09-3.35095e-09
-3.78615e-09-4.15571e-09-4.36433e-09-4.28426e-09-3.91002e-09-3.39060e-09
-2.91191e-09-2.54909e-09-2.23863e-09-1.91242e-09-1.64143e-09-1.58749e-09
-1.79129e-09-2.05053e-09-2.04866e-09-1.60877e-09-8.13094e-10 1.29895e-10
 1.12177e-09 2.24369e-09 3.56238e-09 4.87886e-09 5.74015e-09 5.76444e-09
 4.94965e-09 3.66043e-09 2.34702e-09 1.28471e-09 5.88713e-10 4.56851e-10
 1.27441e-09 3.35932e-09 6.57782e-09 1.02225e-08 1.32944e-08 1.49537e-08
 1.47572e-08 1.25831e-08 8.48654e-09 2.72317e-09-4.07470e-09-1.08015e-08
-1.60993e-08-1.88261e-08-1.84473e-08-1.51455e-08-9.67394e-09-3.10257e-09
 3.37841e-09 8.58086e-09 1.14993e-08 1.15875e-08 8.99724e-09 4.60303e-09
-2.62803e-10-4.26022e-09-6.44343e-09-6.46419e-09-4.57656e-09-1.50616e-09
 1.75351e-09 4.19024e-09 5.05603e-09 4.11094e-09 1.71788e-09-1.26085e-09
-3.74982e-09-4.85019e-09-4.16786e-09-1.93752e-09 1.07634e-09 3.84310e-09
 5.39882e-09 5.13820e-09 3.00151e-09-4.82329e-10-4.33962e-09-7.45946e-09
-8.95979e-09-8.49200e-09-6.36966e-09-3.45072e-09-8.13823e-10 6.38863e-10
 4.99654e-10-1.02047e-09-3.18919e-09-5.02319e-09-5.64819e-09-4.62959e-09
-2.14189e-09 1.09030e-09 4.05978e-09 5.86157e-09 6.04220e-09 4.76778e-09
 2.75216e-09 9.70263e-10 2.59541e-10 9.83310e-10 2.89703e-09 5.25170e-09
 7.09464e-09 7.66007e-09 6.67993e-09 4.48440e-09 1.86244e-09-2.64731e-10
-1.22835e-09-8.87231e-10 3.20810e-10 1.56922e-09 2.00295e-09 1.11781e-09
-1.01505e-09-3.78132e-09-6.29159e-09-7.76227e-09-7.84423e-09-6.76198e-09
-5.20267e-09-3.99463e-09-3.71741e-09-4.43181e-09-5.65690e-09-6.59505e-09
-6.50507e-09-5.06176e-09-2.52449e-09 3.78517e-10 2.78921e-09 4.11105e-09
 4.27318e-09 3.74980e-09 3.32134e-09 3.68228e-09 5.08305e-09 7.19240e-09
 9.25793e-09 1.04757e-08 1.03730e-08 9.02295e-09 6.99331e-09 5.05408e-09
 3.78379e-09 3.27858e-09 3.12068e-09 2.62249e-09 1.21245e-09-1.23411e-09
-4.28258e-09-7.11507e-09-8.92149e-09-9.29792e-09-8.43204e-09-6.98537e-09
-5.75260e-09-5.27992e-09-5.62697e-09-6.38232e-09-6.92230e-09-6.77616e-09
-5.88597e-09-4.59950e-09-3.40198e-09-2.56229e-09-1.91333e-09-8.99945e-10
 1.11242e-09 4.41517e-09 8.66135e-09 1.28937e-08 1.58980e-08 1.66936e-08
 1.49266e-08 1.10006e-08 5.89227e-09 7.39240e-10-3.58240e-09-6.66874e-09
-8.51902e-09-9.30290e-09-9.15662e-09-8.13975e-09-6.34588e-09-4.04336e-09
-1.69656e-09 2.06344e-10 1.44045e-09 2.20890e-09 2.92470e-09 3.56142e-09
 2.85870e-09 9.57131e-10
     0.0000e+00     0.0000e+00      0  0  0.00
     512   1.00000  0.0000e+00
-6.45953e-09-7.49197e-09-8.22780e-09-8.49866e-09-8.23101e-09-7.48113e-09
-6.41919e-09-5.26487e-09-4.19753e-09-3.27684e-09-2.41319e-09-1.41330e-09
-8.63205e-11 1.65001e-09 3.72970e-09 5.98469e-09 8.23274e-09 1.03411e-08
 1.22335e-08 1.38601e-08 1.51731e-08 1.61326e-08 1.67303e-08 1.70071e-08
 1.70494e-08 1.69575e-08 1.67868e-08 1.64887e-08 1.59000e-08 1.48123e-08
 1.30904e-08 1.07610e-08 8.00816e-09 5.07866e-09 2.16527e-09-6.57714e-10
-3.42282e-09-6.21217e-09-9.09665e-09-1.20959e-08-1.51678e-08-1.82225e-08
-2.11470e-08-2.38220e-08-2.61250e-08-2.79326e-08-2.91499e-08-2.97651e-08
-2.98841e-08-2.96876e-08-2.93196e-08-2.87845e-08-2.79292e-08-2.65261e-08
-2.44162e-08-2.16538e-08-1.85576e-08-1.55808e-08-1.30385e-08-1.08879e-08
-8.73437e-09-6.05201e-09-2.46685e-09 2.06150e-09 7.23662e-09 1.25713e-08
 1.75926e-08 2.20074e-08 2.57536e-08 2.89444e-08 3.18037e-08 3.46578e-08
 3.79097e-08 4.18974e-08 4.66596e-08 5.17465e-08 5.62190e-08 5.89056e-08
 5.88614e-08 5.58592e-08 5.07382e-08 4.55264e-08 4.33123e-08 4.78030e-08
 6.24235e-08 8.88354e-08 1.24957e-07 1.62941e-07 1.87961e-07 1.79010e-07
 1.12895e-07-2.77106e-08-2.43285e-07-5.08193e-07-7.66675e-07-9.36267e-07
-9.30527e-07-7.03982e-07-2.86745e-07 2.19192e-07 6.71948e-07 9.37826e-07
 9.47773e-07 7.34244e-07 4.17437e-07 1.41989e-07 1.81582e-09-3.04815e-09
 4.83219e-08 6.55442e-08 1.79881e-08-5.15553e-08-7.77142e-08-3.46986e-08
 4.18194e-08 7.48923e-08-8.10583e-09-2.19756e-07-4.90717e-07-7.04704e-07
-7.53112e-07-5.82492e-07-2.29434e-07 1.91742e-07 5.54364e-07 7.59324e-07
 7.30266e-07 4.38017e-07-5.57488e-08-5.96940e-07-9.79346e-07-1.01378e-06
-6.20575e-07 9.74960e-08 8.62299e-07 1.32589e-06 1.24808e-06 6.62538e-07
-1.02895e-07-6.12389e-07-6.15039e-07-2.32420e-07 1.43651e-07 1.99639e-07
-2.35976e-08-2.23331e-07-1.97775e-07-4.47185e-08 3.04179e-08-8.22636e-09
-4.72180e-08-3.25613e-08-1.13113e-08-9.34695e-09-4.04822e-09 6.44644e-09
 6.77747e-09 4.95467e-09 9.34310e-09 1.01381e-08 6.65823e-09 6.51267e-09
 6.03113e-09 2.94015e-09 2.11017e-09 1.89308e-09-5.57221e-13-6.80070e-10
-1.11888e-09-2.72794e-09-3.30628e-09-3.44332e-09-3.94489e-09-3.56366e-09
-3.19327e-09-3.22795e-09-2.84260e-09-2.64657e-09-2.41092e-09-1.68198e-09
-1.04177e-09-3.00357e-10 4.89552e-10 1.02044e-09 1.58309e-09 2.03239e-09
 2.40591e-09 2.94938e-09 3.54714e-09 4.23038e-09 4.82292e-09 5.10636e-09
 5.10579e-09 4.84605e-09 4.53790e-09 4.33074e-09 4.20563e-09 4.07026e-09
 3.73118e-09 3.10963e-09 2.26793e-09 1.37673e-09 6.13489e-10 8.31274e-12
-5.29082e-10-1.14402e-09-1.93703e-09-2.89396e-09-3.87589e-09-4.67756e-09
-5.15571e-09-5.31447e-09-5.28251e-09-5.21185e-09-5.20241e-09-5.27018e-09
-5.33880e-09-5.28470e-09-5.01210e-09-4.48296e-09-3.70422e-09-2.73869e-09
-1.71532e-09-7.66762e-10 4.54808e-11 7.33199e-10 1.35711e-09 1.99379e-09
 2.67102e-09 3.35911e-09 4.02884e-09 4.63926e-09 5.09741e-09 5.33266e-09
 5.36621e-09 5.23592e-09 4.93483e-09 4.46597e-09 3.86452e-09 3.16728e-09
 2.43793e-09 1.75164e-09 1.07938e-09 2.84694e-10-7.17123e-10-1.87186e-09
-3.02863e-09-4.00926e-09-4.71731e-09-5.22152e-09-5.65333e-09-6.02703e-09
-6.24254e-09-6.22937e-09-5.99730e-09-5.57488e-09-4.95061e-09-4.03816e-09
-2.71622e-09-9.77794e-10 9.95248e-10 2.95664e-09 4.75599e-09 6.37975e-09
 7.88230e-09 9.27579e-09 1.04666e-08 1.12955e-08 1.16558e-08 1.15730e-08
 1.11377e-08 1.03900e-08 9.31659e-09 7.92452e-09 6.30249e-09 4.63757e-09
 3.12510e-09 1.81237e-09 5.61372e-10-8.07333e-10-2.33231e-09-3.86240e-09
-5.17782e-09-6.15161e-09-6.80876e-09-7.25976e-09-7.57750e-09-7.72867e-09
-7.64173e-09-7.33815e-09-6.94617e-09-6.56522e-09-6.15784e-09-5.59491e-09
-4.79372e-09-3.83211e-09-2.94466e-09-2.36570e-09-2.14425e-09-2.13596e-09
-2.17409e-09-2.20774e-09-2.30211e-09-2.56427e-09-3.03712e-09-3.63744e-09
-4.23767e-09-4.77187e-09-5.19793e-09-5.42764e-09-5.35542e-09-4.89840e-09
-4.02586e-09-2.83510e-09-1.54692e-09-3.51368e-10 6.92956e-10 1.61593e-09
 2.48618e-09 3.35526e-09 4.14858e-09 4.66476e-09 4.74449e-09 4.39947e-09
 3.79302e-09 3.15601e-09 2.67211e-09 2.37447e-09 2.17909e-09 2.02982e-09
 1.96449e-09 2.05525e-09 2.35537e-09 2.90414e-09 3.71966e-09 4.76324e-09
 5.90934e-09 6.93331e-09 7.57941e-09 7.73419e-09 7.53041e-09 7.23690e-09
 7.05677e-09 7.03472e-09 7.12773e-09 7.33675e-09 7.75044e-09 8.45286e-09
 9.37011e-09 1.01896e-08 1.04586e-08 9.79434e-09 8.01616e-09 5.15104e-09
 1.39106e-09-2.95031e-09-7.45436e-09-1.15969e-08-1.48225e-08-1.67143e-08
-1.71512e-08-1.63475e-08-1.47589e-08-1.29234e-08-1.13244e-08-1.03051e-08
-1.00192e-08-1.04007e-08-1.11374e-08-1.16949e-08-1.14563e-08-9.94020e-09
-6.99425e-09-2.88098e-09 1.78499e-09 6.23109e-09 9.74952e-09 1.18544e-08
 1.23679e-08 1.14621e-08 9.63796e-09 7.60809e-09 6.08518e-09 5.53948e-09
 6.02895e-09 7.18505e-09 8.35784e-09 8.85415e-09 8.17873e-09 6.19792e-09
 3.17805e-09-3.03496e-10-3.53477e-09-5.87792e-09-6.96666e-09-6.84152e-09
-5.95233e-09-4.99732e-09-4.65931e-09-5.34666e-09-7.03476e-09-9.26850e-09
-1.13215e-08-1.24450e-08-1.21211e-08-1.02448e-08-7.17077e-09-3.59930e-09
-3.34135e-10 2.00846e-09 3.22480e-09 3.58022e-09 3.67181e-09 4.16684e-09
 5.52164e-09 7.78054e-09 1.05374e-08 1.30867e-08 1.47062e-08 1.49532e-08
 1.38464e-08 1.18495e-08 9.66433e-09 7.93521e-09 6.98684e-09 6.69848e-09
 6.56000e-09 5.88330e-09 4.09232e-09 9.90599e-10-3.11299e-09-7.50143e-09
-1.13296e-08-1.39456e-08-1.51170e-08-1.50817e-08-1.44103e-08-1.37384e-08
-1.34913e-08-1.37058e-08-1.40131e-08-1.38170e-08-1.26038e-08-1.02254e-08
-6.99870e-09-3.56734e-09-5.97773e-10 1.53220e-09 2.89976e-09 3.99328e-09
 5.47758e-09 7.85526e-09 1.11745e-08 1.49355e-08 1.82644e-08 2.02940e-08
 2.05610e-08 1.92029e-08 1.68566e-08 1.43335e-08 1.22473e-08 1.07750e-08
 9.64595e-09 8.33631e-09 6.37186e-09 3.60499e-09 3.15651e-10-2.94378e-09
-5.68119e-09-7.76241e-09-9.47675e-09-1.13338e-08-1.37244e-08-1.66445e-08
-1.96284e-08-2.19127e-08-2.27464e-08-2.17248e-08-1.90057e-08-1.52854e-08
-1.15102e-08-8.46125e-09-6.43375e-09-5.18177e-09-4.13788e-09-2.74895e-09
-7.19884e-10 1.93945e-09 5.01815e-09 8.26187e-09 1.15163e-08 1.47851e-08
 1.81307e-08 2.14499e-08 2.42823e-08 2.58323e-08 2.52600e-08 2.21023e-08
 1.65590e-08 9.46207e-09 1.95940e-09-4.88060e-09-1.03436e-08-1.41306e-08
-1.62109e-08-1.65675e-08-1.50290e-08-1.14025e-08-5.99764e-09-3.79160e-10
 2.11266e-09 1.02020e-09
     0.0000e+00     0.0000e+00      0  0  0.00
     512   1.00000  0.0000e+00
 2.71499e-09 3.04822e-09 3.36820e-09 3.65145e-09 3.85718e-09 3.93250e-09
 3.83409e-09 3.55251e-09 3.11769e-09 2.57842e-09 1.97102e-09 1.29935e-09
 5.36758e-10-3.54632e-10-1.39774e-09-2.57808e-09-3.83724e-09-5.08974e-09
-6.25514e-09-7.28341e-09-8.15533e-09-8.86044e-09-9.37750e-09-9.67975e-09
-9.76003e-09-9.64740e-09-9.39395e-09-9.03889e-09-8.57836e-09-7.96360e-09
-7.12713e-09-6.01912e-09-4.63654e-09-3.03368e-09-1.30770e-09 4.38562e-10
 2.13601e-09 3.76134e-09 5.31222e-09 6.77202e-09 8.10112e-09 9.26227e-09
 1.02494e-08 1.10859e-08 1.17926e-08 1.23578e-08 1.27355e-08 1.28702e-08
 1.27247e-08 1.22971e-08 1.16220e-08 1.07598e-08 9.77230e-09 8.69554e-09
 7.52991e-09 6.26128e-09 4.89804e-09 3.49136e-09 2.12099e-09 8.64777e-10
-2.16732e-10-1.07429e-09-1.66587e-09-1.96898e-09-1.99326e-09-1.77116e-09
-1.33166e-09-6.81880e-10 1.91122e-10 1.30906e-09 2.69054e-09 4.33288e-09
 6.18403e-09 8.11798e-09 9.93267e-09 1.13758e-08 1.21914e-08 1.21856e-08
 1.13157e-08 9.78786e-09 8.10912e-09 7.02809e-09 7.31940e-09 9.41733e-09
 1.29531e-08 1.63116e-08 1.63868e-08 8.77051e-09-1.13983e-08-4.77687e-08
-1.00386e-07-1.62885e-07-2.21570e-07-2.60421e-07-2.66863e-07-2.30562e-07
-1.46980e-07-2.96634e-08 8.99959e-08 1.77361e-07 2.08074e-07 1.78051e-07
 1.06383e-07 2.73776e-08-2.37409e-08-2.73525e-08 1.07220e-08 6.63037e-08
 1.15433e-07 1.48209e-07 1.67780e-07 1.78318e-07 1.75957e-07 1.53536e-07
 1.16835e-07 9.62837e-08 1.31628e-07 2.27353e-07 3.25596e-07 3.47974e-07
 2.66832e-07 1.14057e-07-6.87659e-08-2.58866e-07-4.39650e-07-5.86614e-07
-6.72197e-07-6.78603e-07-6.05088e-07-4.67681e-07-2.93336e-07-1.11153e-07
 5.55851e-08 1.95331e-07 3.07394e-07 3.90552e-07 4.32331e-07 4.12066e-07
 3.19287e-07 1.76432e-07 4.12018e-08-2.69401e-08-1.48146e-08 2.90163e-08
 3.87743e-08-1.84564e-09-4.84929e-08-5.72565e-08-3.73415e-08-2.58402e-08
-3.16495e-08-3.51938e-08-2.88275e-08-2.27156e-08-1.96750e-08-1.44588e-08
-8.99941e-09-6.82796e-09-4.86876e-09-1.91352e-09-6.64496e-10-2.58945e-10
 8.90103e-10 1.28044e-09 1.06449e-09 1.48714e-09 1.59396e-09 1.27345e-09
 1.37076e-09 1.27080e-09 9.54902e-10 9.95852e-10 9.05451e-10 7.12985e-10
 7.49980e-10 6.90861e-10 6.85067e-10 8.07148e-10 7.15563e-10 5.21484e-10
 2.08002e-10-2.88034e-10-7.13747e-10-1.06825e-09-1.33997e-09-1.49123e-09
-1.64832e-09-1.76372e-09-1.83938e-09-1.94944e-09-2.08560e-09-2.25172e-09
-2.33785e-09-2.24560e-09-1.97667e-09-1.55429e-09-1.07085e-09-6.25821e-10
-2.94074e-10-6.94793e-11 1.62371e-10 5.02283e-10 9.65818e-10 1.48201e-09
 1.95241e-09 2.29508e-09 2.46573e-09 2.49936e-09 2.49659e-09 2.53736e-09
 2.60170e-09 2.60114e-09 2.47997e-09 2.25937e-09 1.99743e-09 1.72738e-09
 1.44285e-09 1.12830e-09 7.74778e-10 3.73699e-10-6.38974e-11-4.86541e-10
-8.41290e-10-1.12024e-09-1.33476e-09-1.48924e-09-1.62027e-09-1.79079e-09
-2.00854e-09-2.21385e-09-2.34545e-09-2.37047e-09-2.28598e-09-2.11962e-09
-1.90235e-09-1.66082e-09-1.44682e-09-1.29842e-09-1.16592e-09-9.69768e-10
-7.10262e-10-4.29668e-10-1.27805e-10 2.07923e-10 5.56025e-10 8.74782e-10
 1.11230e-09 1.23182e-09 1.26709e-09 1.30255e-09 1.37970e-09 1.46691e-09
 1.50690e-09 1.45156e-09 1.28437e-09 1.04045e-09 7.57566e-10 4.12779e-10
-2.09094e-11-4.92106e-10-9.12069e-10-1.23229e-09-1.47028e-09-1.69619e-09
-1.96654e-09-2.26581e-09-2.52389e-09-2.66968e-09-2.69198e-09-2.64918e-09
-2.58782e-09-2.49352e-09-2.33166e-09-2.09430e-09-1.81904e-09-1.54678e-09
-1.24182e-09-8.12070e-10-2.06814e-10 5.44352e-10 1.35252e-09 2.12796e-09
 2.84369e-09 3.52370e-09 4.19354e-09 4.85463e-09 5.46898e-09 5.98809e-09
 6.39766e-09 6.69032e-09 6.82589e-09 6.74932e-09 6.42177e-09 5.84978e-09
 5.10167e-09 4.25688e-09 3.33879e-09 2.32534e-09 1.19150e-09-7.52376e-11
-1.44417e-09-2.81868e-09-4.09477e-09-5.22242e-09-6.17628e-09-6.92546e-09
-7.45285e-09-7.74633e-09-7.78751e-09-7.58076e-09-7.14383e-09-6.46268e-09
-5.50436e-09-4.27086e-09-2.81288e-09-1.21548e-09 4.06104e-10 1.94887e-09
 3.38807e-09 4.74659e-09 6.01108e-09 7.13257e-09 8.05200e-09 8.68187e-09
 8.93453e-09 8.78580e-09 8.27047e-09 7.45282e-09 6.42710e-09 5.28846e-09
 4.07656e-09 2.77743e-09 1.38777e-09-4.15922e-11-1.41694e-09-2.63712e-09
-3.65290e-09-4.51343e-09-5.31795e-09-6.12736e-09-6.93432e-09-7.67035e-09
-8.24263e-09-8.58578e-09-8.65165e-09-8.37929e-09-7.71882e-09-6.66349e-09
-5.27449e-09-3.68961e-09-2.07747e-09-6.05281e-10 5.52520e-10 1.23968e-09
 1.35527e-09 8.81154e-10-6.59667e-11-1.22924e-09-2.28774e-09-2.93807e-09
-2.95873e-09-2.23794e-09-7.59137e-10 1.38370e-09 3.95323e-09 6.59570e-09
 8.91840e-09 1.05810e-08 1.13654e-08 1.11874e-08 1.00816e-08 8.19793e-09
 5.78283e-09 3.12506e-09 4.94472e-10-1.90586e-09-3.96242e-09-5.63933e-09
-6.94558e-09-7.90733e-09-8.54831e-09-8.87318e-09-8.86801e-09-8.51300e-09
-7.79012e-09-6.69911e-09-5.27477e-09-3.58641e-09-1.73890e-09 1.32510e-10
 1.89195e-09 3.42971e-09 4.67818e-09 5.62635e-09 6.31443e-09 6.81024e-09
 7.18356e-09 7.47581e-09 7.68145e-09 7.76171e-09 7.67199e-09 7.38300e-09
 6.89271e-09 6.22169e-09 5.39714e-09 4.44037e-09 3.35975e-09 2.14908e-09
 7.98778e-10-6.81634e-10-2.24808e-09-3.82604e-09-5.33001e-09-6.68772e-09
-7.84955e-09-8.77435e-09-9.41425e-09-9.71620e-09-9.63847e-09-9.17380e-09
-8.36243e-09-7.28466e-09-6.04246e-09-4.73755e-09-3.44631e-09-2.20038e-09
-9.84337e-10 2.43166e-10 1.51042e-09 2.80608e-09 4.09017e-09 5.32546e-09
 6.49402e-09 7.58542e-09 8.56952e-09 9.37789e-09 9.91167e-09 1.00719e-08
 9.79186e-09 9.05989e-09 7.93011e-09 6.51328e-09 4.94560e-09 3.34610e-09
 1.78463e-09 2.85686e-10-1.13126e-09-2.41440e-09-3.48854e-09-4.30826e-09
-4.90905e-09-5.40973e-09-5.96077e-09-6.67249e-09-7.56083e-09-8.53011e-09
-9.39730e-09-9.95171e-09-1.00349e-08-9.60733e-09-8.75741e-09-7.63795e-09
-6.37646e-09-5.02556e-09-3.58391e-09-2.06054e-09-5.21457e-10 9.26474e-10
 2.20073e-09 3.30092e-09 4.31935e-09 5.40563e-09 6.70273e-09 8.27225e-09
 1.00357e-08 1.17681e-08 1.31658e-08 1.39639e-08 1.40327e-08 1.33930e-08
 1.21566e-08 1.04612e-08 8.44944e-09 6.28608e-09 4.16340e-09 2.26206e-09
 6.82526e-10-6.06119e-10-1.76821e-09-3.05436e-09-4.72135e-09-6.93652e-09
-9.68976e-09-1.27534e-08-1.57259e-08-1.81452e-08-1.96019e-08-1.97879e-08
-1.84905e-08-1.56016e-08-1.11904e-08-5.59562e-09 5.52436e-10 6.42602e-09
 1.11727e-08 1.40929e-08 1.47797e-08 1.32208e-08 9.87312e-09 5.70475e-09
 2.17634e-09 3.91870e-10
     0.0000e+00     0.0000e+00      0  0  0.00
     512   1.00000  0.0000e+00
 2.88851e-09 3.82991e-09 4.63576e-09 5.09668e-09 5.07436e-09 4.57525e-09
 3.76069e-09 2.87723e-09 2.14082e-09 1.64009e-09 1.30998e-09 9.81151e-10
 4.70051e-10-3.37496e-10-1.44477e-09-2.75705e-09-4.13399e-09-5.44512e-09
-6.59514e-09-7.51575e-09-8.14940e-09-8.45346e-09-8.42993e-09-8.15672e-09
-7.78446e-09-7.48014e-09-7.33858e-09-7.31678e-09-7.24062e-09-6.88640e-09
-6.09092e-09-4.83030e-09-3.23053e-09-1.50794e-09 1.30040e-10 1.57163e-09
 2.82655e-09 3.98319e-09 5.13756e-09 6.34613e-09 7.62028e-09 8.94104e-09
 1.02663e-08 1.15242e-08 1.26066e-08 1.33840e-08 1.37501e-08 1.36805e-08
 1.32661e-08 1.26835e-08 1.21067e-08 1.16057e-08 1.10925e-08 1.03515e-08
 9.14974e-09 7.38557e-09 5.18515e-09 2.86352e-09 7.62933e-10-9.15522e-10
-2.18195e-09-3.21380e-09-4.24798e-09-5.46664e-09-6.92159e-09-8.52873e-09
-1.01330e-08-1.15967e-08-1.28419e-08-1.38269e-08-1.45058e-08-1.48221e-08
-1.47189e-08-1.41414e-08-1.30489e-08-1.14633e-08-9.53727e-09-7.59697e-09
-6.11972e-09-5.63301e-09-6.54854e-09-8.96547e-09-1.24786e-08-1.60219e-08
-1.77984e-08-1.54023e-08-6.28483e-09 1.13177e-08 3.70139e-08 6.66922e-08
 9.13680e-08 9.71631e-08 6.90327e-08 2.26749e-09-8.63390e-08-1.63883e-07
-1.99970e-07-1.81305e-07-1.13087e-07-1.25896e-08 9.25751e-08 1.66724e-07
 1.81751e-07 1.36861e-07 6.28424e-08 3.26897e-09-1.47807e-08 3.09112e-09
 2.80405e-08 3.49084e-08 2.34658e-08 1.47536e-08 2.83823e-08 6.66478e-08
 1.20689e-07 1.85100e-07 2.54835e-07 3.06438e-07 3.02313e-07 2.16346e-07
 2.94037e-08-2.82016e-07-7.04322e-07-1.14427e-06-1.45265e-06-1.48016e-06
-1.12787e-06-3.95392e-07 5.84871e-07 1.55794e-06 2.21350e-06 2.29325e-06
 1.71349e-06 6.44264e-07-5.27606e-07-1.35114e-06-1.52380e-06-1.06316e-06
-3.10125e-07 2.69580e-07 3.84017e-07 1.08188e-07-2.07384e-07-2.60240e-07
-6.10369e-08 1.32630e-07 1.36496e-07 2.44208e-08-2.88462e-08 1.05996e-08
 4.79779e-08 3.88337e-08 2.37969e-08 2.32461e-08 1.67487e-08 4.90159e-09
 2.74233e-09 2.28289e-09-4.07467e-09-6.78368e-09-5.40419e-09-6.97113e-09
-7.51602e-09-4.95211e-09-4.17374e-09-3.48938e-09-9.19701e-10 3.38443e-10
 1.22721e-09 3.10883e-09 3.79817e-09 4.07300e-09 4.75606e-09 4.49815e-09
 4.19384e-09 4.19060e-09 3.68055e-09 3.41184e-09 3.14802e-09 2.38113e-09
 1.67205e-09 7.62970e-10-2.59365e-10-1.01601e-09-1.77991e-09-2.35227e-09
-2.74560e-09-3.17893e-09-3.48285e-09-3.70982e-09-3.77717e-09-3.63391e-09
-3.44123e-09-3.18441e-09-2.91582e-09-2.62870e-09-2.25923e-09-1.79140e-09
-1.16566e-09-4.40476e-10 2.77594e-10 9.09130e-10 1.42706e-09 1.87870e-09
 2.29133e-09 2.66851e-09 2.99182e-09 3.22625e-09 3.33980e-09 3.32363e-09
 3.21280e-09 3.05421e-09 2.85821e-09 2.58695e-09 2.20114e-09 1.70351e-09
 1.13307e-09 5.39378e-10-3.79534e-11-5.82460e-10-1.10580e-09-1.62612e-09
-2.13148e-09-2.57324e-09-2.89357e-09-3.06177e-09-3.10078e-09-3.07212e-09
-3.01410e-09-2.89997e-09-2.67346e-09-2.31095e-09-1.83307e-09-1.27927e-09
-6.81706e-10-5.04310e-11 6.07695e-10 1.26568e-09 1.90033e-09 2.51890e-09
 3.12602e-09 3.68016e-09 4.12272e-09 4.44048e-09 4.67083e-09 4.86619e-09
 5.04313e-09 5.12340e-09 4.97262e-09 4.55573e-09 4.00938e-09 3.50050e-09
 3.02972e-09 2.42515e-09 1.53806e-09 4.15108e-10-7.46433e-10-1.81397e-09
-2.86293e-09-4.08344e-09-5.54479e-09-7.06746e-09-8.35277e-09-9.24148e-09
-9.83194e-09-1.03215e-08-1.07202e-08-1.07920e-08-1.03243e-08-9.37619e-09
-8.21655e-09-7.06080e-09-5.90130e-09-4.59737e-09-3.10276e-09-1.56141e-09
-1.93582e-10 8.88040e-10 1.76831e-09 2.61582e-09 3.47186e-09 4.20927e-09
 4.68446e-09 4.88719e-09 4.94782e-09 4.98843e-09 5.00299e-09 4.91566e-09
 4.69751e-09 4.40548e-09 4.13588e-09 3.94532e-09 3.82050e-09 3.71764e-09
 3.61958e-09 3.56221e-09 3.61370e-09 3.81671e-09 4.14302e-09 4.52488e-09
 4.92896e-09 5.36662e-09 5.84062e-09 6.31750e-09 6.74254e-09 7.05866e-09
 7.22407e-09 7.21500e-09 7.00155e-09 6.53433e-09 5.76648e-09 4.69456e-09
 3.37807e-09 1.90838e-09 3.59391e-10-1.21968e-09-2.75480e-09-4.11549e-09
-5.17676e-09-5.90257e-09-6.32750e-09-6.46289e-09-6.25989e-09-5.67545e-09
-4.76454e-09-3.70778e-09-2.72269e-09-1.92296e-09-1.29992e-09-8.63594e-10
-7.54140e-10-1.16201e-09-2.14056e-09-3.51561e-09-4.98825e-09-6.33818e-09
-7.50306e-09-8.45270e-09-9.05246e-09-9.11023e-09-8.58726e-09-7.74549e-09
-7.03502e-09-6.82953e-09-7.25603e-09-8.22471e-09-9.57478e-09-1.11291e-08
-1.25778e-08-1.33731e-08-1.28271e-08-1.03889e-08-5.91909e-09 2.26927e-10
 7.33645e-09 1.45259e-08 2.08478e-08 2.53558e-08 2.72200e-08 2.59719e-08
 2.17705e-08 1.54477e-08 8.28511e-09 1.66700e-09-3.22904e-09-5.61308e-09
-5.18825e-09-2.24649e-09 2.32066e-09 7.20340e-09 1.10245e-08 1.27225e-08
 1.18261e-08 8.54132e-09 3.65906e-09-1.67143e-09-6.25368e-09-9.15960e-09
-9.96825e-09-8.86768e-09-6.58336e-09-4.13905e-09-2.51389e-09-2.31892e-09
-3.60141e-09-5.83353e-09-8.09576e-09-9.38627e-09-8.95972e-09-6.59870e-09
-2.70376e-09 1.83039e-09 5.89125e-09 8.49431e-09 9.09721e-09 7.77676e-09
 5.20190e-09 2.40115e-09 3.99092e-10-1.40006e-10 8.68096e-10 2.90878e-09
 5.06347e-09 6.35567e-09 6.11418e-09 4.22217e-09 1.16284e-09-2.15529e-09
-4.72978e-09-5.83608e-09-5.30195e-09-3.57301e-09-1.53161e-09-1.43201e-10
-7.83534e-11-1.44917e-09-3.76483e-09-6.13464e-09-7.63023e-09-7.65655e-09
-6.18839e-09-3.77640e-09-1.31748e-09 3.14424e-10 6.28935e-10-2.76534e-10
-1.76590e-09-2.94448e-09-3.04289e-09-1.74519e-09 6.76769e-10 3.47848e-09
 5.75536e-09 6.82160e-09 6.49800e-09 5.18438e-09 3.67316e-09 2.78458e-09
 2.99655e-09 4.23369e-09 5.90521e-09 7.17609e-09 7.35014e-09 6.19016e-09
 4.02688e-09 1.60615e-09-2.57321e-10-1.06196e-09-8.58316e-10-2.23547e-10
 2.96427e-11-7.32592e-10-2.64364e-09-5.26590e-09-7.79219e-09-9.41810e-09
-9.71746e-09-8.84186e-09-7.43688e-09-6.31004e-09-6.01777e-09-6.58463e-09
-7.49809e-09-7.97765e-09-7.37766e-09-5.51295e-09-2.73803e-09 2.51718e-10
 2.77980e-09 4.51489e-09 5.59961e-09 6.52230e-09 7.79686e-09 9.61578e-09
 1.16726e-08 1.32765e-08 1.37118e-08 1.26390e-08 1.03076e-08 7.47095e-09
 5.05539e-09 3.74625e-09 3.68552e-09 4.42523e-09 5.15678e-09 5.09126e-09
 3.78897e-09 1.28099e-09-2.05316e-09-5.75529e-09-9.52624e-09-1.32689e-08
-1.69090e-08-2.01385e-08-2.22921e-08-2.24805e-08-1.99440e-08-1.44688e-08
-6.65907e-09 2.10159e-09 1.00389e-08 1.55825e-08 1.78840e-08 1.70092e-08
 1.37490e-08 9.20928e-09 4.42454e-09 1.77158e-10-2.93923e-09-4.32819e-09
-3.27595e-09-1.02117e-09
     0.0000e+00     0.0000e+00      0  0  0.00
     512   1.00000  0.0000e+00
 3.12741e-12 3.18204e-10 5.70874e-10 6.80945e-10 6.38517e-10 5.10336e-10
 3.77002e-10 2.52142e-10 6.02582e-11-2.99111e-10-8.49430e-10-1.47809e-09
-1.96683e-09-2.09635e-09-1.76802e-09-1.07672e-09-2.87260e-10 2.87593e-10
 4.46739e-10 1.99675e-10-2.64937e-10-7.17856e-10-1.02463e-09-1.17328e-09
-1.19296e-09-1.06183e-09-7.00100e-10-5.19440e-11 8.23698e-10 1.73578e-09
 2.43612e-09 2.74256e-09 2.64128e-09 2.30917e-09 2.02977e-09 2.03482e-09
 2.36767e-09 2.87316e-09 3.33049e-09 3.62369e-09 3.80759e-09 4.02462e-09
 4.36686e-09 4.81665e-09 5.30458e-09 5.80221e-09 6.34325e-09 6.94469e-09
 7.48243e-09 7.59703e-09 6.69155e-09 4.07173e-09-7.51041e-10-7.65585e-09
-1.56012e-08-2.26913e-08-2.67578e-08-2.62163e-08-2.07382e-08-1.14472e-08
-6.31771e-10 8.89380e-09 1.46112e-08 1.50800e-08 1.03999e-08 2.12542e-09
-7.37854e-09-1.58688e-08-2.19804e-08-2.54579e-08-2.68860e-08-2.72089e-08
-2.72813e-08-2.75608e-08-2.79978e-08-2.81178e-08-2.72258e-08-2.46475e-08
-1.99655e-08-1.32340e-08-5.13260e-09 3.02158e-09 9.48363e-09 1.25569e-08
 1.13134e-08 6.44998e-09 1.05726e-09 9.65500e-10 1.42728e-08 4.96726e-08
 1.13356e-07 2.04571e-07 3.11394e-07 4.09716e-07 4.65239e-07 4.39690e-07
 3.09572e-07 8.92448e-08-1.68082e-07-3.90974e-07-5.13540e-07-5.00901e-07
-3.69043e-07-1.82458e-07-2.65377e-08 3.48706e-08-8.82719e-09-1.17457e-07
-2.31937e-07-3.09801e-07-3.37845e-07-3.15936e-07-2.36767e-07-9.32252e-08
 8.27561e-08 1.93683e-07 1.33087e-07-7.97070e-08-2.47328e-07-1.61470e-07
 1.77700e-07 5.72475e-07 8.20988e-07 8.33134e-07 6.10700e-07 2.07298e-07
-2.75482e-07-6.88186e-07-8.68383e-07-7.07432e-07-2.15193e-07 4.55476e-07
 1.04701e-06 1.29110e-06 1.03282e-06 3.39143e-07-4.89297e-07-1.05312e-06
-1.08267e-06-6.25165e-07-3.55562e-08 2.76337e-07 1.68206e-07-1.32089e-07
-2.72259e-07-1.39612e-07 6.39015e-08 1.14649e-07 3.22779e-08-1.97708e-08
 9.05664e-09 3.94954e-08 3.35749e-08 2.80787e-08 3.34111e-08 2.78763e-08
 1.86479e-08 1.98124e-08 1.91964e-08 1.21259e-08 9.78546e-09 9.43527e-09
 5.35619e-09 3.85224e-09 4.58183e-09 2.71600e-09 1.94684e-09 2.72064e-09
 1.77238e-09 1.54532e-09 2.24900e-09 1.76246e-09 1.91279e-09 2.45881e-09
 2.03182e-09 1.85055e-09 1.32144e-09 1.03027e-10-5.16179e-10-9.01415e-10
-9.48858e-10-4.12934e-10-2.03996e-10-2.15104e-10-4.00400e-10-9.12745e-10
-1.31706e-09-1.75620e-09-2.15426e-09-2.21808e-09-1.98519e-09-1.37665e-09
-6.97396e-10-3.10686e-10-3.25096e-10-7.38937e-10-1.19625e-09-1.32375e-09
-9.22279e-10-9.74255e-11 7.10442e-10 1.10253e-09 9.15380e-10 3.26655e-10
-2.57233e-10-4.54560e-10-1.25388e-10 5.01739e-10 1.00219e-09 1.07690e-09
 7.53291e-10 2.97951e-10-4.04340e-11-2.03157e-10-3.04024e-10-4.76950e-10
-7.41862e-10-9.93227e-10-1.10263e-09-1.02733e-09-8.40542e-10-6.82856e-10
-6.71608e-10-8.49427e-10-1.19346e-09-1.58910e-09-1.80420e-09-1.62914e-09
-1.08040e-09-3.86863e-10 2.06155e-10 5.56450e-10 6.35813e-10 5.30160e-10
 3.94979e-10 3.76218e-10 5.75051e-10 1.00236e-09 1.53356e-09 2.00126e-09
 2.32478e-09 2.48032e-09 2.42994e-09 2.17580e-09 1.82983e-09 1.58309e-09
 1.61103e-09 1.93877e-09 2.36567e-09 2.62330e-09 2.63466e-09 2.53742e-09
 2.49136e-09 2.56537e-09 2.76601e-09 3.08131e-09 3.50701e-09 4.03794e-09
 4.59041e-09 4.96980e-09 4.98330e-09 4.57031e-09 3.82794e-09 2.95150e-09
 2.11092e-09 1.33145e-09 4.97657e-10-5.19705e-10-1.72322e-09-2.96224e-09
-4.05244e-09-4.89071e-09-5.45064e-09-5.72643e-09-5.70175e-09-5.38693e-09
-4.90506e-09-4.48475e-09-4.32110e-09-4.43596e-09-4.64695e-09-4.70338e-09
-4.50119e-09-4.15614e-09-3.88891e-09-3.85212e-09-4.03772e-09-4.34500e-09
-4.69655e-09-5.04740e-09-5.33020e-09-5.42615e-09-5.20693e-09-4.66025e-09
-3.96315e-09-3.35776e-09-2.93118e-09-2.53035e-09-1.88700e-09-8.25803e-10
 6.00662e-10 2.14361e-09 3.55095e-09 4.72797e-09 5.69336e-09 6.46231e-09
 7.02210e-09 7.35592e-09 7.47380e-09 7.42373e-09 7.20866e-09 6.69890e-09
 5.71281e-09 4.19893e-09 2.30293e-09 2.89934e-10-1.56745e-09-3.10891e-09
-4.35686e-09-5.43283e-09-6.42919e-09-7.38069e-09-8.23522e-09-8.79830e-09
-8.82785e-09-8.24163e-09-7.20860e-09-6.07492e-09-5.18460e-09-4.65642e-09
-4.29402e-09-3.75959e-09-2.85662e-09-1.64442e-09-3.25998e-10 9.19822e-10
 2.03551e-09 3.08571e-09 4.15917e-09 5.25775e-09 6.27033e-09 7.01144e-09
 7.30069e-09 7.06567e-09 6.38937e-09 5.49466e-09 4.70535e-09 4.35716e-09
 4.68645e-09 5.76725e-09 7.49995e-09 9.64788e-09 1.18845e-08 1.38131e-08
 1.50248e-08 1.51987e-08 1.41511e-08 1.18601e-08 8.51371e-09 4.54044e-09
 5.63720e-10-2.76506e-09-4.98485e-09-5.94566e-09-5.80003e-09-4.92463e-09
-3.82241e-09-3.03310e-09-3.01238e-09-3.97045e-09-5.77277e-09-7.96862e-09
-9.92289e-09-1.10021e-08-1.07501e-08-9.01329e-09-6.00198e-09-2.26457e-09
 1.43676e-09 4.32373e-09 5.82293e-09 5.73180e-09 4.27960e-09 2.06392e-09
-1.47472e-10-1.68573e-09-2.20507e-09-1.77858e-09-8.36339e-10 9.62552e-12
 1.81731e-10-6.52839e-10-2.44505e-09-4.76613e-09-6.95155e-09-8.33017e-09
-8.44524e-09-7.19243e-09-4.85796e-09-2.05441e-09 4.49544e-10 1.96865e-09
 2.13443e-09 1.03847e-09-7.80717e-10-2.51540e-09-3.37218e-09-2.85640e-09
-9.51508e-10 1.86255e-09 4.76787e-09 6.91538e-09 7.76559e-09 7.30473e-09
 6.02072e-09 4.64006e-09 3.76636e-09 3.61019e-09 3.92542e-09 4.15403e-09
 3.70186e-09 2.23021e-09-1.56519e-10-2.90967e-09-5.23225e-09-6.40099e-09
-6.07364e-09-4.42769e-09-2.06985e-09 2.03403e-10 1.66565e-09 1.86381e-09
 7.38741e-10-1.35353e-09-3.74203e-09-5.66141e-09-6.52594e-09-6.13592e-09
-4.71565e-09-2.77381e-09-8.66086e-10 6.30215e-10 1.64311e-09 2.39476e-09
 3.24438e-09 4.42131e-09 5.77825e-09 6.75094e-09 6.61545e-09 4.92899e-09
 1.88823e-09-1.63484e-09-4.42409e-09-5.44471e-09-4.30290e-09-1.43156e-09
 2.07784e-09 4.92709e-09 6.16127e-09 5.56799e-09 3.70337e-09 1.51178e-09
-2.26128e-10-1.26475e-09-1.86926e-09-2.46246e-09-3.22502e-09-3.92714e-09
-4.07098e-09-3.21821e-09-1.30625e-09 1.20496e-09 3.44184e-09 4.46988e-09
 3.74411e-09 1.41226e-09-1.72675e-09-4.60098e-09-6.34862e-09-6.62035e-09
-5.57896e-09-3.69705e-09-1.53624e-09 3.95238e-10 1.72753e-09 2.29733e-09
 2.17467e-09 1.60249e-09 8.76390e-10 2.49841e-10-9.22297e-11-3.07033e-11
 4.64890e-10 1.30335e-09 2.29406e-09 3.23020e-09 3.94814e-09 4.29421e-09
 4.06061e-09 3.03805e-09 1.22558e-09-9.76827e-10-2.82978e-09-3.61820e-09
-3.09259e-09-1.66428e-09-1.97727e-10 4.83958e-10 1.06663e-10-7.94715e-10
-1.01833e-09-3.90100e-10
     0.0000e+00     0.0000e+00      0  0  0.00
     512   1.00000  0.0000e+00
 1.81370e-09 1.71876e-09 1.59433e-09 1.49935e-09 1.47289e-09 1.50820e-09
 1.54783e-09 1.50685e-09 1.31363e-09 9.44299e-10 4.32744e-10-1.45751e-10
-7.06385e-10-1.18667e-09-1.56520e-09-1.86092e-09-2.11583e-09-2.37425e-09
-2.67080e-09-3.02774e-09-3.45311e-09-3.93490e-09-4.43504e-09-4.88966e-09
-5.21917e-09-5.35028e-09-5.24521e-09-4.92224e-09-4.45032e-09-3.91736e-09
-3.39068e-09-2.88986e-09-2.38267e-09-1.80477e-09-1.09480e-09-2.27940e-10
 7.71083e-10 1.84151e-09 2.91307e-09 3.92607e-09 4.83928e-09 5.63229e-09
 6.30664e-09 6.88348e-09 7.39628e-09 7.87876e-09 8.34756e-09 8.78244e-09
 9.11734e-09 9.25727e-09 9.11870e-09 8.67237e-09 7.96790e-09 7.13078e-09
 6.32836e-09 5.70372e-09 5.29708e-09 5.00428e-09 4.61202e-09 3.89319e-09
 2.70526e-09 1.04953e-09-9.23188e-10-2.96342e-09-4.81822e-09-6.33089e-09
-7.49661e-09-8.45046e-09-9.40237e-09-1.05525e-08-1.20107e-08-1.37365e-08
-1.55266e-08-1.70714e-08-1.80567e-08-1.82627e-08-1.76258e-08-1.62639e-08
-1.44846e-08-1.28016e-08-1.19648e-08-1.29470e-08-1.67731e-08-2.40961e-08
-3.45353e-08-4.59408e-08-5.38815e-08-5.17631e-08-3.19926e-08 1.15172e-08
 7.96156e-08 1.63491e-07 2.42411e-07 2.90943e-07 2.93037e-07 2.44772e-07
 1.48045e-07 1.53332e-08-1.24154e-07-2.34349e-07-2.87592e-07-2.74987e-07
-2.13063e-07-1.39599e-07-9.32318e-08-9.06566e-08-1.17934e-07-1.40590e-07
-1.28403e-07-7.84079e-08-1.64361e-08 2.33000e-08 2.18376e-08-1.63200e-08
-7.17727e-08-1.20138e-07-1.34195e-07-9.00973e-08 1.64265e-08 1.66907e-07
 3.40609e-07 5.26785e-07 7.09082e-07 8.48064e-07 8.86819e-07 7.73344e-07
 4.84076e-07 4.20036e-08-4.76301e-07-9.52740e-07-1.25884e-06-1.29828e-06
-1.04890e-06-5.85022e-07-6.04169e-08 3.50138e-07 5.27712e-07 4.65888e-07
 2.70035e-07 9.02026e-08 2.63431e-08 7.17260e-08 1.38468e-07 1.45224e-07
 8.74921e-08 2.42864e-08 3.45615e-09 1.51547e-08 2.13164e-08 8.50689e-09
-7.49259e-09-1.47083e-08-1.71226e-08-1.89046e-08-1.81754e-08-1.52072e-08
-1.25652e-08-9.89462e-09-6.51219e-09-3.90671e-09-2.40794e-09-1.07033e-09
-1.53536e-10 2.04159e-10 6.90356e-10 1.16978e-09 1.31809e-09 1.41235e-09
 1.34501e-09 9.61012e-10 5.46275e-10 1.29636e-10-2.84461e-10-4.95823e-10
-5.91073e-10-6.47304e-10-6.01489e-10-5.39026e-10-4.69533e-10-3.63070e-10
-2.77225e-10-1.87753e-10-1.07467e-10-8.64833e-11-9.53589e-11-1.24525e-10
-1.54098e-10-1.64870e-10-1.84341e-10-2.22607e-10-3.02873e-10-4.47077e-10
-6.40813e-10-8.53013e-10-1.03495e-09-1.16422e-09-1.24988e-09-1.30544e-09
-1.34590e-09-1.37052e-09-1.36578e-09-1.31056e-09-1.18914e-09-1.01185e-09
-8.03370e-10-5.84373e-10-3.63661e-10-1.33322e-10 1.25749e-10 4.24999e-10
 7.55521e-10 1.09456e-09 1.41882e-09 1.70829e-09 1.94627e-09 2.12744e-09
 2.25419e-09 2.32586e-09 2.34711e-09 2.32933e-09 2.27589e-09 2.18442e-09
 2.04908e-09 1.84791e-09 1.56043e-09 1.19999e-09 7.93612e-10 3.52131e-10
-1.00979e-10-5.21139e-10-8.99953e-10-1.26871e-09-1.63138e-09-1.95789e-09
-2.22711e-09-2.42656e-09-2.55231e-09-2.63017e-09-2.67667e-09-2.65218e-09
-2.51280e-09-2.26785e-09-1.95562e-09-1.61791e-09-1.28644e-09-9.41476e-10
-5.29366e-10-6.04257e-11 3.79882e-10 7.47114e-10 1.08343e-09 1.42800e-09
 1.76192e-09 2.03896e-09 2.21491e-09 2.28484e-09 2.31240e-09 2.36172e-09
 2.40906e-09 2.37322e-09 2.20936e-09 1.94771e-09 1.65477e-09 1.35487e-09
 9.98629e-10 5.25664e-10-5.67958e-11-6.67741e-10-1.22839e-09-1.74365e-09
-2.27073e-09-2.81511e-09-3.31067e-09-3.67460e-09-3.85357e-09-3.85813e-09
-3.73802e-09-3.50780e-09-3.14294e-09-2.63076e-09-1.99702e-09-1.30754e-09
-6.16689e-10 8.44155e-11 8.16462e-10 1.55403e-09 2.24567e-09 2.83531e-09
 3.28560e-09 3.60540e-09 3.81059e-09 3.88331e-09 3.80619e-09 3.58909e-09
 3.25067e-09 2.81244e-09 2.29725e-09 1.71138e-09 1.05239e-09 3.46648e-10
-3.42741e-10-9.57870e-10-1.48222e-09-1.91855e-09-2.25402e-09-2.47199e-09
-2.55774e-09-2.48205e-09-2.23684e-09-1.85860e-09-1.36555e-09-7.44103e-10
-1.83217e-11 7.50026e-10 1.50248e-09 2.17071e-09 2.69883e-09 3.09345e-09
 3.36658e-09 3.46487e-09 3.32315e-09 2.92724e-09 2.30055e-09 1.49092e-09
 5.58674e-10-4.53622e-10-1.50476e-09-2.50552e-09-3.32863e-09-3.88210e-09
-4.15783e-09-4.19536e-09-4.01653e-09-3.61969e-09-3.02147e-09-2.30140e-09
-1.61847e-09-1.13676e-09-9.06265e-10-8.48409e-10-8.39701e-10-7.77435e-10
-5.89875e-10-2.02485e-10 4.81243e-10 1.51865e-09 2.83687e-09 4.20181e-09
 5.27936e-09 5.75751e-09 5.42369e-09 4.16213e-09 1.96832e-09-9.97999e-10
-4.37854e-09-7.62565e-09-1.01031e-08-1.12652e-08-1.07886e-08-8.62417e-09
-5.00980e-09-4.36448e-10 4.41108e-09 8.74160e-09 1.18236e-08 1.31670e-08
 1.26257e-08 1.04253e-08 7.10431e-09 3.36667e-09-6.87823e-11-2.60169e-09
-3.88892e-09-3.92003e-09-2.99131e-09-1.61242e-09-3.46550e-10 3.69795e-10
 3.32861e-10-3.98139e-10-1.52858e-09-2.63814e-09-3.32745e-09-3.34049e-09
-2.65810e-09-1.51637e-09-3.14798e-10 5.18809e-10 6.63297e-10 2.86496e-11
-1.20182e-09-2.63698e-09-3.79492e-09-4.25169e-09-3.78857e-09-2.45950e-09
-5.67597e-10 1.42510e-09 3.05136e-09 3.99660e-09 4.18714e-09 3.80142e-09
 3.19826e-09 2.76701e-09 2.77364e-09 3.26418e-09 4.04216e-09 4.74269e-09
 4.97894e-09 4.48555e-09 3.21958e-09 1.39192e-09-6.06122e-10-2.34931e-09
-3.52587e-09-4.04366e-09-4.05446e-09-3.87275e-09-3.83400e-09-4.15360e-09
-4.82955e-09-5.63869e-09-6.23416e-09-6.28758e-09-5.62292e-09-4.29899e-09
-2.59245e-09-8.85752e-10 4.81475e-10 1.34149e-09 1.75662e-09 1.97399e-09
 2.30355e-09 2.97555e-09 4.02832e-09 5.27931e-09 6.40191e-09 7.06619e-09
 7.07637e-09 6.45096e-09 5.40982e-09 4.27249e-09 3.31487e-09 2.64853e-09
 2.18098e-09 1.67839e-09 8.93370e-10-3.03414e-10-1.84132e-09-3.46146e-09
-4.82672e-09-5.67228e-09-5.91978e-09-5.70445e-09-5.30250e-09-4.99393e-09
-4.92886e-09-5.05779e-09-5.15838e-09-4.95396e-09-4.26337e-09-3.09713e-09
-1.65674e-09-2.47189e-10 8.58374e-10 1.53899e-09 1.86578e-09 2.03966e-09
 2.26695e-09 2.64517e-09 3.11871e-09 3.52213e-09 3.68662e-09 3.55532e-09
 3.24003e-09 2.97640e-09 2.99631e-09 3.38999e-09 4.03593e-09 4.63529e-09
 4.83315e-09 4.37368e-09 3.22256e-09 1.59494e-09-1.31352e-10-1.56845e-09
-2.45151e-09-2.69543e-09-2.37066e-09-1.62871e-09-6.27440e-10 4.91794e-10
 1.56236e-09 2.33420e-09 2.47214e-09 1.64384e-09-3.32119e-10-3.34314e-09
-6.91065e-09-1.02436e-08-1.24362e-08-1.27537e-08-1.08883e-08-7.08009e-09
-2.06806e-09 3.08994e-09 7.26638e-09 9.53153e-09 9.40721e-09 7.08523e-09
 3.58749e-09 8.64082e-10
     0.0000e+00     0.0000e+00      0  0  0.00
     512   1.00000  0.0000e+00
 5.94962e-11-8.84099e-11-2.57083e-10-4.27262e-10-5.81238e-10-7.05562e-10
-7.89500e-10-8.23723e-10-8.03054e-10-7.33378e-10-6.38688e-10-5.60696e-10
-5.44770e-10-6.14708e-10-7.50536e-10-8.86808e-10-9.36907e-10-8.31884e-10
-5.54201e-10-1.49015e-10 2.93466e-10 6.75297e-10 9.28132e-10 1.03258e-09
 1.01319e-09 9.17092e-10 7.91762e-10 6.72801e-10 5.83106e-10 5.37087e-10
 5.41016e-10 5.86167e-10 6.42498e-10 6.65358e-10 6.17979e-10 4.96510e-10
 3.39287e-10 2.12750e-10 1.81010e-10 2.74027e-10 4.69827e-10 7.00488e-10
 8.79506e-10 9.34934e-10 8.29867e-10 5.64076e-10 1.67963e-10-2.94025e-10
-7.05092e-10-8.76241e-10-5.50631e-10 5.42344e-10 2.57213e-09 5.44757e-09
 8.67784e-09 1.13761e-08 1.24965e-08 1.12332e-08 7.37586e-09 1.45016e-09
-5.40951e-09-1.17958e-08-1.64515e-08-1.86427e-08-1.83677e-08-1.63205e-08
-1.36025e-08-1.12823e-08-1.00185e-08-9.93378e-09-1.07379e-08-1.19461e-08
-1.30650e-08-1.37096e-08-1.36556e-08-1.28360e-08-1.13080e-08-9.22567e-09
-6.84423e-09-4.54105e-09-2.79744e-09-2.08417e-09-2.63681e-09-4.16033e-09
-5.54606e-09-4.72227e-09 1.21318e-09 1.54250e-08 4.02413e-08 7.55488e-08
 1.16989e-07 1.54429e-07 1.73316e-07 1.63084e-07 1.24565e-07 6.46842e-08
-7.83795e-09-7.66384e-08-1.20241e-07-1.24429e-07-9.00387e-08-3.36889e-08
 1.97129e-08 4.92502e-08 4.60959e-08 1.62829e-08-2.22590e-08-5.09534e-08
-6.31405e-08-6.62985e-08-7.29993e-08-9.04054e-08-1.17165e-07-1.47390e-07
-1.75259e-07-1.97888e-07-2.19226e-07-2.51378e-07-3.03615e-07-3.64583e-07
-3.98333e-07-3.59034e-07-2.10616e-07 5.73893e-08 4.19785e-07 8.14528e-07
 1.15218e-06 1.33496e-06 1.28437e-06 9.73441e-07 4.49697e-07-1.65948e-07
-7.10164e-07-1.03271e-06-1.05662e-06-8.15121e-07-4.41685e-07-1.07604e-07
 6.47473e-08 6.24691e-08-2.43518e-08-7.80251e-08-4.35438e-08 4.06540e-08
 9.69459e-08 9.14048e-08 5.72564e-08 4.13965e-08 4.94885e-08 5.58890e-08
 4.80097e-08 3.58161e-08 2.71926e-08 1.92270e-08 1.08384e-08 4.99708e-09
 1.08211e-09-2.75527e-09-5.15206e-09-5.58250e-09-5.64125e-09-5.34857e-09
-4.23841e-09-3.22652e-09-2.42896e-09-1.31383e-09-3.10549e-10 4.73952e-10
 1.37923e-09 2.09051e-09 2.50405e-09 2.82223e-09 2.87359e-09 2.73903e-09
 2.62728e-09 2.43272e-09 2.22941e-09 2.08390e-09 1.87016e-09 1.61446e-09
 1.31052e-09 9.48454e-10 6.28073e-10 3.23532e-10 1.92512e-11-2.41367e-10
-4.68564e-10-6.49355e-10-8.07521e-10-9.70587e-10-1.12283e-09-1.28757e-09
-1.47186e-09-1.64333e-09-1.75377e-09-1.77889e-09-1.76596e-09-1.76092e-09
-1.76246e-09-1.74386e-09-1.67881e-09-1.54509e-09-1.31073e-09-9.81219e-10
-6.30706e-10-3.42125e-10-1.32325e-10 4.65529e-11 2.40203e-10 4.61700e-10
 7.13695e-10 9.88919e-10 1.24836e-09 1.43953e-09 1.54383e-09 1.58938e-09
 1.60505e-09 1.57101e-09 1.44858e-09 1.24551e-09 1.00340e-09 7.40841e-10
 4.63346e-10 2.04985e-10-7.51652e-12-2.08875e-10-4.47377e-10-7.20191e-10
-9.95368e-10-1.24045e-09-1.42006e-09-1.50771e-09-1.49087e-09-1.37294e-09
-1.19251e-09-9.95807e-10-7.73784e-10-4.93820e-10-1.87934e-10 8.56025e-11
 3.44401e-10 6.43880e-10 9.84734e-10 1.32884e-09 1.63422e-09 1.84787e-09
 1.93804e-09 1.92961e-09 1.86283e-09 1.74036e-09 1.53525e-09 1.22775e-09
 8.32210e-10 3.98403e-10-3.95462e-11-5.16233e-10-1.07414e-09-1.66002e-09
-2.16762e-09-2.54805e-09-2.80975e-09-2.96951e-09-3.02668e-09-2.95184e-09
-2.72300e-09-2.35712e-09-1.88994e-09-1.35757e-09-7.69958e-10-1.06844e-10
 6.14998e-10 1.31787e-09 1.92152e-09 2.39108e-09 2.75378e-09 3.05531e-09
 3.28186e-09 3.38489e-09 3.35931e-09 3.23437e-09 3.02746e-09 2.72433e-09
 2.28880e-09 1.71625e-09 1.05561e-09 3.67196e-10-3.01350e-10-9.28003e-10
-1.52835e-09-2.11029e-09-2.63947e-09-3.08012e-09-3.42205e-09-3.66218e-09
-3.79113e-09-3.77843e-09-3.58360e-09-3.21801e-09-2.74849e-09-2.21865e-09
-1.62829e-09-9.80147e-10-2.85190e-10 4.46716e-10 1.18058e-09 1.86884e-09
 2.49326e-09 3.03874e-09 3.46163e-09 3.72948e-09 3.84792e-09 3.83782e-09
 3.71831e-09 3.49675e-09 3.15349e-09 2.65920e-09 2.02371e-09 1.29104e-09
 4.80515e-10-4.02554e-10-1.30584e-09-2.14849e-09-2.87444e-09-3.45337e-09
-3.87743e-09-4.15145e-09-4.23797e-09-4.05016e-09-3.54213e-09-2.77641e-09
-1.88718e-09-1.00163e-09-1.98141e-10 4.88156e-10 1.03128e-09 1.38791e-09
 1.53827e-09 1.55017e-09 1.54916e-09 1.64135e-09 1.88591e-09 2.28871e-09
 2.81643e-09 3.41795e-09 3.98037e-09 4.29240e-09 4.10301e-09 3.21624e-09
 1.58494e-09-6.44267e-10-3.19098e-09-5.70168e-09-7.75720e-09-8.92295e-09
-8.83843e-09-7.31388e-09-4.43716e-09-5.93629e-10 3.62276e-09 7.51284e-09
 1.03897e-08 1.17051e-08 1.11445e-08 8.72166e-09 4.83035e-09 1.68671e-10
-4.42430e-09-8.14953e-09-1.04138e-08-1.09311e-08-9.75721e-09-7.27977e-09
-4.12850e-09-1.00433e-09 1.49981e-09 3.03387e-09 3.55739e-09 3.31027e-09
 2.70374e-09 2.18120e-09 2.07754e-09 2.50972e-09 3.34584e-09 4.25470e-09
 4.81568e-09 4.67764e-09 3.69731e-09 1.98821e-09-1.06134e-10-2.10572e-09
-3.54613e-09-4.12298e-09-3.78494e-09-2.75551e-09-1.45431e-09-3.49008e-10
 1.93263e-10 2.22726e-11-7.45059e-10-1.77384e-09-2.63492e-09-2.95607e-09
-2.55732e-09-1.51602e-09-1.36118e-10 1.16002e-09 1.98486e-09 2.13089e-09
 1.64336e-09 7.94596e-10-2.10822e-11-4.38135e-10-2.63969e-10 4.48300e-10
 1.42562e-09 2.28496e-09 2.68975e-09 2.48488e-09 1.75152e-09 7.69503e-10
-9.96425e-11-5.67669e-10-5.39477e-10-1.46006e-10 3.15198e-10 5.09735e-10
 2.13786e-10-5.86773e-10-1.68241e-09-2.71662e-09-3.32832e-09-3.29776e-09
-2.63082e-09-1.55145e-09-4.08521e-10 4.66415e-10 8.88903e-10 8.82634e-10
 6.50754e-10 4.70306e-10 5.54312e-10 9.48552e-10 1.51139e-09 1.98212e-09
 2.10914e-09 1.78024e-09 1.08642e-09 2.83988e-10-3.24403e-10-5.32426e-10
-3.31171e-10 8.02639e-11 3.84967e-10 3.01568e-10-2.73107e-10-1.20535e-09
-2.18039e-09-2.84438e-09-2.96088e-09-2.50596e-09-1.66058e-09-7.08495e-10
 1.07434e-10 6.95206e-10 1.13119e-09 1.58139e-09 2.17620e-09 2.90668e-09
 3.59872e-09 3.98659e-09 3.84955e-09 3.13396e-09 1.99374e-09 7.29367e-10
-3.41786e-10-1.01738e-09-1.28209e-09-1.29086e-09-1.27464e-09-1.41617e-09
-1.76487e-09-2.23860e-09-2.70295e-09-3.07121e-09-3.36271e-09-3.68585e-09
-4.15236e-09-4.76894e-09-5.37059e-09-5.64122e-09-5.22047e-09-3.85097e-09
-1.50359e-09 1.57404e-09 4.91121e-09 7.94957e-09 1.01968e-08 1.13289e-08
 1.12122e-08 9.87218e-09 7.46072e-09 4.25137e-09 6.51565e-10-2.80330e-09
-5.51187e-09-6.94457e-09-6.83526e-09-5.34812e-09-3.11053e-09-1.04030e-09
 1.72964e-11 1.02816e-10
