      10
(6e12.5)
     0.0000e+00     0.0000e+00      0  0  0.00
     512   1.00000  0.0000e+00
 9.70576e-10 1.15713e-09 1.19809e-09 1.04877e-09 7.14060e-10 2.51835e-10
-2.46465e-10-6.86294e-10-9.96987e-10-1.14668e-09-1.14457e-09-1.03415e-09
-8.81328e-10-7.59326e-10-7.31031e-10-8.30508e-10-1.04811e-09-1.32647e-09
-1.57382e-09-1.69444e-09-1.62561e-09-1.36402e-09-9.67069e-10-5.26728e-10
-1.28591e-10 1.82512e-10 4.13931e-10 6.10570e-10 8.24262e-10 1.08380e-09
 1.38071e-09 1.67646e-09 1.92465e-09 2.09398e-09 2.17981e-09 2.20107e-09
 2.18810e-09 2.16997e-09 2.16540e-09 2.17671e-09 2.18493e-09 2.14952e-09
 2.01729e-09 1.74135e-09 1.30371e-09 7.31070e-10 9.37694e-11-5.15732e-10
-1.01831e-09-1.38131e-09-1.63119e-09-1.83696e-09-2.07266e-09-2.37984e-09
-2.75084e-09-3.13881e-09-3.48387e-09-3.73833e-09-3.87934e-09-3.90698e-09
-3.83304e-09-3.66871e-09-3.41791e-09-3.07828e-09-2.64634e-09-2.12270e-09
-1.51554e-09-8.43525e-10-1.38353e-10 5.56650e-10 1.19729e-09 1.75804e-09
 2.24899e-09 2.71541e-09 3.21472e-09 3.78212e-09 4.40430e-09 5.01694e-09
 5.52788e-09 5.85387e-09 5.95165e-09 5.82823e-09 5.52723e-09 5.10224e-09
 4.59382e-09 4.02253e-09 3.39700e-09 2.72520e-09 2.01828e-09 1.28651e-09
 5.34306e-10-2.41324e-10-1.04988e-09-1.90587e-09-2.82524e-09-3.81634e-09
-4.86607e-09-5.92806e-09-6.92243e-09-7.75198e-09-8.33025e-09-8.61021e-09
-8.60014e-09-8.35756e-09-7.96203e-09-7.48063e-09-6.94599e-09-6.35700e-09
-5.69529e-09-4.94167e-09-4.08193e-09-3.10359e-09-1.99303e-09-7.39293e-10
 6.56797e-10 2.17371e-09 3.76365e-09 5.35135e-09 6.83980e-09 8.12639e-09
 9.12687e-09 9.79794e-09 1.01478e-08 1.02286e-08 1.01123e-08 9.85769e-09
 9.48406e-09 8.96405e-09 8.23929e-09 7.24864e-09 5.95146e-09 4.33436e-09
 2.40646e-09 1.98457e-10-2.22562e-09-4.75355e-09-7.22681e-09-9.47276e-09
-1.13595e-08-1.28426e-08-1.39723e-08-1.48534e-08-1.55799e-08-1.61744e-08
-1.65561e-08-1.65525e-08-1.59483e-08-1.45502e-08-1.22356e-08-8.96643e-09
-4.77461e-09 2.59173e-10 6.01928e-09 1.23616e-08 1.91172e-08 2.60979e-08
 3.31113e-08 3.99923e-08 4.66444e-08 5.30709e-08 5.93744e-08 6.57180e-08
 7.22530e-08 7.90238e-08 8.58602e-08 9.22689e-08 9.73504e-08 9.97741e-08
 9.78479e-08 8.97007e-08 7.35860e-08 4.82987e-08 1.36693e-08-2.89675e-08
-7.65843e-08-1.24766e-07-1.68378e-07-2.02477e-07-2.23639e-07-2.31599e-07
-2.30407e-07-2.28480e-07-2.37317e-07-2.68908e-07-3.32189e-07-4.29374e-07
-5.53001e-07-6.84282e-07-7.93140e-07-8.40306e-07-7.81866e-07-5.76765e-07
-1.97495e-07 3.56675e-07 1.04619e-06 1.78337e-06 2.44112e-06 2.88414e-06
 3.00380e-06 2.72868e-06 2.02729e-06 9.43698e-07-3.62974e-07-1.64191e-06
-2.62897e-06-3.12401e-06-3.04044e-06-2.43081e-06-1.48676e-06-4.88840e-07
 2.93513e-07 7.00089e-07 7.30005e-07 5.24324e-07 2.81957e-07 1.49015e-07
 1.49393e-07 2.02374e-07 2.10371e-07 1.44039e-07 5.59536e-08 1.92109e-08
 5.43841e-08 1.15235e-07 1.42401e-07 1.23556e-07 9.49090e-08 8.94147e-08
 9.88296e-08 9.33920e-08 6.56781e-08 3.74190e-08 2.54726e-08 2.07693e-08
 8.34108e-09-8.34682e-09-1.67088e-08-1.71198e-08-1.95379e-08-2.51273e-08
-2.70644e-08-2.49520e-08-2.40950e-08-2.44911e-08-2.25541e-08-1.90674e-08
-1.64090e-08-1.36806e-08-1.00336e-08-6.73130e-09-4.22066e-09-2.01210e-09
-3.66881e-10 4.33883e-10 6.17039e-10 2.88921e-10-5.34666e-10-1.71802e-09
-3.15568e-09-4.79554e-09-6.56534e-09-8.36564e-09-1.00579e-08-1.14515e-08
-1.23207e-08-1.24373e-08-1.16107e-08-9.73245e-09-6.81663e-09-3.02287e-09
 1.35716e-09 5.94578e-09 1.03301e-08 1.41059e-08 1.69226e-08 1.85217e-08
 1.87466e-08 1.75346e-08 1.49153e-08 1.10147e-08 6.05516e-09 3.62116e-10
-5.62815e-09-1.13837e-08-1.63235e-08-1.98802e-08-2.15718e-08-2.10813e-08
-1.83276e-08-1.34958e-08-7.01168e-09 5.05771e-10 8.29007e-09 1.54915e-08
 2.12850e-08 2.49908e-08 2.61580e-08 2.46117e-08 2.04862e-08 1.42451e-08
 6.65502e-09-1.30872e-09-8.60089e-09-1.42513e-08-1.75105e-08-1.79906e-08
-1.57599e-08-1.13398e-08-5.59757e-09 4.16639e-10 5.63384e-09 9.11508e-09
 1.02051e-08 8.67941e-09 4.82095e-09-6.31499e-10-6.65193e-09-1.21410e-08
-1.61114e-08-1.78304e-08-1.69415e-08-1.35558e-08-8.25632e-09-1.98242e-09
 4.17221e-09 9.18189e-09 1.22826e-08 1.31081e-08 1.17466e-08 8.71388e-09
 4.84709e-09 1.12270e-09-1.57313e-09-2.65110e-09-1.94047e-09 2.92731e-10
 3.41821e-09 6.58486e-09 8.91485e-09 9.71514e-09 8.65242e-09 5.84167e-09
 1.82167e-09-2.58196e-09-6.46956e-09-9.09078e-09-1.00178e-08-9.23119e-09
-7.10602e-09-4.30882e-09-1.62594e-09 2.44556e-10 8.88107e-10 2.92094e-10
-1.15966e-09-2.81394e-09-3.94998e-09-3.99769e-09-2.71294e-09-2.53728e-10
 2.86920e-09 5.94012e-09 8.22733e-09 9.17124e-09 8.54094e-09 6.50678e-09
 3.58311e-09 4.59940e-10-2.20667e-09-3.97924e-09-4.75419e-09-4.77213e-09
-4.50595e-09-4.46521e-09-4.99748e-09-6.15455e-09-7.65912e-09-8.98410e-09
-9.52216e-09-8.78573e-09-6.56850e-09-3.02048e-09 1.38403e-09 5.97766e-09
 1.00875e-08 1.32165e-08 1.51582e-08 1.60076e-08 1.60632e-08 1.56598e-08
 1.50011e-08 1.40628e-08 1.26071e-08 1.02945e-08 6.85165e-09 2.23052e-09
-3.30142e-09-9.17442e-09-1.46262e-08-1.88805e-08-2.13449e-08-2.17527e-08
-2.01976e-08-1.70648e-08-1.28970e-08-8.23553e-09-3.49225e-09 1.08642e-09
 5.35013e-09 9.12591e-09 1.21321e-08 1.39723e-08 1.42118e-08 1.25197e-08
 8.83601e-09 3.49341e-09-2.77748e-09-8.97112e-09-1.40165e-08-1.70148e-08
-1.74431e-08-1.52615e-08-1.08807e-08-5.00993e-09 1.54108e-09 8.01543e-09
 1.37761e-08 1.83053e-08 2.11775e-08 2.20443e-08 2.06650e-08 1.69957e-08
 1.13082e-08 4.26630e-09-3.11961e-09-9.67602e-09-1.43302e-08-1.63681e-08
-1.56150e-08-1.24907e-08-7.91038e-09-3.04012e-09 1.02095e-09 3.51106e-09
 4.12722e-09 2.98492e-09 4.88354e-10-2.80195e-09-6.26326e-09-9.27331e-09
-1.12625e-08-1.17713e-08-1.05228e-08-7.51068e-09-3.07528e-09 2.08042e-09
 6.98800e-09 1.06354e-08 1.22547e-08 1.15725e-08 8.92133e-09 5.15574e-09
 1.39312e-09-1.32466e-09-2.32622e-09-1.46689e-09 8.89192e-10 4.02942e-09
 7.12234e-09 9.43541e-09 1.04780e-08 1.00490e-08 8.21813e-09 5.28487e-09
 1.73622e-09-1.80877e-09-4.69048e-09-6.34394e-09-6.45967e-09-5.11947e-09
-2.83209e-09-4.16408e-10 1.25141e-09 1.53841e-09 2.81618e-10-2.15452e-09
-5.01177e-09-7.40905e-09-8.64834e-09-8.43781e-09-6.94430e-09-4.66924e-09
-2.23312e-09-1.78042e-10 1.15191e-09 1.64630e-09 1.39733e-09 6.35180e-10
-3.32710e-10-1.16783e-09-1.55722e-09-1.29726e-09-3.77740e-10 9.84201e-10
 2.39525e-09 3.42403e-09 3.78039e-09 3.44298e-09 2.64719e-09 1.72037e-09
 8.42559e-10 2.10739e-10
     0.0000e+00     0.0000e+00      0  0  0.00
     512   1.00000  0.0000e+00
-1.60319e-10-1.92239e-10-1.88978e-10-1.40641e-10-4.92141e-11 6.83684e-11
 1.83749e-10 2.66977e-10 2.98747e-10 2.78441e-10 2.22663e-10 1.54781e-10
 9.15434e-11 3.43971e-11-2.91998e-11-1.14824e-10-2.27244e-10-3.52406e-10
-4.60061e-10-5.15821e-10-4.96500e-10-4.00891e-10-2.50864e-10-8.33098e-11
 6.20774e-11 1.53519e-10 1.73503e-10 1.21315e-10 1.34668e-11-1.17449e-10
-2.27043e-10-2.68846e-10-2.09039e-10-4.09708e-11 2.08151e-10 4.83402e-10
 7.20128e-10 8.66549e-10 9.00636e-10 8.33274e-10 6.97301e-10 5.29944e-10
 3.58921e-10 1.98597e-10 5.55618e-11-6.28938e-11-1.45233e-10-1.80160e-10
-1.65539e-10-1.15124e-10-5.84376e-11-3.31578e-11-7.32803e-11-1.98305e-10
-4.07395e-10-6.79021e-10-9.74257e-10-1.24259e-09-1.43075e-09-1.49482e-09
-1.41333e-09-1.19681e-09-8.88009e-10-5.50086e-10-2.46500e-10-2.13100e-11
 1.11928e-10 1.69087e-10 1.84339e-10 1.95451e-10 2.32730e-10 3.15301e-10
 4.52880e-10 6.48367e-10 8.98030e-10 1.18908e-09 1.49680e-09 1.78439e-09
 2.00802e-09 2.12632e-09 2.11189e-09 1.96153e-09 1.70116e-09 1.38189e-09
 1.06638e-09 8.09271e-10 6.39436e-10 5.51047e-10 5.07444e-10 4.55887e-10
 3.46034e-10 1.43757e-10-1.63730e-10-5.69740e-10-1.05260e-09-1.57907e-09
-2.10618e-09-2.58493e-09-2.96879e-09-3.22565e-09-3.34662e-09-3.34711e-09
-3.26009e-09-3.12628e-09-2.98560e-09-2.87141e-09-2.80577e-09-2.79330e-09
-2.81459e-09-2.82532e-09-2.76624e-09-2.58266e-09-2.24504e-09-1.75957e-09
-1.16160e-09-4.96077e-10 2.02090e-10 9.14634e-10 1.63057e-09 2.32939e-09
 2.96918e-09 3.48747e-09 3.81384e-09 3.88707e-09 3.66980e-09 3.16033e-09
 2.40592e-09 1.52066e-09 7.04661e-10 2.54069e-10 5.46384e-10 1.98570e-09
 4.90216e-09 9.41480e-09 1.52823e-08 2.17795e-08 2.76627e-08 3.13250e-08
 3.12006e-08 2.63120e-08 1.67090e-08 3.59599e-09-1.09036e-08-2.42657e-08
-3.42104e-08-3.92784e-08-3.91610e-08-3.46822e-08-2.74458e-08-1.92821e-08
-1.17296e-08-5.76593e-09-1.81656e-09 9.66174e-11 2.06515e-10-1.10304e-09
-3.35678e-09-6.01663e-09-8.50858e-09-1.02771e-08-1.08719e-08-1.00396e-08
-7.77882e-09-4.32387e-09-5.64202e-11 4.62727e-09 9.44255e-09 1.42824e-08
 1.91897e-08 2.42412e-08 2.93826e-08 3.42688e-08 3.81732e-08 4.00324e-08
 3.87105e-08 3.34926e-08 2.46186e-08 1.35604e-08 2.88648e-09-4.23968e-09
-4.75949e-09 3.51315e-09 2.11126e-08 4.62600e-08 7.45410e-08 9.90704e-08
 1.11154e-07 1.01377e-07 6.10792e-08-1.57239e-08-1.29832e-07-2.73914e-07
-4.29834e-07-5.67404e-07-6.45867e-07-6.20549e-07-4.58356e-07-1.60294e-07
 2.23741e-07 6.05591e-07 8.92077e-07 1.01806e-06 9.62060e-07 7.41630e-07
 4.00381e-07 3.17212e-09-3.65414e-07-6.17078e-07-6.90264e-07-5.78526e-07
-3.38977e-07-7.22548e-08 1.20504e-07 1.83494e-07 1.29376e-07 2.57218e-08
-4.98597e-08-5.90259e-08-2.06497e-08 1.53411e-08 1.43165e-08-1.59835e-08
-3.96417e-08-3.20789e-08-3.76536e-09 1.57526e-08 1.26869e-08 1.25935e-09
 1.34168e-09 1.28759e-08 1.99376e-08 1.51497e-08 8.28167e-09 9.12002e-09
 1.33722e-08 1.22883e-08 7.30879e-09 5.63119e-09 7.25662e-09 6.73969e-09
 3.85746e-09 2.71577e-09 3.32808e-09 2.76569e-09 1.47658e-09 1.41960e-09
 1.77339e-09 1.34092e-09 8.36281e-10 5.61064e-10-1.13047e-10-1.06316e-09
-1.86364e-09-2.56800e-09-3.17656e-09-3.56415e-09-3.76677e-09-3.83943e-09
-3.77042e-09-3.55477e-09-3.19563e-09-2.69993e-09-2.08953e-09-1.38471e-09
-5.87408e-10 3.11000e-10 1.29996e-09 2.31564e-09 3.23014e-09 3.87917e-09
 4.12157e-09 3.90190e-09 3.27868e-09 2.39888e-09 1.42892e-09 4.78230e-10
-4.42171e-10-1.40207e-09-2.48432e-09-3.70480e-09-4.96369e-09-6.05121e-09
-6.70211e-09-6.67624e-09-5.83822e-09-4.21170e-09-1.98987e-09 5.02322e-10
 2.88358e-09 4.80698e-09 6.03891e-09 6.49996e-09 6.25356e-09 5.45147e-09
 4.26681e-09 2.85073e-09 1.32878e-09-1.77372e-10-1.53154e-09-2.58485e-09
-3.19742e-09-3.27123e-09-2.78024e-09-1.78371e-09-4.19993e-10 1.11008e-09
 2.56339e-09 3.68279e-09 4.24100e-09 4.09413e-09 3.22203e-09 1.73453e-09
-1.55214e-10-2.17068e-09-4.00939e-09-5.37907e-09-6.04327e-09-5.87452e-09
-4.89433e-09-3.27927e-09-1.32611e-09 6.13182e-10 2.20228e-09 3.17687e-09
 3.38744e-09 2.83697e-09 1.70127e-09 3.04923e-10-9.56988e-10-1.72786e-09
-1.78709e-09-1.09975e-09 1.90137e-10 1.80305e-09 3.38264e-09 4.56414e-09
 5.05319e-09 4.70368e-09 3.57000e-09 1.90645e-09 1.01373e-10-1.43550e-09
-2.38820e-09-2.61113e-09-2.15035e-09-1.21605e-09-1.23211e-10 7.83435e-10
 1.21119e-09 9.97047e-10 1.59659e-10-1.09799e-09-2.44340e-09-3.51324e-09
-4.02484e-09-3.86150e-09-3.10112e-09-1.98116e-09-8.17360e-10 9.39032e-11
 5.58806e-10 5.31662e-10 1.16977e-10-4.63430e-10-9.30105e-10-1.02639e-09
-6.02979e-10 3.21366e-10 1.54880e-09 2.75372e-09 3.58804e-09 3.80556e-09
 3.35106e-09 2.37210e-09 1.15326e-09 8.71003e-12-8.21668e-10-1.23558e-09
-1.27688e-09-1.10088e-09-9.15811e-10-9.14695e-10-1.21210e-09-1.79903e-09
-2.52894e-09-3.14851e-09-3.37507e-09-2.99808e-09-1.96841e-09-4.38142e-10
 1.27387e-09 2.78542e-09 3.78222e-09 4.12334e-09 3.87786e-09 3.27803e-09
 2.61038e-09 2.09259e-09 1.78610e-09 1.57717e-09 1.23477e-09 5.24743e-10
-6.65859e-10-2.24739e-09-3.92762e-09-5.29962e-09-5.98562e-09-5.77573e-09
-4.70063e-09-3.01061e-09-1.07777e-09 7.30498e-10 2.15529e-09 3.09365e-09
 3.58182e-09 3.73113e-09 3.64993e-09 3.38556e-09 2.90849e-09 2.14296e-09
 1.03097e-09-3.96628e-10-1.97515e-09-3.41712e-09-4.38668e-09-4.61016e-09
-3.97551e-09-2.57952e-09-7.05861e-10 1.25648e-09 2.92402e-09 4.01846e-09
 4.42018e-09 4.16372e-09 3.39099e-09 2.29141e-09 1.05239e-09-1.69045e-10
-1.25156e-09-2.09439e-09-2.59309e-09-2.63089e-09-2.10885e-09-1.01068e-09
 5.36591e-10 2.25239e-09 3.76225e-09 4.70661e-09 4.85185e-09 4.15857e-09
 2.78803e-09 1.05202e-09-6.76583e-10-2.06732e-09-2.91651e-09-3.18389e-09
-2.97088e-09-2.45598e-09-1.82305e-09-1.21848e-09-7.46905e-10-4.86360e-10
-4.95490e-10-7.97684e-10-1.34948e-09-2.01848e-09-2.59541e-09-2.84694e-09
-2.59506e-09-1.79328e-09-5.65476e-10 8.16955e-10 2.01936e-09 2.75920e-09
 2.90463e-09 2.51524e-09 1.80910e-09 1.07345e-09 5.59119e-10 4.01483e-10
 5.92895e-10 1.00807e-09 1.46232e-09 1.77377e-09 1.80781e-09 1.49696e-09
 8.44192e-10-7.87176e-11-1.13447e-09-2.13227e-09-2.85881e-09-3.13045e-09
-2.85445e-09-2.07699e-09-9.92887e-10 9.95265e-11 8.92961e-10 1.18142e-09
 9.38506e-10 3.27385e-10-3.64051e-10-8.37840e-10-9.03147e-10-5.46265e-10
 7.42297e-11 7.00670e-10 1.08485e-09 1.08926e-09 7.46012e-10 2.59516e-10
-3.79982e-11-4.59872e-11
     0.0000e+00     0.0000e+00      0  0  0.00
     512   1.00000  0.0000e+00
 1.33362e-09 1.30229e-09 1.20058e-09 1.03143e-09 8.05220e-10 5.37830e-10
 2.47141e-10-5.07807e-11-3.44719e-10-6.29232e-10-9.02685e-10-1.16343e-09
-1.40659e-09-1.62320e-09-1.80222e-09-1.93432e-09-2.01511e-09-2.04600e-09
-2.03268e-09-1.98171e-09-1.89608e-09-1.77235e-09-1.60103e-09-1.37038e-09
-1.07224e-09-7.07327e-10-2.87095e-10 1.68131e-10 6.33081e-10 1.08191e-09
 1.49196e-09 1.84613e-09 2.13372e-09 2.34989e-09 2.49434e-09 2.56994e-09
 2.58223e-09 2.53940e-09 2.45157e-09 2.32843e-09 2.17611e-09 1.99525e-09
 1.78116e-09 1.52597e-09 1.22190e-09 8.64748e-10 4.57072e-10 1.01893e-11
-4.56491e-10-9.19009e-10-1.35364e-09-1.74043e-09-2.06432e-09-2.31477e-09
-2.48556e-09-2.57563e-09-2.59036e-09-2.54181e-09-2.44738e-09-2.32743e-09
-2.20200e-09-2.08654e-09-1.98750e-09-1.89978e-09-1.80821e-09-1.69279e-09
-1.53436e-09-1.31748e-09-1.03025e-09-6.63204e-10-2.09718e-10 3.32219e-10
 9.57613e-10 1.65207e-09 2.38961e-09 3.13176e-09 3.83029e-09 4.43460e-09
 4.90180e-09 5.20447e-09 5.33229e-09 5.28819e-09 5.08279e-09 4.73123e-09
 4.25290e-09 3.67183e-09 3.01553e-09 2.31225e-09 1.58719e-09 8.58086e-10
 1.31541e-10-5.96674e-10-1.33572e-09-2.09055e-09-2.85517e-09-3.61292e-09
-4.34319e-09-5.02903e-09-5.66030e-09-6.23161e-09-6.73806e-09-7.17222e-09
-7.52364e-09-7.78042e-09-7.93158e-09-7.96903e-09-7.88790e-09-7.68493e-09
-7.35623e-09-6.89745e-09-6.30815e-09-5.59738e-09-4.78445e-09-3.89304e-09
-2.94251e-09-1.94259e-09-8.94472e-10 2.04127e-10 1.35382e-09 2.55020e-09
 3.78210e-09 5.03178e-09 6.27707e-09 7.49460e-09 8.66206e-09 9.75883e-09
 1.07668e-08 1.16729e-08 1.24727e-08 1.31709e-08 1.37769e-08 1.42992e-08
 1.47435e-08 1.51176e-08 1.54404e-08 1.57471e-08 1.60841e-08 1.64874e-08
 1.69477e-08 1.73815e-08 1.76332e-08 1.75133e-08 1.68540e-08 1.55553e-08
 1.35997e-08 1.10350e-08 7.94022e-09 4.39647e-09 4.83507e-10-3.69676e-09
-7.98619e-09-1.21548e-08-1.59236e-08-1.90240e-08-2.12839e-08-2.27283e-08
-2.36800e-08-2.48359e-08-2.72864e-08-3.24380e-08-4.18087e-08-5.66836e-08
-7.76557e-08-1.04110e-07-1.33747e-07-1.62273e-07-1.83421e-07-1.89444e-07
-1.72210e-07-1.24931e-07-4.44226e-08 6.63894e-08 1.96236e-07 3.25479e-07
 4.30415e-07 4.88534e-07 4.80817e-07 3.96508e-07 2.42380e-07 4.59654e-08
-1.52046e-07-3.10090e-07-3.98440e-07-4.09391e-07-3.58585e-07-2.74998e-07
-1.85946e-07-1.06078e-07-3.57165e-08 3.11487e-08 9.54275e-08 1.47719e-07
 1.73576e-07 1.64055e-07 1.22670e-07 6.52609e-08 1.45727e-08-9.19096e-09
 1.80096e-09 4.00014e-08 8.86906e-08 1.32820e-07 1.65950e-07 1.87747e-07
 1.96554e-07 1.85877e-07 1.48372e-07 8.18207e-08-9.17018e-09-1.14227e-07
-2.19043e-07-3.08723e-07-3.71180e-07-3.98098e-07-3.84277e-07-3.27489e-07
-2.29823e-07-1.01669e-07 3.43471e-08 1.46842e-07 2.09076e-07 2.15113e-07
 1.85315e-07 1.51811e-07 1.33071e-07 1.22122e-07 1.01650e-07 6.82495e-08
 3.59095e-08 1.67103e-08 7.79787e-09 6.21965e-10-6.50120e-09-1.09507e-08
-1.30816e-08-1.46534e-08-1.54682e-08-1.54594e-08-1.56730e-08-1.60444e-08
-1.59059e-08-1.56348e-08-1.54556e-08-1.48891e-08-1.39929e-08-1.30242e-08
-1.17821e-08-1.02965e-08-8.76684e-09-7.11511e-09-5.39769e-09-3.75438e-09
-2.12676e-09-5.43457e-10 9.39495e-10 2.36471e-09 3.67121e-09 4.80214e-09
 5.75150e-09 6.44646e-09 6.86983e-09 7.04289e-09 6.95630e-09 6.63975e-09
 6.11593e-09 5.40891e-09 4.57456e-09 3.64396e-09 2.65277e-09 1.64968e-09
 6.80876e-10-1.96611e-10-9.45990e-10-1.55312e-09-2.02247e-09-2.38136e-09
-2.65756e-09-2.87316e-09-3.04221e-09-3.17900e-09-3.31364e-09-3.48879e-09
-3.74605e-09-4.10340e-09-4.54139e-09-5.00534e-09-5.41725e-09-5.69406e-09
-5.76374e-09-5.57669e-09-5.10585e-09-4.33706e-09-3.26500e-09-1.90373e-09
-3.00542e-10 1.46255e-09 3.27523e-09 5.00784e-09 6.53063e-09 7.73643e-09
 8.55061e-09 8.93621e-09 8.90235e-09 8.49919e-09 7.80077e-09 6.89793e-09
 5.89021e-09 4.86355e-09 3.88284e-09 3.00124e-09 2.24507e-09 1.59324e-09
 9.97866e-10 4.10854e-10-2.21440e-10-9.53931e-10-1.81593e-09-2.80543e-09
-3.89313e-09-5.00751e-09-6.04191e-09-6.89563e-09-7.48938e-09-7.75646e-09
-7.65931e-09-7.20912e-09-6.45984e-09-5.50730e-09-4.48334e-09-3.50220e-09
-2.60737e-09-1.79185e-09-1.04717e-09-3.65663e-10 2.79885e-10 9.34791e-10
 1.64782e-09 2.44173e-09 3.27470e-09 4.04859e-09 4.67071e-09 5.09600e-09
 5.31663e-09 5.33031e-09 5.12390e-09 4.69421e-09 4.08810e-09 3.41023e-09
 2.77537e-09 2.23915e-09 1.77608e-09 1.32920e-09 8.62539e-10 3.61644e-10
-1.88759e-10-8.17817e-10-1.55741e-09-2.39856e-09-3.26246e-09-4.03317e-09
-4.62267e-09-5.01410e-09-5.25141e-09-5.38543e-09-5.43906e-09-5.41812e-09
-5.32736e-09-5.17192e-09-4.94815e-09-4.62321e-09-4.13487e-09-3.43228e-09
-2.51412e-09-1.42781e-09-2.45080e-10 9.67151e-10 2.16892e-09 3.34445e-09
 4.47793e-09 5.54149e-09 6.51121e-09 7.38059e-09 8.14657e-09 8.79157e-09
 9.28226e-09 9.56911e-09 9.59385e-09 9.32145e-09 8.75606e-09 7.92016e-09
 6.84905e-09 5.60365e-09 4.25360e-09 2.85581e-09 1.46158e-09 1.12295e-10
-1.17651e-09-2.39839e-09-3.53805e-09-4.58685e-09-5.54138e-09-6.37602e-09
-7.05070e-09-7.54926e-09-7.89572e-09-8.14627e-09-8.36484e-09-8.57791e-09
-8.74552e-09-8.78858e-09-8.64182e-09-8.27217e-09-7.65955e-09-6.78481e-09
-5.64157e-09-4.25200e-09-2.67235e-09-9.74711e-10 7.93734e-10 2.62109e-09
 4.48462e-09 6.30616e-09 7.95878e-09 9.31017e-09 1.02626e-08 1.07555e-08
 1.07364e-08 1.01469e-08 8.94804e-09 7.17160e-09 4.94856e-09 2.47576e-09
-4.54732e-11-2.43741e-09-4.53827e-09-6.18803e-09-7.23401e-09-7.57468e-09
-7.21114e-09-6.25474e-09-4.89199e-09-3.33830e-09-1.80454e-09-4.85342e-10
 4.54700e-10 9.14679e-10 8.86223e-10 4.55301e-10-2.24803e-10-9.85238e-10
-1.68729e-09-2.23233e-09-2.55286e-09-2.60671e-09-2.37370e-09-1.85869e-09
-1.09662e-09-1.42689e-10 9.44416e-10 2.10902e-09 3.29719e-09 4.45172e-09
 5.50634e-09 6.39025e-09 7.03872e-09 7.39792e-09 7.42866e-09 7.11226e-09
 6.45345e-09 5.48640e-09 4.28183e-09 2.94109e-09 1.57890e-09 3.02754e-10
-8.09036e-10-1.71843e-09-2.42075e-09-2.93307e-09-3.28488e-09-3.50861e-09
-3.63483e-09-3.69098e-09-3.69729e-09-3.66518e-09-3.60032e-09-3.50308e-09
-3.36852e-09-3.18970e-09-2.96073e-09-2.68138e-09-2.36356e-09-2.02984e-09
-1.70207e-09-1.38935e-09-1.07957e-09-7.39363e-10-3.26753e-10 1.88678e-10
 8.06519e-10 1.48213e-09 2.12743e-09 2.63002e-09 2.88280e-09 2.81457e-09
 2.41376e-09 1.73699e-09 9.02583e-10 7.46052e-11-5.61948e-10-8.34473e-10
-6.19647e-10-1.89611e-10
     0.0000e+00     0.0000e+00      0  0  0.00
     512   1.00000  0.0000e+00
 2.70698e-10 2.05456e-11-2.21910e-10-4.02095e-10-4.82248e-10-4.56837e-10
-3.54513e-10-2.25453e-10-1.19258e-10-6.34271e-11-5.26458e-11-5.34639e-11
-2.17440e-11 7.47836e-11 2.39168e-10 4.41915e-10 6.33472e-10 7.66122e-10
 8.14830e-10 7.87535e-10 7.20063e-10 6.57876e-10 6.33216e-10 6.48722e-10
 6.75938e-10 6.69509e-10 5.89363e-10 4.19740e-10 1.76255e-10-1.02073e-10
-3.71825e-10-6.05501e-10-8.02381e-10-9.84070e-10-1.17739e-09-1.39408e-09
-1.61781e-09-1.80577e-09-1.90518e-09-1.87743e-09-1.71699e-09-1.45524e-09
-1.14786e-09-8.52250e-10-6.05989e-10-4.15916e-10-2.61901e-10-1.12267e-10
 5.82574e-11 2.58483e-10 4.83875e-10 7.29073e-10 9.99751e-10 1.31445e-09
 1.69320e-09 2.13721e-09 2.61038e-09 3.03532e-09 3.30989e-09 3.33886e-09
 3.06724e-09 2.50197e-09 1.71370e-09 8.18320e-10-5.39931e-11-7.88808e-10
-1.30598e-09-1.56489e-09-1.56195e-09-1.32784e-09-9.27614e-10-4.60849e-10
-5.44062e-11 1.57746e-10 6.72479e-11-3.72791e-10-1.12470e-09-2.06952e-09
-3.03812e-09-3.85834e-09-4.40050e-09-4.60559e-09-4.48760e-09-4.11246e-09
-3.56721e-09-2.93391e-09-2.27546e-09-1.63155e-09-1.01993e-09-4.38374e-10
 1.34112e-10 7.33626e-10 1.39952e-09 2.15379e-09 2.98015e-09 3.81652e-09
 4.57010e-09 5.15126e-09 5.50996e-09 5.65643e-09 5.65585e-09 5.59909e-09
 5.56242e-09 5.57585e-09 5.61493e-09 5.61636e-09 5.50492e-09 5.21821e-09
 4.72144e-09 4.01040e-09 3.10654e-09 2.05188e-09 9.06267e-10-2.58386e-10
-1.37274e-09-2.39079e-09-3.30583e-09-4.15091e-09-4.98173e-09-5.85017e-09
-6.78262e-09-7.77539e-09-8.81027e-09-9.87973e-09-1.10007e-08-1.21990e-08
-1.34651e-08-1.47008e-08-1.56826e-08-1.60594e-08-1.53934e-08-1.32426e-08
-9.27455e-09-3.39567e-09 4.11481e-09 1.24921e-08 2.04539e-08 2.63536e-08
 2.85864e-08 2.61444e-08 1.90732e-08 8.60806e-09-3.07352e-09-1.34093e-08
-2.01452e-08-2.19389e-08-1.86762e-08-1.14057e-08-1.93008e-09 7.78576e-09
 1.61432e-08 2.21720e-08 2.55130e-08 2.62751e-08 2.49009e-08 2.20683e-08
 1.86120e-08 1.54461e-08 1.34580e-08 1.33387e-08 1.53491e-08 1.90730e-08
 2.32460e-08 2.57684e-08 2.39727e-08 1.51555e-08-2.69471e-09-3.01039e-08
-6.54058e-08-1.04266e-07-1.39579e-07-1.61900e-07-1.60567e-07-1.26660e-07
-5.89685e-08 3.07752e-08 1.19870e-07 1.83557e-07 2.04758e-07 1.79248e-07
 1.15332e-07 3.13499e-08-4.81623e-08-1.00309e-07-1.14016e-07-9.61117e-08
-6.81232e-08-5.36331e-08-6.30590e-08-8.74473e-08-1.06909e-07-1.05703e-07
-8.03060e-08-3.55545e-08 2.35786e-08 9.58898e-08 1.83717e-07 2.90545e-07
 4.14782e-07 5.41239e-07 6.35019e-07 6.46748e-07 5.34125e-07 2.80969e-07
-9.88207e-08-5.56228e-07-1.00439e-06-1.33577e-06-1.44997e-06-1.28294e-06
-8.37664e-07-2.00749e-07 4.72431e-07 1.00250e-06 1.24749e-06 1.16078e-06
 8.15105e-07 3.72179e-07 7.11101e-09-1.77480e-07-1.96559e-07-1.51606e-07
-1.41754e-07-1.86077e-07-2.25305e-07-1.99545e-07-1.17007e-07-3.80306e-08
-2.17370e-09 4.94640e-09 1.29345e-08 2.52629e-08 2.99605e-08 2.63782e-08
 2.17161e-08 1.71096e-08 1.15722e-08 7.63977e-09 6.01004e-09 4.55809e-09
 3.34309e-09 3.12679e-09 2.78339e-09 2.01575e-09 1.53449e-09 9.44697e-10
 6.17004e-11-5.82460e-10-1.14979e-09-1.75029e-09-2.04743e-09-2.19305e-09
-2.30509e-09-2.25090e-09-2.20711e-09-2.21416e-09-2.16303e-09-2.14489e-09
-2.12156e-09-2.04904e-09-2.01230e-09-1.97718e-09-1.94109e-09-1.92015e-09
-1.84744e-09-1.71747e-09-1.51719e-09-1.23438e-09-9.10065e-10-5.47782e-10
-1.55123e-10 2.56145e-10 6.86270e-10 1.11402e-09 1.52527e-09 1.89525e-09
 2.19397e-09 2.41427e-09 2.56060e-09 2.64366e-09 2.66087e-09 2.60079e-09
 2.45880e-09 2.23714e-09 1.95024e-09 1.62292e-09 1.28525e-09 9.59348e-10
 6.46371e-10 3.33114e-10 9.05612e-12-3.22351e-10-6.47044e-10-9.52376e-10
-1.23315e-09-1.48943e-09-1.72661e-09-1.95259e-09-2.16499e-09-2.34428e-09
-2.46571e-09-2.51723e-09-2.49982e-09-2.41198e-09-2.24444e-09-1.98747e-09
-1.63720e-09-1.20409e-09-7.18454e-10-2.20981e-10 2.53765e-10 6.84958e-10
 1.06077e-09 1.37332e-09 1.62072e-09 1.80784e-09 1.94329e-09 2.03466e-09
 2.08347e-09 2.09168e-09 2.07309e-09 2.04417e-09 2.00022e-09 1.91163e-09
 1.75182e-09 1.52830e-09 1.28275e-09 1.05799e-09 8.60126e-10 6.57043e-10
 4.28455e-10 2.14501e-10 9.59010e-11 1.21296e-10 2.60361e-10 4.32883e-10
 5.88208e-10 7.51471e-10 9.78911e-10 1.26437e-09 1.50417e-09 1.57591e-09
 1.45010e-09 1.20246e-09 9.20107e-10 6.11875e-10 2.11475e-10-3.28771e-10
-9.54484e-10-1.53730e-09-1.98307e-09-2.30434e-09-2.58526e-09-2.87254e-09
-3.11362e-09-3.21341e-09-3.13667e-09-2.94355e-09-2.72804e-09-2.52558e-09
-2.29069e-09-1.96524e-09-1.55323e-09-1.12663e-09-7.64765e-10-4.85413e-10
-2.39170e-10 2.54054e-11 3.05186e-10 5.51938e-10 7.21657e-10 8.13733e-10
 8.66850e-10 9.12839e-10 9.40471e-10 9.09768e-10 7.92860e-10 6.00721e-10
 3.76884e-10 1.63468e-10-2.75357e-11-2.11823e-10-4.07774e-10-6.12940e-10
-8.03235e-10-9.56991e-10-1.07799e-09-1.19205e-09-1.32185e-09-1.46484e-09
-1.59497e-09-1.68910e-09-1.75019e-09-1.79637e-09-1.82901e-09-1.81778e-09
-1.71559e-09-1.49177e-09-1.15325e-09-7.25937e-10-2.19126e-10 3.75663e-10
 1.04660e-09 1.72992e-09 2.32263e-09 2.73187e-09 2.91691e-09 2.88520e-09
 2.65191e-09 2.21803e-09 1.60195e-09 8.87988e-10 2.24941e-10-2.41462e-10
-4.46837e-10-4.26951e-10-2.66797e-10-4.23969e-11 1.81664e-10 3.05579e-10
 1.71255e-10-3.72183e-10-1.35019e-09-2.60267e-09-3.83275e-09-4.71677e-09
-4.99156e-09-4.46647e-09-3.00395e-09-5.62467e-10 2.69752e-09 6.34552e-09
 9.73754e-09 1.21909e-08 1.31759e-08 1.24192e-08 9.91971e-09 5.94161e-09
 1.01542e-09-4.08230e-09-8.43096e-09-1.11716e-08-1.17362e-08-9.99391e-09
-6.26978e-09-1.25380e-09 4.15154e-09 8.99104e-09 1.24166e-08 1.38527e-08
 1.31320e-08 1.05438e-08 6.75628e-09 2.62575e-09-1.04030e-09-3.67461e-09
-5.05057e-09-5.28609e-09-4.76607e-09-4.01083e-09-3.51767e-09-3.60824e-09
-4.33060e-09-5.45320e-09-6.55243e-09-7.16934e-09-6.98298e-09-5.92934e-09
-4.22493e-09-2.29644e-09-6.42873e-10 3.22423e-10 3.98618e-10-3.37932e-10
-1.55162e-09-2.75263e-09-3.45630e-09-3.34255e-09-2.36343e-09-7.56867e-10
 1.04251e-09 2.55987e-09 3.44451e-09 3.58281e-09 3.12133e-09 2.39830e-09
 1.81115e-09 1.66408e-09 2.05137e-09 2.82252e-09 3.64124e-09 4.11716e-09
 3.96201e-09 3.10643e-09 1.73123e-09 2.03899e-10-1.05765e-09-1.74132e-09
-1.75045e-09-1.22653e-09-4.83062e-10 1.24575e-10 3.41198e-10 1.04000e-10
-4.49609e-10-1.05677e-09-1.45439e-09-1.49716e-09-1.21174e-09-7.61550e-10
-3.34772e-10-7.39225e-11
     0.0000e+00     0.0000e+00      0  0  0.00
     512   1.00000  0.0000e+00
-2.47373e-09-2.33990e-09-2.04656e-09-1.61365e-09-1.08607e-09-5.21625e-10
 2.64003e-11 5.24760e-10 9.67863e-10 1.37361e-09 1.76807e-09 2.16611e-09
 2.55810e-09 2.91018e-09 3.17805e-09 3.32718e-09 3.34895e-09 3.26500e-09
 3.11797e-09 2.95146e-09 2.78782e-09 2.61471e-09 2.38805e-09 2.05117e-09
 1.56221e-09 9.16762e-10 1.54009e-10-6.56295e-10-1.43850e-09-2.13515e-09
-2.72012e-09-3.19730e-09-3.58716e-09-3.90829e-09-4.16330e-09-4.33722e-09
-4.40905e-09-4.36883e-09-4.22768e-09-4.01317e-09-3.75297e-09-3.45680e-09
-3.10675e-09-2.66218e-09-2.07780e-09-1.32758e-09-4.24059e-10 5.75996e-10
 1.58404e-09 2.50646e-09 3.27425e-09 3.86198e-09 4.28740e-09 4.59475e-09
 4.83309e-09 5.04009e-09 5.23520e-09 5.42013e-09 5.58342e-09 5.70580e-09
 5.76190e-09 5.71640e-09 5.51916e-09 5.10857e-09 4.42833e-09 3.45362e-09
 2.21312e-09 7.92923e-10-6.82476e-10-2.08540e-09-3.32148e-09-4.35316e-09
-5.20264e-09-5.93450e-09-6.62484e-09-7.32888e-09-8.06069e-09-8.79321e-09
-9.47411e-09-1.00424e-08-1.04342e-08-1.05818e-08-1.04158e-08-9.88095e-09
-8.95855e-09-7.68347e-09-6.14468e-09-4.46470e-09-2.76350e-09-1.11973e-09
 4.53651e-10 2.00596e-09 3.61660e-09 5.34868e-09 7.21223e-09 9.15556e-09
 1.10860e-08 1.29026e-08 1.45192e-08 1.58709e-08 1.69124e-08 1.76177e-08
 1.79842e-08 1.80352e-08 1.78153e-08 1.73780e-08 1.67645e-08 1.59804e-08
 1.49840e-08 1.37007e-08 1.20622e-08 1.00502e-08 7.71439e-09 5.15632e-09
 2.48810e-09-2.07794e-10-2.89714e-09-5.58605e-09-8.29728e-09-1.10457e-08
-1.38228e-08-1.65908e-08-1.92867e-08-2.18306e-08-2.41363e-08-2.61192e-08
-2.77075e-08-2.88593e-08-2.95788e-08-2.99143e-08-2.99303e-08-2.96664e-08
-2.91153e-08-2.82331e-08-2.69783e-08-2.53598e-08-2.34701e-08-2.14748e-08
-1.95329e-08-1.76844e-08-1.57880e-08-1.35558e-08-1.06621e-08-6.86193e-09
-2.06692e-09 3.64177e-09 1.00575e-08 1.69160e-08 2.39451e-08 3.08687e-08
 3.73754e-08 4.30988e-08 4.76416e-08 5.06297e-08 5.17792e-08 5.09902e-08
 4.84906e-08 4.50121e-08 4.19395e-08 4.13356e-08 4.57367e-08 5.76612e-08
 7.88640e-08 1.09455e-07 1.47046e-07 1.86119e-07 2.17844e-07 2.30580e-07
 2.11283e-07 1.47904e-07 3.27484e-08-1.33572e-07-3.38250e-07-5.54470e-07
-7.43949e-07-8.62288e-07-8.65980e-07-7.26268e-07-4.47899e-07-7.70493e-08
 3.09928e-07 6.29542e-07 8.17214e-07 8.49188e-07 7.50009e-07 5.78623e-07
 3.99545e-07 2.55785e-07 1.56919e-07 8.68649e-08 2.54096e-08-3.36188e-08
-8.20440e-08-1.11788e-07-1.28569e-07-1.53786e-07-2.12420e-07-3.11944e-07
-4.29990e-07-5.22504e-07-5.41005e-07-4.52659e-07-2.61694e-07-1.45588e-08
 2.19417e-07 3.75099e-07 4.07567e-07 3.00668e-07 7.80560e-08-1.93528e-07
-4.19448e-07-5.06054e-07-3.95880e-07-1.00134e-07 2.90752e-07 6.34179e-07
 7.94275e-07 7.10198e-07 4.36446e-07 1.17880e-07-9.70107e-08-1.49958e-07
-1.02779e-07-7.07857e-08-1.12903e-07-1.85604e-07-2.08056e-07-1.59875e-07
-9.36289e-08-5.86420e-08-4.92605e-08-3.76822e-08-2.03429e-08-8.98768e-09
-3.86659e-09 8.04043e-10 3.89507e-09 4.31793e-09 5.41343e-09 7.46847e-09
 8.40633e-09 9.20367e-09 1.06237e-08 1.13817e-08 1.16971e-08 1.22083e-08
 1.21526e-08 1.15574e-08 1.08960e-08 9.77014e-09 8.32568e-09 6.98458e-09
 5.52971e-09 4.05404e-09 2.70016e-09 1.23502e-09-2.47947e-10-1.65951e-09
-3.06837e-09-4.30938e-09-5.35900e-09-6.27643e-09-6.99614e-09-7.55841e-09
-7.94687e-09-8.10392e-09-8.04426e-09-7.70504e-09-7.05552e-09-6.12360e-09
-4.95104e-09-3.64382e-09-2.27586e-09-8.78293e-10 5.47278e-10 2.03196e-09
 3.56654e-09 5.09653e-09 6.52801e-09 7.76108e-09 8.74563e-09 9.48356e-09
 1.00083e-08 1.03355e-08 1.04366e-08 1.02559e-08 9.74014e-09 8.87137e-09
 7.68705e-09 6.27513e-09 4.73674e-09 3.13743e-09 1.48789e-09-2.31948e-10
-2.03532e-09-3.90709e-09-5.79246e-09-7.59932e-09-9.22514e-09-1.05878e-08
-1.16350e-08-1.23434e-08-1.27241e-08-1.28128e-08-1.26392e-08-1.22106e-08
-1.15173e-08-1.05363e-08-9.25153e-09-7.68233e-09-5.87365e-09-3.87251e-09
-1.74319e-09 4.24875e-10 2.55481e-09 4.59843e-09 6.50998e-09 8.24360e-09
 9.76940e-09 1.10594e-08 1.20805e-08 1.28172e-08 1.32588e-08 1.33618e-08
 1.30679e-08 1.23564e-08 1.12578e-08 9.84756e-09 8.22531e-09 6.45716e-09
 4.54276e-09 2.47493e-09 3.12620e-10-1.83319e-09-3.86096e-09-5.70459e-09
-7.32072e-09-8.65804e-09-9.63081e-09-1.01511e-08-1.02064e-08-9.88114e-09
-9.29240e-09-8.51447e-09-7.55305e-09-6.38628e-09-5.03892e-09-3.61220e-09
-2.23016e-09-9.54866e-10 2.32857e-10 1.36645e-09 2.43249e-09 3.38525e-09
 4.20280e-09 4.92559e-09 5.63819e-09 6.39220e-09 7.14153e-09 7.76670e-09
 8.17094e-09 8.35367e-09 8.38991e-09 8.34492e-09 8.21674e-09 7.95270e-09
 7.50678e-09 6.88050e-09 6.11207e-09 5.22554e-09 4.19802e-09 2.99103e-09
 1.61165e-09 1.26805e-10-1.38403e-09-2.88685e-09-4.41570e-09-6.03961e-09
-7.78736e-09-9.60087e-09-1.13729e-08-1.30168e-08-1.44887e-08-1.57707e-08
-1.68454e-08-1.76639e-08-1.81433e-08-1.82101e-08-1.78201e-08-1.69341e-08
-1.55128e-08-1.35421e-08-1.10435e-08-8.08400e-09-4.79170e-09-1.32943e-09
 2.15910e-09 5.56400e-09 8.79680e-09 1.17872e-08 1.44576e-08 1.66850e-08
 1.83253e-08 1.92899e-08 1.95869e-08 1.93059e-08 1.85742e-08 1.74932e-08
 1.61037e-08 1.44282e-08 1.25330e-08 1.05233e-08 8.48975e-09 6.47969e-09
 4.50534e-09 2.56376e-09 6.48659e-10-1.25948e-09-3.20786e-09-5.23428e-09
-7.28473e-09-9.17922e-09-1.06751e-08-1.15724e-08-1.17749e-08-1.12744e-08
-1.00976e-08-8.29172e-09-5.97034e-09-3.37568e-09-8.76108e-10 1.13820e-09
 2.39169e-09 2.79332e-09 2.42450e-09 1.49012e-09 2.73976e-10-8.84259e-10
-1.61994e-09-1.62546e-09-7.62937e-10 8.65926e-10 2.94313e-09 5.03699e-09
 6.72380e-09 7.67855e-09 7.72584e-09 6.86458e-09 5.27720e-09 3.31452e-09
 1.42793e-09 4.40546e-11-5.71829e-10-4.03019e-10 3.15419e-10 1.17646e-09
 1.72886e-09 1.60141e-09 5.90057e-10-1.29463e-09-3.81955e-09-6.57451e-09
-9.07490e-09-1.08971e-08-1.18025e-08-1.18003e-08-1.11230e-08-1.01257e-08
-9.15619e-09-8.43878e-09-8.00935e-09-7.71865e-09-7.29593e-09-6.44798e-09
-4.96760e-09-2.82296e-09-1.94933e-10 2.56096e-09 5.02187e-09 6.83547e-09
 7.83436e-09 8.08432e-09 7.85081e-09 7.49914e-09 7.36533e-09 7.64010e-09
 8.30277e-09 9.12884e-09 9.77052e-09 9.88295e-09 9.25170e-09 7.87233e-09
 5.94685e-09 3.80095e-09 1.76177e-09 4.41811e-11-1.31173e-09-2.42461e-09
-3.48289e-09-4.62304e-09-5.82891e-09-6.90052e-09-7.51344e-09-7.34672e-09
-6.22699e-09-4.23476e-09-1.73173e-09 7.07299e-10 2.44200e-09 2.95308e-09
 2.01593e-09 5.90211e-10
     0.0000e+00     0.0000e+00      0  0  0.00
     512   1.00000  0.0000e+00
 4.93002e-10 5.42444e-10 5.79293e-10 5.84918e-10 5.40261e-10 4.30469e-10
 2.49029e-10-9.33142e-14-3.02653e-10-6.36337e-10-9.74563e-10-1.29092e-09
-1.56292e-09-1.77382e-09-1.91194e-09-1.96889e-09-1.93968e-09-1.82569e-09
-1.63833e-09-1.39977e-09-1.13863e-09-8.82036e-10-6.47439e-10-4.37680e-10
-2.41288e-10-3.80545e-11 1.92073e-10 4.59934e-10 7.61824e-10 1.08079e-09
 1.39355e-09 1.67843e-09 1.91960e-09 2.10660e-09 2.23143e-09 2.28716e-09
 2.27028e-09 2.18458e-09 2.04333e-09 1.86781e-09 1.68218e-09 1.50596e-09
 1.34660e-09 1.19531e-09 1.02934e-09 8.20577e-10 5.46856e-10 2.00395e-10
-2.10301e-10-6.64021e-10-1.13214e-09-1.58317e-09-1.98678e-09-2.31867e-09
-2.56624e-09-2.73254e-09-2.83614e-09-2.90624e-09-2.97431e-09-3.06424e-09
-3.18305e-09-3.31508e-09-3.42239e-09-3.45267e-09-3.35131e-09-3.07277e-09
-2.58796e-09-1.88863e-09-9.91280e-10 5.98198e-11 1.19446e-09 2.32649e-09
 3.37066e-09 4.25979e-09 4.95555e-09 5.44982e-09 5.75783e-09 5.90682e-09
 5.92457e-09 5.83203e-09 5.64232e-09 5.36489e-09 5.01002e-09 4.58868e-09
 4.10787e-09 3.56736e-09 2.96259e-09 2.29299e-09 1.56812e-09 8.05446e-10
 2.04118e-11-7.83461e-10-1.61686e-09-2.49714e-09-3.43481e-09-4.42052e-09
-5.41899e-09-6.37429e-09-7.22527e-09-7.92316e-09-8.44151e-09-8.77367e-09
-8.92274e-09-8.89458e-09-8.69955e-09-8.35766e-09-7.89751e-09-7.34539e-09
-6.71126e-09-5.98243e-09-5.13047e-09-4.12814e-09-2.96773e-09-1.67252e-09
-2.95952e-10 1.09241e-09 2.42756e-09 3.66459e-09 4.77956e-09 5.75835e-09
 6.58621e-09 7.24879e-09 7.74172e-09 8.07663e-09 8.27478e-09 8.35303e-09
 8.31433e-09 8.14983e-09 7.84915e-09 7.41113e-09 6.84962e-09 6.19284e-09
 5.47630e-09 4.73200e-09 3.98093e-09 3.23574e-09 2.51351e-09 1.84863e-09
 1.29517e-09 9.17894e-10 7.80455e-10 9.38828e-10 1.43861e-09 2.30951e-09
 3.55616e-09 5.15163e-09 7.03788e-09 9.12950e-09 1.13155e-08 1.34602e-08
 1.54091e-08 1.70030e-08 1.80997e-08 1.86009e-08 1.84854e-08 1.78427e-08
 1.68962e-08 1.59978e-08 1.55848e-08 1.60950e-08 1.78373e-08 2.08213e-08
 2.45677e-08 2.79426e-08 2.90788e-08 2.54547e-08 1.41858e-08-7.43987e-09
-4.12018e-08-8.70441e-08-1.42182e-07-2.00413e-07-2.51977e-07-2.85376e-07
-2.91352e-07-2.64784e-07-2.04223e-07-1.14941e-07-1.22575e-08 8.24895e-08
 1.50025e-07 1.79670e-07 1.72722e-07 1.41268e-07 1.03342e-07 7.62829e-08
 6.97181e-08 8.25698e-08 1.06781e-07 1.33966e-07 1.59491e-07 1.81988e-07
 2.00444e-07 2.12835e-07 2.18591e-07 2.23056e-07 2.36987e-07 2.64957e-07
 2.90795e-07 2.81099e-07 2.10727e-07 8.22905e-08-8.08969e-08-2.52747e-07
-4.12166e-07-5.41128e-07-6.23510e-07-6.48952e-07-6.16828e-07-5.35613e-07
-4.19136e-07-2.82169e-07-1.36753e-07 9.01326e-09 1.49313e-07 2.76521e-07
 3.76821e-07 4.31207e-07 4.24464e-07 3.57537e-07 2.54141e-07 1.52288e-07
 8.21028e-08 4.69121e-08 2.60637e-08-6.64423e-10-3.19141e-08-5.10783e-08
-5.04746e-08-4.04561e-08-3.35947e-08-3.04571e-08-2.60789e-08-2.07011e-08
-1.71082e-08-1.47787e-08-1.25479e-08-1.12568e-08-1.09338e-08-1.04388e-08
-9.89153e-09-9.74039e-09-9.47674e-09-9.03397e-09-8.78233e-09-8.46565e-09
-7.98117e-09-7.58894e-09-7.14200e-09-6.54951e-09-5.96254e-09-5.26023e-09
-4.39577e-09-3.49062e-09-2.48026e-09-1.37065e-09-2.42580e-10 9.22380e-10
 2.03085e-09 2.98558e-09 3.78612e-09 4.39238e-09 4.82753e-09 5.14921e-09
 5.35958e-09 5.47289e-09 5.46890e-09 5.32246e-09 5.04766e-09 4.63362e-09
 4.07378e-09 3.38322e-09 2.60400e-09 1.80921e-09 1.04501e-09 3.26442e-10
-3.51880e-10-1.01489e-09-1.68639e-09-2.36914e-09-3.01850e-09-3.56134e-09
-3.94795e-09-4.17518e-09-4.27276e-09-4.27606e-09-4.21322e-09-4.09226e-09
-3.88791e-09-3.55801e-09-3.08592e-09-2.50162e-09-1.85289e-09-1.16666e-09
-4.45489e-10 3.08049e-10 1.07511e-09 1.82801e-09 2.54165e-09 3.19133e-09
 3.75367e-09 4.22270e-09 4.61087e-09 4.92155e-09 5.13674e-09 5.23637e-09
 5.20268e-09 5.00766e-09 4.63116e-09 4.08926e-09 3.42322e-09 2.67305e-09
 1.86832e-09 1.02477e-09 1.48760e-10-7.50182e-10-1.66529e-09-2.59738e-09
-3.52289e-09-4.37945e-09-5.11340e-09-5.71022e-09-6.16122e-09-6.44436e-09
-6.54807e-09-6.48101e-09-6.26296e-09-5.91898e-09-5.46092e-09-4.87121e-09
-4.12797e-09-3.24223e-09-2.25811e-09-1.23128e-09-2.11296e-10 7.76413e-10
 1.72823e-09 2.62578e-09 3.42564e-09 4.10366e-09 4.67644e-09 5.16697e-09
 5.57001e-09 5.84615e-09 5.94478e-09 5.84338e-09 5.56149e-09 5.13897e-09
 4.60435e-09 3.95449e-09 3.17251e-09 2.26754e-09 1.27968e-09 2.52188e-10
-7.90762e-10-1.83934e-09-2.86195e-09-3.78526e-09-4.53081e-09-5.05919e-09
-5.37527e-09-5.50545e-09-5.46470e-09-5.24368e-09-4.82720e-09-4.21302e-09
-3.42048e-09-2.48807e-09-1.45299e-09-3.45072e-10 7.93237e-10 1.90210e-09
 2.92182e-09 3.80979e-09 4.55204e-09 5.15557e-09 5.61861e-09 5.91725e-09
 6.02223e-09 5.91242e-09 5.58110e-09 5.05152e-09 4.37589e-09 3.60386e-09
 2.76841e-09 1.90121e-09 1.03405e-09 1.92285e-10-5.96281e-10-1.30267e-09
-1.90812e-09-2.39459e-09-2.73279e-09-2.89726e-09-2.88600e-09-2.72119e-09
-2.44612e-09-2.11717e-09-1.77289e-09-1.41689e-09-1.04888e-09-6.91590e-10
-3.79611e-10-1.51334e-10-4.69205e-11-8.58262e-11-2.54042e-10-5.17701e-10
-8.28967e-10-1.12630e-09-1.35680e-09-1.50126e-09-1.56815e-09-1.56665e-09
-1.49013e-09-1.31823e-09-1.03629e-09-6.66627e-10-2.72864e-10 8.17000e-11
 3.73357e-10 6.23309e-10 8.80363e-10 1.18933e-09 1.57252e-09 2.04116e-09
 2.59993e-09 3.22952e-09 3.86938e-09 4.41120e-09 4.72009e-09 4.67508e-09
 4.18662e-09 3.19854e-09 1.70072e-09-2.56555e-10-2.54630e-09-4.95625e-09
-7.21995e-09-9.07331e-09-1.03028e-08-1.07749e-08-1.04399e-08-9.32742e-09
-7.55720e-09-5.33735e-09-2.93281e-09-6.16406e-10 1.37943e-09 2.89049e-09
 3.82399e-09 4.15853e-09 3.94597e-09 3.30068e-09 2.37505e-09 1.33150e-09
 3.18701e-10-5.42632e-10-1.16287e-09-1.48236e-09-1.47240e-09-1.13535e-09
-5.01416e-10 3.75015e-10 1.42285e-09 2.56409e-09 3.71986e-09 4.81655e-09
 5.79049e-09 6.58539e-09 7.15080e-09 7.44552e-09 7.44011e-09 7.12185e-09
 6.50040e-09 5.60807e-09 4.49804e-09 3.24005e-09 1.91046e-09 5.84244e-10
-6.68931e-10-1.79025e-09-2.73856e-09-3.49614e-09-4.07235e-09-4.50112e-09
-4.83050e-09-5.10799e-09-5.36498e-09-5.60318e-09-5.78932e-09-5.86387e-09
-5.76039e-09-5.42744e-09-4.84410e-09-4.02141e-09-2.99223e-09-1.80125e-09
-5.02363e-10 8.36094e-10 2.12328e-09 3.24491e-09 4.07452e-09 4.49545e-09
 4.43197e-09 3.88248e-09 2.94235e-09 1.80364e-09 7.24430e-10-2.86521e-11
-2.49463e-10-1.03504e-10
     0.0000e+00     0.0000e+00      0  0  0.00
     512   1.00000  0.0000e+00
 1.12358e-09 9.37382e-10 6.51125e-10 2.96817e-10-7.19735e-11-3.95059e-10
-6.26440e-10-7.51061e-10-7.89720e-10-7.89277e-10-8.01868e-10-8.62083e-10
-9.72263e-10-1.10253e-09-1.20545e-09-1.23858e-09-1.18452e-09-1.05902e-09
-9.03209e-10-7.63349e-10-6.68415e-10-6.16765e-10-5.78139e-10-5.09494e-10
-3.77088e-10-1.74376e-10 7.32633e-11 3.19717e-10 5.19910e-10 6.51238e-10
 7.23799e-10 7.74488e-10 8.48113e-10 9.75011e-10 1.15643e-09 1.36471e-09
 1.55737e-09 1.69687e-09 1.76569e-09 1.76919e-09 1.72581e-09 1.65025e-09
 1.53968e-09 1.37182e-09 1.11770e-09 7.62428e-10 3.22078e-10-1.53664e-10
-5.95631e-10-9.40296e-10-1.15483e-09-1.25078e-09-1.27983e-09-1.31377e-09
-1.41821e-09-1.63170e-09-1.95753e-09-2.36855e-09-2.81899e-09-3.25484e-09
-3.61698e-09-3.83854e-09-3.84473e-09-3.56280e-09-2.94351e-09-1.98706e-09
-7.61657e-10 5.96587e-10 1.90768e-09 2.99075e-09 3.71123e-09 4.01417e-09
 3.93182e-09 3.56594e-09 3.05505e-09 2.54007e-09 2.13849e-09 1.93039e-09
 1.95331e-09 2.20031e-09 2.61878e-09 3.11369e-09 3.56093e-09 3.83335e-09
 3.83484e-09 3.53071e-09 2.95972e-09 2.21874e-09 1.42377e-09 6.65241e-10
-2.15089e-11-6.58400e-10-1.30211e-09-2.01029e-09-2.81239e-09-3.69615e-09
-4.61268e-09-5.49378e-09-6.27006e-09-6.88229e-09-7.28650e-09-7.45830e-09
-7.39961e-09-7.14461e-09-6.75748e-09-6.31590e-09-5.88255e-09-5.47684e-09
-5.06389e-09-4.57025e-09-3.91961e-09-3.07031e-09-2.03620e-09-8.81940e-10
 3.03800e-10 1.44360e-09 2.49690e-09 3.46410e-09 4.37127e-09 5.24882e-09
 6.11668e-09 6.97891e-09 7.82322e-09 8.62127e-09 9.32977e-09 9.89558e-09
 1.02679e-08 1.04161e-08 1.03459e-08 1.00999e-08 9.73821e-09 9.30615e-09
 8.80731e-09 8.19877e-09 7.41322e-09 6.40081e-09 5.17222e-09 3.81466e-09
 2.46163e-09 1.23138e-09 1.73769e-10-7.44473e-10-1.61511e-09-2.54163e-09
-3.59158e-09-4.76604e-09-5.99806e-09-7.17827e-09-8.19166e-09-8.94492e-09
-9.37978e-09-9.48426e-09-9.30749e-09-8.96690e-09-8.63865e-09-8.53398e-09
-8.86564e-09-9.80266e-09-1.14113e-08-1.35878e-08-1.60000e-08-1.80625e-08
-1.89727e-08-1.78225e-08-1.37831e-08-6.33989e-09 4.45099e-09 1.77211e-08
 3.16147e-08 4.32455e-08 4.88691e-08 4.43402e-08 2.59614e-08-7.32829e-09
-5.04642e-08-9.16274e-08-1.16920e-07-1.16574e-07-8.87362e-08-3.92753e-08
 2.04695e-08 7.53490e-08 1.10005e-07 1.15593e-07 9.47724e-08 6.04177e-08
 2.81192e-08 7.87043e-09 1.29207e-09 5.64570e-09 2.02811e-08 4.90135e-08
 9.57193e-08 1.57713e-07 2.23887e-07 2.78883e-07 3.06966e-07 2.89828e-07
 2.06428e-07 4.58708e-08-1.82108e-07-4.54954e-07-7.41439e-07-9.90261e-07
-1.13036e-06-1.09337e-06-8.39678e-07-3.77746e-07 2.25765e-07 8.50538e-07
 1.34773e-06 1.58191e-06 1.47786e-06 1.05823e-06 4.48546e-07-1.63138e-07
-5.97270e-07-7.57811e-07-6.72133e-07-4.65728e-07-2.82115e-07-1.94770e-07
-1.74449e-07-1.40495e-07-5.03116e-08 5.94488e-08 1.21670e-07 1.16652e-07
 8.41680e-08 6.48006e-08 5.78304e-08 4.52357e-08 2.69879e-08 1.35779e-08
 5.59883e-09-1.06531e-09-5.00223e-09-5.53513e-09-5.95115e-09-6.76993e-09
-6.49912e-09-6.19451e-09-6.51594e-09-6.30647e-09-5.79072e-09-5.51407e-09
-4.78103e-09-3.69050e-09-2.71994e-09-1.51968e-09-2.35409e-10 7.76415e-10
 1.74705e-09 2.57387e-09 3.11179e-09 3.58188e-09 3.91596e-09 4.08891e-09
 4.22539e-09 4.20295e-09 4.02267e-09 3.75295e-09 3.35494e-09 2.91836e-09
 2.47839e-09 2.02074e-09 1.59360e-09 1.16458e-09 7.28500e-10 3.12394e-10
-8.46124e-11-4.38679e-10-7.68671e-10-1.09836e-09-1.42298e-09-1.73930e-09
-2.02085e-09-2.24404e-09-2.38968e-09-2.44968e-09-2.44514e-09-2.40005e-09
-2.32969e-09-2.23190e-09-2.09569e-09-1.91770e-09-1.70242e-09-1.46142e-09
-1.20694e-09-9.44622e-10-6.69790e-10-3.72789e-10-5.26409e-11 2.74266e-10
 5.81152e-10 8.48012e-10 1.07029e-09 1.25517e-09 1.41294e-09 1.54908e-09
 1.66031e-09 1.73735e-09 1.77414e-09 1.77493e-09 1.75216e-09 1.71857e-09
 1.67711e-09 1.61582e-09 1.51737e-09 1.37782e-09 1.21338e-09 1.04575e-09
 8.84542e-10 7.25674e-10 5.62198e-10 3.95229e-10 2.32848e-10 7.86150e-11
-6.95848e-11-2.07931e-10-3.24708e-10-4.14160e-10-4.84014e-10-5.41684e-10
-5.79990e-10-5.81708e-10-5.32814e-10-4.38293e-10-3.29659e-10-2.40770e-10
-1.70385e-10-8.37574e-11 3.86742e-11 1.62397e-10 2.20518e-10 1.73787e-10
 4.08723e-11-1.35286e-10-3.45925e-10-6.32086e-10-1.03717e-09-1.54402e-09
-2.06790e-09-2.51795e-09-2.86095e-09-3.12399e-09-3.33219e-09-3.44875e-09
-3.40074e-09-3.16294e-09-2.79190e-09-2.37906e-09-1.98021e-09-1.59208e-09
-1.19774e-09-8.20903e-10-5.23749e-10-3.61310e-10-3.38637e-10-4.08468e-10
-5.21872e-10-6.72093e-10-8.77606e-10-1.13952e-09-1.41902e-09-1.65478e-09
-1.80766e-09-1.87391e-09-1.85657e-09-1.74237e-09-1.50292e-09-1.11323e-09
-5.69618e-10 1.12149e-10 9.12321e-10 1.81825e-09 2.82347e-09 3.91783e-09
 5.07589e-09 6.25533e-09 7.41073e-09 8.50567e-09 9.50688e-09 1.03726e-08
 1.10529e-08 1.14981e-08 1.16663e-08 1.15271e-08 1.10589e-08 1.02457e-08
 9.08161e-09 7.57942e-09 5.77964e-09 3.74974e-09 1.56925e-09-6.81697e-10
-2.91681e-09-5.03224e-09-6.91346e-09-8.46331e-09-9.62189e-09-1.03583e-08
-1.06524e-08-1.04973e-08-9.92251e-09-9.01287e-09-7.90096e-09-6.72739e-09
-5.60231e-09-4.60716e-09-3.82193e-09-3.32441e-09-3.14591e-09-3.22838e-09
-3.43061e-09-3.58787e-09-3.57947e-09-3.34592e-09-2.86416e-09-2.13711e-09
-1.22485e-09-2.90509e-10 4.08445e-10 6.09211e-10 1.50043e-10-9.71170e-10
-2.60301e-09-4.48019e-09-6.24568e-09-7.46172e-09-7.66537e-09-6.48381e-09
-3.76845e-09 3.14267e-10 5.28781e-09 1.04564e-08 1.50242e-08 1.82166e-08
 1.94023e-08 1.82196e-08 1.46998e-08 9.32187e-09 2.93815e-09-3.40413e-09
-8.68291e-09-1.20972e-08-1.32003e-08-1.19745e-08-8.84291e-09-4.58602e-09
-1.62039e-10 3.52228e-09 5.81996e-09 6.47240e-09 5.63119e-09 3.78149e-09
 1.59086e-09-2.78496e-10-1.34381e-09-1.41672e-09-6.29357e-10 6.34618e-10
 1.88319e-09 2.68717e-09 2.82048e-09 2.32818e-09 1.50129e-09 7.66228e-10
 5.30900e-10 1.03462e-09 2.25176e-09 3.88907e-09 5.47336e-09 6.49715e-09
 6.57947e-09 5.58992e-09 3.69296e-09 1.29687e-09-1.07854e-09-2.97046e-09
-4.11545e-09-4.51843e-09-4.42803e-09-4.22590e-09-4.27172e-09-4.76258e-09
-5.65603e-09-6.68502e-09-7.45816e-09-7.60819e-09-6.93361e-09-5.47968e-09
-3.52629e-09-1.48560e-09 2.46907e-10 1.42883e-09 2.04470e-09 2.28680e-09
 2.45028e-09 2.78938e-09 3.39378e-09 4.13644e-09 4.71833e-09 4.79424e-09
 4.12935e-09 2.72508e-09 8.60298e-10-9.75965e-10-2.23758e-09-2.50715e-09
-1.65254e-09-4.74714e-10
     0.0000e+00     0.0000e+00      0  0  0.00
     512   1.00000  0.0000e+00
 1.12224e-09 7.04523e-10 2.06575e-10-2.93730e-10-7.16231e-10-1.00055e-09
-1.12071e-09-1.08708e-09-9.36468e-10-7.16243e-10-4.69318e-10-2.25403e-10
-8.97851e-13 1.92900e-10 3.37990e-10 4.03538e-10 3.53762e-10 1.69161e-10
-1.30601e-10-4.78016e-10-7.72306e-10-9.13128e-10-8.38887e-10-5.52742e-10
-1.24451e-10 3.33227e-10 7.04227e-10 9.09154e-10 9.28494e-10 7.98482e-10
 5.83847e-10 3.45199e-10 1.20044e-10-7.50034e-11-2.28718e-10-3.22424e-10
-3.31055e-10-2.37341e-10-4.95409e-11 1.88351e-10 4.01543e-10 5.06128e-10
 4.40838e-10 1.94726e-10-1.84101e-10-6.04665e-10-9.66618e-10-1.19401e-09
-1.25401e-09-1.15671e-09-9.42801e-10-6.68329e-10-3.90795e-10-1.56894e-10
 7.30427e-12 1.00257e-10 1.41049e-10 1.60526e-10 1.91981e-10 2.63288e-10
 3.89926e-10 5.69577e-10 7.81711e-10 9.94013e-10 1.17205e-09 1.28610e-09
 1.31341e-09 1.24042e-09 1.07001e-09 8.30751e-10 5.77266e-10 3.73644e-10
 2.64505e-10 2.50432e-10 2.84505e-10 2.93524e-10 2.12791e-10 1.72492e-11
-2.65334e-10-5.65527e-10-8.03918e-10-9.28563e-10-9.37151e-10-8.70390e-10
-7.83387e-10-7.18157e-10-6.96968e-10-7.35312e-10-8.54537e-10-1.07537e-09
-1.39331e-09-1.75610e-09-2.06575e-09-2.21170e-09-2.12101e-09-1.80003e-09
-1.34370e-09-9.02478e-10-6.19235e-10-5.67620e-10-7.26268e-10-1.00232e-09
-1.28411e-09-1.48371e-09-1.54466e-09-1.42559e-09-1.09063e-09-5.24590e-10
 2.38971e-10 1.10427e-09 1.93261e-09 2.58993e-09 2.99999e-09 3.17617e-09
 3.21315e-09 3.23919e-09 3.35449e-09 3.59451e-09 3.94254e-09 4.37800e-09
 4.91746e-09 5.61196e-09 6.50388e-09 7.58082e-09 8.76192e-09 9.91692e-09
 1.08901e-08 1.15056e-08 1.15584e-08 1.08116e-08 9.01992e-09 5.99189e-09
 1.68567e-09-3.67874e-09-9.53607e-09-1.49869e-08-1.89650e-08-2.05476e-08
-1.92899e-08-1.54311e-08-9.89491e-09-4.08915e-09 4.37801e-10 2.39594e-09
 1.09566e-09-3.38090e-09-1.02458e-08-1.82851e-08-2.62343e-08-3.30828e-08
-3.82034e-08-4.13200e-08-4.24047e-08-4.15732e-08-3.90223e-08-3.50231e-08
-2.99613e-08-2.43817e-08-1.89945e-08-1.46107e-08-1.19917e-08-1.16092e-08
-1.33388e-08-1.61425e-08-1.78384e-08-1.50661e-08-3.56172e-09 2.11818e-08
 6.28598e-08 1.22997e-07 1.99483e-07 2.85264e-07 3.67662e-07 4.29590e-07
 4.53068e-07 4.22377e-07 3.27609e-07 1.72606e-07-1.87840e-08-2.07893e-07
-3.54606e-07-4.30680e-07-4.29233e-07-3.67286e-07-2.79864e-07-2.06393e-07
-1.73644e-07-1.85541e-07-2.26382e-07-2.72799e-07-3.05165e-07-3.11703e-07
-2.85746e-07-2.23496e-07-1.29406e-07-2.65228e-08 4.67860e-08 6.95217e-08
 7.40580e-08 1.28525e-07 2.65723e-07 4.41672e-07 5.71486e-07 5.90495e-07
 4.81881e-07 2.70423e-07 8.65215e-09-2.31451e-07-3.71291e-07-3.51828e-07
-1.61683e-07 1.48627e-07 4.74654e-07 6.90678e-07 6.98369e-07 4.73758e-07
 9.08037e-08-3.01986e-07-5.52410e-07-5.86875e-07-4.52658e-07-2.81306e-07
-1.88172e-07-1.87274e-07-1.99357e-07-1.48387e-07-4.46880e-08 3.91975e-08
 6.18669e-08 5.10261e-08 4.79748e-08 5.45265e-08 5.31717e-08 4.42999e-08
 3.78269e-08 3.30292e-08 2.69317e-08 2.30314e-08 2.18615e-08 1.98526e-08
 1.75079e-08 1.63807e-08 1.48509e-08 1.27682e-08 1.14178e-08 1.00073e-08
 8.25356e-09 7.07507e-09 6.05507e-09 4.95564e-09 4.32347e-09 3.79758e-09
 3.20791e-09 2.86623e-09 2.44603e-09 1.85531e-09 1.24650e-09 4.38171e-10
-3.83854e-10-9.88293e-10-1.42691e-09-1.61697e-09-1.67014e-09-1.77809e-09
-1.93221e-09-2.17574e-09-2.45828e-09-2.69630e-09-2.89773e-09-2.98209e-09
-2.89182e-09-2.62373e-09-2.22942e-09-1.86060e-09-1.62182e-09-1.53947e-09
-1.55315e-09-1.52370e-09-1.33428e-09-9.52524e-10-4.81370e-10-9.78584e-11
 7.45973e-11 3.36117e-11-1.06083e-10-1.89485e-10-1.04305e-10 1.53866e-10
 4.69082e-10 6.84633e-10 7.17968e-10 6.08218e-10 4.54601e-10 3.23308e-10
 2.15348e-10 1.02458e-10-2.67085e-11-1.52595e-10-2.39766e-10-2.61433e-10
-2.21059e-10-1.63419e-10-1.53883e-10-2.30419e-10-3.83006e-10-5.69341e-10
-7.17676e-10-7.35298e-10-5.70473e-10-2.66855e-10 6.94724e-11 3.42781e-10
 5.03172e-10 5.53202e-10 5.40003e-10 5.26489e-10 5.71836e-10 7.19028e-10
 9.55093e-10 1.20162e-09 1.38334e-09 1.47595e-09 1.47322e-09 1.36612e-09
 1.17602e-09 9.69661e-10 8.31041e-10 8.19828e-10 9.26038e-10 1.06526e-09
 1.15523e-09 1.19275e-09 1.23934e-09 1.36020e-09 1.58941e-09 1.91918e-09
 2.31263e-09 2.74023e-09 3.18114e-09 3.57452e-09 3.81090e-09 3.79740e-09
 3.51921e-09 3.04299e-09 2.46832e-09 1.85752e-09 1.20181e-09 4.56836e-10
-3.89406e-10-1.27640e-09-2.09754e-09-2.76927e-09-3.26366e-09-3.57954e-09
-3.70687e-09-3.63499e-09-3.40172e-09-3.11766e-09-2.91326e-09-2.85754e-09
-2.92400e-09-3.02641e-09-3.09788e-09-3.14503e-09-3.23303e-09-3.42880e-09
-3.74912e-09-4.15641e-09-4.60081e-09-5.04249e-09-5.43241e-09-5.69918e-09
-5.76488e-09-5.58468e-09-5.18443e-09-4.64431e-09-4.02755e-09-3.32535e-09
-2.46878e-09-1.38733e-09-6.77016e-11 1.41698e-09 2.93476e-09 4.36970e-09
 5.66066e-09 6.77233e-09 7.66965e-09 8.32189e-09 8.70367e-09 8.79808e-09
 8.59790e-09 8.08046e-09 7.19531e-09 5.91006e-09 4.26515e-09 2.37687e-09
 4.05317e-10-1.49229e-09-3.22085e-09-4.76396e-09-6.13039e-09-7.30838e-09
-8.26467e-09-8.94045e-09-9.25870e-09-9.17833e-09-8.73987e-09-8.05608e-09
-7.27143e-09-6.50153e-09-5.76635e-09-4.97908e-09-4.01897e-09-2.82475e-09
-1.43086e-09 6.19254e-11 1.54401e-09 2.94594e-09 4.23962e-09 5.38808e-09
 6.30690e-09 6.88027e-09 7.01397e-09 6.69543e-09 6.02379e-09 5.18794e-09
 4.42371e-09 3.97508e-09 4.04922e-09 4.76580e-09 6.10979e-09 7.90817e-09
 9.85881e-09 1.15952e-08 1.27553e-08 1.30471e-08 1.22975e-08 1.04773e-08
 7.72424e-09 4.35209e-09 8.17766e-10-2.37393e-09-4.80677e-09-6.26180e-09
-6.74862e-09-6.47420e-09-5.77928e-09-5.06139e-09-4.68849e-09-4.89719e-09
-5.70756e-09-6.90668e-09-8.10926e-09-8.86847e-09-8.80051e-09-7.68781e-09
-5.54322e-09-2.62189e-09 6.29555e-10 3.67589e-09 6.02568e-09 7.35682e-09
 7.59189e-09 6.90211e-09 5.63956e-09 4.21422e-09 2.95860e-09 2.03066e-09
 1.38686e-09 8.30342e-10 1.09279e-10-9.70569e-10-2.45449e-09-4.20161e-09
-5.91675e-09-7.24174e-09-7.87466e-09-7.67146e-09-6.69780e-09-5.22108e-09
-3.64132e-09-2.37494e-09-1.72540e-09-1.78201e-09-2.38468e-09-3.17161e-09
-3.69655e-09-3.57771e-09-2.62717e-09-9.15610e-10 1.24943e-09 3.42889e-09
 5.20613e-09 6.32676e-09 6.76426e-09 6.68378e-09 6.32568e-09 5.87314e-09
 5.37112e-09 4.72879e-09 3.79513e-09 2.46833e-09 7.88736e-10-1.02900e-09
-2.64551e-09-3.71354e-09-4.01563e-09-3.55890e-09-2.57852e-09-1.45018e-09
-5.55031e-10-1.04603e-10
     0.0000e+00     0.0000e+00      0  0  0.00
     512   1.00000  0.0000e+00
 5.64077e-10 6.17529e-10 6.62509e-10 6.88740e-10 6.81633e-10 6.26599e-10
 5.14867e-10 3.48046e-10 1.39239e-10-9.03065e-11-3.17646e-10-5.24998e-10
-7.04237e-10-8.56915e-10-9.89935e-10-1.10939e-09-1.21513e-09-1.29847e-09
-1.34452e-09-1.33839e-09-1.27158e-09-1.14569e-09-9.71851e-10-7.66170e-10
-5.43549e-10-3.12852e-10-7.53402e-11 1.72715e-10 4.34140e-10 7.05070e-10
 9.72609e-10 1.21686e-09 1.41632e-09 1.55457e-09 1.62502e-09 1.63146e-09
 1.58454e-09 1.49646e-09 1.37662e-09 1.23008e-09 1.05920e-09 8.67083e-10
 6.60634e-10 4.50727e-10 2.48485e-10 5.97437e-11-1.18797e-10-2.99058e-10
-4.96555e-10-7.22812e-10-9.78051e-10-1.24716e-09-1.50129e-09-1.70515e-09
-1.82663e-09-1.84518e-09-1.75630e-09-1.57170e-09-1.31633e-09-1.02421e-09
-7.34882e-10-4.90258e-10-3.29770e-10-2.82842e-10-3.59913e-10-5.45217e-10
-7.94279e-10-1.03804e-09-1.19455e-09-1.18686e-09-9.62111e-10-5.05174e-10
 1.57749e-10 9.65374e-10 1.83408e-09 2.67288e-09 3.39750e-09 3.94137e-09
 4.26312e-09 4.35051e-09 4.22070e-09 3.91569e-09 3.49255e-09 3.01058e-09
 2.51832e-09 2.04371e-09 1.59003e-09 1.14043e-09 6.70141e-10 1.61002e-10
-3.89022e-10-9.64590e-10-1.53895e-09-2.08348e-09-2.57685e-09-3.01077e-09
-3.39048e-09-3.73030e-09-4.04735e-09-4.35590e-09-4.66317e-09-4.96582e-09
-5.24796e-09-5.48202e-09-5.63311e-09-5.66653e-09-5.55724e-09-5.29809e-09
-4.90203e-09-4.39620e-09-3.81083e-09-3.16886e-09-2.47987e-09-1.74018e-09
-9.38853e-10-6.75939e-11 8.70420e-10 1.85791e-09 2.86781e-09 3.87026e-09
 4.83783e-09 5.74841e-09 6.58710e-09 7.34643e-09 8.02418e-09 8.61911e-09
 9.12616e-09 9.53229e-09 9.81478e-09 9.94496e-09 9.89809e-09 9.66584e-09
 9.26540e-09 8.74122e-09 8.15765e-09 7.58179e-09 7.05736e-09 6.57796e-09
 6.07540e-09 5.43471e-09 4.53055e-09 3.26831e-09 1.61432e-09-3.94727e-10
-2.66728e-09-5.08991e-09-7.55962e-09-9.99682e-09-1.23330e-08-1.44818e-08
-1.63135e-08-1.76493e-08-1.82876e-08-1.80667e-08-1.69522e-08-1.51261e-08
-1.30413e-08-1.14179e-08-1.11641e-08-1.32203e-08-1.83409e-08-2.68364e-08
-3.83059e-08-5.13964e-08-6.36470e-08-7.15075e-08-7.06242e-08-5.64679e-08
-2.53294e-08 2.43740e-08 9.06493e-08 1.66622e-07 2.39809e-07 2.93756e-07
 3.13742e-07 2.91974e-07 2.27182e-07 1.24277e-07-2.33900e-09-1.29733e-07
-2.33768e-07-2.96536e-07-3.11795e-07-2.87655e-07-2.42681e-07-1.96062e-07
-1.58834e-07-1.31186e-07-1.06615e-07-8.04242e-08-5.58536e-08-4.22256e-08
-4.68872e-08-6.79434e-08-9.33622e-08-1.05485e-07-8.59447e-08-2.01347e-08
 9.61306e-08 2.51442e-07 4.22437e-07 5.83024e-07 7.08663e-07 7.74828e-07
 7.57386e-07 6.38620e-07 4.16000e-07 1.08561e-07-2.42341e-07-5.78765e-07
-8.38120e-07-9.68920e-07-9.46114e-07-7.80861e-07-5.19676e-07-2.30615e-07
 1.96684e-08 1.88462e-07 2.68631e-07 2.83222e-07 2.66092e-07 2.41072e-07
 2.13203e-07 1.76332e-07 1.28069e-07 7.70939e-08 3.65127e-08 1.23243e-08
 4.38336e-10-6.09734e-09-1.02537e-08-1.17714e-08-1.10023e-08-9.38239e-09
-7.75121e-09-6.26049e-09-5.12767e-09-4.45505e-09-4.04131e-09-3.79214e-09
-3.74935e-09-3.81279e-09-3.87316e-09-3.92998e-09-3.94377e-09-3.88167e-09
-3.80520e-09-3.75593e-09-3.73710e-09-3.76690e-09-3.82542e-09-3.85952e-09
-3.82605e-09-3.67351e-09-3.36992e-09-2.92617e-09-2.35841e-09-1.69053e-09
-9.62696e-10-2.12606e-10 5.23540e-10 1.21602e-09 1.84309e-09 2.37898e-09
 2.80462e-09 3.11457e-09 3.30836e-09 3.38499e-09 3.33906e-09 3.16648e-09
 2.86930e-09 2.45323e-09 1.93030e-09 1.32171e-09 6.56454e-10-3.64485e-11
-7.34814e-10-1.41962e-09-2.07118e-09-2.66924e-09-3.19436e-09-3.62950e-09
-3.95976e-09-4.17480e-09-4.27025e-09-4.24425e-09-4.09522e-09-3.82213e-09
-3.42512e-09-2.90934e-09-2.28864e-09-1.58337e-09-8.15401e-10-6.55664e-12
 8.19717e-10 1.64019e-09 2.43408e-09 3.17979e-09 3.85546e-09 4.44419e-09
 4.93133e-09 5.30104e-09 5.54058e-09 5.63886e-09 5.58275e-09 5.36697e-09
 4.99956e-09 4.48971e-09 3.84759e-09 3.09855e-09 2.27256e-09 1.38383e-09
 4.44247e-10-5.17617e-10-1.46921e-09-2.38494e-09-3.23964e-09-4.01446e-09
-4.70033e-09-5.27702e-09-5.71043e-09-5.98155e-09-6.09303e-09-6.05160e-09
-5.86425e-09-5.53514e-09-5.05707e-09-4.43152e-09-3.69460e-09-2.89171e-09
-2.03520e-09-1.11792e-09-1.54504e-10 8.15978e-10 1.75096e-09 2.61839e-09
 3.41038e-09 4.13606e-09 4.78338e-09 5.30621e-09 5.66030e-09 5.83606e-09
 5.85381e-09 5.73294e-09 5.46485e-09 5.02183e-09 4.39514e-09 3.61836e-09
 2.74997e-09 1.82995e-09 8.61297e-10-1.54461e-10-1.18107e-09-2.15757e-09
-3.02681e-09-3.75797e-09-4.35257e-09-4.81676e-09-5.13382e-09-5.27645e-09
-5.23366e-09-5.02452e-09-4.68868e-09-4.25291e-09-3.71990e-09-3.09518e-09
-2.40241e-09-1.67793e-09-9.62477e-10-2.82397e-10 3.57134e-10 9.49784e-10
 1.47721e-09 1.92236e-09 2.27615e-09 2.53744e-09 2.71614e-09 2.82621e-09
 2.87312e-09 2.85755e-09 2.79046e-09 2.69496e-09 2.59090e-09 2.48713e-09
 2.39064e-09 2.30901e-09 2.24440e-09 2.20159e-09 2.18916e-09 2.19987e-09
 2.21487e-09 2.22723e-09 2.23158e-09 2.20636e-09 2.12754e-09 1.97383e-09
 1.71872e-09 1.34743e-09 8.64199e-10 2.63598e-10-4.72944e-10-1.34382e-09
-2.31748e-09-3.34664e-09-4.37495e-09-5.34531e-09-6.20524e-09-6.89208e-09
-7.32451e-09-7.42903e-09-7.17780e-09-6.59533e-09-5.73093e-09-4.63675e-09
-3.37145e-09-2.01192e-09-6.58453e-10 5.83023e-10 1.64976e-09 2.55372e-09
 3.35621e-09 4.12317e-09 4.90285e-09 5.72601e-09 6.61119e-09 7.54840e-09
 8.46072e-09 9.18291e-09 9.48582e-09 9.14294e-09 8.00130e-09 6.01185e-09
 3.23205e-09-1.62877e-10-3.87057e-09-7.47540e-09-1.04985e-08-1.24943e-08
-1.31560e-08-1.23771e-08-1.02670e-08-7.13324e-09-3.43616e-09 2.71124e-10
 3.42837e-09 5.58007e-09 6.46859e-09 6.07871e-09 4.63120e-09 2.51926e-09
 2.12957e-10-1.83032e-09-3.24848e-09-3.84303e-09-3.60394e-09-2.69029e-09
-1.37555e-09 3.84406e-11 1.30459e-09 2.27844e-09 2.93320e-09 3.34018e-09
 3.61705e-09 3.87223e-09 4.15997e-09 4.45122e-09 4.64096e-09 4.58948e-09
 4.17245e-09 3.33215e-09 2.11540e-09 6.71438e-10-7.84956e-10-2.02709e-09
-2.87967e-09-3.26744e-09-3.22675e-09-2.88680e-09-2.42630e-09-2.01238e-09
-1.74936e-09-1.65460e-09-1.66137e-09-1.65374e-09-1.52208e-09-1.21030e-09
-7.40887e-10-2.11205e-10 2.43519e-10 5.01986e-10 4.99883e-10 2.55899e-10
-1.30469e-10-5.14833e-10-7.58852e-10-7.75844e-10-5.59398e-10-1.81082e-10
 2.42456e-10 5.93976e-10 7.96354e-10 8.36167e-10 7.56908e-10 6.28326e-10
 5.10819e-10 4.27541e-10 3.57770e-10 2.60494e-10 1.15545e-10-3.96622e-11
-9.54543e-11-4.01428e-11
     0.0000e+00     0.0000e+00      0  0  0.00
     512   1.00000  0.0000e+00
-2.21116e-10-1.01947e-10 2.70079e-11 1.49257e-10 2.52040e-10 3.30777e-10
 3.89821e-10 4.39315e-10 4.89333e-10 5.43932e-10 5.98202e-10 6.39693e-10
 6.53574e-10 6.29334e-10 5.65698e-10 4.71174e-10 3.60228e-10 2.47224e-10
 1.40846e-10 4.12977e-11-5.84430e-11-1.67649e-10-2.91328e-10-4.25454e-10
-5.56489e-10-6.65541e-10-7.35092e-10-7.54973e-10-7.24988e-10-6.53524e-10
-5.53189e-10-4.35613e-10-3.08020e-10-1.73270e-10-3.29639e-11 1.08315e-10
 2.40138e-10 3.46992e-10 4.13176e-10 4.29423e-10 3.97582e-10 3.30951e-10
 2.50114e-10 1.76091e-10 1.23662e-10 9.73190e-11 9.12115e-11 9.29887e-11
 8.95620e-11 7.15404e-11 3.42384e-11-2.40463e-11-1.03905e-10-2.04528e-10
-3.20693e-10-4.38678e-10-5.34045e-10-5.73857e-10-5.23971e-10-3.59592e-10
-7.56962e-11 3.06433e-10 7.39601e-10 1.15880e-09 1.49453e-09 1.68650e-09
 1.69382e-09 1.50022e-09 1.11602e-09 5.77898e-10-5.35736e-11-7.00000e-10
-1.27546e-09-1.70007e-09-1.91480e-09-1.89433e-09-1.65393e-09-1.24687e-09
-7.52028e-10-2.55080e-10 1.70762e-10 4.78265e-10 6.50417e-10 6.96419e-10
 6.43118e-10 5.25490e-10 3.78250e-10 2.29289e-10 9.55257e-11-1.81417e-11
-1.16916e-10-2.12001e-10-3.14907e-10-4.30772e-10-5.52726e-10-6.60869e-10
-7.28124e-10-7.30898e-10-6.59557e-10-5.24023e-10-3.52075e-10-1.81101e-10
-4.67511e-11 2.73849e-11 3.55639e-11-1.06821e-11-8.85696e-11-1.72316e-10
-2.40033e-10-2.77062e-10-2.75987e-10-2.35363e-10-1.58393e-10-5.06185e-11
 8.43190e-11 2.48890e-10 4.52114e-10 7.04647e-10 1.01078e-09 1.36094e-09
 1.72745e-09 2.06575e-09 2.32308e-09 2.45384e-09 2.43738e-09 2.29087e-09
 2.07315e-09 1.87938e-09 1.82972e-09 2.05303e-09 2.66414e-09 3.73281e-09
 5.24573e-09 7.06726e-09 8.91045e-09 1.03400e-08 1.08381e-08 9.94166e-09
 7.40514e-09 3.31616e-09-1.89031e-09-7.52673e-09-1.28249e-08-1.71301e-08
-2.00582e-08-2.15694e-08-2.19343e-08-2.15980e-08-2.09989e-08-2.04220e-08
-1.99497e-08-1.95039e-08-1.89304e-08-1.80872e-08-1.69171e-08-1.54895e-08
-1.40007e-08-1.27317e-08-1.19722e-08-1.19244e-08-1.25938e-08-1.36773e-08
-1.44686e-08-1.38178e-08-1.01856e-08-1.82978e-09 1.28621e-08 3.49053e-08
 6.41683e-08 9.88293e-08 1.34973e-07 1.66472e-07 1.85410e-07 1.84408e-07
 1.60735e-07 1.17199e-07 5.93026e-08-4.53068e-09-6.18420e-08-1.00277e-07
-1.13074e-07-1.01582e-07-7.46070e-08-4.43679e-08-2.15597e-08-1.20494e-08
-1.53269e-08-2.59613e-08-3.83558e-08-5.10208e-08-6.68115e-08-8.98346e-08
-1.22294e-07-1.63582e-07-2.11248e-07-2.62195e-07-3.13061e-07-3.59100e-07
-3.91277e-07-3.94137e-07-3.48897e-07-2.40749e-07-6.46152e-08 1.71812e-07
 4.45697e-07 7.18949e-07 9.43237e-07 1.06972e-06 1.06102e-06 9.02867e-07
 6.12238e-07 2.37740e-07-1.49814e-07-4.75386e-07-6.81436e-07-7.45243e-07
-6.84289e-07-5.46302e-07-3.87301e-07-2.48489e-07-1.44095e-07-6.61122e-08
-1.15306e-09 5.44641e-08 9.32910e-08 1.07861e-07 1.01105e-07 8.46665e-08
 6.85853e-08 5.52875e-08 4.31475e-08 3.19767e-08 2.30835e-08 1.67409e-08
 1.21786e-08 8.93191e-09 6.74378e-09 5.12721e-09 3.82511e-09 2.90442e-09
 2.30333e-09 1.90699e-09 1.75460e-09 1.82801e-09 2.03187e-09 2.36240e-09
 2.79674e-09 3.24323e-09 3.65925e-09 4.00198e-09 4.19713e-09 4.21805e-09
 4.06149e-09 3.73581e-09 3.29097e-09 2.76760e-09 2.19051e-09 1.59913e-09
 1.01750e-09 4.53525e-10-8.39060e-11-5.89352e-10-1.05111e-09-1.46261e-09
-1.82961e-09-2.14741e-09-2.40378e-09-2.59392e-09-2.72364e-09-2.80280e-09
-2.83342e-09-2.81864e-09-2.77211e-09-2.70392e-09-2.60842e-09-2.47283e-09
-2.29597e-09-2.08632e-09-1.84430e-09-1.56298e-09-1.24328e-09-8.96539e-10
-5.30187e-10-1.45418e-10 2.45426e-10 6.16256e-10 9.48468e-10 1.24297e-09
 1.50600e-09 1.73405e-09 1.92132e-09 2.06964e-09 2.17798e-09 2.23163e-09
 2.21236e-09 2.11568e-09 1.95158e-09 1.72733e-09 1.43957e-09 1.09156e-09
 7.04130e-10 2.97911e-10-1.19011e-10-5.34880e-10-9.26943e-10-1.28320e-09
-1.60763e-09-1.89569e-09-2.12966e-09-2.29524e-09-2.38216e-09-2.37989e-09
-2.28190e-09-2.08609e-09-1.79903e-09-1.44131e-09-1.02966e-09-5.63212e-10
-5.09272e-11 4.70286e-10 9.71834e-10 1.45622e-09 1.92386e-09 2.35308e-09
 2.71806e-09 2.99543e-09 3.16361e-09 3.21638e-09 3.16102e-09 2.99685e-09
 2.71268e-09 2.30421e-09 1.78405e-09 1.18074e-09 5.28460e-10-1.55341e-10
-8.72715e-10-1.60646e-09-2.30193e-09-2.90766e-09-3.40497e-09-3.79083e-09
-4.05698e-09-4.18190e-09-4.13907e-09-3.92068e-09-3.54402e-09-3.03832e-09
-2.42956e-09-1.72727e-09-9.38211e-10-9.53501e-11 7.47146e-10 1.54171e-09
 2.26521e-09 2.91721e-09 3.49003e-09 3.94891e-09 4.25902e-09 4.41096e-09
 4.41213e-09 4.27053e-09 3.98391e-09 3.54542e-09 2.96406e-09 2.26728e-09
 1.49000e-09 6.67917e-10-1.74094e-10-1.02108e-09-1.84702e-09-2.61272e-09
-3.28379e-09-3.83614e-09-4.25390e-09-4.52511e-09-4.63214e-09-4.55976e-09
-4.31487e-09-3.91783e-09-3.38286e-09-2.72598e-09-1.97484e-09-1.15740e-09
-3.01492e-10 5.55863e-10 1.37939e-09 2.14349e-09 2.81831e-09 3.37082e-09
 3.78177e-09 4.04370e-09 4.14986e-09 4.09486e-09 3.87546e-09 3.48900e-09
 2.94396e-09 2.26972e-09 1.49952e-09 6.55460e-10-2.30784e-10-1.10243e-09
-1.89716e-09-2.56215e-09-3.05484e-09-3.35030e-09-3.43724e-09-3.30257e-09
-2.94350e-09-2.39730e-09-1.74079e-09-1.05957e-09-4.22321e-10 1.25451e-10
 5.57368e-10 8.58528e-10 1.02905e-09 1.10670e-09 1.17019e-09 1.30034e-09
 1.54235e-09 1.89266e-09 2.29971e-09 2.68048e-09 2.93109e-09 2.92032e-09
 2.50694e-09 1.58816e-09 1.49830e-10-1.69816e-09-3.73007e-09-5.65173e-09
-7.13965e-09-7.87750e-09-7.61397e-09-6.22284e-09-3.75675e-09-4.75779e-10
 3.18679e-09 6.70214e-09 9.53296e-09 1.12247e-08 1.14815e-08 1.02206e-08
 7.60793e-09 4.04470e-09 8.91871e-11-3.65391e-09-6.64855e-09-8.52045e-09
-9.10686e-09-8.46882e-09-6.86764e-09-4.69566e-09-2.37852e-09-2.82134e-10
 1.35541e-09 2.45166e-09 3.06066e-09 3.32176e-09 3.39713e-09 3.41088e-09
 3.40858e-09 3.35154e-09 3.14098e-09 2.66595e-09 1.86258e-09 7.53621e-10
-5.45045e-10-1.84449e-09-2.93018e-09-3.62375e-09-3.83295e-09-3.57853e-09
-2.98799e-09-2.25210e-09-1.56476e-09-1.06748e-09-8.09826e-10-7.42002e-10
-7.43904e-10-6.75156e-10-4.29767e-10 2.22831e-11 6.24041e-10 1.25302e-09
 1.76544e-09 2.04944e-09 2.06638e-09 1.86178e-09 1.54484e-09 1.24641e-09
 1.06875e-09 1.04661e-09 1.13655e-09 1.23610e-09 1.22546e-09 1.01762e-09
 5.94875e-10 1.81771e-11-5.91891e-10-1.09765e-09-1.39337e-09-1.43834e-09
-1.26369e-09-9.53828e-10-6.10440e-10-3.16270e-10-1.13971e-10-6.42602e-12
 2.23277e-11 9.61829e-12
