      10
(6e12.5)
     0.0000e+00     0.0000e+00      0  0  0.00
     512   1.00000  0.0000e+00
-8.68207e-10-9.85419e-10-9.92755e-10-8.52329e-10-5.61433e-10-1.68861e-10
 2.31320e-10 5.32185e-10 6.59193e-10 6.05595e-10 4.38934e-10 2.73261e-10
 2.19413e-10 3.37499e-10 6.13820e-10 9.70539e-10 1.29923e-09 1.49915e-09
 1.50411e-09 1.29376e-09 8.94070e-10 3.72797e-10-1.69384e-10-6.16802e-10
-8.68762e-10-8.75019e-10-6.60329e-10-3.21751e-10 5.81675e-12 2.03079e-10
 2.13809e-10 6.31984e-11-1.60961e-10-3.52724e-10-4.33352e-10-3.75343e-10
-1.99078e-10 4.75331e-11 3.10710e-10 5.43691e-10 7.10904e-10 7.90043e-10
 7.76034e-10 6.82920e-10 5.36783e-10 3.59269e-10 1.51094e-10-1.11439e-10
-4.59944e-10-9.03732e-10-1.40442e-09-1.87530e-09-2.21135e-09-2.33553e-09
-2.23542e-09-1.96935e-09-1.63958e-09-1.34885e-09-1.16323e-09-1.09575e-09
-1.11041e-09-1.13791e-09-1.09625e-09-9.13294e-10-5.49381e-10-1.48700e-11
 6.25529e-10 1.26880e-09 1.80859e-09 2.17411e-09 2.35221e-09 2.37989e-09
 2.31318e-09 2.19320e-09 2.03153e-09 1.82172e-09 1.56415e-09 1.28339e-09
 1.02651e-09 8.45727e-10 7.77799e-10 8.30484e-10 9.80691e-10 1.18211e-09
 1.37787e-09 1.51609e-09 1.56787e-09 1.54253e-09 1.49015e-09 1.48339e-09
 1.58143e-09 1.79264e-09 2.05831e-09 2.27035e-09 2.31425e-09 2.11199e-09
 1.64118e-09 9.25706e-10 1.13655e-11-1.05563e-09-2.23715e-09-3.50094e-09
-4.81595e-09-6.14985e-09-7.46693e-09-8.72470e-09-9.87261e-09-1.08573e-08
-1.16336e-08-1.21744e-08-1.24685e-08-1.25036e-08-1.22414e-08-1.16073e-08
-1.05066e-08-8.86563e-09-6.67144e-09-3.98781e-09-9.37997e-10 2.33227e-09
 5.68881e-09 9.02535e-09 1.22633e-08 1.53427e-08 1.82102e-08 2.08048e-08
 2.30474e-08 2.48408e-08 2.60820e-08 2.66816e-08 2.65808e-08 2.57558e-08
 2.42099e-08 2.19643e-08 1.90579e-08 1.55528e-08 1.15378e-08 7.12125e-09
 2.41487e-09-2.48672e-09-7.51512e-09-1.26165e-08-1.77256e-08-2.27431e-08
-2.75302e-08-3.19170e-08-3.57208e-08-3.87678e-08-4.09163e-08-4.20731e-08
-4.21975e-08-4.12882e-08-3.93644e-08-3.64553e-08-3.26050e-08-2.78886e-08
-2.24214e-08-1.63509e-08-9.82832e-09-2.97717e-09 4.12424e-09 1.14359e-08
 1.89291e-08 2.65553e-08 3.42248e-08 4.18044e-08 4.91371e-08 5.60777e-08
 6.25326e-08 6.84890e-08 7.40190e-08 7.92473e-08 8.42868e-08 8.91546e-08
 9.36890e-08 9.74735e-08 9.97729e-08 9.95044e-08 9.52883e-08 8.56249e-08
 6.92088e-08 4.53318e-08 1.42282e-08-2.27637e-08-6.32021e-08-1.03730e-07
-1.40573e-07-1.70206e-07-1.89978e-07-1.98705e-07-1.97131e-07-1.88015e-07
-1.75797e-07-1.65985e-07-1.64404e-07-1.76440e-07-2.06362e-07-2.56547e-07
-3.26368e-07-4.10573e-07-4.97512e-07-5.68039e-07-5.96170e-07-5.52193e-07
-4.08312e-07-1.46268e-07 2.34531e-07 7.11474e-07 1.23849e-06 1.74928e-06
 2.16302e-06 2.39811e-06 2.39039e-06 2.09918e-06 1.51100e-06 6.59506e-07
-3.64367e-07-1.42708e-06-2.36365e-06-2.99422e-06-3.17189e-06-2.83473e-06
-2.03705e-06-9.57595e-07 1.35379e-07 9.67528e-07 1.35749e-06 1.28171e-06
 8.76867e-07 3.81941e-07 3.04220e-08-6.29887e-08 5.24822e-08 2.16980e-07
 2.75739e-07 1.82815e-07 2.16468e-08-7.32130e-08-3.13526e-08 9.71239e-08
 1.92444e-07 1.76347e-07 7.91535e-08-9.10280e-10-2.20302e-09 4.27308e-08
 5.59470e-08 8.83889e-09-4.95706e-08-6.05012e-08-2.92797e-08-1.06101e-08
-3.07732e-08-5.63721e-08-4.92492e-08-2.20763e-08-1.30887e-08-2.52720e-08
-2.72608e-08-8.62264e-09 5.56945e-09 9.20107e-10-4.19508e-09 3.85133e-09
 1.03828e-08 3.74038e-09-3.52930e-09-2.28012e-09-3.18576e-09-1.14186e-08
-1.67351e-08-1.65696e-08-1.84764e-08-2.08632e-08-1.78837e-08-1.26625e-08
-7.99166e-09-1.18898e-09 6.82555e-09 1.32423e-08 1.83745e-08 2.18946e-08
 2.25174e-08 2.04010e-08 1.59458e-08 9.44146e-09 1.74821e-09-6.08450e-09
-1.30378e-08-1.81150e-08-2.05559e-08-1.99845e-08-1.64632e-08-1.05228e-08
-3.10220e-09 4.60875e-09 1.13818e-08 1.61726e-08 1.82967e-08 1.75405e-08
 1.42023e-08 9.05024e-09 3.18422e-09-2.18860e-09-6.00444e-09-7.55391e-09
-6.61438e-09-3.48267e-09 1.08995e-09 6.04946e-09 1.02573e-08 1.27287e-08
 1.28398e-08 1.04651e-08 6.01055e-09 3.25639e-10-5.49114e-09-1.03415e-08
-1.33680e-08-1.41297e-08-1.26851e-08-9.57253e-09-5.67946e-09-2.01972e-09
 5.22700e-10 1.40948e-09 5.70125e-10-1.59105e-09-4.30509e-09-6.64672e-09
-7.78683e-09-7.21470e-09-4.86952e-09-1.15318e-09 3.17040e-09 7.16825e-09
 9.98980e-09 1.11063e-08 1.04493e-08 8.40547e-09 5.69033e-09 3.14293e-09
 1.48717e-09 1.12152e-09 2.00845e-09 3.69774e-09 5.46710e-09 6.54343e-09
 6.34950e-09 4.69351e-09 1.82826e-09-1.63573e-09-4.92242e-09-7.32485e-09
-8.41863e-09-8.18773e-09-7.01557e-09-5.54611e-09-4.46371e-09-4.26038e-09
-5.06389e-09-6.58865e-09-8.23288e-09-9.28776e-09-9.18204e-09-7.68019e-09
-4.96839e-09-1.59645e-09 1.70619e-09 4.27689e-09 5.74101e-09 6.12615e-09
 5.82644e-09 5.43328e-09 5.49701e-09 6.30808e-09 7.77992e-09 9.47199e-09
 1.07382e-08 1.09528e-08 9.74464e-09 7.14913e-09 3.61352e-09-1.51879e-10
-3.42050e-09-5.70036e-09-6.88584e-09-7.24965e-09-7.28561e-09-7.46876e-09
-8.03004e-09-8.84271e-09-9.46857e-09-9.33758e-09-7.98795e-09-5.27642e-09
-1.47081e-09 2.81913e-09 6.83900e-09 9.93051e-09 1.17237e-08 1.22099e-08
 1.16751e-08 1.05325e-08 9.12787e-09 7.59539e-09 5.82080e-09 3.53500e-09
 4.97203e-10-3.32065e-09-7.63508e-09-1.18798e-08-1.53522e-08-1.74243e-08
-1.77322e-08-1.62657e-08-1.33313e-08-9.41591e-09-5.01103e-09-4.74856e-10
 3.99815e-09 8.29243e-09 1.22383e-08 1.55173e-08 1.76618e-08 1.81636e-08
 1.66569e-08 1.30949e-08 7.83549e-09 1.58576e-09-4.76921e-09-1.03774e-08
-1.45892e-08-1.70345e-08-1.75935e-08-1.63005e-08-1.32579e-08-8.62789e-09
-2.70657e-09 3.98188e-09 1.06513e-08 1.63315e-08 2.00554e-08 2.11064e-08
 1.92430e-08 1.48005e-08 8.61327e-09 1.78641e-09-4.58584e-09-9.64306e-09
-1.28561e-08-1.40097e-08-1.31318e-08-1.04308e-08-6.27870e-09-1.23688e-09
 3.92334e-09 8.27454e-09 1.09024e-08 1.11614e-08 8.91548e-09 4.64399e-09
-6.52128e-10-5.72230e-09-9.41879e-09-1.09966e-08-1.02596e-08-7.52794e-09
-3.47319e-09 1.08843e-09 5.36127e-09 8.65891e-09 1.04411e-08 1.03523e-08
 8.29799e-09 4.54296e-09-2.39519e-10-5.04995e-09-8.79910e-09-1.06294e-08
-1.01944e-08-7.77799e-09-4.19678e-09-5.19980e-10 2.27902e-09 3.60048e-09
 3.32886e-09 1.76388e-09-5.51389e-10-2.99996e-09-5.00058e-09-6.06826e-09
-5.86609e-09-4.27629e-09-1.47990e-09 2.00879e-09 5.41644e-09 7.91371e-09
 8.88990e-09 8.18174e-09 6.13668e-09 3.46411e-09 9.41864e-10-8.76763e-10
-1.82259e-09-2.08069e-09-2.00657e-09-1.89635e-09-1.83236e-09-1.66099e-09
-1.07522e-09-3.17236e-10
     0.0000e+00     0.0000e+00      0  0  0.00
     512   1.00000  0.0000e+00
 2.23618e-10-2.82099e-11-2.83270e-10-4.99724e-10-6.45246e-10-7.05538e-10
-6.83948e-10-5.95487e-10-4.61318e-10-3.07136e-10-1.63853e-10-6.56643e-11
-4.14728e-11-1.01349e-10-2.26601e-10-3.72800e-10-4.86873e-10-5.29319e-10
-4.89077e-10-3.83382e-10-2.43776e-10-9.70039e-11 4.78612e-11 1.98548e-10
 3.66361e-10 5.50426e-10 7.30779e-10 8.74818e-10 9.51771e-10 9.44741e-10
 8.53440e-10 6.89355e-10 4.70558e-10 2.21126e-10-2.67088e-11-2.33981e-10
-3.64536e-10-4.00776e-10-3.57276e-10-2.82040e-10-2.40310e-10-2.86099e-10
-4.35483e-10-6.56673e-10-8.83110e-10-1.04193e-09-1.08114e-09-9.82442e-10
-7.58294e-10-4.41597e-10-7.64248e-11 2.87866e-10 6.02162e-10 8.25704e-10
 9.35994e-10 9.35954e-10 8.52951e-10 7.27633e-10 5.96761e-10 4.79263e-10
 3.74286e-10 2.72304e-10 1.69786e-10 7.45730e-11-2.51048e-12-6.19453e-11
-1.22831e-10-2.16336e-10-3.68935e-10-5.85199e-10-8.38818e-10-1.07570e-09
-1.22802e-09-1.23453e-09-1.06012e-09-7.07667e-10-2.18522e-10 3.37256e-10
 8.77303e-10 1.32650e-09 1.63522e-09 1.79007e-09 1.81181e-09 1.74178e-09
 1.62461e-09 1.49607e-09 1.37831e-09 1.27836e-09 1.18651e-09 1.07612e-09
 9.09490e-10 6.50356e-10 2.76669e-10-2.13382e-10-8.03251e-10-1.46274e-09
-2.14992e-09-2.80915e-09-3.36981e-09-3.75306e-09-3.89068e-09-3.75180e-09
-3.36381e-09-2.81191e-09-2.21202e-09-1.66854e-09-1.24008e-09-9.30726e-10
-7.06182e-10-5.18095e-10-3.20715e-10-7.62925e-11 2.43926e-10 6.55966e-10
 1.15585e-09 1.71273e-09 2.26645e-09 2.73137e-09 3.00711e-09 2.99457e-09
 2.61359e-09 1.81859e-09 6.10583e-10-9.53219e-10-2.75121e-09-4.59246e-09
-6.21724e-09-7.30412e-09-7.48762e-09-6.39526e-09-3.71417e-09 7.10650e-10
 6.75763e-09 1.39179e-08 2.12486e-08 2.74646e-08 3.11922e-08 3.13139e-08
 2.72829e-08 1.93161e-08 8.41015e-09-3.83107e-09-1.55204e-08-2.48761e-08
-3.05781e-08-3.20111e-08-2.93494e-08-2.34696e-08-1.57168e-08-7.57946e-09
-3.60702e-10 5.05070e-09 8.24203e-09 9.20229e-09 8.20493e-09 5.70581e-09
 2.26019e-09-1.54783e-09-5.16592e-09-8.12758e-09-1.00986e-08-1.09078e-08
-1.05576e-08-9.21635e-09-7.19418e-09-4.89684e-09-2.75291e-09-1.12207e-09
-2.10133e-10-2.52356e-11-3.94617e-10-1.02785e-09-1.59009e-09-1.75656e-09
-1.24165e-09 1.86658e-10 2.68858e-09 6.31876e-09 1.09793e-08 1.63709e-08
 2.19541e-08 2.69517e-08 3.04663e-08 3.17508e-08 3.04686e-08 2.67166e-08
 2.08651e-08 1.34911e-08 5.46943e-09-1.97519e-09-7.39171e-09-9.36919e-09
-6.83744e-09 7.26036e-10 1.32138e-08 2.98032e-08 4.87169e-08 6.68351e-08
 7.93787e-08 8.00104e-08 6.16726e-08 1.82526e-08-5.31640e-08-1.49965e-07
-2.62182e-07-3.71591e-07-4.52602e-07-4.77207e-07-4.24980e-07-2.92770e-07
-9.72187e-08 1.29484e-07 3.48225e-07 5.26785e-07 6.50761e-07 7.17090e-07
 7.16365e-07 6.29477e-07 4.44756e-07 1.74992e-07-1.39252e-07-4.37568e-07
-6.54980e-07-7.38018e-07-6.59059e-07-4.33789e-07-1.31218e-07 1.43680e-07
 2.95346e-07 2.87211e-07 1.60626e-07 7.97201e-09-8.15867e-08-7.19631e-08
 3.09846e-09 6.95939e-08 7.07397e-08 9.46227e-09-5.82376e-08-7.41099e-08
-2.89622e-08 3.20583e-08 5.52282e-08 3.00041e-08-5.56526e-09-1.01486e-08
 1.57288e-08 3.54018e-08 2.35796e-08-3.68875e-09-1.30634e-08 1.71071e-09
 1.48948e-08 7.64506e-09-6.49717e-09-5.27687e-09 7.94033e-09 1.21061e-08
 3.09205e-09-2.32531e-09 3.17889e-09 6.69526e-09 3.13803e-10-5.49845e-09
-3.07114e-09-8.53961e-10-5.06184e-09-8.33265e-09-6.28292e-09-5.35616e-09
-7.52190e-09-6.90108e-09-3.46642e-09-1.80403e-09-5.81139e-10 2.37560e-09
 4.41964e-09 4.71576e-09 4.92881e-09 4.46967e-09 2.85389e-09 1.11281e-09
-5.58932e-10-2.23428e-09-3.50406e-09-4.23362e-09-4.42809e-09-4.00819e-09
-3.00588e-09-1.54873e-09 1.85552e-10 1.95326e-09 3.49386e-09 4.58185e-09
 5.04287e-09 4.76863e-09 3.74391e-09 2.08726e-09 6.54966e-11-1.96211e-09
-3.64444e-09-4.72319e-09-5.05833e-09-4.61122e-09-3.44055e-09-1.72145e-09
 2.48110e-10 2.09383e-09 3.46299e-09 4.12194e-09 4.00650e-09 3.21525e-09
 1.96907e-09 5.64437e-10-6.74886e-10-1.45535e-09-1.58092e-09-1.01216e-09
 1.11155e-10 1.49995e-09 2.78966e-09 3.63151e-09 3.77690e-09 3.13874e-09
 1.81648e-09 7.53423e-11-1.71868e-09-3.19041e-09-4.05015e-09-4.16670e-09
-3.59625e-09-2.55933e-09-1.37938e-09-4.03008e-10 8.61965e-11-5.13013e-11
-7.59489e-10-1.79518e-09-2.80339e-09-3.43082e-09-3.43134e-09-2.72940e-09
-1.43383e-09 1.89316e-10 1.78185e-09 2.99276e-09 3.58382e-09 3.49640e-09
 2.85451e-09 1.91477e-09 9.88670e-10 3.54126e-10 1.72097e-10 4.35296e-10
 9.70636e-10 1.49601e-09 1.71656e-09 1.43287e-09 6.18970e-10-5.67554e-10
-1.84695e-09-2.91611e-09-3.54224e-09-3.62304e-09-3.20221e-09-2.44350e-09
-1.57645e-09-8.29360e-10-3.61699e-10-2.09797e-10-2.68661e-10-3.29241e-10
-1.66127e-10 3.59652e-10 1.23292e-09 2.28767e-09 3.27855e-09 3.98172e-09
 4.27673e-09 4.17516e-09 3.79047e-09 3.27369e-09 2.75289e-09 2.30030e-09
 1.92601e-09 1.58742e-09 1.20874e-09 7.11720e-10 5.53290e-11-7.30219e-10
-1.53878e-09-2.22320e-09-2.65461e-09-2.77752e-09-2.63494e-09-2.34792e-09
-2.05416e-09-1.83468e-09-1.66818e-09-1.43959e-09-1.00149e-09-2.60069e-10
 7.57459e-10 1.88845e-09 2.88259e-09 3.49393e-09 3.57994e-09 3.16130e-09
 2.40940e-09 1.56417e-09 8.21336e-10 2.41339e-10-2.76213e-10-9.33320e-10
-1.91021e-09-3.23949e-09-4.74742e-09-6.09630e-09-6.90994e-09-6.92517e-09
-6.09697e-09-4.60610e-09-2.77393e-09-9.36477e-10 6.64329e-10 1.93707e-09
 2.93028e-09 3.75953e-09 4.50427e-09 5.12833e-09 5.46792e-09 5.29227e-09
 4.40936e-09 2.77650e-09 5.70194e-10-1.82955e-09-3.95229e-09-5.39872e-09
-5.96515e-09-5.67233e-09-4.70499e-09-3.31385e-09-1.73039e-09-1.23062e-10
 1.39725e-09 2.73589e-09 3.77243e-09 4.35660e-09 4.35308e-09 3.70956e-09
 2.50864e-09 9.79100e-10-5.38614e-10-1.67122e-09-2.12451e-09-1.79070e-09
-7.92842e-10 5.69212e-10 1.94473e-09 3.05401e-09 3.74152e-09 3.95430e-09
 3.69105e-09 2.97144e-09 1.84345e-09 4.13167e-10-1.13396e-09-2.54451e-09
-3.54692e-09-3.92776e-09-3.60961e-09-2.69921e-09-1.47730e-09-3.17572e-10
 4.43821e-10 6.30607e-10 2.78078e-10-4.09615e-10-1.16375e-09-1.75253e-09
-2.03021e-09-1.92970e-09-1.43291e-09-5.59223e-10 6.13907e-10 1.91895e-09
 3.09211e-09 3.82135e-09 3.84644e-09 3.07209e-09 1.63641e-09-1.07706e-10
-1.70120e-09-2.73774e-09-3.00310e-09-2.52958e-09-1.54499e-09-3.57353e-10
 7.55070e-10 1.60039e-09 2.07527e-09 2.14330e-09 1.82012e-09 1.17556e-09
 3.42514e-10-4.90109e-10-1.12145e-09-1.41405e-09-1.35420e-09-1.03797e-09
-5.65802e-10-1.49489e-10
     0.0000e+00     0.0000e+00      0  0  0.00
     512   1.00000  0.0000e+00
-1.67953e-10-2.07484e-10-2.43856e-10-2.69297e-10-2.77953e-10-2.67000e-10
-2.35580e-10-1.83739e-10-1.12264e-10-2.26265e-11 8.33629e-11 2.03708e-10
 3.34938e-10 4.69463e-10 5.94573e-10 6.94988e-10 7.56731e-10 7.69897e-10
 7.30259e-10 6.39534e-10 5.04018e-10 3.32729e-10 1.36075e-10-7.48824e-11
-2.88597e-10-4.92800e-10-6.74315e-10-8.19459e-10-9.15891e-10-9.55808e-10
-9.37871e-10-8.65812e-10-7.45672e-10-5.84896e-10-3.93103e-10-1.81686e-10
 3.87084e-11 2.60477e-10 4.78924e-10 6.90588e-10 8.91604e-10 1.07599e-09
 1.23397e-09 1.35174e-09 1.41306e-09 1.40247e-09 1.30938e-09 1.13208e-09
 8.79237e-10 5.67614e-10 2.17671e-10-1.49689e-10-5.13419e-10-8.51814e-10
-1.14439e-09-1.37545e-09-1.53535e-09-1.61880e-09-1.62387e-09-1.55340e-09
-1.41581e-09-1.22315e-09-9.88417e-10-7.25279e-10-4.49030e-10-1.76252e-10
 7.76117e-11 3.01671e-10 4.92646e-10 6.55292e-10 7.98421e-10 9.28399e-10
 1.04444e-09 1.13762e-09 1.19210e-09 1.18675e-09 1.09861e-09 9.09508e-10
 6.13166e-10 2.17777e-10-2.55151e-10-7.69995e-10-1.27329e-09-1.69416e-09
-1.95465e-09-1.98646e-09-1.74635e-09-1.22617e-09-4.56892e-10 4.94265e-10
 1.53386e-09 2.55636e-09 3.45877e-09 4.15360e-09 4.57850e-09 4.70110e-09
 4.51891e-09 4.05577e-09 3.35562e-09 2.47201e-09 1.45449e-09 3.38883e-10
-8.51184e-10-2.09476e-09-3.36646e-09-4.63589e-09-5.86804e-09-7.02118e-09
-8.04747e-09-8.89940e-09-9.53658e-09-9.92694e-09-1.00454e-08-9.87557e-09
-9.41317e-09-8.66543e-09-7.64511e-09-6.36419e-09-4.83257e-09-3.06259e-09
-1.07640e-09 1.08709e-09 3.36897e-09 5.69280e-09 7.97059e-09 1.01092e-08
 1.20180e-08 1.36186e-08 1.48539e-08 1.56886e-08 1.61078e-08 1.61199e-08
 1.57613e-08 1.50907e-08 1.41726e-08 1.30587e-08 1.17780e-08 1.03340e-08
 8.70816e-09 6.87276e-09 4.81596e-09 2.56876e-09 2.18552e-10-2.09736e-09
-4.21188e-09-5.95650e-09-7.19709e-09-7.86849e-09-7.99081e-09-7.65945e-09
-7.01846e-09-6.23257e-09-5.46652e-09-4.87154e-09-4.57304e-09-4.65491e-09
-5.14072e-09-5.98021e-09-7.04972e-09-8.16708e-09-9.11905e-09-9.70332e-09
-9.78833e-09-9.38669e-09-8.72706e-09-8.30494e-09-8.89465e-09-1.15001e-08
-1.72190e-08-2.70097e-08-4.13762e-08-6.00016e-08-8.13813e-08-1.02546e-07
-1.19009e-07-1.25060e-07-1.14513e-07-8.19213e-08-2.42221e-08 5.73809e-08
 1.55682e-07 2.57203e-07 3.44793e-07 4.00966e-07 4.10105e-07 3.62910e-07
 2.61534e-07 1.19442e-07-4.10254e-08-1.91023e-07-3.02004e-07-3.55334e-07
-3.48710e-07-2.96909e-07-2.25892e-07-1.61238e-07-1.16410e-07-8.83057e-08
-6.34522e-08-3.09541e-08 7.40652e-09 3.83832e-08 4.86870e-08 3.68535e-08
 1.55777e-08 1.93513e-09 4.59168e-09 2.02552e-08 3.83615e-08 4.52954e-08
 3.05998e-08-1.63455e-09-2.99550e-08-3.00855e-08 9.69069e-09 8.86689e-08
 2.00821e-07 3.33384e-07 4.61777e-07 5.53483e-07 5.76923e-07 5.08314e-07
 3.39597e-07 8.57378e-08-2.15652e-07-5.12545e-07-7.49972e-07-8.82083e-07
-8.83878e-07-7.59075e-07-5.39218e-07-2.73590e-07-1.40521e-08 1.99302e-07
 3.45712e-07 4.21950e-07 4.34607e-07 3.93846e-07 3.12941e-07 2.11284e-07
 1.14435e-07 4.56306e-08 1.19733e-08-1.25361e-09-1.75578e-08-4.54552e-08
-6.89443e-08-6.73001e-08-4.31179e-08-2.12313e-08-1.75783e-08-2.15272e-08
-1.66903e-08-5.63140e-09-5.20350e-10-1.48072e-09-7.08152e-10 1.75316e-09
 1.71483e-09 9.10672e-10 1.70652e-09 1.83649e-09 7.35489e-10 6.00073e-10
 6.51404e-10-4.83776e-10-1.25446e-09-1.39561e-09-2.32342e-09-3.28071e-09
-3.57745e-09-4.27184e-09-5.09816e-09-5.34401e-09-5.65931e-09-5.92701e-09
-5.62464e-09-5.23618e-09-4.70000e-09-3.72688e-09-2.75385e-09-1.71983e-09
-5.12391e-10 4.81741e-10 1.34887e-09 2.09132e-09 2.45898e-09 2.63352e-09
 2.61135e-09 2.32690e-09 1.99747e-09 1.59932e-09 1.19135e-09 9.28740e-10
 7.53023e-10 7.47883e-10 9.30078e-10 1.20235e-09 1.57265e-09 1.92111e-09
 2.16352e-09 2.27839e-09 2.18784e-09 1.91203e-09 1.46810e-09 9.07006e-10
 3.28320e-10-2.16474e-10-6.39359e-10-8.90257e-10-9.66311e-10-8.78240e-10
-6.76674e-10-4.11269e-10-1.43950e-10 8.40460e-11 2.55791e-10 3.60341e-10
 4.19931e-10 4.73896e-10 5.66772e-10 7.35557e-10 9.99722e-10 1.34953e-09
 1.74014e-09 2.11268e-09 2.40455e-09 2.54992e-09 2.49382e-09 2.21621e-09
 1.73347e-09 1.09046e-09 3.60504e-10-3.75661e-10-1.05839e-09-1.65217e-09
-2.14094e-09-2.52951e-09-2.84106e-09-3.10996e-09-3.36384e-09-3.60278e-09
-3.79724e-09-3.89546e-09-3.83847e-09-3.58992e-09-3.14836e-09-2.53446e-09
-1.78666e-09-9.61235e-10-1.24044e-10 6.56876e-10 1.32766e-09 1.86920e-09
 2.29097e-09 2.60999e-09 2.83962e-09 2.97956e-09 3.01290e-09 2.91829e-09
 2.67757e-09 2.28062e-09 1.73362e-09 1.05629e-09 2.81281e-10-5.36936e-10
-1.33208e-09-2.04624e-09-2.63583e-09-3.07788e-09-3.37308e-09-3.52967e-09
-3.55138e-09-3.44054e-09-3.19830e-09-2.82445e-09-2.32185e-09-1.69496e-09
-9.50836e-10-1.12593e-10 7.73685e-10 1.64829e-09 2.44910e-09 3.12317e-09
 3.63804e-09 3.97951e-09 4.14225e-09 4.12874e-09 3.95225e-09 3.63642e-09
 3.20944e-09 2.69901e-09 2.13463e-09 1.54815e-09 9.71774e-10 4.41431e-10
-1.35535e-11-3.96021e-10-7.42575e-10-1.10133e-09-1.51962e-09-2.02787e-09
-2.60763e-09-3.18539e-09-3.65654e-09-3.89741e-09-3.78223e-09-3.23046e-09
-2.24153e-09-8.96716e-10 6.41758e-10 2.14202e-09 3.34502e-09 4.01159e-09
 3.95490e-09 3.07446e-09 1.38994e-09-9.46530e-10-3.66156e-09-6.38456e-09
-8.69100e-09-1.01743e-08-1.05266e-08-9.60439e-09-7.47235e-09-4.40909e-09
-8.54372e-10 2.68113e-09 5.71487e-09 7.88284e-09 8.99848e-09 9.06804e-09
 8.26533e-09 6.87688e-09 5.23910e-09 3.67280e-09 2.41792e-09 1.59423e-09
 1.19676e-09 1.11715e-09 1.19724e-09 1.29153e-09 1.30174e-09 1.19237e-09
 9.93289e-10 7.79011e-10 6.39877e-10 6.48654e-10 8.18440e-10 1.08419e-09
 1.32161e-09 1.38459e-09 1.15415e-09 5.78980e-10-3.12921e-10-1.41533e-09
-2.55804e-09-3.55143e-09-4.23686e-09-4.51790e-09-4.37609e-09-3.86233e-09
-3.06557e-09-2.08429e-09-1.00481e-09 1.12992e-10 1.22689e-09 2.29196e-09
 3.25127e-09 4.03409e-09 4.56287e-09 4.77409e-09 4.63592e-09 4.15560e-09
 3.38415e-09 2.40895e-09 1.33305e-09 2.55672e-10-7.47843e-10-1.64411e-09
-2.43903e-09-3.15875e-09-3.82912e-09-4.45394e-09-5.00137e-09-5.40762e-09
-5.58974e-09-5.46851e-09-5.00142e-09-4.20401e-09-3.14915e-09-1.95139e-09
-7.36097e-10 3.95431e-10 1.38180e-09 2.19853e-09 2.84677e-09 3.33409e-09
 3.65666e-09 3.79367e-09 3.71153e-09 3.37910e-09 2.79218e-09 1.98859e-09
 1.04614e-09 7.60433e-11-7.86496e-10-1.40029e-09-1.64393e-09-1.45098e-09
-8.51541e-10-2.30645e-10
     0.0000e+00     0.0000e+00      0  0  0.00
     512   1.00000  0.0000e+00
 9.29774e-10 7.17958e-10 4.51253e-10 1.73021e-10-7.01938e-11-2.46474e-10
-3.52819e-10-4.17670e-10-4.87539e-10-6.03292e-10-7.78502e-10-9.90744e-10
-1.19007e-09-1.32065e-09-1.34491e-09-1.25895e-09-1.09198e-09-8.90154e-10
-6.92591e-10-5.12701e-10-3.34974e-10-1.28104e-10 1.33250e-10 4.49209e-10
 7.88097e-10 1.09692e-09 1.32387e-09 1.44026e-09 1.44995e-09 1.38202e-09
 1.27198e-09 1.14147e-09 9.87078e-10 7.84993e-10 5.09972e-10 1.57181e-10
-2.46701e-10-6.50101e-10-9.97078e-10-1.24981e-09-1.40098e-09-1.47074e-09
-1.48997e-09-1.47832e-09-1.43058e-09-1.32089e-09-1.12158e-09-8.23804e-10
-4.48302e-10-4.02299e-11 3.50407e-10 6.92288e-10 9.84436e-10 1.24745e-09
 1.50126e-09 1.74495e-09 1.95001e-09 2.06962e-09 2.05880e-09 1.89487e-09
 1.58704e-09 1.16950e-09 6.82673e-10 1.55621e-10-3.97615e-10-9.65518e-10
-1.52090e-09-2.01109e-09-2.36508e-09-2.51706e-09-2.43557e-09-2.14054e-09
-1.69629e-09-1.18621e-09-6.85439e-10-2.44278e-10 1.14554e-10 3.87659e-10
 5.79566e-10 6.98714e-10 7.64827e-10 8.18422e-10 9.17587e-10 1.11635e-09
 1.43388e-09 1.83161e-09 2.21215e-09 2.44270e-09 2.39502e-09 1.98588e-09
 1.20055e-09 9.10442e-11-1.24275e-09-2.67266e-09-4.05414e-09-5.23491e-09
-6.06793e-09-6.43261e-09-6.26249e-09-5.56852e-09-4.43938e-09-3.01059e-09
-1.41708e-09 2.43718e-10 1.92244e-09 3.60425e-09 5.28292e-09 6.93638e-09
 8.51472e-09 9.94489e-09 1.11447e-08 1.20336e-08 1.25338e-08 1.25711e-08
 1.20866e-08 1.10582e-08 9.51506e-09 7.53203e-09 5.20173e-09 2.59587e-09
-2.66144e-10-3.41836e-09-6.91091e-09-1.07525e-08-1.48604e-08-1.90322e-08
-2.29380e-08-2.61333e-08-2.80930e-08-2.82734e-08-2.62050e-08-2.16212e-08
-1.46091e-08-5.74048e-09 3.89436e-09 1.28294e-08 1.95371e-08 2.28047e-08
 2.20407e-08 1.74319e-08 9.92598e-09 1.04673e-09-7.41167e-09-1.37442e-08
-1.66810e-08-1.56503e-08-1.08876e-08-3.34927e-09 5.54801e-09 1.42824e-08
 2.15700e-08 2.65835e-08 2.89874e-08 2.88348e-08 2.64364e-08 2.22627e-08
 1.68747e-08 1.08617e-08 4.78777e-09-8.44943e-10-5.61872e-09-9.21687e-09
-1.14322e-08-1.21580e-08-1.13637e-08-9.06970e-09-5.33849e-09-3.02836e-10
 5.74659e-09 1.22178e-08 1.80803e-08 2.18295e-08 2.16174e-08 1.55553e-08
 2.16844e-09-1.90282e-08-4.69057e-08-7.81908e-08-1.07211e-07-1.26084e-07
-1.25625e-07-9.82615e-08-4.39540e-08 2.57983e-08 9.34084e-08 1.45788e-07
 1.76939e-07 1.82446e-07 1.57833e-07 1.03368e-07 2.84087e-08-4.85373e-08
-1.05543e-07-1.27947e-07-1.16947e-07-8.85192e-08-6.27382e-08-5.08517e-08
-4.87688e-08-4.16200e-08-1.68914e-08 2.33175e-08 6.14791e-08 7.69968e-08
 6.10565e-08 2.12612e-08-2.53376e-08-6.14300e-08-7.37444e-08-5.45065e-08
-4.70004e-09 6.29544e-08 1.31609e-07 1.96611e-07 2.65053e-07 3.33185e-07
 3.76174e-07 3.65082e-07 2.81835e-07 1.16696e-07-1.29074e-07-4.29435e-07
-7.31741e-07-9.67195e-07-1.06174e-06-9.56821e-07-6.37802e-07-1.48901e-07
 4.09832e-07 9.01475e-07 1.19067e-06 1.19214e-06 9.08310e-07 4.37859e-07
-5.47183e-08-4.04223e-07-5.17896e-07-4.17360e-07-2.21779e-07-7.46091e-08
-5.32555e-08-1.23208e-07-1.75928e-07-1.28010e-07 3.47619e-10 1.06249e-07
 1.11484e-07 4.36300e-08-4.90413e-09 9.12664e-09 4.04394e-08 3.54381e-08
 6.11410e-09-6.13720e-09 7.16375e-10 1.84323e-09-4.22250e-09-3.44006e-09
 6.95787e-10-7.63666e-10-2.12715e-09 7.14952e-10 1.35651e-09-4.12752e-10
 4.76597e-10 1.45454e-09 1.40054e-10 1.12440e-10 9.41037e-10 4.93863e-11
-4.21105e-10-4.50125e-11-8.85982e-10-1.60197e-09-1.55071e-09-2.22846e-09
-2.69333e-09-2.47149e-09-2.71183e-09-2.71121e-09-2.25571e-09-2.14921e-09
-1.73927e-09-1.05072e-09-6.32763e-10 4.35669e-11 7.27186e-10 1.13372e-09
 1.69442e-09 2.11839e-09 2.40885e-09 2.79641e-09 2.95210e-09 3.00217e-09
 2.96841e-09 2.67093e-09 2.33065e-09 1.87905e-09 1.31982e-09 7.83946e-10
 1.47231e-10-4.90155e-10-1.06821e-09-1.56449e-09-1.86447e-09-2.02986e-09
-2.04453e-09-1.91480e-09-1.68281e-09-1.30699e-09-8.32620e-10-2.91345e-10
 2.79775e-10 8.50976e-10 1.41874e-09 1.92822e-09 2.34115e-09 2.62395e-09
 2.77938e-09 2.84918e-09 2.83303e-09 2.66203e-09 2.24837e-09 1.59930e-09
 8.20199e-10 2.02959e-11-7.67984e-10-1.59185e-09-2.48733e-09-3.38010e-09
-4.09462e-09-4.49869e-09-4.61853e-09-4.58866e-09-4.50469e-09-4.33505e-09
-3.97404e-09-3.38170e-09-2.66370e-09-1.99437e-09-1.45793e-09-9.85340e-10
-4.61998e-10 1.21247e-10 6.46848e-10 9.86291e-10 1.11648e-09 1.12444e-09
 1.10547e-09 1.06319e-09 9.17653e-10 6.07898e-10 1.74376e-10-2.63801e-10
-6.11013e-10-8.67841e-10-1.09664e-09-1.32773e-09-1.51724e-09-1.59052e-09
-1.51010e-09-1.30008e-09-1.01100e-09-6.67764e-10-2.54546e-10 2.56525e-10
 8.64755e-10 1.52250e-09 2.15907e-09 2.72667e-09 3.21791e-09 3.64100e-09
 3.99060e-09 4.24578e-09 4.38472e-09 4.39559e-09 4.28261e-09 4.06652e-09
 3.77257e-09 3.41830e-09 3.01985e-09 2.60692e-09 2.22260e-09 1.91129e-09
 1.70843e-09 1.62676e-09 1.64489e-09 1.71914e-09 1.80247e-09 1.84725e-09
 1.81224e-09 1.67973e-09 1.45471e-09 1.15443e-09 8.15880e-10 5.01897e-10
 2.85718e-10 2.32847e-10 3.83052e-10 7.20148e-10 1.15893e-09 1.57220e-09
 1.81979e-09 1.75483e-09 1.23563e-09 1.57662e-10-1.50241e-09-3.63340e-09
-5.96373e-09-8.11710e-09-9.71989e-09-1.04725e-08-1.01733e-08-8.74754e-09
-6.29741e-09-3.14732e-09 1.55482e-10 2.93969e-09 4.60547e-09 4.79982e-09
 3.46725e-09 8.13818e-10-2.72552e-09-6.50812e-09-9.74481e-09-1.16460e-08
-1.16501e-08-9.63284e-09-5.95346e-09-1.30924e-09 3.47736e-09 7.61339e-09
 1.04209e-08 1.14234e-08 1.04696e-08 7.83580e-09 4.19886e-09 4.28998e-10
-2.71645e-09-4.81349e-09-5.79690e-09-5.85171e-09-5.29463e-09-4.50139e-09
-3.84737e-09-3.60123e-09-3.78427e-09-4.10707e-09-4.07936e-09-3.25410e-09
-1.45081e-09 1.17716e-09 4.23086e-09 7.20908e-09 9.63022e-09 1.11215e-08
 1.14917e-08 1.07933e-08 9.33500e-09 7.59044e-09 6.01766e-09 4.88047e-09
 4.16264e-09 3.61064e-09 2.87753e-09 1.69133e-09-2.88338e-11-2.14178e-09
-4.32852e-09-6.18472e-09-7.33899e-09-7.57492e-09-6.91798e-09-5.64055e-09
-4.16738e-09-2.91222e-09-2.11652e-09-1.76752e-09-1.62951e-09-1.36356e-09
-6.84260e-10 5.06623e-10 2.06932e-09 3.67699e-09 4.93563e-09 5.52413e-09
 5.30933e-09 4.39484e-09 3.08134e-09 1.74708e-09 6.93807e-10 3.02010e-11
-3.51008e-10-6.97836e-10-1.26275e-09-2.16254e-09-3.29834e-09-4.37761e-09
-5.03002e-09-4.96212e-09-4.08220e-09-2.54721e-09-7.18049e-10 9.61175e-10
 2.11627e-09 2.56446e-09 2.35190e-09 1.70114e-09 9.08546e-10 2.50723e-10
-5.34395e-11-4.67000e-11
     0.0000e+00     0.0000e+00      0  0  0.00
     512   1.00000  0.0000e+00
-1.94231e-10-2.51621e-10-2.57387e-10-2.11178e-10-1.32475e-10-5.78202e-11
-2.97466e-11-7.98569e-11-2.13249e-10-4.03944e-10-6.06131e-10-7.75727e-10
-8.88806e-10-9.46848e-10-9.69536e-10-9.80784e-10-9.92701e-10-9.94054e-10
-9.51000e-10-8.21338e-10-5.75488e-10-2.14316e-10 2.25587e-10 6.83424e-10
 1.09654e-09 1.42101e-09 1.64061e-09 1.76199e-09 1.80146e-09 1.77223e-09
 1.67739e-09 1.50953e-09 1.25831e-09 9.24984e-10 5.33654e-10 1.27261e-10
-2.51561e-10-5.80542e-10-8.64828e-10-1.12809e-09-1.39364e-09-1.66485e-09
-1.91515e-09-2.09338e-09-2.14204e-09-2.02027e-09-1.72238e-09-1.28288e-09
-7.62527e-10-2.22046e-10 2.99786e-10 7.89552e-10 1.24392e-09 1.64976e-09
 1.97748e-09 2.19256e-09 2.27338e-09 2.22199e-09 2.06483e-09 1.84387e-09
 1.59773e-09 1.33975e-09 1.04960e-09 6.88340e-10 2.28695e-10-3.19609e-10
-9.05417e-10-1.45607e-09-1.90953e-09-2.23635e-09-2.43757e-09-2.52506e-09
-2.50248e-09-2.35927e-09-2.07887e-09-1.65428e-09-1.10278e-09-4.72091e-10
 1.68610e-10 7.52990e-10 1.24164e-09 1.62373e-09 1.89253e-09 2.01951e-09
 1.95308e-09 1.64254e-09 1.06796e-09 2.57553e-10-7.15225e-10-1.75320e-09
-2.76360e-09-3.67727e-09-4.45062e-09-5.05254e-09-5.44582e-09-5.57706e-09
-5.38530e-09-4.82597e-09-3.89112e-09-2.60812e-09-1.01710e-09 8.50239e-10
 2.96695e-09 5.28559e-09 7.71916e-09 1.01469e-08 1.24363e-08 1.44664e-08
 1.61468e-08 1.74290e-08 1.82962e-08 1.87340e-08 1.87036e-08 1.81418e-08
 1.69872e-08 1.52071e-08 1.28069e-08 9.81867e-09 6.29116e-09 2.29362e-09
-2.07110e-09-6.66074e-09-1.13051e-08-1.58321e-08-2.00935e-08-2.39765e-08
-2.73965e-08-3.02800e-08-3.25456e-08-3.40896e-08-3.47966e-08-3.45803e-08
-3.34280e-08-3.14116e-08-2.86655e-08-2.53539e-08-2.16423e-08-1.76668e-08
-1.35062e-08-9.16989e-09-4.61753e-09 1.88296e-10 5.22217e-09 1.03544e-08
 1.53386e-08 1.98366e-08 2.34900e-08 2.60240e-08 2.73313e-08 2.74955e-08
 2.67566e-08 2.54477e-08 2.39341e-08 2.25649e-08 2.16238e-08 2.12709e-08
 2.14973e-08 2.21260e-08 2.28618e-08 2.33570e-08 2.32686e-08 2.23020e-08
 2.02561e-08 1.70886e-08 1.30148e-08 8.62532e-09 4.98083e-09 3.62098e-09
 6.42283e-09 1.52826e-08 3.16365e-08 5.58479e-08 8.65144e-08 1.19837e-07
 1.49287e-07 1.65813e-07 1.58774e-07 1.17687e-07 3.47916e-08-9.17868e-08
-2.54686e-07-4.34663e-07-6.00620e-07-7.14365e-07-7.40608e-07-6.59538e-07
-4.73953e-07-2.07409e-07 9.88811e-08 3.89802e-07 6.08964e-07 7.16741e-07
 7.03538e-07 5.93668e-07 4.37172e-07 2.89472e-07 1.87078e-07 1.33547e-07
 1.05526e-07 7.54389e-08 3.46520e-08-6.60318e-10-5.59209e-09 2.84699e-08
 8.19869e-08 1.20812e-07 1.20520e-07 7.58155e-08-4.62951e-09-1.01661e-07
-1.94547e-07-2.79193e-07-3.66370e-07-4.56382e-07-5.31619e-07-5.76845e-07
-5.89351e-07-5.65306e-07-4.93413e-07-3.67154e-07-1.91343e-07 1.81638e-08
 2.29903e-07 4.00993e-07 4.94961e-07 4.99555e-07 4.35922e-07 3.52094e-07
 3.01814e-07 3.19868e-07 4.02218e-07 5.00000e-07 5.36362e-07 4.43428e-07
 2.03339e-07-1.28108e-07-4.34173e-07-5.91686e-07-5.43210e-07-3.39656e-07
-1.16439e-07-5.75233e-09-4.00360e-08-1.28514e-07-1.42487e-07-4.25561e-08
 8.17005e-08 1.15066e-07 5.05483e-08-1.34093e-08-8.00197e-09 2.76681e-08
 2.78333e-08-5.78707e-10-1.17791e-08-3.80859e-09-3.91996e-09-1.04650e-08
-7.66903e-09-2.78317e-09-5.01320e-09-5.23180e-09-4.45750e-10 8.24622e-10
 4.51293e-10 3.78924e-09 5.96476e-09 5.51212e-09 7.00680e-09 8.37936e-09
 7.55752e-09 7.93382e-09 8.69291e-09 7.80986e-09 7.58896e-09 7.63428e-09
 6.42225e-09 5.74623e-09 5.33887e-09 4.17226e-09 3.60204e-09 3.16994e-09
 2.24003e-09 1.86947e-09 1.52201e-09 9.78739e-10 9.31149e-10 7.08769e-10
 3.52644e-10 2.04150e-10-2.51718e-10-6.66209e-10-9.58309e-10-1.42220e-09
-1.71511e-09-2.03739e-09-2.46616e-09-2.79441e-09-3.22422e-09-3.58277e-09
-3.82521e-09-4.06598e-09-4.15371e-09-4.16516e-09-4.05616e-09-3.79841e-09
-3.48775e-09-3.05806e-09-2.57390e-09-2.05801e-09-1.51070e-09-9.78833e-10
-4.26656e-10 1.17932e-10 6.21216e-10 1.00699e-09 1.19426e-09 1.18939e-09
 1.02232e-09 7.50773e-10 4.06986e-10-6.26688e-12-4.86426e-10-9.97160e-10
-1.45370e-09-1.79055e-09-1.99458e-09-2.07876e-09-2.03214e-09-1.81155e-09
-1.37804e-09-7.43324e-10 1.27822e-11 7.93446e-10 1.54201e-09 2.23549e-09
 2.84788e-09 3.34264e-09 3.69350e-09 3.90723e-09 4.02095e-09 4.06767e-09
 4.03992e-09 3.88436e-09 3.54732e-09 3.03562e-09 2.41047e-09 1.72431e-09
 9.93180e-10 2.23758e-10-5.53096e-10-1.27846e-09-1.90304e-09-2.42209e-09
-2.85360e-09-3.19376e-09-3.40532e-09-3.43357e-09-3.23406e-09-2.79930e-09
-2.16045e-09-1.36824e-09-4.72662e-10 4.90448e-10 1.49225e-09 2.49364e-09
 3.45067e-09 4.32878e-09 5.09721e-09 5.72164e-09 6.16599e-09 6.38838e-09
 6.34358e-09 6.00506e-09 5.38444e-09 4.52981e-09 3.50279e-09 2.34504e-09
 1.06737e-09-3.23335e-10-1.79685e-09-3.29981e-09-4.76674e-09-6.13126e-09
-7.33480e-09-8.32130e-09-9.02818e-09-9.39669e-09-9.39439e-09-9.02291e-09
-8.30144e-09-7.24335e-09-5.85112e-09-4.13561e-09-2.14941e-09-9.06741e-12
 2.12394e-09 4.09082e-09 5.76333e-09 7.04692e-09 7.88390e-09 8.24416e-09
 8.10669e-09 7.47492e-09 6.40534e-09 4.99224e-09 3.34091e-09 1.57773e-09
-1.36928e-10-1.61791e-09-2.66908e-09-3.11949e-09-2.89005e-09-2.03077e-09
-6.92777e-10 9.25304e-10 2.61859e-09 4.20122e-09 5.51758e-09 6.44544e-09
 6.90601e-09 6.87950e-09 6.40050e-09 5.53113e-09 4.34602e-09 2.93357e-09
 1.38594e-09-2.23186e-10-1.85630e-09-3.51231e-09-5.19177e-09-6.83360e-09
-8.27399e-09-9.27870e-09-9.64414e-09-9.29326e-09-8.30161e-09-6.86183e-09
-5.22379e-09-3.64329e-09-2.36085e-09-1.57598e-09-1.38323e-09-1.71859e-09
-2.36941e-09-3.04373e-09-3.47007e-09-3.47469e-09-3.00161e-09-2.10738e-09
-9.53655e-10 2.25329e-10 1.19442e-09 1.81238e-09 2.09642e-09 2.19837e-09
 2.31780e-09 2.62254e-09 3.19035e-09 3.96794e-09 4.76962e-09 5.32248e-09
 5.35113e-09 4.68330e-09 3.32188e-09 1.44566e-09-6.42251e-10-2.59664e-09
-4.12700e-09-5.07328e-09-5.43361e-09-5.33923e-09-4.98109e-09-4.51740e-09
-4.00524e-09-3.38000e-09-2.49448e-09-1.20765e-09 5.27029e-10 2.61476e-09
 4.82031e-09 6.82100e-09 8.30090e-09 9.04783e-09 9.02095e-09 8.36088e-09
 7.32410e-09 6.17601e-09 5.09947e-09 4.14244e-09 3.21734e-09 2.16016e-09
 8.23919e-10-8.33939e-10-2.70153e-09-4.52882e-09-6.01223e-09-6.90566e-09
-7.10546e-09-6.67233e-09-5.78191e-09-4.63897e-09-3.40264e-09-2.14644e-09
-8.68751e-10 4.39947e-10 1.70876e-09 2.73633e-09 3.22373e-09 2.90505e-09
 1.73275e-09 4.73458e-10
     0.0000e+00     0.0000e+00      0  0  0.00
     512   1.00000  0.0000e+00
-1.13524e-09-1.08945e-09-9.73997e-10-7.89571e-10-5.41237e-10-2.37594e-10
 1.08215e-10 4.76437e-10 8.40491e-10 1.17069e-09 1.44046e-09 1.63117e-09
 1.73397e-09 1.74927e-09 1.68503e-09 1.55336e-09 1.36589e-09 1.13040e-09
 8.51104e-10 5.32588e-10 1.83447e-10-1.83196e-10-5.52394e-10-9.10676e-10
-1.24660e-09-1.54758e-09-1.79628e-09-1.97060e-09-2.04769e-09-2.00946e-09
-1.84718e-09-1.56439e-09-1.17844e-09-7.18766e-10-2.20681e-10 2.82735e-10
 7.64909e-10 1.20416e-09 1.58014e-09 1.87344e-09 2.06932e-09 2.16190e-09
 2.15439e-09 2.05457e-09 1.86890e-09 1.59944e-09 1.24527e-09 8.07045e-10
 2.92346e-10-2.79620e-10-8.75727e-10-1.45142e-09-1.95927e-09-2.36004e-09
-2.62931e-09-2.75584e-09-2.73556e-09-2.56933e-09-2.26718e-09-1.85284e-09
-1.36188e-09-8.33083e-10-2.98521e-10 2.22550e-10 7.24370e-10 1.21021e-09
 1.68385e-09 2.13959e-09 2.55532e-09 2.89336e-09 3.10976e-09 3.16692e-09
 3.04120e-09 2.72195e-09 2.20795e-09 1.50973e-09 6.59307e-10-2.81917e-10
-1.22678e-09-2.07728e-09-2.74178e-09-3.14786e-09-3.25030e-09-3.03565e-09
-2.52192e-09-1.75255e-09-7.88706e-10 2.94233e-10 1.40710e-09 2.45235e-09
 3.33930e-09 4.00359e-09 4.41824e-09 4.58872e-09 4.53674e-09 4.28586e-09
 3.85711e-09 3.27061e-09 2.54404e-09 1.68579e-09 6.90245e-10-4.58489e-10
-1.77705e-09-3.27280e-09-4.93399e-09-6.71881e-09-8.54895e-09-1.03177e-08
-1.19124e-08-1.32363e-08-1.42144e-08-1.47853e-08-1.48957e-08-1.45049e-08
-1.35931e-08-1.21634e-08-1.02335e-08-7.82733e-09-4.97458e-09-1.71731e-09
 1.88115e-09 5.73023e-09 9.70933e-09 1.36695e-08 1.74438e-08 2.08662e-08
 2.37914e-08 2.61028e-08 2.77067e-08 2.85276e-08 2.85115e-08 2.76341e-08
 2.59004e-08 2.33367e-08 1.99888e-08 1.59294e-08 1.12664e-08 6.14170e-09
 7.22516e-10-4.80860e-09-1.02640e-08-1.54649e-08-2.02533e-08-2.44934e-08
-2.80647e-08-3.08575e-08-3.27767e-08-3.37463e-08-3.37065e-08-3.26099e-08
-3.04247e-08-2.71493e-08-2.28279e-08-1.75592e-08-1.14956e-08-4.83622e-09
 2.18257e-09 9.29750e-09 1.62312e-08 2.27068e-08 2.84660e-08 3.32960e-08
 3.70682e-08 3.97827e-08 4.15925e-08 4.27940e-08 4.37836e-08 4.49847e-08
 4.67424e-08 4.91783e-08 5.20236e-08 5.44732e-08 5.51123e-08 5.19627e-08
 4.26899e-08 2.50032e-08-2.75403e-09-4.08772e-08-8.75444e-08-1.38183e-07
-1.85264e-07-2.19564e-07-2.32957e-07-2.20017e-07-1.78805e-07-1.13757e-07
-3.62222e-08 3.94607e-08 9.86569e-08 1.28929e-07 1.24790e-07 9.04635e-08
 3.89294e-08-1.20746e-08-4.66553e-08-5.68243e-08-4.46080e-08-1.92833e-08
 8.82493e-09 3.40403e-08 5.62970e-08 7.71525e-08 9.49879e-08 1.04382e-07
 1.00979e-07 8.74747e-08 7.54740e-08 8.15155e-08 1.18356e-07 1.85275e-07
 2.64388e-07 3.28698e-07 3.58495e-07 3.53175e-07 3.24375e-07 2.74562e-07
 1.89741e-07 5.61899e-08-1.26109e-07-3.44900e-07-5.77580e-07-7.91770e-07
-9.49212e-07-1.01222e-06-9.54702e-07-7.73533e-07-4.91249e-07-1.50103e-07
 1.97205e-07 4.97609e-07 7.08634e-07 8.07990e-07 7.96889e-07 6.95882e-07
 5.35979e-07 3.49472e-07 1.64598e-07 4.27320e-09-1.13725e-07-1.78740e-07
-1.92444e-07-1.71829e-07-1.43099e-07-1.25937e-07-1.19117e-07-1.04302e-07
-6.92794e-08-2.62973e-08-4.27740e-10 9.38688e-10-3.78331e-09 2.40278e-09
 1.31663e-08 1.46276e-08 9.09383e-09 7.15508e-09 8.18339e-09 5.93665e-09
 2.48187e-09 1.71748e-09 7.81908e-10-1.98046e-09-3.35839e-09-3.38616e-09
-4.49969e-09-5.32624e-09-4.76249e-09-4.63588e-09-4.66491e-09-3.61120e-09
-2.68962e-09-2.14091e-09-9.75163e-10-2.31343e-12 4.66662e-10 1.24172e-09
 1.77679e-09 1.84525e-09 2.06935e-09 2.01091e-09 1.58209e-09 1.27662e-09
 7.63000e-10 1.34536e-10-2.55389e-10-7.14476e-10-1.09429e-09-1.24361e-09
-1.41207e-09-1.41108e-09-1.25921e-09-1.10360e-09-7.49303e-10-2.90090e-10
 2.44740e-10 9.28890e-10 1.58676e-09 2.24420e-09 2.87908e-09 3.37797e-09
 3.78093e-09 4.01108e-09 4.06160e-09 3.95562e-09 3.64538e-09 3.18615e-09
 2.57483e-09 1.82752e-09 9.85368e-10 3.52239e-11-9.77514e-10-2.01175e-09
-3.00975e-09-3.91063e-09-4.67491e-09-5.25003e-09-5.61857e-09-5.76403e-09
-5.67036e-09-5.33958e-09-4.78070e-09-4.00959e-09-3.04220e-09-1.91112e-09
-6.59234e-10 6.64132e-10 1.99423e-09 3.25564e-09 4.37762e-09 5.30473e-09
 5.99369e-09 6.41814e-09 6.56811e-09 6.44050e-09 6.04505e-09 5.40910e-09
 4.56482e-09 3.54915e-09 2.40998e-09 1.19959e-09-2.09774e-11-1.17928e-09
-2.20654e-09-3.04841e-09-3.67423e-09-4.07422e-09-4.23585e-09-4.14385e-09
-3.79971e-09-3.22040e-09-2.43314e-09-1.47385e-09-3.80371e-10 7.99886e-10
 2.00065e-09 3.14647e-09 4.16120e-09 4.97861e-09 5.55727e-09 5.87362e-09
 5.90980e-09 5.65505e-09 5.10511e-09 4.26445e-09 3.15492e-09 1.81656e-09
 3.02294e-10-1.32496e-09-2.99305e-09-4.62374e-09-6.13669e-09-7.45633e-09
-8.52438e-09-9.30459e-09-9.77497e-09-9.91905e-09-9.71965e-09-9.16384e-09
-8.25974e-09-7.04141e-09-5.56041e-09-3.88287e-09-2.08484e-09-2.45142e-10
 1.54871e-09 3.20123e-09 4.62738e-09 5.75826e-09 6.53448e-09 6.91021e-09
 6.85774e-09 6.36897e-09 5.47217e-09 4.24693e-09 2.80842e-09 1.28179e-09
-2.10466e-10-1.56498e-09-2.71598e-09-3.63432e-09-4.31937e-09-4.80068e-09
-5.12840e-09-5.34368e-09-5.46271e-09-5.47721e-09-5.34275e-09-4.97135e-09
-4.25251e-09-3.07993e-09-1.37094e-09 8.99275e-10 3.65853e-09 6.72789e-09
 9.83150e-09 1.26090e-08 1.46558e-08 1.56008e-08 1.51912e-08 1.33541e-08
 1.02285e-08 6.15213e-09 1.60349e-09-2.86818e-09-6.70934e-09-9.44058e-09
-1.07343e-08-1.04734e-08-8.78352e-09-6.00966e-09-2.63837e-09 7.93037e-10
 3.78933e-09 5.98498e-09 7.19660e-09 7.43403e-09 6.86830e-09 5.75972e-09
 4.38452e-09 2.97798e-09 1.69369e-09 5.99372e-10-3.06456e-10-1.07857e-09
-1.78812e-09-2.47858e-09-3.14635e-09-3.74009e-09-4.18250e-09-4.40648e-09
-4.37833e-09-4.11690e-09-3.70527e-09-3.26753e-09-2.92315e-09-2.74562e-09
-2.73669e-09-2.83131e-09-2.92452e-09-2.89702e-09-2.64675e-09-2.12784e-09
-1.36858e-09-4.57639e-10 4.88871e-10 1.36330e-09 2.08984e-09 2.63114e-09
 2.98596e-09 3.18243e-09 3.26038e-09 3.24631e-09 3.13770e-09 2.90122e-09
 2.48566e-09 1.84878e-09 9.79923e-10-8.90848e-11-1.28082e-09-2.48357e-09
-3.57517e-09-4.44863e-09-5.03637e-09-5.32059e-09-5.31747e-09-5.05102e-09
-4.53506e-09-3.76820e-09-2.74700e-09-1.48819e-09-4.23457e-11 1.50161e-09
 3.02168e-09 4.38310e-09 5.46595e-09 6.18783e-09 6.51387e-09 6.44929e-09
 6.01805e-09 5.24701e-09 4.16952e-09 2.83911e-09 1.34025e-09-2.09170e-10
-1.66537e-09-2.87058e-09-3.66751e-09-3.92631e-09-3.58488e-09-2.68813e-09
-1.41641e-09-3.59258e-10
     0.0000e+00     0.0000e+00      0  0  0.00
     512   1.00000  0.0000e+00
 6.07355e-10 7.04787e-10 7.21608e-10 6.48625e-10 5.05410e-10 3.38294e-10
 2.03936e-10 1.46168e-10 1.77684e-10 2.74957e-10 3.88417e-10 4.64075e-10
 4.67423e-10 3.97632e-10 2.84464e-10 1.70086e-10 8.58348e-11 3.59036e-11
-3.54865e-12-6.96333e-11-1.90729e-10-3.68871e-10-5.75514e-10-7.63108e-10
-8.86667e-10-9.23927e-10-8.83915e-10-7.99702e-10-7.08770e-10-6.31582e-10
-5.61053e-10-4.69079e-10-3.25738e-10-1.19586e-10 1.32528e-10 3.90969e-10
 6.10714e-10 7.61872e-10 8.42739e-10 8.77254e-10 8.97267e-10 9.20193e-10
 9.36116e-10 9.12287e-10 8.12265e-10 6.18665e-10 3.46436e-10 3.85296e-11
-2.53738e-10-4.93481e-10-6.70760e-10-7.99463e-10-9.02276e-10-9.92352e-10
-1.06205e-09-1.08690e-09-1.04385e-09-9.31452e-10-7.76485e-10-6.20816e-10
-4.96705e-10-4.06806e-10-3.21395e-10-1.94383e-10 1.09246e-11 3.00470e-10
 6.44021e-10 9.87849e-10 1.27673e-09 1.47149e-09 1.55312e-09 1.51441e-09
 1.34807e-09 1.04284e-09 5.94656e-10 2.83648e-11-5.86575e-10-1.14238e-09
-1.52240e-09-1.63891e-09-1.46063e-09-1.01949e-09-3.96335e-10 3.06110e-10
 9.89293e-10 1.57235e-09 1.99263e-09 2.20422e-09 2.18546e-09 1.95471e-09
 1.58171e-09 1.18013e-09 8.77226e-10 7.70190e-10 8.88508e-10 1.18127e-09
 1.53541e-09 1.81344e-09 1.89106e-09 1.68116e-09 1.14183e-09 2.73602e-10
-8.86938e-10-2.27064e-09-3.77698e-09-5.28258e-09-6.66562e-09-7.83931e-09
-8.77284e-09-9.48337e-09-1.00032e-08-1.03428e-08-1.04696e-08-1.03121e-08
-9.78483e-09-8.82089e-09-7.39581e-09-5.53189e-09-3.28883e-09-7.52706e-10
 1.96974e-09 4.75591e-09 7.47906e-09 1.00290e-08 1.23340e-08 1.43695e-08
 1.61425e-08 1.76546e-08 1.88678e-08 1.96958e-08 2.00271e-08 1.97613e-08
 1.88399e-08 1.72629e-08 1.50926e-08 1.24441e-08 9.46398e-09 6.30646e-09
 3.11347e-09-6.30473e-12-2.99719e-09-5.85933e-09-8.62034e-09-1.12872e-08
-1.38099e-08-1.60797e-08-1.79625e-08-1.93451e-08-2.01693e-08-2.04352e-08
-2.01744e-08-1.94136e-08-1.81558e-08-1.63912e-08-1.41207e-08-1.13769e-08
-8.23304e-09-4.80548e-09-1.25133e-09 2.23734e-09 5.44753e-09 8.17150e-09
 1.02362e-08 1.15166e-08 1.19263e-08 1.14086e-08 9.96068e-09 7.69277e-09
 4.89484e-09 2.07737e-09-3.47984e-11-5.73252e-10 1.32550e-09 6.29919e-09
 1.44937e-08 2.52853e-08 3.70405e-08 4.70011e-08 5.14241e-08 4.60505e-08
 2.70799e-08-6.34097e-09-4.85354e-08-8.77815e-08-1.13405e-07-1.21287e-07
-1.11217e-07-8.34060e-08-4.09550e-08 7.36707e-09 4.92616e-08 7.40014e-08
 7.73815e-08 6.35650e-08 4.26845e-08 2.58857e-08 1.99369e-08 2.41275e-08
 3.17415e-08 3.52651e-08 3.16202e-08 2.35573e-08 1.64645e-08 1.35881e-08
 1.37557e-08 1.36975e-08 1.25572e-08 1.36391e-08 2.23929e-08 4.39585e-08
 8.03155e-08 1.24148e-07 1.55912e-07 1.53638e-07 1.04971e-07 7.14679e-09
-1.36584e-07-3.14509e-07-5.01931e-07-6.60541e-07-7.45407e-07-7.14256e-07
-5.36822e-07-2.11122e-07 2.23925e-07 6.91325e-07 1.08719e-06 1.30262e-06
 1.25913e-06 9.41815e-07 4.16061e-07-1.81725e-07-6.83515e-07-9.49137e-07
-9.23375e-07-6.61644e-07-3.06215e-07-1.82923e-08 1.04195e-07 7.44466e-08
-3.81422e-09-1.76314e-08 6.62795e-08 1.77976e-07 2.13548e-07 1.39760e-07
 2.89732e-08-2.13802e-08 3.92049e-09 3.48900e-08 1.84320e-08-1.82145e-08
-2.61800e-08-1.04167e-08-5.27852e-09-1.21830e-08-1.11264e-08-4.90940e-09
-6.16943e-09-8.60919e-09-5.00461e-09-3.10196e-09-5.08666e-09-3.78945e-09
-1.10480e-09-1.60290e-09-1.13567e-09 1.23833e-09 1.43788e-09 1.38381e-09
 2.86913e-09 2.92652e-09 2.43619e-09 3.18998e-09 3.07656e-09 2.53580e-09
 2.94442e-09 2.66153e-09 2.04430e-09 2.08380e-09 1.53653e-09 8.82313e-10
 7.12323e-10 5.32006e-11-5.28700e-10-8.31358e-10-1.51347e-09-1.92962e-09
-2.16498e-09-2.56606e-09-2.63115e-09-2.69163e-09-2.78754e-09-2.61670e-09
-2.51408e-09-2.27126e-09-1.83659e-09-1.44716e-09-9.14090e-10-4.05159e-10
 4.87777e-11 5.55792e-10 9.63434e-10 1.36388e-09 1.69828e-09 1.89739e-09
 2.02003e-09 1.99692e-09 1.92102e-09 1.81380e-09 1.63309e-09 1.39547e-09
 1.09110e-09 7.92526e-10 5.16693e-10 2.71024e-10 8.97594e-11-1.12116e-11
 1.18099e-11 1.65782e-10 4.26627e-10 7.48653e-10 1.10422e-09 1.50614e-09
 1.96094e-09 2.43921e-09 2.85563e-09 3.12182e-09 3.22765e-09 3.24994e-09
 3.25563e-09 3.21468e-09 3.04393e-09 2.71342e-09 2.28915e-09 1.87318e-09
 1.50719e-09 1.13876e-09 6.85026e-10 1.21575e-10-4.94172e-10-1.08116e-09
-1.61624e-09-2.15194e-09-2.74543e-09-3.38086e-09-3.97490e-09-4.45818e-09
-4.83828e-09-5.16637e-09-5.45602e-09-5.66410e-09-5.74133e-09-5.67698e-09
-5.49727e-09-5.23340e-09-4.89830e-09-4.48958e-09-4.00670e-09-3.46731e-09
-2.90730e-09-2.35719e-09-1.82271e-09-1.29812e-09-7.93395e-10-3.35907e-10
 5.47418e-11 3.82043e-10 6.58120e-10 8.85584e-10 1.06280e-09 1.20011e-09
 1.32063e-09 1.44477e-09 1.58254e-09 1.73987e-09 1.92138e-09 2.13045e-09
 2.37586e-09 2.67143e-09 3.02427e-09 3.43159e-09 3.89211e-09 4.41160e-09
 4.99409e-09 5.62916e-09 6.28185e-09 6.89369e-09 7.39844e-09 7.72792e-09
 7.79796e-09 7.51037e-09 6.78388e-09 5.57896e-09 3.90853e-09 1.85210e-09
-4.47069e-10-2.81248e-09-5.05069e-09-6.94932e-09-8.30666e-09-8.98940e-09
-8.96743e-09-8.31784e-09-7.21232e-09-5.88738e-09-4.61707e-09-3.69640e-09
-3.38863e-09-3.82942e-09-4.96351e-09-6.55287e-09-8.22488e-09-9.53942e-09
-1.00634e-08-9.43483e-09-7.43821e-09-4.11382e-09 1.66914e-10 4.75328e-09
 8.87798e-09 1.18291e-08 1.30689e-08 1.23070e-08 9.55755e-09 5.19795e-09
-2.50029e-11-5.12242e-09-9.11579e-09-1.12890e-08-1.13251e-08-9.31093e-09
-5.66976e-09-1.08438e-09 3.59988e-09 7.54125e-09 1.01255e-08 1.11477e-08
 1.08350e-08 9.69453e-09 8.29965e-09 7.12947e-09 6.48147e-09 6.43118e-09
 6.82117e-09 7.29679e-09 7.42118e-09 6.85214e-09 5.49915e-09 3.57527e-09
 1.51155e-09-2.16134e-10-1.25136e-09-1.45570e-09-9.37825e-10-2.07813e-11
 8.43044e-10 1.20251e-09 7.63854e-10-4.88635e-10-2.27476e-09-4.11894e-09
-5.52408e-09-6.14344e-09-5.88586e-09-4.92714e-09-3.63769e-09-2.45416e-09
-1.73023e-09-1.61346e-09-2.00009e-09-2.59137e-09-3.02559e-09-3.02704e-09
-2.51560e-09-1.64138e-09-7.29702e-10-1.48382e-10-1.51211e-10-7.69951e-10
-1.79930e-09-2.87681e-09-3.62131e-09-3.77338e-09-3.28970e-09-2.35562e-09
-1.30359e-09-4.71755e-10-6.63557e-11-8.17550e-11-3.07714e-10-4.25329e-10
-1.55336e-10 6.09276e-10 1.75025e-09 2.97252e-09 3.92568e-09 4.34318e-09
 4.14473e-09 3.46215e-09 2.57349e-09 1.77008e-09 1.22173e-09 9.10555e-10
 6.64452e-10 2.70304e-10-3.86420e-10-1.21987e-09-1.93363e-09-2.12136e-09
-1.44233e-09-4.26875e-10
     0.0000e+00     0.0000e+00      0  0  0.00
     512   1.00000  0.0000e+00
 1.36601e-09 1.07862e-09 6.98009e-10 2.70841e-10-1.53468e-10-5.40367e-10
-8.78127e-10-1.17106e-09-1.42410e-09-1.63027e-09-1.76762e-09-1.80513e-09
-1.71529e-09-1.49075e-09-1.15753e-09-7.74614e-10-4.15532e-10-1.40549e-10
 2.48756e-11 9.47546e-11 1.11961e-10 1.31103e-10 2.02361e-10 3.58807e-10
 6.06814e-10 9.21036e-10 1.24884e-09 1.52623e-09 1.69788e-09 1.72997e-09
 1.61133e-09 1.34897e-09 9.65372e-10 4.97263e-10-8.59127e-12-5.02533e-10
-9.36265e-10-1.26333e-09-1.44355e-09-1.45726e-09-1.32294e-09-1.10233e-09
-8.81399e-10-7.32737e-10-6.81135e-10-6.93396e-10-6.96973e-10-6.14853e-10
-3.99056e-10-5.00338e-11 3.83946e-10 8.27470e-10 1.21041e-09 1.49423e-09
 1.67440e-09 1.75773e-09 1.73639e-09 1.58602e-09 1.29278e-09 8.84335e-10
 4.34110e-10 3.16645e-11-2.61246e-10-4.41888e-10-5.67930e-10-7.28120e-10
-9.95186e-10-1.38233e-09-1.82598e-09-2.20802e-09-2.40906e-09-2.36172e-09
-2.06914e-09-1.58036e-09-9.50031e-10-2.20857e-10 5.60073e-10 1.31638e-09
 1.94246e-09 2.33606e-09 2.44104e-09 2.27282e-09 1.91456e-09 1.48657e-09
 1.09841e-09 8.01790e-10 5.70959e-10 3.28693e-10 3.53267e-12-4.23703e-10
-9.17840e-10-1.42553e-09-1.91046e-09-2.35504e-09-2.73484e-09-3.00156e-09
-3.09912e-09-3.00001e-09-2.72822e-09-2.35056e-09-1.94588e-09-1.57080e-09
-1.23302e-09-8.81446e-10-4.25805e-10 2.13138e-10 1.05101e-09 2.02712e-09
 3.04218e-09 4.00803e-09 4.86288e-09 5.55049e-09 6.00366e-09 6.16223e-09
 6.01100e-09 5.59928e-09 5.02346e-09 4.38756e-09 3.76857e-09 3.19972e-09
 2.67122e-09 2.14782e-09 1.60011e-09 1.03082e-09 4.67971e-10-8.20413e-11
-6.87824e-10-1.50601e-09-2.74126e-09-4.58259e-09-7.14478e-09-1.04074e-08
-1.41346e-08-1.78077e-08-2.06503e-08-2.17873e-08-2.04810e-08-1.63507e-08
-9.51242e-09-6.10988e-10 9.27034e-09 1.88159e-08 2.67468e-08 3.20714e-08
 3.42562e-08 3.32953e-08 2.96746e-08 2.42280e-08 1.79000e-08 1.14857e-08
 5.45557e-09-6.22111e-11-5.16995e-09-1.00526e-08-1.48629e-08-1.96577e-08
-2.43798e-08-2.88797e-08-3.29568e-08-3.63935e-08-3.89678e-08-4.04721e-08
-4.07676e-08-3.98673e-08-3.79962e-08-3.55917e-08-3.32590e-08-3.17043e-08
-3.16273e-08-3.35288e-08-3.74298e-08-4.25646e-08-4.71411e-08-4.82577e-08
-4.20756e-08-2.43310e-08 8.78816e-09 5.94674e-08 1.26929e-07 2.06150e-07
 2.86911e-07 3.53831e-07 3.88606e-07 3.74937e-07 3.05285e-07 1.86237e-07
 3.70297e-08-1.16103e-07-2.42980e-07-3.15181e-07-3.17462e-07-2.55145e-07
-1.52714e-07-4.58660e-08 3.09292e-08 5.70441e-08 3.26561e-08-2.39058e-08
-8.74953e-08-1.38735e-07-1.69471e-07-1.79209e-07-1.67503e-07-1.30547e-07
-6.74299e-08 8.42399e-09 6.39751e-08 5.67236e-08-3.91874e-08-2.05387e-07
-3.75840e-07-4.69935e-07-4.42472e-07-3.13563e-07-1.46834e-07 1.17297e-08
 1.61802e-07 3.15567e-07 4.67582e-07 5.99208e-07 6.88775e-07 7.17515e-07
 6.72759e-07 5.51531e-07 3.73475e-07 1.85685e-07 4.18008e-08-2.79632e-08
-3.35187e-08-2.02509e-08-4.76867e-08-1.60771e-07-3.61796e-07-5.96966e-07
-7.70742e-07-7.89058e-07-6.14619e-07-3.00687e-07 2.45494e-08 2.25104e-07
 2.42084e-07 1.35388e-07 3.95133e-08 5.41273e-08 1.56712e-07 2.28512e-07
 1.83371e-07 6.45273e-08-1.01965e-08 6.34376e-09 4.53083e-08 3.43705e-08
-5.23522e-09-1.61674e-08-1.26600e-09 1.29757e-09-7.57441e-09-5.28660e-09
 1.41427e-09-1.30578e-09-3.18803e-09 2.00229e-09 3.08092e-09 1.20840e-10
 1.77996e-09 3.41311e-09 1.17359e-09 1.36348e-09 2.93729e-09 1.44051e-09
 8.44300e-10 1.77068e-09 5.85150e-10-1.60600e-10 4.58564e-10-4.21751e-10
-1.03377e-09-6.34849e-10-1.29932e-09-1.47501e-09-7.71996e-10-7.62718e-10
-2.40108e-10 5.78334e-10 5.77660e-10 8.37375e-10 9.31277e-10 4.57042e-10
 3.52557e-10 6.17535e-11-3.17231e-10-2.84514e-10-5.22174e-10-7.99255e-10
-1.10336e-09-1.75606e-09-2.25189e-09-2.74641e-09-3.25061e-09-3.49174e-09
-3.68863e-09-3.64734e-09-3.39653e-09-3.05906e-09-2.49477e-09-1.88191e-09
-1.20587e-09-4.77997e-10 2.50430e-10 1.11169e-09 2.05694e-09 3.07585e-09
 4.10090e-09 5.02812e-09 5.81367e-09 6.36141e-09 6.67214e-09 6.76026e-09
 6.64076e-09 6.32108e-09 5.75886e-09 4.92198e-09 3.79446e-09 2.41239e-09
 8.29237e-10-9.01151e-10-2.69636e-09-4.43984e-09-5.99933e-09-7.26782e-09
-8.18230e-09-8.73686e-09-8.96462e-09-8.89369e-09-8.53612e-09-7.90911e-09
-7.04692e-09-5.99709e-09-4.80765e-09-3.52346e-09-2.21978e-09-1.02040e-09
-4.76084e-11 6.47281e-10 1.10119e-09 1.38086e-09 1.51047e-09 1.47530e-09
 1.27120e-09 9.18032e-10 4.41772e-10-1.45824e-10-8.53048e-10-1.67513e-09
-2.55024e-09-3.35937e-09-3.97482e-09-4.32779e-09-4.43402e-09-4.34129e-09
-4.07067e-09-3.61600e-09-2.96472e-09-2.10577e-09-1.03450e-09 2.37669e-10
 1.67668e-09 3.22974e-09 4.82986e-09 6.39320e-09 7.82234e-09 9.03430e-09
 9.99897e-09 1.07397e-08 1.12882e-08 1.16418e-08 1.17577e-08 1.15787e-08
 1.10718e-08 1.02508e-08 9.17597e-09 7.93362e-09 6.60200e-09 5.23705e-09
 3.89690e-09 2.64883e-09 1.53174e-09 5.40639e-10-3.40555e-10-1.10244e-09
-1.69667e-09-2.05675e-09-2.15127e-09-2.02098e-09-1.75805e-09-1.45588e-09
-1.16981e-09-8.98035e-10-5.97645e-10-2.29934e-10 2.17892e-10 7.44755e-10
 1.32464e-09 1.86996e-09 2.23847e-09 2.28726e-09 1.91104e-09 1.05544e-09
-2.73658e-10-2.01714e-09-4.08218e-09-6.33875e-09-8.60793e-09-1.06881e-08
-1.23947e-08-1.35676e-08-1.40670e-08-1.38032e-08-1.27932e-08-1.11984e-08
-9.29801e-09-7.38426e-09-5.63734e-09-4.08338e-09-2.66759e-09-1.36057e-09
-2.10193e-10 6.86872e-10 1.25164e-09 1.44685e-09 1.25322e-09 6.65696e-10
-2.77623e-10-1.47300e-09-2.75510e-09-3.92596e-09-4.78424e-09-5.13891e-09
-4.83621e-09-3.81118e-09-2.14239e-09-8.10678e-11 2.00195e-09 3.74972e-09
 4.93216e-09 5.48625e-09 5.50706e-09 5.20681e-09 4.85582e-09 4.70596e-09
 4.90478e-09 5.45349e-09 6.22830e-09 7.02727e-09 7.62305e-09 7.82049e-09
 7.51487e-09 6.73989e-09 5.66620e-09 4.52944e-09 3.54175e-09 2.83685e-09
 2.43970e-09 2.25279e-09 2.08224e-09 1.71891e-09 1.04466e-09 1.00189e-10
-9.29284e-10-1.79929e-09-2.30733e-09-2.36427e-09-2.02391e-09-1.46285e-09
-9.10385e-10-5.53718e-10-4.55001e-10-5.22859e-10-5.56974e-10-3.41292e-10
 2.52486e-10 1.19497e-09 2.29968e-09 3.28308e-09 3.84453e-09 3.74837e-09
 2.89624e-09 1.36660e-09-5.93454e-10-2.63454e-09-4.41446e-09-5.69583e-09
-6.39162e-09-6.55673e-09-6.33574e-09-5.88559e-09-5.30434e-09-4.59441e-09
-3.67782e-09-2.46839e-09-9.72355e-10 6.48874e-10 2.10612e-09 3.09643e-09
 3.44458e-09 3.18534e-09 2.53725e-09 1.79252e-09 1.18171e-09 7.67424e-10
 4.18595e-10 1.16457e-10
     0.0000e+00     0.0000e+00      0  0  0.00
     512   1.00000  0.0000e+00
-2.14383e-10-3.24369e-10-4.06165e-10-4.39742e-10-4.18624e-10-3.52424e-10
-2.60945e-10-1.64086e-10-7.28299e-11 1.45199e-11 1.08825e-10 2.21367e-10
 3.54487e-10 4.96194e-10 6.22309e-10 7.05940e-10 7.28873e-10 6.88826e-10
 5.99655e-10 4.84464e-10 3.64629e-10 2.50430e-10 1.38258e-10 1.57393e-11
-1.28285e-10-2.94756e-10-4.70975e-10-6.33967e-10-7.59325e-10-8.31406e-10
-8.48824e-10-8.21945e-10-7.64610e-10-6.85394e-10-5.83389e-10-4.50663e-10
-2.79674e-10-7.15926e-11 1.58999e-10 3.86660e-10 5.84466e-10 7.34535e-10
 8.33383e-10 8.89771e-10 9.16790e-10 9.22207e-10 9.02208e-10 8.42597e-10
 7.27308e-10 5.48875e-10 3.14126e-10 4.25365e-11-2.40395e-10-5.11016e-10
-7.52910e-10-9.56697e-10-1.11441e-09-1.21352e-09-1.23673e-09-1.16904e-09
-1.00768e-09-7.68499e-10-4.84885e-10-1.99208e-10 5.00970e-11 2.40551e-10
 3.70766e-10 4.56058e-10 5.18467e-10 5.78109e-10 6.49265e-10 7.40253e-10
 8.54680e-10 9.91301e-10 1.14014e-09 1.27593e-09 1.35537e-09 1.32448e-09
 1.13561e-09 7.65909e-10 2.29603e-10-4.19694e-10-1.09706e-09-1.70251e-09
-2.13991e-09-2.33213e-09-2.22976e-09-1.81644e-09-1.11461e-09-1.89717e-10
 8.52432e-10 1.87881e-09 2.75136e-09 3.35384e-09 3.61572e-09 3.52399e-09
 3.11746e-09 2.46830e-09 1.66107e-09 7.76012e-10-1.22423e-10-9.91685e-10
-1.81160e-09-2.58115e-09-3.31373e-09-4.02931e-09-4.74103e-09-5.43987e-09
-6.08718e-09-6.62167e-09-6.97759e-09-7.10413e-09-6.97812e-09-6.60676e-09
-6.01979e-09-5.25403e-09-4.33920e-09-3.29232e-09-2.11982e-09-8.21135e-10
 6.07614e-10 2.16666e-09 3.84240e-09 5.59794e-09 7.36769e-09 9.05928e-09
 1.05664e-08 1.17918e-08 1.26705e-08 1.31813e-08 1.33422e-08 1.31966e-08
 1.27997e-08 1.22056e-08 1.14525e-08 1.05500e-08 9.47587e-09 8.18569e-09
 6.63059e-09 4.78239e-09 2.65993e-09 3.43476e-10-2.03507e-09-4.32219e-09
-6.37789e-09-8.10376e-09-9.45858e-09-1.04578e-08-1.11572e-08-1.16287e-08
-1.19403e-08-1.21460e-08-1.22852e-08-1.23853e-08-1.24657e-08-1.25434e-08
-1.26280e-08-1.27047e-08-1.27151e-08-1.25528e-08-1.20809e-08-1.11753e-08
-9.78825e-09-8.01839e-09-6.15570e-09-4.68088e-09-4.21444e-09-5.41846e-09
-8.85060e-09-1.47758e-08-2.29570e-08-3.24636e-08-4.15463e-08-4.76390e-08
-4.75509e-08-3.79016e-08-1.58207e-08 2.01264e-08 6.88896e-08 1.25952e-07
 1.82789e-07 2.28243e-07 2.52742e-07 2.50999e-07 2.20195e-07 1.60040e-07
 7.62256e-08-1.96862e-08-1.12994e-07-1.87989e-07-2.32006e-07-2.40405e-07
-2.18644e-07-1.80347e-07-1.41691e-07-1.13950e-07-9.85575e-08-8.84190e-08
-7.49504e-08-5.61613e-08-3.93854e-08-3.54209e-08-4.88642e-08-7.31670e-08
-9.40600e-08-9.84362e-08-8.18726e-08-4.94349e-08-1.15200e-08 2.03224e-08
 3.77889e-08 4.31874e-08 5.41643e-08 9.50633e-08 1.79045e-07 3.00436e-07
 4.42872e-07 5.85966e-07 7.02267e-07 7.58012e-07 7.22640e-07 5.76293e-07
 3.14728e-07-4.32359e-08-4.52490e-07-8.47413e-07-1.15249e-06-1.29793e-06
-1.24068e-06-9.82408e-07-5.75244e-07-1.11547e-07 3.01618e-07 5.76646e-07
 6.74629e-07 6.16217e-07 4.68059e-07 3.09512e-07 1.95340e-07 1.34905e-07
 1.00111e-07 5.60467e-08-7.97669e-09-7.09179e-08-1.01997e-07-9.14877e-08
-5.98394e-08-3.60897e-08-2.99905e-08-2.91613e-08-2.08732e-08-7.71297e-09
 8.26484e-10 3.09820e-09 4.25083e-09 6.29572e-09 7.29315e-09 7.03272e-09
 6.89630e-09 6.56890e-09 5.33704e-09 3.95163e-09 2.84356e-09 1.45885e-09
-9.09238e-11-1.34752e-09-2.57152e-09-3.85687e-09-4.83832e-09-5.56684e-09
-6.15691e-09-6.38448e-09-6.29592e-09-6.06722e-09-5.61681e-09-5.00672e-09
-4.38219e-09-3.68460e-09-2.95128e-09-2.27496e-09-1.61061e-09-9.94618e-10
-4.71449e-10 1.76043e-11 4.53613e-10 8.22674e-10 1.15881e-09 1.42732e-09
 1.62522e-09 1.77058e-09 1.84425e-09 1.87669e-09 1.88769e-09 1.86298e-09
 1.81378e-09 1.73310e-09 1.61774e-09 1.48007e-09 1.31893e-09 1.14630e-09
 9.64142e-10 7.68222e-10 5.68424e-10 3.63826e-10 1.63195e-10-1.88517e-11
-1.80635e-10-3.16297e-10-4.14749e-10-4.67700e-10-4.81702e-10-4.61072e-10
-3.89951e-10-2.60121e-10-8.31987e-11 1.20453e-10 3.29492e-10 5.30805e-10
 7.29030e-10 9.36075e-10 1.14530e-09 1.33149e-09 1.47042e-09 1.55137e-09
 1.57802e-09 1.55861e-09 1.48954e-09 1.34897e-09 1.12184e-09 8.24854e-10
 4.85508e-10 1.12656e-10-2.96986e-10-7.44437e-10-1.22302e-09-1.71245e-09
-2.18467e-09-2.61482e-09-2.98157e-09-3.26482e-09-3.44025e-09-3.47957e-09
-3.36944e-09-3.11760e-09-2.73565e-09-2.23345e-09-1.62407e-09-9.25768e-10
-1.67811e-10 6.13834e-10 1.38925e-09 2.12915e-09 2.79539e-09 3.34803e-09
 3.75166e-09 3.97999e-09 4.02346e-09 3.88277e-09 3.55982e-09 3.06273e-09
 2.40750e-09 1.61876e-09 7.35006e-10-2.01472e-10-1.15350e-09-2.07927e-09
-2.93183e-09-3.66695e-09-4.24296e-09-4.62883e-09-4.81191e-09-4.78739e-09
-4.55354e-09-4.11813e-09-3.49551e-09-2.70433e-09-1.77481e-09-7.48791e-10
 3.26489e-10 1.39826e-09 2.40978e-09 3.30625e-09 4.03488e-09 4.54712e-09
 4.80799e-09 4.79890e-09 4.51716e-09 3.98075e-09 3.23098e-09 2.33056e-09
 1.35918e-09 4.08383e-10-4.24547e-10-1.05547e-09-1.43663e-09-1.56044e-09
-1.45892e-09-1.20992e-09-9.20725e-10-6.95407e-10-6.22984e-10-7.68132e-10
-1.14040e-09-1.67860e-09-2.26384e-09-2.73007e-09-2.88785e-09-2.58047e-09
-1.72829e-09-3.43906e-10 1.44878e-09 3.40096e-09 5.16368e-09 6.34288e-09
 6.57267e-09 5.60669e-09 3.39904e-09 1.35357e-10-3.78727e-09-7.80916e-09
-1.12825e-08-1.35809e-08-1.42234e-08-1.29804e-08-9.93910e-09-5.50495e-09
-3.26398e-10 4.82429e-09 9.18516e-09 1.21387e-08 1.33246e-08 1.27110e-08
 1.05980e-08 7.53772e-09 4.19545e-09 1.19516e-09-1.01369e-09-2.22456e-09
-2.47607e-09-2.01028e-09-1.18478e-09-3.58473e-10 2.06102e-10 4.07494e-10
 3.15629e-10 1.13334e-10 8.91301e-12 1.53181e-10 5.73523e-10 1.15636e-09
 1.68266e-09 1.89579e-09 1.59626e-09 7.28301e-10-5.92018e-10-2.10447e-09
-3.47283e-09-4.38414e-09-4.63855e-09-4.20013e-09-3.20714e-09-1.92734e-09
-6.64276e-10 3.40200e-10 9.75922e-10 1.28698e-09 1.42971e-09 1.59207e-09
 1.91512e-09 2.43231e-09 3.04895e-09 3.57863e-09 3.81278e-09 3.59712e-09
 2.89799e-09 1.82361e-09 5.85934e-10-5.72299e-10-1.46214e-09-2.01456e-09
-2.29121e-09-2.44145e-09-2.63222e-09-2.97157e-09-3.45664e-09-3.97191e-09
-4.33288e-09-4.35922e-09-3.95160e-09-3.13334e-09-2.04180e-09-8.80256e-10
 1.58112e-10 9.62921e-10 1.53465e-09 1.96133e-09 2.36088e-09 2.80895e-09
 3.28716e-09 3.68040e-09 3.81950e-09 3.55330e-09 2.82493e-09 1.71237e-09
 4.13045e-10-8.13242e-10-1.72199e-09-2.15652e-09-2.08520e-09-1.59335e-09
-8.44521e-10-2.14847e-10
     0.0000e+00     0.0000e+00      0  0  0.00
     512   1.00000  0.0000e+00
 2.58554e-10 3.27267e-10 3.81308e-10 4.01817e-10 3.71011e-10 2.79783e-10
 1.33638e-10-4.67573e-11-2.31800e-10-3.93654e-10-5.16097e-10-5.98257e-10
-6.50599e-10-6.85712e-10-7.08819e-10-7.12772e-10-6.80081e-10-5.91267e-10
-4.35866e-10-2.20460e-10 3.08223e-11 2.83540e-10 5.04385e-10 6.71847e-10
 7.81205e-10 8.41529e-10 8.67009e-10 8.67865e-10 8.45395e-10 7.93253e-10
 7.03468e-10 5.73366e-10 4.09654e-10 2.27216e-10 4.26393e-11-1.33817e-10
-3.02169e-10-4.69627e-10-6.42337e-10-8.16763e-10-9.75632e-10-1.09105e-09
-1.13397e-09-1.08583e-09-9.46324e-10-7.33333e-10-4.75164e-10-1.99837e-10
 7.31567e-11 3.34707e-10 5.81017e-10 8.05469e-10 9.93711e-10 1.12596e-09
 1.18504e-09 1.16453e-09 1.07210e-09 9.26256e-10 7.48573e-10 5.55244e-10
 3.52715e-10 1.40308e-10-8.20032e-11-3.06717e-10-5.18539e-10-7.01490e-10
-8.48510e-10-9.66712e-10-1.07399e-09-1.18763e-09-1.31066e-09-1.42393e-09
-1.48856e-09-1.45747e-09-1.29017e-09-9.65114e-10-4.86186e-10 1.17093e-10
 7.93762e-10 1.47617e-09 2.08347e-09 2.52694e-09 2.72256e-09 2.61118e-09
 2.17968e-09 1.47300e-09 5.90085e-10-3.35648e-10-1.16554e-09-1.78525e-09
-2.12581e-09-2.17140e-09-1.95521e-09-1.54801e-09-1.04359e-09-5.42497e-10
-1.34836e-10 1.16923e-10 1.92137e-10 1.17806e-10-3.99395e-11-1.98506e-10
-2.86451e-10-2.63496e-10-1.25985e-10 1.00637e-10 3.76092e-10 6.60304e-10
 9.24544e-10 1.15553e-09 1.35284e-09 1.52380e-09 1.67888e-09 1.82648e-09
 1.96479e-09 2.07277e-09 2.10672e-09 2.00694e-09 1.71400e-09 1.18845e-09
 4.25287e-10-5.43038e-10-1.65453e-09-2.82893e-09-3.97455e-09-4.98875e-09
-5.75570e-09-6.14672e-09-6.02781e-09-5.27869e-09-3.82443e-09-1.67521e-09
 1.03533e-09 4.02924e-09 6.90176e-09 9.18901e-09 1.04722e-08 1.04857e-08
 9.19460e-09 6.81904e-09 3.79729e-09 6.96790e-10-1.90834e-09-3.56517e-09
-4.04186e-09-3.37221e-09-1.83526e-09 1.21125e-10 1.99367e-09 3.34578e-09
 3.89913e-09 3.56252e-09 2.40013e-09 5.71635e-10-1.72474e-09-4.29191e-09
-6.95304e-09-9.55243e-09-1.19482e-08-1.40112e-08-1.56387e-08-1.67771e-08
-1.74457e-08-1.77519e-08-1.78891e-08-1.81141e-08-1.86971e-08-1.98466e-08
-2.16113e-08-2.37771e-08-2.57842e-08-2.66988e-08-2.52666e-08-2.00653e-08
-9.76125e-09 6.53941e-09 2.88718e-08 5.59855e-08 8.50082e-08 1.11312e-07
 1.28881e-07 1.32340e-07 1.20006e-07 9.36245e-08 5.59355e-08 1.19670e-08
-2.99097e-08-6.13523e-08-7.65615e-08-7.30368e-08-5.26286e-08-2.13520e-08
 1.19670e-08 3.81251e-08 5.12451e-08 5.11460e-08 4.23780e-08 3.08295e-08
 1.98590e-08 8.22215e-09-8.26310e-09-3.22721e-08-6.16558e-08-9.04605e-08
-1.13203e-07-1.27879e-07-1.35614e-07-1.39372e-07-1.43939e-07-1.55724e-07
-1.79878e-07-2.16552e-07-2.60434e-07-3.02589e-07-3.30065e-07-3.24299e-07
-2.65045e-07-1.39374e-07 5.36392e-08 3.03444e-07 5.86237e-07 8.63206e-07
 1.08505e-06 1.19996e-06 1.16338e-06 9.51991e-07 5.77112e-07 8.98891e-08
-4.24745e-07-8.65649e-07-1.14231e-06-1.20295e-06-1.05270e-06-7.53172e-07
-4.01500e-07-9.47126e-08 1.05816e-07 1.92963e-07 2.05541e-07 1.97465e-07
 2.02733e-07 2.18521e-07 2.17666e-07 1.79751e-07 1.13764e-07 5.15435e-08
 1.83961e-08 1.15906e-08 9.58781e-09-9.41994e-10-1.37750e-08-1.81013e-08
-1.47242e-08-1.16038e-08-1.10928e-08-1.00085e-08-7.68969e-09-6.06316e-09
-4.92028e-09-3.11568e-09-1.40309e-09-4.41691e-10 5.56168e-10 1.67934e-09
 2.25808e-09 2.53782e-09 2.82212e-09 2.70594e-09 2.25273e-09 1.82821e-09
 1.25777e-09 5.44713e-10-2.30449e-12-4.63335e-10-8.78108e-10-1.05421e-09
-1.07302e-09-9.98521e-10-7.42114e-10-4.27477e-10-1.28430e-10 2.09116e-10
 4.94982e-10 7.10238e-10 9.08350e-10 1.03792e-09 1.11289e-09 1.13893e-09
 1.04676e-09 8.52191e-10 5.55139e-10 1.37189e-10-3.45906e-10-8.64790e-10
-1.38621e-09-1.86644e-09-2.30684e-09-2.68649e-09-2.98672e-09-3.19881e-09
-3.29840e-09-3.29050e-09-3.17324e-09-2.93767e-09-2.59625e-09-2.15124e-09
-1.60685e-09-9.78210e-10-2.93053e-10 4.14177e-10 1.11603e-09 1.77613e-09
 2.36353e-09 2.86273e-09 3.26054e-09 3.54852e-09 3.71946e-09 3.75664e-09
 3.63865e-09 3.36887e-09 2.98007e-09 2.50412e-09 1.95941e-09 1.35906e-09
 7.19646e-10 6.44302e-11-5.76612e-10-1.17506e-09-1.71614e-09-2.19302e-09
-2.59094e-09-2.88654e-09-3.05604e-09-3.08228e-09-2.96827e-09-2.73413e-09
-2.39325e-09-1.95526e-09-1.44275e-09-8.83767e-10-3.02411e-10 2.84723e-10
 8.64475e-10 1.40687e-09 1.86830e-09 2.21533e-09 2.42511e-09 2.48297e-09
 2.38671e-09 2.13825e-09 1.74523e-09 1.23048e-09 6.26207e-10-3.04069e-11
-7.04224e-10-1.37525e-09-2.02552e-09-2.61909e-09-3.10963e-09-3.45498e-09
-3.62714e-09-3.61415e-09-3.40913e-09-3.01016e-09-2.43149e-09-1.70117e-09
-8.50788e-10 8.56565e-11 1.06909e-09 2.05967e-09 3.01956e-09 3.90747e-09
 4.67634e-09 5.27853e-09 5.67544e-09 5.84511e-09 5.77666e-09 5.46518e-09
 4.91853e-09 4.15365e-09 3.18527e-09 2.03312e-09 7.33765e-10-6.60564e-10
-2.08339e-09-3.45659e-09-4.69730e-09-5.71671e-09-6.42542e-09-6.75779e-09
-6.68604e-09-6.21327e-09-5.37342e-09-4.23633e-09-2.89540e-09-1.45652e-09
-4.09526e-11 1.22826e-09 2.26050e-09 3.01742e-09 3.51144e-09 3.80253e-09
 3.98890e-09 4.18064e-09 4.47239e-09 4.91574e-09 5.48072e-09 6.03714e-09
 6.38116e-09 6.27909e-09 5.50847e-09 3.91167e-09 1.45359e-09-1.74517e-09
-5.39677e-09-9.05644e-09-1.21824e-08-1.42377e-08-1.47903e-08-1.35914e-08
-1.06427e-08-6.23637e-09-9.40106e-10 4.47908e-09 9.18628e-09 1.24492e-08
 1.37840e-08 1.30355e-08 1.03991e-08 6.38040e-09 1.69563e-09-2.85933e-09
-6.56247e-09-8.91102e-09-9.70271e-09-9.04326e-09-7.28852e-09-4.93320e-09
-2.48892e-09-3.71752e-10 1.18990e-09 2.18132e-09 2.75591e-09 3.14913e-09
 3.56850e-09 4.10767e-09 4.72067e-09 5.23937e-09 5.43403e-09 5.10414e-09
 4.15545e-09 2.64993e-09 8.12804e-10-1.02658e-09-2.53104e-09-3.44922e-09
-3.68712e-09-3.32876e-09-2.59880e-09-1.79088e-09-1.17601e-09-9.15150e-10
-1.01450e-09-1.33623e-09-1.65777e-09-1.76355e-09-1.53116e-09-9.73671e-10
-2.27720e-10 5.00867e-10 1.01619e-09 1.20782e-09 1.09144e-09 8.03680e-10
 5.49200e-10 5.13150e-10 7.84302e-10 1.32147e-09 1.96721e-09 2.50717e-09
 2.75351e-09 2.61484e-09 2.13020e-09 1.45349e-09 7.89132e-10 3.10951e-10
 9.76907e-11 1.04222e-10 1.84872e-10 1.60554e-10-1.04357e-10-6.44104e-10
-1.37439e-09-2.12521e-09-2.70720e-09-2.98328e-09-2.91833e-09-2.58385e-09
-2.11333e-09-1.63469e-09-1.21606e-09-8.45452e-10-4.52974e-10 3.25625e-11
 6.23075e-10 1.23866e-09 1.72295e-09 1.90877e-09 1.70765e-09 1.17922e-09
 5.48084e-10 1.22387e-10
