      10
(6e12.5)
     0.0000e+00     0.0000e+00      0  0  0.00
     512   1.00000  0.0000e+00
-4.87108e-10-6.48962e-10-7.11937e-10-6.28662e-10-3.90542e-10-4.82375e-11
 2.93984e-10 5.15112e-10 5.31069e-10 3.38058e-10 2.09678e-11-2.80474e-10
-4.32069e-10-3.61604e-10-8.42936e-11 3.11478e-10 7.05061e-10 9.86970e-10
 1.08655e-09 9.81035e-10 6.94109e-10 2.91675e-10-1.25226e-10-4.37271e-10
-5.38943e-10-3.79648e-10 5.44056e-12 4.96110e-10 9.27331e-10 1.15442e-09
 1.11129e-09 8.31819e-10 4.25119e-10 2.11052e-11-2.82573e-10-4.46662e-10
-4.84059e-10-4.34893e-10-3.42488e-10-2.42182e-10-1.61359e-10-1.20162e-10
-1.26172e-10-1.68072e-10-2.19589e-10-2.57945e-10-2.86420e-10-3.42141e-10
-4.77296e-10-7.20874e-10-1.04511e-09-1.36219e-09-1.55903e-09-1.55274e-09
-1.33505e-09-9.80023e-10-6.11182e-10-3.48453e-10-2.63464e-10-3.61820e-10
-5.91547e-10-8.64647e-10-1.08059e-09-1.14926e-09-1.01458e-09-6.75108e-10
-1.91685e-10 3.28955e-10 7.73905e-10 1.06978e-09 1.20895e-09 1.24087e-09
 1.23502e-09 1.24028e-09 1.26691e-09 1.29940e-09 1.32592e-09 1.35999e-09
 1.43935e-09 1.60559e-09 1.87955e-09 2.24690e-09 2.65862e-09 3.04165e-09
 3.31378e-09 3.40169e-09 3.26337e-09 2.90955e-09 2.40969e-09 1.87070e-09
 1.39181e-09 1.01792e-09 7.19712e-10 4.13966e-10 1.24467e-11-5.31337e-10
-1.20444e-09-1.95084e-09-2.70450e-09-3.41584e-09-4.05940e-09-4.62784e-09
-5.12518e-09-5.56524e-09-5.96993e-09-6.36166e-09-6.75339e-09-7.14615e-09
-7.53833e-09-7.93749e-09-8.35842e-09-8.79946e-09-9.20943e-09-9.47145e-09
-9.42372e-09-8.91144e-09-7.84098e-09-6.20543e-09-4.07010e-09-1.53280e-09
 1.31373e-09 4.39811e-09 7.66556e-09 1.10627e-08 1.45213e-08 1.79443e-08
 2.11979e-08 2.41152e-08 2.65145e-08 2.82273e-08 2.91237e-08 2.91197e-08
 2.81680e-08 2.62463e-08 2.33566e-08 1.95386e-08 1.48825e-08 9.53114e-09
 3.66193e-09-2.53877e-09-8.89293e-09-1.52284e-08-2.13658e-08-2.71116e-08
-3.22665e-08-3.66425e-08-4.00789e-08-4.24533e-08-4.36884e-08-4.37564e-08
-4.26785e-08-4.05172e-08-3.73628e-08-3.33207e-08-2.85093e-08-2.30696e-08
-1.71721e-08-1.10044e-08-4.73619e-09 1.52077e-09 7.73199e-09 1.39286e-08
 2.01715e-08 2.65100e-08 3.29503e-08 3.94425e-08 4.58914e-08 5.21905e-08
 5.82696e-08 6.41333e-08 6.98659e-08 7.55913e-08 8.13987e-08 8.72569e-08
 9.29366e-08 9.79423e-08 1.01452e-07 1.02286e-07 9.89503e-08 8.98224e-08
 7.34795e-08 4.91450e-08 1.70975e-08-2.11370e-08-6.28731e-08-1.04594e-07
-1.42464e-07-1.72897e-07-1.93148e-07-2.01943e-07-1.99973e-07-1.90008e-07
-1.76565e-07-1.65254e-07-1.62004e-07-1.72391e-07-2.01100e-07-2.51242e-07
-3.23136e-07-4.12397e-07-5.07720e-07-5.89387e-07-6.29749e-07-5.96430e-07
-4.58262e-07-1.93274e-07 2.02344e-07 7.06632e-07 1.26952e-06 1.81705e-06
 2.26042e-06 2.51162e-06 2.50324e-06 2.19804e-06 1.58963e-06 7.11445e-07
-3.53382e-07-1.47302e-06-2.47204e-06-3.15451e-06-3.35767e-06-3.00862e-06
-2.16049e-06-1.00094e-06 1.82964e-07 1.08819e-06 1.50429e-06 1.39641e-06
 9.19644e-07 3.52956e-07-3.24370e-08-1.07705e-07 6.05599e-08 2.73404e-07
 3.40824e-07 2.11298e-07-2.54775e-09-1.24638e-07-6.48431e-08 1.07389e-07
 2.30992e-07 2.02945e-07 6.89568e-08-3.36562e-08-2.19134e-08 5.29168e-08
 7.68987e-08 1.08125e-08-7.00906e-08-7.85224e-08-2.56987e-08 3.19236e-09
-3.02483e-08-7.06734e-08-5.78559e-08-1.48952e-08-4.65860e-09-2.94646e-08
-3.50741e-08-5.33751e-09 1.49837e-08 2.33866e-09-8.46836e-09 6.22862e-09
 1.76410e-08 4.92859e-09-6.47461e-09-1.96568e-10 8.94931e-10-1.26575e-08
-1.91747e-08-1.54302e-08-1.87178e-08-2.42993e-08-1.96371e-08-1.33591e-08
-1.04724e-08-3.05655e-09 6.35090e-09 1.23686e-08 1.78288e-08 2.21549e-08
 2.27853e-08 2.08131e-08 1.66083e-08 1.00569e-08 2.28505e-09-5.64885e-09
-1.27714e-08-1.79788e-08-2.04545e-08-1.98018e-08-1.60826e-08-9.86908e-09
-2.15505e-09 5.81440e-09 1.27461e-08 1.75259e-08 1.94159e-08 1.81964e-08
 1.42198e-08 8.34693e-09 1.78039e-09-4.17760e-09-8.38185e-09-1.00620e-08
-8.97200e-09-5.43520e-09-2.75132e-10 5.35667e-09 1.02239e-08 1.32599e-08
 1.37852e-08 1.16497e-08 7.27061e-09 1.54498e-09-4.35506e-09-9.25355e-09
-1.22383e-08-1.28554e-08-1.11931e-08-7.84667e-09-3.77160e-09-4.97600e-11
 2.37866e-09 2.94930e-09 1.61166e-09-1.16521e-09-4.52110e-09-7.43511e-09
-8.99652e-09-8.64368e-09-6.31053e-09-2.44335e-09 2.11659e-09 6.35505e-09
 9.35862e-09 1.05648e-08 9.90772e-09 7.81653e-09 5.07601e-09 2.59484e-09
 1.14304e-09 1.12803e-09 2.47601e-09 4.65614e-09 6.83989e-09 8.15213e-09
 7.94391e-09 6.00028e-09 2.61080e-09-1.52285e-09-5.50895e-09-8.53954e-09
-1.01279e-08-1.02373e-08-9.26641e-09-7.90023e-09-6.87317e-09-6.71384e-09
-7.55544e-09-9.08142e-09-1.06311e-08-1.14288e-08-1.08576e-08-8.68655e-09
-5.17050e-09-9.78735e-10 3.02638e-09 6.07908e-09 7.76155e-09 8.12532e-09
 7.64052e-09 6.99754e-09 6.83785e-09 7.51245e-09 8.95312e-09 1.06945e-08
 1.20328e-08 1.22718e-08 1.09853e-08 8.19684e-09 4.39861e-09 3.87460e-10
-3.02163e-09-5.29037e-09-6.33398e-09-6.50645e-09-6.40692e-09-6.59305e-09
-7.32202e-09-8.42813e-09-9.38498e-09-9.52006e-09-8.29492e-09-5.54382e-09
-1.57249e-09 2.92690e-09 7.10485e-09 1.02302e-08 1.19062e-08 1.21509e-08
 1.13197e-08 9.91105e-09 8.33841e-09 6.75911e-09 5.03213e-09 2.82342e-09
-1.86728e-10-4.08917e-09-8.62220e-09-1.31937e-08-1.70403e-08-1.94600e-08
-2.00239e-08-1.86873e-08-1.57618e-08-1.17696e-08-7.24332e-09-2.56081e-09
 2.10140e-09 6.67875e-09 1.10560e-08 1.49341e-08 1.78104e-08 1.90961e-08
 1.83280e-08 1.53772e-08 1.05544e-08 4.56037e-09-1.69840e-09-7.34538e-09
-1.17221e-08-1.44623e-08-1.54443e-08-1.46795e-08-1.22234e-08-8.17373e-09
-2.75317e-09 3.57697e-09 1.00570e-08 1.56905e-08 1.94424e-08 2.05233e-08
 1.86505e-08 1.41661e-08 7.95301e-09 1.18119e-09-5.00726e-09-9.74737e-09
-1.25517e-08-1.32670e-08-1.19663e-08-8.86946e-09-4.34047e-09 1.05642e-09
 6.51654e-09 1.10500e-08 1.36682e-08 1.36631e-08 1.08721e-08 5.80356e-09
-4.50894e-10-6.50754e-09-1.10844e-08-1.33470e-08-1.30783e-08-1.06314e-08
-6.72576e-09-2.20492e-09 2.13565e-09 5.61587e-09 7.68010e-09 7.92653e-09
 6.20192e-09 2.73194e-09-1.80529e-09-6.35660e-09-9.74800e-09-1.10440e-08
-9.87239e-09-6.57274e-09-2.08973e-09 2.35182e-09 5.65285e-09 7.15676e-09
 6.76301e-09 4.83245e-09 1.98008e-09-1.11897e-09-3.84069e-09-5.65566e-09
-6.16528e-09-5.17836e-09-2.81742e-09 4.16956e-10 3.71035e-09 6.15923e-09
 7.09020e-09 6.32947e-09 4.27753e-09 1.73392e-09-4.48292e-10-1.70634e-09
-1.94657e-09-1.49152e-09-8.47428e-10-4.26948e-10-3.65444e-10-4.93673e-10
-4.32455e-10-1.49112e-10
     0.0000e+00     0.0000e+00      0  0  0.00
     512   1.00000  0.0000e+00
-3.56282e-10-4.96495e-10-5.78039e-10-5.68212e-10-4.53415e-10-2.45454e-10
 2.29625e-11 3.08923e-10 5.69037e-10 7.64369e-10 8.61487e-10 8.33952e-10
 6.68702e-10 3.76820e-10 9.07149e-13-3.90118e-10-7.20224e-10-9.30290e-10
-9.94445e-10-9.21750e-10-7.44201e-10-4.98318e-10-2.11096e-10 1.01581e-10
 4.25044e-10 7.33871e-10 9.88216e-10 1.14243e-09 1.16092e-09 1.03075e-09
 7.63755e-10 3.90257e-10-4.79620e-11-5.00298e-10-9.07668e-10-1.20640e-09
-1.33986e-09-1.27622e-09-1.02430e-09-6.37056e-10-1.97222e-10 2.10251e-10
 5.26026e-10 7.30204e-10 8.35619e-10 8.66975e-10 8.41169e-10 7.60902e-10
 6.21241e-10 4.19621e-10 1.61305e-10-1.40661e-10-4.67271e-10-7.93359e-10
-1.08513e-09-1.29926e-09-1.38841e-09-1.31426e-09-1.06351e-09-6.58349e-10
-1.53551e-10 3.80598e-10 8.79415e-10 1.29506e-09 1.59290e-09 1.74165e-09
 1.70972e-09 1.47326e-09 1.03123e-09 4.18089e-10-2.93276e-10-1.00050e-09
-1.58980e-09-1.95850e-09-2.03667e-09-1.80177e-09-1.28270e-09-5.53583e-10
 2.80304e-10 1.10247e-09 1.80791e-09 2.32112e-09 2.60204e-09 2.63999e-09
 2.44381e-09 2.03648e-09 1.45559e-09 7.54070e-10-4.15595e-12-7.52805e-10
-1.42987e-09-1.97891e-09-2.34895e-09-2.49912e-09-2.40794e-09-2.08131e-09
-1.55355e-09-8.80476e-10-1.28179e-10 6.35138e-10 1.33775e-09 1.89490e-09
 2.20226e-09 2.14557e-09 1.63092e-09 6.24984e-10-8.16590e-10-2.54971e-09
-4.36971e-09-6.04864e-09-7.36523e-09-8.12503e-09-8.17716e-09-7.43237e-09
-5.88058e-09-3.60259e-09-7.71852e-10 2.35557e-09 5.46231e-09 8.20114e-09
 1.02340e-08 1.12743e-08 1.11270e-08 9.72547e-09 7.15882e-09 3.68551e-09
-2.73199e-10-4.16015e-09-7.33089e-09-9.13048e-09-9.00462e-09-6.64001e-09
-2.11029e-09 4.02160e-09 1.07200e-08 1.66606e-08 2.05399e-08 2.14008e-08
 1.88812e-08 1.33266e-08 5.73508e-09-2.46573e-09-9.74988e-09-1.48435e-08
-1.70044e-08-1.61645e-08-1.29056e-08-8.27837e-09-3.51309e-09 2.99415e-10
 2.45765e-09 2.74211e-09 1.34607e-09-1.27176e-09-4.52949e-09-7.83213e-09
-1.06503e-08-1.25699e-08-1.33205e-08-1.27906e-08-1.10313e-08-8.24287e-09
-4.74580e-09-9.44569e-10 2.71183e-09 5.77521e-09 7.85591e-09 8.69200e-09
 8.21159e-09 6.55863e-09 4.06362e-09 1.17079e-09-1.64345e-09-3.93090e-09
-5.30545e-09-5.46433e-09-4.21185e-09-1.49069e-09 2.58369e-09 7.69278e-09
 1.32961e-08 1.86421e-08 2.28716e-08 2.52560e-08 2.54295e-08 2.33882e-08
 1.93384e-08 1.36705e-08 7.05785e-09 4.91544e-10-4.81906e-09-7.66368e-09
-7.09102e-09-2.57346e-09 5.95676e-09 1.80657e-08 3.26283e-08 4.74877e-08
 5.91336e-08 6.26908e-08 5.24988e-08 2.33754e-08-2.76227e-08-9.93617e-08
-1.85173e-07-2.72060e-07-3.40936e-07-3.69452e-07-3.39465e-07-2.46210e-07
-1.01222e-07 7.23156e-08 2.45419e-07 3.91816e-07 4.99318e-07 5.66312e-07
 5.82405e-07 5.25466e-07 3.81854e-07 1.60970e-07-1.03819e-07-3.59772e-07
-5.47953e-07-6.20435e-07-5.52604e-07-3.55744e-07-8.88883e-08 1.51723e-07
 2.77267e-07 2.56196e-07 1.29340e-07-1.61406e-08-9.58883e-08-7.66357e-08
 5.85095e-09 7.58290e-08 7.57686e-08 1.01396e-08-6.10423e-08-7.56887e-08
-2.50003e-08 4.03807e-08 6.10496e-08 2.71853e-08-1.55366e-08-1.89877e-08
 1.42166e-08 3.82203e-08 2.24361e-08-1.15204e-08-2.09635e-08 6.86327e-10
 1.82932e-08 7.36863e-09-1.20375e-08-8.98870e-09 1.03868e-08 1.54520e-08
 1.57381e-09-5.31628e-09 4.79875e-09 1.07109e-08 5.90933e-10-7.71343e-09
-2.35238e-09 1.48434e-09-6.00298e-09-1.08521e-08-6.08435e-09-4.48325e-09
-8.94972e-09-7.79885e-09-2.13805e-09-1.17544e-09-7.05462e-10 3.80137e-09
 6.18373e-09 5.81733e-09 6.72202e-09 6.60576e-09 4.50758e-09 2.71583e-09
 7.93552e-10-1.56429e-09-3.43417e-09-4.81229e-09-5.70054e-09-5.83575e-09
-5.24211e-09-4.01874e-09-2.29821e-09-3.28419e-10 1.61324e-09 3.27256e-09
 4.42579e-09 4.90609e-09 4.62899e-09 3.63566e-09 2.12014e-09 3.81409e-10
-1.26558e-09-2.56843e-09-3.36072e-09-3.54477e-09-3.09732e-09-2.09683e-09
-7.40347e-10 6.87929e-10 1.90143e-09 2.69411e-09 2.98257e-09 2.80086e-09
 2.26975e-09 1.56647e-09 8.94207e-10 4.44030e-10 3.45245e-10 6.19378e-10
 1.16254e-09 1.76982e-09 2.19606e-09 2.22610e-09 1.73388e-09 7.22396e-10
-6.64400e-10-2.16744e-09-3.47294e-09-4.28943e-09-4.42248e-09-3.83037e-09
-2.64150e-09-1.12391e-09 3.78478e-10 1.52041e-09 2.03145e-09 1.78578e-09
 8.44532e-10-5.52617e-10-2.05379e-09-3.29781e-09-4.01149e-09-4.06775e-09
-3.49989e-09-2.48432e-09-1.29318e-09-2.12681e-10 5.49327e-10 9.20239e-10
 9.62386e-10 8.33311e-10 7.29461e-10 8.20058e-10 1.18116e-09 1.75752e-09
 2.37331e-09 2.78600e-09 2.76640e-09 2.18706e-09 1.08540e-09-3.36260e-10
-1.77578e-09-2.92399e-09-3.54910e-09-3.55302e-09-2.98646e-09-2.02221e-09
-9.02061e-10 1.27181e-10 8.77962e-10 1.27313e-09 1.36521e-09 1.30877e-09
 1.28778e-09 1.42722e-09 1.73515e-09 2.10651e-09 2.38321e-09 2.43722e-09
 2.23601e-09 1.85990e-09 1.46556e-09 1.21906e-09 1.23527e-09 1.54631e-09
 2.09884e-09 2.76941e-09 3.39181e-09 3.79614e-09 3.85716e-09 3.53552e-09
 2.88705e-09 2.03120e-09 1.09674e-09 1.72371e-10-7.17758e-10-1.60128e-09
-2.50954e-09-3.41974e-09-4.22318e-09-4.74111e-09-4.78608e-09-4.24435e-09
-3.14002e-09-1.64850e-09-5.18652e-11 1.34807e-09 2.32731e-09 2.80602e-09
 2.85035e-09 2.60981e-09 2.22514e-09 1.75033e-09 1.12414e-09 2.12181e-10
-1.09236e-09-2.76279e-09-4.59153e-09-6.23016e-09-7.30107e-09-7.53430e-09
-6.86695e-09-5.45500e-09-3.60015e-09-1.63961e-09 1.52426e-10 1.62500e-09
 2.75632e-09 3.60156e-09 4.20730e-09 4.54271e-09 4.48912e-09 3.89123e-09
 2.64251e-09 7.72376e-10-1.49951e-09-3.78173e-09-5.61739e-09-6.63517e-09
-6.66419e-09-5.75746e-09-4.13231e-09-2.07752e-09 1.28473e-10 2.26494e-09
 4.17149e-09 5.71452e-09 6.75086e-09 7.12638e-09 6.72036e-09 5.51078e-09
 3.62154e-09 1.32824e-09-9.78926e-10-2.87255e-09-3.99788e-09-4.18078e-09
-3.47726e-09-2.12943e-09-4.53274e-10 1.27020e-09 2.84037e-09 4.11768e-09
 4.98422e-09 5.32862e-09 5.06980e-09 4.20277e-09 2.83524e-09 1.18887e-09
-4.44167e-10-1.77839e-09-2.61988e-09-2.92666e-09-2.81732e-09-2.51469e-09
-2.24047e-09-2.11220e-09-2.10186e-09-2.07753e-09-1.89398e-09-1.47224e-09
-8.25663e-10-3.03684e-11 8.24027e-10 1.65922e-09 2.39455e-09 2.91658e-09
 3.06561e-09 2.66579e-09 1.60278e-09-8.42689e-11-2.15236e-09-4.18381e-09
-5.69493e-09-6.28871e-09-5.78957e-09-4.29517e-09-2.12252e-09 3.10435e-10
 2.59869e-09 4.41637e-09 5.53626e-09 5.82974e-09 5.27302e-09 3.96509e-09
 2.14213e-09 1.63969e-10-1.55010e-09-2.63616e-09-2.90550e-09-2.39798e-09
-1.33406e-09-3.49397e-10
     0.0000e+00     0.0000e+00      0  0  0.00
     512   1.00000  0.0000e+00
 5.51170e-11-3.98538e-11-1.36254e-10-2.21645e-10-2.90826e-10-3.47068e-10
-3.97199e-10-4.44606e-10-4.84798e-10-5.05172e-10-4.88411e-10-4.18793e-10
-2.90464e-10-1.13974e-10 8.44568e-11 2.71933e-10 4.20482e-10 5.15053e-10
 5.55587e-10 5.53124e-10 5.21771e-10 4.70758e-10 4.01098e-10 3.08627e-10
 1.90912e-10 5.31702e-11-8.97541e-11-2.15892e-10-3.03569e-10-3.41169e-10
-3.32210e-10-2.91504e-10-2.36393e-10-1.79833e-10-1.28212e-10-8.22613e-11
-3.89418e-11 5.58053e-12 5.24353e-11 9.95250e-11 1.45278e-10 1.92449e-10
 2.47906e-10 3.18822e-10 4.07724e-10 5.08618e-10 6.06435e-10 6.81297e-10
 7.16070e-10 7.02107e-10 6.39549e-10 5.34267e-10 3.95201e-10 2.31887e-10
 5.08161e-11-1.46257e-10-3.57861e-10-5.75233e-10-7.80311e-10-9.52434e-10
-1.07740e-09-1.15173e-09-1.18165e-09-1.17938e-09-1.15783e-09-1.12402e-09
-1.07514e-09-1.00010e-09-8.84247e-10-7.13722e-10-4.79559e-10-1.81633e-10
 1.69853e-10 5.55970e-10 9.49605e-10 1.31249e-09 1.59452e-09 1.74278e-09
 1.71738e-09 1.50387e-09 1.11789e-09 6.06304e-10 4.60667e-11-4.64580e-10
-8.24595e-10-9.50771e-10-7.92135e-10-3.38484e-10 3.73526e-10 1.25943e-09
 2.19637e-09 3.04246e-09 3.66102e-09 3.94574e-09 3.84225e-09 3.35802e-09
 2.55590e-09 1.53644e-09 4.17638e-10-6.85390e-10-1.68120e-09-2.51655e-09
-3.17695e-09-3.67707e-09-4.05297e-09-4.35766e-09-4.65077e-09-4.98035e-09
-5.37011e-09-5.82194e-09-6.32652e-09-6.86921e-09-7.43064e-09-7.98704e-09
-8.50853e-09-8.95050e-09-9.24336e-09-9.29137e-09-8.98260e-09-8.20412e-09
-6.85884e-09-4.88466e-09-2.27207e-09 9.26016e-10 4.59262e-09 8.55166e-09
 1.25835e-08 1.64535e-08 1.99432e-08 2.28671e-08 2.50770e-08 2.64659e-08
 2.69754e-08 2.65930e-08 2.53347e-08 2.32282e-08 2.03112e-08 1.66413e-08
 1.23061e-08 7.43761e-09 2.23288e-09-3.03392e-09-8.03015e-09-1.24099e-08
-1.58638e-08-1.81612e-08-1.91848e-08-1.89504e-08-1.75999e-08-1.53679e-08
-1.25438e-08-9.44252e-09-6.38364e-09-3.66926e-09-1.56219e-09-2.62631e-10
 1.19541e-10-4.08848e-10-1.71434e-09-3.54998e-09-5.58926e-09-7.48383e-09
-8.94880e-09-9.86312e-09-1.03560e-08-1.08588e-08-1.21144e-08-1.51265e-08
-2.10169e-08-3.07790e-08-4.49480e-08-6.32210e-08-8.40729e-08-1.04464e-07
-1.19780e-07-1.24149e-07-1.11217e-07-7.54196e-08-1.36955e-08 7.25337e-08
 1.75504e-07 2.80484e-07 3.68165e-07 4.19401e-07 4.19699e-07 3.62927e-07
 2.53199e-07 1.04278e-07-6.09017e-08-2.12269e-07-3.20216e-07-3.66004e-07
-3.49328e-07-2.89160e-07-2.15712e-07-1.55969e-07-1.20693e-07-1.01402e-07
-7.98817e-08-4.43423e-08-2.93770e-10 3.34467e-08 4.07847e-08 2.26113e-08
-3.20340e-09-1.63074e-08-9.08719e-09 1.14484e-08 3.16748e-08 3.59858e-08
 1.09697e-08-4.01361e-08-8.74866e-08-9.14822e-08-3.15135e-08 8.82053e-08
 2.55319e-07 4.53873e-07 6.51075e-07 7.98577e-07 8.50085e-07 7.69897e-07
 5.39451e-07 1.72741e-07-2.79098e-07-7.39333e-07-1.11897e-06-1.33429e-06
-1.33218e-06-1.11023e-06-7.20705e-07-2.57110e-07 1.73760e-07 4.86055e-07
 6.40531e-07 6.49716e-07 5.62271e-07 4.35973e-07 3.13088e-07 2.10323e-07
 1.26001e-07 5.45151e-08-4.83840e-09-4.90855e-08-7.70750e-08-9.00764e-08
-8.81295e-08-7.16627e-08-4.82000e-08-3.09674e-08-2.54389e-08-2.27474e-08
-1.37055e-08-2.80843e-09 1.08197e-09 1.09216e-10 1.41951e-09 3.99584e-09
 3.86967e-09 3.19950e-09 4.06779e-09 3.91755e-09 2.63301e-09 2.63813e-09
 2.54413e-09 9.27165e-10-1.91114e-11-3.02628e-10-1.83618e-09-3.30019e-09
-3.82602e-09-5.01973e-09-6.34386e-09-6.78254e-09-7.42022e-09-8.00972e-09
-7.74535e-09-7.42355e-09-6.86275e-09-5.59137e-09-4.34047e-09-2.92874e-09
-1.17038e-09 2.85798e-10 1.67888e-09 2.99529e-09 3.77779e-09 4.35774e-09
 4.62965e-09 4.43296e-09 4.14556e-09 3.62425e-09 2.96234e-09 2.42958e-09
 1.85879e-09 1.43447e-09 1.19269e-09 9.95683e-10 9.69252e-10 9.44467e-10
 8.66048e-10 7.56216e-10 4.70602e-10 9.04219e-11-3.90255e-10-9.30769e-10
-1.40139e-09-1.79787e-09-2.01080e-09-2.00698e-09-1.78204e-09-1.33346e-09
-7.53435e-10-8.83673e-11 5.83612e-10 1.20860e-09 1.75187e-09 2.17383e-09
 2.48748e-09 2.71809e-09 2.92351e-09 3.14942e-09 3.39944e-09 3.63715e-09
 3.80348e-09 3.85624e-09 3.75956e-09 3.47006e-09 2.93680e-09 2.13732e-09
 1.11286e-09-3.04428e-11-1.15652e-09-2.16012e-09-2.99487e-09-3.64767e-09
-4.10383e-09-4.34698e-09-4.38983e-09-4.29638e-09-4.15372e-09-4.01232e-09
-3.85802e-09-3.63294e-09-3.28300e-09-2.80024e-09-2.22131e-09-1.58636e-09
-9.14859e-10-2.24085e-10 4.40199e-10 1.00331e-09 1.40337e-09 1.63434e-09
 1.74141e-09 1.78066e-09 1.78590e-09 1.75614e-09 1.66601e-09 1.49111e-09
 1.22004e-09 8.47641e-10 3.67262e-10-2.25783e-10-9.12548e-10-1.63317e-09
-2.30660e-09-2.86256e-09-3.25399e-09-3.46346e-09-3.50043e-09-3.37977e-09
-3.10910e-09-2.69490e-09-2.14683e-09-1.47683e-09-6.97838e-10 1.77177e-10
 1.12755e-09 2.11177e-09 3.06604e-09 3.91507e-09 4.58581e-09 5.02541e-09
 5.21332e-09 5.15435e-09 4.86814e-09 4.38836e-09 3.76067e-09 3.03926e-09
 2.28602e-09 1.56495e-09 9.33501e-10 4.36469e-10 1.03022e-10-5.50814e-11
-5.44162e-11 4.28358e-11 1.30543e-10 8.33153e-11-2.13018e-10-8.24935e-10
-1.73470e-09-2.83456e-09-3.95120e-09-4.86861e-09-5.35721e-09-5.22992e-09
-4.40100e-09-2.92038e-09-9.82158e-10 1.09875e-09 2.94035e-09 4.15431e-09
 4.40201e-09 3.45497e-09 1.26274e-09-1.99239e-09-5.89040e-09-9.83335e-09
-1.31485e-08-1.52047e-08-1.55223e-08-1.38669e-08-1.03199e-08-5.30533e-09
 4.64519e-10 6.13037e-09 1.08779e-08 1.41081e-08 1.55289e-08 1.51655e-08
 1.33212e-08 1.05061e-08 7.33790e-09 4.41408e-09 2.17046e-09 7.86246e-10
 1.81409e-10 1.00620e-10 2.37947e-10 3.38511e-10 2.47551e-10-6.88002e-11
-5.18435e-10-9.08876e-10-1.00753e-09-6.35206e-10 2.34069e-10 1.43486e-09
 2.66298e-09 3.57991e-09 3.91963e-09 3.55929e-09 2.53828e-09 1.04445e-09
-6.24934e-10-2.13931e-09-3.22915e-09-3.76161e-09-3.76961e-09-3.41557e-09
-2.90648e-09-2.40853e-09-1.99270e-09-1.62710e-09-1.22072e-09-6.86871e-10
 8.63726e-12 8.19474e-10 1.61843e-09 2.23438e-09 2.50836e-09 2.34768e-09
 1.76616e-09 8.89018e-10-8.61501e-11-9.54012e-10-1.57100e-09-1.90381e-09
-2.02915e-09-2.08818e-09-2.22194e-09-2.51038e-09-2.93568e-09-3.38245e-09
-3.67442e-09-3.64144e-09-3.19346e-09-2.36336e-09-1.30261e-09-2.33361e-10
 6.33008e-10 1.17594e-09 1.39935e-09 1.41178e-09 1.37122e-09 1.41476e-09
 1.60240e-09 1.89881e-09 2.19242e-09 2.34517e-09 2.25572e-09 1.89810e-09
 1.31869e-09 6.12551e-10-1.02357e-10-7.07304e-10-1.09162e-09-1.14740e-09
-7.65248e-10-2.25479e-10
     0.0000e+00     0.0000e+00      0  0  0.00
     512   1.00000  0.0000e+00
-1.42894e-10-1.90219e-10-1.88522e-10-1.10384e-10 5.92549e-11 3.13077e-10
 6.15414e-10 9.05084e-10 1.11070e-09 1.17323e-09 1.06531e-09 7.99769e-10
 4.23972e-10 2.77431e-12-4.01503e-10-7.44087e-10-1.00292e-09-1.17255e-09
-1.25137e-09-1.23166e-09-1.09945e-09-8.44074e-10-4.71813e-10-1.63624e-11
 4.60619e-10 8.81852e-10 1.17587e-09 1.29763e-09 1.23846e-09 1.02234e-09
 6.92842e-10 2.97246e-10-1.25300e-10-5.45734e-10-9.36936e-10-1.26332e-09
-1.47791e-09-1.53151e-09-1.39044e-09-1.05322e-09-5.57324e-10 2.65420e-11
 6.11427e-10 1.11717e-09 1.48814e-09 1.69663e-09 1.73429e-09 1.60152e-09
 1.30178e-09 8.44239e-10 2.54386e-10-4.13544e-10-1.07474e-09-1.62939e-09
-1.98863e-09-2.09693e-09-1.94235e-09-1.55372e-09-9.87285e-10-3.09910e-10
 4.13005e-10 1.11969e-09 1.74632e-09 2.22267e-09 2.47867e-09 2.46253e-09
 2.16078e-09 1.60899e-09 8.87325e-10 1.00694e-10-6.49345e-10-1.28649e-09
-1.76412e-09-2.05633e-09-2.14855e-09-2.03489e-09-1.72171e-09-1.23508e-09
-6.27533e-10 2.44255e-11 6.36604e-10 1.13878e-09 1.48692e-09 1.65921e-09
 1.64256e-09 1.42145e-09 9.78013e-10 3.04322e-10-5.78398e-10-1.60330e-09
-2.65605e-09-3.59329e-09-4.27254e-09-4.57736e-09-4.43036e-09-3.79881e-09
-2.69836e-09-1.19716e-09 5.78285e-10 2.44063e-09 4.15721e-09 5.49134e-09
 6.25542e-09 6.35081e-09 5.78185e-09 4.64750e-09 3.11892e-09 1.41100e-09
-2.44151e-10-1.61636e-09-2.49211e-09-2.69433e-09-2.11069e-09-7.19474e-10
 1.40271e-09 4.09242e-09 7.11625e-09 1.01828e-08 1.29502e-08 1.50333e-08
 1.60210e-08 1.55174e-08 1.32143e-08 8.97144e-09 2.87843e-09-4.71613e-09
-1.32069e-08-2.17673e-08-2.94236e-08-3.51666e-08-3.80991e-08-3.76129e-08
-3.35765e-08-2.64718e-08-1.73832e-08-7.78168e-09 8.32020e-10 7.28351e-09
 1.09751e-08 1.19858e-08 1.10065e-08 9.12982e-09 7.55543e-09 7.28666e-09
 8.87565e-09 1.22716e-08 1.68260e-08 2.14730e-08 2.50384e-08 2.65766e-08
 2.56178e-08 2.22346e-08 1.69314e-08 1.04525e-08 3.60640e-09-2.85385e-09
-8.30553e-09-1.23032e-08-1.46026e-08-1.51557e-08-1.40801e-08-1.16221e-08
-8.11789e-09-3.94292e-09 5.44796e-10 5.04994e-09 9.36102e-09 1.33363e-08
 1.68355e-08 1.95948e-08 2.10954e-08 2.05042e-08 1.67446e-08 8.69867e-09
-4.47550e-09-2.29292e-08-4.56583e-08-7.00993e-08-9.19295e-08-1.05205e-07
-1.02984e-07-7.93881e-08-3.44844e-08 2.18665e-08 7.52444e-08 1.16455e-07
 1.41908e-07 1.47641e-07 1.29412e-07 8.71181e-08 2.77441e-08-3.38286e-08
-7.91082e-08-9.56865e-08-8.49163e-08-6.07993e-08-4.07155e-08-3.41247e-08
-3.67156e-08-3.45044e-08-1.56906e-08 1.80229e-08 5.04463e-08 6.28882e-08
 4.83891e-08 1.48101e-08-2.30681e-08-5.19362e-08-6.25323e-08-4.92373e-08
-1.31919e-08 3.28169e-08 7.19923e-08 1.02717e-07 1.38519e-07 1.82007e-07
 2.14240e-07 2.15475e-07 1.77549e-07 9.31705e-08-4.26737e-08-2.16752e-07
-3.98299e-07-5.47793e-07-6.18481e-07-5.69332e-07-3.87576e-07-9.77169e-08
 2.41027e-07 5.43634e-07 7.22514e-07 7.20087e-07 5.34653e-07 2.28550e-07
-8.90975e-08-3.05667e-07-3.57200e-07-2.60566e-07-1.04168e-07 4.15680e-09
 6.31157e-09-6.70219e-08-1.23494e-07-9.05901e-08 1.42111e-08 9.78525e-08
 8.91938e-08 1.79357e-08-2.45299e-08-5.52077e-10 3.53576e-08 2.68700e-08
-5.01956e-09-1.16401e-08 2.37451e-09 3.65182e-09-4.83019e-09-2.15910e-09
 4.18703e-09 1.03912e-09-1.43117e-09 2.57029e-09 2.26807e-09-1.70354e-09
-8.45220e-10-1.71515e-10-3.30250e-09-3.56337e-09-2.17917e-09-3.64534e-09
-3.62578e-09-1.68656e-09-1.84290e-09-1.34547e-09 6.51571e-10 9.38471e-10
 1.45962e-09 2.87036e-09 2.69625e-09 2.57007e-09 2.80460e-09 1.70336e-09
 8.87099e-10 2.93059e-10-1.09862e-09-1.82261e-09-2.37286e-09-3.17767e-09
-3.11904e-09-2.96072e-09-2.62235e-09-1.58113e-09-7.06125e-10 3.51598e-10
 1.51799e-09 2.23266e-09 2.96069e-09 3.32863e-09 3.28962e-09 3.13641e-09
 2.51590e-09 1.74758e-09 9.01017e-10-1.31006e-11-6.61985e-10-1.18065e-09
-1.40705e-09-1.31868e-09-1.01400e-09-3.88748e-10 3.86851e-10 1.26414e-09
 2.12816e-09 2.86046e-09 3.43293e-09 3.71237e-09 3.68006e-09 3.30785e-09
 2.63955e-09 1.78902e-09 8.30392e-10-1.91832e-10-1.26962e-09-2.30329e-09
-3.14084e-09-3.66471e-09-3.85045e-09-3.77342e-09-3.52712e-09-3.14155e-09
-2.57380e-09-1.83282e-09-1.06518e-09-4.86206e-10-2.41844e-10-3.34689e-10
-6.67298e-10-1.15719e-09-1.80737e-09-2.64708e-09-3.61086e-09-4.49999e-09
-5.09069e-09-5.28096e-09-5.11153e-09-4.66578e-09-3.98138e-09-3.04531e-09
-1.86820e-09-5.64163e-10 6.70725e-10 1.66423e-09 2.34393e-09 2.72927e-09
 2.85657e-09 2.71343e-09 2.26926e-09 1.55857e-09 7.04564e-10-1.29965e-10
-8.09455e-10-1.26282e-09-1.46370e-09-1.38821e-09-1.00928e-09-3.23611e-10
 6.20644e-10 1.71185e-09 2.80196e-09 3.76418e-09 4.51982e-09 5.01989e-09
 5.23009e-09 5.13630e-09 4.75476e-09 4.13984e-09 3.38262e-09 2.59857e-09
 1.90677e-09 1.40483e-09 1.16202e-09 1.22988e-09 1.63480e-09 2.36207e-09
 3.35822e-09 4.52895e-09 5.73259e-09 6.80609e-09 7.59948e-09 7.98386e-09
 7.86636e-09 7.21778e-09 6.06872e-09 4.49207e-09 2.60895e-09 5.86544e-10
-1.38837e-09-3.12992e-09-4.47594e-09-5.32729e-09-5.66580e-09-5.53538e-09
-5.02745e-09-4.28532e-09-3.49627e-09-2.86079e-09-2.54939e-09-2.64515e-09
-3.10274e-09-3.77797e-09-4.50052e-09-5.10715e-09-5.43707e-09-5.35234e-09
-4.78928e-09-3.80885e-09-2.62239e-09-1.54771e-09-8.80439e-10-7.80606e-10
-1.26852e-09-2.27064e-09-3.62439e-09-5.06217e-09-6.22517e-09-6.73259e-09
-6.32162e-09-4.98880e-09-3.00528e-09-7.95403e-10 1.20861e-09 2.64487e-09
 3.23833e-09 2.82858e-09 1.44416e-09-6.30702e-10-2.87492e-09-4.67750e-09
-5.56500e-09-5.35567e-09-4.14758e-09-2.21610e-09 7.70610e-11 2.33475e-09
 4.15837e-09 5.22514e-09 5.41432e-09 4.88000e-09 3.98445e-09 3.12071e-09
 2.54056e-09 2.30215e-09 2.33365e-09 2.51347e-09 2.71858e-09 2.85225e-09
 2.86514e-09 2.78919e-09 2.76462e-09 2.99486e-09 3.63284e-09 4.67691e-09
 5.93129e-09 7.05220e-09 7.66724e-09 7.50391e-09 6.46876e-09 4.66447e-09
 2.35388e-09-1.06146e-10-2.34201e-09-4.05308e-09-5.09338e-09-5.49762e-09
-5.43606e-09-5.11880e-09-4.68908e-09-4.16750e-09-3.47577e-09-2.50697e-09
-1.21169e-09 3.26461e-10 1.87647e-09 3.11953e-09 3.74233e-09 3.53448e-09
 2.46742e-09 7.21254e-10-1.35245e-09-3.32514e-09-4.82035e-09-5.61961e-09
-5.69571e-09-5.17842e-09-4.27602e-09-3.17985e-09-1.99896e-09-7.58150e-10
 5.49644e-10 1.89116e-09 3.14497e-09 4.10705e-09 4.54556e-09 4.28833e-09
 3.31887e-09 1.83075e-09 1.96827e-10-1.14152e-09-1.82652e-09-1.72496e-09
-1.00399e-09-2.64633e-10
     0.0000e+00     0.0000e+00      0  0  0.00
     512   1.00000  0.0000e+00
-6.95447e-10-6.23681e-10-4.92862e-10-3.18688e-10-1.24116e-10 6.54284e-11
 2.25623e-10 3.37158e-10 3.91067e-10 3.91527e-10 3.51275e-10 2.82490e-10
 1.91949e-10 8.33701e-11-3.89602e-11-1.69112e-10-2.98271e-10-4.12398e-10
-4.92667e-10-5.20487e-10-4.84291e-10-3.84570e-10-2.34983e-10-5.88189e-11
 1.18161e-10 2.75643e-10 4.02698e-10 4.95436e-10 5.53293e-10 5.78986e-10
 5.78562e-10 5.57395e-10 5.17083e-10 4.59086e-10 3.91024e-10 3.26130e-10
 2.74140e-10 2.33082e-10 1.90021e-10 1.27575e-10 3.05201e-11-1.07955e-10
-2.81359e-10-4.70055e-10-6.47001e-10-7.86143e-10-8.70436e-10-8.96639e-10
-8.73756e-10-8.13944e-10-7.21320e-10-5.89288e-10-4.10508e-10-1.89626e-10
 5.51408e-11 3.01890e-10 5.33458e-10 7.38101e-10 9.09428e-10 1.04888e-09
 1.16289e-09 1.25199e-09 1.30310e-09 1.29553e-09 1.21557e-09 1.06653e-09
 8.68144e-10 6.46271e-10 4.17455e-10 1.78363e-10-8.95124e-11-4.02506e-10
-7.59463e-10-1.13885e-09-1.50467e-09-1.81277e-09-2.01803e-09-2.08671e-09
-2.00740e-09-1.78894e-09-1.45017e-09-1.02020e-09-5.53362e-10-1.37810e-10
 1.20822e-10 1.32160e-10-1.50669e-10-7.16036e-10-1.49165e-09-2.35719e-09
-3.17077e-09-3.79830e-09-4.13374e-09-4.10926e-09-3.69984e-09-2.92305e-09
-1.83497e-09-5.25746e-10 8.87110e-10 2.27839e-09 3.55011e-09 4.66119e-09
 5.62593e-09 6.48537e-09 7.28274e-09 8.05813e-09 8.84763e-09 9.67519e-09
 1.05487e-08 1.14686e-08 1.24313e-08 1.34145e-08 1.43593e-08 1.51723e-08
 1.57448e-08 1.59643e-08 1.57124e-08 1.48599e-08 1.32734e-08 1.08346e-08
 7.46628e-09 3.15825e-09-2.01827e-09-7.91556e-09-1.43243e-08-2.09847e-08
-2.75953e-08-3.38313e-08-3.93666e-08-4.38883e-08-4.71114e-08-4.88141e-08
-4.88800e-08-4.73071e-08-4.41740e-08-3.96008e-08-3.37331e-08-2.67414e-08
-1.88175e-08-1.01756e-08-1.07718e-09 8.13892e-09 1.70534e-08 2.51988e-08
 3.21039e-08 3.73443e-08 4.06119e-08 4.17895e-08 4.09844e-08 3.85003e-08
 3.47760e-08 3.03256e-08 2.56903e-08 2.13909e-08 1.78765e-08 1.54641e-08
 1.42820e-08 1.42436e-08 1.50708e-08 1.63498e-08 1.75941e-08 1.83147e-08
 1.81111e-08 1.67885e-08 1.44800e-08 1.17505e-08 9.66138e-09 9.74549e-09
 1.38238e-08 2.36448e-08 4.03837e-08 6.40407e-08 9.27825e-08 1.22370e-07
 1.45925e-07 1.54288e-07 1.37103e-07 8.47170e-08-9.16043e-09-1.44266e-07
-3.10577e-07-4.85934e-07-6.36706e-07-7.24897e-07-7.21107e-07-6.14609e-07
-4.13461e-07-1.41535e-07 1.60306e-07 4.37099e-07 6.33907e-07 7.14656e-07
 6.76423e-07 5.52440e-07 3.99295e-07 2.71399e-07 1.95803e-07 1.63047e-07
 1.40892e-07 1.02910e-07 5.12234e-08 1.44898e-08 2.18494e-08 7.44276e-08
 1.39998e-07 1.77081e-07 1.64294e-07 1.05402e-07 1.59702e-08-8.07147e-08
-1.57306e-07-2.08179e-07-2.63517e-07-3.57351e-07-4.90452e-07-6.37781e-07
-7.79364e-07-9.00184e-07-9.67647e-07-9.40007e-07-7.92502e-07-5.19710e-07
-1.36360e-07 3.09850e-07 7.47138e-07 1.10619e-06 1.33422e-06 1.40109e-06
 1.30679e-06 1.08072e-06 7.69801e-07 4.23540e-07 8.28030e-08-2.24902e-07
-4.81144e-07-6.65837e-07-7.52022e-07-7.16805e-07-5.64017e-07-3.41009e-07
-1.30450e-07-8.79819e-09 6.94344e-09-2.39115e-08-1.55731e-08 5.92300e-08
 1.37025e-07 1.37022e-07 6.38120e-08 3.50188e-09 8.89516e-09 3.58317e-08
 2.47260e-08-8.50371e-09-1.67108e-08-5.89169e-09-8.41765e-09-1.74794e-08
-1.31737e-08-7.24155e-09-1.10003e-08-1.08973e-08-4.09039e-09-2.99269e-09
-3.67089e-09 1.49814e-09 4.54322e-09 3.99595e-09 7.09992e-09 9.80657e-09
 9.00155e-09 1.04232e-08 1.21567e-08 1.09820e-08 1.12047e-08 1.17603e-08
 1.00227e-08 9.39288e-09 8.99333e-09 6.96604e-09 6.03461e-09 5.09954e-09
 3.07180e-09 2.12469e-09 9.74079e-10-6.61504e-10-1.26955e-09-2.25754e-09
-3.25828e-09-3.52973e-09-4.25501e-09-4.57695e-09-4.47447e-09-4.64965e-09
-4.25816e-09-3.84290e-09-3.50866e-09-2.81188e-09-2.37720e-09-1.82016e-09
-1.19033e-09-7.97806e-10-2.60006e-10 9.83184e-11 3.92548e-10 6.81910e-10
 7.43861e-10 8.16197e-10 7.43928e-10 5.70498e-10 3.21755e-10-9.14445e-11
-4.98756e-10-9.51362e-10-1.42283e-09-1.95393e-09-2.59340e-09-3.26521e-09
-3.94224e-09-4.53706e-09-5.05515e-09-5.51656e-09-5.89387e-09-6.11375e-09
-6.07272e-09-5.75004e-09-5.18550e-09-4.43529e-09-3.49696e-09-2.32481e-09
-9.24161e-10 5.91886e-10 2.04785e-09 3.32761e-09 4.42171e-09 5.36241e-09
 6.12897e-09 6.63748e-09 6.82575e-09 6.73294e-09 6.47889e-09 6.16143e-09
 5.77740e-09 5.24495e-09 4.50875e-09 3.62201e-09 2.71268e-09 1.86775e-09
 1.06942e-09 2.57876e-10-5.59460e-10-1.28626e-09-1.82284e-09-2.14877e-09
-2.31122e-09-2.34981e-09-2.24630e-09-1.93624e-09-1.36171e-09-5.24997e-10
 5.01080e-10 1.61928e-09 2.76591e-09 3.91927e-09 5.05152e-09 6.09160e-09
 6.94931e-09 7.55503e-09 7.86726e-09 7.86773e-09 7.55202e-09 6.90825e-09
 5.91525e-09 4.57362e-09 2.93384e-09 1.09221e-09-8.44974e-10-2.79932e-09
-4.72242e-09-6.56922e-09-8.28056e-09-9.78424e-09-1.10074e-08-1.18984e-08
-1.24361e-08-1.26101e-08-1.24051e-08-1.18141e-08-1.08530e-08-9.56649e-09
-8.02750e-09-6.31622e-09-4.49433e-09-2.61199e-09-7.37418e-10 1.03489e-09
 2.60919e-09 3.92507e-09 4.98082e-09 5.83094e-09 6.55536e-09 7.21215e-09
 7.80610e-09 8.29707e-09 8.62172e-09 8.69118e-09 8.38601e-09 7.59130e-09
 6.26520e-09 4.49846e-09 2.52644e-09 6.80261e-10-6.93369e-10-1.29623e-09
-9.10928e-10 5.77238e-10 3.13494e-09 6.51705e-09 1.02534e-08 1.37327e-08
 1.63356e-08 1.75416e-08 1.69916e-08 1.45336e-08 1.02718e-08 4.61022e-09
-1.76836e-09-8.03702e-09-1.34323e-08-1.74183e-08-1.97310e-08-2.03293e-08
-1.93406e-08-1.70549e-08-1.39331e-08-1.05478e-08-7.43645e-09-4.94645e-09
-3.17645e-09-2.04943e-09-1.43916e-09-1.23681e-09-1.33652e-09-1.61297e-09
-1.94726e-09-2.28358e-09-2.65537e-09-3.13141e-09-3.71195e-09-4.27998e-09
-4.66096e-09-4.72351e-09-4.42536e-09-3.78433e-09-2.83125e-09-1.60779e-09
-1.99488e-10 1.25628e-09 2.60736e-09 3.73618e-09 4.58579e-09 5.14840e-09
 5.43645e-09 5.46584e-09 5.25134e-09 4.81037e-09 4.17918e-09 3.42124e-09
 2.61357e-09 1.83200e-09 1.14788e-09 6.26077e-10 3.21500e-10 2.72850e-10
 4.90341e-10 9.47176e-10 1.58122e-09 2.30417e-09 3.02123e-09 3.65349e-09
 4.14475e-09 4.45438e-09 4.55250e-09 4.42549e-09 4.08756e-09 3.58061e-09
 2.95629e-09 2.26164e-09 1.53852e-09 8.22267e-10 1.38451e-10-4.97353e-10
-1.08449e-09-1.63953e-09-2.18089e-09-2.71078e-09-3.21303e-09-3.66054e-09
-4.02406e-09-4.27425e-09-4.36968e-09-4.24977e-09-3.85102e-09-3.12640e-09
-2.05814e-09-6.87490e-10 8.42355e-10 2.26529e-09 3.21344e-09 3.28519e-09
 2.15291e-09 6.26631e-10
     0.0000e+00     0.0000e+00      0  0  0.00
     512   1.00000  0.0000e+00
-2.69237e-10-3.62828e-10-4.59545e-10-5.46106e-10-6.04918e-10-6.18498e-10
-5.76039e-10-4.78627e-10-3.38995e-10-1.74861e-10-2.77542e-13 1.78638e-10
 3.61362e-10 5.46941e-10 7.28149e-10 8.88117e-10 1.00076e-09 1.03622e-09
 9.70941e-10 7.98137e-10 5.32273e-10 2.04922e-10-1.45618e-10-4.85360e-10
-7.90154e-10-1.04313e-09-1.22815e-09-1.32596e-09-1.31626e-09-1.18426e-09
-9.28038e-10-5.64181e-10-1.29941e-10 3.21234e-10 7.32280e-10 1.05782e-09
 1.27282e-09 1.37066e-09 1.35513e-09 1.23410e-09 1.01885e-09 7.27110e-10
 3.85710e-10 2.99361e-11-3.00839e-10-5.70135e-10-7.51587e-10-8.34230e-10
-8.24040e-10-7.40158e-10-6.06379e-10-4.42908e-10-2.64606e-10-8.63989e-11
 7.09795e-11 1.82199e-10 2.24770e-10 1.85540e-10 6.22016e-11-1.37206e-10
-3.93354e-10-6.74924e-10-9.41473e-10-1.14930e-09-1.25682e-09-1.22806e-09
-1.03651e-09-6.71428e-10-1.45769e-10 4.98363e-10 1.19137e-09 1.84575e-09
 2.36944e-09 2.67770e-09 2.70356e-09 2.41066e-09 1.80777e-09 9.56568e-10
-3.48285e-11-1.02946e-09-1.88065e-09-2.44865e-09-2.61895e-09-2.32375e-09
-1.55979e-09-3.93480e-10 1.04720e-09 2.58869e-09 4.03287e-09 5.18434e-09
 5.88246e-09 6.02921e-09 5.60277e-09 4.65249e-09 3.28103e-09 1.62451e-09
-1.62794e-10-1.92245e-09-3.51120e-09-4.82314e-09-5.80219e-09-6.43717e-09
-6.74692e-09-6.76831e-09-6.55051e-09-6.15024e-09-5.62817e-09-5.05302e-09
-4.51241e-09-4.11601e-09-3.97906e-09-4.19364e-09-4.80577e-09-5.80613e-09
-7.12705e-09-8.63779e-09-1.01418e-08-1.13869e-08-1.20933e-08-1.19941e-08
-1.08752e-08-8.60391e-09-5.14489e-09-5.65437e-10 4.96846e-09 1.12065e-08
 1.78337e-08 2.44860e-08 3.07597e-08 3.62280e-08 4.04712e-08 4.31143e-08
 4.38546e-08 4.24803e-08 3.88940e-08 3.31440e-08 2.54423e-08 1.61545e-08
 5.76791e-09-5.15009e-09-1.59964e-08-2.61811e-08-3.51705e-08-4.25147e-08
-4.78622e-08-5.09743e-08-5.17414e-08-5.01886e-08-4.64632e-08-4.08154e-08
-3.35797e-08-2.51600e-08-1.60099e-08-6.60191e-09 2.60872e-09 1.12176e-08
 1.88923e-08 2.53802e-08 3.05099e-08 3.41931e-08 3.64282e-08 3.73060e-08
 3.70258e-08 3.59144e-08 3.44292e-08 3.31266e-08 3.25984e-08 3.33833e-08
 3.58486e-08 4.00324e-08 4.54695e-08 5.10600e-08 5.50296e-08 5.50163e-08
 4.83152e-08 3.23193e-08 5.15736e-09-3.35345e-08-8.18234e-08-1.34832e-07
-1.84475e-07-2.20470e-07-2.33329e-07-2.17420e-07-1.72672e-07-1.05461e-07
-2.73792e-08 4.73102e-08 1.03336e-07 1.27965e-07 1.16399e-07 7.44924e-08
 1.73185e-08-3.59530e-08-6.94213e-08-7.65752e-08-6.18200e-08-3.63236e-08
-1.04370e-08 1.22769e-08 3.48317e-08 6.08194e-08 8.83317e-08 1.09720e-07
 1.17939e-07 1.13709e-07 1.06987e-07 1.12517e-07 1.43152e-07 2.02677e-07
 2.80622e-07 3.55600e-07 4.08976e-07 4.37178e-07 4.45049e-07 4.23724e-07
 3.46561e-07 1.92741e-07-3.88833e-08-3.36052e-07-6.71966e-07-1.00090e-06
-1.26565e-06-1.40677e-06-1.37429e-06-1.14669e-06-7.43051e-07-2.21445e-07
 3.30676e-07 8.13090e-07 1.13747e-06 1.25299e-06 1.16107e-06 9.13037e-07
 5.91120e-07 2.79206e-07 3.57882e-08-1.19321e-07-1.99501e-07-2.32515e-07
-2.41458e-07-2.35910e-07-2.16312e-07-1.83233e-07-1.40785e-07-9.45808e-08
-5.05326e-08-1.63700e-08 1.03450e-09 4.36209e-09 6.04116e-09 1.35851e-08
 2.02321e-08 1.78209e-08 1.13830e-08 9.60565e-09 1.00079e-08 6.78333e-09
 2.98815e-09 2.36942e-09 1.37746e-09-1.43152e-09-2.33281e-09-1.84575e-09
-2.83936e-09-3.37580e-09-2.33844e-09-2.22342e-09-2.45417e-09-1.47269e-09
-1.07796e-09-1.38008e-09-8.96964e-10-8.43919e-10-1.46345e-09-1.43744e-09
-1.63203e-09-2.22306e-09-2.14724e-09-2.16306e-09-2.32297e-09-1.84459e-09
-1.45451e-09-1.05289e-09-1.84481e-10 4.38142e-10 1.04759e-09 1.79464e-09
 2.14201e-09 2.48074e-09 2.73375e-09 2.63787e-09 2.61617e-09 2.46656e-09
 2.22893e-09 2.15901e-09 1.99481e-09 1.93716e-09 1.99860e-09 2.01716e-09
 2.15171e-09 2.21540e-09 2.21359e-09 2.17568e-09 1.94173e-09 1.59967e-09
 1.06769e-09 3.50844e-10-4.86805e-10-1.48174e-09-2.51415e-09-3.54838e-09
-4.49923e-09-5.27225e-09-5.82593e-09-6.07483e-09-6.01678e-09-5.64256e-09
-4.96934e-09-4.03622e-09-2.88636e-09-1.60587e-09-2.78372e-10 1.00733e-09
 2.18949e-09 3.22483e-09 4.06799e-09 4.67159e-09 4.99952e-09 5.05887e-09
 4.89630e-09 4.57856e-09 4.16342e-09 3.68825e-09 3.18728e-09 2.70774e-09
 2.29899e-09 1.98835e-09 1.76347e-09 1.57623e-09 1.38105e-09 1.16371e-09
 9.25889e-10 6.57667e-10 3.31283e-10-7.36395e-11-5.35524e-10-9.94913e-10
-1.38790e-09-1.66391e-09-1.78699e-09-1.72969e-09-1.46370e-09-9.69099e-10
-2.57451e-10 6.18103e-10 1.57283e-09 2.51700e-09 3.37497e-09 4.07399e-09
 4.53400e-09 4.68219e-09 4.46936e-09 3.87710e-09 2.92104e-09 1.64855e-09
 1.31755e-10-1.53943e-09-3.26264e-09-4.92771e-09-6.42377e-09-7.65407e-09
-8.55321e-09-9.08906e-09-9.25482e-09-9.06625e-09-8.55781e-09-7.77797e-09
-6.78925e-09-5.66255e-09-4.46670e-09-3.26391e-09-2.10449e-09-1.02336e-09
-4.82745e-11 7.95308e-10 1.49122e-09 2.03329e-09 2.41806e-09 2.64221e-09
 2.70357e-09 2.60542e-09 2.36817e-09 2.03487e-09 1.66128e-09 1.30508e-09
 1.01719e-09 8.26218e-10 7.26403e-10 6.77379e-10 6.05996e-10 4.12041e-10
-6.74105e-12-7.16599e-10-1.72368e-09-2.96577e-09-4.30123e-09-5.50348e-09
-6.28334e-09-6.33773e-09-5.41094e-09-3.36221e-09-2.22976e-10 3.78163e-09
 8.24479e-09 1.26075e-08 1.62165e-08 1.84300e-08 1.87538e-08 1.69637e-08
 1.31715e-08 7.82012e-09 1.61523e-09-4.57768e-09-9.85395e-09-1.34110e-08
-1.46971e-08-1.35335e-08-1.01648e-08-5.20122e-09 5.22640e-10 6.10719e-09
 1.07370e-08 1.38106e-08 1.50303e-08 1.44369e-08 1.23705e-08 9.35282e-09
 5.93676e-09 2.57732e-09-4.38227e-10-2.98830e-09-5.07614e-09-6.78155e-09
-8.19573e-09-9.35192e-09-1.01862e-08-1.05431e-08-1.02361e-08-9.14218e-09
-7.27628e-09-4.82207e-09-2.11304e-09 4.38157e-10 2.43839e-09 3.60761e-09
 3.84432e-09 3.24241e-09 2.05646e-09 6.30957e-10-6.96223e-10-1.69034e-09
-2.26991e-09-2.49278e-09-2.49665e-09-2.42344e-09-2.35881e-09-2.30632e-09
-2.19567e-09-1.91861e-09-1.38739e-09-5.94327e-10 3.58843e-10 1.27530e-09
 1.91892e-09 2.09455e-09 1.71743e-09 8.45134e-10-3.34255e-10-1.55502e-09
-2.54994e-09-3.12440e-09-3.20562e-09-2.84522e-09-2.17265e-09-1.32797e-09
-4.06693e-10 5.62823e-10 1.59925e-09 2.71969e-09 3.89244e-09 5.00969e-09
 5.89440e-09 6.34807e-09 6.22066e-09 5.47235e-09 4.20334e-09 2.63348e-09
 1.03375e-09-3.54494e-10-1.37553e-09-1.98106e-09-2.22051e-09-2.20579e-09
-2.06486e-09-1.89777e-09-1.74824e-09-1.60396e-09-1.41834e-09-1.12838e-09
-6.55593e-10-1.81233e-10
     0.0000e+00     0.0000e+00      0  0  0.00
     512   1.00000  0.0000e+00
 8.35572e-10 8.78099e-10 8.37416e-10 7.09984e-10 5.14894e-10 2.91600e-10
 8.72943e-11-6.03083e-11-1.36132e-10-1.51394e-10-1.37048e-10-1.29103e-10
-1.51386e-10-2.04827e-10-2.69380e-10-3.16670e-10-3.26260e-10-2.97270e-10
-2.48973e-10-2.10137e-10-2.03472e-10-2.33326e-10-2.82662e-10-3.21294e-10
-3.21224e-10-2.70729e-10-1.80287e-10-7.74186e-11 7.72136e-12 5.83858e-11
 7.91518e-11 9.10029e-11 1.17052e-10 1.67758e-10 2.34199e-10 2.92380e-10
 3.15454e-10 2.88144e-10 2.16367e-10 1.25494e-10 4.69111e-11 8.46560e-13
-1.37327e-11-1.62946e-11-3.13215e-11-7.23212e-11-1.32402e-10-1.87474e-10
-2.10681e-10-1.88438e-10-1.27808e-10-5.24074e-11 9.37330e-12 3.83588e-11
 3.40579e-11 1.27445e-11-6.31619e-12-1.71154e-11-3.29406e-11-7.70003e-11
-1.64358e-10-2.87888e-10-4.17093e-10-5.10155e-10-5.32608e-10-4.72759e-10
-3.45631e-10-1.83704e-10-2.08660e-11 1.19972e-10 2.28984e-10 3.02508e-10
 3.33442e-10 3.07113e-10 2.09118e-10 4.30069e-11-1.55532e-10-3.21787e-10
-3.83275e-10-2.86575e-10-1.58713e-11 4.02884e-10 9.11565e-10 1.43851e-09
 1.91690e-09 2.29336e-09 2.52566e-09 2.57927e-09 2.43244e-09 2.08983e-09
 1.59419e-09 1.02427e-09 4.75384e-10 2.91675e-11-2.73909e-10-4.44619e-10
-5.32827e-10-6.02548e-10-7.09451e-10-8.89417e-10-1.15756e-09-1.51351e-09
-1.94803e-09-2.44540e-09-2.97975e-09-3.51400e-09-4.01177e-09-4.45917e-09
-4.87783e-09-5.31484e-09-5.81435e-09-6.38810e-09-7.00003e-09-7.56946e-09
-7.99017e-09-8.15635e-09-7.98251e-09-7.40940e-09-6.40027e-09-4.93864e-09
-3.03275e-09-7.21611e-10 1.92559e-09 4.81984e-09 7.86801e-09 1.09832e-08
 1.40786e-08 1.70460e-08 1.97358e-08 2.19605e-08 2.35233e-08 2.42536e-08
 2.40358e-08 2.28248e-08 2.06520e-08 1.76169e-08 1.38683e-08 9.58697e-09
 4.97329e-09 2.31274e-10-4.45504e-09-8.93699e-09-1.30919e-08-1.67968e-08
-1.99112e-08-2.22865e-08-2.37981e-08-2.43813e-08-2.40518e-08-2.29002e-08
-2.10592e-08-1.86655e-08-1.58413e-08-1.26988e-08-9.35188e-09-5.92308e-09
-2.54187e-09 6.60816e-10 3.55753e-09 6.02702e-09 7.95892e-09 9.26628e-09
 9.90226e-09 9.86446e-09 9.17877e-09 7.88345e-09 6.04359e-09 3.79762e-09
 1.40805e-09-7.11339e-10-2.00412e-09-1.82667e-09 4.36879e-10 5.20565e-09
 1.25051e-08 2.17673e-08 3.16566e-08 3.99877e-08 4.38386e-08 3.99282e-08
 2.53100e-08-8.08529e-10-3.38441e-08-6.39435e-08-8.28979e-08-8.87114e-08
-8.14335e-08-6.05568e-08-2.84978e-08 7.78223e-09 3.88323e-08 5.61888e-08
 5.64815e-08 4.32130e-08 2.48197e-08 1.05883e-08 6.03235e-09 1.01306e-08
 1.66741e-08 1.89505e-08 1.45332e-08 6.67398e-09 9.93055e-10 3.93846e-10
 3.00942e-09 5.06798e-09 5.31045e-09 5.85463e-09 9.95146e-09 2.11679e-08
 4.29601e-08 7.34163e-08 9.98542e-08 1.05121e-07 8.06268e-08 2.78130e-08
-5.10497e-08-1.53666e-07-2.67856e-07-3.69691e-07-4.32269e-07-4.29397e-07
-3.38831e-07-1.55668e-07 9.90183e-08 3.81024e-07 6.27331e-07 7.68061e-07
 7.50409e-07 5.61012e-07 2.37616e-07-1.34497e-07-4.46173e-07-6.03817e-07
-5.69285e-07-3.79823e-07-1.34215e-07 5.37630e-08 1.15147e-07 6.34752e-08
-1.80213e-08-3.81919e-08 2.96802e-08 1.24545e-07 1.53857e-07 8.72457e-08
-7.90610e-09-4.04379e-08-1.12779e-09 3.45496e-08 1.47485e-08-2.33064e-08
-2.47521e-08-2.50556e-09 5.42518e-10-1.09968e-08-8.59878e-09 3.13989e-10
-2.92419e-09-6.96776e-09-1.37698e-09 6.26077e-10-3.48766e-09-1.73557e-09
 1.75986e-09-4.62350e-10-6.01389e-10 2.48057e-09 1.47718e-09 4.84209e-10
 2.53642e-09 1.87567e-09 5.66570e-10 1.84538e-09 1.33115e-09 2.11469e-10
 1.16215e-09 6.99814e-10-1.54858e-10 5.58299e-10 5.01966e-11-4.66880e-10
 1.46461e-10-3.39961e-10-5.12740e-10-7.82687e-11-5.99251e-10-5.51482e-10
-3.46106e-10-7.74437e-10-5.73249e-10-6.42446e-10-9.75648e-10-8.36943e-10
-1.13607e-09-1.27681e-09-1.19129e-09-1.41628e-09-1.31094e-09-1.30835e-09
-1.37026e-09-1.18412e-09-1.16622e-09-9.64763e-10-7.36767e-10-5.84270e-10
-2.97161e-10-1.30014e-10 1.26532e-10 4.23474e-10 6.76490e-10 9.65608e-10
 1.17497e-09 1.42474e-09 1.66455e-09 1.88817e-09 2.13870e-09 2.38132e-09
 2.68024e-09 3.01240e-09 3.36595e-09 3.69509e-09 3.96952e-09 4.20874e-09
 4.40507e-09 4.53673e-09 4.52932e-09 4.32070e-09 3.92075e-09 3.42149e-09
 2.91094e-09 2.38952e-09 1.81685e-09 1.19266e-09 5.85114e-10 8.13236e-11
-2.91713e-10-5.96104e-10-9.19531e-10-1.29771e-09-1.69980e-09-2.07406e-09
-2.41586e-09-2.77961e-09-3.21448e-09-3.70650e-09-4.18471e-09-4.58376e-09
-4.90388e-09-5.18616e-09-5.43801e-09-5.62200e-09-5.70200e-09-5.67310e-09
-5.56121e-09-5.39946e-09-5.20259e-09-4.96991e-09-4.70063e-09-4.40315e-09
-4.09954e-09-3.80777e-09-3.51853e-09-3.20855e-09-2.86814e-09-2.50088e-09
-2.10438e-09-1.66203e-09-1.15506e-09-5.79355e-10 5.56558e-11 7.43188e-10
 1.48095e-09 2.25696e-09 3.04749e-09 3.82613e-09 4.56431e-09 5.23401e-09
 5.82052e-09 6.32196e-09 6.73668e-09 7.06488e-09 7.31836e-09 7.52144e-09
 7.70268e-09 7.88007e-09 8.04755e-09 8.17364e-09 8.21361e-09 8.11770e-09
 7.81998e-09 7.23869e-09 6.30865e-09 5.00544e-09 3.34996e-09 1.41963e-09
-6.57462e-10-2.74035e-09-4.69276e-09-6.37285e-09-7.65356e-09-8.46630e-09
-8.81339e-09-8.75899e-09-8.41877e-09-7.93438e-09-7.45470e-09-7.14130e-09
-7.14255e-09-7.52398e-09-8.23043e-09-9.10362e-09-9.91504e-09-1.04068e-08
-1.03357e-08-9.49871e-09-7.76926e-09-5.17660e-09-1.96830e-09 1.42908e-09
 4.52900e-09 6.89290e-09 8.19104e-09 8.23776e-09 7.02221e-09 4.75209e-09
 1.88051e-09-9.69220e-10-3.18162e-09-4.31851e-09-4.19624e-09-2.87011e-09
-5.83232e-10 2.26623e-09 5.16600e-09 7.59042e-09 9.14954e-09 9.71953e-09
 9.46210e-09 8.70837e-09 7.81225e-09 7.06192e-09 6.63611e-09 6.58434e-09
 6.81868e-09 7.12039e-09 7.20846e-09 6.86171e-09 6.02149e-09 4.82644e-09
 3.55426e-09 2.49822e-09 1.86150e-09 1.70310e-09 1.92250e-09 2.28680e-09
 2.49106e-09 2.23799e-09 1.33959e-09-1.94895e-10-2.14516e-09-4.15096e-09
-5.83526e-09-6.92946e-09-7.34711e-09-7.18751e-09-6.68673e-09-6.13430e-09
-5.77234e-09-5.70956e-09-5.88754e-09-6.11507e-09-6.15625e-09-5.83177e-09
-5.08944e-09-4.02991e-09-2.87764e-09-1.89121e-09-1.25477e-09-1.00769e-09
-1.03467e-09-1.11804e-09-1.03028e-09-6.23446e-10 1.11291e-10 1.03207e-09
 1.90196e-09 2.48838e-09 2.65394e-09 2.40901e-09 1.90960e-09 1.39293e-09
 1.07487e-09 1.05787e-09 1.29401e-09 1.61862e-09 1.83193e-09 1.78833e-09
 1.45996e-09 9.52916e-10 4.60926e-10 1.69619e-10 1.61628e-10 3.73433e-10
 6.24437e-10 7.03417e-10 4.74136e-10-4.17408e-11-6.41493e-10-9.99250e-10
-7.84688e-10-2.48521e-10
     0.0000e+00     0.0000e+00      0  0  0.00
     512   1.00000  0.0000e+00
 6.67529e-10 6.16071e-10 5.38256e-10 4.49843e-10 3.62222e-10 2.74984e-10
 1.76818e-10 5.47900e-11-9.51724e-11-2.64956e-10-4.38552e-10-5.97625e-10
-7.25574e-10-8.12112e-10-8.57561e-10-8.71773e-10-8.65349e-10-8.38935e-10
-7.80071e-10-6.70102e-10-4.94502e-10-2.49278e-10 5.86751e-11 4.14448e-10
 7.95735e-10 1.16922e-09 1.48863e-09 1.70137e-09 1.76215e-09 1.64507e-09
 1.34816e-09 8.93449e-10 3.26979e-10-2.84439e-10-8.65554e-10-1.34987e-09
-1.68957e-09-1.85407e-09-1.82609e-09-1.60505e-09-1.21727e-09-7.21580e-10
-1.99677e-10 2.66951e-10 6.21174e-10 8.42352e-10 9.42147e-10 9.50074e-10
 8.97831e-10 8.07287e-10 6.84359e-10 5.22474e-10 3.17091e-10 8.28974e-11
-1.42321e-10-3.14775e-10-4.09093e-10-4.26194e-10-3.77669e-10-2.65453e-10
-7.90541e-11 1.87639e-10 5.15268e-10 8.48494e-10 1.10171e-09 1.17998e-09
 1.00975e-09 5.69117e-10-9.56299e-11-8.78038e-10-1.64346e-09-2.26855e-09
-2.66449e-09-2.77362e-09-2.55500e-09-1.98611e-09-1.08764e-09 5.19200e-11
 1.28028e-09 2.41576e-09 3.28990e-09 3.77775e-09 3.81370e-09 3.39620e-09
 2.57831e-09 1.44519e-09 9.40929e-11-1.36566e-09-2.79794e-09-4.03705e-09
-4.91616e-09-5.31509e-09-5.19460e-09-4.59397e-09-3.59954e-09-2.31525e-09
-8.57271e-10 6.36895e-10 2.01134e-09 3.11636e-09 3.83772e-09 4.11282e-09
 3.93542e-09 3.35683e-09 2.47679e-09 1.41379e-09 2.69694e-10-8.77191e-10
-1.94223e-09-2.80444e-09-3.31702e-09-3.35270e-09-2.84093e-09-1.77025e-09
-1.71438e-10 1.88913e-09 4.29845e-09 6.88557e-09 9.42745e-09 1.16731e-08
 1.33749e-08 1.43182e-08 1.43489e-08 1.33923e-08 1.14465e-08 8.54688e-09
 4.72307e-09-7.43405e-12-5.59830e-09-1.19160e-08-1.86959e-08-2.55071e-08
-3.17094e-08-3.64429e-08-3.87255e-08-3.76707e-08-3.27382e-08-2.39169e-08
-1.17977e-08 2.46813e-09 1.73248e-08 3.10698e-08 4.21513e-08 4.94229e-08
 5.23006e-08 5.08139e-08 4.55497e-08 3.74871e-08 2.77468e-08 1.73361e-08
 6.99085e-09-2.84018e-09-1.19144e-08-2.00978e-08-2.72966e-08-3.34212e-08
-3.83739e-08-4.20543e-08-4.43811e-08-4.53140e-08-4.48607e-08-4.30850e-08
-4.01444e-08-3.63561e-08-3.22366e-08-2.84739e-08-2.58454e-08-2.51171e-08
-2.69057e-08-3.14611e-08-3.83822e-08-4.63567e-08-5.30131e-08-5.49489e-08
-4.80065e-08-2.78820e-08 8.91355e-09 6.38398e-08 1.35025e-07 2.16102e-07
 2.95468e-07 3.56515e-07 3.80479e-07 3.53274e-07 2.73032e-07 1.51235e-07
 7.39888e-09-1.33860e-07-2.43437e-07-2.95151e-07-2.77608e-07-2.00504e-07
-9.18652e-08 1.18733e-08 7.90477e-08 9.44960e-08 6.44284e-08 1.04259e-08
-4.44160e-08-8.76954e-08-1.19644e-07-1.44653e-07-1.61137e-07-1.59499e-07
-1.31626e-07-8.46007e-08-4.50152e-08-4.86882e-08-1.21184e-07-2.57045e-07
-4.11950e-07-5.22503e-07-5.46956e-07-4.95242e-07-4.10254e-07-3.08705e-07
-1.62178e-07 5.43581e-08 3.33568e-07 6.52850e-07 9.77384e-07 1.25578e-06
 1.43282e-06 1.45891e-06 1.30405e-06 9.79636e-07 5.37441e-07 4.80620e-08
-4.17570e-07-7.99699e-07-1.05966e-06-1.18561e-06-1.18715e-06-1.08291e-06
-8.90665e-07-6.26521e-07-3.15376e-07-2.04285e-09 2.50503e-07 3.84140e-07
 3.82630e-07 2.92543e-07 2.01959e-07 1.78210e-07 2.09657e-07 2.18221e-07
 1.47278e-07 3.47010e-08-2.70368e-08-8.02047e-09 2.42810e-08 7.94750e-09
-2.85350e-08-2.98789e-08-8.09663e-09-5.65642e-09-1.51636e-08-8.95895e-09
 9.93645e-10-2.59266e-09-4.22300e-09 3.41579e-09 4.20014e-09-2.56756e-10
 2.46163e-09 4.34654e-09 2.80919e-10 4.73971e-10 2.55322e-09-2.44861e-10
-8.57853e-10 1.13536e-09-4.21736e-10-7.40736e-10 1.30948e-09 5.76118e-10
 5.78386e-10 2.23393e-09 1.51428e-09 1.49674e-09 2.53770e-09 1.62425e-09
 1.51290e-09 1.75163e-09 4.07110e-10-6.43080e-12-5.40173e-10-1.90841e-09
-2.12612e-09-2.67785e-09-3.28496e-09-2.91145e-09-3.08504e-09-2.99489e-09
-2.68565e-09-3.00445e-09-2.87495e-09-2.94053e-09-3.21370e-09-3.12107e-09
-3.32032e-09-3.22159e-09-2.93525e-09-2.68434e-09-1.99367e-09-1.27549e-09
-3.15059e-10 8.53327e-10 2.04808e-09 3.50552e-09 4.94243e-09 6.40492e-09
 7.77045e-09 8.86134e-09 9.67445e-09 1.00181e-08 9.94538e-09 9.45191e-09
 8.58786e-09 7.40443e-09 5.87591e-09 4.08008e-09 2.08861e-09 2.60576e-11
-2.02875e-09-4.02515e-09-5.88717e-09-7.50682e-09-8.75149e-09-9.55617e-09
-9.94166e-09-9.99565e-09-9.81034e-09-9.44380e-09-8.93392e-09-8.33741e-09
-7.74321e-09-7.22041e-09-6.75767e-09-6.27523e-09-5.71544e-09-5.10456e-09
-4.50285e-09-3.90494e-09-3.22415e-09-2.38514e-09-1.40915e-09-3.99811e-10
 5.31178e-10 1.30985e-09 1.89091e-09 2.22453e-09 2.23893e-09 1.86730e-09
 1.11157e-09 8.04924e-11-1.05725e-09-2.16768e-09-3.18598e-09-4.05873e-09
-4.68908e-09-4.95991e-09-4.78453e-09-4.12049e-09-2.96462e-09-1.35640e-09
 6.23865e-10 2.86820e-09 5.25025e-09 7.62121e-09 9.81260e-09 1.16758e-08
 1.31304e-08 1.41621e-08 1.47827e-08 1.50046e-08 1.48423e-08 1.43213e-08
 1.34890e-08 1.24182e-08 1.12039e-08 9.94348e-09 8.70342e-09 7.51277e-09
 6.39134e-09 5.36249e-09 4.42994e-09 3.56334e-09 2.72261e-09 1.89676e-09
 1.11821e-09 4.36211e-10-1.27135e-10-5.95399e-10-1.02567e-09-1.48459e-09
-2.01137e-09-2.58733e-09-3.14888e-09-3.61710e-09-3.89606e-09-3.87011e-09
-3.44625e-09-2.61207e-09-1.45367e-09-1.31706e-10 1.14496e-09 2.12620e-09
 2.52850e-09 2.07088e-09 5.37770e-10-2.15040e-09-5.88482e-09-1.03647e-08
-1.51370e-08-1.96348e-08-2.32080e-08-2.52097e-08-2.51608e-08-2.29083e-08
-1.86772e-08-1.29964e-08-6.56351e-09-1.35286e-10 5.52328e-09 9.68324e-09
 1.17621e-08 1.14878e-08 9.00012e-09 4.80207e-09-3.93968e-10-5.81191e-09
-1.07065e-08-1.44401e-08-1.65744e-08-1.69522e-08-1.57066e-08-1.31733e-08
-9.75282e-09-5.80699e-09-1.64556e-09 2.43840e-09 6.16949e-09 9.34213e-09
 1.18532e-08 1.36705e-08 1.47756e-08 1.51371e-08 1.47354e-08 1.36114e-08
 1.18963e-08 9.80450e-09 7.60743e-09 5.59251e-09 4.00877e-09 3.01769e-09
 2.66976e-09 2.90821e-09 3.58621e-09 4.49137e-09 5.39411e-09 6.11634e-09
 6.56846e-09 6.72765e-09 6.59592e-09 6.18010e-09 5.49952e-09 4.59836e-09
 3.53636e-09 2.36656e-09 1.13148e-09-1.21628e-10-1.32799e-09-2.40523e-09
-3.26298e-09-3.81590e-09-3.99870e-09-3.78466e-09-3.20135e-09-2.33836e-09
-1.34495e-09-4.06317e-10 3.01751e-10 6.51111e-10 5.71136e-10 4.06593e-11
-9.19517e-10-2.24341e-09-3.80854e-09-5.43666e-09-6.91837e-09-8.04438e-09
-8.63380e-09-8.56832e-09-7.82264e-09-6.47243e-09-4.68019e-09-2.65899e-09
-6.20823e-10 1.25507e-09 2.81761e-09 3.93269e-09 4.49644e-09 4.47465e-09
 3.94390e-09 3.09359e-09 2.17155e-09 1.40266e-09 9.11719e-10 6.59980e-10
 4.15383e-10 1.26820e-10
     0.0000e+00     0.0000e+00      0  0  0.00
     512   1.00000  0.0000e+00
-8.57690e-11-2.11564e-10-3.10345e-10-3.61390e-10-3.60304e-10-3.21338e-10
-2.69477e-10-2.27378e-10-2.04178e-10-1.91431e-10-1.68146e-10-1.12542e-10
-1.49212e-11 1.14762e-10 2.49395e-10 3.56620e-10 4.13460e-10 4.15937e-10
 3.79524e-10 3.30437e-10 2.91862e-10 2.72093e-10 2.60981e-10 2.36832e-10
 1.79628e-10 8.26752e-11-4.29375e-11-1.72546e-10-2.79313e-10-3.47369e-10
-3.78571e-10-3.88712e-10-3.96207e-10-4.10319e-10-4.25530e-10-4.24831e-10
-3.89661e-10-3.11324e-10-1.97884e-10-7.16326e-11 4.24870e-11 1.30143e-10
 1.94069e-10 2.50597e-10 3.18868e-10 4.08195e-10 5.10028e-10 5.99727e-10
 6.48204e-10 6.36070e-10 5.61190e-10 4.36717e-10 2.83004e-10 1.18021e-10
-4.90873e-11-2.16880e-10-3.83033e-10-5.35287e-10-6.50391e-10-7.03316e-10
-6.80934e-10-5.91401e-10-4.63815e-10-3.38226e-10-2.50071e-10-2.15779e-10
-2.27124e-10-2.57650e-10-2.75844e-10-2.55788e-10-1.80964e-10-4.31396e-11
 1.60312e-10 4.27196e-10 7.45702e-10 1.08492e-09 1.38939e-09 1.58716e-09
 1.61060e-09 1.41980e-09 1.01819e-09 4.55894e-10-1.79793e-10-7.83923e-10
-1.25603e-09-1.51651e-09-1.51433e-09-1.23092e-09-6.86281e-10 5.49523e-11
 8.85177e-10 1.66820e-09 2.26481e-09 2.56418e-09 2.51194e-09 2.12296e-09
 1.47162e-09 6.66082e-10-1.79276e-10-9.64792e-10-1.61917e-09-2.10609e-09
-2.42378e-09-2.60061e-09-2.68939e-09-2.75762e-09-2.86915e-09-3.06144e-09
-3.33196e-09-3.64359e-09-3.94483e-09-4.19190e-09-4.36247e-09-4.45759e-09
-4.49110e-09-4.47075e-09-4.38260e-09-4.18878e-09-3.83586e-09-3.26389e-09
-2.41418e-09-1.24024e-09 2.77396e-10 2.11716e-09 4.20770e-09 6.42844e-09
 8.62561e-09 1.06431e-08 1.23555e-08 1.36852e-08 1.45993e-08 1.50950e-08
 1.51864e-08 1.48925e-08 1.42239e-08 1.31735e-08 1.17187e-08 9.83588e-09
 7.51837e-09 4.79992e-09 1.77863e-09-1.37490e-09-4.44019e-09-7.19225e-09
-9.44738e-09-1.10944e-08-1.21067e-08-1.25338e-08-1.24765e-08-1.20575e-08
-1.14023e-08-1.06325e-08-9.86295e-09-9.19602e-09-8.71682e-09-8.49127e-09
-8.55723e-09-8.90353e-09-9.44970e-09-1.00432e-08-1.04810e-08-1.05581e-08
-1.01420e-08-9.25095e-09-8.10493e-09-7.12918e-09-6.91155e-09-8.11689e-09
-1.13514e-08-1.69770e-08-2.48949e-08-3.43341e-08-4.36921e-08-5.04911e-08
-5.15209e-08-4.32331e-08-2.24131e-08 1.28907e-08 6.22662e-08 1.21846e-07
 1.83532e-07 2.35739e-07 2.67058e-07 2.69909e-07 2.40525e-07 1.78937e-07
 9.10433e-08-1.14604e-08-1.12938e-07-1.95916e-07-2.45618e-07-2.55700e-07
-2.31451e-07-1.88287e-07-1.45164e-07-1.15488e-07-1.00996e-07-9.30070e-08
-8.06296e-08-6.05228e-08-4.06644e-08-3.40231e-08-4.69915e-08-7.28469e-08
-9.56738e-08-1.01041e-07-8.44402e-08-5.16255e-08-1.37088e-08 1.70718e-08
 3.12837e-08 3.05852e-08 3.50691e-08 7.42089e-08 1.64037e-07 2.97456e-07
 4.56382e-07 6.20347e-07 7.59715e-07 8.35160e-07 8.10647e-07 6.61774e-07
 3.80088e-07-1.63593e-08-4.77626e-07-9.29051e-07-1.28281e-06-1.45535e-06
-1.39329e-06-1.09613e-06-6.23749e-07-8.54599e-08 3.90166e-07 6.97338e-07
 7.89918e-07 6.95784e-07 5.00539e-07 3.05258e-07 1.77781e-07 1.24984e-07
 1.03460e-07 6.18181e-08-1.51863e-08-9.53983e-08-1.31815e-07-1.09763e-07
-6.14516e-08-3.13622e-08-3.09568e-08-3.57846e-08-2.46010e-08-5.24928e-09
 4.32533e-09 3.71427e-09 4.19156e-09 7.77751e-09 8.82379e-09 7.63923e-09
 7.90681e-09 8.17983e-09 6.44783e-09 4.85515e-09 4.21442e-09 2.68200e-09
 7.12999e-10-4.18486e-10-1.72728e-09-3.47594e-09-4.56405e-09-5.39140e-09
-6.38793e-09-6.78307e-09-6.77513e-09-6.85138e-09-6.53425e-09-5.95782e-09
-5.50686e-09-4.81683e-09-3.99113e-09-3.30076e-09-2.47314e-09-1.64102e-09
-9.62522e-10-2.07317e-10 4.88459e-10 1.06595e-09 1.67114e-09 2.13833e-09
 2.47711e-09 2.76412e-09 2.87970e-09 2.91550e-09 2.89830e-09 2.76242e-09
 2.58962e-09 2.33890e-09 2.01000e-09 1.66924e-09 1.28330e-09 9.04676e-10
 5.45945e-10 1.84854e-10-1.37797e-10-4.40927e-10-7.02581e-10-8.98655e-10
-1.04295e-09-1.11714e-09-1.12935e-09-1.07213e-09-9.44718e-10-7.60926e-10
-5.08111e-10-1.92867e-10 1.72321e-10 5.61991e-10 9.42006e-10 1.28981e-09
 1.59323e-09 1.85645e-09 2.07487e-09 2.23003e-09 2.29537e-09 2.24952e-09
 2.09595e-09 1.85795e-09 1.55755e-09 1.19407e-09 7.56942e-10 2.54313e-10
-2.85954e-10-8.32932e-10-1.36267e-09-1.86576e-09-2.34544e-09-2.79621e-09
-3.19073e-09-3.48770e-09-3.65110e-09-3.66864e-09-3.54587e-09-3.28563e-09
-2.88859e-09-2.36387e-09-1.73034e-09-1.02043e-09-2.78038e-10 4.57407e-10
 1.15959e-09 1.81166e-09 2.39774e-09 2.89207e-09 3.26184e-09 3.48487e-09
 3.55623e-09 3.48241e-09 3.27610e-09 2.94764e-09 2.50319e-09 1.95588e-09
 1.32871e-09 6.48481e-10-5.81332e-11-7.71348e-10-1.47574e-09-2.14667e-09
-2.75220e-09-3.26296e-09-3.65281e-09-3.90449e-09-4.01288e-09-3.97364e-09
-3.77955e-09-3.42830e-09-2.92310e-09-2.27151e-09-1.49027e-09-6.07021e-10
 3.41343e-10 1.30834e-09 2.24021e-09 3.07985e-09 3.76740e-09 4.24569e-09
 4.47085e-09 4.41654e-09 4.07655e-09 3.47092e-09 2.64698e-09 1.67731e-09
 6.56948e-10-3.03564e-10-1.09122e-09-1.61438e-09-1.82713e-09-1.73440e-09
-1.38938e-09-8.93377e-10-3.78275e-10 2.47810e-11 2.04784e-10 8.87371e-11
-3.28688e-10-9.72264e-10-1.70026e-09-2.32034e-09-2.61591e-09-2.40019e-09
-1.56829e-09-1.27975e-10 1.77773e-09 3.86505e-09 5.74090e-09 6.96390e-09
 7.12430e-09 5.94021e-09 3.34874e-09-4.43854e-10-4.97266e-09-9.57873e-09
-1.35117e-08-1.60578e-08-1.66722e-08-1.50913e-08-1.14081e-08-6.08595e-09
 1.11244e-10 6.25849e-09 1.14463e-08 1.49521e-08 1.63638e-08 1.56433e-08
 1.31249e-08 9.43434e-09 5.34531e-09 1.60302e-09-1.24339e-09-2.94098e-09
-3.53888e-09-3.31917e-09-2.67901e-09-2.00356e-09-1.56698e-09-1.46809e-09
-1.61742e-09-1.79266e-09-1.73621e-09-1.26387e-09-3.55586e-10 8.19602e-10
 1.95564e-09 2.70838e-09 2.81455e-09 2.18782e-09 9.47938e-10-6.12870e-10
-2.10779e-09-3.16558e-09-3.53873e-09-3.17574e-09-2.23831e-09-1.04392e-09
 5.17515e-11 7.77943e-10 1.03333e-09 9.05004e-10 6.12697e-10 4.11175e-10
 4.93669e-10 9.17346e-10 1.57714e-09 2.24665e-09 2.66350e-09 2.62660e-09
 2.07842e-09 1.13365e-09 3.64292e-11-9.31542e-10-1.55720e-09-1.77521e-09
-1.68060e-09-1.47515e-09-1.37868e-09-1.53632e-09-1.95624e-09-2.50483e-09
-2.95990e-09-3.10279e-09-2.81167e-09-2.11211e-09-1.16795e-09-2.19775e-10
 5.12240e-10 9.18846e-10 1.03655e-09 1.01642e-09 1.04737e-09 1.26330e-09
 1.67606e-09 2.16633e-09 2.53205e-09 2.57549e-09 2.19547e-09 1.43719e-09
 4.75813e-10-4.49413e-10-1.12121e-09-1.41874e-09-1.34661e-09-1.00539e-09
-5.24941e-10-1.32803e-10
     0.0000e+00     0.0000e+00      0  0  0.00
     512   1.00000  0.0000e+00
-8.53879e-11 4.82817e-11 1.99068e-10 3.40770e-10 4.43961e-10 4.86176e-10
 4.60910e-10 3.80304e-10 2.69060e-10 1.52200e-10 4.35014e-11-5.88485e-11
-1.67138e-10-2.92665e-10-4.34101e-10-5.71780e-10-6.71234e-10-6.95165e-10
-6.19020e-10-4.42633e-10-1.91956e-10 8.97641e-11 3.56969e-10 5.76219e-10
 7.33478e-10 8.31235e-10 8.78480e-10 8.80231e-10 8.32625e-10 7.25997e-10
 5.53589e-10 3.20677e-10 4.90587e-11-2.26371e-10-4.68699e-10-6.52164e-10
-7.69580e-10-8.29743e-10-8.47159e-10-8.30576e-10-7.76906e-10-6.73758e-10
-5.09375e-10-2.84814e-10-2.09999e-11 2.44371e-10 4.68897e-10 6.20250e-10
 6.86508e-10 6.77109e-10 6.14079e-10 5.18929e-10 4.03856e-10 2.72620e-10
 1.28871e-10-1.55737e-11-1.38785e-10-2.14484e-10-2.22695e-10-1.60100e-10
-4.40974e-11 9.28946e-11 2.16403e-10 3.02146e-10 3.39791e-10 3.26814e-10
 2.58377e-10 1.21769e-10-9.92597e-11-4.11092e-10-7.95081e-10-1.20049e-09
-1.55123e-09-1.76388e-09-1.76902e-09-1.52805e-09-1.04168e-09-3.49253e-10
 4.78161e-10 1.34553e-09 2.13957e-09 2.73626e-09 3.01725e-09 2.89650e-09
 2.34853e-09 1.42517e-09 2.52141e-10-9.94638e-10-2.12568e-09-2.97626e-09
-3.43494e-09-3.45609e-09-3.05794e-09-2.31223e-09-1.33047e-09-2.47918e-10
 7.95256e-10 1.67565e-09 2.30835e-09 2.66134e-09 2.75347e-09 2.63410e-09
 2.35508e-09 1.95066e-09 1.43420e-09 8.08845e-10 8.40471e-11-7.09465e-10
-1.51222e-09-2.23973e-09-2.79582e-09-3.08842e-09-3.04272e-09-2.61286e-09
-1.79598e-09-6.46155e-10 7.20451e-10 2.13654e-09 3.41090e-09 4.36366e-09
 4.85733e-09 4.81319e-09 4.21193e-09 3.08696e-09 1.52060e-09-3.54896e-10
-2.35636e-09-4.25528e-09-5.79487e-09-6.72223e-09-6.83503e-09-6.03449e-09
-4.36996e-09-2.05666e-09 5.49292e-10 3.02007e-09 4.95297e-09 6.06842e-09
 6.28040e-09 5.71731e-09 4.68672e-09 3.59323e-09 2.82827e-09 2.65993e-09
 3.15555e-09 4.16233e-09 5.34929e-09 6.29501e-09 6.59876e-09 5.98647e-09
 4.37624e-09 1.88034e-09-1.24591e-09-4.67809e-09-8.09247e-09-1.12167e-08
-1.38532e-08-1.58769e-08-1.72193e-08-1.78576e-08-1.78173e-08-1.71838e-08
-1.61136e-08-1.48399e-08-1.36645e-08-1.29315e-08-1.29779e-08-1.40601e-08
-1.62560e-08-1.93553e-08-2.27666e-08-2.54819e-08-2.61267e-08-2.31094e-08
-1.48718e-08-2.40405e-10 2.11395e-08 4.83443e-08 7.87816e-08 1.07988e-07
 1.29819e-07 1.38024e-07 1.29307e-07 1.04278e-07 6.58295e-08 1.94568e-08
-2.63346e-08-6.25805e-08-8.20834e-08-8.09116e-08-6.01387e-08-2.60722e-08
 1.11900e-08 4.08713e-08 5.59099e-08 5.57600e-08 4.55236e-08 3.21491e-08
 1.98549e-08 7.59764e-09-9.16172e-09-3.34706e-08-6.30335e-08-9.12632e-08
-1.12222e-07-1.24239e-07-1.29423e-07-1.31720e-07-1.36603e-07-1.51049e-07
-1.80399e-07-2.24190e-07-2.76426e-07-3.28315e-07-3.66787e-07-3.71021e-07
-3.16788e-07-1.87963e-07 1.79441e-08 2.91372e-07 6.07919e-07 9.24571e-07
 1.18503e-06 1.32906e-06 1.30281e-06 1.07563e-06 6.57359e-07 1.05096e-07
-4.83163e-07-9.88380e-07-1.30241e-06-1.36250e-06-1.17426e-06-8.12350e-07
-3.95528e-07-4.25318e-08 1.73112e-07 2.47289e-07 2.34797e-07 2.08743e-07
 2.13298e-07 2.40333e-07 2.47078e-07 2.01288e-07 1.15398e-07 3.71012e-08
 3.57448e-09 7.20845e-09 1.15281e-08-3.06346e-09-2.17778e-08-2.48315e-08
-1.62300e-08-1.15834e-08-1.26797e-08-1.12663e-08-7.15905e-09-5.50430e-09
-4.97502e-09-2.46713e-09-3.36766e-10-1.26870e-10 6.39558e-10 1.99881e-09
 2.02208e-09 1.76729e-09 2.15123e-09 1.80938e-09 1.02065e-09 8.47356e-10
 4.70183e-10-1.80587e-10-2.30323e-10-2.23885e-10-3.70971e-10-5.07409e-11
 3.02132e-10 4.84543e-10 9.25384e-10 1.23081e-09 1.27984e-09 1.39825e-09
 1.28410e-09 9.80042e-10 7.51430e-10 3.84821e-10 2.54947e-11-2.07627e-10
-5.16585e-10-7.54683e-10-9.36552e-10-1.17855e-09-1.33270e-09-1.47409e-09
-1.61747e-09-1.69231e-09-1.81804e-09-1.95582e-09-2.10129e-09-2.29421e-09
-2.44520e-09-2.57562e-09-2.65375e-09-2.62729e-09-2.51243e-09-2.25169e-09
-1.84142e-09-1.28095e-09-5.77461e-10 2.07467e-10 1.04262e-09 1.86371e-09
 2.61841e-09 3.26969e-09 3.76966e-09 4.09453e-09 4.21784e-09 4.12517e-09
 3.80852e-09 3.28521e-09 2.61140e-09 1.85203e-09 1.07109e-09 3.17198e-10
-3.73579e-10-9.72710e-10-1.45469e-09-1.79875e-09-2.00384e-09-2.09126e-09
-2.09325e-09-2.03701e-09-1.93485e-09-1.78729e-09-1.60317e-09-1.40718e-09
-1.22010e-09-1.04948e-09-8.92036e-10-7.30399e-10-5.43095e-10-3.15966e-10
-4.27860e-11 2.68399e-10 5.99709e-10 9.34607e-10 1.24939e-09 1.51037e-09
 1.68490e-09 1.74425e-09 1.66979e-09 1.45890e-09 1.11670e-09 6.53177e-10
 8.46622e-11-5.69674e-10-1.27834e-09-1.98878e-09-2.63743e-09-3.16040e-09
-3.50310e-09-3.62772e-09-3.51001e-09-3.14213e-09-2.54023e-09-1.74017e-09
-7.88606e-10 2.59705e-10 1.34267e-09 2.39696e-09 3.36438e-09 4.19197e-09
 4.83172e-09 5.24313e-09 5.40121e-09 5.30560e-09 4.97625e-09 4.44365e-09
 3.74675e-09 2.92509e-09 2.00781e-09 1.01900e-09-1.16862e-11-1.04981e-09
-2.05788e-09-2.99517e-09-3.81792e-09-4.47508e-09-4.91205e-09-5.08946e-09
-4.99506e-09-4.63971e-09-4.05462e-09-3.29142e-09-2.41343e-09-1.49088e-09
-6.04718e-10 1.64482e-10 7.64801e-10 1.19195e-09 1.48965e-09 1.74263e-09
 2.06178e-09 2.55642e-09 3.30584e-09 4.33074e-09 5.55714e-09 6.79824e-09
 7.77868e-09 8.18543e-09 7.72673e-09 6.19902e-09 3.55049e-09-8.13696e-11
-4.35805e-09-8.75534e-09-1.26280e-08-1.53212e-08-1.62942e-08-1.52280e-08
-1.21054e-08-7.25232e-09-1.31574e-09 4.82335e-09 1.01976e-08 1.39426e-08
 1.54700e-08 1.45775e-08 1.14849e-08 6.78202e-09 1.30575e-09-4.01796e-09
-8.34745e-09-1.10852e-08-1.19751e-08-1.11221e-08-8.93666e-09-6.00638e-09
-2.94109e-09-2.31095e-10 1.85358e-09 3.28328e-09 4.21279e-09 4.88554e-09
 5.51700e-09 6.20024e-09 6.86843e-09 7.31064e-09 7.24756e-09 6.44829e-09
 4.83073e-09 2.51671e-09-1.74525e-10-2.80348e-09-4.92521e-09-6.20313e-09
-6.49802e-09-5.90002e-09-4.69076e-09-3.25412e-09-1.95798e-09-1.04449e-09
-5.73055e-10-4.29455e-10-3.93741e-10-2.44899e-10 1.41860e-10 7.46291e-10
 1.41684e-09 1.93483e-09 2.10645e-09 1.84988e-09 1.24032e-09 4.96424e-10
-9.19969e-11-2.74667e-10 6.21290e-11 8.52733e-10 1.87183e-09 2.81118e-09
 3.38708e-09 3.43589e-09 2.96369e-09 2.13107e-09 1.17840e-09 3.28171e-10
-2.95787e-10-7.05819e-10-1.02587e-09-1.41547e-09-1.98090e-09-2.71074e-09
-3.46424e-09-4.02003e-09-4.16311e-09-3.77542e-09-2.89356e-09-1.70475e-09
-4.78223e-10 5.33852e-10 1.17943e-09 1.44459e-09 1.43487e-09 1.30850e-09
 1.19477e-09 1.13757e-09 1.09096e-09 9.69588e-10 7.24926e-10 4.00638e-10
 1.33553e-10 1.81296e-11
