      10
(6e12.5)
     0.0000e+00     0.0000e+00      0  0  0.00
     512   1.00000  0.0000e+00
 4.83148e-08 4.95867e-08 4.86804e-08 4.55014e-08 4.01202e-08 3.26562e-08
 2.32087e-08 1.18833e-08-1.10698e-09-1.53495e-08-3.02279e-08-4.50216e-08
-5.90460e-08-7.17495e-08-8.27191e-08-9.16038e-08-9.80174e-08-1.01497e-07
-1.01560e-07-9.78286e-08-9.01426e-08-7.85743e-08-6.33411e-08-4.46963e-08
-2.29097e-08 1.61921e-09 2.81800e-08 5.56301e-08 8.24251e-08 1.06806e-07
 1.27066e-07 1.41795e-07 1.50008e-07 1.51180e-07 1.45227e-07 1.32531e-07
 1.14005e-07 9.11176e-08 6.57793e-08 4.00487e-08 1.57470e-08-5.85062e-09
-2.41259e-08-3.90301e-08-5.08943e-08-6.02473e-08-6.77068e-08-7.39334e-08
-7.95931e-08-8.52700e-08-9.13346e-08-9.78367e-08-1.04509e-07-1.10903e-07
-1.16586e-07-1.21269e-07-1.24800e-07-1.27064e-07-1.27885e-07-1.27015e-07
-1.24175e-07-1.19112e-07-1.11609e-07-1.01461e-07-8.84429e-08-7.23103e-08
-5.28593e-08-3.00266e-08-3.97971e-09 2.48587e-08 5.58719e-08 8.83514e-08
 1.21567e-07 1.54777e-07 1.87222e-07 2.18153e-07 2.46895e-07 2.72912e-07
 2.95815e-07 3.15339e-07 3.31269e-07 3.43349e-07 3.51121e-07 3.53735e-07
 3.49766e-07 3.37136e-07 3.13227e-07 2.75300e-07 2.21289e-07 1.51007e-07
 6.75594e-08-2.14623e-08-1.03714e-07-1.63546e-07-1.85867e-07-1.62708e-07
-1.01729e-07-3.41206e-08-1.84257e-08-1.36574e-07-4.77378e-07-1.10367e-06
-2.00495e-06-3.04647e-06-3.93979e-06-4.27228e-06-3.62094e-06-1.74000e-06
 1.22114e-06 4.55993e-06 7.13416e-06 7.87549e-06 6.38836e-06 3.23343e-06
-2.37204e-07-2.58643e-06-3.21145e-06-2.60803e-06-1.70064e-06-1.02604e-06
-6.00975e-07-3.27158e-07-2.08215e-07-2.26730e-07-2.86371e-07-3.12744e-07
-2.95263e-07-2.45429e-07-1.75419e-07-1.00328e-07-3.30961e-08 2.09300e-08
 6.18712e-08 9.16377e-08 1.12806e-07 1.28310e-07 1.40580e-07 1.50939e-07
 1.59628e-07 1.66157e-07 1.69952e-07 1.70740e-07 1.68096e-07 1.60975e-07
 1.48092e-07 1.28585e-07 1.02285e-07 6.96502e-08 3.16907e-08-9.94368e-09
-5.29377e-08-9.45786e-08-1.32089e-07-1.62807e-07-1.84390e-07-1.95189e-07
-1.94553e-07-1.82859e-07-1.61350e-07-1.31909e-07-9.68110e-08-5.84750e-08
-1.92378e-08 1.88272e-08 5.40568e-08 8.52511e-08 1.11609e-07 1.32606e-07
 1.47905e-07 1.57325e-07 1.60877e-07 1.58755e-07 1.51289e-07 1.38932e-07
 1.22316e-07 1.02268e-07 7.97370e-08 5.56823e-08 3.10238e-08 6.60326e-09
-1.68764e-08-3.88858e-08-5.90414e-08-7.70544e-08-9.26725e-08-1.05615e-07
-1.15559e-07-1.22214e-07-1.25402e-07-1.25050e-07-1.21137e-07-1.13739e-07
-1.03128e-07-8.98034e-08-7.44081e-08-5.75952e-08-3.99266e-08-2.18557e-08
-3.76904e-09 1.39840e-08 3.10798e-08 4.71832e-08 6.19280e-08 7.49667e-08
 8.60036e-08 9.47430e-08 1.00856e-07 1.04063e-07 1.04237e-07 1.01439e-07
 9.58816e-08 8.78853e-08 7.77978e-08 6.59265e-08 5.25479e-08 3.79521e-08
 2.24392e-08 6.30581e-09-1.01092e-08-2.63848e-08-4.20591e-08-5.66841e-08
-6.98270e-08-8.10709e-08-9.00473e-08-9.64758e-08-1.00188e-07-1.01108e-07
-9.92038e-08-9.44684e-08-8.69648e-08-7.68441e-08-6.43184e-08-4.96509e-08
-3.32029e-08-1.54774e-08 2.90769e-09 2.12885e-08 3.90023e-08 5.54035e-08
 6.98770e-08 8.18780e-08 9.10093e-08 9.70594e-08 9.99024e-08 9.93567e-08
 9.52291e-08 8.75154e-08 7.65281e-08 6.29204e-08 4.76735e-08 3.19575e-08
 1.68639e-08 3.21597e-09-8.48171e-09-1.80532e-08-2.56214e-08-3.15077e-08
-3.61215e-08-3.98854e-08-4.32011e-08-4.64541e-08-5.00150e-08-5.42335e-08
-5.94648e-08-6.60180e-08-7.38909e-08-8.24552e-08-9.03714e-08-9.57763e-08
-9.66239e-08-9.11063e-08-7.80906e-08-5.74518e-08-3.01696e-08 1.82948e-09
 3.59655e-08 6.93308e-08 9.90315e-08 1.22522e-07 1.37894e-07 1.44080e-07
 1.40918e-07 1.29055e-07 1.09835e-07 8.53172e-08 5.82898e-08 3.19736e-08
 9.38640e-09-7.30495e-09-1.71659e-08-2.05842e-08-1.91233e-08-1.51608e-08
-1.13908e-08-1.02965e-08-1.36612e-08-2.21797e-08-3.52812e-08-5.12896e-08
-6.79071e-08-8.27906e-08-9.39770e-08-1.00129e-07-1.00673e-07-9.58316e-08
-8.64910e-08-7.38970e-08-5.92773e-08-4.35774e-08-2.73725e-08-1.08845e-08
 5.92458e-09 2.31618e-08 4.07218e-08 5.80090e-08 7.38646e-08 8.68132e-08
 9.54658e-08 9.88789e-08 9.68112e-08 8.98721e-08 7.95483e-08 6.80315e-08
 5.77155e-08 5.04417e-08 4.68485e-08 4.61283e-08 4.62236e-08 4.43500e-08
 3.77216e-08 2.43559e-08 3.76746e-09-2.26687e-08-5.18197e-08-7.94030e-08
-1.01039e-07-1.13458e-07-1.15402e-07-1.07936e-07-9.41391e-08-7.82861e-08
-6.46883e-08-5.64523e-08-5.45491e-08-5.75364e-08-6.19945e-08-6.35203e-08
-5.80829e-08-4.33817e-08-1.96757e-08 1.02389e-08 4.18084e-08 6.99655e-08
 9.05161e-08 1.01303e-07 1.02758e-07 9.76347e-08 9.00113e-08 8.38973e-08
 8.19239e-08 8.45270e-08 8.98453e-08 9.43817e-08 9.42473e-08 8.65309e-08
 7.02633e-08 4.66956e-08 1.89104e-08-9.11187e-09-3.37350e-08-5.27472e-08
-6.58423e-08-7.44125e-08-8.08234e-08-8.74182e-08-9.55745e-08-1.05178e-07
-1.14713e-07-1.21865e-07-1.24346e-07-1.20647e-07-1.10487e-07-9.48174e-08
-7.54132e-08-5.42414e-08-3.28983e-08-1.22980e-08 7.34220e-09 2.62638e-08
 4.47978e-08 6.30412e-08 8.07214e-08 9.72581e-08 1.11922e-07 1.23988e-07
 1.32826e-07 1.37915e-07 1.38806e-07 1.35140e-07 1.26735e-07 1.13743e-07
 9.67658e-08 7.68377e-08 5.52127e-08 3.30309e-08 1.09926e-08-1.08016e-08
-3.27270e-08-5.52257e-08-7.82805e-08-1.01029e-07-1.21740e-07-1.38235e-07
-1.48612e-07-1.51979e-07-1.48857e-07-1.41019e-07-1.30779e-07-1.20024e-07
-1.09411e-07-9.81236e-08-8.43237e-08-6.61264e-08-4.26651e-08-1.47473e-08
 1.52464e-08 4.42129e-08 6.95410e-08 9.01044e-08 1.06543e-07 1.20686e-07
 1.34386e-07 1.48320e-07 1.61371e-07 1.70936e-07 1.74029e-07 1.68678e-07
 1.54905e-07 1.34795e-07 1.11594e-07 8.82846e-08 6.63322e-08 4.52363e-08
 2.30899e-08-2.14748e-09-3.13117e-08-6.33197e-08-9.54559e-08-1.24506e-07
-1.48132e-07-1.65746e-07-1.78436e-07-1.88000e-07-1.95634e-07-2.01004e-07
-2.02197e-07-1.96589e-07-1.82190e-07-1.58763e-07-1.28101e-07-9.33324e-08
-5.76139e-08-2.29530e-08 1.02539e-08 4.27874e-08 7.55887e-08 1.08755e-07
 1.41094e-07 1.70459e-07 1.94640e-07 2.12292e-07 2.23352e-07 2.28734e-07
 2.29504e-07 2.26071e-07 2.17888e-07 2.03791e-07 1.82745e-07 1.54577e-07
 1.20305e-07 8.19152e-08 4.17302e-08 1.72014e-09-3.68708e-08-7.34324e-08
-1.07576e-07-1.38730e-07-1.66009e-07-1.88397e-07-2.05036e-07-2.15440e-07
-2.19519e-07-2.17464e-07-2.09537e-07-1.95862e-07-1.76335e-07-1.50698e-07
-1.18747e-07-8.06016e-08-3.69824e-08 1.04875e-08 5.89840e-08 1.04321e-07
 1.41176e-07 1.63886e-07 1.67808e-07 1.50989e-07 1.15859e-07 7.05574e-08
 2.93012e-08 5.91583e-09
     0.0000e+00     0.0000e+00      0  0  0.00
     512   1.00000  0.0000e+00
 1.51917e-08 1.07882e-08 4.82624e-09-2.30343e-09-1.00758e-08-1.79858e-08
-2.56507e-08-3.28212e-08-3.93131e-08-4.49107e-08-4.93055e-08-5.21102e-08
-5.29417e-08-5.15233e-08-4.77451e-08-4.16576e-08-3.34175e-08-2.32312e-08
-1.13357e-08 1.96746e-09 1.62457e-08 3.08777e-08 4.50404e-08 5.77551e-08
 6.79793e-08 7.47166e-08 7.71190e-08 7.45735e-08 6.67850e-08 5.38653e-08
 3.64129e-08 1.55521e-08-7.09893e-09-2.95526e-08-4.96662e-08-6.54185e-08
-7.51917e-08-7.79966e-08-7.35926e-08-6.24857e-08-4.58255e-08-2.52428e-08
-2.66434e-09 1.98838e-08 4.04808e-08 5.75099e-08 6.98200e-08 7.68111e-08
 7.84128e-08 7.49579e-08 6.70033e-08 5.51794e-08 4.01238e-08 2.25043e-08
 3.07278e-09-1.73219e-08-3.77990e-08-5.75524e-08-7.59248e-08-9.23974e-08
-1.06514e-07-1.17807e-07-1.25788e-07-1.30030e-07-1.30283e-07-1.26537e-07
-1.18992e-07-1.07936e-07-9.36444e-08-7.63567e-08-5.63464e-08-3.40159e-08
-9.92094e-09 1.53059e-08 4.10753e-08 6.69039e-08 9.23673e-08 1.16981e-07
 1.40100e-07 1.60919e-07 1.78576e-07 1.92313e-07 2.01595e-07 2.06174e-07
 2.06134e-07 2.01962e-07 1.94639e-07 1.85655e-07 1.76784e-07 1.69511e-07
 1.64141e-07 1.58806e-07 1.48753e-07 1.26370e-07 8.24195e-08 1.07188e-08
-7.98652e-08-1.56080e-07-1.76860e-07-1.26910e-07-2.72879e-08 7.97346e-08
 1.40682e-07 9.31972e-08-1.19037e-07-5.14511e-07-1.03943e-06-1.55119e-06
-1.83361e-06-1.65078e-06-8.68696e-07 3.68338e-07 1.56476e-06 2.09333e-06
 1.65836e-06 6.05942e-07-3.14155e-07-5.79869e-07-2.82333e-07 1.24046e-07
 3.40685e-07 3.74676e-07 3.11878e-07 1.88795e-07 5.26528e-08-3.77989e-08
-6.99903e-08-6.64822e-08-4.77046e-08-2.73339e-08-1.46053e-08-1.19638e-08
-1.83232e-08-3.26728e-08-5.34463e-08-7.81288e-08-1.03740e-07-1.26217e-07
-1.40339e-07-1.41641e-07-1.28741e-07-1.03968e-07-7.19405e-08-3.76371e-08
-5.03159e-09 2.41042e-08 5.05701e-08 7.56996e-08 9.87460e-08 1.17074e-07
 1.28041e-07 1.29648e-07 1.20564e-07 1.00893e-07 7.25298e-08 3.83649e-08
 1.53169e-09-3.47063e-08-6.72143e-08-9.35160e-08-1.11987e-07-1.21748e-07
-1.22655e-07-1.15316e-07-1.00957e-07-8.12068e-08-5.78975e-08-3.28970e-08
-7.95971e-09 1.54600e-08 3.63874e-08 5.43322e-08 6.91410e-08 8.08603e-08
 8.95983e-08 9.53395e-08 9.78503e-08 9.67902e-08 9.19277e-08 8.33284e-08
 7.14558e-08 5.71167e-08 4.12439e-08 2.46840e-08 8.15768e-09-7.66147e-09
-2.21268e-08-3.47328e-08-4.52790e-08-5.39248e-08-6.10329e-08-6.68750e-08
-7.13985e-08-7.42059e-08-7.47496e-08-7.26071e-08-6.76514e-08-6.00375e-08
-5.01044e-08-3.83377e-08-2.54000e-08-1.21153e-08 6.49683e-10 1.21597e-08
 2.19893e-08 3.01502e-08 3.70541e-08 4.32473e-08 4.90400e-08 5.42805e-08
 5.84279e-08 6.08417e-08 6.10445e-08 5.87934e-08 5.40033e-08 4.67020e-08
 3.71330e-08 2.59283e-08 1.41345e-08 2.95416e-09-6.70357e-09-1.45826e-08
-2.11027e-08-2.70242e-08-3.29715e-08-3.90935e-08-4.50171e-08-5.00449e-08
-5.34355e-08-5.46095e-08-5.32292e-08-4.92007e-08-4.26838e-08-3.41393e-08
-2.43568e-08-1.43750e-08-5.25550e-09 2.23219e-09 7.88093e-09 1.21134e-08
 1.57865e-08 1.98025e-08 2.46810e-08 3.02684e-08 3.57236e-08 3.98008e-08
 4.13317e-08 3.97280e-08 3.52981e-08 2.92223e-08 2.31725e-08 1.87018e-08
 1.66413e-08 1.67613e-08 1.78836e-08 1.84275e-08 1.71063e-08 1.34047e-08
 7.64067e-09 6.57636e-10-6.65809e-09-1.37720e-08-2.05986e-08-2.72875e-08
-3.38947e-08-4.01985e-08-4.57548e-08-5.00766e-08-5.27640e-08-5.35102e-08
-5.20260e-08-4.79898e-08-4.11098e-08-3.13080e-08-1.89568e-08-5.02244e-09
 9.04015e-09 2.16483e-08 3.15300e-08 3.80512e-08 4.13554e-08 4.22862e-08
 4.20756e-08 4.18766e-08 4.23219e-08 4.33042e-08 4.41039e-08 4.37977e-08
 4.16873e-08 3.74962e-08 3.13057e-08 2.33979e-08 1.41712e-08 4.13255e-09
-6.14247e-09-1.61034e-08-2.52627e-08-3.31172e-08-3.90600e-08-4.24557e-08
-4.29173e-08-4.06162e-08-3.64060e-08-3.16569e-08-2.78426e-08-2.60340e-08
-2.65469e-08-2.89075e-08-3.20577e-08-3.45956e-08-3.49625e-08-3.16929e-08
-2.38395e-08-1.14521e-08 4.21997e-09 2.10391e-08 3.66550e-08 4.91182e-08
 5.71527e-08 6.01724e-08 5.82955e-08 5.24301e-08 4.42511e-08 3.58512e-08
 2.90935e-08 2.49809e-08 2.34205e-08 2.34647e-08 2.37623e-08 2.29189e-08
 1.97203e-08 1.33445e-08 3.63168e-09-8.70581e-09-2.21535e-08-3.48227e-08
-4.50471e-08-5.18306e-08-5.49635e-08-5.48727e-08-5.23742e-08-4.84315e-08
-4.39515e-08-3.95998e-08-3.56281e-08-3.18108e-08-2.75926e-08-2.23862e-08
-1.58544e-08-8.04362e-09 6.80505e-10 9.81627e-09 1.88858e-08 2.75065e-08
 3.53969e-08 4.23443e-08 4.81503e-08 5.25861e-08 5.53726e-08 5.62006e-08
 5.48133e-08 5.11472e-08 4.54657e-08 3.83854e-08 3.07344e-08 2.32843e-08
 1.64797e-08 1.02795e-08 4.17467e-09-2.59766e-09-1.07087e-08-2.03905e-08
-3.12166e-08-4.21057e-08-5.15762e-08-5.81826e-08-6.09933e-08-5.99360e-08
-5.58650e-08-5.02840e-08-4.47951e-08-4.04917e-08-3.75454e-08-3.51399e-08
-3.17880e-08-2.59400e-08-1.66559e-08-4.06897e-09 1.05457e-08 2.51445e-08
 3.75983e-08 4.64202e-08 5.12590e-08 5.29631e-08 5.31672e-08 5.35535e-08
 5.51053e-08 5.76693e-08 6.00005e-08 6.02801e-08 5.69036e-08 4.92024e-08
 3.77915e-08 2.43865e-08 1.11558e-08-1.20947e-10-8.72433e-09-1.52133e-08
-2.11001e-08-2.81087e-08-3.73337e-08-4.86671e-08-6.07385e-08-7.13891e-08
-7.84738e-08-8.06489e-08-7.78134e-08-7.10339e-08-6.20166e-08-5.23770e-08
-4.30387e-08-3.40117e-08-2.46118e-08-1.39802e-08-1.64080e-09 1.21641e-08
 2.65016e-08 4.01035e-08 5.18617e-08 6.12156e-08 6.82453e-08 7.34443e-08
 7.73088e-08 7.99704e-08 8.10650e-08 7.98971e-08 7.58117e-08 6.85765e-08
 5.85776e-08 4.67187e-08 3.40737e-08 2.14731e-08 9.23407e-09-2.84694e-09
-1.52569e-08-2.84201e-08-4.24192e-08-5.68938e-08-7.11121e-08-8.41346e-08
-9.49807e-08-1.02756e-07-1.06747e-07-1.06509e-07-1.01962e-07-9.34631e-08
-8.17677e-08-6.78486e-08-5.25989e-08-3.65684e-08-1.98867e-08-2.44031e-09
 1.57866e-08 3.44130e-08 5.25889e-08 6.92140e-08 8.33420e-08 9.45462e-08
 1.03015e-07 1.09300e-07 1.13842e-07 1.16565e-07 1.16781e-07 1.13495e-07
 1.05952e-07 9.41024e-08 7.87086e-08 6.10380e-08 4.23215e-08 2.32892e-08
 4.03620e-09-1.56982e-08-3.60048e-08-5.63602e-08-7.55492e-08-9.20137e-08
-1.04436e-07-1.12222e-07-1.15624e-07-1.15440e-07-1.12481e-07-1.07121e-07
-9.91706e-08-8.81236e-08-7.36143e-08-5.58156e-08-3.55357e-08-1.39785e-08
 7.63072e-09 2.82742e-08 4.70662e-08 6.29524e-08 7.44604e-08 7.98007e-08
 7.74340e-08 6.69386e-08 4.97733e-08 2.94807e-08 1.10130e-08-8.62954e-10
-3.78090e-09-1.46494e-09
     0.0000e+00     0.0000e+00      0  0  0.00
     512   1.00000  0.0000e+00
 3.79177e-08 3.96654e-08 3.98730e-08 3.84133e-08 3.52950e-08 3.06310e-08
 2.46033e-08 1.74289e-08 9.33589e-09 5.54573e-10-8.67654e-09-1.80957e-08
-2.74042e-08-3.62679e-08-4.43413e-08-5.13033e-08-5.68879e-08-6.09021e-08
-6.32306e-08-6.38360e-08-6.27601e-08-6.01258e-08-5.61317e-08-5.10249e-08
-4.50509e-08-3.83903e-08-3.11001e-08-2.30803e-08-1.40855e-08-3.78823e-09
 8.11665e-09 2.17937e-08 3.71649e-08 5.38436e-08 7.11109e-08 8.79357e-08
 1.03049e-07 1.15078e-07 1.22720e-07 1.24932e-07 1.21078e-07 1.11021e-07
 9.51370e-08 7.42505e-08 4.95054e-08 2.21979e-08-6.38947e-09-3.51115e-08
-6.30156e-08-8.93390e-08-1.13477e-07-1.34946e-07-1.53359e-07-1.68388e-07
-1.79753e-07-1.87200e-07-1.90506e-07-1.89472e-07-1.83927e-07-1.73727e-07
-1.58787e-07-1.39107e-07-1.14797e-07-8.60561e-08-5.31620e-08-1.64634e-08
 2.35917e-08 6.64194e-08 1.11280e-07 1.57293e-07 2.03471e-07 2.48768e-07
 2.92115e-07 3.32438e-07 3.68660e-07 3.99668e-07 4.24273e-07 4.41176e-07
 4.48975e-07 4.46217e-07 4.31459e-07 4.03395e-07 3.61054e-07 3.04098e-07
 2.33146e-07 1.49993e-07 5.75436e-08-4.06653e-08-1.41471e-07-2.43580e-07
-3.49298e-07-4.65920e-07-6.05910e-07-7.84844e-07-1.01635e-06-1.30399e-06
-1.63112e-06-1.95103e-06-2.18201e-06-2.21410e-06-1.93314e-06-1.26359e-06
-2.27410e-07 1.00698e-06 2.15081e-06 2.92398e-06 3.20229e-06 3.06597e-06
 2.69806e-06 2.20775e-06 1.56977e-06 7.58879e-07-8.42500e-08-6.77817e-07
-8.39927e-07-6.85461e-07-5.21834e-07-5.48650e-07-7.07467e-07-8.31393e-07
-8.53634e-07-8.10060e-07-7.32479e-07-6.26526e-07-5.01153e-07-3.69798e-07
-2.43029e-07-1.28969e-07-3.28715e-08 4.28311e-08 9.86179e-08 1.37806e-07
 1.64787e-07 1.83609e-07 1.96899e-07 2.05298e-07 2.07991e-07 2.03589e-07
 1.91001e-07 1.70107e-07 1.41900e-07 1.08019e-07 7.02190e-08 3.04165e-08
-9.02043e-09-4.53137e-08-7.57877e-08-9.85017e-08-1.12534e-07-1.17890e-07
-1.15332e-07-1.06208e-07-9.21875e-08-7.49976e-08-5.62661e-08-3.74249e-08
-1.95791e-08-3.41165e-09 1.08053e-08 2.31333e-08 3.38689e-08 4.34077e-08
 5.20983e-08 6.01514e-08 6.76218e-08 7.44216e-08 8.03316e-08 8.50097e-08
 8.80276e-08 8.89544e-08 8.74610e-08 8.33876e-08 7.67571e-08 6.77564e-08
 5.67053e-08 4.40151e-08 3.01459e-08 1.55734e-08 7.63963e-10-1.38397e-08
-2.78256e-08-4.08237e-08-5.25160e-08-6.26413e-08-7.10042e-08-7.74774e-08
-8.19808e-08-8.44541e-08-8.48532e-08-8.31657e-08-7.94218e-08-7.36942e-08
-6.61087e-08-5.68638e-08-4.62489e-08-3.46567e-08-2.25657e-08-1.04668e-08
 1.24490e-09 1.23399e-08 2.27312e-08 3.23799e-08 4.12141e-08 4.91121e-08
 5.59216e-08 6.14602e-08 6.54938e-08 6.77579e-08 6.80629e-08 6.64117e-08
 6.30156e-08 5.81951e-08 5.22654e-08 4.54825e-08 3.80308e-08 3.00164e-08
 2.14763e-08 1.24200e-08 2.88332e-09-7.02775e-09-1.71105e-08-2.70659e-08
-3.65455e-08-4.52378e-08-5.29245e-08-5.94583e-08-6.47067e-08-6.85297e-08
-7.07952e-08-7.14043e-08-7.03086e-08-6.75084e-08-6.30083e-08-5.67592e-08
-4.86632e-08-3.86621e-08-2.68269e-08-1.33683e-08 1.40630e-09 1.70873e-08
 3.31032e-08 4.87198e-08 6.31637e-08 7.57808e-08 8.61021e-08 9.38094e-08
 9.86704e-08 1.00471e-07 9.89481e-08 9.37856e-08 8.47375e-08 7.18103e-08
 5.53704e-08 3.61373e-08 1.51136e-08-6.53123e-09-2.76312e-08-4.71616e-08
-6.42704e-08-7.82592e-08-8.86001e-08-9.49664e-08-9.72536e-08-9.56017e-08
-9.03865e-08-8.21706e-08-7.16604e-08-5.96354e-08-4.68236e-08-3.38623e-08
-2.13519e-08-9.79086e-09 5.71963e-10 9.73487e-09 1.78664e-08 2.53020e-08
 3.24264e-08 3.94311e-08 4.62769e-08 5.28123e-08 5.87478e-08 6.36445e-08
 6.70738e-08 6.86561e-08 6.79932e-08 6.48490e-08 5.93852e-08 5.20757e-08
 4.35432e-08 3.45087e-08 2.55707e-08 1.69585e-08 8.67541e-09 6.87775e-10
-7.23613e-09-1.55705e-08-2.47115e-08-3.47967e-08-4.57376e-08-5.71243e-08
-6.82192e-08-7.81689e-08-8.59975e-08-9.04773e-08-9.04348e-08-8.52932e-08
-7.52694e-08-6.12457e-08-4.45778e-08-2.68059e-08-9.35345e-09 6.51079e-09
 1.96736e-08 2.95478e-08 3.64289e-08 4.13126e-08 4.54225e-08 4.97942e-08
 5.49635e-08 6.09404e-08 6.74315e-08 7.38715e-08 7.92401e-08 8.21264e-08
 8.12075e-08 7.58111e-08 6.61486e-08 5.31153e-08 3.78874e-08 2.16068e-08
 5.30024e-09-1.00634e-08-2.36526e-08-3.50647e-08-4.45183e-08-5.26513e-08
-6.00705e-08-6.70111e-08-7.32680e-08-7.83902e-08-8.19540e-08-8.36182e-08
-8.30052e-08-7.97207e-08-7.35325e-08-6.45303e-08-5.31678e-08-4.00990e-08
-2.59188e-08-1.10710e-08 4.07720e-09 1.91214e-08 3.35456e-08 4.68107e-08
 5.85275e-08 6.84826e-08 7.65712e-08 8.27621e-08 8.70407e-08 8.93811e-08
 8.97770e-08 8.81900e-08 8.44541e-08 7.82998e-08 6.94662e-08 5.78489e-08
 4.36761e-08 2.75654e-08 1.04101e-08-6.79223e-09-2.31421e-08-3.80295e-08
-5.11928e-08-6.26752e-08-7.27342e-08-8.16427e-08-8.94526e-08-9.58740e-08
-1.00272e-07-1.01802e-07-9.97012e-08-9.35950e-08-8.36526e-08-7.05943e-08
-5.55153e-08-3.95686e-08-2.36720e-08-8.31672e-09 6.48829e-09 2.10692e-08
 3.58022e-08 5.08349e-08 6.58829e-08 8.01853e-08 9.26835e-08 1.02324e-07
 1.08350e-07 1.10495e-07 1.08997e-07 1.04401e-07 9.73010e-08 8.81023e-08
 7.68998e-08 6.35502e-08 4.79014e-08 3.00486e-08 1.05208e-08-9.69227e-09
-2.93253e-08-4.71600e-08-6.23491e-08-7.46324e-08-8.43452e-08-9.21981e-08
-9.89317e-08-1.04982e-07-1.10263e-07-1.14163e-07-1.15746e-07-1.14053e-07
-1.08392e-07-9.85207e-08-8.46622e-08-6.73864e-08-4.74342e-08-2.55611e-08
-2.45344e-09 2.12576e-08 4.49354e-08 6.78854e-08 8.93451e-08 1.08537e-07
 1.24759e-07 1.37457e-07 1.46231e-07 1.50811e-07 1.50997e-07 1.46622e-07
 1.37573e-07 1.23861e-07 1.05725e-07 8.37199e-08 5.87423e-08 3.19683e-08
 4.71213e-09-2.17521e-08-4.63630e-08-6.83911e-08-8.74791e-08-1.03611e-07
-1.17023e-07-1.28061e-07-1.37031e-07-1.44052e-07-1.48981e-07-1.51407e-07
-1.50747e-07-1.46381e-07-1.37820e-07-1.24845e-07-1.07573e-07-8.64373e-08
-6.20909e-08-3.52950e-08-6.84228e-09 2.24569e-08 5.17497e-08 8.01199e-08
 1.06614e-07 1.30326e-07 1.50500e-07 1.66599e-07 1.78314e-07 1.85496e-07
 1.88045e-07 1.85807e-07 1.78573e-07 1.66188e-07 1.48725e-07 1.26630e-07
 1.00732e-07 7.21017e-08 4.18421e-08 1.09176e-08-1.99073e-08-5.00014e-08
-7.87130e-08-1.05234e-07-1.28586e-07-1.47749e-07-1.61880e-07-1.70522e-07
-1.73659e-07-1.71602e-07-1.64755e-07-1.53424e-07-1.37755e-07-1.17808e-07
-9.37169e-08-6.58336e-08-3.48167e-08-1.68465e-09 3.21156e-08 6.46045e-08
 9.31564e-08 1.14497e-07 1.25032e-07 1.21705e-07 1.03359e-07 7.23251e-08
 3.56804e-08 8.58228e-09
     0.0000e+00     0.0000e+00      0  0  0.00
     512   1.00000  0.0000e+00
 2.12991e-09 3.47766e-09 5.45468e-09 7.71387e-09 9.84581e-09 1.14967e-08
 1.24485e-08 1.26475e-08 1.21676e-08 1.11180e-08 9.54373e-09 7.37129e-09
 4.42546e-09 5.01695e-10-4.54394e-09-1.07294e-08-1.79417e-08-2.60070e-08
-3.48025e-08-4.43279e-08-5.46583e-08-6.57671e-08-7.72817e-08-8.82742e-08
-9.71991e-08-1.02057e-07-1.00770e-07-9.16469e-08-7.38002e-08-4.73949e-08
-1.37054e-08 2.50173e-08 6.58034e-08 1.05260e-07 1.39854e-07 1.66208e-07
 1.81450e-07 1.83647e-07 1.72230e-07 1.48257e-07 1.14400e-07 7.45521e-08
 3.31389e-08-5.72142e-09-3.89298e-08-6.47741e-08-8.28821e-08-9.38528e-08
-9.87536e-08-9.86900e-08-9.46002e-08-8.72908e-08-7.75760e-08-6.63530e-08
-5.45386e-08-4.29087e-08-3.19299e-08-2.16826e-08-1.19401e-08-2.38502e-09
 7.14908e-09 1.65565e-08 2.55319e-08 3.37764e-08 4.11940e-08 4.79577e-08
 5.44166e-08 6.08964e-08 6.75045e-08 7.40574e-08 8.01748e-08 8.54636e-08
 8.96632e-08 9.26913e-08 9.45987e-08 9.54667e-08 9.52956e-08 9.39562e-08
 9.12166e-08 8.67732e-08 8.02043e-08 7.08551e-08 5.77595e-08 3.97063e-08
 1.55139e-08-1.54829e-08-5.27929e-08-9.41374e-08-1.35118e-07-1.69539e-07
-1.90673e-07-1.93638e-07-1.78718e-07-1.55020e-07-1.43138e-07-1.73037e-07
-2.71236e-07-4.45038e-07-6.85689e-07-9.82007e-07-1.30779e-06-1.58748e-06
-1.68193e-06-1.41907e-06-6.78792e-07 4.97365e-07 1.88572e-06 3.21656e-06
 4.29531e-06 4.90296e-06 4.64421e-06 3.12254e-06 4.17925e-07-2.62663e-06
-4.69753e-06-4.84165e-06-3.26376e-06-1.19256e-06 2.20822e-07 7.31566e-07
 7.31873e-07 5.77006e-07 3.94374e-07 2.25452e-07 8.63635e-08-1.91008e-08
-8.21428e-08-1.04081e-07-9.79151e-08-7.45585e-08-4.21531e-08-7.26184e-09
 2.46872e-08 4.92784e-08 6.49849e-08 7.35713e-08 7.95739e-08 8.84460e-08
 1.03225e-07 1.22025e-07 1.38295e-07 1.44169e-07 1.33969e-07 1.05445e-07
 5.97383e-08 1.25806e-09-6.33593e-08-1.27148e-07-1.83817e-07-2.27714e-07
-2.54293e-07-2.61099e-07-2.48018e-07-2.16852e-07-1.71003e-07-1.15221e-07
-5.50242e-08 4.06265e-09 5.71308e-08 1.00400e-07 1.31608e-07 1.50158e-07
 1.56978e-07 1.54080e-07 1.43959e-07 1.29065e-07 1.11499e-07 9.29421e-08
 7.46807e-08 5.76620e-08 4.24990e-08 2.94127e-08 1.82408e-08 8.60767e-09
 1.50323e-10-7.31818e-09-1.37647e-08-1.90630e-08-2.31976e-08-2.63153e-08
-2.85669e-08-2.99547e-08-3.04069e-08-2.99834e-08-2.89333e-08-2.75543e-08
-2.60270e-08-2.43537e-08-2.24148e-08-2.00801e-08-1.73096e-08-1.41953e-08
-1.08787e-08-7.42589e-09-3.84992e-09-2.56331e-10 3.11503e-09 6.03605e-09
 8.45467e-09 1.04714e-08 1.21854e-08 1.36274e-08 1.47987e-08 1.56956e-08
 1.62978e-08 1.65619e-08 1.64439e-08 1.59108e-08 1.49115e-08 1.33891e-08
 1.13592e-08 8.95970e-09 6.40685e-09 3.87542e-09 1.41613e-09-9.96702e-10
-3.38570e-09-5.74682e-09-8.03973e-09-1.02066e-08-1.22258e-08-1.41171e-08
-1.58578e-08-1.72925e-08-1.81989e-08-1.84919e-08-1.82780e-08-1.76734e-08
-1.66624e-08-1.51789e-08-1.32676e-08-1.10735e-08-8.68747e-09-6.09724e-09
-3.26486e-09-1.83508e-10 3.09868e-09 6.47425e-09 9.79388e-09 1.28965e-08
 1.56488e-08 1.79440e-08 1.96875e-08 2.08351e-08 2.14058e-08 2.14266e-08
 2.08814e-08 1.96911e-08 1.77701e-08 1.51351e-08 1.19387e-08 8.40542e-09
 4.73152e-09 1.04329e-09-2.55289e-09-5.95562e-09-9.10870e-09-1.19845e-08
-1.45353e-08-1.66717e-08-1.82837e-08-1.92963e-08-1.97026e-08-1.95780e-08
-1.90545e-08-1.82272e-08-1.71327e-08-1.58178e-08-1.43225e-08-1.25926e-08
-1.04810e-08-7.84520e-09-4.61758e-09-8.16245e-10 3.40277e-09 7.72148e-09
 1.17953e-08 1.53963e-08 1.84167e-08 2.07960e-08 2.24429e-08 2.32211e-08
 2.30458e-08 2.19824e-08 2.01847e-08 1.77257e-08 1.46014e-08 1.09563e-08
 7.20269e-09 3.83955e-09 1.13863e-09-1.00516e-09-2.89339e-09-4.70061e-09
-6.38171e-09-7.90304e-09-9.48426e-09-1.14821e-08-1.39787e-08-1.65715e-08
-1.86448e-08-1.98410e-08-2.02683e-08-2.02505e-08-1.98561e-08-1.87320e-08
-1.64875e-08-1.32031e-08-9.45940e-09-5.84633e-09-2.50532e-09 8.12264e-10
 4.31611e-09 7.87044e-09 1.10599e-08 1.35471e-08 1.53678e-08 1.68115e-08
 1.80719e-08 1.90908e-08 1.96269e-08 1.94359e-08 1.84889e-08 1.70240e-08
 1.53787e-08 1.37683e-08 1.21371e-08 1.02189e-08 7.79750e-09 4.90988e-09
 1.82680e-09-1.17804e-09-4.12502e-09-7.30709e-09-1.08557e-08-1.44081e-08
-1.72679e-08-1.89081e-08-1.93869e-08-1.92472e-08-1.89685e-08-1.85746e-08
-1.77722e-08-1.64131e-08-1.47852e-08-1.33630e-08-1.22515e-08-1.09835e-08
-8.89734e-09-5.70165e-09-1.72668e-09 2.36533e-09 6.11635e-09 9.47369e-09
 1.25387e-08 1.52623e-08 1.73948e-08 1.87183e-08 1.93408e-08 1.96928e-08
 2.01728e-08 2.08241e-08 2.13192e-08 2.11982e-08 2.01601e-08 1.81852e-08
 1.54205e-08 1.20216e-08 8.11951e-09 3.88042e-09-4.37206e-10-4.52010e-09
-8.14772e-09-1.13156e-08-1.42118e-08-1.70756e-08-2.00298e-08-2.29931e-08
-2.57328e-08-2.79851e-08-2.95315e-08-3.02062e-08-2.98602e-08-2.83440e-08
-2.55579e-08-2.15161e-08-1.63559e-08-1.03167e-08-3.70463e-09 3.14315e-09
 9.84247e-09 1.59349e-08 2.09483e-08 2.45210e-08 2.65187e-08 2.71112e-08
 2.67600e-08 2.61014e-08 2.57892e-08 2.63340e-08 2.79487e-08 3.04414e-08
 3.31771e-08 3.51280e-08 3.50494e-08 3.17609e-08 2.44575e-08 1.29879e-08
-1.97425e-09-1.89386e-08-3.57846e-08-5.00954e-08-5.96154e-08-6.27403e-08
-5.89137e-08-4.88428e-08-3.44498e-08-1.85220e-08-4.13245e-09 6.03283e-09
 1.02865e-08 8.33122e-09 1.32195e-09-8.41795e-09-1.79615e-08-2.44882e-08
-2.59544e-08-2.15528e-08-1.18555e-08 1.38646e-09 1.57254e-08 2.86418e-08
 3.81382e-08 4.31482e-08 4.36695e-08 4.06201e-08 3.54795e-08 2.98178e-08
 2.48594e-08 2.12190e-08 1.88690e-08 1.73204e-08 1.59412e-08 1.42865e-08
 1.22981e-08 1.02883e-08 8.70434e-09 7.76657e-09 7.14152e-09 5.81821e-09
 2.29853e-09-4.89920e-09-1.65646e-08-3.22043e-08-4.98102e-08-6.61457e-08
-7.75256e-08-8.08867e-08-7.48266e-08-6.02228e-08-4.01449e-08-1.90301e-08
-1.38201e-09 9.59110e-09 1.29553e-08 1.02920e-08 5.08848e-09 1.48802e-09
 2.83719e-09 1.05269e-08 2.35163e-08 3.87076e-08 5.20485e-08 5.99729e-08
 6.06490e-08 5.45743e-08 4.43236e-08 3.35751e-08 2.57644e-08 2.28383e-08
 2.45694e-08 2.87075e-08 3.19051e-08 3.10320e-08 2.43668e-08 1.22357e-08
-3.12805e-09-1.84508e-08-3.06583e-08-3.79656e-08-4.03999e-08-3.96112e-08
-3.80846e-08-3.80652e-08-4.06364e-08-4.53363e-08-5.04258e-08-5.36115e-08
-5.28802e-08-4.71298e-08-3.64164e-08-2.18010e-08-4.93547e-09 1.23601e-08
 2.82946e-08 4.10493e-08 4.87111e-08 4.95150e-08 4.25694e-08 2.90345e-08
 1.34782e-08 3.01019e-09
     0.0000e+00     0.0000e+00      0  0  0.00
     512   1.00000  0.0000e+00
-3.82789e-08-3.70283e-08-3.38180e-08-2.93519e-08-2.44633e-08-1.98030e-08
-1.56430e-08-1.18719e-08-8.16598e-09-4.24724e-09-9.84741e-11 3.96234e-09
 7.37335e-09 9.54011e-09 1.00724e-08 8.94459e-09 6.51982e-09 3.44905e-09
 5.19666e-10-1.45509e-09-1.65636e-09 7.85878e-10 6.81881e-09 1.73799e-08
 3.31577e-08 5.42411e-08 7.97582e-08 1.07639e-07 1.34632e-07 1.56621e-07
 1.69221e-07 1.68512e-07 1.51752e-07 1.17941e-07 6.81260e-08 5.42933e-09
-6.52169e-08-1.37612e-07-2.05048e-07-2.61166e-07-3.00786e-07-3.20531e-07
-3.19167e-07-2.97571e-07-2.58373e-07-2.05353e-07-1.42769e-07-7.47814e-08
-5.07711e-09 6.32955e-08 1.27959e-07 1.87164e-07 2.39698e-07 2.84761e-07
 3.21837e-07 3.50572e-07 3.70695e-07 3.81973e-07 3.84209e-07 3.77277e-07
 3.61189e-07 3.36160e-07 3.02607e-07 2.61069e-07 2.12112e-07 1.56298e-07
 9.42734e-08 2.69169e-08-4.45420e-08-1.18534e-07-1.93286e-07-2.67017e-07
-3.38129e-07-4.05287e-07-4.67348e-07-5.23140e-07-5.71222e-07-6.09782e-07
-6.36755e-07-6.50090e-07-6.48017e-07-6.29203e-07-5.92876e-07-5.39000e-07
-4.68579e-07-3.83941e-07-2.88760e-07-1.87517e-07-8.41990e-08 1.97333e-08
 1.27698e-07 2.49774e-07 4.02668e-07 6.06590e-07 8.78158e-07 1.21982e-06
 1.60798e-06 1.98175e-06 2.23676e-06 2.23456e-06 1.83604e-06 9.58015e-07
-3.52808e-07-1.85635e-06-3.14036e-06-3.77713e-06-3.54348e-06-2.55178e-06
-1.15850e-06 3.16286e-07 1.75520e-06 3.04538e-06 3.74099e-06 3.18665e-06
 1.26556e-06-1.10200e-06-2.56452e-06-2.50528e-06-1.44356e-06-2.94351e-07
 4.73554e-07 8.54082e-07 9.26903e-07 7.70090e-07 5.04452e-07 2.31971e-07
 1.32415e-09-1.67778e-07-2.72107e-07-3.18581e-07-3.21849e-07-3.03134e-07
-2.81926e-07-2.69452e-07-2.66128e-07-2.63167e-07-2.48237e-07-2.11220e-07
-1.48443e-07-6.39848e-08 3.25591e-08 1.30309e-07 2.20497e-07 2.97243e-07
 3.56375e-07 3.93924e-07 4.05921e-07 3.89727e-07 3.45374e-07 2.75881e-07
 1.86966e-07 8.65562e-08-1.60634e-08-1.11484e-07-1.91409e-07-2.49637e-07
-2.82782e-07-2.90616e-07-2.75930e-07-2.43925e-07-2.01183e-07-1.54406e-07
-1.09266e-07-6.97710e-08-3.82141e-08-1.54477e-08-1.19447e-09 5.68936e-09
 6.94038e-09 4.54882e-09 3.92679e-10-4.04915e-09-7.82916e-09-1.04695e-08
-1.17430e-08-1.14762e-08-9.51190e-09-5.75963e-09-2.18231e-10 7.00236e-09
 1.56248e-08 2.51934e-08 3.51547e-08 4.49371e-08 5.39805e-08 6.18052e-08
 6.81269e-08 7.28828e-08 7.61149e-08 7.78217e-08 7.79066e-08 7.62117e-08
 7.25383e-08 6.66733e-08 5.85164e-08 4.82567e-08 3.64279e-08 2.37538e-08
 1.08824e-08-1.79140e-09-1.40973e-08-2.59233e-08-3.70869e-08-4.73665e-08
-5.65914e-08-6.45805e-08-7.09567e-08-7.51196e-08-7.65381e-08-7.51335e-08
-7.13463e-08-6.58087e-08-5.89583e-08-5.09131e-08-4.16296e-08-3.11342e-08
-1.96077e-08-7.31766e-09 5.42170e-09 1.81830e-08 3.03770e-08 4.13556e-08
 5.06138e-08 5.79409e-08 6.34446e-08 6.74196e-08 7.00650e-08 7.12325e-08
 7.04602e-08 6.73041e-08 6.16767e-08 5.39006e-08 4.44994e-08 3.39817e-08
 2.27749e-08 1.12578e-08-2.26664e-10-1.14571e-08-2.24201e-08-3.31977e-08
-4.36595e-08-5.32592e-08-6.11998e-08-6.68426e-08-6.99722e-08-7.07671e-08
-6.96238e-08-6.69592e-08-6.30150e-08-5.77347e-08-5.08365e-08-4.20798e-08
-3.15368e-08-1.96826e-08-7.26947e-09 4.95219e-09 1.65121e-08 2.72966e-08
 3.73767e-08 4.67583e-08 5.52388e-08 6.24109e-08 6.77913e-08 7.10239e-08
 7.20119e-08 7.08841e-08 6.78745e-08 6.31781e-08 5.68398e-08 4.88411e-08
 3.93466e-08 2.87542e-08 1.74839e-08 5.83360e-09-6.01764e-09-1.79577e-08
-2.97437e-08-4.08110e-08-5.04842e-08-5.83821e-08-6.44718e-08-6.88823e-08
-7.17877e-08-7.31910e-08-7.27423e-08-7.00361e-08-6.50295e-08-5.79822e-08
-4.92517e-08-3.93058e-08-2.85974e-08-1.73328e-08-5.59922e-09 6.42101e-09
 1.85452e-08 3.05519e-08 4.18970e-08 5.18603e-08 6.00251e-08 6.63501e-08
 7.09640e-08 7.40490e-08 7.55780e-08 7.51151e-08 7.22197e-08 6.69797e-08
 5.98959e-08 5.14222e-08 4.17835e-08 3.10265e-08 1.91754e-08 6.53600e-09
-6.23364e-09-1.85754e-08-3.03754e-08-4.16620e-08-5.21798e-08-6.13883e-08
-6.87238e-08-7.38985e-08-7.70597e-08-7.85258e-08-7.82919e-08-7.59544e-08
-7.11824e-08-6.41397e-08-5.53862e-08-4.54497e-08-3.45293e-08-2.25581e-08
-9.55533e-09 4.06608e-09 1.75942e-08 3.04258e-08 4.23252e-08 5.32813e-08
 6.31818e-08 7.16577e-08 7.81931e-08 8.24027e-08 8.42594e-08 8.39926e-08
 8.17447e-08 7.74211e-08 7.08601e-08 6.20803e-08 5.14008e-08 3.93318e-08
 2.63103e-08 1.25585e-08-1.79745e-09-1.64948e-08-3.10260e-08-4.47790e-08
-5.72812e-08-6.82857e-08-7.76523e-08-8.51810e-08-9.05499e-08-9.34182e-08
-9.36073e-08-9.11733e-08-8.62968e-08-7.91261e-08-6.97372e-08-5.82234e-08
-4.48201e-08-2.99391e-08-1.40701e-08 2.33631e-09 1.88903e-08 3.52124e-08
 5.08649e-08 6.53263e-08 7.80694e-08 8.86709e-08 9.68300e-08 1.02327e-07
 1.04998e-07 1.04726e-07 1.01474e-07 9.53367e-08 8.65446e-08 7.54030e-08
 6.22268e-08 4.73166e-08 3.09638e-08 1.34795e-08-4.77672e-09-2.33954e-08
-4.19262e-08-5.98669e-08-7.66460e-08-9.16178e-08-1.04084e-07-1.13365e-07
-1.18899e-07-1.20338e-07-1.17597e-07-1.10887e-07-1.00700e-07-8.77395e-08
-7.28371e-08-5.68245e-08-4.03893e-08-2.39636e-08-7.67805e-09 8.60797e-09
 2.51872e-08 4.23318e-08 6.01156e-08 7.82577e-08 9.60423e-08 1.12352e-07
 1.25805e-07 1.34990e-07 1.38756e-07 1.36482e-07 1.28244e-07 1.14848e-07
 9.76782e-08 7.83939e-08 5.85665e-08 3.93399e-08 2.12078e-08 3.97666e-09
-1.30719e-08-3.08616e-08-5.01134e-08-7.09555e-08-9.26913e-08-1.13812e-07
-1.32265e-07-1.45897e-07-1.52982e-07-1.52669e-07-1.45241e-07-1.32070e-07
-1.15278e-07-9.71654e-08-7.95747e-08-6.33936e-08-4.83645e-08-3.32544e-08
-1.63381e-08 3.93723e-09 2.83055e-08 5.62674e-08 8.60462e-08 1.14939e-07
 1.39966e-07 1.58604e-07 1.69360e-07 1.72038e-07 1.67651e-07 1.58012e-07
 1.45143e-07 1.30691e-07 1.15518e-07 9.96056e-08 8.22678e-08 6.25879e-08
 3.98942e-08 1.41150e-08-1.40876e-08-4.34274e-08-7.22990e-08-9.91617e-08
-1.22850e-07-1.42692e-07-1.58406e-07-1.69858e-07-1.76862e-07-1.79117e-07
-1.76316e-07-1.68354e-07-1.55506e-07-1.38477e-07-1.18253e-07-9.58048e-08
-7.17663e-08-4.62556e-08-1.90056e-08 1.02122e-08 4.10666e-08 7.23183e-08
 1.01836e-07 1.27031e-07 1.45566e-07 1.56072e-07 1.58575e-07 1.54483e-07
 1.46045e-07 1.35488e-07 1.24170e-07 1.12132e-07 9.82479e-08 8.09023e-08
 5.89268e-08 3.23991e-08 2.96237e-09-2.64569e-08-5.24414e-08-7.21113e-08
-8.39610e-08-8.81027e-08-8.58063e-08-7.85558e-08-6.70755e-08-5.08255e-08
-2.82581e-08-7.57968e-09
     0.0000e+00     0.0000e+00      0  0  0.00
     512   1.00000  0.0000e+00
 2.20441e-08 2.26935e-08 2.20008e-08 1.99957e-08 1.68681e-08 1.28826e-08
 8.30263e-09 3.35004e-09-1.80298e-09-7.01805e-09-1.21598e-08-1.70604e-08
-2.14997e-08-2.52214e-08-2.79783e-08-2.95752e-08-2.98735e-08-2.87618e-08
-2.61304e-08-2.18868e-08-1.60170e-08-8.65708e-09-1.37803e-10 9.01867e-09
 1.81413e-08 2.64798e-08 3.32940e-08 3.79539e-08 4.00274e-08 3.93414e-08
 3.60156e-08 3.04846e-08 2.35047e-08 1.61092e-08 9.47187e-09 4.69426e-09
 2.58354e-09 3.49815e-09 7.29516e-09 1.33650e-08 2.07249e-08 2.81536e-08
 3.43576e-08 3.81441e-08 3.85728e-08 3.50601e-08 2.74298e-08 1.59141e-08
 1.09696e-09-1.62044e-08-3.50939e-08-5.47231e-08-7.43329e-08-9.32163e-08
-1.10676e-07-1.26041e-07-1.38749e-07-1.48410e-07-1.54815e-07-1.57875e-07
-1.57525e-07-1.53662e-07-1.46121e-07-1.34717e-07-1.19342e-07-1.00065e-07
-7.71827e-08-5.11697e-08-2.25790e-08 8.03779e-09 4.01236e-08 7.30503e-08
 1.06081e-07 1.38424e-07 1.69344e-07 1.98252e-07 2.24701e-07 2.48303e-07
 2.68632e-07 2.85140e-07 2.97129e-07 3.03761e-07 3.04116e-07 2.97268e-07
 2.82378e-07 2.58808e-07 2.26356e-07 1.85648e-07 1.38586e-07 8.86144e-08
 4.04939e-08-6.41752e-10-3.10044e-08-5.04824e-08-6.51218e-08-8.88991e-08
-1.43544e-07-2.54980e-07-4.45208e-07-7.19559e-07-1.05127e-06-1.36780e-06
-1.54603e-06-1.43705e-06-9.42534e-07-1.03435e-07 8.78582e-07 1.70733e-06
 2.11773e-06 2.01245e-06 1.51801e-06 8.90274e-07 3.37252e-07-7.88348e-08
-4.13389e-07-7.40537e-07-1.02858e-06-1.13266e-06-9.77586e-07-6.74295e-07
-3.89818e-07-1.91844e-07-6.35812e-08 2.11781e-08 7.98647e-08 1.23727e-07
 1.56196e-07 1.79113e-07 1.94353e-07 2.02117e-07 2.02956e-07 1.97707e-07
 1.87168e-07 1.72385e-07 1.54132e-07 1.32936e-07 1.09178e-07 8.33790e-08
 5.66333e-08 3.05986e-08 7.15800e-09-1.20447e-08-2.59013e-08-3.38746e-08
-3.59549e-08-3.26769e-08-2.51695e-08-1.50881e-08-4.37068e-09 5.06922e-09
 1.16008e-08 1.40751e-08 1.19731e-08 5.47008e-09-4.61880e-09-1.69740e-08
-2.99337e-08-4.16956e-08-5.05912e-08-5.53745e-08-5.54136e-08-5.07222e-08
-4.18826e-08-2.99147e-08-1.60913e-08-1.71351e-09 1.20746e-08 2.43801e-08
 3.45905e-08 4.23790e-08 4.76638e-08 5.04998e-08 5.09731e-08 4.91908e-08
 4.53241e-08 3.96100e-08 3.23187e-08 2.37529e-08 1.42660e-08 4.23554e-09
-5.99048e-09-1.60981e-08-2.57719e-08-3.46976e-08-4.26034e-08-4.92731e-08
-5.45052e-08-5.80859e-08-5.98438e-08-5.97391e-08-5.78629e-08-5.43557e-08
-4.93624e-08-4.30579e-08-3.56499e-08-2.73214e-08-1.82135e-08-8.50691e-09
 1.51129e-09 1.15047e-08 2.11862e-08 3.03062e-08 3.85593e-08 4.55993e-08
 5.11923e-08 5.52898e-08 5.79163e-08 5.90447e-08 5.86134e-08 5.66069e-08
 5.30756e-08 4.81154e-08 4.18781e-08 3.45658e-08 2.63628e-08 1.74173e-08
 7.94250e-09-1.70956e-09-1.11502e-08-2.01267e-08-2.85219e-08-3.61740e-08
-4.27868e-08-4.80660e-08-5.18894e-08-5.42864e-08-5.52881e-08-5.48644e-08
-5.29722e-08-4.95936e-08-4.47556e-08-3.85852e-08-3.13372e-08-2.33135e-08
-1.47525e-08-5.84128e-09 3.18658e-09 1.20501e-08 2.05196e-08 2.84400e-08
 3.56481e-08 4.19153e-08 4.69978e-08 5.07156e-08 5.29520e-08 5.36259e-08
 5.27324e-08 5.03886e-08 4.67832e-08 4.20659e-08 3.62951e-08 2.94855e-08
 2.16872e-08 1.30559e-08 3.92367e-09-5.21573e-09-1.38775e-08-2.18039e-08
-2.90147e-08-3.56163e-08-4.15540e-08-4.65471e-08-5.02320e-08-5.23390e-08
-5.27566e-08-5.15318e-08-4.88547e-08-4.49524e-08-3.99701e-08-3.40151e-08
-2.72244e-08-1.96936e-08-1.14679e-08-2.70215e-09 6.25601e-09 1.49689e-08
 2.30476e-08 3.02518e-08 3.65100e-08 4.18032e-08 4.60711e-08 4.92516e-08
 5.12325e-08 5.17544e-08 5.05822e-08 4.77666e-08 4.35954e-08 3.83730e-08
 3.23169e-08 2.55400e-08 1.80820e-08 1.00225e-08 1.55981e-09-7.01895e-09
-1.53863e-08-2.32240e-08-3.02864e-08-3.64092e-08-4.14842e-08-4.54705e-08
-4.83484e-08-5.00054e-08-5.02694e-08-4.90605e-08-4.64174e-08-4.24752e-08
-3.74615e-08-3.15705e-08-2.48913e-08-1.75358e-08-9.68291e-09-1.53675e-09
 6.63186e-09 1.45411e-08 2.20135e-08 2.89085e-08 3.50256e-08 4.01524e-08
 4.41630e-08 4.70291e-08 4.87085e-08 4.91068e-08 4.81824e-08 4.59664e-08
 4.25407e-08 3.80569e-08 3.26334e-08 2.63302e-08 1.93153e-08 1.18413e-08
 4.10309e-09-3.73830e-09-1.15281e-08-1.90931e-08-2.61764e-08-3.25413e-08
-3.80751e-08-4.27032e-08-4.63325e-08-4.88422e-08-5.00862e-08-5.00071e-08
-4.86734e-08-4.61584e-08-4.24972e-08-3.77224e-08-3.18945e-08-2.51600e-08
-1.77393e-08-9.82883e-09-1.57553e-09 6.87071e-09 1.53172e-08 2.35204e-08
 3.12319e-08 3.82549e-08 4.44360e-08 4.96227e-08 5.36520e-08 5.63673e-08
 5.76439e-08 5.74154e-08 5.56704e-08 5.24183e-08 4.76866e-08 4.15493e-08
 3.41261e-08 2.55835e-08 1.61345e-08 6.01040e-09-4.54239e-09-1.52461e-08
-2.58115e-08-3.59519e-08-4.53752e-08-5.37982e-08-6.09552e-08-6.65944e-08
-7.04964e-08-7.24794e-08-7.23897e-08-7.01261e-08-6.56611e-08-5.90410e-08
-5.03938e-08-3.99376e-08-2.79736e-08-1.48781e-08-1.09200e-09 1.29022e-08
 2.66129e-08 3.95761e-08 5.13880e-08 6.17212e-08 7.03252e-08 7.70255e-08
 8.17146e-08 8.43247e-08 8.47967e-08 8.30620e-08 7.90313e-08 7.26043e-08
 6.37032e-08 5.23161e-08 3.85494e-08 2.26862e-08 5.21666e-09-1.31592e-08
-3.15580e-08-4.89832e-08-6.44299e-08-7.70046e-08-8.60388e-08-9.11751e-08
-9.24110e-08-9.00892e-08-8.48306e-08-7.74205e-08-6.86754e-08-5.93134e-08
-4.98489e-08-4.05338e-08-3.13588e-08-2.21097e-08-1.24618e-08-2.09271e-09
 9.20355e-09 2.14238e-08 3.43071e-08 4.73498e-08 5.98853e-08 7.11916e-08
 8.05953e-08 8.75540e-08 9.17035e-08 9.28730e-08 9.10730e-08 8.64668e-08
 7.93362e-08 7.00533e-08 5.90543e-08 4.68069e-08 3.37620e-08 2.02934e-08
 6.65349e-09-7.02699e-09-2.06983e-08-3.43358e-08-4.78963e-08-6.12874e-08
-7.43304e-08-8.67081e-08-9.79268e-08-1.07327e-07-1.14148e-07-1.17630e-07
-1.17128e-07-1.12234e-07-1.02891e-07-8.94379e-08-7.25634e-08-5.31615e-08
-3.21484e-08-1.03364e-08 1.15967e-08 3.30704e-08 5.35545e-08 7.25448e-08
 8.95618e-08 1.04151e-07 1.15883e-07 1.24382e-07 1.29371e-07 1.30700e-07
 1.28337e-07 1.22364e-07 1.12995e-07 1.00622e-07 8.58159e-08 6.92308e-08
 5.14481e-08 3.28710e-08 1.37414e-08-5.74865e-09-2.53360e-08-4.46160e-08
-6.30317e-08-7.99091e-08-9.45264e-08-1.06218e-07-1.14484e-07-1.19039e-07
-1.19767e-07-1.16632e-07-1.09646e-07-9.89320e-08-8.48174e-08-6.78344e-08
-4.86082e-08-2.77402e-08-5.82090e-09 1.64143e-08 3.78882e-08 5.70603e-08
 7.19592e-08 8.04246e-08 8.06079e-08 7.17262e-08 5.49060e-08 3.37750e-08
 1.43922e-08 3.01578e-09
     0.0000e+00     0.0000e+00      0  0  0.00
     512   1.00000  0.0000e+00
 1.24622e-08 1.13791e-08 9.63541e-09 7.98736e-09 7.21424e-09 7.82794e-09
 9.90276e-09 1.30896e-08 1.68034e-08 2.04982e-08 2.39011e-08 2.70934e-08
 3.04023e-08 3.41594e-08 3.84500e-08 4.29702e-08 4.70486e-08 4.98030e-08
 5.03464e-08 4.79408e-08 4.20397e-08 3.22282e-08 1.81320e-08-6.04160e-10
-2.41966e-08-5.24581e-08-8.44744e-08-1.18363e-07-1.51249e-07-1.79519e-07
-1.99314e-07-2.07142e-07-2.00481e-07-1.78241e-07-1.41023e-07-9.11254e-08
-3.23258e-08 3.05326e-08 9.21029e-08 1.47179e-07 1.91333e-07 2.21447e-07
 2.36018e-07 2.35194e-07 2.20539e-07 1.94591e-07 1.60358e-07 1.20865e-07
 7.88289e-08 3.64883e-08-4.43949e-09-4.27280e-08-7.75713e-08-1.08495e-07
-1.35251e-07-1.57695e-07-1.75678e-07-1.89002e-07-1.97446e-07-2.00863e-07
-1.99275e-07-1.92911e-07-1.82164e-07-1.67491e-07-1.49297e-07-1.27877e-07
-1.03459e-07-7.63323e-08-4.69899e-08-1.61738e-08 1.52141e-08 4.63068e-08
 7.64558e-08 1.05286e-07 1.32587e-07 1.58111e-07 1.81417e-07 2.01857e-07
 2.18709e-07 2.31370e-07 2.39493e-07 2.42980e-07 2.41846e-07 2.36066e-07
 2.25549e-07 2.10344e-07 1.90981e-07 1.68732e-07 1.45564e-07 1.23683e-07
 1.04727e-07 8.88323e-08 7.38389e-08 5.49583e-08 2.53228e-08-2.25633e-08
-9.46336e-08-1.91375e-07-3.02212e-07-4.01224e-07-4.46987e-07-3.88109e-07
-1.76386e-07 2.18105e-07 7.97623e-07 1.50872e-06 2.16389e-06 2.38298e-06
 1.72024e-06 1.45747e-10-2.42119e-06-4.72241e-06-5.89768e-06-5.18676e-06
-2.67455e-06 4.77579e-07 2.72204e-06 3.27944e-06 2.59541e-06 1.61244e-06
 8.59280e-07 3.81990e-07 1.09786e-07-1.45119e-08-4.52984e-08-1.71596e-08
 4.29521e-08 1.05503e-07 1.53255e-07 1.79861e-07 1.85609e-07 1.75954e-07
 1.55641e-07 1.27946e-07 9.51093e-08 5.82696e-08 1.83589e-08-2.39245e-08
-6.81466e-08-1.14157e-07-1.61796e-07-2.10011e-07-2.56223e-07-2.96308e-07
-3.25166e-07-3.37582e-07-3.29193e-07-2.97516e-07-2.42740e-07-1.68038e-07
-7.93186e-08 1.55412e-08 1.07898e-07 1.89677e-07 2.54431e-07 2.97918e-07
 3.18316e-07 3.16188e-07 2.94230e-07 2.56796e-07 2.09203e-07 1.56912e-07
 1.04764e-07 5.64820e-08 1.45499e-08-1.96538e-08-4.56419e-08-6.36590e-08
-7.45621e-08-7.96390e-08-8.03111e-08-7.78279e-08-7.31100e-08-6.67892e-08
-5.93579e-08-5.12913e-08-4.30683e-08-3.51063e-08-2.76836e-08-2.09426e-08
-1.49861e-08-9.94533e-09-5.94298e-09-3.01710e-09-1.10022e-09-6.54622e-11
 2.22930e-10-9.57459e-11-8.73417e-10-1.98701e-09-3.36771e-09-4.94603e-09
-6.56195e-09-7.99135e-09-9.08128e-09-9.81072e-09-1.02211e-08-1.03343e-08
-1.01226e-08-9.51754e-09-8.45636e-09-6.95804e-09-5.15388e-09-3.18970e-09
-1.09645e-09 1.16500e-09 3.52664e-09 5.77351e-09 7.70573e-09 9.27908e-09
 1.05685e-08 1.16397e-08 1.24718e-08 1.29730e-08 1.30552e-08 1.26941e-08
 1.19231e-08 1.07880e-08 9.30986e-09 7.49335e-09 5.39951e-09 3.18409e-09
 1.00590e-09-1.07952e-09-3.10353e-09-5.08648e-09-6.97107e-09-8.64667e-09
-1.00229e-08-1.10547e-08-1.17084e-08-1.19479e-08-1.17703e-08-1.12130e-08
-1.03077e-08-9.07827e-09-7.59199e-09-5.93143e-09-4.10301e-09-2.06029e-09
 1.56433e-10 2.37414e-09 4.42859e-09 6.29222e-09 7.99726e-09 9.50080e-09
 1.07108e-08 1.15967e-08 1.21935e-08 1.25036e-08 1.24498e-08 1.19499e-08
 1.10034e-08 9.67758e-09 8.05513e-09 6.22211e-09 4.25358e-09 2.17931e-09
 7.39275e-12-2.21421e-09-4.39847e-09-6.47174e-09-8.39375e-09-1.01187e-08
-1.15573e-08-1.26166e-08-1.32725e-08-1.35563e-08-1.34682e-08-1.29655e-08
-1.20553e-08-1.08143e-08-9.28155e-09-7.43565e-09-5.31133e-09-3.03296e-09
-7.05977e-10 1.64581e-09 4.01505e-09 6.33007e-09 8.45830e-09 1.02966e-08
 1.18587e-08 1.32091e-08 1.42967e-08 1.49437e-08 1.50091e-08 1.45139e-08
 1.36240e-08 1.25025e-08 1.11267e-08 9.29773e-09 6.93945e-09 4.30857e-09
 1.74523e-09-6.89955e-10-3.19167e-09-5.90341e-09-8.67693e-09-1.11120e-08
-1.28891e-08-1.40931e-08-1.51208e-08-1.61634e-08-1.68804e-08-1.67393e-08
-1.56082e-08-1.39360e-08-1.23126e-08-1.08009e-08-8.85351e-09-6.02302e-09
-2.58371e-09 7.09982e-10 3.40364e-09 5.75253e-09 8.33534e-09 1.13158e-08
 1.41588e-08 1.61172e-08 1.69862e-08 1.73076e-08 1.77116e-08 1.81320e-08
 1.78752e-08 1.64221e-08 1.40226e-08 1.14385e-08 9.12272e-09 6.79067e-09
 3.85303e-09 1.76046e-10-3.68343e-09-7.02519e-09-9.67030e-09-1.20075e-08
-1.44409e-08-1.68514e-08-1.86718e-08-1.94815e-08-1.94020e-08-1.88794e-08
-1.81599e-08-1.70499e-08-1.52011e-08-1.25570e-08-9.43057e-09-6.19913e-09
-3.01450e-09 2.30754e-10 3.65892e-09 7.14712e-09 1.03918e-08 1.31493e-08
 1.53624e-08 1.71131e-08 1.84414e-08 1.92533e-08 1.94281e-08 1.89354e-08
 1.78382e-08 1.62361e-08 1.42144e-08 1.18163e-08 9.07320e-09 6.04800e-09
 2.83239e-09-4.64920e-10-3.72925e-09-6.85617e-09-9.74940e-09-1.23156e-08
-1.44599e-08-1.60828e-08-1.70883e-08-1.74204e-08-1.70999e-08-1.62054e-08
-1.48469e-08-1.31606e-08-1.12853e-08-9.36948e-09-7.57168e-09-5.99140e-09
-4.61558e-09-3.32771e-09-1.93927e-09-2.33413e-10 1.97549e-09 4.79328e-09
 8.20280e-09 1.20130e-08 1.58477e-08 1.91845e-08 2.14312e-08 2.20573e-08
 2.07380e-08 1.74562e-08 1.25586e-08 6.75884e-09 1.05451e-09-3.45677e-09
-5.80664e-09-5.39146e-09-2.17211e-09 3.23763e-09 9.61373e-09 1.53064e-08
 1.85644e-08 1.79243e-08 1.25804e-08 2.65915e-09-1.06898e-08-2.54347e-08
-3.90174e-08-4.88651e-08-5.29561e-08-5.02999e-08-4.12076e-08-2.72781e-08
-1.10741e-08 4.45368e-09 1.66425e-08 2.37304e-08 2.52574e-08 2.21363e-08
 1.63531e-08 1.03792e-08 6.45520e-09 5.94083e-09 8.92556e-09 1.42152e-08
 1.97100e-08 2.30805e-08 2.25506e-08 1.75425e-08 8.97051e-09-9.30189e-10
-9.20836e-09-1.30803e-08-1.08397e-08-2.51189e-09 9.97401e-09 2.31825e-08
 3.30506e-08 3.60210e-08 3.00935e-08 1.54711e-08-5.39724e-09-2.83979e-08
-4.88000e-08-6.24687e-08-6.68960e-08-6.17595e-08-4.88652e-08-3.15157e-08
-1.35284e-08 1.77728e-09 1.23400e-08 1.76756e-08 1.87043e-08 1.71975e-08
 1.50711e-08 1.37721e-08 1.39414e-08 1.54178e-08 1.75172e-08 1.94249e-08
 2.05237e-08 2.05414e-08 1.95022e-08 1.75601e-08 1.48377e-08 1.13685e-08
 7.17841e-09 2.45448e-09-2.32429e-09-6.42277e-09-9.09061e-09-9.91799e-09
-9.13304e-09-7.67058e-09-6.91291e-09-8.14796e-09-1.19518e-08-1.77741e-08
-2.39503e-08-2.82010e-08-2.84709e-08-2.37853e-08-1.47512e-08-3.45485e-09
 7.25401e-09 1.48355e-08 1.80544e-08 1.74682e-08 1.51754e-08 1.38845e-08
 1.56506e-08 2.08167e-08 2.76582e-08 3.29403e-08 3.32057e-08 2.62970e-08
 1.24987e-08-5.20387e-09-2.19316e-08-3.25818e-08-3.38365e-08-2.58384e-08
-1.29735e-08-3.07240e-09
     0.0000e+00     0.0000e+00      0  0  0.00
     512   1.00000  0.0000e+00
-1.33447e-09 3.17095e-09 1.01461e-08 1.87928e-08 2.79921e-08 3.66191e-08
 4.37669e-08 4.88399e-08 5.15308e-08 5.17220e-08 4.93484e-08 4.42718e-08
 3.62319e-08 2.49233e-08 1.01641e-08-7.96638e-09-2.91364e-08-5.29176e-08
-7.89490e-08-1.06947e-07-1.36506e-07-1.66789e-07-1.96249e-07-2.22523e-07
-2.42519e-07-2.52740e-07-2.49785e-07-2.30954e-07-1.94779e-07-1.41381e-07
-7.26039e-08 7.99218e-09 9.52565e-08 1.82755e-07 2.63347e-07 3.30026e-07
 3.76854e-07 3.99783e-07 3.97187e-07 3.70061e-07 3.21872e-07 2.58040e-07
 1.85100e-07 1.09692e-07 3.76430e-08-2.66621e-08-8.05339e-08-1.22897e-07
-1.53954e-07-1.74688e-07-1.86362e-07-1.90206e-07-1.87403e-07-1.79251e-07
-1.67256e-07-1.52949e-07-1.37517e-07-1.21517e-07-1.04895e-07-8.73239e-08
-6.86620e-08-4.92648e-08-3.00217e-08-1.20984e-08 3.49449e-09 1.62861e-08
 2.64523e-08 3.45583e-08 4.11125e-08 4.62761e-08 4.99513e-08 5.21307e-08
 5.31510e-08 5.35964e-08 5.39325e-08 5.41886e-08 5.39496e-08 5.26668e-08
 5.00954e-08 4.66213e-08 4.33197e-08 4.17033e-08 4.32434e-08 4.88676e-08
 5.86368e-08 7.16525e-08 8.60521e-08 9.89555e-08 1.06498e-07 1.04368e-07
 8.92363e-08 6.10255e-08 2.53834e-08-4.68368e-09-1.08406e-08 2.19455e-08
 9.81691e-08 2.17488e-07 3.81145e-07 5.79643e-07 7.70845e-07 8.69304e-07
 7.54705e-07 3.12311e-07-4.76943e-07-1.43894e-06-2.19777e-06-2.30665e-06
-1.51178e-06-5.89901e-08 1.24133e-06 1.47519e-06 3.68705e-07-1.39261e-06
-2.58689e-06-2.32207e-06-7.88412e-07 8.80828e-07 1.73341e-06 1.76802e-06
 1.47865e-06 1.14534e-06 8.01075e-07 4.70634e-07 1.98304e-07 1.00498e-08
-8.37592e-08-9.90795e-08-6.74336e-08-1.61157e-08 3.23909e-08 6.48697e-08
 7.88443e-08 7.87561e-08 7.36066e-08 7.22276e-08 7.94416e-08 9.42201e-08
 1.09811e-07 1.16534e-07 1.05427e-07 7.12519e-08 1.35388e-08-6.43675e-08
-1.56842e-07-2.56961e-07-3.56781e-07-4.47582e-07-5.20589e-07-5.68011e-07
-5.83998e-07-5.65318e-07-5.11761e-07-4.26310e-07-3.15020e-07-1.86508e-07
-5.10709e-08 8.04641e-08 1.98070e-07 2.93819e-07 3.62820e-07 4.03543e-07
 4.17490e-07 4.08434e-07 3.81474e-07 3.42094e-07 2.95353e-07 2.45344e-07
 1.95027e-07 1.46360e-07 1.00585e-07 5.84895e-08 2.06088e-08-1.26576e-08
-4.09869e-08-6.41511e-08-8.21127e-08-9.51161e-08-1.03618e-07-1.08083e-07
-1.08862e-07-1.06226e-07-1.00431e-07-9.17596e-08-8.06166e-08-6.76430e-08
-5.36961e-08-3.96500e-08-2.61906e-08-1.37297e-08-2.42034e-09 7.79316e-09
 1.71145e-08 2.57630e-08 3.37456e-08 4.07112e-08 4.60644e-08 4.92659e-08
 5.00863e-08 4.86381e-08 4.52475e-08 4.03758e-08 3.46215e-08 2.86138e-08
 2.27467e-08 1.69961e-08 1.10507e-08 4.64295e-09-2.21749e-09-9.23574e-09
-1.60006e-08-2.21868e-08-2.76028e-08-3.20665e-08-3.53272e-08-3.72077e-08
-3.78336e-08-3.76033e-08-3.68323e-08-3.54711e-08-3.32370e-08-3.00168e-08
-2.60835e-08-2.18686e-08-1.75725e-08-1.30837e-08-8.22682e-09-3.01422e-09
 2.30847e-09 7.39169e-09 1.19489e-08 1.58613e-08 1.91617e-08 2.18933e-08
 2.40112e-08 2.54524e-08 2.62297e-08 2.64087e-08 2.60333e-08 2.51000e-08
 2.35824e-08 2.14626e-08 1.87778e-08 1.56663e-08 1.23430e-08 9.01647e-09
 5.79973e-09 2.63079e-09-7.06195e-10-4.38066e-09-8.24873e-09-1.17736e-08
-1.43087e-08-1.55710e-08-1.59023e-08-1.60970e-08-1.68633e-08-1.82495e-08
-1.95287e-08-1.97088e-08-1.82769e-08-1.55728e-08-1.24912e-08-9.83650e-09
-7.89860e-09-6.44748e-09-5.00288e-09-3.15878e-09-7.46900e-10 2.18829e-09
 5.39234e-09 8.32822e-09 1.03507e-08 1.11992e-08 1.12609e-08 1.12800e-08
 1.18354e-08 1.29484e-08 1.40639e-08 1.44726e-08 1.37709e-08 1.19986e-08
 9.62559e-09 7.43408e-09 6.04155e-09 5.36656e-09 4.71890e-09 3.42578e-09
 1.29430e-09-1.35224e-09-3.91602e-09-5.88258e-09-7.06654e-09-7.63706e-09
-8.00646e-09-8.60388e-09-9.59143e-09-1.07317e-08-1.15372e-08-1.16147e-08
-1.09520e-08-9.89801e-09-8.84279e-09-7.94191e-09-7.13434e-09-6.24923e-09
-5.06454e-09-3.46810e-09-1.57820e-09 3.59595e-10 2.09469e-09 3.48972e-09
 4.67611e-09 5.91213e-09 7.23003e-09 8.42930e-09 9.35839e-09 1.00263e-08
 1.04941e-08 1.07615e-08 1.07715e-08 1.04760e-08 9.88122e-09 9.07255e-09
 8.13417e-09 7.03722e-09 5.72206e-09 4.19130e-09 2.45472e-09 5.65351e-10
-1.32721e-09-3.09723e-09-4.73370e-09-6.30777e-09-7.87243e-09-9.32719e-09
-1.04700e-08-1.12091e-08-1.16049e-08-1.17603e-08-1.17166e-08-1.13983e-08
-1.07029e-08-9.63809e-09-8.30955e-09-6.82943e-09-5.24272e-09-3.51752e-09
-1.63149e-09 3.62680e-10 2.35922e-09 4.25042e-09 5.98236e-09 7.55169e-09
 8.94257e-09 1.01137e-08 1.10094e-08 1.15603e-08 1.17333e-08 1.15627e-08
 1.11040e-08 1.03911e-08 9.42994e-09 8.21836e-09 6.78010e-09 5.18032e-09
 3.50821e-09 1.83481e-09 1.92690e-10-1.39313e-09-2.87658e-09-4.19180e-09
-5.27360e-09-6.09616e-09-6.68392e-09-7.07706e-09-7.31232e-09-7.42747e-09
-7.46476e-09-7.48101e-09-7.53717e-09-7.65796e-09-7.81208e-09-7.92397e-09
-7.89884e-09-7.64506e-09-7.08354e-09-6.16923e-09-4.91651e-09-3.40101e-09
-1.76434e-09-2.11386e-10 1.03758e-09 1.80901e-09 2.02521e-09 1.74800e-09
 1.19739e-09 7.27168e-10 7.63601e-10 1.71462e-09 3.87121e-09 7.31561e-09
 1.18473e-08 1.69652e-08 2.19252e-08 2.58618e-08 2.79577e-08 2.76272e-08
 2.46673e-08 1.93361e-08 1.23354e-08 4.70244e-09-2.39729e-09-7.93461e-09
-1.12587e-08-1.22679e-08-1.14618e-08-9.82977e-09-8.60519e-09-8.94683e-09
-1.16108e-08-1.67018e-08-2.35838e-08-3.09886e-08-3.73100e-08-4.10089e-08
-4.10032e-08-3.69330e-08-2.92383e-08-1.90505e-08-7.94067e-09 2.43212e-09
 1.07043e-08 1.61227e-08 1.86972e-08 1.91388e-08 1.86038e-08 1.83226e-08
 1.92249e-08 2.16680e-08 2.53525e-08 2.94675e-08 3.30313e-08 3.53025e-08
 3.60606e-08 3.56096e-08 3.45109e-08 3.32006e-08 3.16960e-08 2.95243e-08
 2.58705e-08 1.98817e-08 1.10539e-08-4.10228e-10-1.34312e-08-2.62113e-08
-3.67099e-08-4.32608e-08-4.51024e-08-4.26543e-08-3.74785e-08-3.19423e-08
-2.86085e-08-2.94276e-08-3.49598e-08-4.39825e-08-5.37404e-08-6.08067e-08
-6.22251e-08-5.64846e-08-4.39908e-08-2.69142e-08-8.47098e-09 8.17571e-09
 2.10244e-08 2.98661e-08 3.61091e-08 4.18839e-08 4.88989e-08 5.76195e-08
 6.70947e-08 7.53693e-08 8.02125e-08 7.99104e-08 7.39179e-08 6.31532e-08
 4.97571e-08 3.63418e-08 2.50317e-08 1.67379e-08 1.09487e-08 6.00552e-09
-3.38416e-10-1.02145e-08-2.48616e-08-4.39583e-08-6.53958e-08-8.57359e-08
-1.01216e-07-1.08786e-07-1.06680e-07-9.44294e-08-7.26359e-08-4.28778e-08
-7.88579e-09 2.81592e-08 5.95301e-08 7.94943e-08 8.20025e-08 6.48894e-08
 3.42538e-08 8.49147e-09
     0.0000e+00     0.0000e+00      0  0  0.00
     512   1.00000  0.0000e+00
 3.58516e-08 3.80360e-08 3.87278e-08 3.75535e-08 3.42870e-08 2.89060e-08
 2.16089e-08 1.27766e-08 2.88504e-09-7.59991e-09-1.83052e-08-2.89774e-08
-3.94442e-08-4.95333e-08-5.89893e-08-6.74274e-08-7.43448e-08-7.91875e-08
-8.14413e-08-8.07093e-08-7.67439e-08-6.94335e-08-5.87706e-08-4.48359e-08
-2.78228e-08-8.10417e-09 1.36865e-08 3.65992e-08 5.93752e-08 8.05355e-08
 9.85391e-08 1.11978e-07 1.19765e-07 1.21280e-07 1.16444e-07 1.05715e-07
 9.00238e-08 7.06658e-08 4.91591e-08 2.70774e-08 5.87575e-09-1.32659e-08
-2.95507e-08-4.26068e-08-5.24587e-08-5.94416e-08-6.40857e-08-6.69993e-08
-6.87712e-08-6.98997e-08-7.07500e-08-7.15375e-08-7.23315e-08-7.30742e-08
-7.36097e-08-7.37245e-08-7.31917e-08-7.18022e-08-6.93711e-08-6.57217e-08
-6.06686e-08-5.40166e-08-4.55848e-08-3.52502e-08-2.29898e-08-8.89868e-09
 6.83132e-09 2.39613e-08 4.22519e-08 6.14771e-08 8.13978e-08 1.01707e-07
 1.21980e-07 1.41661e-07 1.60099e-07 1.76612e-07 1.90537e-07 2.01244e-07
 2.08101e-07 2.10463e-07 2.07696e-07 1.99278e-07 1.84965e-07 1.64942e-07
 1.39871e-07 1.10755e-07 7.85712e-08 4.37526e-08 5.60673e-09-3.81402e-08
-9.14455e-08-1.59419e-07-2.46905e-07-3.56058e-07-4.83193e-07-6.15548e-07
-7.28979e-07-7.88589e-07-7.55085e-07-5.97998e-07-3.14307e-07 5.08673e-08
 3.87277e-07 5.29964e-07 3.39143e-07-1.70260e-07-7.63285e-07-1.07029e-06
-7.95674e-07 8.37535e-08 1.28731e-06 2.37203e-06 2.91071e-06 2.64567e-06
 1.63518e-06 2.88442e-07-8.49943e-07-1.43859e-06-1.48894e-06-1.22717e-06
-8.75209e-07-5.61431e-07-3.42444e-07-2.23908e-07-1.73603e-07-1.51957e-07
-1.33378e-07-1.06590e-07-6.93872e-08-2.47561e-08 2.11735e-08 6.12787e-08
 9.04406e-08 1.07137e-07 1.13349e-07 1.13437e-07 1.12322e-07 1.13602e-07
 1.18291e-07 1.24808e-07 1.30157e-07 1.31461e-07 1.27000e-07 1.16453e-07
 1.00501e-07 8.00635e-08 5.57587e-08 2.79702e-08-2.75215e-09-3.54231e-08
-6.85704e-08-1.00268e-07-1.28271e-07-1.50304e-07-1.64411e-07-1.69227e-07
-1.64167e-07-1.49537e-07-1.26534e-07-9.70908e-08-6.35766e-08-2.84230e-08
 6.19804e-09 3.85484e-08 6.73402e-08 9.16782e-08 1.10999e-07 1.25022e-07
 1.33712e-07 1.37251e-07 1.35995e-07 1.30398e-07 1.20946e-07 1.08141e-07
 9.25461e-08 7.47986e-08 5.55708e-08 3.55149e-08 1.52474e-08-4.65540e-09
-2.36734e-08-4.13563e-08-5.73077e-08-7.11723e-08-8.26612e-08-9.15674e-08
-9.77381e-08-1.01060e-07-1.01488e-07-9.90769e-08-9.39789e-08-8.64157e-08
-7.66812e-08-6.51431e-08-5.21989e-08-3.82246e-08-2.35703e-08-8.58993e-09
 6.33671e-09 2.08131e-08 3.44512e-08 4.68892e-08 5.78042e-08 6.69145e-08
 7.39803e-08 7.88329e-08 8.14071e-08 8.17337e-08 7.98967e-08 7.59913e-08
 7.01114e-08 6.23799e-08 5.29915e-08 4.22379e-08 3.04781e-08 1.80688e-08
 5.34209e-09-7.35774e-09-1.96666e-08-3.12499e-08-4.18395e-08-5.12066e-08
-5.91196e-08-6.53591e-08-6.97489e-08-7.21506e-08-7.24757e-08-7.07375e-08
-6.70664e-08-6.16483e-08-5.46563e-08-4.62621e-08-3.66823e-08-2.61707e-08
-1.49870e-08-3.40873e-09 8.24255e-09 1.96098e-08 3.03392e-08 4.01107e-08
 4.86524e-08 5.57623e-08 6.13154e-08 6.52243e-08 6.73957e-08 6.77357e-08
 6.61946e-08 6.27971e-08 5.76362e-08 5.08630e-08 4.27022e-08 3.34453e-08
 2.33903e-08 1.27886e-08 1.86708e-09-9.11181e-09-1.98455e-08-3.00272e-08
-3.93559e-08-4.75439e-08-5.43575e-08-5.96340e-08-6.32610e-08-6.51694e-08
-6.53252e-08-6.37100e-08-6.03467e-08-5.53321e-08-4.88072e-08-4.09459e-08
-3.19936e-08-2.22179e-08-1.18355e-08-1.09685e-09 9.63570e-09 2.00200e-08
 2.98277e-08 3.88376e-08 4.68027e-08 5.35233e-08 5.87966e-08 6.23968e-08
 6.42242e-08 6.43179e-08 6.26903e-08 5.93379e-08 5.43705e-08 4.79589e-08
 4.02775e-08 3.15696e-08 2.20686e-08 1.18902e-08 1.24309e-09-9.40867e-09
-1.96149e-08-2.91653e-08-3.79491e-08-4.58280e-08-5.26149e-08-5.79820e-08
-6.15779e-08-6.33611e-08-6.35543e-08-6.22561e-08-5.93476e-08-5.47260e-08
-4.84805e-08-4.09124e-08-3.24265e-08-2.32887e-08-1.35034e-08-3.09116e-09
 7.57374e-09 1.79127e-08 2.75323e-08 3.63170e-08 4.42753e-08 5.13295e-08
 5.71396e-08 6.12542e-08 6.35086e-08 6.40959e-08 6.32324e-08 6.09030e-08
 5.69282e-08 5.12274e-08 4.40187e-08 3.57261e-08 2.66919e-08 1.70293e-08
 6.75624e-09-3.94758e-09-1.46476e-08-2.48638e-08-3.43328e-08-4.29830e-08
-5.07215e-08-5.73202e-08-6.24502e-08-6.58467e-08-6.74743e-08-6.74371e-08
-6.57647e-08-6.23985e-08-5.73034e-08-5.05577e-08-4.23991e-08-3.31203e-08
-2.29271e-08-1.19876e-08-5.30091e-10 1.11467e-08 2.26758e-08 3.37025e-08
 4.39801e-08 5.32894e-08 6.13580e-08 6.79226e-08 7.27541e-08 7.56673e-08
 7.65794e-08 7.54669e-08 7.23001e-08 6.71020e-08 5.99770e-08 5.10800e-08
 4.06388e-08 2.89348e-08 1.62452e-08 2.87661e-09-1.08165e-08-2.44790e-08
-3.77447e-08-5.02305e-08-6.15890e-08-7.14923e-08-7.96056e-08-8.56360e-08
-8.93376e-08-9.04911e-08-8.89606e-08-8.47184e-08-7.78163e-08-6.84169e-08
-5.68123e-08-4.33841e-08-2.86029e-08-1.30154e-08 2.83547e-09 1.84519e-08
 3.33948e-08 4.73340e-08 6.00491e-08 7.13846e-08 8.12394e-08 8.95250e-08
 9.60811e-08 1.00647e-07 1.02857e-07 1.02246e-07 9.83238e-08 9.06981e-08
 7.91732e-08 6.38575e-08 4.52588e-08 2.42827e-08 2.16725e-09-1.96370e-08
-3.96745e-08-5.67161e-08-6.99439e-08-7.90934e-08-8.44953e-08-8.69704e-08
-8.76331e-08-8.76338e-08-8.78597e-08-8.86977e-08-8.99254e-08-9.07290e-08
-8.98754e-08-8.60175e-08-7.80298e-08-6.53041e-08-4.79474e-08-2.68039e-08
-3.29511e-09 2.08608e-08 4.39991e-08 6.48375e-08 8.26686e-08 9.73798e-08
 1.09305e-07 1.18939e-07 1.26600e-07 1.32182e-07 1.35050e-07 1.34142e-07
 1.28266e-07 1.16502e-07 9.85867e-08 7.51761e-08 4.78727e-08 1.89866e-08
-8.91139e-09-3.35330e-08-5.33740e-08-6.80197e-08-7.81633e-08-8.53357e-08
-9.14174e-08-9.80676e-08-1.06237e-07-1.15893e-07-1.26028e-07-1.34932e-07
-1.40650e-07-1.41463e-07-1.36279e-07-1.24826e-07-1.07621e-07-8.57593e-08
-6.06053e-08-3.35026e-08-5.58233e-09 2.22976e-08 4.95028e-08 7.55098e-08
 9.97962e-08 1.21791e-07 1.40891e-07 1.56515e-07 1.68163e-07 1.75449e-07
 1.78087e-07 1.75867e-07 1.68637e-07 1.56344e-07 1.39124e-07 1.17418e-07
 9.20430e-08 6.41578e-08 3.51124e-08 6.21376e-09-2.15268e-08-4.75578e-08
-7.17711e-08-9.43032e-08-1.15229e-07-1.34262e-07-1.50591e-07-1.62963e-07
-1.69996e-07-1.70613e-07-1.64413e-07-1.51837e-07-1.34020e-07-1.12390e-07
-8.81745e-08-6.20319e-08-3.40009e-08-3.86465e-09 2.81721e-08 6.07589e-08
 9.09629e-08 1.14411e-07 1.26174e-07 1.22346e-07 1.01981e-07 6.88594e-08
 3.24163e-08 7.45337e-09
     0.0000e+00     0.0000e+00      0  0  0.00
     512   1.00000  0.0000e+00
 5.29628e-09 3.22479e-09 3.86969e-10-3.03473e-09-6.79049e-09-1.06203e-08
-1.42938e-08-1.76297e-08-2.04906e-08-2.27586e-08-2.43067e-08-2.49863e-08
-2.46398e-08-2.31328e-08-2.03897e-08-1.64159e-08-1.12972e-08-5.17362e-09
 1.79564e-09 9.45208e-09 1.76215e-08 2.60628e-08 3.44046e-08 4.21021e-08
 4.84453e-08 5.26361e-08 5.39187e-08 5.17238e-08 4.57856e-08 3.62038e-08
 2.34462e-08 8.30399e-09-8.18390e-09-2.48137e-08-4.02957e-08-5.33399e-08
-6.27683e-08-6.76591e-08-6.74977e-08-6.22915e-08-5.26029e-08-3.94768e-08
-2.42673e-08-8.40459e-09 6.82825e-09 2.04459e-08 3.18086e-08 4.05771e-08
 4.66166e-08 4.99071e-08 5.05028e-08 4.85470e-08 4.43084e-08 3.81872e-08
 3.06708e-08 2.22510e-08 1.33384e-08 4.21103e-09-4.97372e-09-1.41066e-08
-2.30324e-08-3.14940e-08-3.91510e-08-4.56595e-08-5.07617e-08-5.43365e-08
-5.63883e-08-5.69840e-08-5.61830e-08-5.40002e-08-5.04219e-08-4.54539e-08
-3.91614e-08-3.16776e-08-2.31786e-08-1.38447e-08-3.83510e-09 6.69913e-09
 1.75710e-08 2.85264e-08 3.92741e-08 4.95860e-08 5.94240e-08 6.90312e-08
 7.89372e-08 8.98405e-08 1.02345e-07 1.16565e-07 1.31668e-07 1.45495e-07
 1.54438e-07 1.53825e-07 1.39034e-07 1.07437e-07 6.18311e-08 1.56817e-08
-5.35148e-09 2.72030e-08 1.29795e-07 2.97237e-07 4.97157e-07 6.64436e-07
 7.00873e-07 4.99569e-07 6.83352e-09-7.23898e-07-1.54353e-06-2.26535e-06
-2.71639e-06-2.75268e-06-2.25841e-06-1.19871e-06 2.69246e-07 1.75087e-06
 2.75463e-06 2.96668e-06 2.44859e-06 1.57519e-06 7.48642e-07 1.64288e-07
-1.74233e-07-3.23304e-07-3.41756e-07-2.91080e-07-2.24336e-07-1.73724e-07
-1.51128e-07-1.52964e-07-1.68021e-07-1.84760e-07-1.94469e-07-1.93013e-07
-1.80924e-07-1.61885e-07-1.40907e-07-1.22281e-07-1.08135e-07-9.80982e-08
-8.99303e-08-8.06985e-08-6.79527e-08-5.05393e-08-2.87830e-08-4.06575e-09
 2.18169e-08 4.71298e-08 7.03511e-08 9.01144e-08 1.05150e-07 1.14354e-07
 1.16947e-07 1.12587e-07 1.01401e-07 8.40218e-08 6.16359e-08 3.59509e-08
 9.01943e-09-1.70205e-08-4.01860e-08-5.88610e-08-7.19893e-08-7.91912e-08
-8.07150e-08-7.72457e-08-6.97177e-08-5.92007e-08-4.67861e-08-3.34461e-08
-1.99595e-08-6.95438e-09 5.03188e-09 1.55895e-08 2.44992e-08 3.16824e-08
 3.70893e-08 4.06806e-08 4.25009e-08 4.27007e-08 4.14550e-08 3.89016e-08
 3.51821e-08 3.04767e-08 2.49627e-08 1.87962e-08 1.21880e-08 5.46555e-09
-1.00563e-09-6.96501e-09-1.22718e-08-1.68032e-08-2.04339e-08-2.31293e-08
-2.49794e-08-2.60926e-08-2.64860e-08-2.61155e-08-2.49635e-08-2.30348e-08
-2.03264e-08-1.68865e-08-1.28903e-08-8.59696e-09-4.22074e-09 1.00925e-10
 4.21630e-09 7.94584e-09 1.11941e-08 1.39870e-08 1.63557e-08 1.82392e-08
 1.95480e-08 2.02666e-08 2.04085e-08 1.99215e-08 1.87446e-08 1.69289e-08
 1.46189e-08 1.19241e-08 8.88466e-09 5.58254e-09 2.18850e-09-1.14421e-09
-4.34625e-09-7.36139e-09-1.00871e-08-1.24341e-08-1.43985e-08-1.59996e-08
-1.71766e-08-1.78334e-08-1.79444e-08-1.75367e-08-1.66060e-08-1.51295e-08
-1.31657e-08-1.08570e-08-8.30213e-09-5.52440e-09-2.58886e-09 3.57611e-10
 3.19328e-09 5.89528e-09 8.45567e-09 1.07771e-08 1.27372e-08 1.42980e-08
 1.54637e-08 1.62020e-08 1.64782e-08 1.63178e-08 1.57587e-08 1.47548e-08
 1.32309e-08 1.12339e-08 8.93045e-09 6.47527e-09 3.95152e-09 1.40620e-09
-1.12261e-09-3.63199e-09-6.14439e-09-8.61205e-09-1.08675e-08-1.27155e-08
-1.40723e-08-1.49750e-08-1.54524e-08-1.55003e-08-1.51736e-08-1.45356e-08
-1.35481e-08-1.21440e-08-1.03370e-08-8.19357e-09-5.78850e-09-3.23096e-09
-6.57798e-10 1.83033e-09 4.20346e-09 6.49989e-09 8.75593e-09 1.08749e-08
 1.26598e-08 1.39974e-08 1.48769e-08 1.52908e-08 1.52527e-08 1.48241e-08
 1.40453e-08 1.29116e-08 1.14303e-08 9.62905e-09 7.51059e-09 5.07820e-09
 2.41951e-09-2.79526e-10-2.84330e-09-5.23571e-09-7.53843e-09-9.77272e-09
-1.18087e-08-1.34839e-08-1.47156e-08-1.54912e-08-1.58455e-08-1.57988e-08
-1.52984e-08-1.43194e-08-1.29267e-08-1.11685e-08-9.07181e-09-6.68931e-09
-4.04933e-09-1.20707e-09 1.68915e-09 4.51358e-09 7.22742e-09 9.79921e-09
 1.21435e-08 1.41333e-08 1.56953e-08 1.68311e-08 1.75051e-08 1.76565e-08
 1.72617e-08 1.62995e-08 1.48124e-08 1.29159e-08 1.06378e-08 7.95857e-09
 4.95106e-09 1.72904e-09-1.57209e-09-4.80941e-09-7.93529e-09-1.09226e-08
-1.36485e-08-1.59665e-08-1.77632e-08-1.89863e-08-1.96659e-08-1.97959e-08
-1.92906e-08-1.81111e-08-1.63005e-08-1.39451e-08-1.11568e-08-8.00860e-09
-4.53368e-09-8.25179e-10 2.95082e-09 6.62738e-09 1.00797e-08 1.32321e-08
 1.60141e-08 1.83080e-08 1.99842e-08 2.09744e-08 2.12689e-08 2.08770e-08
 1.98122e-08 1.80891e-08 1.57404e-08 1.28570e-08 9.57054e-09 6.00041e-09
 2.25367e-09-1.56210e-09-5.33392e-09-8.92606e-09-1.22043e-08-1.50730e-08
-1.74501e-08-1.92441e-08-2.03710e-08-2.07635e-08-2.03841e-08-1.92399e-08
-1.73680e-08-1.48402e-08-1.17866e-08-8.38192e-09-4.82795e-09-1.34613e-09
 1.85414e-09 4.60814e-09 6.81022e-09 8.43233e-09 9.53757e-09 1.02675e-08
 1.08138e-08 1.13763e-08 1.21034e-08 1.30471e-08 1.41427e-08 1.51928e-08
 1.58784e-08 1.58245e-08 1.46908e-08 1.22658e-08 8.55120e-09 3.81088e-09
-1.42932e-09-6.43362e-09-1.03780e-08-1.25210e-08-1.23735e-08-9.84450e-09
-5.33079e-09 2.98718e-10 5.82734e-09 9.90102e-09 1.12981e-08 9.20396e-09
 3.42770e-09-5.48948e-09-1.63155e-08-2.73287e-08-3.66319e-08-4.25161e-08
-4.38092e-08-4.01251e-08-3.19446e-08-2.05088e-08-7.54873e-09 5.08541e-09
 1.58072e-08 2.36018e-08 2.81870e-08 2.99874e-08 2.99349e-08 2.91624e-08
 2.86710e-08 2.90564e-08 3.03680e-08 3.21309e-08 3.35130e-08 3.35821e-08
 3.15723e-08 2.70828e-08 2.01585e-08 1.12414e-08 1.02387e-09-9.72713e-09
-2.03074e-08-3.01342e-08-3.87237e-08-4.56187e-08-5.03243e-08-5.23099e-08
-5.11061e-08-4.64858e-08-3.86625e-08-2.84146e-08-1.70606e-08-6.25537e-09
 2.36673e-09 7.61231e-09 9.08713e-09 7.36725e-09 3.89967e-09 6.30207e-10
-5.44629e-10 1.66113e-09 7.52410e-09 1.62118e-08 2.60295e-08 3.49412e-08
 4.11952e-08 4.38489e-08 4.30161e-08 3.97464e-08 3.55757e-08 3.19182e-08
 2.95299e-08 2.82426e-08 2.70620e-08 2.45831e-08 1.95673e-08 1.14673e-08
 7.02904e-10-1.14239e-08-2.31418e-08-3.27838e-08-3.93029e-08-4.25457e-08
-4.31959e-08-4.24193e-08-4.13578e-08-4.06750e-08-4.03173e-08-3.95711e-08
-3.73822e-08-3.28124e-08-2.54494e-08-1.56092e-08-4.26383e-09 7.24628e-09
 1.75752e-08 2.56751e-08 3.09495e-08 3.32298e-08 3.26303e-08 2.94021e-08
 2.39024e-08 1.67136e-08 8.81689e-09 1.63790e-09-3.21781e-09-4.63594e-09
-3.01341e-09-8.11085e-10
