      10
(6e12.5)
     0.0000e+00     0.0000e+00      0  0  0.00
     512   1.00000  0.0000e+00
-5.32628e-09-5.09408e-09-4.60015e-09-3.80368e-09-2.68313e-09-1.27072e-09
 3.33459e-10 1.98633e-09 3.55043e-09 4.93371e-09 6.10077e-09 7.06209e-09
 7.85732e-09 8.53735e-09 9.14184e-09 9.67747e-09 1.01106e-08 1.03810e-08
 1.04292e-08 1.02188e-08 9.74223e-09 9.00840e-09 8.02757e-09 6.81138e-09
 5.38948e-09 3.82425e-09 2.20565e-09 6.22273e-10-8.80630e-10-2.33166e-09
-3.82551e-09-5.47429e-09-7.34703e-09-9.43086e-09-1.16255e-08-1.37655e-08
-1.56633e-08-1.71636e-08-1.81898e-08-1.87540e-08-1.89178e-08-1.87267e-08
-1.81697e-08-1.71940e-08-1.57568e-08-1.38695e-08-1.16038e-08-9.05638e-09
-6.29746e-09-3.33084e-09-9.08469e-11 3.52229e-09 7.58870e-09 1.21240e-08
 1.70620e-08 2.22656e-08 2.75567e-08 3.27471e-08 3.76681e-08 4.21991e-08
 4.62880e-08 4.99513e-08 5.32504e-08 5.62563e-08 5.89931e-08 6.13444e-08
 6.29291e-08 6.30098e-08 6.05205e-08 5.42761e-08 4.33206e-08 2.72033e-08
 6.06314e-09-1.92066e-08-4.66781e-08-7.36227e-08-9.73386e-08-1.15859e-07
-1.28341e-07-1.35291e-07-1.38397e-07-1.39903e-07-1.41881e-07-1.45711e-07
-1.51978e-07-1.60880e-07-1.73032e-07-1.89987e-07-2.13688e-07-2.44514e-07
-2.78546e-07-3.05402e-07-3.08083e-07-2.65833e-07-1.60272e-07 1.73357e-08
 2.63359e-07 5.64922e-07 8.99383e-07 1.22795e-06 1.50053e-06 1.66766e-06
 1.66989e-06 1.43356e-06 9.21732e-07 1.75963e-07-7.09839e-07-1.60461e-06
-2.32312e-06-2.66258e-06-2.48171e-06-1.76758e-06-6.83691e-07 4.50063e-07
 1.27602e-06 1.55146e-06 1.24959e-06 5.65428e-07-1.62460e-07-5.96683e-07
-5.72563e-07-1.87184e-07 2.72130e-07 5.15738e-07 4.33094e-07 1.47017e-07
-9.88136e-08-1.34832e-07 1.22688e-08 1.68548e-07 1.83126e-07 6.09438e-08
-6.36431e-08-7.65639e-08 3.04820e-09 6.27041e-08 3.35267e-08-3.84826e-08
-6.40712e-08-2.54655e-08 1.25810e-08-1.00174e-09-3.82364e-08-4.28779e-08
-1.35748e-08 3.35187e-09-9.93925e-09-2.10669e-08-6.80120e-09 1.11079e-08
 8.64177e-09-8.41158e-10 3.35661e-09 1.19575e-08 8.11895e-09-5.00601e-10
-6.49597e-10 8.93964e-10-4.91181e-09-1.09965e-08-1.15467e-08-1.25711e-08
-1.57222e-08-1.54462e-08-1.21548e-08-9.27294e-09-5.40724e-09 1.00227e-10
 5.04845e-09 9.03391e-09 1.22758e-08 1.38357e-08 1.34128e-08 1.13293e-08
 7.74585e-09 3.07518e-09-1.99121e-09-6.74810e-09-1.04994e-08-1.26454e-08
-1.27940e-08-1.08132e-08-6.91116e-09-1.68578e-09 3.96415e-09 9.05272e-09
 1.27354e-08 1.44443e-08 1.39294e-08 1.12853e-08 6.99191e-09 1.88963e-09
-2.98723e-09-6.66828e-09-8.47246e-09-8.12861e-09-5.79284e-09-2.00443e-09
 2.40090e-09 6.43925e-09 9.18025e-09 9.95596e-09 8.52760e-09 5.15803e-09
 5.51703e-10-4.32243e-09-8.46210e-09-1.10466e-08-1.15932e-08-1.00569e-08
-6.86915e-09-2.86524e-09 9.27490e-10 3.57338e-09 4.46922e-09 3.47592e-09
 9.44550e-10-2.35902e-09-5.44576e-09-7.37802e-09-7.52831e-09-5.73299e-09
-2.31937e-09 1.96444e-09 6.10969e-09 9.11500e-09 1.02997e-08 9.50984e-09
 7.12804e-09 3.93504e-09 8.95740e-10-1.10473e-09-1.52914e-09-3.53562e-10
 1.93565e-09 4.48593e-09 6.32516e-09 6.67256e-09 5.20710e-09 2.16851e-09
-1.73706e-09-5.55437e-09-8.34781e-09-9.48072e-09-8.82695e-09-6.81433e-09
-4.27363e-09-2.15371e-09-1.19882e-09-1.69034e-09-3.34504e-09-5.41755e-09
-6.97103e-09-7.20743e-09-5.73925e-09-2.72091e-09 1.19248e-09 5.04779e-09
 7.90494e-09 9.15733e-09 8.74209e-09 7.15378e-09 5.24976e-09 3.91608e-09
 3.72169e-09 4.70145e-09 6.34905e-09 7.80743e-09 8.18722e-09 6.91094e-09
 3.95070e-09-1.44851e-10-4.44144e-09-7.94977e-09-9.97597e-09-1.03569e-08
-9.48676e-09-8.13234e-09-7.10804e-09-6.92761e-09-7.58189e-09-8.54545e-09
-8.99915e-09-8.17305e-09-5.68485e-09-1.73225e-09 2.95848e-09 7.40139e-09
 1.07114e-08 1.24098e-08 1.25554e-08 1.16522e-08 1.03919e-08 9.34794e-09
 8.73190e-09 8.30817e-09 7.51838e-09 5.77455e-09 2.77647e-09-1.30010e-09
-5.81741e-09-9.88142e-09-1.26651e-08-1.37121e-08-1.30734e-08-1.12244e-08
-8.82334e-09-6.41922e-09-4.23461e-09-2.14161e-09 1.50664e-10 2.82609e-09
 5.76694e-09 8.51346e-09 1.03900e-08 1.07620e-08 9.32194e-09 6.25832e-09
 2.21147e-09-1.96014e-09-5.47407e-09-7.84999e-09-8.99453e-09-9.11089e-09
-8.46726e-09-7.16628e-09-5.08416e-09-2.02954e-09 1.99330e-09 6.59926e-09
 1.10246e-08 1.43103e-08 1.56029e-08 1.44734e-08 1.11109e-08 6.27313e-09
 1.00455e-09-3.72890e-09-7.30007e-09-9.47465e-09-1.02973e-08-9.92165e-09
-8.47591e-09-6.02804e-09-2.68156e-09 1.24359e-09 5.08331e-09 7.90383e-09
 8.81192e-09 7.35593e-09 3.78449e-09-9.89152e-10-5.70122e-09-9.17479e-09
-1.06785e-08-1.00714e-08-7.72446e-09-4.29681e-09-4.87848e-10 3.12734e-09
 6.12804e-09 8.17910e-09 8.96121e-09 8.20428e-09 5.85329e-09 2.26901e-09
-1.71218e-09-4.97286e-09-6.50549e-09-5.80910e-09-3.10146e-09 7.51093e-10
 4.55638e-09 7.22769e-09 8.13593e-09 7.23922e-09 4.96037e-09 1.92613e-09
-1.25402e-09-4.07529e-09-6.12688e-09-7.07475e-09-6.70808e-09-5.05549e-09
-2.50145e-09 2.09338e-10 2.15639e-09 2.58435e-09 1.24961e-09-1.42082e-09
-4.47466e-09-6.82715e-09-7.69822e-09-6.88660e-09-4.77731e-09-2.10578e-09
 3.78639e-10 2.16307e-09 3.04063e-09 3.05004e-09 2.38929e-09 1.35879e-09
 3.38965e-10-2.28233e-10 7.53346e-11 1.45320e-09 3.69225e-09 6.12748e-09
 7.86400e-09 8.16621e-09 6.81159e-09 4.22540e-09 1.32036e-09-8.90060e-10
-1.71695e-09-1.05421e-09 6.39800e-10 2.59223e-09 4.03557e-09 4.43706e-09
 3.58117e-09 1.55438e-09-1.28920e-09-4.35721e-09-6.89504e-09-8.17204e-09
-7.75728e-09-5.75391e-09-2.83658e-09-2.61149e-11 1.71898e-09 1.90610e-09
 7.07296e-10-1.15222e-09-2.75981e-09-3.43177e-09-2.95552e-09-1.56525e-09
 2.65008e-10 2.04975e-09 3.43027e-09 4.21408e-09 4.37519e-09 4.05825e-09
 3.55885e-09 3.22509e-09 3.28511e-09 3.68656e-09 4.05797e-09 3.85493e-09
 2.65523e-09 4.53000e-10-2.24346e-09-4.60968e-09-5.90720e-09-5.85588e-09
-4.75989e-09-3.33323e-09-2.35541e-09-2.36247e-09-3.50077e-09-5.53677e-09
-7.95177e-09-1.00787e-08-1.12735e-08-1.11051e-08-9.51631e-09-6.88492e-09
-3.91651e-09-1.36379e-09 3.14940e-10 1.16258e-09 1.65054e-09 2.35573e-09
 3.59250e-09 5.24443e-09 6.89609e-09 8.14090e-09 8.83041e-09 9.11903e-09
 9.32970e-09 9.75915e-09 1.05278e-08 1.15231e-08 1.24305e-08 1.28209e-08
 1.22707e-08 1.05095e-08 7.57046e-09 3.86840e-09 1.19313e-10-2.92393e-09
-4.82160e-09-5.67927e-09-6.08185e-09-6.73911e-09-8.06809e-09-9.97527e-09
-1.19332e-08-1.32461e-08-1.33260e-08-1.18644e-08-8.88938e-09-4.76011e-09
-1.28097e-10 4.14754e-09 7.15568e-09 8.16285e-09 6.91558e-09 4.00933e-09
 1.26501e-09 1.24300e-10
     0.0000e+00     0.0000e+00      0  0  0.00
     512   1.00000  0.0000e+00
-9.57338e-10-9.67998e-10-9.10647e-10-7.60201e-10-5.15315e-10-2.07099e-10
 1.04525e-10 3.47308e-10 4.60325e-10 4.13972e-10 2.17508e-10-8.78641e-11
-4.47025e-10-8.14241e-10-1.17324e-09-1.54105e-09-1.94348e-09-2.36201e-09
-2.66809e-09-2.57672e-09-1.65792e-09 5.63588e-10 4.40909e-09 9.77905e-09
 1.59464e-08 2.15972e-08 2.51764e-08 2.53805e-08 2.15791e-08 1.40372e-08
 3.88971e-09-7.12317e-09-1.70732e-08-2.42837e-08-2.76798e-08-2.69865e-08
-2.27491e-08-1.61699e-08-8.78804e-09-2.06854e-09 2.97342e-09 5.94562e-09
 6.97513e-09 6.45771e-09 4.85447e-09 2.60141e-09 8.79555e-11-2.34046e-09
-4.38003e-09-5.78119e-09-6.37492e-09-6.10106e-09-5.03315e-09-3.39497e-09
-1.54712e-09 8.10363e-11 1.11045e-09 1.33703e-09 7.96218e-10-2.70727e-10
-1.52450e-09-2.64437e-09-3.39774e-09-3.64201e-09-3.27429e-09-2.17297e-09
-1.81174e-10 2.84281e-09 6.91283e-09 1.17603e-08 1.67131e-08 2.07950e-08
 2.31477e-08 2.34905e-08 2.21760e-08 1.98056e-08 1.68529e-08 1.36690e-08
 1.06773e-08 8.33842e-09 6.88080e-09 6.11885e-09 5.63447e-09 5.34839e-09
 6.13415e-09 9.88359e-09 1.86307e-08 3.28789e-08 4.97977e-08 6.22114e-08
 5.91916e-08 2.85958e-08-3.86535e-08-1.43106e-07-2.71004e-07-3.91268e-07
-4.62006e-07-4.48166e-07-3.38295e-07-1.50098e-07 7.20932e-08 2.72439e-07
 4.16263e-07 5.09920e-07 5.79808e-07 6.33508e-07 6.40204e-07 5.47398e-07
 3.24002e-07-9.28488e-09-3.84849e-07-7.08475e-07-8.77639e-07-8.11631e-07
-5.02906e-07-5.01981e-08 3.69803e-07 5.80085e-07 4.96513e-07 1.87576e-07
-1.58506e-07-3.47823e-07-2.96069e-07-7.40673e-08 1.46144e-07 2.15056e-07
 1.11733e-07-5.16652e-08-1.31823e-07-7.63326e-08 4.11701e-08 1.02337e-07
 6.09661e-08-2.09095e-08-5.05991e-08-7.31925e-09 4.47421e-08 4.16364e-08
-4.48647e-09-3.04579e-08-8.55314e-09 2.25878e-08 1.89709e-08-7.63681e-09
-1.45671e-08 5.21273e-09 1.78259e-08 6.00925e-09-7.05012e-09-1.47995e-09
 7.64649e-09 1.96972e-09-7.77586e-09-5.37130e-09 1.15378e-09-1.50754e-09
-6.79318e-09-5.04271e-09-2.55155e-09-5.28239e-09-6.59213e-09-3.20737e-09
-7.73594e-10 1.52828e-11 2.69131e-09 5.38523e-09 5.76990e-09 5.49252e-09
 4.90663e-09 3.14567e-09 1.07327e-09-6.44935e-10-2.21439e-09-3.47160e-09
-4.25610e-09-4.64823e-09-4.60954e-09-4.07689e-09-3.08235e-09-1.71838e-09
-1.48433e-10 1.41653e-09 2.77088e-09 3.72199e-09 4.08757e-09 3.73681e-09
 2.67736e-09 1.11567e-09-5.91798e-10-2.07438e-09-3.06966e-09-3.45065e-09
-3.17044e-09-2.22647e-09-7.03794e-10 1.15754e-09 2.96964e-09 4.30927e-09
 4.86681e-09 4.53684e-09 3.41298e-09 1.72643e-09-2.08453e-10-2.02775e-09
-3.36110e-09-3.90786e-09-3.53104e-09-2.31950e-09-5.78958e-10 1.24477e-09
 2.68083e-09 3.35447e-09 3.08227e-09 1.91939e-09 1.50601e-10-1.77648e-09
-3.36525e-09-4.20485e-09-4.08381e-09-3.04156e-09-1.34839e-09 5.65138e-10
 2.20531e-09 3.12771e-09 3.06193e-09 2.01788e-09 3.06405e-10-1.55945e-09
-3.03416e-09-3.70208e-09-3.38315e-09-2.17075e-09-4.06060e-10 1.41083e-09
 2.76396e-09 3.27973e-09 2.84326e-09 1.62711e-09 2.59085e-11-1.46686e-09
-2.39755e-09-2.48064e-09-1.69089e-09-2.87227e-10 1.25513e-09 2.40038e-09
 2.74539e-09 2.16900e-09 8.71670e-10-7.11327e-10-2.08171e-09-2.85154e-09
-2.84741e-09-2.13243e-09-9.67099e-10 2.72248e-10 1.19856e-09 1.52587e-09
 1.17205e-09 3.13589e-10-6.57703e-10-1.28239e-09-1.22953e-09-4.48940e-10
 8.04703e-10 2.09530e-09 3.00618e-09 3.31058e-09 3.03539e-09 2.40451e-09
 1.70948e-09 1.18503e-09 9.44163e-10 9.72726e-10 1.15417e-09 1.30722e-09
 1.23928e-09 8.18249e-10 4.27844e-11-9.30565e-10-1.83460e-09-2.40246e-09
-2.49253e-09-2.16327e-09-1.65280e-09-1.26396e-09-1.20621e-09-1.47407e-09
-1.83191e-09-1.92137e-09-1.44179e-09-3.15968e-10 1.23995e-09 2.78274e-09
 3.82307e-09 4.04230e-09 3.44148e-09 2.34648e-09 1.25991e-09 6.22142e-10
 5.90588e-10 9.48374e-10 1.20046e-09 8.23593e-10-4.49262e-10-2.45766e-09
-4.65055e-09-6.31919e-09-6.91158e-09-6.27088e-09-4.68367e-09-2.72815e-09
-1.01224e-09 7.07988e-11 4.72358e-10 4.66806e-10 4.93115e-10 9.23734e-10
 1.86483e-09 3.08352e-09 4.09493e-09 4.37223e-09 3.59587e-09 1.83502e-09
-4.37697e-10-2.52940e-09-3.82561e-09-4.04121e-09-3.29126e-09-1.96918e-09
-5.26374e-10 7.22728e-10 1.68499e-09 2.44356e-09 3.12409e-09 3.75153e-09
 4.18375e-09 4.16315e-09 3.45199e-09 1.97641e-09-8.60532e-11-2.31308e-09
-4.14952e-09-5.10172e-09-4.94247e-09-3.81661e-09-2.16668e-09-5.09924e-10
 7.93636e-10 1.64002e-09 2.11028e-09 2.31514e-09 2.28136e-09 1.94836e-09
 1.25609e-09 2.52720e-10-8.50389e-10-1.71194e-09-1.97411e-09-1.41667e-09
-8.86405e-11 1.65602e-09 3.26400e-09 4.20146e-09 4.17923e-09 3.26103e-09
 1.79567e-09 2.20622e-10-1.13423e-09-2.12463e-09-2.73464e-09-2.96434e-09
-2.76452e-09-2.07361e-09-9.31804e-10 4.21245e-10 1.55835e-09 2.00882e-09
 1.47506e-09 1.25367e-11-1.93511e-09-3.69035e-09-4.62170e-09-4.40677e-09
-3.14325e-09-1.26196e-09 6.91520e-10 2.27293e-09 3.24123e-09 3.53127e-09
 3.17142e-09 2.23241e-09 8.45184e-10-7.36627e-10-2.10576e-09-2.78128e-09
-2.40398e-09-9.47701e-10 1.19257e-09 3.31649e-09 4.69878e-09 4.89093e-09
 3.88607e-09 2.07386e-09 3.32622e-11-1.70981e-09-2.83752e-09-3.25878e-09
-3.02992e-09-2.26814e-09-1.13119e-09 1.44282e-10 1.22466e-09 1.75342e-09
 1.51158e-09 5.67271e-10-7.07382e-10-1.79351e-09-2.28043e-09-2.07111e-09
-1.40943e-09-7.11241e-10-3.08877e-10-2.66058e-10-3.69160e-10-2.93283e-10
 1.69937e-10 9.79166e-10 1.88508e-09 2.59059e-09 2.89971e-09 2.76271e-09
 2.22209e-09 1.34271e-09 2.09321e-10-1.00625e-09-1.99489e-09-2.37054e-09
-1.85065e-09-4.63925e-10 1.35650e-09 2.89422e-09 3.45769e-09 2.71568e-09
 8.63274e-10-1.48197e-09-3.58291e-09-4.89507e-09-5.22145e-09-4.67176e-09
-3.51559e-09-2.05844e-09-6.00174e-10 5.66450e-10 1.18779e-09 1.13069e-09
 4.68217e-10-5.05261e-10-1.37900e-09-1.81765e-09-1.72371e-09-1.25146e-09
-6.53172e-10-7.14849e-11 5.61380e-10 1.43877e-09 2.67240e-09 4.12237e-09
 5.39670e-09 6.02214e-09 5.67441e-09 4.34417e-09 2.36805e-09 3.18210e-10
-1.19805e-09-1.74432e-09-1.19152e-09 2.49893e-10 2.09664e-09 3.73591e-09
 4.61285e-09 4.40616e-09 3.12495e-09 1.08385e-09-1.23524e-09-3.35978e-09
-4.94333e-09-5.78984e-09-5.83717e-09-5.15525e-09-3.95176e-09-2.53913e-09
-1.24503e-09-3.10536e-10 1.55769e-10 1.41496e-10-3.42787e-10-1.28485e-09
-2.59253e-09-3.97636e-09-4.92071e-09-4.83326e-09-3.34774e-09-6.20969e-10
 2.59638e-09 5.22908e-09 6.37320e-09 5.73873e-09 3.79195e-09 1.55010e-09
 1.77143e-10-7.57335e-11
     0.0000e+00     0.0000e+00      0  0  0.00
     512   1.00000  0.0000e+00
-2.89684e-09-2.69845e-09-2.35984e-09-1.90579e-09-1.37870e-09-8.24376e-10
-2.75545e-10 2.56916e-10 7.78870e-10 1.29918e-09 1.81834e-09 2.32568e-09
 2.80406e-09 3.23637e-09 3.60989e-09 3.91858e-09 4.16376e-09 4.34958e-09
 4.47327e-09 4.51999e-09 4.47180e-09 4.32531e-09 4.10271e-09 3.85117e-09
 3.63543e-09 3.52270e-09 3.55683e-09 3.73075e-09 3.97477e-09 4.17315e-09
 4.20511e-09 3.99101e-09 3.52239e-09 2.86775e-09 2.15488e-09 1.53120e-09
 1.11088e-09 9.31558e-10 9.44009e-10 1.03949e-09 1.09676e-09 1.02181e-09
 7.61769e-10 2.96848e-10-3.72659e-10-1.23532e-09-2.27815e-09-3.50013e-09
-4.92130e-09-6.57673e-09-8.49373e-09-1.06605e-08-1.30009e-08-1.53686e-08
-1.75704e-08-1.94216e-08-2.08350e-08-2.19290e-08-2.31199e-08-2.51500e-08
-2.89937e-08-3.55866e-08-4.53587e-08-5.76277e-08-7.00118e-08-7.81200e-08
-7.58452e-08-5.65848e-08-1.55890e-08 4.68405e-08 1.23878e-07 2.05178e-07
 2.78435e-07 3.24720e-07 3.21538e-07 2.58428e-07 1.43832e-07-7.18671e-10
-1.44557e-07-2.53483e-07-3.02171e-07-2.84395e-07-2.15680e-07-1.28465e-07
-5.88368e-08-2.85228e-08-3.33850e-08-4.81474e-08-4.57638e-08-1.77224e-08
 2.06482e-08 4.37354e-08 3.68275e-08 8.41353e-09-1.67853e-08-1.74090e-08
 1.09032e-08 5.46981e-08 8.94269e-08 9.38373e-08 6.65164e-08 2.57662e-08
-8.64303e-09-2.68557e-08-2.21301e-08 1.39166e-08 8.22250e-08 1.70428e-07
 2.57342e-07 3.15987e-07 3.18732e-07 2.50326e-07 1.15856e-07-6.02485e-08
-2.39795e-07-3.83289e-07-4.62462e-07-4.65972e-07-4.01367e-07-2.92049e-07
-1.67313e-07-5.02610e-08 4.91022e-08 1.31240e-07 1.97214e-07 2.39130e-07
 2.40849e-07 1.92313e-07 1.06298e-07 2.06155e-08-2.24525e-08-8.59460e-09
 3.29506e-08 5.22193e-08 2.50086e-08-2.31154e-08-4.58934e-08-2.92061e-08
-3.60395e-09-9.85100e-10-1.55977e-08-2.13825e-08-1.24667e-08-4.22480e-09
-3.66268e-09-3.31883e-09-8.52991e-11 1.52796e-09 1.37420e-09 2.47385e-09
 3.45716e-09 2.79833e-09 2.45699e-09 2.60304e-09 1.62644e-09 5.23688e-10
 2.14262e-10-5.42605e-10-1.62463e-09-2.11870e-09-2.77521e-09-3.79088e-09
-4.39958e-09-4.89682e-09-5.42341e-09-5.46445e-09-5.26431e-09-4.96885e-09
-4.28641e-09-3.46635e-09-2.59159e-09-1.49254e-09-4.27121e-10 5.42096e-10
 1.45842e-09 2.11134e-09 2.56581e-09 2.89059e-09 2.99209e-09 2.97489e-09
 2.86024e-09 2.63682e-09 2.40256e-09 2.14081e-09 1.90694e-09 1.77449e-09
 1.69252e-09 1.66312e-09 1.63343e-09 1.51930e-09 1.31191e-09 9.81430e-10
 5.24211e-10-4.05741e-11-6.63923e-10-1.25470e-09-1.75428e-09-2.08525e-09
-2.19295e-09-2.10859e-09-1.87308e-09-1.50838e-09-1.05112e-09-5.81985e-10
-1.70518e-10 1.59940e-10 4.02305e-10 5.83060e-10 7.46909e-10 9.03929e-10
 1.04341e-09 1.19093e-09 1.39858e-09 1.67661e-09 1.97380e-09 2.20339e-09
 2.27544e-09 2.15051e-09 1.86914e-09 1.48326e-09 9.87710e-10 3.76270e-10
-2.82925e-10-8.68690e-10-1.27712e-09-1.48629e-09-1.57413e-09-1.65192e-09
-1.77853e-09-1.93920e-09-2.09132e-09-2.22560e-09-2.35915e-09-2.46841e-09
-2.47564e-09-2.30103e-09-1.91891e-09-1.39636e-09-8.62303e-10-4.10473e-10
-5.74144e-11 2.19940e-10 4.46320e-10 6.29039e-10 7.65943e-10 8.79228e-10
 1.01246e-09 1.18793e-09 1.38202e-09 1.52912e-09 1.56163e-09 1.46717e-09
 1.28494e-09 1.05535e-09 8.04633e-10 5.52802e-10 3.16136e-10 1.16254e-10
-2.79040e-11-1.24441e-10-2.02144e-10-2.87540e-10-3.97770e-10-5.32011e-10
-6.68546e-10-7.85518e-10-8.69440e-10-9.02097e-10-8.68621e-10-7.77030e-10
-6.52591e-10-5.25320e-10-4.25139e-10-3.68437e-10-3.48659e-10-3.48395e-10
-3.52218e-10-3.41642e-10-2.93290e-10-2.00755e-10-8.56150e-11 2.85555e-11
 1.32113e-10 2.23082e-10 3.22624e-10 4.74728e-10 6.93650e-10 9.46556e-10
 1.19369e-09 1.38842e-09 1.46022e-09 1.36412e-09 1.12115e-09 7.90515e-10
 4.58255e-10 2.35859e-10 1.97055e-10 3.37470e-10 6.19103e-10 9.90370e-10
 1.35341e-09 1.57664e-09 1.54547e-09 1.18558e-09 4.78862e-10-5.24508e-10
-1.74416e-09-3.11493e-09-4.55051e-09-5.87016e-09-6.81069e-09-7.12454e-09
-6.67590e-09-5.49629e-09-3.77278e-09-1.76131e-09 2.88541e-10 2.14050e-09
 3.57592e-09 4.44638e-09 4.73706e-09 4.57257e-09 4.14214e-09 3.60914e-09
 3.07279e-09 2.58267e-09 2.18365e-09 1.93037e-09 1.82953e-09 1.80032e-09
 1.72534e-09 1.52694e-09 1.21259e-09 8.67384e-10 5.84330e-10 4.06858e-10
 3.38280e-10 3.69766e-10 4.92073e-10 6.81562e-10 8.65312e-10 9.28061e-10
 7.72085e-10 3.62445e-10-2.57130e-10-9.76277e-10-1.67591e-09-2.27731e-09
-2.73427e-09-3.01483e-09-3.09954e-09-2.98220e-09-2.68070e-09-2.24003e-09
-1.70607e-09-1.10925e-09-4.77973e-10 1.48552e-10 7.16890e-10 1.16917e-09
 1.47304e-09 1.63830e-09 1.70188e-09 1.70895e-09 1.69591e-09 1.67518e-09
 1.64363e-09 1.59825e-09 1.53266e-09 1.43464e-09 1.29096e-09 1.08588e-09
 8.07922e-10 4.63853e-10 7.79772e-11-3.11881e-10-6.56980e-10-9.16308e-10
-1.07476e-09-1.14261e-09-1.15078e-09-1.14206e-09-1.15347e-09-1.20788e-09
-1.31377e-09-1.45890e-09-1.60953e-09-1.72125e-09-1.75011e-09-1.66511e-09
-1.45919e-09-1.14919e-09-7.74583e-10-4.00535e-10-1.07407e-10 3.67881e-11
 6.46766e-12-1.61492e-10-3.75065e-10-5.25235e-10-5.27788e-10-3.48275e-10
-9.42962e-12 4.22362e-10 8.65193e-10 1.24643e-09 1.52088e-09 1.68046e-09
 1.74317e-09 1.72977e-09 1.65150e-09 1.51505e-09 1.33682e-09 1.15180e-09
 1.00038e-09 9.03423e-10 8.52580e-10 8.16241e-10 7.47485e-10 5.95880e-10
 3.23301e-10-8.45086e-11-6.11015e-10-1.20839e-09-1.81192e-09-2.36340e-09
-2.82438e-09-3.17273e-09-3.39293e-09-3.47107e-09-3.39822e-09-3.17513e-09
-2.80761e-09-2.29920e-09-1.65997e-09-9.27657e-10-1.71609e-10 5.36291e-10
 1.16289e-09 1.73420e-09 2.32157e-09 3.00386e-09 3.82410e-09 4.75822e-09
 5.70986e-09 6.53289e-09 7.07313e-09 7.22049e-09 6.95115e-09 6.32947e-09
 5.46333e-09 4.44637e-09 3.32856e-09 2.13007e-09 8.75583e-10-3.89810e-10
-1.61600e-09-2.76951e-09-3.83820e-09-4.82532e-09-5.74452e-09-6.60689e-09
-7.39350e-09-8.03585e-09-8.43422e-09-8.51035e-09-8.25605e-09-7.73957e-09
-7.06134e-09-6.28828e-09-5.41510e-09-4.38191e-09-3.12770e-09-1.63638e-09
 4.51272e-11 1.81177e-09 3.52133e-09 5.02944e-09 6.22862e-09 7.06483e-09
 7.50978e-09 7.51569e-09 7.01786e-09 6.00814e-09 4.61594e-09 3.11214e-09
 1.82161e-09 1.00507e-09 7.76594e-10 1.08302e-09 1.73847e-09 2.48912e-09
 3.07983e-09 3.30749e-09 3.05089e-09 2.27091e-09 9.96400e-10-6.75674e-10
-2.56208e-09-4.38782e-09-5.83162e-09-6.62119e-09-6.61777e-09-5.82827e-09
-4.35927e-09-2.38885e-09-1.93911e-10 1.81886e-09 3.15130e-09 3.34149e-09
 2.17248e-09 6.22055e-10
     0.0000e+00     0.0000e+00      0  0  0.00
     512   1.00000  0.0000e+00
 3.92082e-09 3.68015e-09 3.16635e-09 2.33061e-09 1.16453e-09-2.60841e-10
-1.78596e-09-3.20055e-09-4.31820e-09-5.05379e-09-5.45769e-09-5.68273e-09
-5.91106e-09-6.29249e-09-6.91830e-09-7.81505e-09-8.93264e-09-1.01144e-08
-1.10573e-08-1.12953e-08-1.02529e-08-7.40183e-09-2.50761e-09 4.11563e-09
 1.14900e-08 1.81340e-08 2.24735e-08 2.33080e-08 2.01462e-08 1.33411e-08
 4.02752e-09-6.10834e-09-1.51730e-08-2.14662e-08-2.38656e-08-2.20941e-08
-1.67680e-08-9.19998e-09-1.01585e-09 6.29928e-09 1.17725e-08 1.50752e-08
 1.63767e-08 1.60815e-08 1.46478e-08 1.25259e-08 1.01404e-08 7.87326e-09
 6.04661e-09 4.89587e-09 4.51762e-09 4.81312e-09 5.47621e-09 6.06242e-09
 6.14069e-09 5.49534e-09 4.30679e-09 3.20006e-09 3.07127e-09 4.71366e-09
 8.36714e-09 1.33159e-08 1.76182e-08 1.80846e-08 1.07162e-08-8.19664e-09
-4.02881e-08-8.28920e-08-1.26915e-07-1.56044e-07-1.51250e-07-1.03323e-07
-2.33057e-08 6.35868e-08 1.35634e-07 1.84111e-07 2.05466e-07 1.90935e-07
 1.32224e-07 3.63250e-08-6.90458e-08-1.44780e-07-1.60885e-07-1.17074e-07
-4.63116e-08 5.00566e-09 7.38309e-09-3.19754e-08-7.41023e-08-7.66188e-08
-2.62989e-08 5.03664e-08 1.07746e-07 1.14646e-07 7.28979e-08 9.10415e-09
-4.60631e-08-7.09988e-08-5.70152e-08-1.07884e-08 4.32277e-08 7.50924e-08
 8.34479e-08 1.06294e-07 1.76920e-07 2.82511e-07 3.78668e-07 4.22520e-07
 3.74208e-07 1.93990e-07-1.29037e-07-5.52950e-07-9.87606e-07-1.30514e-06
-1.36890e-06-1.09132e-06-4.82311e-07 3.33387e-07 1.13253e-06 1.65660e-06
 1.71095e-06 1.25737e-06 4.54172e-07-3.88082e-07-9.35379e-07-9.92591e-07
-6.09889e-07-6.03362e-08 3.17582e-07 3.31082e-07 5.49825e-08-2.37803e-07
-3.00811e-07-1.17099e-07 1.07493e-07 1.63924e-07 4.85472e-08-6.64562e-08
-5.58900e-08 2.69083e-08 6.16718e-08 2.93299e-08 8.29115e-13 4.90294e-09
 1.16095e-08 3.45218e-09-1.18374e-09 1.78163e-09-5.67431e-10-5.20191e-09
-3.62073e-09-1.94745e-09-3.99221e-09-3.59470e-09-1.40971e-09-1.82936e-09
-1.74321e-09 1.55588e-10 4.83457e-10 4.47170e-10 1.63095e-09 1.76977e-09
 1.34463e-09 1.77274e-09 1.61420e-09 1.14795e-09 1.36647e-09 1.16132e-09
 7.07336e-10 6.18271e-10 1.45476e-10-3.42456e-10-4.76408e-10-8.27723e-10
-1.06404e-09-1.15237e-09-1.49490e-09-1.71238e-09-1.82060e-09-1.91488e-09
-1.71956e-09-1.46222e-09-1.19756e-09-8.48465e-10-6.05469e-10-3.43411e-10
-2.76254e-11 2.72135e-10 6.26091e-10 8.90341e-10 1.02657e-09 1.11162e-09
 1.17769e-09 1.32423e-09 1.50520e-09 1.65221e-09 1.74513e-09 1.75290e-09
 1.73316e-09 1.70410e-09 1.64112e-09 1.52599e-09 1.36054e-09 1.18871e-09
 1.00250e-09 7.57054e-10 4.26817e-10 5.94697e-11-2.18919e-10-3.43076e-10
-4.13352e-10-6.20185e-10-1.02709e-09-1.47964e-09-1.76414e-09-1.83218e-09
-1.86280e-09-2.07760e-09-2.47966e-09-2.80531e-09-2.78289e-09-2.42782e-09
-2.03333e-09-1.86288e-09-1.88222e-09-1.81503e-09-1.45111e-09-8.87589e-10
-4.45642e-10-3.26017e-10-3.89539e-10-3.23786e-10 1.44700e-11 4.60293e-10
 7.30109e-10 7.27925e-10 6.28857e-10 6.66317e-10 8.87296e-10 1.11753e-09
 1.15093e-09 9.74682e-10 7.79234e-10 7.44820e-10 8.61005e-10 9.58006e-10
 8.92826e-10 6.89293e-10 4.82815e-10 3.59887e-10 2.85941e-10 1.63293e-10
-6.38849e-11-3.49841e-10-5.87736e-10-7.10543e-10-7.44921e-10-7.71155e-10
-8.41252e-10-9.30414e-10-9.65259e-10-8.96929e-10-7.27473e-10-4.79861e-10
-1.77708e-10 1.67186e-10 5.65803e-10 1.02542e-09 1.52171e-09 2.01517e-09
 2.47914e-09 2.91409e-09 3.34686e-09 3.80694e-09 4.29601e-09 4.77609e-09
 5.18165e-09 5.44291e-09 5.50066e-09 5.31050e-09 4.84897e-09 4.11867e-09
 3.14118e-09 1.95629e-09 6.42395e-10-6.76689e-10-1.85583e-09-2.76022e-09
-3.30679e-09-3.49881e-09-3.40617e-09-3.12321e-09-2.76929e-09-2.51261e-09
-2.56321e-09-3.10923e-09-4.20237e-09-5.67024e-09-7.15876e-09-8.27806e-09
-8.70793e-09-8.20243e-09-6.57580e-09-3.76069e-09 5.55984e-11 4.32044e-09
 8.18896e-09 1.08073e-08 1.16105e-08 1.04269e-08 7.40126e-09 2.91437e-09
-2.38935e-09-7.55571e-09-1.14429e-08-1.30703e-08-1.20218e-08-8.62021e-09
-3.73420e-09 1.59351e-09 6.38981e-09 9.80667e-09 1.11601e-08 1.00977e-08
 6.85032e-09 2.32299e-09-2.18454e-09-5.51212e-09-7.07162e-09-6.92370e-09
-5.54500e-09-3.55849e-09-1.62163e-09-3.88114e-10-3.66004e-10-1.65650e-09
-3.76088e-09-5.70391e-09-6.48866e-09-5.57224e-09-3.05485e-09 4.54840e-10
 4.12933e-09 7.17184e-09 8.96080e-09 9.16394e-09 7.86255e-09 5.60199e-09
 3.26155e-09 1.73098e-09 1.53070e-09 2.59290e-09 4.31777e-09 5.84942e-09
 6.43185e-09 5.68623e-09 3.70729e-09 9.98138e-10-1.69452e-09-3.61731e-09
-4.27052e-09-3.60297e-09-2.06223e-09-4.44379e-10 4.31830e-10 7.42330e-11
-1.47918e-09-3.67999e-09-5.69911e-09-6.76896e-09-6.48841e-09-4.96977e-09
-2.77753e-09-6.91198e-10 5.99854e-10 7.55100e-10-8.32450e-11-1.34160e-09
-2.25645e-09-2.20760e-09-9.93438e-10 1.07510e-09 3.30894e-09 4.94119e-09
 5.45556e-09 4.80636e-09 3.43052e-09 2.03547e-09 1.27212e-09 1.45246e-09
 2.42069e-09 3.62450e-09 4.36507e-09 4.11907e-09 2.78782e-09 7.55112e-10
-1.28602e-09-2.65588e-09-2.99830e-09-2.43764e-09-1.51350e-09-9.13070e-10
-1.12635e-09-2.20414e-09-3.74061e-09-5.07663e-09-5.61880e-09-5.12716e-09
-3.83560e-09-2.33576e-09-1.27444e-09-1.02436e-09-1.50265e-09-2.22411e-09
-2.55631e-09-2.04769e-09-6.63559e-10 1.18785e-09 2.85450e-09 3.77086e-09
 3.74771e-09 3.05963e-09 2.28773e-09 2.01160e-09 2.50597e-09 3.59536e-09
 4.75227e-09 5.38903e-09 5.17655e-09 4.21325e-09 2.95782e-09 1.97104e-09
 1.60798e-09 1.82121e-09 2.18553e-09 2.14560e-09 1.34796e-09-1.44988e-10
-1.88608e-09-3.29540e-09-3.98142e-09-3.94787e-09-3.58004e-09-3.42079e-09
-3.84952e-09-4.84899e-09-6.01508e-09-6.80326e-09-6.84921e-09-6.17701e-09
-5.18164e-09-4.38349e-09-4.08927e-09-4.18244e-09-4.19277e-09-3.59237e-09
-2.11532e-09 8.83587e-11 2.53464e-09 4.66559e-09 6.14047e-09 6.99000e-09
 7.53644e-09 8.12542e-09 8.84786e-09 9.45088e-09 9.50850e-09 8.73565e-09
 7.23431e-09 5.51041e-09 4.23232e-09 3.85533e-09 4.34848e-09 5.21166e-09
 5.75625e-09 5.44186e-09 4.07230e-09 1.78222e-09-1.13841e-09-4.45288e-09
-8.05404e-09-1.18304e-08-1.54353e-08-1.81841e-08-1.92208e-08-1.78910e-08
-1.41086e-08-8.49702e-09-2.21927e-09 3.42638e-09 7.45249e-09 9.44555e-09
 9.52825e-09 8.11387e-09 5.67969e-09 2.70529e-09-2.69710e-10-2.61340e-09
-3.70703e-09-3.20457e-09-1.31885e-09 1.11723e-09 2.97709e-09 3.41528e-09
 2.33566e-09 4.70299e-10-9.75502e-10-9.61921e-10 7.01759e-10 2.87907e-09
 3.03224e-09 1.10160e-09
     0.0000e+00     0.0000e+00      0  0  0.00
     512   1.00000  0.0000e+00
 7.15837e-09 6.79009e-09 6.05924e-09 4.95476e-09 3.52211e-09 1.85308e-09
 4.62925e-11-1.83051e-09-3.73655e-09-5.61873e-09-7.38394e-09-8.91330e-09
-1.01077e-08-1.09340e-08-1.14479e-08-1.17777e-08-1.20717e-08-1.24223e-08
-1.28071e-08-1.30906e-08-1.30915e-08-1.26681e-08-1.17665e-08-1.04365e-08
-8.83766e-09-7.22349e-09-5.87258e-09-4.98288e-09-4.57834e-09-4.47393e-09
-4.32711e-09-3.76461e-09-2.53007e-09-5.92555e-10 1.82263e-09 4.29918e-09
 6.38053e-09 7.74565e-09 8.32279e-09 8.28951e-09 7.97543e-09 7.73681e-09
 7.86662e-09 8.54135e-09 9.77347e-09 1.13917e-08 1.31040e-08 1.46366e-08
 1.58727e-08 1.69147e-08 1.80381e-08 1.95465e-08 2.15885e-08 2.40286e-08
 2.64418e-08 2.82307e-08 2.88245e-08 2.79256e-08 2.57687e-08 2.33339e-08
 2.24061e-08 2.53369e-08 3.44077e-08 5.07891e-08 7.32330e-08 9.68029e-08
 1.12152e-07 1.06038e-07 6.38224e-08-2.55204e-08-1.62684e-07-3.32360e-07
-5.00452e-07-6.16998e-07-6.33077e-07-5.26482e-07-3.10932e-07-2.62191e-08
 2.69612e-07 5.08856e-07 6.34460e-07 6.21116e-07 4.86159e-07 2.87857e-07
 1.06132e-07 6.34970e-09 4.80127e-09 6.18259e-08 1.10531e-07 1.02651e-07
 4.02629e-08-3.04456e-08-5.96626e-08-3.41899e-08 1.78213e-08 5.51668e-08
 5.23641e-08 1.13262e-08-4.54839e-08-1.02585e-07-1.70775e-07-2.61017e-07
-3.47902e-07-3.88677e-07-3.74980e-07-3.31516e-07-2.67854e-07-1.71154e-07
-3.56403e-08 1.34164e-07 3.21652e-07 4.76883e-07 5.27616e-07 4.19378e-07
 1.46819e-07-2.21886e-07-5.50287e-07-6.87560e-07-5.38093e-07-1.14827e-07
 4.44125e-07 9.14784e-07 1.08042e-06 8.41797e-07 2.85664e-07-3.35501e-07
-7.23125e-07-7.02818e-07-3.39632e-07 9.45478e-08 3.02803e-07 1.79686e-07
-1.10624e-07-2.84008e-07-1.99235e-07 1.88825e-08 1.33961e-07 6.39817e-08
-5.47867e-08-7.10744e-08-2.75704e-09 3.59412e-08 1.40554e-08-7.30564e-09
 1.32071e-10 5.82739e-09-1.58096e-09-2.71953e-09 1.85092e-09-1.35946e-09
-5.62336e-09-2.92672e-09-1.37671e-09-2.80880e-09-4.76971e-10 2.54324e-09
 2.28609e-09 3.06594e-09 4.80978e-09 4.44075e-09 4.71447e-09 6.29964e-09
 6.56799e-09 6.86010e-09 7.69190e-09 7.23283e-09 6.62930e-09 6.44481e-09
 5.50048e-09 4.67404e-09 4.09156e-09 2.87921e-09 1.82543e-09 9.51841e-10
-1.34445e-10-8.06683e-10-1.40340e-09-2.20645e-09-2.82838e-09-3.55285e-09
-4.23777e-09-4.59220e-09-4.82039e-09-4.73901e-09-4.43854e-09-4.15894e-09
-3.77474e-09-3.39918e-09-2.98773e-09-2.43082e-09-1.85887e-09-1.24363e-09
-6.09442e-10 3.33371e-11 6.99765e-10 1.27529e-09 1.75337e-09 2.09499e-09
 2.26253e-09 2.31895e-09 2.28766e-09 2.19319e-09 2.05125e-09 1.87824e-09
 1.63497e-09 1.21942e-09 6.10899e-10-1.35311e-10-9.15225e-10-1.59947e-09
-2.11426e-09-2.50348e-09-2.85994e-09-3.18369e-09-3.39016e-09-3.41659e-09
-3.27636e-09-3.03858e-09-2.75873e-09-2.39858e-09-1.83694e-09-1.01443e-09
-3.59011e-11 8.99386e-10 1.63462e-09 2.13930e-09 2.50482e-09 2.84039e-09
 3.16247e-09 3.40741e-09 3.53278e-09 3.56956e-09 3.56545e-09 3.50504e-09
 3.31802e-09 2.94519e-09 2.38901e-09 1.74025e-09 1.14085e-09 6.81076e-10
 3.44438e-10 4.49580e-11-2.98712e-10-6.99122e-10-1.09768e-09-1.42765e-09
-1.66270e-09-1.80736e-09-1.85636e-09-1.77721e-09-1.55223e-09-1.22924e-09
-9.02452e-10-6.39399e-10-4.34294e-10-2.26431e-10 4.73998e-11 4.10175e-10
 8.29590e-10 1.23990e-09 1.57958e-09 1.80603e-09 1.89776e-09 1.86415e-09
 1.74822e-09 1.61230e-09 1.50123e-09 1.40174e-09 1.25509e-09 1.01477e-09
 6.71954e-10 2.41453e-10-2.42523e-10-7.28096e-10-1.16639e-09-1.51889e-09
-1.75448e-09-1.88272e-09-1.97152e-09-2.08091e-09-2.19561e-09-2.23465e-09
-2.09131e-09-1.68416e-09-1.02436e-09-2.20362e-10 5.99531e-10 1.33315e-09
 1.89109e-09 2.20996e-09 2.26952e-09 2.05524e-09 1.54761e-09 7.70653e-10
-2.03014e-10-1.28110e-09-2.32916e-09-3.15845e-09-3.58230e-09-3.44963e-09
-2.64488e-09-1.15964e-09 8.10686e-10 2.88420e-09 4.60700e-09 5.59277e-09
 5.67112e-09 4.95382e-09 3.72738e-09 2.28899e-09 8.98790e-10-1.85847e-10
-7.14606e-10-5.01308e-10 4.86181e-10 2.03499e-09 3.70155e-09 4.96397e-09
 5.38258e-09 4.68209e-09 2.80600e-09-1.61724e-11-3.24533e-09-6.14509e-09
-8.03104e-09-8.53202e-09-7.72329e-09-6.05457e-09-4.11834e-09-2.44248e-09
-1.41979e-09-1.28998e-09-2.09018e-09-3.59764e-09-5.32902e-09-6.66171e-09
-7.06404e-09-6.31258e-09-4.57995e-09-2.35808e-09-2.65520e-10 1.16714e-09
 1.66727e-09 1.29922e-09 4.18161e-10-4.57205e-10-7.84444e-10-1.54493e-10
 1.53544e-09 3.98243e-09 6.54520e-09 8.47854e-09 9.23090e-09 8.65163e-09
 7.00939e-09 4.84814e-09 2.78364e-09 1.31548e-09 6.79798e-10 7.72928e-10
 1.18833e-09 1.37432e-09 8.63760e-10-5.12330e-10-2.52528e-09-4.62579e-09
-6.17255e-09-6.70061e-09-6.10481e-09-4.67282e-09-2.96703e-09-1.60655e-09
-1.03566e-09-1.35731e-09-2.28936e-09-3.27767e-09-3.72783e-09-3.24486e-09
-1.78509e-09 3.22280e-10 2.49652e-09 4.14018e-09 4.89163e-09 4.77487e-09
 4.17442e-09 3.64347e-09 3.63202e-09 4.26823e-09 5.30118e-09 6.22160e-09
 6.49700e-09 5.82145e-09 4.27244e-09 2.30030e-09 5.49437e-10-4.22016e-10
-4.09506e-10 3.21517e-10 1.15377e-09 1.41813e-09 7.09426e-10-9.40616e-10
-3.09675e-09-5.12771e-09-6.48983e-09-6.95844e-09-6.70295e-09-6.17103e-09
-5.83318e-09-5.91685e-09-6.27924e-09-6.49551e-09-6.11277e-09-4.91996e-09
-3.07833e-09-1.05365e-09 5.97664e-10 1.48606e-09 1.58143e-09 1.24626e-09
 1.07723e-09 1.61948e-09 3.08866e-09 5.24782e-09 7.52117e-09 9.28430e-09
 1.01502e-08 1.00979e-08 9.41417e-09 8.50506e-09 7.67402e-09 6.97736e-09
 6.22127e-09 5.09918e-09 3.41751e-09 1.28226e-09-9.05134e-10-2.66617e-09
-3.73602e-09-4.23927e-09-4.63814e-09-5.47734e-09-7.07496e-09-9.33192e-09
-1.17493e-08-1.36336e-08-1.43974e-08-1.38326e-08-1.22133e-08-1.01341e-08
-8.16020e-09-6.52716e-09-5.08723e-09-3.51448e-09-1.60438e-09 5.49930e-10
 2.62257e-09 4.29392e-09 5.48492e-09 6.44228e-09 7.62797e-09 9.44947e-09
 1.19568e-08 1.47001e-08 1.68812e-08 1.77462e-08 1.69896e-08 1.49068e-08
 1.21811e-08 9.45806e-09 7.02163e-09 4.77634e-09 2.47782e-09 3.03135e-12
-2.50849e-09-4.70807e-09-6.25709e-09-7.08352e-09-7.49525e-09-8.03941e-09
-9.16049e-09-1.08761e-08-1.27299e-08-1.40921e-08-1.45806e-08-1.42673e-08
-1.35246e-08-1.26644e-08-1.16641e-08-1.01711e-08-7.76110e-09-4.25607e-09
 9.70055e-11 4.66966e-09 8.70079e-09 1.16496e-08 1.34386e-08 1.43826e-08
 1.48458e-08 1.49110e-08 1.43335e-08 1.27868e-08 1.01546e-08 6.62234e-09
 2.54538e-09-1.70597e-09-5.73593e-09-8.97343e-09-1.05882e-08-9.68153e-09
-5.86870e-09-1.62229e-09
     0.0000e+00     0.0000e+00      0  0  0.00
     512   1.00000  0.0000e+00
-5.33174e-09-4.81858e-09-3.97087e-09-2.85885e-09-1.59839e-09-3.13319e-10
 9.03729e-10 2.01223e-09 3.01955e-09 3.96089e-09 4.87432e-09 5.77702e-09
 6.64952e-09 7.43878e-09 8.08194e-09 8.53417e-09 8.77811e-09 8.81203e-09
 8.63599e-09 8.25352e-09 7.68188e-09 6.95094e-09 6.08666e-09 5.09747e-09
 3.97913e-09 2.73205e-09 1.37455e-09-5.47582e-11-1.50163e-09-2.90522e-09
-4.21192e-09-5.38810e-09-6.42082e-09-7.30608e-09-8.03862e-09-8.61328e-09
-9.02872e-09-9.27845e-09-9.33283e-09-9.13388e-09-8.61552e-09-7.73590e-09
-6.49746e-09-4.94409e-09-3.14126e-09-1.15059e-09 9.90207e-10 3.27076e-09
 5.69059e-09 8.22911e-09 1.08223e-08 1.33615e-08 1.57093e-08 1.77197e-08
 1.92572e-08 2.02266e-08 2.06248e-08 2.05966e-08 2.04576e-08 2.06420e-08
 2.15559e-08 2.33449e-08 2.56169e-08 2.71952e-08 2.60106e-08 1.92767e-08
 4.09932e-09-2.14048e-08-5.65348e-08-9.65784e-08-1.33910e-07-1.61688e-07
-1.73279e-07-1.59162e-07-1.14095e-07-4.62268e-08 2.81002e-08 9.22266e-08
 1.30575e-07 1.32618e-07 9.82628e-08 3.93477e-08-2.29563e-08-6.64295e-08
-7.81204e-08-5.93957e-08-2.34425e-08 1.33841e-08 4.14939e-08 6.17279e-08
 7.97331e-08 9.61083e-08 1.02176e-07 8.67597e-08 4.81550e-08 1.89934e-09
-2.22093e-08 3.04070e-09 7.97249e-08 1.75957e-07 2.42898e-07 2.47550e-07
 1.97216e-07 1.32474e-07 8.76954e-08 6.06108e-08 2.51550e-08-3.92561e-08
-1.36768e-07-2.58805e-07-3.88042e-07-4.97527e-07-5.53843e-07-5.32732e-07
-4.33214e-07-2.76594e-07-9.57374e-08 7.71508e-08 2.18383e-07 3.15372e-07
 3.67075e-07 3.80512e-07 3.63509e-07 3.18831e-07 2.44520e-07 1.42239e-07
 2.70814e-08-7.12652e-08-1.20789e-07-1.08881e-07-5.71275e-08-1.15263e-08
-9.11815e-09-4.60949e-08-8.04835e-08-7.44779e-08-3.46336e-08-2.07042e-09
-1.94208e-09-1.63870e-08-1.58676e-08-2.97169e-10 9.51670e-09 7.76299e-09
 6.25718e-09 9.07931e-09 9.47739e-09 6.88184e-09 6.10593e-09 5.88082e-09
 3.44861e-09 1.44136e-09 1.14966e-09 9.84127e-11-1.41414e-09-1.77888e-09
-2.28429e-09-3.33830e-09-3.57400e-09-3.56007e-09-3.94871e-09-3.87480e-09
-3.64291e-09-3.78347e-09-3.59162e-09-3.18248e-09-2.96679e-09-2.49445e-09
-1.95164e-09-1.65821e-09-1.27573e-09-9.31301e-10-6.86343e-10-2.16351e-10
 2.96714e-10 7.86678e-10 1.39341e-09 1.91871e-09 2.36371e-09 2.74505e-09
 2.92720e-09 3.04413e-09 3.13406e-09 3.16476e-09 3.20985e-09 3.17426e-09
 3.04043e-09 2.84719e-09 2.52885e-09 2.11515e-09 1.62261e-09 1.05851e-09
 4.61476e-10-1.66288e-10-7.64239e-10-1.30045e-09-1.77187e-09-2.15781e-09
-2.50556e-09-2.84876e-09-3.15919e-09-3.38092e-09-3.47607e-09-3.44062e-09
-3.26871e-09-2.97927e-09-2.58958e-09-2.09521e-09-1.53063e-09-9.62263e-10
-4.13239e-10 1.55695e-10 7.77259e-10 1.43743e-09 2.09111e-09 2.68041e-09
 3.16223e-09 3.53073e-09 3.79040e-09 3.91432e-09 3.87052e-09 3.66988e-09
 3.35703e-09 2.98520e-09 2.58611e-09 2.12954e-09 1.56037e-09 8.83179e-10
 1.63289e-10-5.28801e-10-1.15486e-09-1.70833e-09-2.17197e-09-2.51065e-09
-2.71384e-09-2.79582e-09-2.77730e-09-2.68517e-09-2.52678e-09-2.27698e-09
-1.90643e-09-1.40435e-09-7.98420e-10-1.51318e-10 4.86933e-10 1.08994e-09
 1.62564e-09 2.06257e-09 2.39029e-09 2.62170e-09 2.78051e-09 2.86790e-09
 2.85188e-09 2.69973e-09 2.39963e-09 1.95651e-09 1.39064e-09 7.39257e-10
 4.70446e-11-6.45104e-10-1.30102e-09-1.89484e-09-2.42430e-09-2.90839e-09
-3.36109e-09-3.75951e-09-4.04654e-09-4.17747e-09-4.14669e-09-3.96777e-09
-3.66195e-09-3.25909e-09-2.78551e-09-2.26864e-09-1.74274e-09-1.22328e-09
-7.05754e-10-1.98822e-10 2.73481e-10 6.80589e-10 9.71451e-10 1.09691e-09
 1.06630e-09 9.42781e-10 7.91174e-10 6.66971e-10 6.16806e-10 6.45869e-10
 7.18574e-10 8.04067e-10 8.82083e-10 9.22343e-10 9.03333e-10 8.24151e-10
 6.83488e-10 4.95312e-10 3.15446e-10 2.04864e-10 1.97565e-10 3.34999e-10
 6.79650e-10 1.27088e-09 2.09950e-09 3.09653e-09 4.09987e-09 4.86984e-09
 5.18106e-09 4.89619e-09 3.97866e-09 2.49571e-09 6.18465e-10-1.41680e-09
-3.35519e-09-4.94940e-09-5.99750e-09-6.36866e-09-5.99385e-09-4.88236e-09
-3.16010e-09-1.07053e-09 1.05871e-09 2.89294e-09 4.20224e-09 4.91710e-09
 5.09923e-09 4.87293e-09 4.35825e-09 3.66079e-09 2.89520e-09 2.16406e-09
 1.52590e-09 9.90908e-10 5.23503e-10 7.91138e-11-3.49732e-10-7.41881e-10
-1.07425e-09-1.33321e-09-1.51166e-09-1.58435e-09-1.51843e-09-1.33338e-09
-1.11694e-09-9.76820e-10-9.83282e-10-1.13507e-09-1.37881e-09-1.65985e-09
-1.93647e-09-2.16897e-09-2.32885e-09-2.41253e-09-2.43820e-09-2.42864e-09
-2.39169e-09-2.31628e-09-2.18680e-09-1.99653e-09-1.74318e-09-1.41873e-09
-1.01251e-09-5.19603e-10 5.01076e-11 6.64966e-10 1.27948e-09 1.84293e-09
 2.30125e-09 2.61314e-09 2.76912e-09 2.79320e-09 2.73339e-09 2.63784e-09
 2.52739e-09 2.39768e-09 2.24202e-09 2.06563e-09 1.88787e-09 1.72801e-09
 1.58268e-09 1.42154e-09 1.19870e-09 8.65887e-10 3.89250e-10-2.33822e-10
-9.67232e-10-1.74317e-09-2.48520e-09-3.13853e-09-3.68286e-09-4.11271e-09
-4.40604e-09-4.51371e-09-4.37975e-09-3.98117e-09-3.35728e-09-2.60341e-09
-1.83856e-09-1.16768e-09-6.45190e-10-2.52140e-10 9.54321e-11 5.08167e-10
 1.06891e-09 1.78958e-09 2.61297e-09 3.45752e-09 4.26441e-09 5.01033e-09
 5.67993e-09 6.22739e-09 6.56491e-09 6.58780e-09 6.21481e-09 5.42036e-09
 4.25253e-09 2.83427e-09 1.33792e-09-6.91162e-11-1.28280e-09-2.28551e-09
-3.11870e-09-3.83393e-09-4.46352e-09-5.02734e-09-5.55581e-09-6.09274e-09
-6.66197e-09-7.22563e-09-7.67529e-09-7.86434e-09-7.65727e-09-6.97123e-09
-5.80139e-09-4.22996e-09-2.41158e-09-5.26355e-10 1.28115e-09 2.93125e-09
 4.38268e-09 5.58621e-09 6.47652e-09 7.01774e-09 7.26030e-09 7.34781e-09
 7.45063e-09 7.66677e-09 7.95831e-09 8.15968e-09 8.04677e-09 7.43170e-09
 6.24679e-09 4.58454e-09 2.66787e-09 7.52559e-10-9.85339e-10-2.49753e-09
-3.81162e-09-4.93247e-09-5.79780e-09-6.33537e-09-6.56366e-09-6.63306e-09
-6.76363e-09-7.12247e-09-7.71986e-09-8.37983e-09-8.79678e-09-8.65800e-09
-7.78602e-09-6.23180e-09-4.25653e-09-2.19964e-09-3.15910e-10 1.29856e-09
 2.64422e-09 3.69982e-09 4.37903e-09 4.61046e-09 4.45745e-09 4.15051e-09
 3.99442e-09 4.22549e-09 4.91403e-09 5.94950e-09 7.09520e-09 8.08665e-09
 8.74122e-09 9.01992e-09 8.98250e-09 8.65727e-09 7.94151e-09 6.63888e-09
 4.61419e-09 1.92517e-09-1.19154e-09-4.45489e-09-7.65087e-09-1.06143e-08
-1.31207e-08-1.48230e-08-1.53128e-08-1.42612e-08-1.15582e-08-7.40744e-09
-2.36383e-09 2.71919e-09 6.85960e-09 9.19715e-09 9.23921e-09 7.07453e-09
 3.62722e-09 8.80037e-10
     0.0000e+00     0.0000e+00      0  0  0.00
     512   1.00000  0.0000e+00
-3.13643e-09-3.18213e-09-3.09890e-09-2.81031e-09-2.26419e-09-1.45902e-09
-4.42175e-10 7.14050e-10 1.93262e-09 3.13214e-09 4.21750e-09 5.08460e-09
 5.65163e-09 5.90516e-09 5.92788e-09 5.87626e-09 5.90729e-09 6.09592e-09
 6.39787e-09 6.67841e-09 6.77864e-09 6.57478e-09 6.00933e-09 5.10086e-09
 3.94088e-09 2.67504e-09 1.47120e-09 4.81916e-10-1.99680e-10-5.86584e-10
-8.15329e-10-1.09831e-09-1.62100e-09-2.44579e-09-3.48428e-09-4.55127e-09
-5.46309e-09-6.12285e-09-6.54745e-09-6.82560e-09-7.03818e-09-7.19727e-09
-7.24411e-09-7.09423e-09-6.68661e-09-6.01050e-09-5.11234e-09-4.08980e-09
-3.07306e-09-2.18735e-09-1.49609e-09-9.49566e-10-3.88766e-10 3.68477e-10
 1.39676e-09 2.56881e-09 3.55332e-09 3.90161e-09 3.19719e-09 1.25122e-09
-1.68425e-09-4.74277e-09-6.39256e-09-4.60856e-09 2.62457e-09 1.64210e-08
 3.58122e-08 5.66257e-08 7.08998e-08 6.78500e-08 3.93016e-08-1.15080e-08
-6.84832e-08-1.13133e-07-1.35399e-07-1.33665e-07-1.07279e-07-5.62170e-08
 1.01460e-08 7.12810e-08 1.05558e-07 1.02056e-07 6.65597e-08 1.87553e-08
-1.78343e-08-2.77353e-08-1.12075e-08 1.71599e-08 3.91846e-08 4.57570e-08
 4.15271e-08 3.87281e-08 4.53553e-08 5.70957e-08 6.03819e-08 4.40751e-08
 9.39488e-09-2.94057e-08-5.09229e-08-3.54396e-08 1.93840e-08 8.93121e-08
 1.43491e-07 1.65886e-07 1.45084e-07 6.54715e-08-8.22817e-08-2.93578e-07
-5.41482e-07-7.71738e-07-9.10734e-07-8.77044e-07-6.11090e-07-1.15006e-07
 5.33843e-07 1.18782e-06 1.65280e-06 1.75008e-06 1.39269e-06 6.41143e-07
-2.89870e-07-1.09388e-06-1.48978e-06-1.35033e-06-7.75300e-07-5.70594e-08
 4.59053e-07 5.60431e-07 2.88095e-07-9.73431e-08-2.97329e-07-1.91606e-07
 8.14056e-08 2.61174e-07 2.07859e-07 2.27006e-08-8.44256e-08-3.27819e-08
 6.54777e-08 7.79926e-08 1.64650e-08-2.19059e-08-9.36381e-09 3.19267e-09
-7.05606e-09-1.32710e-08-7.23747e-09-7.03375e-09-1.14007e-08-7.95947e-09
-3.33692e-09-4.76688e-09-4.38464e-09-8.18580e-10-7.46619e-10-1.32371e-09
 8.49588e-10 1.35137e-09 4.53442e-10 1.34810e-09 1.45370e-09 3.18090e-10
 5.34518e-10 5.70963e-10-1.53738e-10 1.54551e-10 2.97766e-10-1.77375e-10
 3.40428e-11 4.75922e-11-2.40978e-10 5.71984e-11 1.32887e-10 6.26507e-11
 3.23103e-10 2.71861e-10 2.51350e-10 4.92372e-10 5.48668e-10 7.36062e-10
 9.23953e-10 8.64985e-10 8.54950e-10 7.23647e-10 5.45734e-10 5.17295e-10
 4.33748e-10 3.75122e-10 2.92326e-10 1.00210e-10-5.53752e-11-2.23001e-10
-3.52214e-10-4.29004e-10-5.57770e-10-7.15300e-10-9.12712e-10-1.05695e-09
-1.06290e-09-9.98867e-10-9.25202e-10-8.77514e-10-8.04436e-10-6.68625e-10
-4.99651e-10-3.09869e-10-9.33553e-11 1.90812e-10 5.60240e-10 9.67542e-10
 1.32610e-09 1.58688e-09 1.80176e-09 2.06081e-09 2.38453e-09 2.66153e-09
 2.73127e-09 2.56695e-09 2.33024e-09 2.19925e-09 2.15980e-09 2.02165e-09
 1.64644e-09 1.11781e-09 6.55651e-10 3.89536e-10 2.42815e-10 2.09588e-11
-3.83610e-10-8.76836e-10-1.27186e-09-1.48792e-09-1.62734e-09-1.85939e-09
-2.22030e-09-2.56842e-09-2.75935e-09-2.80712e-09-2.84368e-09-2.95419e-09
-3.08606e-09-3.12446e-09-3.02381e-09-2.82926e-09-2.60090e-09-2.36007e-09
-2.08397e-09-1.73994e-09-1.33746e-09-9.25708e-10-5.42759e-10-1.84619e-10
 1.78819e-10 5.52314e-10 8.92746e-10 1.15545e-09 1.33897e-09 1.46233e-09
 1.52295e-09 1.50315e-09 1.40287e-09 1.24915e-09 1.07531e-09 8.96626e-10
 7.12510e-10 5.23383e-10 3.36822e-10 1.68602e-10 4.22967e-11-2.62024e-11
-4.39601e-11-2.00985e-11 5.87474e-11 2.15574e-10 4.65704e-10 8.04580e-10
 1.20515e-09 1.64726e-09 2.12468e-09 2.60420e-09 3.00540e-09 3.22608e-09
 3.17566e-09 2.79740e-09 2.08582e-09 1.08649e-09-1.26773e-10-1.45362e-09
-2.73827e-09-3.77288e-09-4.36354e-09-4.40321e-09-3.89429e-09-2.92520e-09
-1.64237e-09-2.56534e-10 9.30375e-10 1.55788e-09 1.33723e-09 1.89223e-10
-1.72057e-09-4.04234e-09-6.32211e-09-8.05821e-09-8.73804e-09-7.91370e-09
-5.37757e-09-1.35395e-09 3.48569e-09 8.22713e-09 1.19754e-08 1.40156e-08
 1.38585e-08 1.12952e-08 6.53933e-09 3.47705e-10-6.06423e-09-1.13619e-08
-1.45153e-08-1.50463e-08-1.30233e-08-8.94087e-09-3.61979e-09 1.86251e-09
 6.33622e-09 8.88466e-09 9.20542e-09 7.70853e-09 5.28342e-09 2.91154e-09
 1.35725e-09 1.04500e-09 2.03449e-09 3.99978e-09 6.26674e-09 7.97612e-09
 8.37947e-09 7.17374e-09 4.65789e-09 1.60082e-09-1.07720e-09-2.63799e-09
-2.73679e-09-1.47765e-09 6.28573e-10 2.77988e-09 4.10477e-09 3.96229e-09
 2.20272e-09-7.44678e-10-4.02680e-09-6.69368e-09-8.03572e-09-7.80899e-09
-6.28807e-09-4.14641e-09-2.21434e-09-1.18420e-09-1.35250e-09-2.50150e-09
-3.99128e-09-5.02414e-09-4.95679e-09-3.55291e-09-1.08820e-09 1.74464e-09
 4.09724e-09 5.29804e-09 5.11947e-09 3.85455e-09 2.17787e-09 8.66963e-10
 4.94578e-10 1.20107e-09 2.64026e-09 4.12517e-09 4.91450e-09 4.52511e-09
 2.93632e-09 6.04579e-10-1.71808e-09-3.30210e-09-3.75478e-09-3.17801e-09
-2.10175e-09-1.23617e-09-1.15637e-09-2.04696e-09-3.61267e-09-5.20122e-09
-6.09589e-09-5.85046e-09-4.49831e-09-2.53305e-09-6.81057e-10 4.27293e-10
 5.43620e-10-8.79111e-11-8.55159e-10-1.07890e-09-3.42721e-10 1.30348e-09
 3.36168e-09 5.11831e-09 5.98430e-09 5.77626e-09 4.79076e-09 3.63572e-09
 2.91491e-09 2.92950e-09 3.53914e-09 4.24024e-09 4.42475e-09 3.69899e-09
 2.10026e-09 8.98224e-11-1.67845e-09-2.68778e-09-2.81336e-09-2.37141e-09
-1.93902e-09-2.04374e-09-2.88532e-09-4.23076e-09-5.53437e-09-6.22087e-09
-5.98331e-09-4.93880e-09-3.56239e-09-2.42914e-09-1.89905e-09-1.92706e-09
-2.10991e-09-1.93651e-09-1.09164e-09 3.60021e-10 2.00391e-09 3.29552e-09
 3.85511e-09 3.68344e-09 3.16963e-09 2.86736e-09 3.16426e-09 4.04612e-09
 5.09862e-09 5.74471e-09 5.57797e-09 4.59757e-09 3.20507e-09 1.96592e-09
 1.28696e-09 1.20663e-09 1.40865e-09 1.43335e-09 9.64742e-10 3.27304e-11
-1.00344e-09-1.70303e-09-1.86877e-09-1.71807e-09-1.76692e-09-2.49869e-09
-4.03757e-09-6.03436e-09-7.82988e-09-8.79355e-09-8.63808e-09-7.53008e-09
-5.94101e-09-4.34745e-09-2.98219e-09-1.79023e-09-6.00560e-10 6.17353e-10
 1.60545e-09 1.91629e-09 1.23047e-09-3.21188e-10-2.08257e-09-3.12440e-09
-2.66927e-09-4.38899e-10 3.24779e-09 7.64551e-09 1.19057e-08 1.53598e-08
 1.76043e-08 1.83817e-08 1.74259e-08 1.44709e-08 9.46910e-09 2.86050e-09
-4.33879e-09-1.07593e-08-1.51423e-08-1.68091e-08-1.58767e-08-1.31033e-08
-9.48443e-09-5.85369e-09-2.68545e-09-1.29989e-10 1.81628e-09 3.14779e-09
 3.80749e-09 3.77524e-09 3.16667e-09 2.20582e-09 1.10431e-09 6.72096e-11
-4.00011e-10-1.97182e-10
     0.0000e+00     0.0000e+00      0  0  0.00
     512   1.00000  0.0000e+00
 2.74502e-09 2.94730e-09 2.80052e-09 2.29150e-09 1.54840e-09 8.03548e-10
 2.93128e-10 1.56670e-10 3.84671e-10 8.26699e-10 1.25674e-09 1.48058e-09
 1.43677e-09 1.22297e-09 1.02190e-09 9.81487e-10 1.13292e-09 1.37674e-09
 1.49945e-09 1.18815e-09 7.45006e-11-2.12927e-09-5.41162e-09-9.29401e-09
-1.28712e-08-1.50730e-08-1.50123e-08-1.22719e-08-7.05392e-09-1.59941e-10
 7.19442e-09 1.36768e-08 1.81536e-08 1.99371e-08 1.89210e-08 1.55957e-08
 1.09170e-08 6.01717e-09 1.82201e-09-1.25120e-09-3.33551e-09-4.88720e-09
-6.37350e-09-8.06350e-09-9.97763e-09-1.19602e-08-1.38163e-08-1.54394e-08
-1.68550e-08-1.81649e-08-1.94512e-08-2.07177e-08-2.18807e-08-2.27674e-08
-2.31020e-08-2.25293e-08-2.07363e-08-1.76547e-08-1.36486e-08-9.57161e-09
-6.62290e-09-5.99060e-09-8.32584e-09-1.31325e-08-1.82121e-08-1.93735e-08
-1.07015e-08 1.42897e-08 6.04004e-08 1.27491e-07 2.07471e-07 2.83358e-07
 3.30433e-07 3.22048e-07 2.44478e-07 1.08830e-07-5.54840e-08-2.12004e-07
-3.21497e-07-3.52500e-07-2.96423e-07-1.73372e-07-2.70634e-08 9.05756e-08
 1.40384e-07 1.11547e-07 2.41645e-08-8.35133e-08-1.75746e-07-2.33658e-07
-2.54463e-07-2.37702e-07-1.73811e-07-5.13687e-08 1.19126e-07 2.83288e-07
 3.49899e-07 2.44780e-07-1.88712e-08-3.22105e-07-5.05293e-07-4.71170e-07
-2.50948e-07 2.15542e-08 2.21049e-07 3.19350e-07 3.62328e-07 3.92204e-07
 4.09325e-07 3.89120e-07 3.10165e-07 1.56935e-07-7.29756e-08-3.33927e-07
-5.23266e-07-5.29302e-07-2.98893e-07 1.17254e-07 5.69315e-07 8.64682e-07
 8.49109e-07 4.83869e-07-1.14829e-07-7.05704e-07-1.02536e-06-9.26438e-07
-4.73175e-07 7.77614e-08 4.20351e-07 3.93099e-07 9.17593e-08-2.02490e-07
-2.47699e-07-4.23008e-08 1.87442e-07 2.22916e-07 7.48488e-08-5.84109e-08
-4.29301e-08 4.87016e-08 7.65659e-08 2.88736e-08-5.54686e-09 4.27444e-09
 1.19079e-08-5.98536e-10-5.80295e-09-2.83151e-10-2.82900e-09-7.88624e-09
-3.73416e-09-5.93216e-10-3.74723e-09-3.41100e-09-6.99359e-10-1.95049e-09
-2.04111e-09 6.62634e-10 7.46770e-10 3.87312e-10 2.05835e-09 2.21110e-09
 1.88422e-09 3.13297e-09 3.25110e-09 2.65326e-09 2.88479e-09 2.20476e-09
 1.35441e-09 1.56809e-09 1.51203e-09 1.66484e-09 2.29085e-09 2.11765e-09
 1.71966e-09 1.24922e-09 1.80088e-10-6.80103e-10-1.34079e-09-1.90262e-09
-1.85056e-09-1.70723e-09-1.69031e-09-1.73795e-09-2.14649e-09-2.54809e-09
-2.82996e-09-3.10014e-09-3.12514e-09-3.00677e-09-2.72179e-09-2.23207e-09
-1.67448e-09-1.00438e-09-3.65774e-10 1.39473e-10 5.22076e-10 7.75237e-10
 1.09146e-09 1.58226e-09 2.21597e-09 2.87988e-09 3.43085e-09 3.80392e-09
 3.93047e-09 3.82191e-09 3.55362e-09 3.19601e-09 2.83849e-09 2.52013e-09
 2.17741e-09 1.68180e-09 9.66855e-10 6.60375e-11-9.44301e-10-1.97164e-09
-2.93211e-09-3.76631e-09-4.41784e-09-4.81714e-09-4.94585e-09-4.89184e-09
-4.78695e-09-4.71251e-09-4.65048e-09-4.48475e-09-4.08680e-09-3.42455e-09
-2.57256e-09-1.65697e-09-8.12232e-10-1.45621e-10 2.93355e-10 5.32997e-10
 6.60232e-10 7.54648e-10 8.57637e-10 9.92874e-10 1.15995e-09 1.30629e-09
 1.33005e-09 1.12797e-09 6.76331e-10 6.99108e-11-5.30789e-10-9.80052e-10
-1.20627e-09-1.23961e-09-1.17866e-09-1.12499e-09-1.13735e-09-1.20724e-09
-1.26514e-09-1.21774e-09-9.88577e-10-5.48702e-10 7.59874e-11 8.17963e-10
 1.58100e-09 2.26055e-09 2.78281e-09 3.15015e-09 3.46070e-09 3.85407e-09
 4.39876e-09 5.02771e-09 5.58394e-09 5.92643e-09 6.00720e-09 5.87345e-09
 5.62099e-09 5.33793e-09 5.07020e-09 4.84369e-09 4.68323e-09 4.56083e-09
 4.36959e-09 3.99412e-09 3.39173e-09 2.62720e-09 1.85544e-09 1.22216e-09
 7.39751e-10 2.85229e-10-2.76769e-10-9.97326e-10-1.81917e-09-2.58576e-09
-3.11736e-09-3.31528e-09-3.17111e-09-2.73453e-09-2.14404e-09-1.62471e-09
-1.39410e-09-1.59310e-09-2.26153e-09-3.29729e-09-4.47478e-09-5.56041e-09
-6.38203e-09-6.80989e-09-6.76156e-09-6.22054e-09-5.20177e-09-3.74011e-09
-1.95511e-09-1.10633e-10 1.39572e-09 2.11725e-09 1.72852e-09 2.34205e-10
-1.94969e-09-4.14161e-09-5.66623e-09-6.10095e-09-5.39285e-09-3.79724e-09
-1.72551e-09 3.68657e-10 2.06232e-09 3.01859e-09 3.01313e-09 1.97225e-09
 4.09233e-11-2.37468e-09-4.65503e-09-6.14450e-09-6.39059e-09-5.30777e-09
-3.21263e-09-7.17535e-10 1.49600e-09 2.89632e-09 3.23212e-09 2.59443e-09
 1.40140e-09 2.77549e-10-1.74051e-10 3.74126e-10 1.86493e-09 3.94125e-09
 6.09672e-09 7.80093e-09 8.60172e-09 8.24004e-09 6.78139e-09 4.65562e-09
 2.51161e-09 9.69581e-10 4.12393e-10 8.77367e-10 2.04828e-09 3.34365e-09
 4.11791e-09 3.92954e-09 2.73528e-09 9.03861e-10-9.52946e-10-2.24545e-09
-2.63550e-09-2.15263e-09-1.17731e-09-2.86985e-10-1.11057e-11-5.93873e-10
-1.87356e-09-3.34649e-09-4.38290e-09-4.48953e-09-3.50864e-09-1.66987e-09
 5.09214e-10 2.39947e-09 3.45046e-09 3.35914e-09 2.17512e-09 3.00314e-10
-1.64326e-09-3.04498e-09-3.53044e-09-3.07922e-09-1.99634e-09-7.62532e-10
 1.70252e-10 5.69667e-10 5.26672e-10 4.05693e-10 6.42004e-10 1.47009e-09
 2.72511e-09 3.85598e-09 4.17931e-09 3.24811e-09 1.12742e-09-1.57794e-09
-3.95418e-09-5.15193e-09-4.74302e-09-2.91406e-09-4.00277e-10 1.83320e-09
 3.02443e-09 2.93571e-09 1.88092e-09 4.63486e-10-7.90349e-10-1.67657e-09
-2.31576e-09-2.95883e-09-3.74654e-09-4.56333e-09-5.04867e-09-4.75296e-09
-3.37991e-09-1.00910e-09 1.84026e-09 4.37980e-09 5.88170e-09 5.98033e-09
 4.78505e-09 2.78146e-09 6.25041e-10-1.05561e-09-1.80431e-09-1.44159e-09
-1.17484e-10 1.73349e-09 3.55517e-09 4.87860e-09 5.45232e-09 5.23762e-09
 4.32488e-09 2.85903e-09 1.00615e-09-1.05662e-09-3.13909e-09-5.00596e-09
-6.32532e-09-6.68678e-09-5.77444e-09-3.63795e-09-8.60097e-10 1.57326e-09
 2.70325e-09 2.08591e-09 2.61492e-11-2.57284e-09-4.63210e-09-5.36598e-09
-4.59056e-09-2.74419e-09-6.07743e-10 1.13986e-09 2.26669e-09 2.99301e-09
 3.64830e-09 4.26061e-09 4.44696e-09 3.73399e-09 2.05365e-09-1.30131e-11
-1.47106e-09-1.48066e-09 1.12755e-10 2.61184e-09 4.76002e-09 5.35102e-09
 3.85887e-09 7.51473e-10-2.72886e-09-5.23674e-09-6.03566e-09-5.26376e-09
-3.59941e-09-1.66625e-09 2.96188e-10 2.26766e-09 4.03628e-09 4.99534e-09
 4.37801e-09 1.76666e-09-2.48889e-09-7.22501e-09-1.08472e-08-1.19926e-08
-1.01772e-08-6.06994e-09-1.16869e-09 2.97816e-09 5.49465e-09 6.35501e-09
 5.98750e-09 4.77053e-09 2.91097e-09 7.23427e-10-1.11747e-09-1.73401e-09
-5.47135e-10 2.28478e-09 5.81819e-09 8.68161e-09 9.64178e-09 8.14015e-09
 4.56787e-09 1.01385e-10-3.87015e-09-6.38024e-09-7.12848e-09-6.20583e-09
-3.69908e-09-1.02551e-09
     0.0000e+00     0.0000e+00      0  0  0.00
     512   1.00000  0.0000e+00
-2.32406e-09-1.90007e-09-1.34346e-09-7.27190e-10-1.27565e-10 4.00231e-10
 8.31346e-10 1.16652e-09 1.42518e-09 1.64228e-09 1.86342e-09 2.13318e-09
 2.47925e-09 2.89792e-09 3.34672e-09 3.75253e-09 4.03757e-09 4.15145e-09
 4.08906e-09 3.88535e-09 3.59759e-09 3.29076e-09 3.02944e-09 2.86772e-09
 2.83248e-09 2.90698e-09 3.02596e-09 3.08728e-09 2.98138e-09 2.63336e-09
 2.03849e-09 1.26767e-09 4.38576e-10-3.28994e-10-9.52613e-10-1.41115e-09
-1.74718e-09-2.04518e-09-2.39327e-09-2.84565e-09-3.40278e-09-4.01522e-09
-4.60703e-09-5.11302e-09-5.51949e-09-5.88439e-09-6.31767e-09-6.93123e-09
-7.78487e-09-8.84909e-09-9.99808e-09-1.10392e-08-1.17713e-08-1.20461e-08
-1.18082e-08-1.11191e-08-1.01839e-08-9.37492e-09-9.22023e-09-1.03157e-08
-1.31382e-08-1.77580e-08-2.34874e-08-2.85581e-08-3.00018e-08-2.39523e-08
-6.57361e-09 2.43083e-08 6.70119e-08 1.14001e-07 1.53508e-07 1.77226e-07
 1.84119e-07 1.72187e-07 1.35039e-07 7.20791e-08-7.10072e-09-8.76395e-08
-1.52041e-07-1.84576e-07-1.79402e-07-1.44262e-07-9.76175e-08-6.10430e-08
-4.84023e-08-5.74501e-08-7.13012e-08-7.05743e-08-4.87517e-08-1.89300e-08
-4.24782e-09-1.93189e-08-5.85686e-08-9.89897e-08-1.14426e-07-9.16248e-08
-3.61296e-08 3.30997e-08 9.10645e-08 1.14393e-07 9.51995e-08 5.25855e-08
 2.29379e-08 3.32204e-08 8.63375e-08 1.71766e-07 2.78843e-07 3.93241e-07
 4.90820e-07 5.42155e-07 5.18395e-07 3.95924e-07 1.66892e-07-1.49955e-07
-5.06410e-07-8.29238e-07-1.03377e-06-1.04976e-06-8.51538e-07-4.76995e-07
-2.43839e-08 3.76364e-07 6.10950e-07 6.27835e-07 4.61420e-07 2.16281e-07
 1.58147e-08-6.06954e-08-1.68636e-08 7.25369e-08 1.18762e-07 8.29810e-08
-8.41432e-10-6.32713e-08-6.44824e-08-2.58925e-08 1.23761e-09-6.88555e-09
-2.87227e-08-3.38893e-08-2.06758e-08-8.13339e-09-4.99613e-09-3.85881e-09
 3.92280e-10 4.15727e-09 5.39429e-09 6.41351e-09 7.36932e-09 6.66718e-09
 5.29587e-09 4.54589e-09 3.57226e-09 2.14625e-09 1.14052e-09 2.52506e-10
-9.93669e-10-2.04945e-09-2.84053e-09-3.68815e-09-4.25224e-09-4.43567e-09
-4.56051e-09-4.50393e-09-4.22084e-09-3.94869e-09-3.59084e-09-3.09417e-09
-2.61208e-09-2.08210e-09-1.50968e-09-1.00236e-09-4.80149e-10 5.49492e-11
 5.39624e-10 1.01837e-09 1.44409e-09 1.77326e-09 2.02754e-09 2.16722e-09
 2.22284e-09 2.24605e-09 2.20666e-09 2.10963e-09 1.95876e-09 1.74352e-09
 1.48410e-09 1.18907e-09 8.79834e-10 5.68466e-10 2.51036e-10-4.97763e-11
-3.31847e-10-5.93162e-10-8.09268e-10-9.78853e-10-1.10246e-09-1.16019e-09
-1.14210e-09-1.08243e-09-1.01108e-09-8.91431e-10-6.86586e-10-4.19874e-10
-1.41484e-10 1.04913e-10 3.00143e-10 4.73074e-10 6.74217e-10 8.99130e-10
 1.08495e-09 1.18598e-09 1.21264e-09 1.20563e-09 1.19293e-09 1.15806e-09
 1.04149e-09 8.12064e-10 5.32909e-10 2.92359e-10 9.51421e-11-1.16545e-10
-3.78141e-10-6.72332e-10-9.46349e-10-1.16166e-09-1.33282e-09-1.49799e-09
-1.66373e-09-1.78284e-09-1.78740e-09-1.66599e-09-1.48134e-09-1.29183e-09
-1.09786e-09-8.61959e-10-5.54537e-10-1.99101e-10 1.41499e-10 4.39104e-10
 7.16659e-10 9.94490e-10 1.26016e-09 1.47189e-09 1.58478e-09 1.59502e-09
 1.53760e-09 1.44202e-09 1.31501e-09 1.14182e-09 9.03744e-10 6.16912e-10
 3.21523e-10 3.67989e-11-2.33794e-10-4.83966e-10-7.05812e-10-8.78297e-10
-9.76539e-10-1.00168e-09-9.70107e-10-8.94095e-10-7.88357e-10-6.60717e-10
-5.02275e-10-3.11302e-10-1.05064e-10 9.70439e-11 2.76875e-10 4.15732e-10
 5.05362e-10 5.42653e-10 5.17024e-10 4.20538e-10 2.54641e-10 2.15853e-11
-2.73633e-10-6.15525e-10-9.79487e-10-1.33815e-09-1.65747e-09-1.87992e-09
-1.93563e-09-1.78174e-09-1.40705e-09-8.23402e-10-9.05360e-11 6.93064e-10
 1.44398e-09 2.08914e-09 2.53290e-09 2.69737e-09 2.56917e-09 2.18729e-09
 1.64715e-09 1.10531e-09 7.11868e-10 5.62073e-10 7.26121e-10 1.24163e-09
 2.04473e-09 2.94438e-09 3.65384e-09 3.84734e-09 3.25904e-09 1.78459e-09
-4.98456e-10-3.37205e-09-6.49238e-09-9.38424e-09-1.15022e-08-1.23645e-08
-1.16859e-08-9.46781e-09-6.00607e-09-1.80305e-09 2.53984e-09 6.39173e-09
 9.16911e-09 1.04569e-08 1.01422e-08 8.47532e-09 5.99041e-09 3.32817e-09
 1.05377e-09-4.68784e-10-1.10469e-09-9.21253e-10-1.77288e-10 7.23774e-10
 1.36383e-09 1.45407e-09 9.39663e-10 1.80628e-11-9.69771e-10-1.68794e-09
-1.90378e-09-1.54812e-09-7.31922e-10 2.81785e-10 1.12796e-09 1.45190e-09
 1.06356e-09 1.72176e-11-1.40899e-09-2.80144e-09-3.75906e-09-4.02631e-09
-3.54860e-09-2.48249e-09-1.15537e-09 4.85418e-11 8.17616e-10 1.01324e-09
 7.23530e-10 2.20122e-10-1.65589e-10-1.67956e-10 3.13125e-10 1.16708e-09
 2.12328e-09 2.85756e-09 3.10347e-09 2.75796e-09 1.92963e-09 8.90981e-10
-2.33581e-11-5.39188e-10-5.56481e-10-1.83525e-10 3.21588e-10 6.54580e-10
 5.89123e-10 7.67641e-11-7.37057e-10-1.57476e-09-2.13587e-09-2.22517e-09
-1.83299e-09-1.12935e-09-3.95979e-10 8.74582e-11 1.68476e-10-1.17617e-10
-5.75505e-10-9.36653e-10-9.81366e-10-6.44123e-10-3.98943e-11 5.89268e-10
 9.79326e-10 9.68893e-10 5.76802e-10-1.26319e-11-5.33652e-10-7.55072e-10
-5.87825e-10-1.25762e-10 4.02511e-10 7.41294e-10 7.29425e-10 3.77501e-10
-1.41889e-10-5.77412e-10-7.15458e-10-4.83870e-10 1.53308e-11 5.66016e-10
 9.48514e-10 1.04487e-09 8.93861e-10 6.64025e-10 5.59412e-10 7.10624e-10
 1.09981e-09 1.55954e-09 1.85720e-09 1.81517e-09 1.39751e-09 7.27454e-10
 2.87286e-11-4.86894e-10-7.25500e-10-7.51696e-10-7.45571e-10-8.99719e-10
-1.31260e-09-1.93564e-09-2.59630e-09-3.08415e-09-3.25986e-09-3.12491e-09
-2.80742e-09-2.47606e-09-2.23639e-09-2.06931e-09-1.84522e-09-1.40301e-09
-6.49988e-10 3.68862e-10 1.47612e-09 2.44829e-09 3.13041e-09 3.50742e-09
 3.69771e-09 3.87708e-09 4.17085e-09 4.57221e-09 4.93723e-09 5.06380e-09
 4.80603e-09 4.14972e-09 3.20660e-09 2.14278e-09 1.08904e-09 8.17900e-11
-9.29754e-10-2.00848e-09-3.13710e-09-4.18141e-09-4.94127e-09-5.25622e-09
-5.09850e-09-4.60065e-09-4.00332e-09-3.54702e-09-3.35885e-09-3.39927e-09
-3.50492e-09-3.49220e-09-3.24458e-09-2.73451e-09-1.98455e-09-1.00644e-09
 2.32750e-10 1.77989e-09 3.60594e-09 5.52045e-09 7.17151e-09 8.15193e-09
 8.15027e-09 7.06563e-09 5.04389e-09 2.43122e-09-3.32102e-10-2.82822e-09
-4.73010e-09-5.80252e-09-5.88186e-09-4.89731e-09-2.93786e-09-3.10469e-10
 2.46906e-09 4.77646e-09 6.05169e-09 5.98202e-09 4.60731e-09 2.28706e-09
-4.43943e-10-3.03617e-09-5.03099e-09-6.11123e-09-6.12337e-09-5.08668e-09
-3.20226e-09-8.63845e-10 1.36994e-09 2.90159e-09 3.31717e-09 2.61221e-09
 1.31212e-09 3.06759e-10
     0.0000e+00     0.0000e+00      0  0  0.00
     512   1.00000  0.0000e+00
 3.53620e-10 2.31075e-10 1.10802e-10 2.90468e-11 3.68361e-12 1.95832e-11
 3.11358e-11-1.73249e-11-1.63304e-10-4.06130e-10-7.07617e-10-1.01331e-09
-1.28045e-09-1.49516e-09-1.67023e-09-1.82618e-09-1.96418e-09-2.04051e-09
-1.95315e-09-1.55141e-09-6.74463e-10 7.80787e-10 2.77484e-09 5.06395e-09
 7.21584e-09 8.71682e-09 9.12581e-09 8.21255e-09 6.03582e-09 2.94327e-09
-5.03302e-10-3.65873e-09-5.95057e-09-7.01841e-09-6.79586e-09-5.51425e-09
-3.63051e-09-1.69516e-09-1.88729e-10 6.18420e-10 7.13731e-10 2.74941e-10
-4.56301e-10-1.28231e-09-2.10301e-09-2.91694e-09-3.78199e-09-4.75664e-09
-5.85120e-09-7.01059e-09-8.12776e-09-9.07214e-09-9.71987e-09-9.98483e-09
-9.85306e-09-9.41296e-09-8.86586e-09-8.50186e-09-8.63109e-09-9.46950e-09
-1.09890e-08-1.27564e-08-1.38090e-08-1.26354e-08-7.35236e-09 3.83074e-09
 2.18102e-08 4.55310e-08 7.09009e-08 9.05327e-08 9.71563e-08 8.96566e-08
 7.14954e-08 4.32691e-08 6.04437e-09-3.16841e-08-5.93826e-08-7.08055e-08
-6.37819e-08-4.06196e-08-8.04320e-09 2.42506e-08 4.56237e-08 4.94939e-08
 3.79235e-08 2.05159e-08 8.50185e-09 7.68819e-09 1.40992e-08 1.63137e-08
 4.06516e-09-2.38800e-08-5.96097e-08-9.30089e-08-1.17592e-07-1.30329e-07
-1.29764e-07-1.17384e-07-9.98833e-08-8.69493e-08-8.57133e-08-9.82573e-08
-1.23397e-07-1.56872e-07-1.87058e-07-1.95016e-07-1.63981e-07-8.48199e-08
 4.72893e-08 2.30652e-07 4.49393e-07 6.71110e-07 8.48400e-07 9.24846e-07
 8.50924e-07 6.05467e-07 2.12666e-07-2.53752e-07-6.84353e-07-9.65603e-07
-1.02066e-06-8.42386e-07-5.01979e-07-1.25370e-07 1.57571e-07 2.69580e-07
 2.19399e-07 9.09875e-08-9.31554e-09-1.75110e-08 5.28195e-08 1.30651e-07
 1.49552e-07 1.01438e-07 3.58414e-08 6.26495e-09 1.86160e-08 3.58441e-08
 2.78765e-08 3.31304e-09-1.21217e-08-1.20527e-08-9.54393e-09-1.17405e-08
-1.33554e-08-1.14151e-08-9.48115e-09-8.52254e-09-6.36141e-09-3.79922e-09
-2.58865e-09-1.59650e-09-5.93484e-11 8.68604e-10 1.28358e-09 1.97952e-09
 2.36597e-09 2.23006e-09 2.23999e-09 2.18284e-09 1.78957e-09 1.53767e-09
 1.38097e-09 1.08204e-09 9.34495e-10 9.09274e-10 8.34289e-10 8.87344e-10
 9.65293e-10 9.09243e-10 8.63599e-10 7.71029e-10 5.74406e-10 4.10450e-10
 2.55179e-10 1.18440e-10 4.66343e-11-7.27777e-11-2.44284e-10-4.45546e-10
-7.36010e-10-1.05948e-09-1.36152e-09-1.61915e-09-1.78504e-09-1.88777e-09
-1.94447e-09-1.94602e-09-1.89991e-09-1.78963e-09-1.63961e-09-1.46867e-09
-1.25469e-09-1.01177e-09-7.47652e-10-4.47178e-10-1.09952e-10 2.41640e-10
 5.82820e-10 9.07709e-10 1.18793e-09 1.38981e-09 1.52025e-09 1.59945e-09
 1.64669e-09 1.67609e-09 1.66469e-09 1.55699e-09 1.34484e-09 1.09421e-09
 8.59024e-10 6.32479e-10 3.87110e-10 1.17579e-10-1.53500e-10-3.89201e-10
-5.67797e-10-7.11564e-10-8.59123e-10-1.00680e-09-1.11079e-09-1.13292e-09
-1.06316e-09-9.30816e-10-7.82487e-10-6.18969e-10-4.07766e-10-1.58229e-10
 7.94547e-11 2.70437e-10 4.31809e-10 6.17080e-10 8.37906e-10 1.03862e-09
 1.16477e-09 1.19681e-09 1.14183e-09 1.02637e-09 8.60125e-10 6.26643e-10
 3.24117e-10-2.07357e-11-3.61418e-10-6.57559e-10-9.22413e-10-1.20086e-09
-1.49453e-09-1.75470e-09-1.92732e-09-1.98804e-09-1.94731e-09-1.81542e-09
-1.58390e-09-1.25427e-09-8.49364e-10-3.92401e-10 9.83688e-11 6.01080e-10
 1.09924e-09 1.58903e-09 2.06045e-09 2.48175e-09 2.80871e-09 3.00704e-09
 3.06868e-09 2.99794e-09 2.79492e-09 2.47253e-09 2.05620e-09 1.55176e-09
 9.50816e-10 2.60035e-10-4.99430e-10-1.29608e-09-2.08870e-09-2.83847e-09
-3.49676e-09-3.99036e-09-4.25970e-09-4.29017e-09-4.08376e-09-3.64471e-09
-3.00174e-09-2.19703e-09-1.26892e-09-2.84980e-10 6.45573e-10 1.42510e-09
 2.00288e-09 2.35983e-09 2.50751e-09 2.50442e-09 2.44330e-09 2.43338e-09
 2.58437e-09 2.94645e-09 3.45814e-09 3.98039e-09 4.35068e-09 4.38780e-09
 3.90913e-09 2.79027e-09 1.00752e-09-1.33385e-09-3.96694e-09-6.49458e-09
-8.49529e-09-9.60235e-09-9.52848e-09-8.11655e-09-5.42915e-09-1.79879e-09
 2.19739e-09 5.84713e-09 8.49475e-09 9.70401e-09 9.30759e-09 7.40924e-09
 4.37149e-09 7.62551e-10-2.73124e-09-5.45130e-09-6.94817e-09-7.08218e-09
-6.01354e-09-4.12412e-09-1.89901e-09 1.73013e-10 1.68517e-09 2.43033e-09
 2.46898e-09 2.08369e-09 1.66216e-09 1.53290e-09 1.83247e-09 2.48818e-09
 3.26383e-09 3.83425e-09 3.89281e-09 3.24244e-09 1.86986e-09-4.99778e-12
-1.98175e-09-3.61669e-09-4.56090e-09-4.66862e-09-4.03382e-09-2.93579e-09
-1.74808e-09-8.31539e-10-4.15089e-10-5.19760e-10-9.58952e-10-1.40881e-09
-1.53893e-09-1.15291e-09-2.63554e-10 9.20920e-10 2.07526e-09 2.87497e-09
 3.11583e-09 2.78470e-09 2.06565e-09 1.27474e-09 7.27019e-10 6.06566e-10
 9.03957e-10 1.42371e-09 1.86290e-09 1.93865e-09 1.50046e-09 5.91475e-10
-5.59388e-10-1.62800e-09-2.32348e-09-2.49402e-09-2.18398e-09-1.61284e-09
-1.07509e-09-8.17244e-10-9.41383e-10-1.36553e-09-1.86364e-09-2.16712e-09
-2.08067e-09-1.56988e-09-7.80264e-10 3.30780e-11 6.27421e-10 8.79813e-10
 8.39305e-10 7.03256e-10 7.19631e-10 1.06294e-09 1.74278e-09 2.58364e-09
 3.29408e-09 3.59739e-09 3.35375e-09 2.62003e-09 1.62590e-09 6.69575e-10
-1.68278e-11-3.60280e-10-4.59279e-10-5.16814e-10-7.27238e-10-1.17392e-09
-1.78713e-09-2.38200e-09-2.75879e-09-2.81137e-09-2.58198e-09-2.23377e-09
-1.96031e-09-1.88025e-09-1.97055e-09-2.07153e-09-1.96218e-09-1.47268e-09
-5.78251e-10 5.77598e-10 1.74097e-09 2.65397e-09 3.16139e-09 3.26764e-09
 3.11276e-09 2.88439e-09 2.71828e-09 2.63790e-09 2.56083e-09 2.36402e-09
 1.96673e-09 1.38620e-09 7.37388e-10 1.71314e-10-2.17306e-10-4.52550e-10
-6.66235e-10-1.01973e-09-1.60327e-09-2.36709e-09-3.12414e-09-3.62860e-09
-3.69351e-09-3.28396e-09-2.53213e-09-1.66640e-09-8.97520e-10-3.24443e-10
 9.12433e-11 4.69202e-10 9.07312e-10 1.40028e-09 1.83536e-09 2.06546e-09
 2.00669e-09 1.69562e-09 1.27317e-09 9.06187e-10 6.91056e-10 5.98602e-10
 5.02854e-10 2.81210e-10-8.27311e-11-4.69615e-10-6.93823e-10-6.27879e-10
-3.00850e-10 9.28486e-11 2.85446e-10 7.90061e-11-5.44717e-10-1.41008e-09
-2.22811e-09-2.71622e-09-2.69111e-09-2.09911e-09-9.88613e-10 5.39679e-10
 2.35256e-09 4.24764e-09 5.90006e-09 6.87172e-09 6.72622e-09 5.21057e-09
 2.40490e-09-1.24702e-09-5.04547e-09-8.23342e-09-1.02036e-08-1.06328e-08
-9.50690e-09-7.06406e-09-3.71301e-09 3.34366e-11 3.61116e-09 6.46936e-09
 8.16471e-09 8.47536e-09 7.48656e-09 5.57758e-09 3.28469e-09 1.10556e-09
-6.43527e-10-1.84939e-09-2.52295e-09-2.70077e-09-2.40440e-09-1.69424e-09
-8.08792e-10-1.84311e-10
