      10
(6e12.5)
     0.0000e+00     0.0000e+00      0  0  0.00
     512   1.00000  0.0000e+00
-6.05754e-09-6.73427e-09-7.27916e-09-7.49648e-09-7.20287e-09-6.31025e-09
-4.86725e-09-3.03111e-09-9.91295e-10 1.10371e-09 3.17781e-09 5.21615e-09
 7.23473e-09 9.24900e-09 1.12463e-08 1.31659e-08 1.48961e-08 1.62974e-08
 1.72438e-08 1.76595e-08 1.75257e-08 1.68550e-08 1.56581e-08 1.39373e-08
 1.17075e-08 9.02404e-09 5.99164e-09 2.74122e-09-6.14538e-10-4.01340e-09
-7.43416e-09-1.08537e-08-1.42078e-08-1.73837e-08-2.02386e-08-2.26264e-08
-2.44212e-08-2.55359e-08-2.59371e-08-2.56437e-08-2.47058e-08-2.31713e-08
-2.10644e-08-1.83947e-08-1.51984e-08-1.15809e-08-7.72098e-09-3.82120e-09
-3.16018e-11 3.60614e-09 7.16264e-09 1.07753e-08 1.45811e-08 1.86570e-08
 2.29834e-08 2.74393e-08 3.18343e-08 3.59669e-08 3.96884e-08 4.29440e-08
 4.57726e-08 4.82742e-08 5.05715e-08 5.27853e-08 5.50002e-08 5.71689e-08
 5.89525e-08 5.95676e-08 5.77685e-08 5.20625e-08 4.11690e-08 2.45308e-08
 2.59094e-09-2.31951e-08-5.05357e-08-7.67655e-08-9.94214e-08-1.16671e-07
-1.27759e-07-1.33397e-07-1.35619e-07-1.37003e-07-1.39628e-07-1.44279e-07
-1.50460e-07-1.57441e-07-1.65863e-07-1.78758e-07-2.00805e-07-2.35474e-07
-2.81014e-07-3.27141e-07-3.54148e-07-3.35320e-07-2.42903e-07-5.72470e-08
 2.23805e-07 5.81132e-07 9.75999e-07 1.35174e-06 1.64345e-06 1.79841e-06
 1.77567e-06 1.52783e-06 1.01821e-06 2.55895e-07-6.95952e-07-1.70280e-06
-2.54459e-06-2.97365e-06-2.81117e-06-2.02478e-06-7.81371e-07 5.62741e-07
 1.57296e-06 1.91744e-06 1.52329e-06 6.22702e-07-3.31684e-07-8.75939e-07
-7.87066e-07-2.09355e-07 4.43252e-07 7.53982e-07 5.73830e-07 1.07640e-07
-2.59256e-07-2.69305e-07 1.21011e-08 2.81600e-07 2.87959e-07 5.83604e-08
-1.55406e-07-1.51351e-07 1.84712e-08 1.31766e-07 6.32408e-08-8.15858e-08
-1.19328e-07-2.46154e-08 5.59164e-08 1.66052e-08-6.92601e-08-7.32085e-08
-2.01974e-09 2.95238e-08-1.42994e-08-4.54641e-08-8.92408e-09 3.14886e-08
 1.47074e-08-1.48313e-08-1.95444e-10 2.50366e-08 1.20353e-08-9.89948e-09
-1.24274e-09 1.00139e-08-4.38615e-09-1.61326e-08-8.80553e-09-8.65124e-09
-1.87549e-08-1.69978e-08-9.66080e-09-9.46957e-09-6.13991e-09 2.25044e-09
 6.81995e-09 1.01382e-08 1.42815e-08 1.55450e-08 1.44907e-08 1.22758e-08
 8.19375e-09 2.82046e-09-2.93840e-09-8.51163e-09-1.30500e-08-1.57577e-08
-1.61537e-08-1.40730e-08-9.76850e-09-3.91367e-09 2.52743e-09 8.47246e-09
 1.29262e-08 1.51561e-08 1.48185e-08 1.20420e-08 7.42953e-09 1.95786e-09
-3.22939e-09-7.07275e-09-8.80823e-09-8.11524e-09-5.17502e-09-6.34464e-10
 4.51662e-09 9.14857e-09 1.22252e-08 1.30168e-08 1.12649e-08 7.26388e-09
 1.81834e-09-3.93838e-09-8.81545e-09-1.18440e-08-1.24857e-08-1.07363e-08
-7.12871e-09-2.62395e-09 1.61521e-09 4.51799e-09 5.38003e-09 4.04061e-09
 9.24467e-10-3.06167e-09-6.76529e-09-9.09858e-09-9.33009e-09-7.27716e-09
-3.35490e-09 1.52245e-09 6.16627e-09 9.43468e-09 1.05701e-08 9.42032e-09
 6.46111e-09 2.64267e-09-8.76693e-10-3.05269e-09-3.26109e-09-1.48752e-09
 1.66728e-09 5.15865e-09 7.80169e-09 8.64097e-09 7.26821e-09 3.95949e-09
-4.21019e-10-4.70333e-09-7.77720e-09-8.93391e-09-8.08271e-09-5.76819e-09
-2.98584e-09-8.57122e-10-2.56981e-10-1.50655e-09-4.24269e-09-7.52772e-09
-1.01662e-08-1.11132e-08-9.83858e-09-6.52529e-09-2.01954e-09 2.45988e-09
 5.74903e-09 7.14660e-09 6.64887e-09 4.92292e-09 3.03469e-09 2.03971e-09
 2.58732e-09 4.68255e-09 7.68106e-09 1.05018e-08 1.19932e-08 1.13547e-08
 8.46563e-09 3.96990e-09-9.37804e-10-4.95261e-09-7.15574e-09-7.35376e-09
-6.11262e-09-4.48259e-09-3.53514e-09-3.89983e-09-5.49721e-09-7.57875e-09
-9.04089e-09-8.87961e-09-6.61596e-09-2.51826e-09 2.48374e-09 7.14873e-09
 1.03781e-08 1.15941e-08 1.09006e-08 8.97485e-09 6.74823e-09 5.01045e-09
 4.08986e-09 3.73657e-09 3.26743e-09 1.91648e-09-7.71540e-10-4.68591e-09
-9.13893e-09-1.30987e-08-1.55710e-08-1.59694e-08-1.43134e-08-1.11784e-08
-7.43197e-09-3.86611e-09-8.80369e-10 1.61676e-09 4.02951e-09 6.72970e-09
 9.74175e-09 1.26168e-08 1.45627e-08 1.47798e-08 1.28432e-08 8.93724e-09
 3.82141e-09-1.45356e-09-5.93085e-09-9.04951e-09-1.07377e-08-1.12681e-08
-1.09632e-08-9.93207e-09-8.00300e-09-4.89189e-09-5.04822e-10 4.80378e-09
 1.01709e-08 1.44190e-08 1.64498e-08 1.56789e-08 1.22957e-08 7.20171e-09
 1.65403e-09-3.20462e-09-6.69532e-09-8.67346e-09-9.33589e-09-8.92730e-09
-7.53472e-09-5.08710e-09-1.55637e-09 2.77014e-09 7.13773e-09 1.04353e-08
 1.15710e-08 9.94698e-09 5.78601e-09 1.33235e-10-5.48872e-09-9.62542e-09
-1.13862e-08-1.06674e-08-8.03439e-09-4.36556e-09-4.73582e-10 3.09660e-09
 6.02482e-09 8.03005e-09 8.73389e-09 7.72211e-09 4.80619e-09 3.23409e-10
-4.75424e-09-9.03954e-09-1.12176e-08-1.05795e-08-7.34159e-09-2.58319e-09
 2.18393e-09 5.60653e-09 6.95749e-09 6.27498e-09 4.15317e-09 1.36159e-09
-1.45365e-09-3.84700e-09-5.47984e-09-6.01704e-09-5.15614e-09-2.81656e-09
 6.30933e-10 4.29290e-09 6.97491e-09 7.65147e-09 5.95968e-09 2.43287e-09
-1.69091e-09-5.00493e-09-6.52906e-09-6.06282e-09-4.15063e-09-1.72253e-09
 3.63235e-10 1.61878e-09 1.94949e-09 1.49202e-09 4.53419e-10-9.29322e-10
-2.31947e-09-3.21925e-09-3.06657e-09-1.52354e-09 1.20929e-09 4.30552e-09
 6.58537e-09 7.04796e-09 5.38472e-09 2.18428e-09-1.30508e-09-3.74283e-09
-4.28832e-09-2.91089e-09-2.91730e-10 2.56826e-09 4.77114e-09 5.75901e-09
 5.33563e-09 3.59448e-09 8.82669e-10-2.17791e-09-4.71305e-09-5.79074e-09
-4.79428e-09-1.79685e-09 2.31674e-09 6.13074e-09 8.29515e-09 8.13274e-09
 5.91843e-09 2.68046e-09-3.48599e-10-2.30302e-09-2.96549e-09-2.66807e-09
-1.96769e-09-1.34093e-09-1.05735e-09-1.21931e-09-1.83075e-09-2.78291e-09
-3.79202e-09-4.42680e-09-4.30597e-09-3.37799e-09-2.07339e-09-1.15889e-09
-1.31307e-09-2.66409e-09-4.60856e-09-6.07313e-09-6.08621e-09-4.31900e-09
-1.27351e-09 1.97622e-09 4.30390e-09 4.99352e-09 3.92660e-09 1.49876e-09
-1.58195e-09-4.48550e-09-6.42328e-09-6.82794e-09-5.55023e-09-2.98333e-09
 2.11235e-11 2.49698e-09 3.82529e-09 4.03518e-09 3.73247e-09 3.68381e-09
 4.32436e-09 5.51683e-09 6.70715e-09 7.33217e-09 7.17463e-09 6.44667e-09
 5.60879e-09 5.09153e-09 5.09032e-09 5.50542e-09 5.99286e-09 6.05788e-09
 5.17933e-09 3.00366e-09-4.15239e-10-4.47367e-09-8.13915e-09-1.03627e-08
-1.05930e-08-9.07474e-09-6.71062e-09-4.55440e-09-3.26240e-09-2.84802e-09
-2.83998e-09-2.66434e-09-1.96998e-09-7.30816e-10 8.40740e-10 2.41813e-09
 3.63051e-09 4.12037e-09 3.66218e-09 2.32041e-09 5.38024e-10-9.23200e-10
-1.15435e-09-4.22945e-10
     0.0000e+00     0.0000e+00      0  0  0.00
     512   1.00000  0.0000e+00
-1.89851e-09-1.44726e-09-7.93951e-10 1.82776e-11 9.16765e-10 1.80970e-09
 2.59804e-09 3.18909e-09 3.51036e-09 3.52052e-09 3.21196e-09 2.60309e-09
 1.72613e-09 6.18901e-10-6.75246e-10-2.09665e-09-3.54091e-09-4.81274e-09
-5.58425e-09-5.39938e-09-3.76239e-09-3.23491e-10 4.87167e-09 1.11836e-08
 1.73950e-08 2.20002e-08 2.36444e-08 2.15315e-08 1.56850e-08 6.99693e-09
-2.96140e-09-1.23199e-08-1.93631e-08-2.29263e-08-2.26419e-08-1.89845e-08
-1.31086e-08-6.51800e-09-6.42474e-10 3.54658e-09 5.71813e-09 6.07776e-09
 5.09434e-09 3.26217e-09 9.89956e-10-1.41530e-09-3.71926e-09-5.72218e-09
-7.24168e-09-8.12345e-09-8.26320e-09-7.62649e-09-6.26880e-09-4.35640e-09
-2.17104e-09-7.20661e-11 1.59449e-09 2.60994e-09 2.95622e-09 2.79643e-09
 2.37459e-09 1.90572e-09 1.52314e-09 1.29730e-09 1.29370e-09 1.62103e-09
 2.43473e-09 3.88889e-09 6.04579e-09 8.75585e-09 1.15497e-08 1.36901e-08
 1.45416e-08 1.40221e-08 1.25857e-08 1.07344e-08 8.72433e-09 6.71991e-09
 4.99350e-09 3.88136e-09 3.54401e-09 3.74003e-09 3.92733e-09 3.80234e-09
 3.92226e-09 5.85133e-09 1.15060e-08 2.18162e-08 3.52407e-08 4.68799e-08
 4.87941e-08 3.17336e-08-1.19318e-08-8.44839e-08-1.78670e-07-2.74033e-07
-3.38251e-07-3.39590e-07-2.65541e-07-1.30746e-07 3.07719e-08 1.78484e-07
 2.83940e-07 3.53138e-07 4.17722e-07 4.86198e-07 5.18754e-07 4.61059e-07
 2.86688e-07 1.20962e-08-3.04431e-07-5.78439e-07-7.24295e-07-6.75961e-07
-4.17313e-07-2.07853e-08 3.53950e-07 5.34454e-07 4.42299e-07 1.46442e-07
-1.76725e-07-3.45397e-07-2.79559e-07-5.09415e-08 1.67030e-07 2.24304e-07
 1.03820e-07-7.24902e-08-1.50975e-07-7.88416e-08 5.63573e-08 1.19011e-07
 6.04968e-08-3.97520e-08-6.91939e-08-7.52547e-09 5.94338e-08 5.03966e-08
-1.34870e-08-4.49500e-08-9.42495e-09 3.44492e-08 2.44976e-08-1.72235e-08
-2.52414e-08 7.40734e-09 2.48958e-08 2.63394e-09-1.73721e-08-3.52552e-09
 1.38303e-08 2.76610e-09-1.36346e-08-5.84949e-09 7.20567e-09 3.25890e-10
-9.42945e-09-2.88632e-09 2.94949e-09-4.12920e-09-6.86568e-09 1.57563e-11
 1.31100e-09-1.42745e-09 2.07550e-09 5.19350e-09 3.45877e-09 3.26866e-09
 3.65202e-09 1.53542e-09-1.51156e-10-9.88034e-10-2.25112e-09-3.10371e-09
-3.40590e-09-3.54299e-09-3.30928e-09-2.65519e-09-1.67970e-09-4.35427e-10
 9.23730e-10 2.19682e-09 3.22748e-09 3.87948e-09 4.01963e-09 3.53631e-09
 2.41941e-09 8.50627e-10-8.36091e-10-2.30047e-09-3.32563e-09-3.82970e-09
-3.77682e-09-3.13615e-09-1.93952e-09-3.64684e-10 1.25843e-09 2.56210e-09
 3.28405e-09 3.33976e-09 2.80249e-09 1.83893e-09 6.66800e-10-4.59727e-10
-1.27063e-09-1.53713e-09-1.15401e-09-1.97691e-10 1.08050e-09 2.32739e-09
 3.18658e-09 3.38559e-09 2.80304e-09 1.50850e-09-2.43546e-10-2.07410e-09
-3.57531e-09-4.41427e-09-4.42182e-09-3.63698e-09-2.28690e-09-7.21268e-10
 6.64339e-10 1.51174e-09 1.59762e-09 9.20528e-10-2.76188e-10-1.57905e-09
-2.55066e-09-2.87422e-09-2.43363e-09-1.32385e-09 1.75521e-10 1.65633e-09
 2.69243e-09 2.98615e-09 2.47105e-09 1.31632e-09-1.41954e-10-1.49240e-09
-2.35018e-09-2.46928e-09-1.82876e-09-6.47084e-10 6.81560e-10 1.71021e-09
 2.09677e-09 1.73967e-09 8.12813e-10-3.22574e-10-1.26805e-09-1.72351e-09
-1.57000e-09-8.86831e-10 9.05212e-11 1.04517e-09 1.66264e-09 1.71854e-09
 1.16236e-09 1.64571e-10-9.16711e-10-1.66403e-09-1.77849e-09-1.21510e-09
-1.97113e-10 8.96780e-10 1.70808e-09 2.04802e-09 1.95321e-09 1.62979e-09
 1.33070e-09 1.24312e-09 1.43686e-09 1.86770e-09 2.40395e-09 2.85873e-09
 3.03510e-09 2.79377e-09 2.12530e-09 1.17738e-09 2.03466e-10-5.45425e-10
-9.31224e-10-9.93135e-10-9.32114e-10-1.00864e-09-1.39776e-09-2.07959e-09
-2.82620e-09-3.29647e-09-3.19797e-09-2.43680e-09-1.17983e-09 1.99715e-10
 1.27091e-09 1.73068e-09 1.54387e-09 9.60206e-10 3.90458e-10 2.02755e-10
 5.34199e-10 1.20231e-09 1.77063e-09 1.75942e-09 9.01615e-10-6.98047e-10
-2.58657e-09-4.15503e-09-4.90875e-09-4.68319e-09-3.69136e-09-2.39005e-09
-1.26035e-09-6.14294e-10-4.88044e-10-6.47180e-10-7.10263e-10-3.49637e-10
 5.28222e-10 1.71944e-09 2.80149e-09 3.30763e-09 2.93192e-09 1.69373e-09
-2.82456e-11-1.64748e-09-2.64339e-09-2.79198e-09-2.21765e-09-1.26677e-09
-3.10650e-10 4.14059e-10 8.73452e-10 1.19709e-09 1.55140e-09 1.99646e-09
 2.41853e-09 2.58180e-09 2.26009e-09 1.36558e-09 1.75141e-11-1.46136e-09
-2.62430e-09-3.05914e-09-2.57890e-09-1.33145e-09 2.67023e-10 1.74931e-09
 2.81791e-09 3.42252e-09 3.67071e-09 3.67166e-09 3.43481e-09 2.87830e-09
 1.92138e-09 5.91238e-10-9.21399e-10-2.28976e-09-3.15515e-09-3.26893e-09
-2.61512e-09-1.45330e-09-2.38603e-10 5.70116e-10 7.22534e-10 2.80493e-10
-4.52896e-10-1.12354e-09-1.50484e-09-1.55722e-09-1.35506e-09-9.60826e-10
-3.55511e-10 5.21660e-10 1.66017e-09 2.87736e-09 3.81221e-09 4.04823e-09
 3.31586e-09 1.66100e-09-5.20632e-10-2.61312e-09-4.02507e-09-4.43454e-09
-3.89987e-09-2.77480e-09-1.49701e-09-3.96507e-10 3.73957e-10 7.90055e-10
 8.67693e-10 6.17081e-10 6.95293e-11-6.51457e-10-1.27949e-09-1.44689e-09
-8.46962e-10 5.56428e-10 2.42417e-09 4.14559e-09 5.10237e-09 4.93677e-09
 3.68649e-09 1.73656e-09-3.72167e-10-2.16945e-09-3.39362e-09-3.98756e-09
-4.00382e-09-3.51875e-09-2.61947e-09-1.45352e-09-2.72801e-10 6.07790e-10
 9.55069e-10 7.77370e-10 3.60843e-10 1.24099e-10 3.76568e-10 1.13697e-09
 2.11993e-09 2.89368e-09 3.11975e-09 2.73622e-09 1.97090e-09 1.17860e-09
 6.17096e-10 3.13738e-10 1.01345e-10-2.24369e-10-7.59893e-10-1.46878e-09
-2.26310e-09-3.08378e-09-3.89270e-09-4.58971e-09-4.94608e-09-4.64377e-09
-3.43563e-09-1.34478e-09 1.23299e-09 3.62414e-09 5.15273e-09 5.45432e-09
 4.64191e-09 3.21586e-09 1.77675e-09 7.36246e-10 2.02292e-10 5.83491e-11
 1.14778e-10 2.04820e-10 1.92946e-10-5.07224e-11-6.41615e-10-1.61566e-09
-2.85102e-09-4.05218e-09-4.84226e-09-4.93541e-09-4.29030e-09-3.12828e-09
-1.77702e-09-4.43691e-10 8.97697e-10 2.40930e-09 4.16968e-09 6.01293e-09
 7.54261e-09 8.29796e-09 7.96091e-09 6.49556e-09 4.16996e-09 1.46888e-09
-1.06270e-09-2.98966e-09-4.10731e-09-4.47064e-09-4.34171e-09-4.09123e-09
-4.07226e-09-4.48002e-09-5.25387e-09-6.09649e-09-6.61762e-09-6.50896e-09
-5.63629e-09-4.01945e-09-1.76995e-09 9.31371e-10 3.81256e-09 6.51696e-09
 8.68584e-09 1.00658e-08 1.05465e-08 1.01068e-08 8.73972e-09 6.44288e-09
 3.30293e-09-3.75969e-10-4.00658e-09-6.82043e-09-8.14582e-09-7.72794e-09
-5.88367e-09-3.36248e-09-9.83222e-10 7.11029e-10 1.55422e-09 1.61238e-09
 1.01629e-09 2.85921e-10
     0.0000e+00     0.0000e+00      0  0  0.00
     512   1.00000  0.0000e+00
-4.78971e-09-5.23632e-09-5.61071e-09-5.85688e-09-5.93220e-09-5.80351e-09
-5.43764e-09-4.79952e-09-3.85753e-09-2.59160e-09-1.00372e-09 8.72800e-10
 2.97252e-09 5.20342e-09 7.45120e-09 9.58600e-09 1.14810e-08 1.30352e-08
 1.41787e-08 1.48637e-08 1.50661e-08 1.48040e-08 1.41432e-08 1.31713e-08
 1.19608e-08 1.05508e-08 8.94741e-09 7.12722e-09 5.05029e-09 2.69722e-09
 1.15905e-10-2.56067e-09-5.13831e-09-7.40193e-09-9.15308e-09-1.02514e-08
-1.06548e-08-1.04288e-08-9.70820e-09-8.64107e-09-7.35146e-09-5.93334e-09
-4.46422e-09-3.02422e-09-1.70883e-09-6.25589e-10 1.19683e-10 4.30406e-10
 2.20422e-10-5.75202e-10-1.97768e-09-3.94596e-09-6.37136e-09-9.07804e-09
-1.18315e-08-1.43839e-08-1.65734e-08-1.84491e-08-2.03816e-08-2.31256e-08
-2.77654e-08-3.54403e-08-4.68003e-08-6.12716e-08-7.63280e-08-8.70408e-08
-8.62749e-08-6.59643e-08-1.97626e-08 5.30142e-08 1.43971e-07 2.36743e-07
 3.11616e-07 3.48501e-07 3.31638e-07 2.56449e-07 1.30500e-07-2.65902e-08
-1.80894e-07-2.91533e-07-3.28046e-07-2.85516e-07-1.89797e-07-8.82768e-08
-2.65084e-08-2.24500e-08-5.61070e-08-8.40356e-08-7.13716e-08-1.90142e-08
 3.70587e-08 5.53762e-08 2.31448e-08-3.30755e-08-6.95336e-08-5.95800e-08
-6.86977e-09 6.56006e-08 1.24462e-07 1.32630e-07 7.57469e-08-1.44460e-08
-8.32002e-08-9.95623e-08-6.57987e-08 1.25131e-08 1.38111e-07 2.98909e-07
 4.58660e-07 5.73832e-07 6.02175e-07 5.08067e-07 2.82964e-07-4.23096e-08
-4.06829e-07-7.32648e-07-9.39204e-07-9.68064e-07-8.08072e-07-5.03577e-07
-1.40969e-07 1.81612e-07 3.90810e-07 4.63311e-07 4.25438e-07 3.29264e-07
 2.22710e-07 1.31858e-07 6.30053e-08 1.75095e-08 5.89907e-10 1.22420e-08
 3.33409e-08 3.17828e-08-6.31066e-09-5.34663e-08-6.54218e-08-3.50598e-08
-4.38830e-09-9.23101e-09-3.17196e-08-3.28120e-08-1.24740e-08-7.02939e-10
-3.93248e-09-3.54664e-09 3.55867e-09 5.38946e-09 3.48345e-09 5.48679e-09
 6.83226e-09 4.22958e-09 3.63577e-09 4.60005e-09 2.35921e-09 4.09065e-10
 9.18582e-10-3.88575e-10-2.48267e-09-2.38960e-09-2.98019e-09-4.58695e-09
-4.63063e-09-4.78365e-09-5.58946e-09-5.15970e-09-4.68574e-09-4.54646e-09
-3.46115e-09-2.51482e-09-1.81421e-09-5.10009e-10 3.94682e-10 1.05941e-09
 1.94715e-09 2.23635e-09 2.35598e-09 2.47966e-09 2.10966e-09 1.80060e-09
 1.44752e-09 8.88672e-10 5.94496e-10 2.88012e-10 7.06744e-11 1.47320e-10
 2.31706e-10 5.05426e-10 8.37185e-10 1.04825e-09 1.26219e-09 1.27931e-09
 1.14698e-09 8.94686e-10 4.86080e-10 9.48186e-11-3.02509e-10-6.13283e-10
-7.53805e-10-7.48665e-10-5.66567e-10-2.96916e-10 1.66701e-11 3.20918e-10
 5.68418e-10 7.62234e-10 8.60990e-10 8.77253e-10 8.49235e-10 8.44172e-10
 9.34611e-10 1.14666e-09 1.45791e-09 1.79838e-09 2.11331e-09 2.36784e-09
 2.50854e-09 2.45072e-09 2.12702e-09 1.53865e-09 7.60959e-10-7.36341e-11
-8.45084e-10-1.50824e-09-2.06536e-09-2.50621e-09-2.80125e-09-2.94217e-09
-2.98371e-09-3.02200e-09-3.11188e-09-3.22073e-09-3.24893e-09-3.08856e-09
-2.70039e-09-2.13182e-09-1.44919e-09-6.89742e-10 1.16839e-10 9.08087e-10
 1.57498e-09 2.01002e-09 2.18686e-09 2.16890e-09 2.04535e-09 1.88041e-09
 1.69119e-09 1.45335e-09 1.14258e-09 7.58589e-10 3.12346e-10-1.85371e-10
-7.31839e-10-1.31731e-09-1.88503e-09-2.34302e-09-2.61876e-09-2.67846e-09
-2.53204e-09-2.23605e-09-1.85561e-09-1.42985e-09-9.82655e-10-5.34458e-10
-1.00111e-10 3.11478e-10 7.05541e-10 1.10183e-09 1.50601e-09 1.88886e-09
 2.19941e-09 2.38549e-09 2.41562e-09 2.30042e-09 2.08022e-09 1.79377e-09
 1.47051e-09 1.13541e-09 8.10147e-10 5.13149e-10 2.55005e-10 3.95903e-11
-1.28166e-10-2.34767e-10-2.44395e-10-1.09330e-10 1.76770e-10 5.50728e-10
 9.06102e-10 1.11704e-09 1.06442e-09 6.95137e-10 4.68535e-11-7.88620e-10
-1.67650e-09-2.43102e-09-2.86847e-09-2.87539e-09-2.42758e-09-1.59667e-09
-5.47643e-10 5.06425e-10 1.35053e-09 1.77723e-09 1.60089e-09 7.07719e-10
-8.85783e-10-3.00492e-09-5.33017e-09-7.44323e-09-8.90022e-09-9.31523e-09
-8.43631e-09-6.22680e-09-2.93152e-09 9.40151e-10 4.73066e-09 7.80578e-09
 9.71518e-09 1.02723e-08 9.54483e-09 7.80199e-09 5.45024e-09 2.97250e-09
 8.47290e-10-5.73878e-10-1.16759e-09-1.05043e-09-5.07850e-10 1.34693e-10
 6.29319e-10 8.38897e-10 7.30039e-10 3.78517e-10-4.24577e-11-2.99609e-10
-1.72251e-10 4.28857e-10 1.38757e-09 2.42520e-09 3.20910e-09 3.47015e-09
 3.08445e-09 2.08316e-09 6.35332e-10-9.70467e-10-2.39612e-09-3.36123e-09
-3.72554e-09-3.52882e-09-2.96226e-09-2.26892e-09-1.64401e-09-1.17435e-09
-8.19662e-10-4.60869e-10 1.45894e-11 6.57337e-10 1.43047e-09 2.20697e-09
 2.81165e-09 3.08157e-09 2.91419e-09 2.30996e-09 1.38617e-09 3.39307e-10
-6.15225e-10-1.31153e-09-1.69730e-09-1.84443e-09-1.90073e-09-2.02484e-09
-2.32048e-09-2.78892e-09-3.32338e-09-3.73658e-09-3.82036e-09-3.43505e-09
-2.57608e-09-1.38171e-09-9.28622e-11 1.03194e-09 1.81882e-09 2.22935e-09
 2.34365e-09 2.30868e-09 2.26707e-09 2.29358e-09 2.37389e-09 2.42112e-09
 2.32185e-09 2.00503e-09 1.48298e-09 8.30944e-10 1.43303e-10-5.00074e-10
-1.05668e-09-1.52360e-09-1.91784e-09-2.25213e-09-2.51327e-09-2.65375e-09
-2.60949e-09-2.33124e-09-1.81543e-09-1.12871e-09-4.02618e-10 2.13392e-10
 6.08208e-10 7.40114e-10 6.41190e-10 4.06165e-10 1.67696e-10 4.79760e-11
 9.46312e-11 2.51672e-10 4.01187e-10 4.38490e-10 3.24735e-10 1.02322e-10
-1.25222e-10-2.45067e-10-1.92242e-10 2.13314e-11 3.19339e-10 6.04723e-10
 8.07360e-10 9.14159e-10 9.74538e-10 1.06963e-09 1.24724e-09 1.47438e-09
 1.65826e-09 1.71101e-09 1.59111e-09 1.29829e-09 8.54781e-10 3.03522e-10
-2.90803e-10-8.60416e-10-1.35268e-09-1.72146e-09-1.91207e-09-1.86940e-09
-1.56238e-09-1.00575e-09-2.69894e-10 5.30876e-10 1.27677e-09 1.88913e-09
 2.34844e-09 2.66885e-09 2.86210e-09 2.93225e-09 2.88880e-09 2.73443e-09
 2.43445e-09 1.92812e-09 1.19196e-09 2.80472e-10-7.07123e-10-1.68745e-09
-2.61318e-09-3.45665e-09-4.20110e-09-4.84443e-09-5.38863e-09-5.81708e-09
-6.08301e-09-6.10763e-09-5.78366e-09-5.00204e-09-3.70184e-09-1.90185e-09
 3.11140e-10 2.80195e-09 5.37144e-09 7.73409e-09 9.55681e-09 1.05502e-08
 1.05246e-08 9.38182e-09 7.12087e-09 3.90355e-09 1.04186e-10-3.74801e-09
-7.10225e-09-9.49704e-09-1.06231e-08-1.03725e-08-8.86865e-09-6.43985e-09
-3.53963e-09-6.51712e-10 1.80354e-09 3.55482e-09 4.52470e-09 4.80487e-09
 4.59060e-09 4.12163e-09 3.61948e-09 3.19239e-09 2.76788e-09 2.15840e-09
 1.23695e-09 5.93196e-11-1.15606e-09-2.10784e-09-2.47984e-09-2.07759e-09
-1.10593e-09-2.69557e-10
     0.0000e+00     0.0000e+00      0  0  0.00
     512   1.00000  0.0000e+00
 4.27842e-09 5.44660e-09 6.66132e-09 7.69636e-09 8.33071e-09 8.42582e-09
 7.95890e-09 7.00344e-09 5.66855e-09 4.02532e-09 2.06589e-09-2.75210e-10
-3.06035e-09-6.29881e-09-9.92626e-09-1.37942e-08-1.76504e-08-2.11122e-08
-2.36490e-08-2.46077e-08-2.33266e-08-1.93668e-08-1.28120e-08-4.47134e-09
 4.20522e-09 1.15213e-08 1.60348e-08 1.69480e-08 1.42962e-08 8.92455e-09
 2.27481e-09-3.95315e-09-8.17686e-09-9.28791e-09-6.93415e-09-1.63325e-09
 5.36425e-09 1.24466e-08 1.81270e-08 2.14651e-08 2.22402e-08 2.08070e-08
 1.77734e-08 1.37383e-08 9.19560e-09 4.54915e-09 1.48554e-10-3.69562e-09
-6.71354e-09-8.69308e-09-9.52479e-09-9.26181e-09-8.14324e-09-6.54655e-09
-4.87494e-09-3.40191e-09-2.11840e-09-6.74397e-10 1.49855e-09 4.89664e-09
 9.59807e-09 1.49732e-08 1.95004e-08 2.07571e-08 1.57425e-08 1.69762e-09
-2.25636e-08-5.50021e-08-8.87917e-08-1.11552e-07-1.07973e-07-7.00671e-08
-8.82322e-09 5.19902e-08 9.77432e-08 1.28750e-07 1.44376e-07 1.35440e-07
 9.35194e-08 2.19754e-08-5.84620e-08-1.14850e-07-1.21252e-07-7.86781e-08
-1.72704e-08 2.25304e-08 1.68841e-08-2.47026e-08-6.52311e-08-6.67344e-08
-1.98454e-08 4.74524e-08 9.20018e-08 8.92188e-08 4.68087e-08-8.94334e-09
-5.33393e-08-7.12126e-08-5.56270e-08-1.12616e-08 3.69263e-08 5.54739e-08
 4.27613e-08 4.06535e-08 8.31427e-08 1.55939e-07 2.24704e-07 2.68287e-07
 2.62732e-07 1.72457e-07-1.75333e-08-2.84437e-07-5.75764e-07-8.07900e-07
-8.81292e-07-7.27829e-07-3.46221e-07 1.88035e-07 7.27976e-07 1.09279e-06
 1.13805e-06 8.25172e-07 2.57298e-07-3.43466e-07-7.26505e-07-7.38208e-07
-4.12661e-07 3.52571e-08 3.29234e-07 3.07494e-07 3.76499e-08-2.31790e-07
-2.72187e-07-7.45327e-08 1.46396e-07 1.75412e-07 2.53451e-08-9.75890e-08
-5.97701e-08 4.77345e-08 7.04581e-08 1.07828e-08-1.96349e-08 4.44545e-09
 1.52850e-08-3.23315e-09-7.38125e-09 3.47675e-09-7.96143e-10-9.16071e-09
-3.10008e-09 4.51654e-10-5.24442e-09-3.63813e-09 1.37151e-09-1.24290e-09
-1.61977e-09 2.56595e-09 1.59362e-09 3.58041e-10 2.98396e-09 2.21056e-09
 4.63310e-10 1.74257e-09 8.16701e-10-7.76446e-10 3.97818e-11-7.65270e-10
-1.87030e-09-1.27451e-09-2.03462e-09-2.54341e-09-1.79360e-09-2.10216e-09
-1.79961e-09-9.04803e-10-9.49842e-10-3.25907e-10 3.39553e-10 5.05508e-10
 1.35023e-09 1.81133e-09 2.03925e-09 2.51217e-09 2.36041e-09 2.26572e-09
 2.14584e-09 1.68088e-09 1.44895e-09 9.57852e-10 3.48004e-10-1.47299e-10
-7.23504e-10-9.87905e-10-1.14543e-09-1.21001e-09-1.08075e-09-9.61957e-10
-6.60675e-10-2.60926e-10 1.81689e-10 6.59018e-10 1.08135e-09 1.52281e-09
 1.87664e-09 2.09181e-09 2.13264e-09 1.99909e-09 1.83020e-09 1.67682e-09
 1.45245e-09 9.66865e-10 1.97669e-10-6.52952e-10-1.36647e-09-1.87997e-09
-2.33461e-09-2.90182e-09-3.55272e-09-3.99948e-09-3.97164e-09-3.51710e-09
-2.94728e-09-2.52517e-09-2.23532e-09-1.84534e-09-1.19571e-09-4.27368e-10
 1.19954e-10 2.45803e-10 9.17700e-11-2.99307e-11 1.02915e-11 4.46512e-11
-1.69841e-10-6.83433e-10-1.29667e-09-1.74554e-09-1.95123e-09-2.06144e-09
-2.24400e-09-2.48268e-09-2.57822e-09-2.34283e-09-1.79501e-09-1.13057e-09
-5.11026e-10 6.42790e-11 6.93044e-10 1.42554e-09 2.18383e-09 2.81802e-09
 3.23481e-09 3.45294e-09 3.55259e-09 3.59032e-09 3.54115e-09 3.32361e-09
 2.90108e-09 2.33688e-09 1.73952e-09 1.18819e-09 7.16320e-10 3.34318e-10
 5.43382e-11-9.76843e-11-8.45890e-11 1.20673e-10 5.03438e-10 1.01151e-09
 1.60109e-09 2.25409e-09 2.95717e-09 3.69719e-09 4.45065e-09 5.15186e-09
 5.70934e-09 6.05292e-09 6.12958e-09 5.89547e-09 5.34914e-09 4.52559e-09
 3.45457e-09 2.17466e-09 7.66634e-10-6.60378e-10-1.98341e-09-3.07240e-09
-3.83984e-09-4.27816e-09-4.41703e-09-4.28015e-09-3.91638e-09-3.44046e-09
-3.02503e-09-2.85489e-09-3.03461e-09-3.49322e-09-4.01820e-09-4.40401e-09
-4.52113e-09-4.25631e-09-3.47587e-09-2.08885e-09-1.61303e-10 1.98346e-09
 3.79457e-09 4.72652e-09 4.49111e-09 3.07888e-09 6.21456e-10-2.65791e-09
-6.36982e-09-9.89291e-09-1.24345e-08-1.32900e-08-1.21857e-08-9.40469e-09
-5.58396e-09-1.41124e-09 2.51806e-09 5.66254e-09 7.50838e-09 7.71176e-09
 6.33420e-09 3.95070e-09 1.46172e-09-3.38985e-10-1.11435e-09-9.83060e-10
-2.81970e-10 6.30433e-10 1.41309e-09 1.69768e-09 1.14255e-09-3.38434e-10
-2.37246e-09-4.20462e-09-5.06031e-09-4.54058e-09-2.75864e-09-1.77003e-10
 2.63283e-09 5.13840e-09 6.91020e-09 7.66647e-09 7.35943e-09 6.26970e-09
 4.95713e-09 4.02031e-09 3.81442e-09 4.28942e-09 5.02418e-09 5.44079e-09
 5.07154e-09 3.73559e-09 1.57969e-09-9.88561e-10-3.42196e-09-5.17232e-09
-5.85094e-09-5.38451e-09-4.07226e-09-2.48544e-09-1.23895e-09-7.26727e-10
-9.58895e-10-1.58871e-09-2.08394e-09-1.95890e-09-9.95195e-10 6.54856e-10
 2.53619e-09 4.06636e-09 4.74109e-09 4.31870e-09 2.91744e-09 9.81955e-10
-8.79844e-10-2.14532e-09-2.59468e-09-2.37786e-09-1.91688e-09-1.70076e-09
-2.04788e-09-2.94187e-09-4.03083e-09-4.78821e-09-4.75336e-09-3.73758e-09
-1.90797e-09 2.70255e-10 2.20793e-09 3.43127e-09 3.78136e-09 3.46258e-09
 2.91738e-09 2.59619e-09 2.73045e-09 3.21554e-09 3.65967e-09 3.57874e-09
 2.65394e-09 9.17253e-10-1.24613e-09-3.26456e-09-4.61623e-09-5.04574e-09
-4.66996e-09-3.89692e-09-3.19333e-09-2.83692e-09-2.78083e-09-2.69299e-09
-2.14959e-09-8.79033e-10 1.06668e-09 3.29362e-09 5.22031e-09 6.34038e-09
 6.45262e-09 5.73058e-09 4.60522e-09 3.53177e-09 2.75782e-09 2.20883e-09
 1.55754e-09 4.45965e-10-1.26850e-09-3.39063e-09-5.45402e-09-6.92839e-09
-7.46076e-09-7.03795e-09-5.97760e-09-4.73617e-09-3.64422e-09-2.73264e-09
-1.75364e-09-3.78379e-10 1.55806e-09 3.90945e-09 6.23710e-09 7.98669e-09
 8.75255e-09 8.47862e-09 7.45301e-09 6.10592e-09 4.75707e-09 3.45525e-09
 1.98572e-09 5.44988e-11-2.44192e-09-5.24762e-09-7.81879e-09-9.58511e-09
-1.02145e-08-9.73345e-09-8.46502e-09-6.82924e-09-5.11249e-09-3.33882e-09
-1.32750e-09 1.09118e-09 3.84722e-09 6.56360e-09 8.71176e-09 9.88269e-09
 9.99860e-09 9.34430e-09 8.39094e-09 7.49637e-09 6.67792e-09 5.63159e-09
 3.96989e-09 1.48138e-09-1.74604e-09-5.36580e-09-8.93605e-09-1.21182e-08
-1.47693e-08-1.68367e-08-1.81416e-08-1.82630e-08-1.66557e-08-1.29428e-08
-7.19765e-09-4.75362e-11 7.46332e-09 1.41920e-08 1.92517e-08 2.22198e-08
 2.30878e-08 2.20390e-08 1.92739e-08 1.50107e-08 9.59465e-09 3.58307e-09
-2.28549e-09-7.27572e-09-1.09264e-08-1.31933e-08-1.42909e-08-1.43449e-08
-1.31743e-08-1.04077e-08-5.87989e-09-9.47205e-11 5.48708e-09 8.56859e-09
 6.68978e-09 2.11142e-09
     0.0000e+00     0.0000e+00      0  0  0.00
     512   1.00000  0.0000e+00
 9.16245e-09 9.99201e-09 1.06174e-08 1.08820e-08 1.06826e-08 9.97876e-09
 8.76031e-09 7.01591e-09 4.73325e-09 1.92791e-09-1.32585e-09-4.88979e-09
-8.59277e-09-1.22771e-08-1.58233e-08-1.91406e-08-2.21464e-08-2.47429e-08
-2.67885e-08-2.80912e-08-2.84665e-08-2.78329e-08-2.62532e-08-2.38899e-08
-2.09363e-08-1.75758e-08-1.39631e-08-1.01943e-08-6.27983e-09-2.16437e-09
 2.20200e-09 6.78963e-09 1.14537e-08 1.59274e-08 1.98385e-08 2.27881e-08
 2.44901e-08 2.48790e-08 2.41062e-08 2.24490e-08 2.02126e-08 1.76798e-08
 1.51044e-08 1.27115e-08 1.06662e-08 9.02879e-09 7.75962e-09 6.80136e-09
 6.17849e-09 6.03479e-09 6.58183e-09 7.98753e-09 1.02577e-08 1.31572e-08
 1.62091e-08 1.88024e-08 2.03988e-08 2.07703e-08 2.02278e-08 1.98274e-08
 2.14428e-08 2.74700e-08 4.00149e-08 5.96602e-08 8.40733e-08 1.06806e-07
 1.16833e-07 9.96343e-08 4.05740e-08-6.90500e-08-2.23848e-07-3.97832e-07
-5.46843e-07-6.23754e-07-5.98233e-07-4.63948e-07-2.33207e-07 6.04020e-08
 3.54923e-07 5.73285e-07 6.54462e-07 5.81808e-07 3.96040e-07 1.83479e-07
 3.67191e-08 4.97607e-09 6.60607e-08 1.42866e-07 1.58454e-07 9.27508e-08
-3.79075e-09-5.27575e-08-1.38082e-08 8.12021e-08 1.58726e-07 1.66813e-07
 1.02008e-07-1.02864e-08-1.27521e-07-1.96559e-07-1.99867e-07-1.84313e-07
-2.05141e-07-2.64414e-07-3.32771e-07-4.02130e-07-4.78054e-07-5.37915e-07
-5.38980e-07-4.53048e-07-2.70762e-07-6.78857e-09 2.83371e-07 5.20009e-07
 6.42445e-07 6.36363e-07 5.35006e-07 4.03748e-07 3.13072e-07 3.03355e-07
 3.56946e-07 3.99318e-07 3.35492e-07 1.08508e-07-2.46895e-07-5.93413e-07
-7.52591e-07-6.18671e-07-2.50674e-07 1.34854e-07 2.96261e-07 1.53102e-07
-1.29875e-07-2.72108e-07-1.40676e-07 1.10119e-07 2.09288e-07 8.45363e-08
-6.79405e-08-6.11732e-08 4.33680e-08 7.27906e-08 1.28419e-08-1.92675e-08
 3.54599e-09 9.05296e-09-1.24994e-08-1.27743e-08-4.06927e-10-7.87089e-09
-1.52077e-08-5.64127e-09-2.74268e-09-8.09858e-09-2.69642e-09 3.13810e-09
 9.01756e-11 2.05331e-09 6.72958e-09 4.54321e-09 4.76095e-09 8.19933e-09
 6.64577e-09 6.13491e-09 8.05404e-09 6.11582e-09 4.97268e-09 5.70217e-09
 3.70536e-09 2.81679e-09 3.08768e-09 1.25828e-09 7.02446e-10 6.77038e-10
-6.15196e-10-4.40154e-10-3.77706e-10-1.05752e-09-6.79283e-10-9.93614e-10
-1.39592e-09-1.04480e-09-1.34437e-09-1.21926e-09-9.32264e-10-1.16753e-09
-1.00598e-09-1.18231e-09-1.42980e-09-1.36465e-09-1.61559e-09-1.64764e-09
-1.67948e-09-1.75773e-09-1.58961e-09-1.56177e-09-1.40194e-09-1.20041e-09
-1.06260e-09-8.75841e-10-8.24028e-10-7.06178e-10-5.17387e-10-3.01345e-10
-1.33237e-10-2.04223e-10-4.52223e-10-8.14942e-10-1.16677e-09-1.47546e-09
-1.82377e-09-2.24771e-09-2.70235e-09-3.02192e-09-3.11363e-09-3.02490e-09
-2.86137e-09-2.63407e-09-2.21701e-09-1.49032e-09-4.85210e-10 6.00667e-10
 1.57971e-09 2.42593e-09 3.21504e-09 3.95516e-09 4.52956e-09 4.80704e-09
 4.78708e-09 4.61584e-09 4.44592e-09 4.28450e-09 3.97786e-09 3.36635e-09
 2.47509e-09 1.51015e-09 6.49790e-10-1.03630e-10-8.48143e-10-1.60319e-09
-2.23897e-09-2.59778e-09-2.65994e-09-2.54374e-09-2.36344e-09-2.12932e-09
-1.75744e-09-1.15127e-09-3.00749e-10 6.88356e-10 1.66475e-09 2.52812e-09
 3.26844e-09 3.91060e-09 4.43068e-09 4.76561e-09 4.88299e-09 4.79365e-09
 4.52922e-09 4.12840e-09 3.60139e-09 2.91142e-09 2.02510e-09 9.76137e-10
-1.24932e-10-1.14530e-09-2.01419e-09-2.75321e-09-3.41643e-09-4.02335e-09
-4.55057e-09-4.95567e-09-5.21171e-09-5.33208e-09-5.34261e-09-5.23623e-09
-4.98337e-09-4.57521e-09-4.04553e-09-3.45783e-09-2.85601e-09-2.21838e-09
-1.47851e-09-6.04323e-10 3.41335e-10 1.22174e-09 1.91103e-09 2.35839e-09
 2.59401e-09 2.70353e-09 2.77386e-09 2.83401e-09 2.87187e-09 2.89756e-09
 2.92479e-09 2.90195e-09 2.72635e-09 2.32518e-09 1.72158e-09 1.06372e-09
 5.79060e-10 4.52066e-10 7.40348e-10 1.40609e-09 2.39475e-09 3.65982e-09
 5.11196e-09 6.56432e-09 7.75414e-09 8.42956e-09 8.42224e-09 7.65348e-09
 6.09967e-09 3.80013e-09 9.29187e-10-2.16412e-09-5.03900e-09-7.33741e-09
-8.92235e-09-9.86091e-09-1.02648e-08-1.01418e-08-9.40816e-09-8.04897e-09
-6.24458e-09-4.31754e-09-2.56204e-09-1.12154e-09-1.21492e-11 7.44293e-10
 1.04499e-09 7.98271e-10 5.95946e-11-9.53243e-10-1.96995e-09-2.80780e-09
-3.41661e-09-3.78623e-09-3.86261e-09-3.59982e-09-3.06432e-09-2.44520e-09
-1.93166e-09-1.56203e-09-1.20831e-09-7.01437e-10 6.04533e-11 1.08470e-09
 2.28851e-09 3.51502e-09 4.55337e-09 5.17086e-09 5.18972e-09 4.56552e-09
 3.40423e-09 1.93920e-09 4.77981e-10-6.97729e-10-1.42698e-09-1.70383e-09
-1.65583e-09-1.47343e-09-1.31379e-09-1.23246e-09-1.16236e-09-9.43923e-10
-4.10261e-10 5.24990e-10 1.82617e-09 3.32533e-09 4.74641e-09 5.78291e-09
 6.20149e-09 5.93396e-09 5.11349e-09 4.00926e-09 2.90255e-09 1.99128e-09
 1.33711e-09 8.54187e-10 3.62317e-10-3.21803e-10-1.29740e-09-2.50890e-09
-3.73426e-09-4.66993e-09-5.06742e-09-4.84868e-09-4.14592e-09-3.23302e-09
-2.39437e-09-1.81665e-09-1.52127e-09-1.34274e-09-1.00224e-09-2.63844e-10
 9.19853e-10 2.34919e-09 3.64510e-09 4.42208e-09 4.46046e-09 3.78846e-09
 2.66009e-09 1.44041e-09 4.46016e-10-1.73028e-10-4.66264e-10-6.36120e-10
-9.17220e-10-1.41862e-09-2.02675e-09-2.45933e-09-2.44824e-09-1.90887e-09
-9.77940e-10 5.71626e-11 8.64519e-10 1.19368e-09 9.97423e-10 4.67638e-10
-5.65403e-11-2.58751e-10-7.64225e-12 5.70553e-10 1.15795e-09 1.41796e-09
 1.17394e-09 4.89426e-10-3.92284e-10-1.18985e-09-1.69917e-09-1.84785e-09
-1.71731e-09-1.50571e-09-1.38778e-09-1.34999e-09-1.16662e-09-5.69201e-10
 5.33738e-10 1.96390e-09 3.34078e-09 4.23985e-09 4.37470e-09 3.72882e-09
 2.56077e-09 1.27994e-09 2.60034e-10-3.33132e-10-6.20561e-10-9.27236e-10
-1.55473e-09-2.55074e-09-3.65507e-09-4.48274e-09-4.80134e-09-4.66241e-09
-4.29329e-09-3.89805e-09-3.54096e-09-3.11769e-09-2.37604e-09-1.03949e-09
 9.62703e-10 3.33452e-09 5.50443e-09 6.92632e-09 7.36788e-09 7.00130e-09
 6.24814e-09 5.46675e-09 4.69978e-09 3.68336e-09 2.09565e-09-1.76710e-10
-2.94203e-09-5.78888e-09-8.24764e-09-9.94868e-09-1.07501e-08-1.07592e-08
-1.01585e-08-8.93756e-09-6.83326e-09-3.61592e-09 5.44123e-10 5.00701e-09
 8.93245e-09 1.16361e-08 1.28263e-08 1.26556e-08 1.15765e-08 1.00698e-08
 8.41089e-09 6.61715e-09 4.57508e-09 2.23472e-09-2.54392e-10-2.56586e-09
-4.39135e-09-5.66312e-09-6.57170e-09-7.29692e-09-7.69642e-09-7.32815e-09
-5.84753e-09-3.38239e-09-5.48778e-10 1.80965e-09 2.94287e-09 2.56756e-09
 1.29208e-09 2.87107e-10
     0.0000e+00     0.0000e+00      0  0  0.00
     512   1.00000  0.0000e+00
-7.09761e-09-7.87034e-09-8.55044e-09-9.03989e-09-9.25100e-09-9.10544e-09
-8.52512e-09-7.43576e-09-5.78599e-09-3.56838e-09-8.29947e-10 2.32765e-09
 5.75366e-09 9.26283e-09 1.26646e-08 1.57962e-08 1.85350e-08 2.07807e-08
 2.24347e-08 2.34037e-08 2.36202e-08 2.30477e-08 2.16643e-08 1.94559e-08
 1.64394e-08 1.26916e-08 8.35355e-09 3.61106e-09-1.32544e-09-6.23680e-09
-1.09178e-08-1.51994e-08-1.89497e-08-2.20552e-08-2.44087e-08-2.59217e-08
-2.65405e-08-2.62444e-08-2.50319e-08-2.29187e-08-1.99538e-08-1.62390e-08
-1.19292e-08-7.21182e-09-2.27680e-09 2.70640e-09 7.59837e-09 1.22877e-08
 1.66807e-08 2.06796e-08 2.41601e-08 2.69696e-08 2.89549e-08 2.99950e-08
 3.00192e-08 2.90270e-08 2.71399e-08 2.46677e-08 2.21243e-08 2.01483e-08
 1.93346e-08 1.99908e-08 2.18280e-08 2.36421e-08 2.31281e-08 1.70210e-08
 1.73469e-09-2.53985e-08-6.43211e-08-1.10210e-07-1.53139e-07-1.81592e-07
-1.86039e-07-1.60166e-07-1.04788e-07-2.99013e-08 4.96525e-08 1.15905e-07
 1.49628e-07 1.39245e-07 8.81092e-08 1.46004e-08-5.39860e-08-9.31334e-08
-9.28609e-08-6.20626e-08-2.22390e-08 6.63940e-09 1.92170e-08 2.62388e-08
 4.25553e-08 7.17659e-08 1.00977e-07 1.11103e-07 9.36998e-08 5.97036e-08
 3.48124e-08 4.54670e-08 1.00806e-07 1.80206e-07 2.41556e-07 2.53026e-07
 2.24238e-07 1.98215e-07 1.99311e-07 2.02576e-07 1.68174e-07 7.74610e-08
-7.40178e-08-2.81588e-07-5.21595e-07-7.52174e-07-9.18443e-07-9.63614e-07
-8.53668e-07-5.94077e-07-2.27170e-07 1.78035e-07 5.38746e-07 7.79003e-07
 8.54984e-07 7.70236e-07 5.72043e-07 3.31310e-07 1.14467e-07-3.83681e-08
-1.19416e-07-1.43230e-07-1.30273e-07-9.83077e-08-6.40683e-08-4.61532e-08
-5.74572e-08-8.82435e-08-1.04825e-07-8.01253e-08-2.87218e-08 3.24802e-09
-5.87582e-09-2.48056e-08-1.57371e-08 1.11695e-08 2.06963e-08 1.13004e-08
 8.62973e-09 1.54687e-08 1.47893e-08 8.24673e-09 7.98666e-09 8.90263e-09
 4.00831e-09 9.47917e-10 2.10005e-09 1.94679e-10-2.77585e-09-2.15514e-09
-2.51788e-09-4.64848e-09-4.14812e-09-3.49453e-09-4.49857e-09-3.78887e-09
-2.74059e-09-3.14788e-09-2.38866e-09-1.34587e-09-1.46177e-09-7.13214e-10
 5.30084e-11-1.52913e-10 2.95546e-10 5.47221e-10 1.90325e-10 4.85778e-10
 4.89100e-10 2.09126e-10 4.16979e-10 2.31008e-10 6.63352e-11 1.98082e-10
-3.91197e-11-3.11168e-11 1.19011e-10 1.52897e-10 5.39457e-10 8.40243e-10
 1.11973e-09 1.56856e-09 1.82879e-09 2.12940e-09 2.33217e-09 2.35086e-09
 2.37188e-09 2.18629e-09 1.92183e-09 1.57344e-09 1.08107e-09 5.69904e-10
-7.01411e-11-7.70207e-10-1.49604e-09-2.22324e-09-2.85109e-09-3.38043e-09
-3.73165e-09-3.90639e-09-3.91571e-09-3.74077e-09-3.39472e-09-2.87122e-09
-2.20105e-09-1.41100e-09-5.41132e-10 3.75412e-10 1.32565e-09 2.26909e-09
 3.13030e-09 3.82082e-09 4.29026e-09 4.53016e-09 4.55931e-09 4.40007e-09
 4.05185e-09 3.51559e-09 2.83249e-09 2.06981e-09 1.28933e-09 5.32052e-10
-1.93931e-10-8.76297e-10-1.45419e-09-1.84905e-09-2.01834e-09-1.98313e-09
-1.80778e-09-1.52823e-09-1.13433e-09-6.27106e-10-4.13680e-11 5.69245e-10
 1.15009e-09 1.67602e-09 2.14716e-09 2.54826e-09 2.83768e-09 2.96150e-09
 2.88455e-09 2.62685e-09 2.24043e-09 1.76086e-09 1.20708e-09 5.93973e-10
-6.44601e-11-7.45936e-10-1.41986e-09-2.05866e-09-2.64378e-09-3.16132e-09
-3.59529e-09-3.92300e-09-4.12154e-09-4.19140e-09-4.16334e-09-4.07546e-09
-3.95487e-09-3.80753e-09-3.61883e-09-3.37844e-09-3.09360e-09-2.77552e-09
-2.43440e-09-2.07617e-09-1.69258e-09-1.27940e-09-8.53969e-10-4.31272e-10
-1.12146e-11 4.00690e-10 7.83693e-10 1.10203e-09 1.30438e-09 1.35186e-09
 1.25455e-09 1.06164e-09 8.32252e-10 6.28818e-10 5.04082e-10 4.79280e-10
 5.47755e-10 6.83448e-10 8.26360e-10 8.84496e-10 7.77338e-10 4.61333e-10
-8.38463e-11-8.44171e-10-1.73636e-09-2.60866e-09-3.26754e-09-3.49966e-09
-3.11525e-09-2.01353e-09-2.10348e-10 2.16581e-09 4.85634e-09 7.46521e-09
 9.52302e-09 1.06073e-08 1.04587e-08 9.05014e-09 6.58697e-09 3.44135e-09
 8.03302e-11-2.97487e-09-5.20873e-09-6.21179e-09-5.79073e-09-4.05310e-09
-1.39223e-09 1.63595e-09 4.44189e-09 6.50325e-09 7.46178e-09 7.19331e-09
 5.83755e-09 3.76902e-09 1.47826e-09-5.78391e-10-2.08990e-09-2.94646e-09
-3.21228e-09-3.05662e-09-2.71460e-09-2.43082e-09-2.36992e-09-2.56081e-09
-2.88587e-09-3.12968e-09-3.08381e-09-2.63098e-09-1.79022e-09-7.34546e-10
 2.57524e-10 9.02039e-10 1.00406e-09 5.23782e-10-4.12249e-10-1.55684e-09
-2.60266e-09-3.26140e-09-3.36716e-09-2.93651e-09-2.14345e-09-1.23760e-09
-4.48726e-10 8.19860e-11 3.24254e-10 3.48169e-10 2.96343e-10 3.29218e-10
 5.50046e-10 9.54156e-10 1.42365e-09 1.76679e-09 1.79784e-09 1.41321e-09
 6.29096e-10-4.16185e-10-1.50005e-09-2.38653e-09-2.90000e-09-2.98419e-09
-2.71911e-09-2.26794e-09-1.78693e-09-1.35414e-09-9.39888e-10-4.35098e-10
 2.76370e-10 1.25109e-09 2.44414e-09 3.69938e-09 4.79111e-09 5.50280e-09
 5.70303e-09 5.38989e-09 4.68143e-09 3.74774e-09 2.73067e-09 1.70719e-09
 6.95682e-10-3.20054e-10-1.36080e-09-2.42766e-09-3.48375e-09-4.44149e-09
-5.17772e-09-5.58104e-09-5.59415e-09-5.22496e-09-4.53320e-09-3.60316e-09
-2.51848e-09-1.35036e-09-1.48720e-10 1.06689e-09 2.29887e-09 3.53528e-09
 4.70182e-09 5.64466e-09 6.17619e-09 6.16056e-09 5.57513e-09 4.51160e-09
 3.13690e-09 1.64454e-09 2.05989e-10-1.07408e-09-2.17760e-09-3.14071e-09
-3.98130e-09-4.64438e-09-5.01152e-09-4.97022e-09-4.49664e-09-3.68989e-09
-2.72385e-09-1.75329e-09-8.48886e-10 3.61755e-12 8.60448e-10 1.76922e-09
 2.72599e-09 3.64139e-09 4.34117e-09 4.63443e-09 4.42154e-09 3.75131e-09
 2.77520e-09 1.64650e-09 4.54367e-10-7.63646e-10-1.96149e-09-3.04265e-09
-3.87126e-09-4.32160e-09-4.32860e-09-3.91218e-09-3.17231e-09-2.26253e-09
-1.34159e-09-5.07995e-10 2.44498e-10 9.98922e-10 1.81843e-09 2.66405e-09
 3.41014e-09 3.93864e-09 4.20521e-09 4.21048e-09 3.92990e-09 3.29493e-09
 2.24198e-09 7.73301e-10-1.01358e-09-2.92508e-09-4.68836e-09-5.99423e-09
-6.57401e-09-6.28606e-09-5.16115e-09-3.36939e-09-1.13007e-09 1.35427e-09
 3.87693e-09 6.16046e-09 7.85823e-09 8.67455e-09 8.50986e-09 7.49547e-09
 5.90169e-09 4.02690e-09 2.14890e-09 5.08740e-10-7.27758e-10-1.51001e-09
-1.88824e-09-1.96106e-09-1.86289e-09-1.80585e-09-2.08714e-09-2.98265e-09
-4.56995e-09-6.62078e-09-8.66606e-09-1.01926e-08-1.08190e-08-1.03363e-08
-8.65631e-09-5.80430e-09-2.00803e-09 2.22966e-09 6.19607e-09 9.14692e-09
 1.04855e-08 9.90730e-09 7.54829e-09 4.09439e-09 6.86749e-10-1.45963e-09
-1.57088e-09-5.32283e-10
     0.0000e+00     0.0000e+00      0  0  0.00
     512   1.00000  0.0000e+00
-4.70800e-09-5.36149e-09-5.96720e-09-6.37330e-09-6.44363e-09-6.10050e-09
-5.32970e-09-4.15711e-09-2.62692e-09-8.01046e-10 1.22925e-09 3.34245e-09
 5.41104e-09 7.34353e-09 9.11706e-09 1.07691e-08 1.23417e-08 1.38137e-08
 1.50742e-08 1.59560e-08 1.62967e-08 1.59874e-08 1.49954e-08 1.33680e-08
 1.12175e-08 8.69119e-09 5.94594e-09 3.13534e-09 3.92473e-10-2.20665e-09
-4.66909e-09-7.05695e-09-9.40901e-09-1.16701e-08-1.36823e-08-1.52439e-08
-1.61958e-08-1.64894e-08-1.61935e-08-1.54380e-08-1.43328e-08-1.29243e-08
-1.12135e-08-9.20380e-09-6.93674e-09-4.50117e-09-2.02295e-09 3.51076e-10
 2.46888e-09 4.19624e-09 5.45779e-09 6.28275e-09 6.80723e-09 7.19850e-09
 7.53813e-09 7.74869e-09 7.60844e-09 6.83094e-09 5.17615e-09 2.58607e-09
-6.66581e-10-3.86339e-09-5.81910e-09-5.01185e-09 5.59439e-11 1.01984e-08
 2.46552e-08 4.02501e-08 5.10025e-08 4.86648e-08 2.62967e-08-1.35905e-08
-5.56076e-08-8.38356e-08-9.49453e-08-9.15341e-08-7.14854e-08-3.33023e-08
 1.54404e-08 5.91945e-08 8.15278e-08 7.43148e-08 4.31161e-08 4.35866e-09
-2.28624e-08-2.66750e-08-9.23655e-09 1.51427e-08 3.01313e-08 2.87710e-08
 1.76497e-08 1.01848e-08 1.45689e-08 2.67015e-08 3.43537e-08 2.83412e-08
 8.90458e-09-1.63946e-08-3.50656e-08-3.11701e-08 3.60633e-09 5.55482e-08
 9.76444e-08 1.14934e-07 1.07289e-07 7.04379e-08-8.98834e-09-1.36652e-07
-2.96688e-07-4.56028e-07-5.68960e-07-5.77808e-07-4.35536e-07-1.35588e-07
 2.79712e-07 7.17720e-07 1.04596e-06 1.13553e-06 9.16655e-07 4.19780e-07
-2.13674e-07-7.68404e-07-1.03747e-06-9.19737e-07-4.81851e-07 5.83476e-08
 4.33479e-07 4.73754e-07 2.12760e-07-1.29229e-07-2.93245e-07-1.74568e-07
 9.23640e-08 2.52782e-07 1.72260e-07-3.13299e-08-1.26669e-07-3.85359e-08
 8.12698e-08 7.63154e-08-1.08525e-08-4.19003e-08-2.66919e-09 1.47000e-08
-9.46775e-09-1.58489e-08 8.26714e-10-8.21201e-10-1.18047e-08-4.30374e-09
 3.10614e-09-3.97072e-09-4.23997e-09 2.91327e-09 1.86377e-10-2.70648e-09
 2.22684e-09 1.84400e-09-1.34599e-09 1.58682e-09 1.85335e-09-9.79240e-10
 8.54668e-10 1.37440e-09-5.99644e-10 9.64098e-10 1.42944e-09-4.65263e-11
 1.11835e-09 1.11825e-09 3.41521e-12 9.70065e-10 6.49899e-10-7.95125e-11
 5.65416e-10-1.75952e-10-6.52002e-10-3.09346e-10-1.03139e-09-1.02883e-09
-9.22468e-10-1.50331e-09-1.31614e-09-1.49257e-09-1.71588e-09-1.31542e-09
-1.32953e-09-1.01926e-09-6.51993e-10-5.93868e-10-1.90091e-10 6.00700e-12
 2.75292e-10 6.55986e-10 7.78012e-10 9.85311e-10 9.88054e-10 9.70563e-10
 1.07383e-09 1.07699e-09 1.09009e-09 9.82491e-10 8.95073e-10 8.58630e-10
 7.96715e-10 7.93749e-10 8.08451e-10 9.28872e-10 1.16976e-09 1.48571e-09
 1.80336e-09 2.05821e-09 2.31489e-09 2.62692e-09 2.99190e-09 3.28129e-09
 3.32293e-09 3.08350e-09 2.72755e-09 2.44559e-09 2.21836e-09 1.87046e-09
 1.30171e-09 6.14962e-10 2.75615e-11-3.36065e-10-5.61875e-10-8.37209e-10
-1.24783e-09-1.70207e-09-2.02873e-09-2.16005e-09-2.21096e-09-2.34777e-09
-2.60657e-09-2.86527e-09-2.98872e-09-2.99399e-09-3.02537e-09-3.16751e-09
-3.36610e-09-3.52444e-09-3.60480e-09-3.64344e-09-3.69523e-09-3.76960e-09
-3.82802e-09-3.82362e-09-3.73668e-09-3.59167e-09-3.42131e-09-3.20950e-09
-2.90737e-09-2.50046e-09-2.02536e-09-1.52150e-09-9.91528e-10-4.20854e-10
 1.78601e-10 7.67497e-10 1.32014e-09 1.84154e-09 2.33761e-09 2.79538e-09
 3.19830e-09 3.53259e-09 3.78397e-09 3.95535e-09 4.07079e-09 4.14494e-09
 4.17194e-09 4.15087e-09 4.10515e-09 4.07530e-09 4.09567e-09 4.17155e-09
 4.27674e-09 4.38273e-09 4.47864e-09 4.53410e-09 4.46697e-09 4.18463e-09
 3.62741e-09 2.76972e-09 1.63893e-09 3.24866e-10-1.07591e-09-2.48689e-09
-3.79775e-09-4.85699e-09-5.54870e-09-5.83516e-09-5.74394e-09-5.35350e-09
-4.76458e-09-4.08796e-09-3.49738e-09-3.23563e-09-3.49106e-09-4.28916e-09
-5.50375e-09-6.90907e-09-8.22466e-09-9.15364e-09-9.38006e-09-8.58342e-09
-6.58197e-09-3.51810e-09 1.34194e-10 3.76100e-09 6.80041e-09 8.81155e-09
 9.47009e-09 8.58468e-09 6.20542e-09 2.77203e-09-9.10361e-10-3.94994e-09
-5.69379e-09-5.87807e-09-4.57508e-09-2.07100e-09 1.17173e-09 4.49446e-09
 7.13135e-09 8.46227e-09 8.29881e-09 6.97616e-09 5.14521e-09 3.45855e-09
 2.38964e-09 2.18967e-09 2.89016e-09 4.29180e-09 5.94495e-09 7.23519e-09
 7.61539e-09 6.85234e-09 5.14493e-09 3.03584e-09 1.15865e-09-6.07625e-13
-2.22970e-10 4.11508e-10 1.55640e-09 2.68388e-09 3.21428e-09 2.71059e-09
 1.08045e-09-1.35004e-09-3.94764e-09-6.01162e-09-7.03173e-09-6.85066e-09
-5.68382e-09-4.02592e-09-2.48722e-09-1.59041e-09-1.58196e-09-2.34082e-09
-3.43577e-09-4.30929e-09-4.50442e-09-3.83871e-09-2.47775e-09-8.87014e-10
 3.51421e-10 7.88302e-10 2.93888e-10-8.93103e-10-2.26522e-09-3.25064e-09
-3.42931e-09-2.68933e-09-1.27741e-09 3.01162e-10 1.49909e-09 1.94906e-09
 1.60659e-09 7.68578e-10-5.39270e-11-3.67590e-10 7.27107e-11 1.14985e-09
 2.44112e-09 3.40692e-09 3.61838e-09 2.93662e-09 1.58158e-09 4.89395e-11
-1.10930e-09-1.53657e-09-1.22515e-09-5.01233e-10 1.40415e-10 2.71970e-10
-2.62045e-10-1.26002e-09-2.25278e-09-2.73122e-09-2.38965e-09-1.26965e-09
 2.50161e-10 1.62240e-09 2.38825e-09 2.39206e-09 1.84016e-09 1.17466e-09
 8.33810e-10 1.03014e-09 1.65045e-09 2.31080e-09 2.54481e-09 2.04921e-09
 8.57239e-10-6.65668e-10-1.99939e-09-2.72255e-09-2.71390e-09-2.19602e-09
-1.59851e-09-1.32066e-09-1.51943e-09-2.02755e-09-2.44543e-09-2.36109e-09
-1.57835e-09-2.34167e-10 1.25459e-09 2.39683e-09 2.88142e-09 2.73161e-09
 2.26616e-09 1.89545e-09 1.87820e-09 2.17941e-09 2.49918e-09 2.44465e-09
 1.75725e-09 4.83662e-10-1.01552e-09-2.24654e-09-2.85174e-09-2.79889e-09
-2.37699e-09-2.00868e-09-1.99193e-09-2.31902e-09-2.68318e-09-2.67481e-09
-2.03930e-09-8.29264e-10 6.24721e-10 1.88754e-09 2.64650e-09 2.87814e-09
 2.84434e-09 2.89315e-09 3.18692e-09 3.55653e-09 3.59582e-09 2.93124e-09
 1.48070e-09-4.61647e-10-2.35733e-09-3.68875e-09-4.20459e-09-4.00484e-09
-3.42112e-09-2.77819e-09-2.20050e-09-1.58790e-09-7.62559e-10 3.17169e-10
 1.42264e-09 2.12150e-09 2.04318e-09 1.16626e-09-9.94416e-11-1.10762e-09
-1.30681e-09-4.98683e-10 1.09781e-09 2.97943e-09 4.60827e-09 5.63407e-09
 5.94707e-09 5.54501e-09 4.36223e-09 2.24632e-09-8.68132e-10-4.72267e-09
-8.63620e-09-1.16542e-08-1.28986e-08-1.19389e-08-8.96723e-09-4.67293e-09
 7.80169e-11 4.53952e-09 8.20828e-09 1.07771e-08 1.20158e-08 1.16927e-08
 9.63320e-09 5.92735e-09 1.14826e-09-3.63261e-09-7.09179e-09-7.99518e-09
-5.44740e-09-1.61270e-09
     0.0000e+00     0.0000e+00      0  0  0.00
     512   1.00000  0.0000e+00
 2.88799e-09 3.85955e-09 4.73662e-09 5.41575e-09 5.87419e-09 6.15650e-09
 6.31541e-09 6.36111e-09 6.24541e-09 5.87475e-09 5.14605e-09 4.00749e-09
 2.52248e-09 8.80584e-10-6.82684e-10-2.01466e-09-3.12519e-09-4.16840e-09
-5.37683e-09-7.01305e-09-9.31409e-09-1.23524e-08-1.58426e-08-1.90659e-08
-2.10363e-08-2.08225e-08-1.78468e-08-1.20693e-08-4.04919e-09 5.13191e-09
 1.40983e-08 2.15061e-08 2.63415e-08 2.81044e-08 2.68728e-08 2.32676e-08
 1.82926e-08 1.30344e-08 8.30587e-09 4.41836e-09 1.21748e-09-1.67773e-09
-4.61853e-09-7.78316e-09-1.11549e-08-1.45774e-08-1.78495e-08-2.08243e-08
-2.34575e-08-2.57625e-08-2.77150e-08-2.92041e-08-3.00680e-08-3.01417e-08
-2.92491e-08-2.71946e-08-2.38650e-08-1.94326e-08-1.45075e-08-1.01144e-08
-7.48284e-09-7.67110e-09-1.10150e-08-1.64700e-08-2.10667e-08-1.97808e-08
-6.09630e-09 2.64599e-08 8.16318e-08 1.56719e-07 2.38806e-07 3.04452e-07
 3.26852e-07 2.88918e-07 1.92288e-07 5.31026e-08-1.04693e-07-2.46033e-07
-3.28418e-07-3.22814e-07-2.31085e-07-8.67546e-08 5.74434e-08 1.50337e-07
 1.64256e-07 1.07529e-07 1.78938e-08-6.20853e-08-1.11021e-07-1.36039e-07
-1.56440e-07-1.78235e-07-1.81437e-07-1.34667e-07-2.90925e-08 9.72428e-08
 1.68018e-07 1.11751e-07-8.00039e-08-3.23218e-07-4.82451e-07-4.66818e-07
-3.08351e-07-1.37023e-07-4.54998e-08-4.02202e-09 6.17872e-08 1.80050e-07
 3.43497e-07 5.29595e-07 6.97556e-07 7.98507e-07 7.84211e-07 6.31015e-07
 3.76191e-07 1.06449e-07-9.59204e-08-1.94959e-07-2.10148e-07-2.01715e-07
-2.42355e-07-3.75586e-07-5.77279e-07-7.49932e-07-7.65334e-07-5.46089e-07
-1.37606e-07 2.86539e-07 5.11151e-07 4.24819e-07 1.20309e-07-1.50528e-07
-1.68319e-07 5.48743e-08 2.75337e-07 2.63243e-07 5.40597e-08-1.00546e-07
-5.13235e-08 7.36729e-08 8.21912e-08-7.49166e-09-4.48109e-08-7.17663e-09
 6.60104e-09-1.99851e-08-2.17303e-08-2.14399e-09-6.78464e-09-1.64497e-08
-3.81296e-09 2.95186e-09-5.63100e-09-2.63055e-09 5.00878e-09 1.02220e-10
-6.57148e-10 5.80600e-09 3.46166e-09 1.11667e-09 5.30913e-09 3.78290e-09
 1.26069e-09 4.12781e-09 2.97445e-09 7.78734e-10 2.57603e-09 1.15919e-09
-5.22878e-10 1.04400e-09 1.47357e-10-2.45746e-10 1.32698e-09 4.33721e-10
 2.96279e-10 8.75047e-10-4.31709e-10-4.21265e-10-3.93721e-10-1.22390e-09
-5.53670e-10-4.81328e-10-7.09126e-10-3.96219e-10-1.16931e-09-1.53504e-09
-1.70477e-09-2.35655e-09-2.35811e-09-2.59163e-09-2.65274e-09-2.28609e-09
-2.17603e-09-1.64578e-09-1.13923e-09-6.82372e-10-7.96792e-11 3.13272e-10
 9.47816e-10 1.67497e-09 2.49071e-09 3.42631e-09 4.21055e-09 4.89829e-09
 5.27624e-09 5.37792e-09 5.29787e-09 5.07625e-09 4.78843e-09 4.31037e-09
 3.59661e-09 2.62789e-09 1.46861e-09 1.78917e-10-1.25835e-09-2.81435e-09
-4.37596e-09-5.74078e-09-6.75063e-09-7.35681e-09-7.61882e-09-7.63729e-09
-7.45396e-09-7.04726e-09-6.41357e-09-5.62420e-09-4.77886e-09-3.91194e-09
-2.97015e-09-1.93989e-09-9.71726e-10-2.96654e-10-1.49573e-11-5.81961e-12
-6.68682e-11-1.19338e-10-2.26683e-10-4.50178e-10-7.62848e-10-1.08335e-09
-1.35819e-09-1.62416e-09-1.97138e-09-2.41658e-09-2.82620e-09-2.98984e-09
-2.79831e-09-2.34148e-09-1.79369e-09-1.24299e-09-6.78254e-10-7.13589e-11
 5.91949e-10 1.32157e-09 2.11790e-09 2.96488e-09 3.84171e-09 4.72886e-09
 5.58377e-09 6.31606e-09 6.83043e-09 7.12238e-09 7.29743e-09 7.47694e-09
 7.70695e-09 7.94292e-09 8.09076e-09 8.06832e-09 7.85027e-09 7.47864e-09
 7.03406e-09 6.56800e-09 6.06920e-09 5.52666e-09 4.97857e-09 4.44877e-09
 3.88521e-09 3.20487e-09 2.38388e-09 1.50697e-09 7.32880e-10 1.84792e-10
-1.35907e-10-3.35394e-10-5.56017e-10-8.99724e-10-1.36844e-09-1.88305e-09
-2.36675e-09-2.76581e-09-2.99834e-09-2.96748e-09-2.65635e-09-2.16121e-09
-1.61605e-09-1.12337e-09-7.56087e-10-5.85416e-10-7.00486e-10-1.21023e-09
-2.19850e-09-3.65497e-09-5.47242e-09-7.50317e-09-9.56003e-09-1.13535e-08
-1.25002e-08-1.26785e-08-1.18242e-08-1.01895e-08-8.19559e-09-6.18264e-09
-4.27852e-09-2.49941e-09-9.41475e-10 1.59155e-10 5.67226e-10 2.43927e-10
-6.24311e-10-1.77451e-09-2.98904e-09-4.09164e-09-4.90579e-09-5.27091e-09
-5.11896e-09-4.51717e-09-3.59918e-09-2.45054e-09-1.06746e-09 5.63765e-10
 2.32504e-09 3.93559e-09 5.10826e-09 5.71336e-09 5.79589e-09 5.49938e-09
 4.99052e-09 4.43113e-09 3.97782e-09 3.75006e-09 3.79018e-09 4.07006e-09
 4.51554e-09 5.01612e-09 5.43814e-09 5.66125e-09 5.63642e-09 5.41447e-09
 5.09427e-09 4.75622e-09 4.46101e-09 4.25624e-09 4.12741e-09 3.95337e-09
 3.54838e-09 2.78326e-09 1.69474e-09 4.87947e-10-5.68611e-10-1.26128e-09
-1.49624e-09-1.32144e-09-9.11334e-10-5.05071e-10-3.12559e-10-4.20364e-10
-7.48987e-10-1.09289e-09-1.21771e-09-9.74072e-10-3.75463e-10 4.13751e-10
 1.15561e-09 1.60743e-09 1.56954e-09 9.33892e-10-2.72645e-10-1.86651e-09
-3.54102e-09-4.97247e-09-5.93138e-09-6.33234e-09-6.23328e-09-5.79793e-09
-5.21866e-09-4.62894e-09-4.04009e-09-3.32364e-09-2.27969e-09-7.94201e-10
 1.01832e-09 2.80343e-09 4.11245e-09 4.63217e-09 4.35390e-09 3.57419e-09
 2.75539e-09 2.33559e-09 2.54396e-09 3.28282e-09 4.15040e-09 4.61837e-09
 4.29176e-09 3.11205e-09 1.36754e-09-4.96170e-10-2.12632e-09-3.40666e-09
-4.41845e-09-5.28161e-09-6.01677e-09-6.50835e-09-6.54097e-09-5.87549e-09
-4.37440e-09-2.14205e-09 4.28771e-10 2.78167e-09 4.43523e-09 5.17245e-09
 5.06662e-09 4.37486e-09 3.40863e-09 2.45458e-09 1.74418e-09 1.42243e-09
 1.48816e-09 1.76263e-09 1.96467e-09 1.86275e-09 1.37732e-09 5.59145e-10
-4.93391e-10-1.66962e-09-2.82893e-09-3.81592e-09-4.52272e-09-4.89959e-09
-4.86919e-09-4.25489e-09-2.85949e-09-6.82605e-10 1.90234e-09 4.20575e-09
 5.52964e-09 5.52814e-09 4.37700e-09 2.65894e-09 1.06884e-09 1.16344e-10
-5.70294e-11 2.97469e-10 6.85972e-10 6.66293e-10 1.36907e-10-6.07943e-10
-1.15377e-09-1.36283e-09-1.51311e-09-2.01603e-09-2.96935e-09-3.96052e-09
-4.28100e-09-3.36549e-09-1.15892e-09 1.77970e-09 4.47427e-09 5.94486e-09
 5.66053e-09 3.80503e-09 1.17598e-09-1.27321e-09-2.97373e-09-3.96541e-09
-4.62269e-09-5.14525e-09-5.31213e-09-4.73558e-09-3.33985e-09-1.58201e-09
-2.22337e-10 1.24591e-10-6.81860e-10-2.23737e-09-3.74684e-09-4.36770e-09
-3.65504e-09-1.84577e-09 3.02197e-10 2.06587e-09 3.25946e-09 4.24132e-09
 5.44039e-09 6.87097e-09 8.09949e-09 8.66219e-09 8.48133e-09 7.86279e-09
 7.12590e-09 6.28190e-09 5.04872e-09 3.10274e-09 3.24101e-10-3.04520e-09
-6.32304e-09-8.51604e-09-8.79543e-09-7.10087e-09-4.32018e-09-1.76447e-09
-3.52400e-10 7.00725e-13
     0.0000e+00     0.0000e+00      0  0  0.00
     512   1.00000  0.0000e+00
-3.21247e-09-3.18614e-09-3.07651e-09-2.90591e-09-2.69568e-09-2.44850e-09
-2.14594e-09-1.76003e-09-1.26146e-09-6.18284e-10 2.03141e-10 1.22721e-09
 2.45251e-09 3.83578e-09 5.28261e-09 6.65729e-09 7.81825e-09 8.66329e-09
 9.15520e-09 9.31465e-09 9.19595e-09 8.86829e-09 8.40403e-09 7.86099e-09
 7.25977e-09 6.57327e-09 5.73518e-09 4.66032e-09 3.27778e-09 1.57738e-09
-3.55454e-10-2.34975e-09-4.20225e-09-5.73954e-09-6.86143e-09-7.55803e-09
-7.89795e-09-7.98924e-09-7.93033e-09-7.77736e-09-7.54130e-09-7.20534e-09
-6.74593e-09-6.15728e-09-5.48207e-09-4.82649e-09-4.33664e-09-4.14844e-09
-4.33988e-09-4.89987e-09-5.72276e-09-6.63848e-09-7.46796e-09-8.06959e-09
-8.35826e-09-8.31965e-09-8.04810e-09-7.79739e-09-8.00623e-09-9.25892e-09
-1.21448e-08-1.69913e-08-2.34829e-08-3.02487e-08-3.45873e-08-3.25533e-08
-1.96411e-08 7.74644e-09 5.00797e-08 1.02123e-07 1.52484e-07 1.89174e-07
 2.05652e-07 1.97673e-07 1.60214e-07 9.34787e-08 6.14717e-09-8.67811e-08
-1.64926e-07-2.07593e-07-2.03999e-07-1.60422e-07-9.95918e-08-5.10100e-08
-3.50650e-08-5.04735e-08-7.51594e-08-8.18459e-08-5.88707e-08-2.08257e-08
 1.95008e-09-1.19990e-08-5.76491e-08-1.06667e-07-1.27218e-07-1.03935e-07
-4.32785e-08 3.37810e-08 9.94071e-08 1.25430e-07 9.89970e-08 4.13864e-08
 1.21503e-10 1.00276e-08 7.02666e-08 1.65245e-07 2.87381e-07 4.25276e-07
 5.49548e-07 6.23605e-07 6.12953e-07 4.85771e-07 2.27569e-07-1.41208e-07
-5.63955e-07-9.53504e-07-1.20533e-06-1.23035e-06-9.94448e-07-5.42034e-07
 6.89789e-09 4.90884e-07 7.66695e-07 7.69836e-07 5.44666e-07 2.25454e-07
-2.88029e-08-1.16591e-07-4.54675e-08 8.29434e-08 1.48876e-07 1.00910e-07
-1.22209e-08-9.31937e-08-8.74732e-08-2.81328e-08 1.01935e-08-4.67536e-09
-3.76719e-08-4.34032e-08-2.24811e-08-5.77132e-09-4.60549e-09-4.82165e-09
 1.10719e-09 5.74321e-09 6.16536e-09 7.26072e-09 8.88989e-09 7.73086e-09
 5.78785e-09 5.31564e-09 4.28928e-09 2.35581e-09 1.37754e-09 5.75657e-10
-1.00314e-09-2.10951e-09-2.75050e-09-3.73249e-09-4.28229e-09-4.25698e-09
-4.39136e-09-4.29354e-09-3.84584e-09-3.58490e-09-3.20221e-09-2.59399e-09
-2.14164e-09-1.61900e-09-1.02996e-09-6.37768e-10-2.10822e-10 2.23314e-10
 5.25669e-10 8.70402e-10 1.14442e-09 1.28100e-09 1.40029e-09 1.39981e-09
 1.33768e-09 1.30902e-09 1.23163e-09 1.15595e-09 1.06590e-09 9.18296e-10
 7.78235e-10 6.21649e-10 4.74350e-10 3.60668e-10 2.36180e-10 1.25892e-10
 1.39654e-11-9.99762e-11-1.79687e-10-2.42599e-10-2.86287e-10-3.07796e-10
-2.99985e-10-2.66608e-10-2.30734e-10-1.63991e-10-4.06514e-11 1.32037e-10
 3.27865e-10 5.07926e-10 6.48938e-10 7.59640e-10 8.79193e-10 1.02512e-09
 1.17113e-09 1.27359e-09 1.30087e-09 1.25900e-09 1.18333e-09 1.09815e-09
 9.77686e-10 7.74726e-10 4.90754e-10 1.71717e-10-1.48994e-10-4.63861e-10
-7.81917e-10-1.12407e-09-1.49478e-09-1.86582e-09-2.19457e-09-2.44451e-09
-2.60245e-09-2.66968e-09-2.63154e-09-2.46972e-09-2.18858e-09-1.80191e-09
-1.32693e-09-7.92096e-10-2.24632e-10 3.54134e-10 9.25317e-10 1.47801e-09
 1.99371e-09 2.43038e-09 2.74572e-09 2.91656e-09 2.93577e-09 2.81424e-09
 2.56796e-09 2.20048e-09 1.71890e-09 1.14507e-09 5.08195e-10-1.52939e-10
-8.04401e-10-1.43126e-09-2.01175e-09-2.50767e-09-2.88442e-09-3.11221e-09
-3.17487e-09-3.08601e-09-2.86708e-09-2.52904e-09-2.08711e-09-1.56187e-09
-9.70104e-10-3.34387e-10 3.13004e-10 9.40544e-10 1.51763e-09 2.01331e-09
 2.40357e-09 2.66785e-09 2.78534e-09 2.74697e-09 2.55608e-09 2.21904e-09
 1.74913e-09 1.17084e-09 5.18994e-10-1.58933e-10-7.99927e-10-1.32257e-09
-1.64504e-09-1.72062e-09-1.54163e-09-1.12897e-09-5.49322e-10 8.94619e-11
 6.80418e-10 1.12516e-09 1.32277e-09 1.20704e-09 7.82190e-10 1.09507e-10
-6.92338e-10-1.44004e-09-1.93775e-09-2.03430e-09-1.63211e-09-7.09178e-10
 6.34170e-10 2.16598e-09 3.55247e-09 4.40857e-09 4.38921e-09 3.30173e-09
 1.17325e-09-1.75071e-09-5.04294e-09-8.14616e-09-1.04596e-08-1.14570e-08
-1.08013e-08-8.44392e-09-4.67389e-09-7.08682e-11 4.61367e-09 8.60274e-09
 1.12445e-08 1.21356e-08 1.12061e-08 8.75361e-09 5.38115e-09 1.84852e-09
-1.11812e-09-3.01445e-09-3.66470e-09-3.21412e-09-2.05443e-09-6.97526e-10
 3.79507e-10 8.54799e-10 6.42326e-10-8.10865e-11-9.51329e-10-1.55353e-09
-1.56139e-09-8.65863e-10 3.71575e-10 1.77475e-09 2.87007e-09 3.24676e-09
 2.71458e-09 1.36484e-09-4.66085e-10-2.28961e-09-3.61167e-09-4.08569e-09
-3.61328e-09-2.38416e-09-8.22040e-10 5.73863e-10 1.40965e-09 1.52818e-09
 1.05625e-09 3.33177e-10-2.39268e-10-3.42270e-10 1.45586e-10 1.09394e-09
 2.17141e-09 2.97050e-09 3.15134e-09 2.57792e-09 1.38424e-09-7.77367e-11
-1.37238e-09-2.14549e-09-2.26584e-09-1.86501e-09-1.26186e-09-8.26861e-10
-8.31197e-10-1.33201e-09-2.14973e-09-2.94033e-09-3.33441e-09-3.09611e-09
-2.22283e-09-9.44444e-10 3.62222e-10 1.32398e-09 1.73243e-09 1.62222e-09
 1.23512e-09 9.04464e-10 9.00427e-10 1.30238e-09 1.96592e-09 2.58877e-09
 2.84480e-09 2.54083e-09 1.71393e-09 6.13346e-10-4.08209e-10-1.04215e-09
-1.15842e-09-8.61286e-10-4.32406e-10-1.90598e-10-3.36142e-10-8.56217e-10
-1.53620e-09-2.06355e-09-2.17749e-09-1.80039e-09-1.07778e-09-3.00631e-10
 2.39976e-10 3.89371e-10 1.96655e-10-1.18691e-10-2.83765e-10-1.14877e-10
 3.80923e-10 1.00291e-09 1.46375e-09 1.54349e-09 1.20216e-09 6.01068e-10
 2.56733e-11-2.57044e-10-1.34951e-10 2.93250e-10 7.75116e-10 1.04242e-09
 9.48210e-10 5.32826e-10-3.33103e-12-4.09497e-10-5.28130e-10-3.85354e-10
-1.67500e-10-1.03691e-10-3.29157e-10-8.06275e-10-1.34376e-09-1.69849e-09
-1.70640e-09-1.37761e-09-8.95480e-10-5.06617e-10-3.70549e-10-4.68159e-10
-6.16254e-10-5.70448e-10-1.63069e-10 5.93063e-10 1.49868e-09 2.27448e-09
 2.71314e-09 2.77273e-09 2.56326e-09 2.25714e-09 1.97925e-09 1.72954e-09
 1.38935e-09 8.23770e-10 1.30378e-11-8.91189e-10-1.63253e-09-1.99271e-09
-1.91552e-09-1.54179e-09-1.14307e-09-9.87191e-10-1.19873e-09-1.69529e-09
-2.24688e-09-2.61292e-09-2.65084e-09-2.33540e-09-1.70652e-09-7.93255e-10
 4.36180e-10 2.04548e-09 4.01252e-09 6.10630e-09 7.87986e-09 8.81008e-09
 8.49469e-09 6.79919e-09 3.90424e-09 2.49607e-10-3.60116e-09-7.11244e-09
-9.86396e-09-1.15437e-08-1.19109e-08-1.08235e-08-8.33535e-09-4.78159e-09
-7.69080e-10 2.94448e-09 5.65801e-09 6.95421e-09 6.83275e-09 5.65827e-09
 3.96270e-09 2.24349e-09 8.51310e-10-4.30633e-11-4.33121e-10-4.24215e-10
-1.76504e-10 1.20252e-10 2.65123e-10 1.22763e-10-2.53208e-10-5.80115e-10
-5.09016e-10-1.67478e-10
     0.0000e+00     0.0000e+00      0  0  0.00
     512   1.00000  0.0000e+00
 3.14729e-10 5.16381e-10 8.06099e-10 1.18446e-09 1.62329e-09 2.05663e-09
 2.38765e-09 2.51527e-09 2.37021e-09 1.94181e-09 1.27894e-09 4.63594e-10
-4.25213e-10-1.33391e-09-2.23290e-09-3.09652e-09-3.87570e-09-4.47459e-09
-4.74473e-09-4.50871e-09-3.61513e-09-2.01398e-09 1.73336e-10 2.62983e-09
 4.89423e-09 6.47769e-09 7.00407e-09 6.32515e-09 4.57374e-09 2.14118e-09
-4.12512e-10-2.49580e-09-3.63942e-09-3.62207e-09-2.52515e-09-7.01547e-10
 1.32639e-09 3.01372e-09 3.95037e-09 3.97135e-09 3.16461e-09 1.78205e-09
 1.16666e-10-1.59526e-09-3.22386e-09-4.74608e-09-6.20430e-09-7.64505e-09
-9.07119e-09-1.04265e-08-1.16069e-08-1.24840e-08-1.29329e-08-1.28622e-08
-1.22491e-08-1.11730e-08-9.83841e-09-8.56774e-09-7.74130e-09-7.68485e-09
-8.52225e-09-1.00140e-08-1.14055e-08-1.13366e-08-7.90946e-09 9.62372e-10
 1.68410e-08 3.97097e-08 6.67632e-08 9.15020e-08 1.05489e-07 1.03996e-07
 8.76664e-08 5.75660e-08 1.61475e-08-2.81987e-08-6.47365e-08-8.47443e-08
-8.25551e-08-5.81775e-08-1.86254e-08 2.33557e-08 5.29531e-08 6.05067e-08
 4.74361e-08 2.52865e-08 8.59729e-09 5.72281e-09 1.28728e-08 1.66461e-08
 4.50997e-09-2.52006e-08-6.27276e-08-9.57679e-08-1.17566e-07-1.26845e-07
-1.24122e-07-1.11832e-07-9.69661e-08-8.86004e-08-9.13553e-08-1.05304e-07
-1.31775e-07-1.71390e-07-2.13206e-07-2.33494e-07-2.10286e-07-1.31597e-07
 1.06923e-08 2.18730e-07 4.75933e-07 7.43789e-07 9.65837e-07 1.07266e-06
 1.00024e-06 7.19407e-07 2.57198e-07-2.98512e-07-8.14448e-07-1.15022e-06
-1.20958e-06-9.82522e-07-5.57285e-07-9.18134e-08 2.49993e-07 3.71127e-07
 2.85337e-07 1.03753e-07-3.35268e-08-4.30839e-08 5.42104e-08 1.60076e-07
 1.83332e-07 1.14530e-07 2.49783e-08-9.88494e-09 1.53831e-08 4.42250e-08
 3.32632e-08-1.38436e-09-1.98822e-08-1.52386e-08-9.99691e-09-1.39215e-08
-1.62983e-08-1.27112e-08-1.02329e-08-9.89409e-09-7.09322e-09-3.59720e-09
-2.69541e-09-1.83017e-09 3.32838e-10 1.26869e-09 1.39192e-09 2.40799e-09
 2.91311e-09 2.49504e-09 2.60932e-09 2.63675e-09 1.98032e-09 1.71130e-09
 1.57039e-09 1.00897e-09 7.76438e-10 7.20818e-10 4.33247e-10 4.47801e-10
 5.55830e-10 4.37245e-10 4.89914e-10 5.11772e-10 3.63522e-10 3.73693e-10
 3.61807e-10 3.29139e-10 4.44246e-10 4.49485e-10 3.82650e-10 2.99369e-10
 3.49944e-11-2.68827e-10-5.83156e-10-9.34615e-10-1.20319e-09-1.47074e-09
-1.73531e-09-1.94817e-09-2.15418e-09-2.27482e-09-2.32019e-09-2.31045e-09
-2.19940e-09-2.02705e-09-1.77614e-09-1.42992e-09-9.97656e-10-4.85560e-10
 5.16334e-11 5.93149e-10 1.10340e-09 1.54531e-09 1.92151e-09 2.22386e-09
 2.45477e-09 2.61238e-09 2.67472e-09 2.59860e-09 2.36502e-09 2.01910e-09
 1.61647e-09 1.18931e-09 7.46855e-10 2.90263e-10-1.71392e-10-6.11979e-10
-9.93947e-10-1.29993e-09-1.54125e-09-1.73109e-09-1.86440e-09-1.91690e-09
-1.85418e-09-1.66819e-09-1.39669e-09-1.07794e-09-7.30263e-10-3.76558e-10
-3.61210e-11 2.83803e-10 5.81209e-10 8.60976e-10 1.10894e-09 1.28798e-09
 1.37943e-09 1.38004e-09 1.28415e-09 1.09705e-09 8.27864e-10 4.87612e-10
 1.07164e-10-2.75823e-10-6.30305e-10-9.34451e-10-1.19640e-09-1.43777e-09
-1.65072e-09-1.80420e-09-1.86824e-09-1.82801e-09-1.69084e-09-1.46571e-09
-1.15462e-09-7.73530e-10-3.52252e-10 8.55838e-11 5.26346e-10 9.56698e-10
 1.36549e-09 1.75007e-09 2.10564e-09 2.41383e-09 2.64443e-09 2.76914e-09
 2.78131e-09 2.69091e-09 2.50711e-09 2.24565e-09 1.92651e-09 1.54792e-09
 1.09269e-09 5.56629e-10-5.00520e-11-7.08260e-10-1.38993e-09-2.06316e-09
-2.68119e-09-3.17446e-09-3.48291e-09-3.58316e-09-3.47171e-09-3.15301e-09
-2.65046e-09-1.99734e-09-1.22842e-09-4.08278e-10 3.59724e-10 9.77424e-10
 1.38959e-09 1.58439e-09 1.59277e-09 1.49375e-09 1.39831e-09 1.43003e-09
 1.70707e-09 2.28659e-09 3.10949e-09 4.01217e-09 4.77237e-09 5.14019e-09
 4.87982e-09 3.83246e-09 1.95798e-09-6.37928e-10-3.67136e-09-6.69764e-09
-9.20249e-09-1.07050e-08-1.08342e-08-9.40456e-09-6.49402e-09-2.47795e-09
 2.00390e-09 6.15353e-09 9.20254e-09 1.06002e-08 1.01177e-08 7.88670e-09
 4.36853e-09 2.51215e-10-3.67757e-09-6.68359e-09-8.25859e-09-8.22800e-09
-6.76942e-09-4.35648e-09-1.62088e-09 8.11820e-10 2.46741e-09 3.14942e-09
 2.97590e-09 2.30155e-09 1.58906e-09 1.24448e-09 1.47248e-09 2.22719e-09
 3.23080e-09 4.06014e-09 4.30480e-09 3.71078e-09 2.27229e-09 2.60237e-10
-1.85852e-09-3.57387e-09-4.48278e-09-4.41311e-09-3.47769e-09-2.02831e-09
-5.45338e-10 5.12614e-10 8.65918e-10 5.03785e-10-3.24630e-10-1.20653e-09
-1.72712e-09-1.63296e-09-9.21573e-10 1.70699e-10 1.26193e-09 1.96741e-09
 2.04814e-09 1.50272e-09 5.73481e-10-3.38610e-10-8.38476e-10-6.99464e-10
 5.45669e-11 1.15959e-09 2.21111e-09 2.82253e-09 2.77165e-09 2.08337e-09
 1.01853e-09-3.82326e-11-7.37230e-10-8.98025e-10-5.80246e-10-5.55114e-11
 3.16864e-10 2.45509e-10-3.68763e-10-1.38665e-09-2.48721e-09-3.30025e-09
-3.55720e-09-3.20302e-09-2.41635e-09-1.51798e-09-8.15620e-10-4.67997e-10
-4.21070e-10-4.38848e-10-2.23184e-10 4.32177e-10 1.52588e-09 2.82488e-09
 3.95223e-09 4.54981e-09 4.43231e-09 3.66272e-09 2.52149e-09 1.37759e-09
 5.21824e-10 4.96418e-11-1.54894e-10-3.35262e-10-7.22740e-10-1.40774e-09
-2.28287e-09-3.09018e-09-3.55303e-09-3.52057e-09-3.04370e-09-2.34352e-09
-1.69506e-09-1.28874e-09-1.13769e-09-1.07492e-09-8.43055e-10-2.37560e-10
 7.69682e-10 1.99678e-09 3.12482e-09 3.83759e-09 3.96175e-09 3.53899e-09
 2.78922e-09 1.98877e-09 1.33542e-09 8.70577e-10 4.93524e-10 5.17150e-11
-5.47995e-10-1.26417e-09-1.92315e-09-2.30895e-09-2.29462e-09-1.92870e-09
-1.41733e-09-1.01398e-09-8.82717e-10-1.00980e-09-1.20951e-09-1.22315e-09
-8.63606e-10-1.26056e-10 8.02293e-10 1.63815e-09 2.14565e-09 2.24904e-09
 2.05507e-09 1.76990e-09 1.55821e-09 1.43891e-09 1.28979e-09 9.52241e-10
 3.56066e-10-4.17917e-10-1.16807e-09-1.67294e-09-1.81000e-09-1.62397e-09
-1.29335e-09-1.00664e-09-8.31729e-10-6.74830e-10-3.62703e-10 2.07815e-10
 9.54001e-10 1.60254e-09 1.80857e-09 1.33533e-09 1.87070e-10-1.38256e-09
-2.97893e-09-4.21638e-09-4.83076e-09-4.71726e-09-3.89765e-09-2.45532e-09
-5.04453e-10 1.76352e-09 4.00076e-09 5.69783e-09 6.31633e-09 5.51080e-09
 3.31336e-09 1.75928e-10-3.15076e-09-5.84715e-09-7.26961e-09-7.11101e-09
-5.42640e-09-2.55228e-09 1.00511e-09 4.65552e-09 7.78260e-09 9.80750e-09
 1.02897e-08 9.06586e-09 6.36907e-09 2.82377e-09-7.37965e-10-3.56151e-09
-5.19859e-09-5.57632e-09-4.92353e-09-3.63740e-09-2.15876e-09-8.89725e-10
-1.66256e-10 1.06120e-11
