      10
(6e12.5)
     0.0000e+00     0.0000e+00      0  0  0.00
     512   1.00000  0.0000e+00
 8.46001e-08 9.31058e-08 9.82435e-08 9.84327e-08 9.21142e-08 7.78915e-08
 5.46864e-08 2.19015e-08-2.04293e-08-7.15228e-08-1.29774e-07-1.92739e-07
-2.57185e-07-3.19199e-07-3.74358e-07-4.17939e-07-4.45167e-07-4.51514e-07
-4.33034e-07-3.86759e-07-3.11134e-07-2.06453e-07-7.52406e-08 7.75168e-08
 2.44324e-07 4.15339e-07 5.78739e-07 7.21293e-07 8.29156e-07 8.89010e-07
 8.89836e-07 8.25299e-07 6.95696e-07 5.08609e-07 2.78864e-07 2.78853e-08
-2.18812e-07-4.35841e-07-6.02257e-07-7.04962e-07-7.40825e-07-7.16973e-07
-6.48297e-07-5.52399e-07-4.44263e-07-3.33002e-07-2.22043e-07-1.12522e-07
-7.46174e-09 8.63550e-08 1.60475e-07 2.09436e-07 2.34031e-07 2.40129e-07
 2.34017e-07 2.18633e-07 1.94113e-07 1.61543e-07 1.25265e-07 9.08551e-08
 6.13157e-08 3.62689e-08 1.48793e-08-1.79366e-09-1.21928e-08-1.68635e-08
-1.80667e-08-1.71813e-08-1.41425e-08-9.40355e-09-4.60956e-09-8.81391e-10
 1.94177e-09 3.91334e-09 4.43013e-09 3.39909e-09 1.43495e-09-1.16988e-09
-4.39251e-09-7.81706e-09-1.10034e-08-1.38483e-08-1.62254e-08-1.79683e-08
-1.90889e-08-1.96524e-08-1.97040e-08-1.93314e-08-1.86273e-08-1.76568e-08
-1.64689e-08-1.50919e-08-1.35303e-08-1.17736e-08-9.80319e-09-7.60114e-09
-5.16134e-09-2.49908e-09 3.41547e-10 3.28360e-09 6.21803e-09 9.01018e-09
 1.15120e-08 1.35782e-08 1.50827e-08 1.59342e-08 1.60872e-08 1.55496e-08
 1.43823e-08 1.26937e-08 1.06272e-08 8.34497e-09 6.01036e-09 3.76978e-09
 1.73773e-09-1.35797e-11-1.45792e-09-2.61180e-09-3.52524e-09-4.26751e-09
-4.91020e-09-5.51030e-09-6.09706e-09-6.66563e-09-7.17814e-09-7.57101e-09
-7.76731e-09-7.69244e-09-7.29049e-09-6.53743e-09-5.44814e-09-4.07602e-09
-2.50586e-09-8.42011e-10 8.06319e-10 2.33957e-09 3.67980e-09 4.77758e-09
 5.61246e-09 6.18751e-09 6.52014e-09 6.63172e-09 6.53852e-09 6.24641e-09
 5.75073e-09 5.04099e-09 4.10897e-09 2.95825e-09 1.61323e-09 1.24380e-10
-1.43254e-09-2.96296e-09-4.36433e-09-5.53908e-09-6.40694e-09-6.91408e-09
-7.03764e-09-6.78443e-09-6.18466e-09-5.28319e-09-4.13132e-09-2.78093e-09
-1.28177e-09 3.16909e-10 1.96141e-09 3.58797e-09 5.11911e-09 6.46379e-09
 7.52274e-09 8.19891e-09 8.41118e-09 8.10760e-09 7.27478e-09 5.94178e-09
 4.17801e-09 2.08578e-09-2.10788e-10-2.57757e-09-4.88086e-09-6.99469e-09
-8.80473e-09-1.02096e-08-1.11215e-08-1.14686e-08-1.12000e-08-1.02932e-08
-8.76280e-09-6.66824e-09-4.11708e-09-1.26132e-09 1.71396e-09 4.60806e-09
 7.22454e-09 9.38979e-09 1.09672e-08 1.18654e-08 1.20402e-08 1.14927e-08
 1.02658e-08 8.44099e-09 6.13560e-09 3.49961e-09 7.10873e-10-2.03430e-09
-4.53538e-09-6.60552e-09-8.09084e-09-8.88794e-09-8.95627e-09-8.32234e-09
-7.07504e-09-5.35306e-09-3.32728e-09-1.18134e-09 9.06394e-10 2.77705e-09
 4.30112e-09 5.38507e-09 5.97568e-09 6.06264e-09 5.67917e-09 4.90006e-09
 3.83569e-09 2.62046e-09 1.39565e-09 2.89310e-10-6.02327e-10-1.22774e-09
-1.58456e-09-1.71436e-09-1.68881e-09-1.59074e-09-1.49547e-09-1.45695e-09
-1.50101e-09-1.62506e-09-1.80214e-09-1.98748e-09-2.12580e-09-2.15858e-09
-2.03131e-09-1.70171e-09-1.14906e-09-3.83428e-10 5.48581e-10 1.56487e-09
 2.55733e-09 3.40876e-09 4.01357e-09 4.29689e-09 4.22694e-09 3.81766e-09
 3.12117e-09 2.21328e-09 1.17687e-09 8.83603e-11-9.89907e-10-2.01114e-09
-2.94160e-09-3.75709e-09-4.44004e-09-4.97772e-09-5.36040e-09-5.57915e-09
-5.62301e-09-5.47664e-09-5.12081e-09-4.53729e-09-3.71810e-09-2.67665e-09
-1.45607e-09-1.30363e-10 1.20367e-09 2.44204e-09 3.49224e-09 4.28922e-09
 4.80352e-09 5.03957e-09 5.02614e-09 4.80380e-09 4.41414e-09 3.89357e-09
 3.27224e-09 2.57619e-09 1.83029e-09 1.06023e-09 2.93173e-10-4.42013e-10
-1.11391e-09-1.68739e-09-2.12421e-09-2.38724e-09-2.44823e-09-2.29695e-09
-1.94846e-09-1.44436e-09-8.45693e-10-2.19339e-10 3.77057e-10 9.05746e-10
 1.35149e-09 1.71569e-09 2.00529e-09 2.22222e-09 2.35808e-09 2.39574e-09
 2.31561e-09 2.10343e-09 1.75586e-09 1.28226e-09 7.03151e-10 4.75098e-11
-6.49771e-10-1.35002e-09-2.01369e-09-2.60447e-09-3.09386e-09-3.46379e-09
-3.70583e-09-3.81653e-09-3.79106e-09-3.61907e-09-3.28597e-09-2.78052e-09
-2.10565e-09-1.28691e-09-3.73589e-10 5.68856e-10 1.47203e-09 2.27800e-09
 2.94750e-09 3.46056e-09 3.81079e-09 3.99753e-09 4.01996e-09 3.87539e-09
 3.56116e-09 3.07813e-09 2.43378e-09 1.64450e-09 7.37550e-10-2.47179e-10
-1.25706e-09-2.22981e-09-3.10026e-09-3.80958e-09-4.31342e-09-4.58577e-09
-4.61686e-09-4.40719e-09-3.96210e-09-3.29091e-09-2.41154e-09-1.35784e-09
-1.84054e-10 1.03756e-09 2.22649e-09 3.30688e-09 4.21825e-09 4.92021e-09
 5.39055e-09 5.61962e-09 5.60474e-09 5.34718e-09 4.85196e-09 4.12944e-09
 3.19769e-09 2.08496e-09 8.32161e-10-5.05147e-10-1.85698e-09-3.14328e-09
-4.28277e-09-5.20328e-09-5.84961e-09-6.18571e-09-6.19195e-09-5.86089e-09
-5.19617e-09-4.21618e-09-2.96043e-09-1.49365e-09 9.64967e-11 1.70897e-09
 3.24261e-09 4.60771e-09 5.73166e-09 6.55859e-09 7.04632e-09 7.16419e-09
 6.89308e-09 6.22744e-09 5.17784e-09 3.77312e-09 2.06214e-09 1.14951e-10
-1.97780e-09-4.10924e-09-6.16480e-09-8.03285e-09-9.61395e-09-1.08256e-08
-1.16024e-08-1.18946e-08-1.16690e-08-1.09152e-08-9.65257e-09-7.93467e-09
-5.84556e-09-3.48927e-09-9.76802e-10 1.58311e-09 4.08702e-09 6.43532e-09
 8.53060e-09 1.02794e-08 1.15976e-08 1.24185e-08 1.26996e-08 1.24289e-08
 1.16267e-08 1.03465e-08 8.67317e-09 6.71680e-09 4.60514e-09 2.47496e-09
 4.65118e-10-1.28884e-09-2.66041e-09-3.54063e-09-3.84916e-09-3.54446e-09
-2.62809e-09-1.14145e-09 8.42064e-10 3.22444e-09 5.88608e-09 8.68471e-09
 1.14536e-08 1.40035e-08 1.61308e-08 1.76291e-08 1.83027e-08 1.79793e-08
 1.65208e-08 1.38344e-08 9.88122e-09 4.68399e-09-1.66933e-09-9.02527e-09
-1.71673e-08-2.58212e-08-3.46642e-08-4.33405e-08-5.14795e-08-5.87128e-08
-6.46864e-08-6.90675e-08-7.15497e-08-7.18620e-08-6.97842e-08-6.51649e-08
-5.79388e-08-4.81378e-08-3.58965e-08-2.14550e-08-5.15898e-09 1.25426e-08
 3.11048e-08 4.99030e-08 6.82571e-08 8.54614e-08 1.00816e-07 1.13659e-07
 1.23392e-07 1.29508e-07 1.31608e-07 1.29422e-07 1.22823e-07 1.11844e-07
 9.66924e-08 7.77639e-08 5.56377e-08 3.10647e-08 4.94348e-09-2.17121e-08
-4.78076e-08-7.22073e-08-9.37825e-08-1.11473e-07-1.24358e-07-1.31728e-07
-1.33155e-07-1.28536e-07-1.18130e-07-1.02549e-07-8.27372e-08-5.99165e-08
-3.55183e-08-1.10943e-08 1.17865e-08 3.16508e-08 4.72390e-08 5.76177e-08
 6.22801e-08 6.12251e-08 5.50056e-08 4.47396e-08 3.20741e-08 1.90922e-08
 8.15962e-09 1.75667e-09
     0.0000e+00     0.0000e+00      0  0  0.00
     512   1.00000  0.0000e+00
-4.70739e-09-3.06890e-09-3.27257e-10 3.57107e-09 8.58539e-09 1.45621e-08
 2.12221e-08 2.81587e-08 3.48494e-08 4.06872e-08 4.50245e-08 4.72195e-08
 4.66748e-08 4.28774e-08 3.54438e-08 2.41712e-08 9.09123e-09-9.47574e-09
-3.08720e-08-5.40697e-08-7.76681e-08-9.99352e-08-1.18902e-07-1.32503e-07
-1.38742e-07-1.35866e-07-1.22541e-07-9.80334e-08-6.23920e-08-1.66956e-08
 3.64122e-08 9.20160e-08 1.43008e-07 1.81795e-07 2.02745e-07 2.03549e-07
 1.84915e-07 1.49809e-07 1.03247e-07 5.20607e-08 3.68877e-09-3.57418e-08
-6.30279e-08-7.85181e-08-8.54216e-08-8.78388e-08-8.83967e-08-8.69981e-08
-8.15891e-08-7.04152e-08-5.40921e-08-3.58020e-08-1.93489e-08-6.68461e-09
 2.89348e-09 1.11511e-08 1.85930e-08 2.39025e-08 2.56916e-08 2.43644e-08
 2.17582e-08 1.91043e-08 1.60613e-08 1.20086e-08 7.53045e-09 3.86743e-09
 1.34708e-09-6.58843e-10-2.35598e-09-3.17496e-09-2.90343e-09-2.10641e-09
-1.16027e-09 1.35172e-10 1.75580e-09 3.24686e-09 4.43259e-09 5.44062e-09
 6.15668e-09 6.39452e-09 6.22473e-09 5.71206e-09 4.81945e-09 3.61493e-09
 2.21289e-09 6.85074e-10-8.71545e-10-2.34487e-09-3.64828e-09-4.71001e-09
-5.47572e-09-5.91684e-09-6.02636e-09-5.81658e-09-5.31889e-09-4.58175e-09
-3.66842e-09-2.65336e-09-1.61635e-09-6.35136e-10 2.22316e-10 9.04185e-10
 1.37958e-09 1.64134e-09 1.70590e-09 1.60943e-09 1.40081e-09 1.13334e-09
 8.57290e-10 6.14435e-10 4.34762e-10 3.35006e-10 3.18475e-10 3.75794e-10
 4.86639e-10 6.23027e-10 7.54337e-10 8.53024e-10 8.99149e-10 8.82478e-10
 8.02466e-10 6.67387e-10 4.93346e-10 3.02530e-10 1.19533e-10-3.41671e-11
-1.45459e-10-2.11906e-10-2.40488e-10-2.44606e-10-2.41226e-10-2.48165e-10
-2.80660e-10-3.47443e-10-4.47849e-10-5.71372e-10-6.99926e-10-8.11913e-10
-8.86729e-10-9.08668e-10-8.69723e-10-7.71045e-10-6.22692e-10-4.41393e-10
-2.46567e-10-5.56165e-11 1.19869e-10 2.75703e-10 4.14213e-10 5.41629e-10
 6.64685e-10 7.87129e-10 9.06863e-10 1.01454e-09 1.09420e-09 1.12615e-09
 1.09161e-09 9.78088e-10 7.83989e-10 5.20753e-10 2.11605e-10-1.12662e-10
-4.19283e-10-6.78773e-10-8.68719e-10-9.75753e-10-9.95606e-10-9.31634e-10
-7.92472e-10-5.89274e-10-3.32975e-10-3.28851e-11 3.02129e-10 6.60262e-10
 1.02326e-09 1.36477e-09 1.65151e-09 1.84708e-09 1.91791e-09 1.83991e-09
 1.60381e-09 1.21782e-09 7.06776e-10 1.08441e-10-5.32247e-10-1.16951e-09
-1.76192e-09-2.27534e-09-2.68369e-09-2.96827e-09-3.11646e-09-3.12073e-09
-2.97832e-09-2.69191e-09-2.27130e-09-1.73583e-09-1.11623e-09-4.54515e-10
 1.98944e-10 7.91169e-10 1.27455e-09 1.61500e-09 1.79755e-09 1.82739e-09
 1.72617e-09 1.52518e-09 1.25828e-09 9.57085e-10 6.49612e-10 3.61311e-10
 1.16590e-10-6.09029e-11-1.49994e-10-1.35704e-10-1.41354e-11 2.03424e-10
 4.89447e-10 8.03197e-10 1.09722e-09 1.32583e-09 1.45363e-09 1.46195e-09
 1.35090e-09 1.13668e-09 8.46052e-10 5.10685e-10 1.63133e-10-1.65426e-10
-4.46408e-10-6.54892e-10-7.71339e-10-7.84407e-10-6.94273e-10-5.14847e-10
-2.73406e-10-7.41203e-12 2.40783e-10 4.30629e-10 5.30643e-10 5.24470e-10
 4.13279e-10 2.13146e-10-5.12642e-11-3.53438e-10-6.69404e-10-9.79185e-10
-1.26660e-09-1.51885e-09-1.72640e-09-1.88286e-09-1.98459e-09-2.03010e-09
-2.01964e-09-1.95450e-09-1.83566e-09-1.66197e-09-1.42905e-09-1.13053e-09
-7.62252e-10-3.27776e-10 1.57557e-10 6.66199e-10 1.16192e-09 1.60593e-09
 1.96361e-09 2.21010e-09 2.33335e-09 2.33416e-09 2.22372e-09 2.01983e-09
 1.74365e-09 1.41760e-09 1.06438e-09 7.06349e-10 3.64648e-10 5.76575e-11
-2.00652e-10-4.01404e-10-5.39753e-10-6.12508e-10-6.15957e-10-5.45482e-10
-3.97682e-10-1.74417e-10 1.12877e-10 4.40791e-10 7.75233e-10 1.07666e-09
 1.30759e-09 1.43957e-09 1.45740e-09 1.35955e-09 1.15558e-09 8.61926e-10
 4.98203e-10 8.52295e-11-3.55374e-10-8.01176e-10-1.22934e-09-1.61755e-09
-1.94505e-09-2.19365e-09-2.34805e-09-2.39582e-09-2.32788e-09-2.14048e-09
-1.83843e-09-1.43785e-09-9.66700e-10-4.61926e-10 3.63518e-11 4.91934e-10
 8.78522e-10 1.18244e-09 1.40132e-09 1.53981e-09 1.60457e-09 1.60079e-09
 1.53148e-09 1.39891e-09 1.20677e-09 9.61785e-10 6.74329e-10 3.58064e-10
 2.91470e-11-2.94725e-10-5.95299e-10-8.54914e-10-1.05811e-09-1.19359e-09
-1.25574e-09-1.24483e-09-1.16547e-09-1.02437e-09-8.28921e-10-5.87459e-10
-3.11008e-10-1.50035e-11 2.80473e-10 5.52799e-10 7.80979e-10 9.50384e-10
 1.05590e-09 1.10192e-09 1.09904e-09 1.05923e-09 9.91617e-10 9.00490e-10
 7.85658e-10 6.44378e-10 4.73888e-10 2.73902e-10 4.86405e-11-1.92076e-10
-4.33117e-10-6.55855e-10-8.41268e-10-9.73668e-10-1.04389e-09-1.05070e-09
-9.99626e-10-9.00046e-10-7.62140e-10-5.95708e-10-4.11032e-10-2.20289e-10
-3.75463e-11 1.23504e-10 2.53082e-10 3.48229e-10 4.13454e-10 4.58549e-10
 4.94281e-10 5.27769e-10 5.59591e-10 5.83758e-10 5.90072e-10 5.67380e-10
 5.06592e-10 4.03320e-10 2.60155e-10 8.78988e-11-9.54750e-11-2.68631e-10
-4.12156e-10-5.12911e-10-5.65592e-10-5.71387e-10-5.35145e-10-4.62990e-10
-3.61666e-10-2.39532e-10-1.07601e-10 2.14406e-11 1.36871e-10 2.34408e-10
 3.18215e-10 3.98296e-10 4.84210e-10 5.78663e-10 6.74331e-10 7.54852e-10
 7.98577e-10 7.83143e-10 6.89725e-10 5.06597e-10 2.31833e-10-1.25210e-10
-5.44091e-10-9.95614e-10-1.44629e-09-1.86385e-09-2.22191e-09-2.50193e-09
-2.69251e-09-2.78771e-09-2.78643e-09-2.69244e-09-2.51323e-09-2.25617e-09
-1.92322e-09-1.50748e-09-9.94266e-10-3.66653e-10 3.86651e-10 1.26428e-09
 2.24835e-09 3.30475e-09 4.38692e-09 5.44138e-09 6.41305e-09 7.24908e-09
 7.90186e-09 8.33165e-09 8.50897e-09 8.41580e-09 8.04547e-09 7.40148e-09
 6.49579e-09 5.34632e-09 3.97394e-09 2.40066e-09 6.51293e-10-1.24109e-09
-3.22851e-09-5.24480e-09-7.20818e-09-9.02887e-09-1.06185e-08-1.18986e-08
-1.28078e-08-1.33081e-08-1.33895e-08-1.30752e-08-1.24224e-08-1.15193e-08
-1.04771e-08-9.41614e-09-8.45296e-09-7.68763e-09-7.19506e-09-7.01773e-09
-7.15919e-09-7.57877e-09-8.18942e-09-8.85913e-09-9.41476e-09-9.64789e-09
-9.32383e-09-8.19617e-09-6.02785e-09-2.61710e-09 2.17392e-09 8.39006e-09
 1.59554e-08 2.46499e-08 3.40945e-08 4.37486e-08 5.29245e-08 6.08174e-08
 6.65533e-08 6.92536e-08 6.81132e-08 6.24995e-08 5.20837e-08 3.69975e-08
 1.79629e-08-3.68219e-09-2.60997e-08-4.71951e-08-6.49372e-08-7.76796e-08
-8.44087e-08-8.48584e-08-7.94712e-08-6.92324e-08-5.54463e-08-3.95386e-08
-2.29205e-08-6.90179e-09 7.37845e-09 1.90113e-08 2.73685e-08 3.21434e-08
 3.33749e-08 3.14414e-08 2.70165e-08 2.09908e-08 1.43719e-08 8.18019e-09
 3.35933e-09 7.01151e-10
     0.0000e+00     0.0000e+00      0  0  0.00
     512   1.00000  0.0000e+00
-3.91576e-08-1.73649e-08 8.21344e-09 3.61183e-08 6.44497e-08 9.09454e-08
 1.13106e-07 1.28386e-07 1.34526e-07 1.29943e-07 1.14063e-07 8.75783e-08
 5.26065e-08 1.24959e-08-2.87310e-08-6.70596e-08-9.91989e-08-1.23158e-07
-1.38329e-07-1.45006e-07-1.43682e-07-1.34610e-07-1.17899e-07-9.40557e-08
-6.44600e-08-3.12129e-08 3.52595e-09 3.80978e-08 7.13687e-08 1.02491e-07
 1.30782e-07 1.55425e-07 1.74894e-07 1.86924e-07 1.89279e-07 1.80446e-07
 1.59752e-07 1.27297e-07 8.40121e-08 3.19382e-08-2.55254e-08-8.37777e-08
-1.37554e-07-1.81687e-07-2.11953e-07-2.25768e-07-2.22540e-07-2.03622e-07
-1.71858e-07-1.30932e-07-8.48597e-08-3.77104e-08 6.69517e-09 4.52677e-08
 7.61719e-08 9.88911e-08 1.13533e-07 1.20022e-07 1.18225e-07 1.08941e-07
 9.42598e-08 7.65332e-08 5.72943e-08 3.75692e-08 1.86759e-08 1.98477e-09
-1.17543e-08-2.22565e-08-2.93075e-08-3.29644e-08-3.36687e-08-3.19142e-08
-2.81993e-08-2.31884e-08-1.75278e-08-1.17083e-08-6.19927e-09-1.39442e-09
 2.49362e-09 5.33182e-09 7.06357e-09 7.76289e-09 7.55001e-09 6.57911e-09
 5.05963e-09 3.18761e-09 1.14693e-09-8.81585e-10-2.76511e-09-4.39976e-09
-5.70757e-09-6.65695e-09-7.23604e-09-7.45632e-09-7.35351e-09-6.96571e-09
-6.34125e-09-5.52992e-09-4.57553e-09-3.52319e-09-2.41055e-09-1.27189e-09
-1.40041e-10 9.57245e-10 1.99220e-09 2.94019e-09 3.77864e-09 4.48651e-09
 5.04701e-09 5.44665e-09 5.67756e-09 5.73770e-09 5.63117e-09 5.36854e-09
 4.96528e-09 4.44101e-09 3.81803e-09 3.12005e-09 2.37092e-09 1.59375e-09
 8.10555e-10 4.17296e-11-6.94169e-10-1.38021e-09-2.00086e-09-2.54175e-09
-2.98932e-09-3.33135e-09-3.55798e-09-3.66228e-09-3.64090e-09-3.49548e-09
-3.23357e-09-2.86848e-09-2.41905e-09-1.90921e-09-1.36598e-09-8.17094e-10
-2.89248e-10 1.93768e-10 6.13282e-10 9.56542e-10 1.21654e-09 1.39207e-09
 1.48714e-09 1.50943e-09 1.46917e-09 1.37871e-09 1.25160e-09 1.10201e-09
 9.44763e-10 7.94943e-10 6.66683e-10 5.72462e-10 5.22706e-10 5.24680e-10
 5.80989e-10 6.88761e-10 8.39440e-10 1.01889e-09 1.20853e-09 1.38725e-09
 1.53278e-09 1.62312e-09 1.63892e-09 1.56550e-09 1.39388e-09 1.12119e-09
 7.50352e-10 2.89474e-10-2.48424e-10-8.45705e-10-1.48037e-09-2.12678e-09
-2.75721e-09-3.34291e-09-3.85479e-09-4.26514e-09-4.54984e-09-4.69035e-09
-4.67570e-09-4.50337e-09-4.17879e-09-3.71451e-09-3.12901e-09-2.44545e-09
-1.69073e-09-8.93989e-10-8.47113e-11 7.08386e-10 1.45801e-09 2.13947e-09
 2.73170e-09 3.21801e-09 3.58730e-09 3.83491e-09 3.96227e-09 3.97611e-09
 3.88737e-09 3.70968e-09 3.45763e-09 3.14531e-09 2.78555e-09 2.38913e-09
 1.96433e-09 1.51744e-09 1.05389e-09 5.78994e-10 9.89467e-11-3.78045e-10
-8.41880e-10-1.28118e-09-1.68284e-09-2.03175e-09-2.31169e-09-2.50579e-09
-2.59702e-09-2.57010e-09-2.41383e-09-2.12274e-09-1.69906e-09-1.15413e-09
-5.07876e-10 2.12632e-10 9.74375e-10 1.73992e-09 2.46924e-09 3.12137e-09
 3.65608e-09 4.03599e-09 4.22871e-09 4.20911e-09 3.96169e-09 3.48307e-09
 2.78470e-09 1.89437e-09 8.56317e-10-2.69895e-10-1.41231e-09-2.49143e-09
-3.42598e-09-4.13980e-09-4.56998e-09-4.67419e-09-4.43671e-09-3.87214e-09
-3.02567e-09-1.97008e-09-7.99605e-10 3.79249e-10 1.45851e-09 2.33985e-09
 2.94485e-09 3.22216e-09 3.15079e-09 2.74030e-09 2.02783e-09 1.07288e-09
-4.89214e-11-1.25282e-09-2.45197e-09-3.56347e-09-4.51336e-09-5.24076e-09
-5.70088e-09-5.86730e-09-5.73325e-09-5.31138e-09-4.63242e-09-3.74270e-09
-2.70016e-09-1.56959e-09-4.17599e-10 6.92742e-10 1.70676e-09 2.58159e-09
 3.28802e-09 3.81070e-09 4.14640e-09 4.30145e-09 4.28911e-09 4.12725e-09
 3.83704e-09 3.44261e-09 2.97088e-09 2.45123e-09 1.91493e-09 1.39343e-09
 9.16052e-10 5.07497e-10 1.85637e-10-3.96980e-11-1.66524e-10-1.99711e-10
-1.49444e-10-2.93902e-11 1.44596e-10 3.55156e-10 5.83942e-10 8.11866e-10
 1.01922e-09 1.18624e-09 1.29425e-09 1.32710e-09 1.27288e-09 1.12528e-09
 8.84436e-10 5.57291e-10 1.57132e-10-2.97773e-10-7.85941e-10-1.28431e-09
-1.76959e-09-2.21912e-09-2.61115e-09-2.92529e-09-3.14304e-09-3.24858e-09
-3.23001e-09-3.08071e-09-2.80034e-09-2.39564e-09-1.88046e-09-1.27508e-09
-6.04977e-10 1.00328e-10 8.08502e-10 1.48578e-09 2.09869e-09 2.61610e-09
 3.01108e-09 3.26248e-09 3.35629e-09 3.28663e-09 3.05618e-09 2.67589e-09
 2.16432e-09 1.54662e-09 8.53241e-10 1.18401e-10-6.21813e-10-1.33145e-09
-1.97671e-09-2.52762e-09-2.95911e-09-3.25161e-09-3.39154e-09-3.37180e-09
-3.19213e-09-2.85909e-09-2.38609e-09-1.79361e-09-1.10924e-09-3.66987e-10
 3.94330e-10 1.13324e-09 1.80810e-09 2.37992e-09 2.81532e-09 3.08915e-09
 3.18647e-09 3.10388e-09 2.84985e-09 2.44424e-09 1.91685e-09 1.30507e-09
 6.50503e-10-5.28512e-12-6.25307e-10-1.18069e-09-1.65236e-09-2.03112e-09
-2.31633e-09-2.51338e-09-2.62985e-09-2.67112e-09-2.63687e-09-2.51910e-09
-2.30197e-09-1.96345e-09-1.47930e-09-8.28800e-10-1.26053e-12 9.98188e-10
 2.14453e-09 3.39133e-09 4.67196e-09 5.90344e-09 6.99230e-09 7.84230e-09
 8.36364e-09 8.48250e-09 8.14923e-09 7.34349e-09 6.07646e-09 4.39060e-09
 2.35697e-09 7.03497e-11-2.35701e-09-4.80159e-09-7.13463e-09-9.22900e-09
-1.09670e-08-1.22486e-08-1.29980e-08-1.31695e-08-1.27512e-08-1.17656e-08
-1.02690e-08-8.34796e-09-6.11331e-09-3.69323e-09-1.22441e-09 1.15652e-09
 3.32107e-09 5.15642e-09 6.57202e-09 7.50413e-09 7.91787e-09 7.80781e-09
 7.19842e-09 6.14411e-09 4.72742e-09 3.05496e-09 1.25218e-09-5.42725e-10
-2.18647e-09-3.53954e-09-4.47512e-09-4.88665e-09-4.69415e-09-3.84947e-09
-2.34038e-09-1.93056e-10 2.52746e-09 5.71859e-09 9.24337e-09 1.29349e-08
 1.66020e-08 2.00357e-08 2.30191e-08 2.53380e-08 2.67930e-08 2.72088e-08
 2.64436e-08 2.43971e-08 2.10179e-08 1.63087e-08 1.03287e-08 3.19560e-09
-4.91285e-09-1.37612e-08-2.30626e-08-3.24886e-08-4.16794e-08-5.02563e-08
-5.78361e-08-6.40478e-08-6.85492e-08-7.10422e-08-7.12869e-08-6.91131e-08
-6.44308e-08-5.72374e-08-4.76233e-08-3.57748e-08-2.19742e-08-6.59618e-09
 9.89852e-09 2.69760e-08 4.40474e-08 6.04898e-08 7.56682e-08 8.89586e-08
 9.97752e-08 1.07598e-07 1.12000e-07 1.12666e-07 1.09419e-07 1.02233e-07
 9.12440e-08 7.67590e-08 5.92479e-08 3.93343e-08 1.77736e-08-4.57854e-09
-2.68016e-08-4.79429e-08-6.70522e-08-8.32234e-08-9.56456e-08-1.03661e-07
-1.06824e-07-1.04951e-07-9.81569e-08-8.68608e-08-7.17747e-08-5.38647e-08
-3.42975e-08-1.43678e-08 4.58992e-09 2.13014e-08 3.46571e-08 4.38148e-08
 4.82926e-08 4.80407e-08 4.34844e-08 3.55306e-08 2.55312e-08 1.51998e-08
 6.48440e-09 1.39212e-09
     0.0000e+00     0.0000e+00      0  0  0.00
     512   1.00000  0.0000e+00
-3.05451e-08-3.24144e-08-3.23113e-08-2.99895e-08-2.53511e-08-1.84815e-08
-9.67404e-09 5.32308e-10 1.12210e-08 2.09509e-08 2.79281e-08 3.05752e-08
 2.80657e-08 2.05066e-08 8.90617e-09-4.94682e-09-1.87832e-08-3.03409e-08
-3.78799e-08-4.05149e-08-3.81670e-08-3.10935e-08-1.93688e-08-2.87544e-09
 1.81149e-08 4.23377e-08 6.75069e-08 9.08255e-08 1.09494e-07 1.20954e-07
 1.23132e-07 1.14812e-07 9.58143e-08 6.66384e-08 2.80436e-08-1.84405e-08
-6.95987e-08-1.20593e-07-1.65614e-07-1.98395e-07-2.13148e-07-2.05921e-07
-1.75755e-07-1.25540e-07-6.22414e-08 4.18812e-09 6.31957e-08 1.06501e-07
 1.30501e-07 1.37026e-07 1.31699e-07 1.20517e-07 1.06555e-07 8.90508e-08
 6.58405e-08 3.73281e-08 8.09332e-09-1.60406e-08-3.26407e-08-4.35593e-08
-5.10966e-08-5.48534e-08-5.34152e-08-4.74006e-08-3.89073e-08-2.91537e-08
-1.85695e-08-8.11604e-09 1.16362e-09 8.92704e-09 1.49362e-08 1.88024e-08
 2.05686e-08 2.05417e-08 1.88799e-08 1.59026e-08 1.21113e-08 7.84890e-09
 3.45627e-09-6.63189e-10-4.27814e-09-7.22040e-09-9.32331e-09-1.05708e-08
-1.09955e-08-1.06408e-08-9.64908e-09-8.16318e-09-6.32104e-09-4.29959e-09
-2.23635e-09-2.55157e-10 1.52284e-09 3.02715e-09 4.20013e-09 5.01023e-09
 5.46380e-09 5.57323e-09 5.37600e-09 4.92092e-09 4.25738e-09 3.44661e-09
 2.54430e-09 1.60583e-09 6.83036e-10-1.83462e-10-9.57171e-10-1.61152e-09
-2.12676e-09-2.48977e-09-2.69561e-09-2.74468e-09-2.64496e-09-2.40980e-09
-2.05682e-09-1.60719e-09-1.08450e-09-5.15186e-10 7.27038e-11 6.50447e-10
 1.19062e-09 1.66842e-09 2.06215e-09 2.35406e-09 2.53097e-09 2.58445e-09
 2.51131e-09 2.31437e-09 2.00204e-09 1.58694e-09 1.08577e-09 5.19455e-10
-8.80944e-11-7.11280e-10-1.32329e-09-1.89707e-09-2.40684e-09-2.82894e-09
-3.14331e-09-3.33556e-09-3.39734e-09-3.32511e-09-3.12048e-09-2.79191e-09
-2.35521e-09-1.83188e-09-1.24662e-09-6.24834e-10 8.25548e-12 6.26621e-10
 1.20332e-09 1.71377e-09 2.14001e-09 2.47199e-09 2.70534e-09 2.83814e-09
 2.87049e-09 2.80777e-09 2.66397e-09 2.45980e-09 2.21640e-09 1.95093e-09
 1.67784e-09 1.41235e-09 1.17162e-09 9.71407e-10 8.20595e-10 7.18767e-10
 6.59897e-10 6.38499e-10 6.51611e-10 6.94999e-10 7.58919e-10 8.28977e-10
 8.91045e-10 9.35126e-10 9.54884e-10 9.43652e-10 8.91187e-10 7.85072e-10
 6.15350e-10 3.77513e-10 7.15632e-11-3.00811e-10-7.37517e-10-1.23436e-09
-1.78203e-09-2.36485e-09-2.96260e-09-3.55376e-09-4.11725e-09-4.63194e-09
-5.07568e-09-5.42581e-09-5.66094e-09-5.76351e-09-5.72177e-09-5.52966e-09
-5.18544e-09-4.69146e-09-4.05527e-09-3.29033e-09-2.41609e-09-1.45691e-09
-4.39840e-10 6.06357e-10 1.65048e-09 2.65925e-09 3.59951e-09 4.44017e-09
 5.15342e-09 5.71604e-09 6.11042e-09 6.32550e-09 6.35853e-09 6.21585e-09
 5.91111e-09 5.46351e-09 4.89791e-09 4.24512e-09 3.53958e-09 2.81544e-09
 2.10328e-09 1.42879e-09 8.14018e-10 2.79144e-10-1.58686e-10-4.88608e-10
-7.07152e-10-8.15793e-10-8.18235e-10-7.20850e-10-5.36694e-10-2.90489e-10
-2.04044e-11 2.25470e-10 3.95188e-10 4.37015e-10 3.01477e-10-5.41345e-11
-6.56383e-10-1.50439e-09-2.56272e-09-3.76290e-09-5.01259e-09-6.20681e-09
-7.23764e-09-8.00379e-09-8.42275e-09-8.44445e-09-8.06075e-09-7.30566e-09
-6.24633e-09-4.96938e-09-3.56763e-09-2.13014e-09-7.34956e-10 5.57330e-10
 1.70786e-09 2.69892e-09 3.52779e-09 4.19810e-09 4.71301e-09 5.07366e-09
 5.28210e-09 5.34525e-09 5.27749e-09 5.10108e-09 4.84502e-09 4.54260e-09
 4.22729e-09 3.92740e-09 3.66045e-09 3.42968e-09 3.22445e-09 3.02537e-09
 2.81204e-09 2.57014e-09 2.29566e-09 1.99532e-09 1.68370e-09 1.37837e-09
 1.09467e-09 8.41341e-10 6.18441e-10 4.18223e-10 2.28709e-10 3.86444e-11
-1.58093e-10-3.60864e-10-5.64348e-10-7.63161e-10-9.56810e-10-1.15286e-09
-1.36671e-09-1.61771e-09-1.92306e-09-2.29124e-09-2.71717e-09-3.18055e-09
-3.64843e-09-4.08094e-09-4.43856e-09-4.68830e-09-4.80700e-09-4.78099e-09
-4.60323e-09-4.26972e-09-3.77781e-09-3.12734e-09-2.32435e-09-1.38564e-09
-3.42196e-10 7.60348e-10 1.86514e-09 2.91087e-09 3.83960e-09 4.60338e-09
 5.16778e-09 5.51187e-09 5.62525e-09 5.50444e-09 5.15079e-09 4.57137e-09
 3.78216e-09 2.81186e-09 1.70411e-09 5.16514e-10-6.84190e-10-1.82967e-09
-2.85781e-09-3.71813e-09-4.37351e-09-4.79892e-09-4.97855e-09-4.90368e-09
-4.57293e-09-3.99513e-09-3.19339e-09-2.20786e-09-1.09511e-09 7.66847e-11
 1.23531e-09 2.31280e-09 3.25172e-09 4.00752e-09 4.54731e-09 4.84719e-09
 4.89056e-09 4.66905e-09 4.18553e-09 3.45784e-09 2.52103e-09 1.42624e-09
 2.35781e-10-9.84035e-10-2.16934e-09-3.26204e-09-4.20962e-09-4.96294e-09
-5.47450e-09-5.69956e-09-5.60149e-09-5.15980e-09-4.37786e-09-3.28699e-09
-1.94590e-09-4.35568e-10 1.14848e-09 2.70438e-09 4.13072e-09 5.33183e-09
 6.22337e-09 6.73944e-09 6.84120e-09 6.52444e-09 5.82284e-09 4.80468e-09
 3.56218e-09 2.19583e-09 7.98254e-10-5.57447e-10-1.82179e-09-2.96635e-09
-3.97734e-09-4.84851e-09-5.57523e-09-6.15082e-09-6.56432e-09-6.79869e-09
-6.82950e-09-6.62608e-09-6.15654e-09-5.39654e-09-4.33949e-09-3.00515e-09
-1.44293e-09 2.72313e-10 2.05084e-09 3.80051e-09 5.43605e-09 6.88240e-09
 8.07342e-09 8.94960e-09 9.45788e-09 9.55489e-09 9.21285e-09 8.42593e-09
 7.21423e-09 5.62447e-09 3.72836e-09 1.62017e-09-5.86642e-10-2.76475e-09
-4.78071e-09-6.50585e-09-7.82936e-09-8.67058e-09-8.98562e-09-8.76613e-09
-8.03245e-09-6.82612e-09-5.20586e-09-3.24831e-09-1.05138e-09 1.26365e-09
 3.55468e-09 5.66750e-09 7.44870e-09 8.75848e-09 9.48019e-09 9.52666e-09
 8.84523e-09 7.42193e-09 5.28446e-09 2.50269e-09-8.14089e-10-4.52399e-09
-8.46048e-09-1.24378e-08-1.62523e-08-1.96846e-08-2.25043e-08-2.44829e-08
-2.54107e-08-2.51160e-08-2.34813e-08-2.04520e-08-1.60388e-08-1.03154e-08
-3.41776e-09 4.45358e-09 1.30323e-08 2.19897e-08 3.09436e-08 3.94716e-08
 4.71282e-08 5.34645e-08 5.80505e-08 6.05009e-08 6.05036e-08 5.78482e-08
 5.24478e-08 4.43507e-08 3.37441e-08 2.09530e-08 6.43661e-09-9.21915e-09
-2.53157e-08-4.10677e-08-5.56428e-08-6.82141e-08-7.80177e-08-8.44069e-08
-8.69016e-08-8.52316e-08-7.93730e-08-6.95709e-08-5.63449e-08-4.04759e-08
-2.29714e-08-5.01138e-09 1.21267e-08 2.71692e-08 3.89923e-08 4.68104e-08
 5.03521e-08 4.99418e-08 4.64379e-08 4.10396e-08 3.50140e-08 2.94195e-08
 2.49017e-08 2.16183e-08 1.93048e-08 1.74474e-08 1.54881e-08 1.29846e-08
 9.69355e-09 5.59163e-09 8.59504e-10-4.15774e-09-9.00360e-09-1.31678e-08
-1.61500e-08-1.75373e-08-1.70958e-08-1.48631e-08-1.12195e-08-6.90948e-09
-2.99741e-09-6.45713e-10
     0.0000e+00     0.0000e+00      0  0  0.00
     512   1.00000  0.0000e+00
 1.46526e-08-2.35315e-08-6.64941e-08-1.11637e-07-1.55696e-07-1.94893e-07
-2.25157e-07-2.42420e-07-2.43033e-07-2.24297e-07-1.85131e-07-1.26791e-07
-5.32551e-08 2.91360e-08 1.12613e-07 1.89199e-07 2.52169e-07 2.97345e-07
 3.23456e-07 3.31333e-07 3.22486e-07 2.98004e-07 2.58450e-07 2.04835e-07
 1.39728e-07 6.73083e-08-7.79472e-09-8.17016e-08-1.51484e-07-2.14752e-07
-2.69400e-07-3.13059e-07-3.42337e-07-3.53448e-07-3.43997e-07-3.14000e-07
-2.65857e-07-2.03817e-07-1.32940e-07-5.84427e-08 1.45273e-08 8.15978e-08
 1.39935e-07 1.88274e-07 2.26329e-07 2.53797e-07 2.69375e-07 2.70583e-07
 2.54743e-07 2.20845e-07 1.71568e-07 1.13943e-07 5.72346e-08 8.71474e-09
-2.97625e-08-6.11218e-08-8.82195e-08-1.09510e-07-1.20463e-07-1.19318e-07
-1.09631e-07-9.61695e-08-8.03910e-08-6.18733e-08-4.19880e-08-2.33373e-08
-7.10975e-09 6.51292e-09 1.68449e-08 2.34350e-08 2.67351e-08 2.71471e-08
 2.49034e-08 2.07293e-08 1.53999e-08 9.38070e-09 3.28683e-09-2.27744e-09
-7.03207e-09-1.06985e-08-1.30489e-08-1.41197e-08-1.39639e-08-1.26741e-08
-1.05024e-08-7.66460e-09-4.38047e-09-9.29351e-10 2.48918e-09 5.68771e-09
 8.48547e-09 1.07879e-08 1.25126e-08 1.36170e-08 1.41182e-08 1.40349e-08
 1.34250e-08 1.23635e-08 1.09217e-08 9.19170e-09 7.25526e-09 5.19275e-09
 3.08475e-09 9.96562e-10-1.00753e-09-2.87598e-09-4.56643e-09-6.04111e-09
-7.27223e-09-8.23544e-09-8.91475e-09-9.30146e-09-9.39403e-09-9.20007e-09
-8.73357e-09-8.01549e-09-7.07212e-09-5.93506e-09-4.64162e-09-3.23464e-09
-1.76228e-09-2.75833e-10 1.17250e-09 2.53193e-09 3.75539e-09 4.80148e-09
 5.63585e-09 6.23269e-09 6.57653e-09 6.66277e-09 6.49708e-09 6.09480e-09
 5.48019e-09 4.68557e-09 3.75048e-09 2.72051e-09 1.64467e-09 5.72249e-10
-4.49865e-10-1.37988e-09-2.18312e-09-2.83241e-09-3.30863e-09-3.60310e-09
-3.71876e-09-3.66830e-09-3.47155e-09-3.15442e-09-2.74850e-09-2.29033e-09
-1.81970e-09-1.37539e-09-9.90197e-10-6.88673e-10-4.87844e-10-3.97729e-10
-4.19785e-10-5.44843e-10-7.52730e-10-1.01444e-09-1.29634e-09-1.56335e-09
-1.77900e-09-1.90551e-09-1.90747e-09-1.75775e-09-1.44162e-09-9.57650e-10
-3.16154e-10 4.62575e-10 1.34889e-09 2.30404e-09 3.28165e-09 4.23183e-09
 5.10668e-09 5.86343e-09 6.46479e-09 6.87954e-09 7.08450e-09 7.06694e-09
 6.82610e-09 6.37228e-09 5.72388e-09 4.90512e-09 3.94484e-09 2.87625e-09
 1.73646e-09 5.64907e-10-5.99085e-10-1.71772e-09-2.75556e-09-3.68109e-09
-4.46814e-09-5.09681e-09-5.55447e-09-5.83588e-09-5.94240e-09-5.88147e-09
-5.66647e-09-5.31563e-09-4.85069e-09-4.29643e-09-3.68046e-09-3.03153e-09
-2.37667e-09-1.73856e-09-1.13432e-09-5.75896e-10-7.19951e-11 3.70624e-10
 7.48293e-10 1.06173e-09 1.31487e-09 1.51279e-09 1.66045e-09 1.76118e-09
 1.81514e-09 1.81870e-09 1.76424e-09 1.64053e-09 1.43572e-09 1.14098e-09
 7.51821e-10 2.68280e-10-3.03635e-10-9.49422e-10-1.64373e-09-2.34932e-09
-3.01906e-09-3.60073e-09-4.04261e-09-4.29796e-09-4.32859e-09-4.10906e-09
-3.63185e-09-2.91104e-09-1.98292e-09-9.03504e-10 2.56417e-10 1.41731e-09
 2.49634e-09 3.41378e-09 4.10104e-09 4.50814e-09 4.60863e-09 4.40097e-09
 3.90708e-09 3.17003e-09 2.25142e-09 1.22784e-09 1.85668e-10-7.85488e-10
-1.60001e-09-2.18246e-09-2.47269e-09-2.43092e-09-2.04213e-09-1.31900e-09
-3.02473e-10 9.41183e-10 2.32646e-09 3.75618e-09 5.12973e-09 6.35184e-09
 7.34070e-09 8.03397e-09 8.39157e-09 8.39527e-09 8.04650e-09 7.36319e-09
 6.37618e-09 5.12624e-09 3.66229e-09 2.04056e-09 3.24117e-10-1.41766e-09
-3.11115e-09-4.68224e-09-6.06129e-09-7.18849e-09-8.01856e-09-8.52352e-09
-8.69371e-09-8.53689e-09-8.07544e-09-7.34318e-09-6.38291e-09-5.24513e-09
-3.98760e-09-2.67500e-09-1.37758e-09-1.68105e-10 8.83055e-10 1.71457e-09
 2.28117e-09 2.55909e-09 2.54892e-09 2.27511e-09 1.78177e-09 1.12628e-09
 3.72488e-10-4.15085e-10-1.17560e-09-1.85411e-09-2.40198e-09-2.77677e-09
-2.94296e-09-2.87475e-09-2.55984e-09-2.00302e-09-1.22801e-09-2.76748e-10
 7.94572e-10 1.92131e-09 3.03684e-09 4.07820e-09 4.98942e-09 5.72218e-09
 6.23487e-09 6.49198e-09 6.46519e-09 6.13686e-09 5.50480e-09 4.58620e-09
 3.41923e-09 2.06128e-09 5.84177e-10-9.32883e-10-2.41093e-09-3.77728e-09
-4.96849e-09-5.93057e-09-6.61877e-09-6.99827e-09-7.04640e-09-6.75596e-09
-6.13817e-09-5.22404e-09-4.06302e-09-2.71880e-09-1.26299e-09 2.31489e-10
 1.69532e-09 3.06482e-09 4.28129e-09 5.28946e-09 6.03776e-09 6.48162e-09
 6.58859e-09 6.34380e-09 5.75399e-09 4.84916e-09 3.68064e-09 2.31572e-09
 8.30716e-10-6.94719e-10-2.18080e-09-3.54917e-09-4.72457e-09-5.63854e-09
-6.23510e-09-6.47725e-09-6.35153e-09-5.86890e-09-5.06142e-09-3.97582e-09
-2.66622e-09-1.18866e-09 4.00778e-10 2.04364e-09 3.67489e-09 5.22064e-09
 6.60076e-09 7.73517e-09 8.55066e-09 8.98588e-09 8.99435e-09 8.54598e-09
 7.62792e-09 6.24632e-09 4.42993e-09 2.23452e-09-2.54755e-10-2.92567e-09
-5.64692e-09-8.27977e-09-1.06894e-08-1.27520e-08-1.43569e-08-1.54064e-08
-1.58172e-08-1.55256e-08-1.44961e-08-1.27294e-08-1.02689e-08-7.20239e-09
-3.65943e-09 1.97777e-10 4.18518e-09 8.10655e-09 1.17617e-08 1.49564e-08
 1.75155e-08 1.92988e-08 2.02134e-08 2.02206e-08 1.93356e-08 1.76201e-08
 1.51734e-08 1.21245e-08 8.62767e-09 4.85916e-09 1.01401e-09-2.70043e-09
-6.07603e-09-8.91989e-09-1.10714e-08-1.24154e-08-1.28882e-08-1.24804e-08
-1.12382e-08-9.26477e-09-6.71675e-09-3.79374e-09-7.24172e-10 2.25072e-09
 4.89255e-09 6.97926e-09 8.31447e-09 8.73340e-09 8.10846e-09 6.35794e-09
 3.45818e-09-5.44515e-10-5.52771e-09-1.12955e-08-1.75886e-08-2.40973e-08
-3.04740e-08-3.63451e-08-4.13250e-08-4.50346e-08-4.71216e-08-4.72783e-08
-4.52589e-08-4.08950e-08-3.41089e-08-2.49223e-08-1.34618e-08 3.37845e-11
 1.52107e-08 3.16054e-08 4.86635e-08 6.57643e-08 8.22449e-08 9.74208e-08
 1.10605e-07 1.21135e-07 1.28394e-07 1.31850e-07 1.31075e-07 1.25778e-07
 1.15819e-07 1.01223e-07 8.21875e-08 5.90882e-08 3.24752e-08 3.07032e-09
-2.82463e-08-6.04616e-08-9.24645e-08-1.23084e-07-1.51127e-07-1.75420e-07
-1.94869e-07-2.08511e-07-2.15566e-07-2.15484e-07-2.07968e-07-1.93006e-07
-1.70885e-07-1.42205e-07-1.07876e-07-6.91074e-08-2.73695e-08 1.56700e-08
 5.82256e-08 9.84702e-08 1.34606e-07 1.64944e-07 1.87987e-07 2.02536e-07
 2.07785e-07 2.03416e-07 1.89659e-07 1.67320e-07 1.37764e-07 1.02846e-07
 6.48103e-08 2.61575e-08-1.05328e-08-4.28001e-08-6.85121e-08-8.60638e-08
-9.45503e-08-9.38981e-08-8.49404e-08-6.94252e-08-4.99475e-08-2.98008e-08
-1.27500e-08-2.74522e-09
     0.0000e+00     0.0000e+00      0  0  0.00
     512   1.00000  0.0000e+00
-3.07817e-08-4.53058e-08-6.01308e-08-7.45443e-08-8.77401e-08-9.88587e-08
-1.07040e-07-1.11511e-07-1.11742e-07-1.07571e-07-9.92288e-08-8.73689e-08
-7.29944e-08-5.71741e-08-4.07233e-08-2.39675e-08-6.60386e-09 1.21925e-08
 3.33960e-08 5.76543e-08 8.49231e-08 1.14413e-07 1.44839e-07 1.74698e-07
 2.02326e-07 2.25730e-07 2.42502e-07 2.50064e-07 2.46169e-07 2.29363e-07
 1.99100e-07 1.55413e-07 9.87008e-08 3.02935e-08-4.66674e-08-1.27231e-07
-2.05510e-07-2.75391e-07-3.30864e-07-3.66586e-07-3.78743e-07-3.65725e-07
-3.28463e-07-2.70392e-07-1.96989e-07-1.14980e-07-3.14289e-08 4.71599e-08
 1.15443e-07 1.69498e-07 2.06907e-07 2.26813e-07 2.30020e-07 2.18892e-07
 1.96742e-07 1.66825e-07 1.31697e-07 9.35783e-08 5.52258e-08 1.98943e-08
-9.93430e-09-3.34388e-08-5.07148e-08-6.16722e-08-6.62830e-08-6.53512e-08
-6.01991e-08-5.19534e-08-4.16772e-08-3.06152e-08-1.98129e-08-9.96381e-09
-1.67487e-09 4.62588e-09 8.85828e-09 1.10814e-08 1.14405e-08 1.02818e-08
 8.00328e-09 4.97439e-09 1.61711e-09-1.69562e-09-4.69205e-09-7.13003e-09
-8.85986e-09-9.83431e-09-1.00441e-08-9.55753e-09-8.49916e-09-7.00077e-09
-5.22637e-09-3.33515e-09-1.46082e-09 2.70063e-10 1.76824e-09 2.97500e-09
 3.85476e-09 4.41055e-09 4.66443e-09 4.65833e-09 4.45100e-09 4.10210e-09
 3.67514e-09 3.22633e-09 2.80120e-09 2.43560e-09 2.14965e-09 1.95172e-09
 1.83708e-09 1.79000e-09 1.78766e-09 1.80150e-09 1.80228e-09 1.76191e-09
 1.65618e-09 1.46727e-09 1.18527e-09 8.09460e-10 3.47803e-10-1.83648e-10
-7.62083e-10-1.35943e-09-1.94395e-09-2.48281e-09-2.94516e-09-3.30396e-09
-3.53678e-09-3.62718e-09-3.56619e-09-3.35278e-09-2.99370e-09-2.50333e-09
-1.90286e-09-1.21921e-09-4.83730e-10 2.69889e-10 1.00802e-09 1.69842e-09
 2.31161e-09 2.82291e-09 3.21365e-09 3.47098e-09 3.58814e-09 3.56518e-09
 3.40870e-09 3.13093e-09 2.74920e-09 2.28475e-09 1.76107e-09 1.20284e-09
 6.34512e-10 7.84102e-11-4.46420e-10-9.24619e-10-1.34488e-09-1.70027e-09
-1.98823e-09-2.21013e-09-2.37104e-09-2.47899e-09-2.54358e-09-2.57519e-09
-2.58440e-09-2.58060e-09-2.57067e-09-2.55845e-09-2.54447e-09-2.52634e-09
-2.49947e-09-2.45715e-09-2.39105e-09-2.29222e-09-2.15155e-09-1.96070e-09
-1.71299e-09-1.40364e-09-1.03019e-09-5.93143e-10-9.62633e-11 4.53017e-10
 1.04373e-09 1.66230e-09 2.29294e-09 2.91771e-09 3.51689e-09 4.06943e-09
 4.55376e-09 4.94895e-09 5.23582e-09 5.39824e-09 5.42436e-09 5.30694e-09
 5.04402e-09 4.63977e-09 4.10447e-09 3.45386e-09 2.70900e-09 1.89553e-09
 1.04236e-09 1.80604e-10-6.57191e-10-1.43903e-09-2.13556e-09-2.72179e-09
-3.17888e-09-3.49503e-09-3.66501e-09-3.69008e-09-3.57849e-09-3.34513e-09
-3.01068e-09-2.60073e-09-2.14410e-09-1.67048e-09-1.20878e-09-7.85976e-10
-4.25820e-10-1.47747e-10 3.31858e-11 1.06340e-10 6.66397e-11-8.43138e-11
-3.38071e-10-6.79249e-10-1.08558e-09-1.52868e-09-1.97489e-09-2.38638e-09
-2.72354e-09-2.94830e-09-3.02773e-09-2.93778e-09-2.66675e-09-2.21802e-09
-1.61145e-09-8.82493e-10-7.89812e-11 7.44184e-10 1.53155e-09 2.23359e-09
 2.81290e-09 3.24968e-09 3.54467e-09 3.71867e-09 3.80869e-09 3.86108e-09
 3.92327e-09 4.03549e-09 4.22262e-09 4.48836e-09 4.81309e-09 5.15525e-09
 5.45635e-09 5.64916e-09 5.66659e-09 5.45081e-09 4.96142e-09 4.18084e-09
 3.11673e-09 1.80164e-09 2.89793e-10-1.34785e-09-3.02941e-09-4.66842e-09
-6.17960e-09-7.48379e-09-8.51253e-09-9.21192e-09-9.54582e-09-9.49836e-09
-9.07540e-09-8.30466e-09-7.23429e-09-5.92989e-09-4.46954e-09-2.93770e-09
-1.41889e-09 8.46095e-12 1.27715e-09 2.33450e-09 3.14425e-09 3.68691e-09
 3.95870e-09 3.96983e-09 3.74265e-09 3.30967e-09 2.71196e-09 1.99746e-09
 1.21893e-09 4.31539e-10-3.09838e-10-9.53953e-10-1.45658e-09-1.78345e-09
-1.91246e-09-1.83459e-09-1.55360e-09-1.08494e-09-4.54450e-10 3.03212e-10
 1.14597e-09 2.02608e-09 2.89222e-09 3.69206e-09 4.37506e-09 4.89580e-09
 5.21726e-09 5.31341e-09 5.17071e-09 4.78852e-09 4.17858e-09 3.36410e-09
 2.37849e-09 1.26365e-09 6.79109e-11-1.15606e-09-2.35346e-09-3.46951e-09
-4.45165e-09-5.25209e-09-5.83027e-09-6.15513e-09-6.20690e-09-5.97847e-09
-5.47628e-09-4.72052e-09-3.74430e-09-2.59183e-09-1.31634e-09 2.21082e-11
 1.35885e-09 2.62739e-09 3.76307e-09 4.70707e-09 5.41019e-09 5.83599e-09
 5.96305e-09 5.78603e-09 5.31550e-09 4.57659e-09 3.60708e-09 2.45524e-09
 1.17802e-09-1.60980e-10-1.49406e-09-2.75303e-09-3.87311e-09-4.79630e-09
-5.47383e-09-5.86809e-09-5.95448e-09-5.72297e-09-5.17932e-09-4.34557e-09
-3.25996e-09-1.97611e-09-5.60565e-10 9.11204e-10 2.35986e-09 3.70704e-09
 4.87928e-09 5.81099e-09 6.44717e-09 6.74610e-09 6.68164e-09 6.24442e-09
 5.44178e-09 4.29700e-09 2.84863e-09 1.15027e-09-7.29494e-10-2.70716e-09
-4.68464e-09-6.55045e-09-8.18348e-09-9.46024e-09-1.02649e-08-1.05005e-08
-1.00986e-08-9.02819e-09-7.30218e-09-4.98186e-09-2.17752e-09 9.56169e-10
 4.23034e-09 7.43650e-09 1.03637e-08 1.28164e-08 1.46299e-08 1.56832e-08
 1.59052e-08 1.52763e-08 1.38262e-08 1.16298e-08 8.80251e-09 5.49286e-09
 1.87305e-09-1.87231e-09-5.55641e-09-8.99853e-09-1.20311e-08-1.45067e-08
-1.63055e-08-1.73419e-08-1.75705e-08-1.69898e-08-1.56440e-08-1.36197e-08
-1.10394e-08-8.05051e-09-4.81508e-09-1.50109e-09 1.72416e-09 4.70056e-09
 7.28299e-09 9.34923e-09 1.08061e-08 1.15925e-08 1.16815e-08 1.10821e-08
 9.84056e-09 8.04019e-09 5.79873e-09 3.26405e-09 6.08110e-10-1.98201e-09
-4.31602e-09-6.21294e-09-7.51131e-09-8.07627e-09-7.80517e-09-6.63369e-09
-4.54271e-09-1.56369e-09 2.21918e-09 6.66998e-09 1.16036e-08 1.67895e-08
 2.19580e-08 2.68110e-08 3.10363e-08 3.43233e-08 3.63782e-08 3.69411e-08
 3.58016e-08 3.28128e-08 2.79018e-08 2.10753e-08 1.24246e-08 2.12912e-09
-9.54509e-09-2.22517e-08-3.55752e-08-4.90434e-08-6.21403e-08-7.43218e-08
-8.50355e-08-9.37431e-08-9.99443e-08-1.03200e-07-1.03154e-07-9.95505e-08
-9.22548e-08-8.12616e-08-6.67061e-08-4.88683e-08-2.81736e-08-5.18555e-09
 1.94083e-08 4.48170e-08 7.01699e-08 9.45426e-08 1.16988e-07 1.36575e-07
 1.52424e-07 1.63752e-07 1.69911e-07 1.70422e-07 1.65012e-07 1.53636e-07
 1.36498e-07 1.14053e-07 8.70122e-08 5.63300e-08 2.31744e-08-1.11154e-08
-4.50826e-08-7.72188e-08-1.06040e-07-1.30168e-07-1.48417e-07-1.59867e-07
-1.63932e-07-1.60412e-07-1.49531e-07-1.31946e-07-1.08731e-07-8.13301e-08
-5.14857e-08-2.11308e-08 7.73682e-09 3.32014e-08 5.35862e-08 6.76083e-08
 7.45185e-08 7.42160e-08 6.73200e-08 5.51846e-08 3.98446e-08 2.38926e-08
 1.02892e-08 2.23038e-09
     0.0000e+00     0.0000e+00      0  0  0.00
     512   1.00000  0.0000e+00
 1.62401e-08 1.50632e-08 1.22001e-08 7.58245e-09 1.28617e-09-6.44727e-09
-1.52019e-08-2.43618e-08-3.30275e-08-4.00038e-08-4.40664e-08-4.43486e-08
-4.05070e-08-3.26674e-08-2.13605e-08-7.46414e-09 7.96481e-09 2.39698e-08
 3.98953e-08 5.52914e-08 6.95686e-08 8.17188e-08 9.03557e-08 9.40667e-08
 9.18101e-08 8.30459e-08 6.75813e-08 4.54453e-08 1.70559e-08-1.64822e-08
-5.33352e-08-9.11211e-08-1.26905e-07-1.57173e-07-1.78289e-07-1.87046e-07
-1.80791e-07-1.57664e-07-1.17363e-07-6.19350e-08 3.90984e-09 7.29553e-08
 1.36215e-07 1.84501e-07 2.10519e-07 2.10834e-07 1.87161e-07 1.46187e-07
 9.74690e-08 5.01541e-08 9.87873e-09-2.24996e-08-4.93274e-08-7.26204e-08
-9.11609e-08-1.00986e-07-9.92721e-08-8.77781e-08-7.17262e-08-5.50685e-08
-3.80254e-08-1.98222e-08-1.96567e-09 1.28955e-08 2.38739e-08 3.14967e-08
 3.57341e-08 3.63586e-08 3.40485e-08 2.96566e-08 2.35933e-08 1.65330e-08
 9.37705e-09 2.59874e-09-3.43483e-09-8.23264e-09-1.16301e-08-1.36547e-08
-1.42591e-08-1.36035e-08-1.19762e-08-9.57339e-09-6.69036e-09-3.65018e-09
-6.56277e-10 2.05811e-09 4.30446e-09 6.00977e-09 7.09675e-09 7.55675e-09
 7.45181e-09 6.83558e-09 5.81838e-09 4.52505e-09 3.06347e-09 1.56633e-09
 1.38373e-10-1.13431e-09-2.17458e-09-2.94473e-09-3.41846e-09-3.59394e-09
-3.49517e-09-3.15410e-09-2.62175e-09-1.95281e-09-1.20529e-09-4.38985e-10
 2.94906e-10 9.48956e-10 1.48509e-09 1.87465e-09 2.10005e-09 2.15690e-09
 2.04999e-09 1.79333e-09 1.40847e-09 9.23199e-10 3.69178e-10-2.20107e-10
-8.09674e-10-1.36553e-09-1.85749e-09-2.26085e-09-2.55643e-09-2.73045e-09
-2.77519e-09-2.68974e-09-2.48043e-09-2.15971e-09-1.74463e-09-1.25633e-09
-7.19422e-10-1.60071e-10 3.95266e-10 9.20197e-10 1.39007e-09 1.78430e-09
 2.08692e-09 2.28661e-09 2.37789e-09 2.36228e-09 2.24770e-09 2.04726e-09
 1.77833e-09 1.46214e-09 1.12396e-09 7.91918e-10 4.93393e-10 2.51913e-10
 8.72280e-11 1.60010e-11 5.02507e-11 1.94587e-10 4.44314e-10 7.85100e-10
 1.19459e-09 1.64537e-09 2.10668e-09 2.54352e-09 2.91625e-09 3.18398e-09
 3.31050e-09 3.26839e-09 3.03926e-09 2.61222e-09 1.98478e-09 1.16643e-09
 1.81286e-10-9.33381e-10-2.13159e-09-3.36316e-09-4.57584e-09-5.71603e-09
-6.73054e-09-7.57064e-09-8.19697e-09-8.58275e-09-8.71326e-09-8.58369e-09
-8.19847e-09-7.57259e-09-6.73194e-09-5.71139e-09-4.55123e-09-3.29421e-09
-1.98444e-09-6.66913e-10 6.14174e-10 1.81771e-09 2.90765e-09 3.85447e-09
 4.63619e-09 5.23842e-09 5.65430e-09 5.88492e-09 5.93932e-09 5.83357e-09
 5.58954e-09 5.23379e-09 4.79595e-09 4.30691e-09 3.79725e-09 3.29546e-09
 2.82625e-09 2.40955e-09 2.05919e-09 1.78128e-09 1.57413e-09 1.42976e-09
 1.33496e-09 1.27194e-09 1.22004e-09 1.15771e-09 1.06457e-09 9.24692e-10
 7.29817e-10 4.79967e-10 1.82335e-10-1.49520e-10-4.96327e-10-8.34427e-10
-1.13824e-09-1.38454e-09-1.55725e-09-1.64923e-09-1.66043e-09-1.59548e-09
-1.46295e-09-1.27461e-09-1.04300e-09-7.76875e-10-4.76882e-10-1.35105e-10
 2.60426e-10 7.19340e-10 1.24431e-09 1.82864e-09 2.45371e-09 3.08550e-09
 3.67303e-09 4.15176e-09 4.45266e-09 4.51461e-09 4.29542e-09 3.77884e-09
 2.97770e-09 1.93430e-09 7.17869e-10-5.82715e-10-1.87201e-09-3.06375e-09
-4.09397e-09-4.92779e-09-5.55966e-09-6.00926e-09-6.31475e-09-6.52380e-09
-6.68268e-09-6.82618e-09-6.97145e-09-7.11739e-09-7.24879e-09-7.34255e-09
-7.37344e-09-7.31772e-09-7.15463e-09-6.86628e-09-6.43644e-09-5.84875e-09
-5.08581e-09-4.13071e-09-2.97172e-09-1.60875e-09-5.96565e-11 1.63587e-09
 3.41628e-09 5.20249e-09 6.90594e-09 8.43862e-09 9.72276e-09 1.06979e-08
 1.13245e-08 1.15836e-08 1.14744e-08 1.10101e-08 1.02152e-08 9.12463e-09
 7.78454e-09 6.25417e-09 4.60666e-09 2.92704e-09 1.30645e-09-1.66797e-10
-1.41711e-09-2.39031e-09-3.05897e-09-3.42329e-09-3.50733e-09-3.35205e-09
-3.00744e-09-2.52610e-09-1.95971e-09-1.35841e-09-7.71935e-10-2.50435e-10
 1.56848e-10 4.05571e-10 4.62141e-10 3.09791e-10-4.72362e-11-5.83302e-10
-1.25532e-09-2.00978e-09-2.79050e-09-3.54476e-09-4.22638e-09-4.79541e-09
-5.21609e-09-5.45496e-09-5.48122e-09-5.26997e-09-4.80753e-09-4.09692e-09
-3.16103e-09-2.04182e-09-7.95393e-10 5.15324e-10 1.82751e-09 3.08313e-09
 4.23045e-09 5.22286e-09 6.01695e-09 6.57195e-09 6.85197e-09 6.83092e-09
 6.49849e-09 5.86440e-09 4.95922e-09 3.83094e-09 2.53884e-09 1.14694e-09
-2.80817e-10-1.68239e-09-2.99707e-09-4.16448e-09-5.12524e-09-5.82441e-09
-6.21775e-09-6.27882e-09-6.00419e-09-5.41414e-09-4.54888e-09-3.46198e-09
-2.21362e-09-8.66062e-10 5.18034e-10 1.87498e-09 3.13925e-09 4.24458e-09
 5.12789e-09 5.73506e-09 6.02628e-09 5.97906e-09 5.58775e-09 4.86071e-09
 3.81777e-09 2.49031e-09 9.25010e-10-8.10800e-10-2.62534e-09-4.40352e-09
-6.01445e-09-7.32461e-09-8.21383e-09-8.59004e-09-8.39955e-09-7.63185e-09
-6.32015e-09-4.53940e-09-2.40193e-09-5.03826e-11 2.35344e-09 4.64377e-09
 6.66877e-09 8.30752e-09 9.48142e-09 1.01569e-08 1.03392e-08 1.00603e-08
 9.36608e-09 8.30647e-09 6.93252e-09 5.29769e-09 3.46100e-09 1.48820e-09
-5.49441e-10-2.57766e-09-4.52140e-09-6.30656e-09-7.86182e-09-9.12161e-09
-1.00308e-08-1.05510e-08-1.06663e-08-1.03855e-08-9.73798e-09-8.76652e-09
-7.51846e-09-6.04114e-09-4.38314e-09-2.60013e-09-7.61319e-10 1.04870e-09
 2.73467e-09 4.20047e-09 5.36024e-09 6.14758e-09 6.52164e-09 6.46987e-09
 6.00834e-09 5.18101e-09 4.05822e-09 2.73333e-09 1.31593e-09-7.74748e-11
-1.33196e-09-2.33897e-09-2.99745e-09-3.21432e-09-2.90763e-09-2.01468e-09
-5.03898e-10 1.61335e-09 4.27599e-09 7.37452e-09 1.07593e-08 1.42522e-08
 1.76573e-08 2.07694e-08 2.33800e-08 2.52832e-08 2.62843e-08 2.62106e-08
 2.49228e-08 2.23231e-08 1.83618e-08 1.30446e-08 6.43966e-09-1.31636e-09
-1.00174e-08-1.93946e-08-2.91283e-08-3.88644e-08-4.82297e-08-5.68437e-08
-6.43254e-08-7.03013e-08-7.44181e-08-7.63616e-08-7.58780e-08-7.27930e-08
-6.70236e-08-5.85849e-08-4.75924e-08-3.42629e-08-1.89139e-08-1.95883e-09
 1.61038e-08 3.47040e-08 5.32154e-08 7.09721e-08 8.72886e-08 1.01485e-07
 1.12918e-07 1.21014e-07 1.25307e-07 1.25460e-07 1.21293e-07 1.12785e-07
 1.00088e-07 8.35352e-08 6.36442e-08 4.11137e-08 1.68046e-08-8.29528e-09
-3.31191e-08-5.65752e-08-7.76011e-08-9.52171e-08-1.08578e-07-1.17022e-07
-1.20118e-07-1.17702e-07-1.09906e-07-9.71813e-08-8.02898e-08-6.02819e-08
-3.84374e-08-1.61803e-08 5.02265e-09 2.37714e-08 3.88395e-08 4.92782e-08
 5.45151e-08 5.44440e-08 4.94889e-08 4.06263e-08 2.93537e-08 1.75985e-08
 7.57115e-09 1.63898e-09
     0.0000e+00     0.0000e+00      0  0  0.00
     512   1.00000  0.0000e+00
 7.05288e-08 9.32732e-08 1.15530e-07 1.35874e-07 1.52744e-07 1.64541e-07
 1.69738e-07 1.67028e-07 1.55506e-07 1.34893e-07 1.05784e-07 6.98438e-08
 2.96640e-08-1.17617e-08-5.15887e-08-8.76232e-08-1.18823e-07-1.45432e-07
-1.68492e-07-1.88951e-07-2.06938e-07-2.21638e-07-2.31781e-07-2.36268e-07
-2.34401e-07-2.25577e-07-2.08907e-07-1.83407e-07-1.48794e-07-1.06189e-07
-5.77436e-08-4.96798e-09 5.21889e-08 1.13473e-07 1.75699e-07 2.33202e-07
 2.80627e-07 3.14363e-07 3.32151e-07 3.32986e-07 3.17531e-07 2.87985e-07
 2.47365e-07 1.98620e-07 1.43810e-07 8.39696e-08 1.98664e-08-4.68032e-08
-1.12254e-07-1.70288e-07-2.13711e-07-2.37256e-07-2.40456e-07-2.28213e-07
-2.07675e-07-1.83301e-07-1.54621e-07-1.19499e-07-7.95394e-08-4.07846e-08
-8.39393e-09 1.73838e-08 3.84689e-08 5.45525e-08 6.40433e-08 6.73529e-08
 6.62451e-08 6.15468e-08 5.38439e-08 4.45960e-08 3.49840e-08 2.54757e-08
 1.68200e-08 9.73941e-09 4.29716e-09 5.40816e-10-1.41059e-09-1.87226e-09
-1.19270e-09 4.18710e-10 2.52617e-09 4.74253e-09 6.85875e-09 8.57248e-09
 9.68976e-09 1.01672e-08 9.91779e-09 8.97765e-09 7.47053e-09 5.48493e-09
 3.19487e-09 7.70389e-10-1.66413e-09-3.94913e-09-5.97669e-09-7.66271e-09
-8.92519e-09-9.74479e-09-1.01136e-08-1.00527e-08-9.61842e-09-8.86519e-09
-7.86908e-09-6.70232e-09-5.43105e-09-4.12450e-09-2.83696e-09-1.61890e-09
-5.08138e-10 4.70409e-10 1.30007e-09 1.97684e-09 2.50211e-09 2.88459e-09
 3.13844e-09 3.28052e-09 3.32856e-09 3.29744e-09 3.20013e-09 3.04757e-09
 2.84891e-09 2.61085e-09 2.33735e-09 2.03187e-09 1.69951e-09 1.34705e-09
 9.80910e-10 6.06786e-10 2.30577e-10-1.41410e-10-5.02843e-10-8.47276e-10
-1.16771e-09-1.45626e-09-1.70444e-09-1.90476e-09-2.05268e-09-2.14724e-09
-2.19102e-09-2.19005e-09-2.15265e-09-2.08748e-09-2.00279e-09-1.90681e-09
-1.80746e-09-1.71105e-09-1.62128e-09-1.53889e-09-1.46189e-09-1.38601e-09
-1.30347e-09-1.20071e-09-1.05879e-09-8.57131e-10-5.77301e-10-2.04297e-10
 2.73533e-10 8.63635e-10 1.56716e-09 2.37671e-09 3.27533e-09 4.23748e-09
 5.23065e-09 6.21532e-09 7.14444e-09 7.96493e-09 8.62148e-09 9.06251e-09
 9.24572e-09 9.14045e-09 8.72846e-09 8.00555e-09 6.98336e-09 5.68996e-09
 4.16777e-09 2.46955e-09 6.55321e-10-1.20974e-09-3.05798e-09-4.82278e-09
-6.44303e-09-7.86774e-09-9.05844e-09-9.98914e-09-1.06451e-08-1.10216e-08
-1.11235e-08-1.09645e-08-1.05668e-08-9.95904e-09-9.17554e-09-8.25470e-09
-7.23705e-09-6.16339e-09-5.07255e-09-3.99972e-09-2.97562e-09-2.02555e-09
-1.16841e-09-4.17198e-10 2.20038e-10 7.40693e-10 1.14920e-09 1.45819e-09
 1.68839e-09 1.86598e-09 2.01808e-09 2.16974e-09 2.34319e-09 2.55782e-09
 2.83026e-09 3.17383e-09 3.59646e-09 4.09846e-09 4.67211e-09 5.30208e-09
 5.96602e-09 6.63711e-09 7.28835e-09 7.89489e-09 8.43241e-09 8.87490e-09
 9.19522e-09 9.36688e-09 9.36555e-09 9.16977e-09 8.76101e-09 8.12403e-09
 7.24910e-09 6.13523e-09 4.79234e-09 3.24217e-09 1.51872e-09-3.30854e-10
-2.24612e-09-4.15654e-09-5.98803e-09-7.67039e-09-9.14265e-09-1.03557e-08
-1.12746e-08-1.18821e-08-1.21806e-08-1.21912e-08-1.19489e-08-1.14975e-08
-1.08863e-08-1.01664e-08-9.38751e-09-8.59298e-09-7.81652e-09-7.07975e-09
-6.39161e-09-5.74853e-09-5.13416e-09-4.52031e-09-3.87044e-09-3.14481e-09
-2.30645e-09-1.32693e-09-1.91100e-10 1.09943e-09 2.52499e-09 4.04922e-09
 5.62280e-09 7.18881e-09 8.68910e-09 1.00698e-08 1.12851e-08 1.22983e-08
 1.30816e-08 1.36143e-08 1.38810e-08 1.38702e-08 1.35730e-08 1.29847e-08
 1.21077e-08 1.09545e-08 9.54991e-09 7.93141e-09 6.14768e-09 4.25517e-09
 2.31433e-09 3.86067e-10-1.47077e-09-3.20068e-09-4.75209e-09-6.07791e-09
-7.13674e-09-7.89589e-09-8.33596e-09-8.45508e-09-8.27172e-09-7.82479e-09
-7.17080e-09-6.37812e-09-5.51957e-09-4.66446e-09-3.87143e-09-3.18359e-09
-2.62666e-09-2.21051e-09-1.93288e-09-1.78329e-09-1.74583e-09-1.80065e-09
-1.92426e-09-2.08869e-09-2.26098e-09-2.40409e-09-2.48036e-09-2.45670e-09
-2.30980e-09-2.02887e-09-1.61501e-09-1.07790e-09-4.31766e-10 3.07000e-10
 1.11990e-09 1.98419e-09 2.86952e-09 3.73521e-09 4.53045e-09 5.19854e-09
 5.68481e-09 5.94553e-09 5.95438e-09 5.70463e-09 5.20766e-09 4.48978e-09
 3.58872e-09 2.55046e-09 1.42648e-09 2.71398e-10-8.58796e-10-1.90916e-09
-2.82965e-09-3.57987e-09-4.13293e-09-4.47688e-09-4.61309e-09-4.55241e-09
-4.31121e-09-3.90815e-09-3.36206e-09-2.69107e-09-1.91395e-09-1.05393e-09
-1.43179e-10 7.75133e-10 1.64893e-09 2.42292e-09 3.04523e-09 3.47304e-09
 3.67651e-09 3.64074e-09 3.36576e-09 2.86517e-09 2.16504e-09 1.30433e-09
 3.36546e-10-6.70630e-10-1.64054e-09-2.49757e-09-3.17828e-09-3.63878e-09
-3.85552e-09-3.82109e-09-3.53864e-09-3.01842e-09-2.27776e-09-1.34438e-09
-2.61586e-10 9.07999e-10 2.08462e-09 3.18076e-09 4.11415e-09 4.81767e-09
 5.24239e-09 5.35532e-09 5.13757e-09 4.58684e-09 3.72338e-09 2.59520e-09
 1.27825e-09-1.30108e-10-1.52340e-09-2.80102e-09-3.88143e-09-4.70899e-09
-5.25209e-09-5.49543e-09-5.43358e-09-5.07152e-09-4.43099e-09-3.55537e-09
-2.50677e-09-1.35602e-09-1.72116e-10 9.83433e-10 2.05640e-09 2.99683e-09
 3.75636e-09 4.28834e-09 4.55241e-09 4.52357e-09 4.20191e-09 3.61688e-09
 2.82190e-09 1.88181e-09 8.61394e-10-1.78531e-10-1.17828e-09-2.07728e-09
-2.81863e-09-3.35842e-09-3.67288e-09-3.75872e-09-3.62792e-09-3.30109e-09
-2.80167e-09-2.15208e-09-1.37375e-09-4.92473e-10 4.54160e-10 1.41444e-09
 2.32922e-09 3.14345e-09 3.81358e-09 4.30683e-09 4.59593e-09 4.65659e-09
 4.47035e-09 4.02840e-09 3.33219e-09 2.39115e-09 1.22232e-09-1.46396e-10
-1.67209e-09-3.29535e-09-4.94132e-09-6.52157e-09-7.93840e-09-9.09529e-09
-9.91256e-09-1.03402e-08-1.03599e-08-9.97794e-09-9.21544e-09-8.10165e-09
-6.66800e-09-4.94093e-09-2.93709e-09-6.66296e-10 1.85755e-09 4.60471e-09
 7.52413e-09 1.05452e-08 1.35828e-08 1.65429e-08 1.93272e-08 2.18361e-08
 2.39683e-08 2.56152e-08 2.66553e-08 2.69553e-08 2.63782e-08 2.47946e-08
 2.20924e-08 1.81861e-08 1.30317e-08 6.64419e-09-8.85812e-10-9.38305e-09
-1.85822e-08-2.81249e-08-3.75616e-08-4.63627e-08-5.39360e-08-5.96516e-08
-6.28758e-08-6.30226e-08-5.96272e-08-5.24415e-08-4.15388e-08-2.73969e-08
-1.09202e-08 6.62602e-09 2.37688e-08 3.90363e-08 5.11729e-08 5.93087e-08
 6.30487e-08 6.24698e-08 5.80369e-08 5.04745e-08 4.06404e-08 2.94361e-08
 1.77490e-08 6.41122e-09-3.83798e-09-1.23870e-08-1.87817e-08-2.27500e-08
-2.42250e-08-2.33645e-08-2.05523e-08-1.63672e-08-1.15207e-08-6.78015e-09
-2.89297e-09-6.26339e-10
     0.0000e+00     0.0000e+00      0  0  0.00
     512   1.00000  0.0000e+00
 1.26527e-08 2.97593e-08 4.81016e-08 6.64187e-08 8.32047e-08 9.67876e-08
 1.05436e-07 1.07524e-07 1.01825e-07 8.78202e-08 6.58117e-08 3.68906e-08
 2.90828e-09-3.37132e-08-7.03801e-08-1.04727e-07-1.34900e-07-1.59677e-07
-1.78316e-07-1.90180e-07-1.94432e-07-1.90034e-07-1.76074e-07-1.52227e-07
-1.18984e-07-7.74714e-08-2.91167e-08 2.44778e-08 8.13827e-08 1.39173e-07
 1.94955e-07 2.45420e-07 2.86739e-07 3.14664e-07 3.25208e-07 3.15485e-07
 2.84095e-07 2.31279e-07 1.59270e-07 7.25964e-08-2.20159e-08-1.16149e-07
-2.00636e-07-2.66947e-07-3.08679e-07-3.22761e-07-3.10042e-07-2.74988e-07
-2.24399e-07-1.65577e-07-1.04657e-07-4.57930e-08 8.49009e-09 5.61781e-08
 9.49289e-08 1.22334e-07 1.37086e-07 1.39868e-07 1.32949e-07 1.18870e-07
 9.96093e-08 7.68809e-08 5.26930e-08 2.91678e-08 7.96487e-09-9.85504e-09
-2.36027e-08-3.29240e-08-3.78879e-08-3.88868e-08-3.64987e-08-3.14698e-08
-2.46487e-08-1.68597e-08-8.86114e-09-1.32429e-09 5.22949e-09 1.04400e-08
 1.40900e-08 1.61146e-08 1.65823e-08 1.56565e-08 1.35804e-08 1.06476e-08
 7.16529e-09 3.43882e-09-2.51364e-10-3.66998e-09-6.63078e-09-9.00480e-09
-1.07213e-08-1.17592e-08-1.21438e-08-1.19364e-08-1.12229e-08-1.01058e-08
-8.69346e-09-7.09262e-09-5.40255e-09-3.70899e-09-2.08234e-09-5.76133e-10
 7.72970e-10 1.94337e-09 2.92703e-09 3.72605e-09 4.34959e-09 4.81133e-09
 5.12691e-09 5.31207e-09 5.38085e-09 5.34469e-09 5.21230e-09 4.98986e-09
 4.68161e-09 4.29086e-09 3.82153e-09 3.27907e-09 2.67081e-09 2.00641e-09
 1.29831e-09 5.61790e-10-1.85368e-10-9.23310e-10-1.63090e-09-2.28662e-09
-2.86940e-09-3.35988e-09-3.74172e-09-4.00199e-09-4.13161e-09-4.12662e-09
-3.98869e-09-3.72437e-09-3.34460e-09-2.86467e-09-2.30325e-09-1.68122e-09
-1.02156e-09-3.48734e-10 3.13162e-10 9.41754e-10 1.51672e-09 2.02022e-09
 2.43727e-09 2.75628e-09 2.96996e-09 3.07608e-09 3.07657e-09 2.97632e-09
 2.78323e-09 2.50854e-09 2.16655e-09 1.77409e-09 1.34951e-09 9.11093e-10
 4.76172e-10 6.14057e-11-3.17206e-10-6.45686e-10-9.13569e-10-1.11423e-09
-1.24479e-09-1.30581e-09-1.30099e-09-1.23770e-09-1.12746e-09-9.84931e-10
-8.26518e-10-6.69072e-10-5.28733e-10-4.20342e-10-3.56475e-10-3.46059e-10
-3.93644e-10-4.98858e-10-6.56197e-10-8.55869e-10-1.08443e-09-1.32499e-09
-1.55839e-09-1.76467e-09-1.92452e-09-2.02065e-09-2.03883e-09-1.96862e-09
-1.80439e-09-1.54589e-09-1.19785e-09-7.69842e-10-2.76158e-10 2.65014e-10
 8.32284e-10 1.40164e-09 1.94792e-09 2.44655e-09 2.87446e-09 3.21084e-09
 3.43813e-09 3.54304e-09 3.51739e-09 3.35849e-09 3.06944e-09 2.65891e-09
 2.14083e-09 1.53463e-09 8.65129e-10 1.60996e-10-5.46985e-10-1.22684e-09
-1.84672e-09-2.37666e-09-2.78975e-09-3.06375e-09-3.18347e-09-3.14177e-09
-2.93958e-09-2.58655e-09-2.10116e-09-1.50930e-09-8.42235e-10-1.34290e-10
 5.79905e-10 1.26762e-09 1.89921e-09 2.44946e-09 2.89885e-09 3.23366e-09
 3.44481e-09 3.52598e-09 3.47166e-09 3.27660e-09 2.93633e-09 2.44888e-09
 1.81722e-09 1.05204e-09 1.74829e-10-7.78731e-10-1.75716e-09-2.69473e-09
-3.51590e-09-4.14269e-09-4.50413e-09-4.54588e-09-4.23943e-09-3.58960e-09
-2.63787e-09-1.46070e-09-1.62700e-10 1.13500e-09 2.30865e-09 3.24624e-09
 3.86072e-09 4.09954e-09 3.94900e-09 3.43359e-09 2.61027e-09 1.55922e-09
 3.73480e-10-8.51242e-10-2.02521e-09-3.07058e-09-3.92471e-09-4.54131e-09
-4.89011e-09-4.95643e-09-4.74159e-09-4.26328e-09-3.55577e-09-2.66914e-09
-1.66648e-09-6.19361e-10 3.98257e-10 1.31749e-09 2.08189e-09 2.65293e-09
 3.01283e-09 3.16413e-09 3.12606e-09 2.92924e-09 2.61022e-09 2.20679e-09
 1.75498e-09 1.28799e-09 8.36098e-10 4.27110e-10 8.64367e-11-1.64225e-10
-3.09295e-10-3.42000e-10-2.66613e-10-9.89337e-11 1.35647e-10 4.05926e-10
 6.79763e-10 9.28958e-10 1.13246e-09 1.27732e-09 1.35779e-09 1.37285e-09
 1.32341e-09 1.21056e-09 1.03534e-09 7.99923e-10 5.09799e-10 1.75517e-10
-1.87030e-10-5.57941e-10-9.16023e-10-1.24220e-09-1.52212e-09-1.74708e-09
-1.91312e-09-2.01890e-09-2.06331e-09-2.04405e-09-1.95782e-09-1.80198e-09
-1.57713e-09-1.28932e-09-9.50620e-10-5.77972e-10-1.90667e-10 1.92789e-10
 5.57061e-10 8.90672e-10 1.18505e-09 1.43262e-09 1.62511e-09 1.75314e-09
 1.80743e-09 1.78104e-09 1.67200e-09 1.48499e-09 1.23118e-09 9.26311e-10
 5.87993e-10 2.33265e-10-1.22677e-10-4.66283e-10-7.84431e-10-1.06321e-09
-1.28785e-09-1.44413e-09-1.52099e-09-1.51292e-09-1.42148e-09-1.25494e-09
-1.02631e-09-7.50342e-10-4.41235e-10-1.11747e-10 2.25904e-10 5.58321e-10
 8.69606e-10 1.14130e-09 1.35385e-09 1.48947e-09 1.53520e-09 1.48502e-09
 1.34030e-09 1.10921e-09 8.05618e-10 4.48302e-10 6.06029e-11-3.29905e-10
-6.92667e-10-9.97316e-10-1.21875e-09-1.34278e-09-1.37030e-09-1.31848e-09
-1.21805e-09-1.10720e-09-1.02317e-09-9.93926e-10-1.03189e-09-1.13075e-09
-1.26529e-09-1.39367e-09-1.46218e-09-1.41234e-09-1.18983e-09-7.54718e-10
-9.13354e-11 7.84246e-10 1.82177e-09 2.94076e-09 4.04032e-09 5.01239e-09
 5.75585e-09 6.18851e-09 6.25503e-09 5.93013e-09 5.21839e-09 4.15203e-09
 2.78768e-09 1.20177e-09-5.15000e-10-2.26398e-09-3.94482e-09-5.46141e-09
-6.72670e-09-7.66643e-09-8.22224e-09-8.35542e-09-8.05160e-09-7.32514e-09
-6.22111e-09-4.81355e-09-3.19930e-09-1.48827e-09 2.07925e-10 1.78587e-09
 3.15691e-09 4.25041e-09 5.01506e-09 5.41927e-09 5.45115e-09 5.11849e-09
 4.44874e-09 3.48832e-09 2.30096e-09 9.65232e-10-4.28006e-10-1.77860e-09
-2.98186e-09-3.93566e-09-4.54905e-09-4.75029e-09-4.49278e-09-3.75784e-09
-2.55401e-09-9.14139e-10 1.10743e-09 3.43583e-09 5.97555e-09 8.61098e-09
 1.12087e-08 1.36224e-08 1.57000e-08 1.72922e-08 1.82614e-08 1.84889e-08
 1.78815e-08 1.63772e-08 1.39508e-08 1.06162e-08 6.42656e-09 1.47276e-09
-4.11808e-09-1.01840e-08-1.65306e-08-2.29337e-08-2.91453e-08-3.49028e-08
-3.99415e-08-4.40087e-08-4.68750e-08-4.83438e-08-4.82583e-08-4.65091e-08
-4.30400e-08-3.78545e-08-3.10210e-08-2.26757e-08-1.30216e-08-2.32473e-09
 9.09169e-09 2.08560e-08 3.25605e-08 4.37763e-08 5.40705e-08 6.30220e-08
 7.02374e-08 7.53675e-08 7.81223e-08 7.82870e-08 7.57389e-08 7.04628e-08
 6.25603e-08 5.22525e-08 3.98742e-08 2.58626e-08 1.07402e-08-4.90499e-09
-2.04373e-08-3.51922e-08-4.85001e-08-5.97180e-08-6.82703e-08-7.36931e-08
-7.56785e-08-7.41113e-08-6.90903e-08-6.09298e-08-5.01438e-08-3.74188e-08
-2.35751e-08-9.51590e-09 3.83162e-09 1.55818e-08 2.49592e-08 3.13705e-08
 3.44717e-08 3.42236e-08 3.09260e-08 2.52252e-08 1.80887e-08 1.07419e-08
 4.56991e-09 9.78610e-10
     0.0000e+00     0.0000e+00      0  0  0.00
     512   1.00000  0.0000e+00
 3.25686e-08 3.90120e-08 4.48949e-08 4.99253e-08 5.38220e-08 5.63315e-08
 5.72470e-08 5.64587e-08 5.40660e-08 5.04154e-08 4.59746e-08 4.12257e-08
 3.65933e-08 3.22593e-08 2.79717e-08 2.29800e-08 1.61328e-08 6.16337e-09
-7.96285e-09-2.67767e-08-5.01559e-08-7.73527e-08-1.07159e-07-1.38021e-07
-1.67996e-07-1.94667e-07-2.15224e-07-2.26749e-07-2.26561e-07-2.12525e-07
-1.83349e-07-1.38897e-07-8.03083e-08-9.90982e-09 6.88490e-08 1.51270e-07
 2.31388e-07 3.02331e-07 3.56995e-07 3.88920e-07 3.93289e-07 3.67923e-07
 3.13995e-07 2.36311e-07 1.42899e-07 4.38274e-08-5.05846e-08-1.31682e-07
-1.93908e-07-2.35278e-07-2.56711e-07-2.60571e-07-2.49284e-07-2.24831e-07
-1.89318e-07-1.45913e-07-9.90238e-08-5.32456e-08-1.19536e-08 2.31203e-08
 5.11221e-08 7.13243e-08 8.33110e-08 8.75034e-08 8.50585e-08 7.73525e-08
 6.57981e-08 5.19087e-08 3.71561e-08 2.27739e-08 9.76391e-09-1.10077e-09
-9.36261e-09-1.48571e-08-1.76340e-08-1.79508e-08-1.62306e-08-1.29707e-08
-8.70974e-09-3.99216e-09 6.96955e-10 4.94869e-09 8.44126e-09 1.09666e-08
 1.24216e-08 1.27969e-08 1.21737e-08 1.06968e-08 8.55436e-09 5.96444e-09
 3.14842e-09 3.17348e-10-2.33957e-09-4.66960e-09-6.55947e-09-7.93939e-09
-8.78334e-09-9.10191e-09-8.93815e-09-8.35977e-09-7.45050e-09-6.30393e-09
-5.01514e-09-3.67514e-09-2.36561e-09-1.15409e-09-9.21521e-11 7.85814e-10
 1.46198e-09 1.93353e-09 2.21068e-09 2.31383e-09 2.27076e-09 2.11349e-09
 1.87557e-09 1.58949e-09 1.28493e-09 9.87654e-10 7.18516e-10 4.92744e-10
 3.19876e-10 2.04176e-10 1.44921e-10 1.36981e-10 1.72156e-10 2.40183e-10
 3.29313e-10 4.27494e-10 5.23534e-10 6.07472e-10 6.70962e-10 7.07732e-10
 7.13457e-10 6.85565e-10 6.23416e-10 5.28071e-10 4.01986e-10 2.49524e-10
 7.70167e-11-1.08484e-10-2.99968e-10-4.90057e-10-6.71132e-10-8.36077e-10
-9.78294e-10-1.09179e-09-1.17201e-09-1.21584e-09-1.22091e-09-1.18570e-09
-1.11024e-09-9.96497e-10-8.48389e-10-6.71062e-10-4.69891e-10-2.50323e-10
-1.85198e-11 2.18449e-10 4.53583e-10 6.80807e-10 8.94675e-10 1.09014e-09
 1.26279e-09 1.40878e-09 1.52507e-09 1.60996e-09 1.66253e-09 1.68190e-09
 1.66670e-09 1.61491e-09 1.52451e-09 1.39412e-09 1.22228e-09 1.00756e-09
 7.49672e-10 4.50212e-10 1.12932e-10-2.56200e-10-6.49217e-10-1.05573e-09
-1.46262e-09-1.85457e-09-2.21459e-09-2.52480e-09-2.76787e-09-2.92815e-09
-2.99249e-09-2.95118e-09-2.79870e-09-2.53472e-09-2.16443e-09-1.69793e-09
-1.15001e-09-5.40496e-10 1.06450e-10 7.63847e-10 1.40292e-09 1.99432e-09
 2.50989e-09 2.92418e-09 3.21556e-09 3.36778e-09 3.37090e-09 3.22146e-09
 2.92326e-09 2.48787e-09 1.93410e-09 1.28743e-09 5.79373e-10-1.54528e-10
-8.77200e-10-1.55186e-09-2.14384e-09-2.62280e-09-2.96440e-09-3.15105e-09
-3.17276e-09-3.02818e-09-2.72483e-09-2.27823e-09-1.71063e-09-1.04950e-09
-3.26101e-10 4.25044e-10 1.16670e-09 1.86045e-09 2.46814e-09 2.95314e-09
 3.28211e-09 3.42733e-09 3.36954e-09 3.10154e-09 2.63137e-09 1.98412e-09
 1.20213e-09 3.43499e-10-5.21250e-10-1.31493e-09-1.96226e-09-2.39952e-09
-2.58376e-09-2.50015e-09-2.16569e-09-1.62902e-09-9.66024e-10-2.70775e-10
 3.57012e-10 8.25762e-10 1.06552e-09 1.03804e-09 7.41782e-10 2.12056e-10
-4.84185e-10-1.25844e-09-2.01320e-09-2.65531e-09-3.10761e-09-3.31657e-09
-3.25585e-09-2.92626e-09-2.35232e-09-1.57679e-09-6.54842e-10 3.51557e-10
 1.37777e-09 2.35918e-09 3.23351e-09 3.94333e-09 4.43923e-09 4.68395e-09
 4.65663e-09 4.35621e-09 3.80325e-09 3.03951e-09 2.12436e-09 1.12833e-09
 1.25202e-10-8.16126e-10-1.63827e-09-2.29923e-09-2.77358e-09-3.05118e-09
-3.13424e-09-3.03417e-09-2.76914e-09-2.36282e-09-1.84419e-09-1.24782e-09
-6.13224e-10 1.70440e-11 6.00785e-10 1.10065e-09 1.48840e-09 1.74793e-09
 1.87623e-09 1.88179e-09 1.78100e-09 1.59378e-09 1.33982e-09 1.03619e-09
 6.97113e-10 3.35235e-10-3.64034e-11-4.02869e-10-7.47087e-10-1.05131e-09
-1.29975e-09-1.48119e-09-1.59077e-09-1.62992e-09-1.60455e-09-1.52240e-09
-1.39052e-09-1.21396e-09-9.96144e-10-7.40686e-10-4.53724e-10-1.45494e-10
 1.69630e-10 4.74934e-10 7.54307e-10 9.95118e-10 1.18984e-09 1.33582e-09
 1.43343e-09 1.48350e-09 1.48533e-09 1.43597e-09 1.33142e-09 1.16893e-09
 9.49525e-10 6.79458e-10 3.70012e-10 3.58563e-11-3.07157e-10-6.43746e-10
-9.59875e-10-1.24224e-09-1.47713e-09-1.64977e-09-1.74499e-09-1.74932e-09
-1.65408e-09-1.45842e-09-1.17083e-09-8.08555e-10-3.95083e-10 4.33647e-11
 4.81037e-10 8.94639e-10 1.26393e-09 1.57136e-09 1.80155e-09 1.94138e-09
 1.98118e-09 1.91643e-09 1.74896e-09 1.48675e-09 1.14220e-09 7.29638e-10
 2.63338e-10-2.42925e-10-7.74279e-10-1.31184e-09-1.82990e-09-2.29478e-09
-2.66616e-09-2.90115e-09-2.95989e-09-2.81157e-09-2.43941e-09-1.84407e-09
-1.04592e-09-8.63866e-11 9.71830e-10 2.04677e-09 3.04255e-09 3.85854e-09
 4.40158e-09 4.59944e-09 4.41265e-09 3.84182e-09 2.92878e-09 1.75147e-09
 4.14339e-10-9.63848e-10-2.26248e-09-3.37072e-09-4.19757e-09-4.68010e-09
-4.78884e-09-4.52935e-09-3.93927e-09-3.08129e-09-2.03382e-09-8.81297e-10
 2.93632e-10 1.41498e-09 2.41548e-09 3.23731e-09 3.83353e-09 4.17090e-09
 4.23342e-09 4.02492e-09 3.56912e-09 2.90702e-09 2.09185e-09 1.18318e-09
 2.41274e-10-6.77451e-10-1.52403e-09-2.25962e-09-2.85713e-09-3.30149e-09
-3.58819e-09-3.72025e-09-3.70426e-09-3.54709e-09-3.25497e-09-2.83550e-09
-2.30102e-09-1.67131e-09-9.73517e-10-2.39820e-10 4.96441e-10 1.20439e-09
 1.85779e-09 2.43502e-09 2.91756e-09 3.28827e-09 3.53074e-09 3.62989e-09
 3.57342e-09 3.35350e-09 2.96827e-09 2.42337e-09 1.73341e-09 9.23228e-10
 2.79200e-11-9.09404e-10-1.84168e-09-2.72207e-09-3.50644e-09-4.15361e-09
-4.62426e-09-4.88002e-09-4.88396e-09-4.60393e-09-4.01842e-09-3.12313e-09
-1.93571e-09-4.97057e-10 1.13033e-09 2.86589e-09 4.61572e-09 6.27815e-09
 7.74962e-09 8.93041e-09 9.72970e-09 1.00699e-08 9.89030e-09 9.15163e-09
 7.84094e-09 5.97790e-09 3.62011e-09 8.65286e-10-2.15086e-09-5.26146e-09
-8.27911e-09-1.10084e-08-1.32583e-08-1.48538e-08-1.56481e-08-1.55358e-08
-1.44654e-08-1.24506e-08-9.57678e-09-6.00446e-09-1.96625e-09 2.24257e-09
 6.28135e-09 9.78867e-09 1.24162e-08 1.38758e-08 1.39981e-08 1.27829e-08
 1.04208e-08 7.27075e-09 3.79902e-09 4.92871e-10-2.22980e-09-4.09315e-09
-4.99996e-09-5.02367e-09-4.36140e-09-3.26815e-09-1.99840e-09-7.69653e-10
 2.54552e-10 9.71213e-10 1.33812e-09 1.36798e-09 1.11741e-09 6.73761e-10
 1.42170e-10-3.67570e-10-7.56235e-10-9.52154e-10-9.26554e-10-7.03969e-10
-3.65989e-10-9.09600e-11
