      10
(6e12.5)
     0.0000e+00     0.0000e+00      0  0  0.00
     512   1.00000  0.0000e+00
-5.46375e-09-5.91277e-09-6.22351e-09-6.34176e-09-6.20585e-09-5.77537e-09
-5.06376e-09-4.14575e-09-3.13104e-09-2.12345e-09-1.18924e-09-3.41982e-10
 4.60622e-10 1.30653e-09 2.29896e-09 3.50802e-09 4.92540e-09 6.45184e-09
 7.93184e-09 9.21646e-09 1.02141e-08 1.09012e-08 1.12960e-08 1.14219e-08
 1.12830e-08 1.08664e-08 1.01650e-08 9.20196e-09 8.03681e-09 6.75204e-09
 5.43237e-09 4.14492e-09 2.91567e-09 1.70432e-09 3.98021e-10-1.15574e-09
-3.08141e-09-5.40547e-09-8.02658e-09-1.07452e-08-1.33301e-08-1.55789e-08
-1.73479e-08-1.85597e-08-1.92029e-08-1.93271e-08-1.90235e-08-1.83902e-08
-1.74955e-08-1.63521e-08-1.49065e-08-1.30473e-08-1.06365e-08-7.55763e-09
-3.76291e-09 7.04697e-10 5.72129e-09 1.11151e-08 1.67088e-08 2.23569e-08
 2.79618e-08 3.34604e-08 3.87942e-08 4.38934e-08 4.86951e-08 5.31842e-08
 5.74145e-08 6.14620e-08 6.53053e-08 6.86781e-08 7.09589e-08 7.11426e-08
 6.79195e-08 5.99030e-08 4.60139e-08 2.58295e-08-3.21158e-10-3.12579e-08
-6.46421e-08-9.71208e-08-1.25270e-07-1.46587e-07-1.60042e-07-1.66320e-07
-1.67575e-07-1.66663e-07-1.66308e-07-1.68648e-07-1.75354e-07-1.88264e-07
-2.09963e-07-2.43261e-07-2.88787e-07-3.41122e-07-3.85236e-07-3.95581e-07
-3.39790e-07-1.87876e-07 7.50145e-08 4.39669e-07 8.72569e-07 1.31888e-06
 1.70910e-06 1.97014e-06 2.02106e-06 1.76990e-06 1.16742e-06 2.70705e-07
-7.75885e-07-1.78821e-06-2.55103e-06-2.85234e-06-2.56623e-06-1.72574e-06
-5.48327e-07 6.10047e-07 1.37359e-06 1.50880e-06 1.05131e-06 2.93009e-07
-3.70561e-07-6.36311e-07-4.41641e-07 1.27068e-08 3.99458e-07 4.86006e-07
 2.82073e-07 1.85842e-09-1.25630e-07-4.06655e-08 1.22944e-07 1.86810e-07
 1.01718e-07-2.40733e-08-5.94414e-08 7.17632e-09 7.37759e-08 5.87225e-08
-6.77284e-09-3.55851e-08-3.84655e-09 2.87429e-08 1.33135e-08-2.25337e-08
-2.73652e-08-5.23241e-09 5.70028e-10-1.85212e-08-2.92941e-08-1.84144e-08
-1.05430e-08-1.89406e-08-2.48494e-08-1.73193e-08-1.10569e-08-1.34167e-08
-1.23402e-08-4.27199e-09 7.84206e-10 2.03902e-09 6.09410e-09 1.06411e-08
 1.15132e-08 1.15259e-08 1.19221e-08 1.04640e-08 7.65058e-09 4.62592e-09
 7.87370e-10-3.72827e-09-8.12140e-09-1.20458e-08-1.50608e-08-1.66128e-08
-1.64013e-08-1.43609e-08-1.06952e-08-5.88471e-09-5.36831e-10 4.72821e-09
 9.31935e-09 1.27234e-08 1.45778e-08 1.47267e-08 1.32126e-08 1.02376e-08
 6.15872e-09 1.49778e-09-3.10277e-09-6.98175e-09-9.55600e-09-1.03827e-08
-9.22679e-09-6.15635e-09-1.61044e-09 3.64868e-09 8.70875e-09 1.27044e-08
 1.49455e-08 1.49905e-08 1.27276e-08 8.45738e-09 2.89176e-09-2.98353e-09
-8.13206e-09-1.16810e-08-1.30719e-08-1.21473e-08-9.19178e-09-4.91000e-09
-2.98293e-10 3.57801e-09 5.82645e-09 5.92685e-09 3.85008e-09 6.62107e-11
-4.55530e-09-8.92806e-09-1.19873e-08-1.29364e-08-1.14446e-08-7.75086e-09
-2.62466e-09 2.83345e-09 7.47804e-09 1.03848e-08 1.10463e-08 9.49504e-09
 6.32279e-09 2.53756e-09-7.21051e-10-2.49893e-09-2.27732e-09-1.06645e-10
 3.40388e-09 7.24558e-09 1.02824e-08 1.15604e-08 1.05722e-08 7.41545e-09
 2.79286e-09-2.18544e-09-6.34477e-09-8.79149e-09-9.13767e-09-7.57375e-09
-4.81117e-09-1.89491e-09 1.09399e-10 4.65681e-10-9.87927e-10-3.79010e-09
-7.00248e-09-9.50104e-09-1.03409e-08-9.07536e-09-5.89565e-09-1.55115e-09
 2.88478e-09 6.33382e-09 8.04892e-09 7.85546e-09 6.19221e-09 3.94319e-09
 2.13130e-09 1.56286e-09 2.53543e-09 4.72552e-09 7.30193e-09 9.21714e-09
 9.57403e-09 7.94741e-09 4.54727e-09 1.55428e-10-4.14736e-09-7.36143e-09
-8.90944e-09-8.80953e-09-7.62579e-09-6.23034e-09-5.46515e-09-5.81204e-09
-7.18980e-09-8.97241e-09-1.02315e-08-1.01044e-08-8.14298e-09-4.50344e-09
 9.92650e-11 4.64922e-09 8.19019e-09 1.01524e-08 1.05196e-08 9.76828e-09
 8.61816e-09 7.71085e-09 7.34543e-09 7.36320e-09 7.22810e-09 6.28227e-09
 4.07079e-09 5.84853e-10-3.67889e-09-7.85552e-09-1.09980e-08-1.24140e-08
-1.19058e-08-9.80233e-09-6.78488e-09-3.59350e-09-7.30500e-10 1.69988e-09
 3.92030e-09 6.23130e-09 8.74550e-09 1.12325e-08 1.31241e-08 1.36881e-08
 1.23294e-08 8.89263e-09 3.80028e-09-2.05576e-09-7.60121e-09-1.19031e-08
-1.44197e-08-1.50980e-08-1.42713e-08-1.23968e-08-9.79034e-09-6.52455e-09
-2.55012e-09 2.06182e-09 6.92704e-09 1.13168e-08 1.43106e-08 1.50992e-08
 1.33322e-08 9.33144e-09 4.03890e-09-1.28948e-09-5.49456e-09-7.84027e-09
-8.14956e-09-6.74811e-09-4.25822e-09-1.32217e-09 1.61178e-09 4.31905e-09
 6.63850e-09 8.26709e-09 8.71018e-09 7.46939e-09 4.35571e-09-2.72034e-10
-5.48999e-09-1.00461e-08-1.27636e-08-1.29473e-08-1.06306e-08-6.55873e-09
-1.90956e-09 2.12753e-09 4.72687e-09 5.60467e-09 4.96003e-09 3.25499e-09
 9.79715e-10-1.45951e-09-3.69478e-09-5.29497e-09-5.75448e-09-4.63888e-09
-1.83172e-09 2.26219e-09 6.70736e-09 1.02799e-08 1.18886e-08 1.10034e-08
 7.88884e-09 3.51744e-09-7.98630e-10-3.88598e-09-5.09326e-09-4.43279e-09
-2.45097e-09 6.85152e-11 2.38786e-09 3.95507e-09 4.40813e-09 3.54313e-09
 1.33732e-09-1.96050e-09-5.75466e-09-9.15290e-09-1.11865e-08-1.11516e-08
-8.94667e-09-5.22045e-09-1.18785e-09 1.84716e-09 3.01606e-09 2.19281e-09
-2.51950e-11-2.61259e-09-4.54508e-09-5.16467e-09-4.32049e-09-2.27673e-09
 4.82921e-10 3.41772e-09 6.01117e-09 7.80349e-09 8.44254e-09 7.80092e-09
 6.11339e-09 4.00121e-09 2.28564e-09 1.63814e-09 2.24615e-09 3.68916e-09
 5.11284e-09 5.62933e-09 4.74902e-09 2.62229e-09-4.22198e-11-2.34050e-09
-3.60651e-09-3.67459e-09-2.86367e-09-1.75473e-09-9.27398e-10-7.85801e-10
-1.49785e-09-2.99447e-09-4.97521e-09-6.92251e-09-8.17872e-09-8.13222e-09
-6.48152e-09-3.45439e-09 1.67761e-10 3.29916e-09 5.00397e-09 4.93408e-09
 3.49381e-09 1.62511e-09 3.41604e-10 2.77810e-10 1.47716e-09 3.47843e-09
 5.59438e-09 7.20528e-09 7.93848e-09 7.70875e-09 6.66615e-09 5.11164e-09
 3.41388e-09 1.92125e-09 8.46841e-10 1.50342e-10-4.87363e-10-1.51002e-09
-3.19535e-09-5.41231e-09-7.61669e-09-9.12460e-09-9.50766e-09-8.86070e-09
-7.77271e-09-7.02458e-09-7.19411e-09-8.37607e-09-1.01438e-08-1.17528e-08
-1.24638e-08-1.18131e-08-9.72350e-09-6.47914e-09-2.63763e-09 1.09617e-09
 4.05801e-09 5.85891e-09 6.56327e-09 6.67119e-09 6.85940e-09 7.61204e-09
 8.97642e-09 1.05970e-08 1.19818e-08 1.28120e-08 1.31040e-08 1.31324e-08
 1.31738e-08 1.32477e-08 1.30402e-08 1.20606e-08 9.91637e-09 6.53070e-09
 2.19634e-09-2.51592e-09-6.90319e-09-1.02745e-08-1.21101e-08-1.22416e-08
-1.09567e-08-8.90073e-09-6.77528e-09-5.01036e-09-3.63056e-09-2.40773e-09
-1.19227e-09-2.92043e-10
     0.0000e+00     0.0000e+00      0  0  0.00
     512   1.00000  0.0000e+00
-1.73207e-09-1.39945e-09-9.65935e-10-5.37604e-10-2.27670e-10-1.04938e-10
-1.60922e-10-3.19067e-10-4.80976e-10-5.79346e-10-6.03054e-10-5.80238e-10
-5.36803e-10-4.64740e-10-3.24674e-10-8.03437e-11 2.61704e-10 6.38578e-10
 9.53043e-10 1.11035e-09 1.04142e-09 7.05009e-10 8.75960e-11-7.75776e-10
-1.75545e-09-2.57608e-09-2.79444e-09-1.84063e-09 8.51284e-10 5.61133e-09
 1.22273e-08 1.97009e-08 2.63036e-08 3.00393e-08 2.93190e-08 2.35199e-08
 1.32355e-08 1.78960e-10-1.32213e-08-2.44233e-08-3.14024e-08-3.31445e-08
-2.98758e-08-2.29580e-08-1.44497e-08-6.44263e-09-4.06542e-10 3.14810e-09
 4.52178e-09 4.36702e-09 3.27929e-09 1.63236e-09-3.78583e-10-2.59845e-09
-4.79022e-09-6.61585e-09-7.72558e-09-7.87981e-09-7.02890e-09-5.32907e-09
-3.10422e-09-7.67472e-10 1.27725e-09 2.72449e-09 3.42161e-09 3.38117e-09
 2.76585e-09 1.86505e-09 1.06835e-09 8.32507e-10 1.63604e-09 3.90237e-09
 7.86212e-09 1.33543e-08 1.96431e-08 2.54568e-08 2.94291e-08 3.07124e-08
 2.92529e-08 2.55487e-08 2.02498e-08 1.40404e-08 7.75094e-09 2.30996e-09
-1.52369e-09-3.34439e-09-2.94131e-09 2.07484e-10 7.38190e-09 2.02755e-08
 3.94133e-08 6.17758e-08 7.89065e-08 7.69770e-08 3.97383e-08-4.56811e-08
-1.81070e-07-3.48992e-07-5.07877e-07-5.98772e-07-5.67800e-07-3.92880e-07
-1.01777e-07 2.29088e-07 5.12059e-07 7.01288e-07 8.01990e-07 8.29932e-07
 7.72929e-07 5.93095e-07 2.70822e-07-1.52249e-07-5.73092e-07-8.64341e-07
-9.25624e-07-7.25198e-07-3.19896e-07 1.45910e-07 4.85875e-07 5.61002e-07
 3.56480e-07 2.61139e-10-2.97786e-07-3.72080e-07-2.10311e-07 4.44205e-08
 2.04044e-07 1.75581e-07 2.25789e-08-1.02742e-07-9.83945e-08 3.64385e-09
 8.57582e-08 7.17031e-08-1.65255e-09-4.04318e-08-6.72974e-09 4.53622e-08
 4.75495e-08 4.04133e-09-2.38597e-08-6.19340e-09 2.03923e-08 1.43349e-08
-1.05452e-08-1.46418e-08 3.02085e-09 9.66016e-09-3.43932e-09-1.11525e-08
-2.51576e-09 3.50954e-09-2.87354e-09-6.53449e-09 7.00626e-11 4.52525e-09
 1.93807e-09 1.81579e-09 5.18584e-09 4.28724e-09 5.77606e-10-4.20925e-10
-7.99599e-10-2.43890e-09-2.71084e-09-1.82747e-09-1.81168e-09-2.24788e-09
-2.74069e-09-3.62565e-09-4.37287e-09-4.38958e-09-3.59846e-09-2.02557e-09
 1.19562e-10 2.40830e-09 4.39707e-09 5.72062e-09 6.16330e-09 5.71988e-09
 4.55677e-09 2.91591e-09 1.02906e-09-9.16056e-10-2.75805e-09-4.33407e-09
-5.46327e-09-5.95497e-09-5.65641e-09-4.52775e-09-2.70266e-09-4.81043e-10
 1.75050e-09 3.61022e-09 4.77690e-09 5.02731e-09 4.29619e-09 2.73856e-09
 7.19685e-10-1.29810e-09-2.90879e-09-3.85657e-09-4.03205e-09-3.42642e-09
-2.12215e-09-3.26709e-10 1.62068e-09 3.32008e-09 4.43151e-09 4.77338e-09
 4.34731e-09 3.29242e-09 1.82199e-09 1.90950e-10-1.31423e-09-2.40525e-09
-2.85763e-09-2.58497e-09-1.67605e-09-3.75590e-10 9.74802e-10 2.01778e-09
 2.47255e-09 2.21093e-09 1.28471e-09-1.03600e-10-1.65964e-09-3.05313e-09
-3.97166e-09-4.18974e-09-3.64183e-09-2.46026e-09-9.46407e-10 5.17817e-10
 1.57717e-09 1.99506e-09 1.71637e-09 8.86795e-10-1.83655e-10-1.11113e-09
-1.56009e-09-1.34912e-09-4.97005e-10 7.96621e-10 2.21514e-09 3.40596e-09
 4.05956e-09 3.98476e-09 3.17417e-09 1.83189e-09 3.32271e-10-8.99469e-10
-1.54779e-09-1.53205e-09-1.02847e-09-3.76556e-10 7.53109e-11 9.90875e-11
-3.61988e-10-1.21203e-09-2.24956e-09-3.21285e-09-3.82486e-09-3.86078e-09
-3.24436e-09-2.12205e-09-8.41570e-10 1.81341e-10 6.50185e-10 5.32865e-10
 7.53965e-11-3.29206e-10-3.35568e-10 2.00778e-10 1.17678e-09 2.31054e-09
 3.27429e-09 3.81477e-09 3.81756e-09 3.31849e-09 2.47897e-09 1.53974e-09
 7.59789e-10 3.38806e-10 3.35213e-10 6.18998e-10 9.00805e-10 8.44918e-10
 2.30338e-10-9.11447e-10-2.26336e-09-3.33467e-09-3.67742e-09-3.10068e-09
-1.77364e-09-1.68896e-10 1.12612e-09 1.64993e-09 1.26267e-09 2.12701e-10
-9.63560e-10-1.67775e-09-1.56506e-09-6.70804e-10 5.50789e-10 1.43778e-09
 1.43255e-09 3.56476e-10-1.48519e-09-3.42009e-09-4.69492e-09-4.79741e-09
-3.66403e-09-1.68160e-09 5.06053e-10 2.28276e-09 3.30112e-09 3.58308e-09
 3.45250e-09 3.34017e-09 3.55375e-09 4.11758e-09 4.74680e-09 4.95861e-09
 4.27959e-09 2.48036e-09-2.57580e-10-3.34369e-09-5.98387e-09-7.50041e-09
-7.59540e-09-6.42621e-09-4.48121e-09-2.34432e-09-4.68820e-10 9.47694e-10
 1.95026e-09 2.69914e-09 3.30709e-09 3.73986e-09 3.82985e-09 3.37661e-09
 2.27547e-09 6.25201e-10-1.22726e-09-2.74895e-09-3.40633e-09-2.91147e-09
-1.38820e-09 6.63885e-10 2.59977e-09 3.91214e-09 4.39888e-09 4.14297e-09
 3.36750e-09 2.28722e-09 1.03508e-09-3.27890e-10-1.75016e-09-3.11600e-09
-4.20086e-09-4.69524e-09-4.32008e-09-3.00034e-09-9.94563e-10 1.12998e-09
 2.70099e-09 3.22746e-09 2.61161e-09 1.16938e-09-5.40909e-10-1.97107e-09
-2.78112e-09-2.90548e-09-2.48564e-09-1.72901e-09-7.89832e-10 2.52941e-10
 1.32455e-09 2.26941e-09 2.83968e-09 2.78849e-09 2.02226e-09 7.14233e-10
-7.09875e-10-1.72961e-09-1.96090e-09-1.34530e-09-1.90470e-10 9.74413e-10
 1.65478e-09 1.61524e-09 9.55164e-10 1.27226e-11-8.28100e-10-1.31025e-09
-1.36988e-09-1.08859e-09-5.97094e-10-8.53864e-12 5.84072e-10 1.06589e-09
 1.26976e-09 1.01577e-09 2.25307e-10-9.60686e-10-2.15801e-09-2.86205e-09
-2.67503e-09-1.51735e-09 2.98587e-10 2.17756e-09 3.48063e-09 3.77724e-09
 2.99681e-09 1.42313e-09-4.47135e-10-2.09515e-09-3.12450e-09-3.31954e-09
-2.64362e-09-1.22986e-09 6.14935e-10 2.42980e-09 3.69412e-09 3.99582e-09
 3.20584e-09 1.56795e-09-3.65374e-10-1.94719e-09-2.70214e-09-2.50988e-09
-1.61757e-09-4.79572e-10 4.83148e-10 1.06087e-09 1.27790e-09 1.28341e-09
 1.21168e-09 1.10687e-09 9.38342e-10 6.61654e-10 2.61623e-10-2.49753e-10
-8.56279e-10-1.53454e-09-2.20843e-09-2.70131e-09-2.75071e-09-2.12095e-09
-7.78104e-10 9.81074e-10 2.56605e-09 3.32487e-09 2.86167e-09 1.25240e-09
-9.73952e-10-3.07485e-09-4.41206e-09-4.67570e-09-3.92016e-09-2.44696e-09
-6.48898e-10 1.09325e-09 2.44684e-09 3.14235e-09 3.02404e-09 2.13981e-09
 7.92832e-10-5.38936e-10-1.41558e-09-1.65426e-09-1.39284e-09-9.41588e-10
-5.27911e-10-1.25301e-10 4.98089e-10 1.54055e-09 2.91873e-09 4.20442e-09
 4.80980e-09 4.31703e-09 2.74764e-09 5.93892e-10-1.41266e-09-2.64367e-09
-2.81765e-09-2.03435e-09-6.47042e-10 9.00749e-10 2.18599e-09 2.86203e-09
 2.70746e-09 1.69423e-09 3.46964e-11-1.85779e-09-3.50389e-09-4.52517e-09
-4.75899e-09-4.26808e-09-3.25096e-09-1.92213e-09-4.48704e-10 1.02180e-09
 2.29145e-09 3.08853e-09 3.14275e-09 2.34152e-09 9.00363e-10-5.38671e-10
-9.53907e-10-3.79168e-10
     0.0000e+00     0.0000e+00      0  0  0.00
     512   1.00000  0.0000e+00
-3.28367e-09-3.52364e-09-3.67273e-09-3.72050e-09-3.66680e-09-3.52146e-09
-3.29635e-09-2.99592e-09-2.61751e-09-2.16167e-09-1.64066e-09-1.07653e-09
-4.91410e-10 1.00598e-10 6.93953e-10 1.28753e-09 1.88157e-09 2.47681e-09
 3.07261e-09 3.66392e-09 4.24082e-09 4.79074e-09 5.29918e-09 5.74597e-09
 6.10100e-09 6.32736e-09 6.39576e-09 6.30193e-09 6.07360e-09 5.76525e-09
 5.45196e-09 5.22287e-09 5.15830e-09 5.28874e-09 5.56460e-09 5.86310e-09
 6.02812e-09 5.92186e-09 5.47162e-09 4.70035e-09 3.72797e-09 2.73328e-09
 1.88511e-09 1.27529e-09 8.90161e-10 6.32808e-10 3.75309e-10 5.04202e-12
-5.58353e-10-1.37024e-09-2.47198e-09-3.89497e-09-5.66068e-09-7.77650e-09
-1.02206e-08-1.29189e-08-1.57310e-08-1.84570e-08-2.08656e-08-2.27499e-08
-2.40225e-08-2.48455e-08-2.57462e-08-2.76464e-08-3.17416e-08-3.91891e-08
-5.05939e-08-6.53235e-08-8.07914e-08-9.20003e-08-9.17553e-08-7.19656e-08
-2.62922e-08 4.59160e-08 1.36753e-07 2.32320e-07 3.16447e-07 3.67413e-07
 3.59639e-07 2.80453e-07 1.41058e-07-2.91136e-08-1.90198e-07-3.01248e-07
-3.36221e-07-2.96092e-07-2.08215e-07-1.14581e-07-5.27460e-08-3.64807e-08
-4.90322e-08-5.67974e-08-3.51709e-08 1.29161e-08 6.08731e-08 8.08738e-08
 6.48539e-08 2.79591e-08-4.43452e-09-1.30832e-08 4.70156e-09 3.41376e-08
 5.43405e-08 5.36016e-08 3.48670e-08 1.14997e-08 2.20070e-09 2.61740e-08
 9.12409e-08 1.83041e-07 2.72127e-07 3.27534e-07 3.21776e-07 2.38817e-07
 8.59493e-08-1.05655e-07-2.90749e-07-4.24631e-07-4.79711e-07-4.53972e-07
-3.67235e-07-2.49790e-07-1.28708e-07-1.82217e-08 7.97536e-08 1.64665e-07
 2.26210e-07 2.44909e-07 2.06812e-07 1.23339e-07 3.60500e-08-7.58563e-09
 7.22125e-09 4.64218e-08 5.74982e-08 2.27437e-08-2.35491e-08-3.81709e-08
-2.01256e-08-3.93778e-09-8.95450e-09-1.97362e-08-1.87615e-08-1.12729e-08
-7.89244e-09-6.52177e-09-2.91768e-09 1.77579e-11 9.75144e-10 2.71267e-09
 4.59100e-09 4.61546e-09 4.42076e-09 4.80438e-09 4.12949e-09 2.93526e-09
 2.41032e-09 1.59210e-09 4.07579e-10-1.78110e-10-6.52366e-10-1.27715e-09
-1.51641e-09-1.74637e-09-2.16911e-09-2.39517e-09-2.63879e-09-2.93098e-09
-3.01360e-09-3.13144e-09-3.30800e-09-3.42090e-09-3.64400e-09-3.86703e-09
-3.97568e-09-4.03557e-09-3.90671e-09-3.58592e-09-3.13592e-09-2.47422e-09
-1.64609e-09-6.69352e-10 4.41084e-10 1.55198e-09 2.59930e-09 3.49144e-09
 4.13997e-09 4.53471e-09 4.64808e-09 4.51826e-09 4.20354e-09 3.73871e-09
 3.19281e-09 2.62730e-09 2.09377e-09 1.61479e-09 1.20650e-09 8.96521e-10
 6.63716e-10 4.65669e-10 2.65659e-10 1.21170e-11-3.52617e-10-8.48620e-10
-1.44288e-09-2.07380e-09-2.64710e-09-3.06857e-09-3.30428e-09-3.34676e-09
-3.15711e-09-2.71737e-09-2.09740e-09-1.40305e-09-7.14353e-10-9.54508e-11
 4.15491e-10 8.26141e-10 1.14674e-09 1.36596e-09 1.50328e-09 1.62620e-09
 1.78688e-09 1.97978e-09 2.16046e-09 2.27420e-09 2.28900e-09 2.21995e-09
 2.07850e-09 1.80711e-09 1.33399e-09 6.76048e-10-5.92632e-11-7.43091e-10
-1.28898e-09-1.68462e-09-1.95947e-09-2.12308e-09-2.14901e-09-2.01936e-09
-1.79096e-09-1.58483e-09-1.47248e-09-1.40604e-09-1.26691e-09-9.53696e-10
-4.53572e-10 1.58482e-10 8.07716e-10 1.46967e-09 2.12692e-09 2.72643e-09
 3.18455e-09 3.43229e-09 3.47376e-09 3.38409e-09 3.24473e-09 3.09143e-09
 2.89779e-09 2.60228e-09 2.16980e-09 1.60899e-09 9.35408e-10 1.61778e-10
-6.86437e-10-1.57123e-09-2.43985e-09-3.22694e-09-3.88106e-09-4.38292e-09
-4.74217e-09-4.98471e-09-5.12871e-09-5.17371e-09-5.11112e-09-4.92615e-09
-4.60565e-09-4.15438e-09-3.58090e-09-2.88861e-09-2.10476e-09-1.28037e-09
-4.64737e-10 2.78150e-10 8.72057e-10 1.28709e-09 1.54377e-09 1.66372e-09
 1.67288e-09 1.60757e-09 1.47287e-09 1.25140e-09 9.57021e-10 6.25641e-10
 2.84533e-10-2.43672e-11-2.33800e-10-2.89548e-10-1.66331e-10 1.36264e-10
 5.64997e-10 1.01071e-09 1.38078e-09 1.65004e-09 1.83661e-09 1.98107e-09
 2.15013e-09 2.40814e-09 2.77908e-09 3.24495e-09 3.73950e-09 4.12832e-09
 4.25529e-09 4.03738e-09 3.47970e-09 2.61122e-09 1.44778e-09-2.76468e-12
-1.70371e-09-3.51282e-09-5.15771e-09-6.32731e-09-6.78391e-09-6.41316e-09
-5.21956e-09-3.29970e-09-8.42281e-10 1.85165e-09 4.39363e-09 6.39074e-09
 7.55867e-09 7.80628e-09 7.21185e-09 5.93630e-09 4.18490e-09 2.20589e-09
 2.74910e-10-1.34329e-09-2.46838e-09-3.06397e-09-3.21398e-09-3.05109e-09
-2.69675e-09-2.23787e-09-1.75267e-09-1.33124e-09-1.04344e-09-9.04495e-10
-8.73444e-10-8.75178e-10-8.52005e-10-8.04421e-10-7.70116e-10-7.81237e-10
-8.44267e-10-9.35561e-10-1.01839e-09-1.06897e-09-1.07609e-09-1.03323e-09
-9.46939e-10-8.38725e-10-7.37538e-10-6.70857e-10-6.41394e-10-6.11254e-10
-5.20555e-10-3.14347e-10 3.54237e-11 5.06255e-10 1.02905e-09 1.52287e-09
 1.91848e-09 2.16661e-09 2.24477e-09 2.15547e-09 1.92581e-09 1.61108e-09
 1.28006e-09 9.93282e-10 7.94924e-10 7.03936e-10 7.05460e-10 7.58306e-10
 8.06354e-10 7.90721e-10 6.70794e-10 4.35386e-10 9.81980e-11-3.04529e-10
-7.21720e-10-1.10652e-09-1.42663e-09-1.66736e-09-1.83798e-09-1.96645e-09
-2.08092e-09-2.19707e-09-2.31433e-09-2.41714e-09-2.48016e-09-2.46927e-09
-2.34491e-09-2.08261e-09-1.69477e-09-1.22997e-09-7.54475e-10-3.26854e-10
 2.73315e-11 3.25181e-10 6.15537e-10 9.59379e-10 1.40632e-09 1.96990e-09
 2.61401e-09 3.25761e-09 3.79673e-09 4.13929e-09 4.23309e-09 4.06903e-09
 3.66752e-09 3.06743e-09 2.32324e-09 1.50157e-09 6.67511e-10-1.32694e-10
-8.75583e-10-1.55390e-09-2.17319e-09-2.74924e-09-3.30293e-09-3.85435e-09
-4.40963e-09-4.94387e-09-5.39976e-09-5.70370e-09-5.78248e-09-5.57594e-09
-5.04942e-09-4.20524e-09-3.09199e-09-1.80247e-09-4.44847e-10 9.01311e-10
 2.20558e-09 3.46525e-09 4.66669e-09 5.76544e-09 6.69548e-09 7.39335e-09
 7.82212e-09 7.98875e-09 7.94610e-09 7.76970e-09 7.51386e-09 7.16932e-09
 6.65213e-09 5.84385e-09 4.66889e-09 3.15792e-09 1.44981e-09-2.67555e-10
-1.83462e-09-3.16751e-09-4.25925e-09-5.15493e-09-5.92336e-09-6.62688e-09
-7.29078e-09-7.89196e-09-8.37983e-09-8.70705e-09-8.83397e-09-8.70580e-09
-8.24017e-09-7.35476e-09-6.02330e-09-4.32154e-09-2.43023e-09-5.91165e-10
 9.57651e-10 2.03799e-09 2.56766e-09 2.57890e-09 2.21265e-09 1.67917e-09
 1.19626e-09 9.41436e-10 1.04371e-09 1.59539e-09 2.63931e-09 4.11909e-09
 5.84073e-09 7.50246e-09 8.78406e-09 9.43174e-09 9.30026e-09 8.36429e-09
 6.71475e-09 4.53376e-09 2.04667e-09-5.26351e-10-2.98480e-09-5.11684e-09
-6.66063e-09-7.32452e-09-6.89686e-09-5.39907e-09-3.19655e-09-1.01440e-09
 1.51395e-10 1.71566e-10
     0.0000e+00     0.0000e+00      0  0  0.00
     512   1.00000  0.0000e+00
 4.46316e-09 5.09943e-09 5.54960e-09 5.67108e-09 5.37330e-09 4.67039e-09
 3.68180e-09 2.57529e-09 1.49193e-09 5.03926e-10-3.77544e-10-1.17053e-09
-1.90042e-09-2.59753e-09-3.30237e-09-4.06437e-09-4.92321e-09-5.87344e-09
-6.84089e-09-7.70860e-09-8.39106e-09-8.90423e-09-9.37362e-09-9.96127e-09
-1.07347e-08-1.15303e-08-1.18847e-08-1.10937e-08-8.41239e-09-3.35864e-09
 3.94638e-09 1.25327e-08 2.06343e-08 2.61400e-08 2.72745e-08 2.32046e-08
 1.43601e-08 2.39988e-09-1.01599e-08-2.05758e-08-2.66040e-08-2.71097e-08
-2.23492e-08-1.38245e-08-3.75926e-09 5.63090e-09 1.28088e-08 1.72325e-08
 1.91871e-08 1.93365e-08 1.83424e-08 1.66972e-08 1.47028e-08 1.25159e-08
 1.02346e-08 7.98458e-09 5.95228e-09 4.34352e-09 3.30530e-09 2.88069e-09
 3.04661e-09 3.82391e-09 5.38643e-09 8.04595e-09 1.19965e-08 1.68204e-08
 2.09419e-08 2.13312e-08 1.37725e-08-6.07187e-09-4.07276e-08-8.83114e-08
-1.39909e-07-1.78012e-07-1.79739e-07-1.29809e-07-3.55554e-08 7.41862e-08
 1.67319e-07 2.24499e-07 2.38279e-07 2.03648e-07 1.19961e-07 3.08638e-09
-1.11143e-07-1.79604e-07-1.75186e-07-1.07665e-07-2.33535e-08 2.32327e-08
 7.36654e-09-4.77828e-08-8.83526e-08-7.10992e-08 2.81432e-09 8.98518e-08
 1.38945e-07 1.26057e-07 6.16779e-08-2.38634e-08-9.58779e-08-1.21449e-07
-7.92162e-08 1.98438e-08 1.35252e-07 2.39655e-07 3.41517e-07 4.47163e-07
 5.19652e-07 4.98270e-07 3.41288e-07 3.41814e-08-4.04521e-07-8.98930e-07
-1.32022e-06-1.52217e-06-1.38242e-06-8.57411e-07-3.25486e-08 8.76078e-07
 1.58090e-06 1.82739e-06 1.51056e-06 7.47190e-07-1.51148e-07-8.10053e-07
-9.75552e-07-6.55115e-07-1.17665e-07 2.73211e-07 2.99120e-07 3.26972e-08
-2.39753e-07-2.75162e-07-8.52158e-08 1.06776e-07 1.22219e-07 7.74580e-09
-6.50369e-08-2.80141e-08 3.38033e-08 4.01437e-08 1.56063e-08 9.66752e-09
 1.51633e-08 9.74469e-09 2.76994e-09 3.56586e-09 1.73078e-09-4.11065e-09
-4.83334e-09-3.42482e-09-5.26746e-09-5.62626e-09-3.72130e-09-3.93538e-09
-4.13342e-09-2.42679e-09-1.71585e-09-1.29742e-09 3.37080e-10 1.17853e-09
 1.48107e-09 2.39274e-09 2.64254e-09 2.57839e-09 3.01260e-09 2.99023e-09
 2.77852e-09 2.73608e-09 2.21389e-09 1.66408e-09 1.27241e-09 6.83294e-10
 3.16940e-10 5.48278e-11-3.56065e-10-6.61019e-10-1.03872e-09-1.43619e-09
-1.66610e-09-1.89907e-09-2.04263e-09-2.12286e-09-2.24725e-09-2.30268e-09
-2.31904e-09-2.23316e-09-1.99922e-09-1.71747e-09-1.38987e-09-1.06221e-09
-7.32013e-10-3.50171e-10 8.42479e-11 5.93930e-10 1.12686e-09 1.61083e-09
 1.99355e-09 2.24185e-09 2.39581e-09 2.50985e-09 2.60429e-09 2.63442e-09
 2.53755e-09 2.31475e-09 2.03484e-09 1.78630e-09 1.59373e-09 1.39416e-09
 1.10899e-09 7.32364e-10 3.31357e-10-4.12829e-11-4.07639e-10-8.29872e-10
-1.31430e-09-1.76116e-09-2.04498e-09-2.15925e-09-2.22494e-09-2.32175e-09
-2.36895e-09-2.21928e-09-1.85106e-09-1.43121e-09-1.16498e-09-1.08173e-09
-9.85308e-10-6.44963e-10-5.57550e-11 5.23843e-10 8.42456e-10 9.40006e-10
 1.10127e-09 1.52086e-09 2.05396e-09 2.33664e-09 2.16232e-09 1.69992e-09
 1.30724e-09 1.15850e-09 1.08782e-09 7.93417e-10 1.80476e-10-5.19208e-10
-9.76674e-10-1.09289e-09-1.08499e-09-1.24687e-09-1.62988e-09-1.99738e-09
-2.09521e-09-1.90638e-09-1.63816e-09-1.50475e-09-1.52127e-09-1.51188e-09
-1.32047e-09-9.78152e-10-6.65559e-10-5.36257e-10-5.71788e-10-6.07498e-10
-4.96250e-10-2.31420e-10 7.71610e-11 3.23243e-10 4.99764e-10 6.85315e-10
 9.42899e-10 1.24060e-09 1.47754e-09 1.57843e-09 1.55624e-09 1.49605e-09
 1.48025e-09 1.51827e-09 1.54733e-09 1.50215e-09 1.38855e-09 1.28649e-09
 1.26847e-09 1.33478e-09 1.44602e-09 1.58351e-09 1.76076e-09 1.99717e-09
 2.27333e-09 2.50222e-09 2.57191e-09 2.42439e-09 2.06470e-09 1.50256e-09
 7.30302e-10-2.34646e-10-1.30569e-09-2.33398e-09-3.17240e-09-3.74346e-09
-4.03707e-09-4.04855e-09-3.75815e-09-3.20862e-09-2.58833e-09-2.18263e-09
-2.20897e-09-2.69178e-09-3.48673e-09-4.41179e-09-5.32730e-09-6.05449e-09
-6.24504e-09-5.43375e-09-3.31113e-09 1.47311e-11 4.00786e-09 7.95118e-09
 1.12108e-08 1.32920e-08 1.37394e-08 1.21395e-08 8.36631e-09 2.88203e-09
-3.24127e-09-8.67628e-09-1.23271e-08-1.36150e-08-1.24382e-08-9.00716e-09
-3.82616e-09 2.19973e-09 7.78848e-09 1.15999e-08 1.27395e-08 1.11200e-08
 7.41960e-09 2.71741e-09-1.89775e-09-5.54546e-09-7.60568e-09-7.76785e-09
-6.17285e-09-3.49928e-09-7.95128e-10 9.35118e-10 1.17284e-09 8.05656e-11
-1.66258e-09-3.21196e-09-3.85270e-09-3.16543e-09-1.10281e-09 1.98285e-09
 5.37084e-09 8.13347e-09 9.44407e-09 8.90334e-09 6.71705e-09 3.63208e-09
 6.48056e-10-1.36061e-09-1.93956e-09-1.16998e-09 4.03882e-10 1.98708e-09
 2.80061e-09 2.33499e-09 5.42527e-10-2.11391e-09-4.81116e-09-6.66777e-09
-7.08872e-09-6.01363e-09-3.94067e-09-1.71673e-09-1.99707e-10 7.54392e-11
-9.02666e-10-2.63733e-09-4.32989e-09-5.18610e-09-4.72207e-09-2.95766e-09
-4.14670e-10 2.08259e-09 3.73502e-09 4.09736e-09 3.25887e-09 1.79456e-09
 5.12463e-10 1.03524e-10 8.44714e-10 2.48654e-09 4.36835e-09 5.70763e-09
 5.93911e-09 4.95333e-09 3.13478e-09 1.19242e-09-1.49862e-10-4.74527e-10
 1.46078e-10 1.18745e-09 1.91666e-09 1.74196e-09 4.99649e-10-1.46875e-09
-3.47385e-09-4.79170e-09-5.00029e-09-4.17766e-09-2.85563e-09-1.75910e-09
-1.46276e-09-2.12041e-09-3.39244e-09-4.61079e-09-5.10569e-09-4.53587e-09
-3.05549e-09-1.22978e-09 2.52688e-10 9.18223e-10 7.32693e-10 1.11789e-10
-2.92736e-10 6.39141e-11 1.32496e-09 3.15060e-09 4.89255e-09 5.92372e-09
 5.95114e-09 5.16046e-09 4.11757e-09 3.46404e-09 3.56648e-09 4.32321e-09
 5.22856e-09 5.64167e-09 5.12103e-09 3.66254e-09 1.70779e-09-9.68480e-11
-1.25557e-09-1.68572e-09-1.73943e-09-1.98094e-09-2.85316e-09-4.41932e-09
-6.31635e-09-7.94780e-09-8.81614e-09-8.80233e-09-8.21489e-09-7.57557e-09
-7.28352e-09-7.36282e-09-7.43241e-09-6.91855e-09-5.40424e-09-2.91199e-09
 6.66966e-11 2.81551e-09 4.74951e-09 5.68034e-09 5.86676e-09 5.83384e-09
 6.05630e-09 6.69359e-09 7.55119e-09 8.29306e-09 8.74235e-09 9.03745e-09
 9.52420e-09 1.04616e-08 1.17389e-08 1.27876e-08 1.27683e-08 1.09624e-08
 7.16336e-09 1.83463e-09-4.05284e-09-9.38539e-09-1.32768e-08-1.52908e-08
-1.54383e-08-1.39815e-08-1.12167e-08-7.43172e-09-3.05688e-09 1.17869e-09
 4.29924e-09 5.38495e-09 3.97862e-09 3.70628e-10-4.41434e-09-8.96384e-09
-1.20157e-08-1.29157e-08-1.17476e-08-9.10177e-09-5.68649e-09-2.03331e-09
 1.58332e-09 5.03681e-09 8.14871e-09 1.05353e-08 1.15940e-08 1.05769e-08
 6.62387e-09 1.89923e-09
     0.0000e+00     0.0000e+00      0  0  0.00
     512   1.00000  0.0000e+00
 9.16844e-09 9.69735e-09 9.99041e-09 1.00516e-08 9.89298e-09 9.50940e-09
 8.85512e-09 7.84642e-09 6.41055e-09 4.55811e-09 2.42285e-09 2.27873e-10
-1.80867e-09-3.56693e-09-5.05771e-09-6.38579e-09-7.68373e-09-9.05454e-09
-1.05359e-08-1.20905e-08-1.36275e-08-1.50398e-08-1.62277e-08-1.70981e-08
-1.75620e-08-1.75573e-08-1.70882e-08-1.62414e-08-1.51463e-08-1.39068e-08
-1.25756e-08-1.11967e-08-9.85351e-09-8.65165e-09-7.65085e-09-6.80878e-09
-5.97023e-09-4.90581e-09-3.39420e-09-1.32232e-09 1.24309e-09 4.05980e-09
 6.80154e-09 9.18753e-09 1.10695e-08 1.24353e-08 1.33567e-08 1.39483e-08
 1.43710e-08 1.48493e-08 1.56418e-08 1.69586e-08 1.88858e-08 2.13607e-08
 2.41962e-08 2.71341e-08 2.99041e-08 3.22453e-08 3.38724e-08 3.44454e-08
 3.36437e-08 3.13760e-08 2.80513e-08 2.47980e-08 2.35223e-08 2.67005e-08
 3.67885e-08 5.51644e-08 8.06613e-08 1.08019e-07 1.26888e-07 1.22255e-07
 7.71712e-08-2.15937e-08-1.75766e-07-3.68806e-07-5.62333e-07-6.98235e-07
-7.16222e-07-5.85209e-07-3.20776e-07 2.27372e-08 3.66268e-07 6.23492e-07
 7.29971e-07 6.70142e-07 4.84798e-07 2.56522e-07 7.65722e-08 1.81522e-09
 2.49320e-08 8.36610e-08 1.07058e-07 6.53753e-08-1.31647e-08-7.02346e-08
-6.58791e-08-6.64247e-09 6.44973e-08 9.88136e-08 7.12272e-08-1.16444e-08
-1.33860e-07-2.83872e-07-4.32303e-07-5.22372e-07-5.13338e-07-4.21398e-07
-2.85438e-07-1.14224e-07 9.29160e-08 3.06577e-07 4.77486e-07 5.50692e-07
 4.71870e-07 2.21753e-07-1.50382e-07-5.26345e-07-7.48490e-07-6.83225e-07
-2.98144e-07 2.95214e-07 8.65398e-07 1.15378e-06 1.00417e-06 4.66159e-07
-2.03130e-07-6.66683e-07-7.04475e-07-3.60618e-07 7.66364e-08 2.82758e-07
 1.50363e-07-1.31937e-07-2.70391e-07-1.58502e-07 3.81322e-08 1.02402e-07
 1.79386e-08-5.99964e-08-3.99214e-08 1.30454e-08 2.08072e-08 2.67343e-09
 1.58631e-09 7.09498e-09 1.19952e-09-2.59384e-09 1.60712e-09 5.45792e-10
-4.54816e-09-4.26434e-09-3.77330e-09-6.71063e-09-6.76261e-09-4.92695e-09
-5.22100e-09-4.22904e-09-1.71368e-09-1.00537e-09-2.14543e-10 1.37120e-09
 1.68700e-09 2.24927e-09 3.68382e-09 4.41953e-09 5.32143e-09 6.45383e-09
 6.72822e-09 6.99557e-09 7.23673e-09 6.91869e-09 6.75291e-09 6.45899e-09
 5.79115e-09 5.21719e-09 4.41342e-09 3.50218e-09 2.76988e-09 1.90761e-09
 1.06012e-09 2.03281e-10-8.05288e-10-1.74617e-09-2.67413e-09-3.50727e-09
-4.12150e-09-4.61627e-09-4.92150e-09-5.08490e-09-5.16921e-09-5.15933e-09
-5.11403e-09-4.97064e-09-4.66362e-09-4.14244e-09-3.40610e-09-2.58089e-09
-1.76190e-09-1.02831e-09-4.13598e-10 1.42710e-10 7.37285e-10 1.42114e-09
 2.14234e-09 2.80778e-09 3.31896e-09 3.61434e-09 3.72591e-09 3.71808e-09
 3.59674e-09 3.34771e-09 3.01715e-09 2.66103e-09 2.28529e-09 1.88410e-09
 1.45963e-09 1.00063e-09 4.92944e-10-6.81498e-11-6.89033e-10-1.34279e-09
-1.91522e-09-2.26061e-09-2.33230e-09-2.22448e-09-2.10240e-09-2.09432e-09
-2.19055e-09-2.24708e-09-2.14143e-09-1.90246e-09-1.64934e-09-1.44797e-09
-1.26269e-09-1.02319e-09-7.24997e-10-4.71970e-10-4.09967e-10-5.91169e-10
-8.89430e-10-1.07827e-09-1.02531e-09-7.97725e-10-5.75695e-10-4.89791e-10
-5.26310e-10-5.64461e-10-5.15930e-10-4.15106e-10-3.56008e-10-3.75718e-10
-4.22629e-10-4.25995e-10-3.87545e-10-3.93577e-10-5.33826e-10-8.09371e-10
-1.10675e-09-1.27063e-09-1.21933e-09-9.90873e-10-6.96093e-10-4.33839e-10
-2.21244e-10 6.73955e-12 3.32336e-10 7.99041e-10 1.40535e-09 2.13206e-09
 2.96712e-09 3.89600e-09 4.87126e-09 5.80372e-09 6.59006e-09 7.16576e-09
 7.55051e-09 7.82436e-09 8.03282e-09 8.13281e-09 8.03655e-09 7.67222e-09
 7.02788e-09 6.19321e-09 5.31895e-09 4.50045e-09 3.74655e-09 3.03760e-09
 2.33764e-09 1.58578e-09 7.36929e-10-2.20425e-10-1.28409e-09-2.40871e-09
-3.48218e-09-4.40362e-09-5.15233e-09-5.74933e-09-6.21634e-09-6.58161e-09
-6.85904e-09-7.03541e-09-7.11170e-09-7.10513e-09-7.00543e-09-6.80620e-09
-6.56943e-09-6.37877e-09-6.22145e-09-5.93427e-09-5.24896e-09-3.92724e-09
-1.94422e-09 4.29167e-10 2.75548e-09 4.64850e-09 5.87998e-09 6.35608e-09
 6.05111e-09 4.96242e-09 3.14781e-09 8.24821e-10-1.60205e-09-3.64442e-09
-4.88853e-09-5.12335e-09-4.38995e-09-2.95412e-09-1.24276e-09 2.36343e-10
 9.96278e-10 7.08166e-10-6.43906e-10-2.70179e-09-4.85486e-09-6.46797e-09
-7.08174e-09-6.51133e-09-4.83486e-09-2.34022e-09 5.10521e-10 3.13626e-09
 4.95751e-09 5.57187e-09 4.92393e-09 3.36373e-09 1.53213e-09 1.25694e-10
-3.52997e-10 2.47738e-10 1.72372e-09 3.62092e-09 5.37480e-09 6.45317e-09
 6.50142e-09 5.47375e-09 3.69667e-09 1.78997e-09 4.35922e-10 1.03016e-10
 8.63298e-10 2.37602e-09 4.02684e-09 5.15384e-09 5.26786e-09 4.20073e-09
 2.15570e-09-3.54071e-10-2.67146e-09-4.21517e-09-4.68612e-09-4.18844e-09
-3.19239e-09-2.32977e-09-2.11936e-09-2.76026e-09-4.07022e-09-5.56657e-09
-6.65100e-09-6.83953e-09-5.95610e-09-4.21089e-09-2.12893e-09-3.50445e-10
 6.23824e-10 6.34981e-10-6.90632e-11-9.25362e-10-1.27531e-09-6.41127e-10
 1.05906e-09 3.46308e-09 5.90432e-09 7.68246e-09 8.35594e-09 7.91882e-09
 6.77201e-09 5.51659e-09 4.68269e-09 4.50643e-09 4.83243e-09 5.18810e-09
 5.01287e-09 3.94278e-09 2.01123e-09-3.43532e-10-2.47805e-09-3.84858e-09
-4.26579e-09-3.97706e-09-3.54230e-09-3.57234e-09-4.45429e-09-6.17147e-09
-8.28835e-09-1.01230e-08-1.10440e-08-1.07481e-08-9.37767e-09-7.41820e-09
-5.44147e-09-3.83775e-09-2.67026e-09-1.69921e-09-5.41873e-10 1.10181e-09
 3.25456e-09 5.60765e-09 7.65247e-09 8.93514e-09 9.31013e-09 9.04927e-09
 8.70996e-09 8.82777e-09 9.62653e-09 1.08949e-08 1.20636e-08 1.24470e-08
 1.15535e-08 9.32279e-09 6.16893e-09 2.79167e-09-1.61758e-10-2.40269e-09
-4.08784e-09-5.63192e-09-7.38114e-09-9.37149e-09-1.13087e-08-1.27520e-08
-1.33826e-08-1.32111e-08-1.26039e-08-1.20989e-08-1.20941e-08-1.25720e-08
-1.30367e-08-1.27504e-08-1.11593e-08-8.22972e-09-4.46940e-09-6.42120e-10
 2.62500e-09 5.10960e-09 7.01142e-09 8.74560e-09 1.06471e-08 1.27448e-08
 1.47215e-08 1.60935e-08 1.65228e-08 1.60552e-08 1.50952e-08 1.41188e-08
 1.33422e-08 1.25936e-08 1.14799e-08 9.71230e-09 7.34179e-09 4.74769e-09
 2.41531e-09 6.56769e-10-5.85670e-10-1.75800e-09-3.48497e-09-6.20105e-09
-9.83624e-09-1.37810e-08-1.71727e-08-1.93150e-08-1.99457e-08-1.92028e-08
-1.73923e-08-1.47923e-08-1.16224e-08-8.11739e-09-4.58666e-09-1.39640e-09
 1.12433e-09 2.82524e-09 3.85909e-09 4.68735e-09 5.87444e-09 7.69460e-09
 9.78458e-09 1.11719e-08 1.07852e-08 8.16712e-09 3.96040e-09-8.89973e-11
-1.61267e-09-7.14977e-10
     0.0000e+00     0.0000e+00      0  0  0.00
     512   1.00000  0.0000e+00
-6.15707e-09-6.34611e-09-6.30490e-09-6.06977e-09-5.69203e-09-5.20968e-09
-4.63445e-09-3.96169e-09-3.18931e-09-2.32451e-09-1.37343e-09-3.32389e-10
 8.01900e-10 2.01039e-09 3.24253e-09 4.43172e-09 5.52235e-09 6.48620e-09
 7.31999e-09 8.03230e-09 8.63093e-09 9.11253e-09 9.45454e-09 9.61557e-09
 9.55065e-09 9.23280e-09 8.66287e-09 7.86204e-09 6.86180e-09 5.70609e-09
 4.45687e-09 3.18153e-09 1.92309e-09 6.81967e-10-5.68400e-10-1.84541e-09
-3.13443e-09-4.39384e-09-5.57232e-09-6.61810e-09-7.47878e-09-8.10124e-09
-8.43522e-09-8.43875e-09-8.08747e-09-7.38857e-09-6.38800e-09-5.15394e-09
-3.73925e-09-2.15075e-09-3.52629e-10 1.69658e-09 4.00144e-09 6.51017e-09
 9.12333e-09 1.17107e-08 1.41194e-08 1.61797e-08 1.77272e-08 1.86472e-08
 1.89337e-08 1.87431e-08 1.84177e-08 1.84380e-08 1.92745e-08 2.11394e-08
 2.36809e-08 2.56943e-08 2.49568e-08 1.83476e-08 2.45487e-09-2.51996e-08
-6.43808e-08-1.10212e-07-1.53515e-07-1.85140e-07-1.97334e-07-1.80202e-07
-1.27428e-07-4.75513e-08 3.92054e-08 1.11193e-07 1.49898e-07 1.45132e-07
 1.00341e-07 3.28112e-08-3.12424e-08-6.76699e-08-6.62737e-08-3.42636e-08
 1.03583e-08 5.05124e-08 7.93129e-08 9.98998e-08 1.16271e-07 1.24193e-07
 1.12297e-07 7.44713e-08 2.28715e-08-1.10996e-08 6.83458e-09 8.69830e-08
 1.98154e-07 2.79740e-07 2.85851e-07 2.25052e-07 1.44034e-07 7.23044e-08
 1.42134e-09-8.88378e-08-2.05054e-07-3.35852e-07-4.59111e-07-5.49115e-07
-5.79727e-07-5.32608e-07-4.09589e-07-2.35350e-07-4.73585e-08 1.19973e-07
 2.46884e-07 3.29544e-07 3.73846e-07 3.85944e-07 3.65412e-07 3.06669e-07
 2.08237e-07 8.49207e-08-2.84641e-08-9.19982e-08-8.79725e-08-3.95611e-08
 1.01263e-09-5.46714e-09-4.90058e-08-8.15805e-08-7.02797e-08-3.31080e-08
-1.18287e-08-1.79114e-08-2.60100e-08-1.78118e-08-4.65177e-09-4.75760e-10
-3.19995e-10 3.13930e-09 5.89797e-09 5.14989e-09 5.13141e-09 6.25698e-09
 5.28004e-09 3.64030e-09 3.33832e-09 2.50389e-09 1.00545e-09 5.96714e-10
 3.68989e-10-4.03638e-10-6.27332e-10-7.37224e-10-1.31658e-09-1.48280e-09
-1.42199e-09-1.65049e-09-1.64958e-09-1.64006e-09-1.94365e-09-2.05513e-09
-2.05121e-09-2.06645e-09-1.84911e-09-1.68116e-09-1.65485e-09-1.59128e-09
-1.66660e-09-1.75977e-09-1.67687e-09-1.48697e-09-1.10964e-09-6.39878e-10
-2.29162e-10 1.73481e-10 5.03508e-10 7.79422e-10 1.07888e-09 1.38478e-09
 1.74145e-09 2.10357e-09 2.41320e-09 2.68747e-09 2.89032e-09 3.01129e-09
 3.04585e-09 2.99638e-09 2.87021e-09 2.63280e-09 2.29877e-09 1.91531e-09
 1.52523e-09 1.14933e-09 7.46206e-10 2.63251e-10-2.97175e-10-8.77207e-10
-1.43575e-09-1.95515e-09-2.39474e-09-2.73131e-09-2.98783e-09-3.17838e-09
-3.28461e-09-3.30457e-09-3.25821e-09-3.15200e-09-2.98001e-09-2.71563e-09
-2.31009e-09-1.76177e-09-1.14997e-09-5.51860e-10 2.00011e-11 5.74314e-10
 1.09976e-09 1.58190e-09 2.01373e-09 2.39110e-09 2.72471e-09 3.02386e-09
 3.24858e-09 3.32603e-09 3.21999e-09 2.94992e-09 2.57129e-09 2.14747e-09
 1.69819e-09 1.20154e-09 6.62967e-10 1.27305e-10-3.71435e-10-8.41926e-10
-1.32089e-09-1.80797e-09-2.23392e-09-2.51945e-09-2.62726e-09-2.56971e-09
-2.40315e-09-2.18021e-09-1.90707e-09-1.56940e-09-1.16538e-09-7.10600e-10
-2.23382e-10 3.06656e-10 8.99180e-10 1.52486e-09 2.11483e-09 2.60908e-09
 2.97575e-09 3.21316e-09 3.33162e-09 3.33826e-09 3.24734e-09 3.06891e-09
 2.78403e-09 2.36103e-09 1.78843e-09 1.08126e-09 2.76683e-10-5.65139e-10
-1.37822e-09-2.12050e-09-2.77387e-09-3.32440e-09-3.75992e-09-4.07517e-09
-4.27281e-09-4.35954e-09-4.32359e-09-4.12467e-09-3.73629e-09-3.18893e-09
-2.55233e-09-1.88744e-09-1.23179e-09-6.08517e-10-1.72052e-11 5.55452e-10
 1.09233e-09 1.55227e-09 1.90822e-09 2.13205e-09 2.18324e-09 2.05443e-09
 1.78820e-09 1.44568e-09 1.09731e-09 8.10222e-10 6.11371e-10 5.01545e-10
 4.91530e-10 5.68982e-10 6.71294e-10 7.43381e-10 7.79312e-10 7.94685e-10
 8.06478e-10 8.18436e-10 7.94679e-10 7.01435e-10 5.96301e-10 6.27996e-10
 9.33428e-10 1.54721e-09 2.38670e-09 3.28474e-09 4.04461e-09 4.49526e-09
 4.49863e-09 3.94189e-09 2.78431e-09 1.10136e-09-9.35669e-10-3.10449e-09
-5.17111e-09-6.90108e-09-8.04584e-09-8.38287e-09-7.80890e-09-6.39926e-09
-4.40398e-09-2.16617e-09 2.45115e-12 1.87634e-09 3.30395e-09 4.19944e-09
 4.54040e-09 4.38726e-09 3.89606e-09 3.25480e-09 2.60509e-09 2.02085e-09
 1.51972e-09 1.09601e-09 7.38710e-10 4.10152e-10 5.67575e-11-3.40379e-10
-7.47197e-10-1.09537e-09-1.31804e-09-1.39044e-09-1.33833e-09-1.21811e-09
-1.10087e-09-1.05309e-09-1.11317e-09-1.28498e-09-1.54588e-09-1.85591e-09
-2.16758e-09-2.43611e-09-2.62328e-09-2.69902e-09-2.64792e-09-2.46788e-09
-2.16431e-09-1.75386e-09-1.25765e-09-6.85291e-10-3.49345e-11 6.99830e-10
 1.51950e-09 2.39880e-09 3.28167e-09 4.09406e-09 4.75457e-09 5.19137e-09
 5.36612e-09 5.28428e-09 4.98961e-09 4.54197e-09 3.98473e-09 3.33446e-09
 2.59983e-09 1.80205e-09 9.80559e-10 1.80810e-10-5.68183e-10-1.26826e-09
-1.94773e-09-2.64537e-09-3.39229e-09-4.19144e-09-5.00152e-09-5.74033e-09
-6.30968e-09-6.63296e-09-6.68340e-09-6.47623e-09-6.03203e-09-5.34958e-09
-4.41042e-09-3.20851e-09-1.78191e-09-2.22080e-10 1.34196e-09 2.77229e-09
 3.95786e-09 4.84726e-09 5.46139e-09 5.87848e-09 6.19237e-09 6.46218e-09
 6.68934e-09 6.83793e-09 6.87224e-09 6.77304e-09 6.52234e-09 6.07910e-09
 5.37667e-09 4.35201e-09 2.98272e-09 1.30540e-09-5.84173e-10-2.54149e-09
-4.39862e-09-6.00334e-09-7.25652e-09-8.12664e-09-8.62935e-09-8.78863e-09
-8.61887e-09-8.14840e-09-7.45813e-09-6.68441e-09-5.96437e-09-5.35890e-09
-4.81165e-09-4.17240e-09-3.26840e-09-1.98332e-09-3.10859e-10 1.62979e-09
 3.62275e-09 5.43047e-09 6.88669e-09 7.94562e-09 8.64808e-09 9.03595e-09
 9.09398e-09 8.77364e-09 8.07879e-09 7.13278e-09 6.15915e-09 5.38159e-09
 4.91015e-09 4.68203e-09 4.48383e-09 4.03950e-09 3.12751e-09 1.68408e-09
-1.58880e-10-2.13592e-09-3.98465e-09-5.56486e-09-6.87158e-09-7.94305e-09
-8.75947e-09-9.23026e-09-9.27539e-09-8.91922e-09-8.31362e-09-7.67592e-09
-7.18895e-09-6.92013e-09-6.79473e-09-6.63455e-09-6.24964e-09-5.54231e-09
-4.55960e-09-3.44404e-09-2.30784e-09-1.12947e-09 2.37564e-10 1.94960e-09
 4.05276e-09 6.45569e-09 8.99006e-09 1.14726e-08 1.37105e-08 1.54740e-08
 1.64969e-08 1.65224e-08 1.53692e-08 1.29954e-08 9.55278e-09 5.40744e-09
 1.08361e-09-2.87412e-09-6.05701e-09-8.26666e-09-9.47034e-09-9.70987e-09
-9.06687e-09-7.70412e-09-5.90605e-09-4.03596e-09-2.41776e-09-1.23144e-09
-4.79413e-10-1.00639e-10
     0.0000e+00     0.0000e+00      0  0  0.00
     512   1.00000  0.0000e+00
-3.94414e-09-4.24602e-09-4.48759e-09-4.67366e-09-4.80019e-09-4.82546e-09
-4.66176e-09-4.20526e-09-3.39182e-09-2.24769e-09-9.04593e-10 4.36799e-10
 1.58592e-09 2.44519e-09 3.04741e-09 3.52373e-09 4.02469e-09 4.64464e-09
 5.39030e-09 6.19923e-09 6.98258e-09 7.65729e-09 8.15311e-09 8.40912e-09
 8.38449e-09 8.08559e-09 7.58335e-09 6.99300e-09 6.41626e-09 5.87889e-09
 5.30956e-09 4.58498e-09 3.61687e-09 2.42151e-09 1.12434e-09-1.04481e-10
-1.14041e-09-1.95957e-09-2.62837e-09-3.24787e-09-3.89734e-09-4.60780e-09
-5.37068e-09-6.16486e-09-6.97418e-09-7.77424e-09-8.49721e-09-9.01844e-09
-9.19999e-09-8.96668e-09-8.35007e-09-7.46737e-09-6.46018e-09-5.43875e-09
-4.45562e-09-3.50446e-09-2.53242e-09-1.46766e-09-2.74419e-10 9.67056e-10
 1.99363e-09 2.36978e-09 1.62508e-09-4.92779e-10-3.72963e-09-7.11758e-09
-8.96037e-09-7.08249e-09 6.26747e-10 1.53688e-08 3.63363e-08 5.95563e-08
 7.70954e-08 7.73950e-08 4.98381e-08-5.22140e-09-7.15622e-08-1.26315e-07
-1.53612e-07-1.49012e-07-1.13588e-07-5.07822e-08 2.65992e-08 9.39698e-08
 1.26326e-07 1.13130e-07 6.54540e-08 1.04462e-08-2.37436e-08-2.34530e-08
 3.63298e-09 3.54868e-08 5.26745e-08 5.18361e-08 4.40568e-08 4.11821e-08
 4.42898e-08 4.43615e-08 3.28042e-08 1.09660e-08-8.10359e-09-4.12990e-09
 3.78178e-08 1.09977e-07 1.81993e-07 2.16842e-07 1.77950e-07 4.10632e-08
-1.88007e-07-4.78237e-07-7.77473e-07-1.00539e-06-1.06935e-06-8.91588e-07
-4.38414e-07 2.40493e-07 9.99521e-07 1.62857e-06 1.91220e-06 1.70937e-06
 1.02877e-06 5.99293e-08-8.73775e-07-1.43910e-06-1.44265e-06-9.36852e-07
-2.10171e-07 3.59229e-07 5.13833e-07 2.69572e-07-1.04961e-07-2.93545e-07
-1.76181e-07 8.92831e-08 2.37059e-07 1.60596e-07-3.36532e-09-6.22398e-08
 6.62942e-09 7.29140e-08 5.60454e-08 9.16398e-09-1.58333e-09 7.57209e-09
 1.72051e-09-7.68887e-09-5.18762e-09-3.97935e-09-9.20062e-09-8.59671e-09
-4.04546e-09-4.53841e-09-4.90549e-09-1.83055e-09-1.34939e-09-2.18037e-09
-4.54151e-10 2.74092e-10-3.45534e-10 6.56733e-10 1.07194e-09 2.49443e-10
 4.55825e-10 3.47684e-10-4.86349e-10-4.39512e-10-5.78223e-10-1.09196e-09
-9.39101e-10-9.98942e-10-1.14118e-09-7.59976e-10-6.12803e-10-4.33359e-10
-4.58255e-11 1.52639e-11 1.60791e-10 3.80337e-10 4.80277e-10 7.95960e-10
 1.08056e-09 1.28242e-09 1.51320e-09 1.54707e-09 1.52894e-09 1.48648e-09
 1.36692e-09 1.27872e-09 1.10133e-09 8.60945e-10 6.16965e-10 3.53506e-10
 1.48332e-10-2.63558e-11-1.73522e-10-3.22686e-10-5.44163e-10-8.07699e-10
-1.07093e-09-1.26454e-09-1.35686e-09-1.37330e-09-1.34915e-09-1.33615e-09
-1.34812e-09-1.35325e-09-1.28870e-09-1.12537e-09-9.30852e-10-8.00569e-10
-7.40790e-10-6.63750e-10-5.04258e-10-2.88162e-10-8.99379e-11 4.40378e-11
 1.31915e-10 2.33053e-10 3.82698e-10 5.41093e-10 6.36214e-10 6.61684e-10
 6.97235e-10 8.14642e-10 9.77012e-10 1.06951e-09 1.05397e-09 1.04628e-09
 1.18532e-09 1.45467e-09 1.68745e-09 1.75281e-09 1.70980e-09 1.73894e-09
 1.93676e-09 2.21765e-09 2.39817e-09 2.38046e-09 2.26546e-09 2.23646e-09
 2.33297e-09 2.38454e-09 2.17792e-09 1.69060e-09 1.11831e-09 6.51243e-10
 2.85665e-10-1.25669e-10-6.82250e-10-1.31117e-09-1.83232e-09-2.13221e-09
-2.24518e-09-2.28224e-09-2.30593e-09-2.25766e-09-2.01854e-09-1.55312e-09
-9.58290e-10-3.69450e-10 1.53853e-10 6.46003e-10 1.15288e-09 1.65447e-09
 2.07266e-09 2.33232e-09 2.39822e-09 2.26761e-09 1.95227e-09 1.45649e-09
 7.63218e-10-1.45153e-10-1.25129e-09-2.48671e-09-3.75641e-09-4.98675e-09
-6.14104e-09-7.19372e-09-8.10483e-09-8.82521e-09-9.31674e-09-9.56119e-09
-9.56721e-09-9.36928e-09-8.99906e-09-8.45401e-09-7.70353e-09-6.72896e-09
-5.54114e-09-4.15815e-09-2.59825e-09-8.98374e-10 8.80563e-10 2.65507e-09
 4.31281e-09 5.72640e-09 6.79311e-09 7.47100e-09 7.79301e-09 7.84542e-09
 7.72083e-09 7.49785e-09 7.26927e-09 7.15882e-09 7.26840e-09 7.59537e-09
 7.99198e-09 8.19507e-09 7.92646e-09 7.00127e-09 5.35030e-09 2.97957e-09
-1.59210e-11-3.35854e-09-6.52395e-09-8.82104e-09-9.62385e-09-8.61391e-09
-5.85757e-09-1.71983e-09 3.24324e-09 8.30910e-09 1.25724e-08 1.50618e-08
 1.50476e-08 1.23576e-08 7.48262e-09 1.39817e-09-4.75707e-09-9.91219e-09
-1.31567e-08-1.38492e-08-1.18186e-08-7.54098e-09-2.10648e-09 3.12027e-09
 6.97275e-09 8.78917e-09 8.46626e-09 6.36360e-09 3.18003e-09-1.57310e-10
-2.68763e-09-3.72705e-09-3.13589e-09-1.37766e-09 6.77306e-10 2.10581e-09
 2.25543e-09 9.21828e-10-1.61782e-09-4.69005e-09-7.41575e-09-8.96737e-09
-8.83579e-09-7.02892e-09-4.10165e-09-9.78104e-10 1.37337e-09 2.28123e-09
 1.58932e-09-3.13055e-10-2.63831e-09-4.46735e-09-5.06100e-09-4.12421e-09
-1.91198e-09 8.70446e-10 3.33169e-09 4.72449e-09 4.71055e-09 3.47480e-09
 1.65970e-09 1.19385e-10-4.22552e-10 3.39489e-10 2.17606e-09 4.41375e-09
 6.20035e-09 6.83617e-09 6.03841e-09 4.04824e-09 1.53714e-09-6.58049e-10
-1.86321e-09-1.83363e-09-8.52681e-10 3.89216e-10 1.09347e-09 7.03077e-10
-8.55640e-10-3.14190e-09-5.38520e-09-6.80485e-09-6.93147e-09-5.80375e-09
-3.95052e-09-2.15412e-09-1.10267e-09-1.08771e-09-1.88120e-09-2.85214e-09
-3.26819e-09-2.63882e-09-9.44034e-10 1.35033e-09 3.49977e-09 4.81628e-09
 4.97717e-09 4.16927e-09 2.99484e-09 2.17710e-09 2.21172e-09 3.13339e-09
 4.50477e-09 5.63064e-09 5.89377e-09 5.04747e-09 3.32622e-09 1.33159e-09
-2.52317e-10-9.84359e-10-8.74272e-10-3.63590e-10-8.36893e-11-5.17495e-10
-1.74518e-09-3.40389e-09-4.87292e-09-5.58545e-09-5.31680e-09-4.30469e-09
-3.12975e-09-2.41401e-09-2.49726e-09-3.25855e-09-4.17527e-09-4.59789e-09
-4.10131e-09-2.71657e-09-9.09932e-10 6.73654e-10 1.55230e-09 1.64918e-09
 1.31462e-09 1.11901e-09 1.52179e-09 2.59720e-09 3.98154e-09 5.08410e-09
 5.43985e-09 4.99107e-09 4.12805e-09 3.46578e-09 3.49032e-09 4.27721e-09
 5.43964e-09 6.33542e-09 6.41423e-09 5.50519e-09 3.88239e-09 2.07780e-09
 5.54435e-10-5.65288e-10-1.54223e-09-2.79449e-09-4.54711e-09-6.60326e-09
-8.40213e-09-9.32326e-09-9.04017e-09-7.71983e-09-5.96718e-09-4.54697e-09
-4.02620e-09-4.52782e-09-5.73075e-09-7.09997e-09-8.18293e-09-8.77348e-09
-8.84763e-09-8.34561e-09-6.99571e-09-4.35755e-09-1.04334e-10 5.62811e-09
 1.20739e-08 1.79882e-08 2.20529e-08 2.33371e-08 2.16085e-08 1.73710e-08
 1.16259e-08 5.48822e-09-1.31522e-10-4.62739e-09-7.61583e-09-8.84866e-09
-8.25897e-09-6.11236e-09-3.10509e-09-2.57337e-10 1.42278e-09 1.36878e-09
-2.51763e-10-2.57570e-09-4.43652e-09-4.93244e-09-3.89155e-09-1.99898e-09
-5.01707e-10-1.35745e-11
     0.0000e+00     0.0000e+00      0  0  0.00
     512   1.00000  0.0000e+00
 1.30035e-09 1.45542e-09 1.46442e-09 1.33406e-09 1.11060e-09 8.56674e-10
 6.31912e-10 4.93805e-10 5.02814e-10 7.01046e-10 1.06757e-09 1.49847e-09
 1.85076e-09 2.02387e-09 2.00770e-09 1.85953e-09 1.64647e-09 1.41681e-09
 1.21537e-09 1.10430e-09 1.15546e-09 1.42298e-09 1.91810e-09 2.58251e-09
 3.24900e-09 3.61353e-09 3.26764e-09 1.81080e-09-9.84954e-10-5.00239e-09
-9.66091e-09-1.39443e-08-1.66278e-08-1.66512e-08-1.35069e-08-7.48475e-09
 3.45452e-10 8.42055e-09 1.51175e-08 1.91682e-08 1.99406e-08 1.75380e-08
 1.27119e-08 6.60731e-09 4.10079e-10-4.97859e-09-9.10570e-09-1.19379e-08
-1.37369e-08-1.49238e-08-1.59330e-08-1.70645e-08-1.84062e-08-1.98764e-08
-2.13341e-08-2.26529e-08-2.37032e-08-2.42856e-08-2.41017e-08-2.28141e-08
-2.01916e-08-1.62864e-08-1.15604e-08-6.88274e-09-3.37398e-09-2.11367e-09
-3.72029e-09-7.79235e-09-1.22734e-08-1.29909e-08-3.78656e-09 2.23433e-08
 7.08812e-08 1.42280e-07 2.28529e-07 3.11829e-07 3.65372e-07 3.58514e-07
 2.72646e-07 1.17528e-07-7.20693e-08-2.50388e-07-3.69909e-07-3.95228e-07
-3.20634e-07-1.76173e-07-1.82686e-08 9.28909e-08 1.19676e-07 6.19046e-08
-4.71874e-08-1.61595e-07-2.46398e-07-2.87393e-07-2.82139e-07-2.24788e-07
-1.04496e-07 7.30160e-08 2.56856e-07 3.49626e-07 2.59201e-07-1.73766e-08
-3.50363e-07-5.37477e-07-4.52425e-07-1.53179e-07 1.82917e-07 4.23219e-07
 5.45336e-07 5.77912e-07 5.35303e-07 4.08223e-07 1.95328e-07-7.30224e-08
-3.42140e-07-5.39578e-07-5.78934e-07-3.94301e-07 4.63368e-09 5.00011e-07
 8.91405e-07 9.81209e-07 6.79142e-07 7.09451e-08-5.95651e-07-1.01948e-06
-1.00398e-06-5.81123e-07-1.31325e-08 3.60889e-07 3.51906e-07 5.73275e-08
-2.20313e-07-2.35954e-07-1.91417e-08 1.80681e-07 1.75855e-07 3.34912e-08
-4.79735e-08-1.75333e-09 6.29692e-08 5.65697e-08 1.98912e-08 1.35236e-08
 2.07496e-08 1.20485e-08 3.36359e-09 6.57265e-09 5.11509e-09-2.34974e-09
-2.17302e-09 5.35722e-10-1.94569e-09-2.08859e-09 7.62019e-10-2.47509e-10
-1.52123e-09-2.33995e-10-7.69805e-10-1.47922e-09-6.30151e-11-2.71866e-12
-6.86288e-10-1.53600e-10-3.91485e-10-5.64479e-10 5.09259e-10 8.61900e-10
 8.14201e-10 8.81549e-10 4.82269e-11-6.03550e-10-6.01525e-10-5.18374e-10
 2.98596e-10 1.31792e-09 1.78678e-09 1.97819e-09 1.55303e-09 8.16007e-10
 3.50400e-10 1.87342e-11 5.08547e-11 2.81308e-10 3.45315e-10 3.19438e-10
 5.88088e-11-3.22159e-10-6.76840e-10-1.07279e-09-1.38337e-09-1.64564e-09
-1.88802e-09-2.07113e-09-2.17159e-09-2.06361e-09-1.81735e-09-1.60729e-09
-1.54948e-09-1.63579e-09-1.66805e-09-1.46678e-09-1.00401e-09-4.14261e-10
 1.51893e-10 6.25327e-10 9.65087e-10 1.17979e-09 1.33028e-09 1.47173e-09
 1.62613e-09 1.81799e-09 2.06740e-09 2.34425e-09 2.58055e-09 2.68046e-09
 2.53896e-09 2.14320e-09 1.62727e-09 1.15891e-09 8.25230e-10 6.47840e-10
 6.08830e-10 6.31242e-10 5.97074e-10 4.10886e-10 5.25652e-11-3.95465e-10
-7.69740e-10-9.27498e-10-8.40497e-10-5.72304e-10-2.17193e-10 1.18249e-10
 3.48397e-10 4.35715e-10 3.66901e-10 1.52223e-10-1.45060e-10-4.16567e-10
-5.67937e-10-6.09275e-10-6.80910e-10-9.49185e-10-1.48305e-09-2.21160e-09
-2.96308e-09-3.56667e-09-3.93578e-09-4.06887e-09-4.01423e-09-3.84077e-09
-3.62516e-09-3.44357e-09-3.33136e-09-3.25147e-09-3.11943e-09-2.84265e-09
-2.36048e-09-1.68440e-09-8.97346e-10-1.23794e-10 5.20447e-10 1.00765e-09
 1.43520e-09 1.96144e-09 2.69059e-09 3.59810e-09 4.54870e-09 5.37868e-09
 5.96988e-09 6.27177e-09 6.27760e-09 6.00148e-09 5.48914e-09 4.82768e-09
 4.11156e-09 3.38231e-09 2.58964e-09 1.62462e-09 4.36329e-10-8.69292e-10
-2.06802e-09-2.95131e-09-3.41638e-09-3.47913e-09-3.25365e-09-2.88213e-09
-2.44443e-09-1.95344e-09-1.39914e-09-7.45041e-10 5.32572e-11 9.69726e-10
 1.89118e-09 2.67859e-09 3.21069e-09 3.41843e-09 3.32321e-09 3.01454e-09
 2.59920e-09 2.19572e-09 1.90115e-09 1.68272e-09 1.34201e-09 6.31575e-10
-5.96579e-10-2.29180e-09-4.19564e-09-5.99876e-09-7.54632e-09-8.85273e-09
-9.93734e-09-1.06926e-08-1.08891e-08-1.02776e-08-8.73432e-09-6.38074e-09
-3.58380e-09-8.48573e-10 1.30623e-09 2.49288e-09 2.61477e-09 1.92484e-09
 9.20069e-10 1.31782e-10-6.53338e-11 5.02828e-10 1.87811e-09 3.99666e-09
 6.64660e-09 9.42244e-09 1.17408e-08 1.29833e-08 1.27206e-08 1.08887e-08
 7.83403e-09 4.19350e-09 6.90067e-10-2.03205e-09-3.53590e-09-3.70922e-09
-2.81352e-09-1.41241e-09-1.67462e-10 4.11077e-10 1.06676e-10-9.91799e-10
-2.54094e-09-4.03652e-09-4.94989e-09-4.89697e-09-3.79173e-09-1.89216e-09
 2.81004e-10 2.09804e-09 3.01100e-09 2.74238e-09 1.40973e-09-4.75665e-10
-2.17406e-09-2.99453e-09-2.55800e-09-9.36318e-10 1.38428e-09 3.68134e-09
 5.24048e-09 5.60156e-09 4.71704e-09 2.94467e-09 8.86866e-10-8.47293e-10
-1.85907e-09-2.07590e-09-1.74385e-09-1.30662e-09-1.20733e-09-1.69379e-09
-2.71408e-09-3.94278e-09-4.91255e-09-5.18172e-09-4.49264e-09-2.89871e-09
-8.05070e-10 1.13150e-09 2.23462e-09 2.09074e-09 7.50013e-10-1.26009e-09
-3.12436e-09-4.05578e-09-3.60227e-09-1.82179e-09 7.39241e-10 3.26679e-09
 5.02161e-09 5.65422e-09 5.33202e-09 4.59403e-09 4.00784e-09 3.83823e-09
 3.92115e-09 3.79041e-09 2.96320e-09 1.23209e-09-1.17254e-09-3.62488e-09
-5.34259e-09-5.72576e-09-4.64358e-09-2.52205e-09-1.69187e-10 1.57404e-09
 2.16297e-09 1.50000e-09-1.17189e-10-2.16048e-09-4.05130e-09-5.31533e-09
-5.69896e-09-5.21597e-09-4.08833e-09-2.60339e-09-9.78610e-10 6.84232e-10
 2.34814e-09 3.94993e-09 5.33787e-09 6.26836e-09 6.45092e-09 5.64032e-09
 3.78686e-09 1.19855e-09-1.41582e-09-3.14614e-09-3.28757e-09-1.72631e-09
 9.47656e-10 3.67894e-09 5.40608e-09 5.50471e-09 4.01131e-09 1.55124e-09
-9.78174e-10-2.83272e-09-3.75003e-09-3.98090e-09-3.98356e-09-3.99150e-09
-3.79240e-09-2.91744e-09-1.11408e-09 1.27128e-09 3.32045e-09 3.99350e-09
 2.71884e-09-2.30189e-10-3.77570e-09-6.47504e-09-7.16738e-09-5.52981e-09
-2.24029e-09 1.38444e-09 4.08757e-09 5.26943e-09 5.10415e-09 4.15821e-09
 2.87127e-09 1.32329e-09-5.76895e-10-2.71183e-09-4.54325e-09-5.25358e-09
-4.15588e-09-1.13201e-09 3.14244e-09 7.33795e-09 9.97616e-09 1.00972e-08
 7.72141e-09 3.79565e-09-3.53641e-10-3.67498e-09-5.72087e-09-6.52907e-09
-6.30640e-09-5.24603e-09-3.57385e-09-1.66423e-09-3.89654e-11 7.81589e-10
 4.79756e-10-9.01243e-10-2.89725e-09-4.71862e-09-5.53421e-09-4.85054e-09
-2.75912e-09 1.37235e-10 3.06523e-09 5.40927e-09 6.80412e-09 7.05396e-09
 6.10071e-09 4.11910e-09 1.58321e-09-8.52888e-10-2.58636e-09-3.17799e-09
-2.25641e-09-6.84676e-10
     0.0000e+00     0.0000e+00      0  0  0.00
     512   1.00000  0.0000e+00
-3.09996e-09-3.15735e-09-3.07500e-09-2.85737e-09-2.52797e-09-2.13130e-09
-1.72648e-09-1.36973e-09-1.09295e-09-8.88003e-10-7.04847e-10-4.68186e-10
-1.09629e-10 3.99696e-10 1.03538e-09 1.73242e-09 2.41373e-09 3.01770e-09
 3.51370e-09 3.90324e-09 4.20915e-09 4.46101e-09 4.68474e-09 4.89678e-09
 5.09679e-09 5.25870e-09 5.33118e-09 5.25679e-09 5.00517e-09 4.60256e-09
 4.13780e-09 3.73117e-09 3.47363e-09 3.37090e-09 3.32980e-09 3.19696e-09
 2.82597e-09 2.13731e-09 1.14737e-09-3.73707e-11-1.25560e-09-2.34595e-09
-3.20327e-09-3.81298e-09-4.24890e-09-4.63733e-09-5.10486e-09-5.73173e-09
-6.52748e-09-7.43620e-09-8.36945e-09-9.25213e-09-1.00576e-08-1.08108e-08
-1.15529e-08-1.22821e-08-1.29089e-08-1.32629e-08-1.31575e-08-1.24909e-08
-1.13465e-08-1.00694e-08-9.28303e-09-9.79745e-09-1.23720e-08-1.73421e-08
-2.41648e-08-3.09932e-08-3.44617e-08-2.99454e-08-1.25503e-08 2.10415e-08
 7.00246e-08 1.26725e-07 1.76798e-07 2.07043e-07 2.12944e-07 1.92873e-07
 1.42252e-07 6.26499e-08-3.21135e-08-1.22104e-07-1.86821e-07-2.10712e-07
-1.91901e-07-1.45162e-07-9.52945e-08-6.55027e-08-6.52184e-08-8.38043e-08
-9.73949e-08-8.64117e-08-5.12155e-08-1.32667e-08 1.32285e-09-1.73104e-08
-5.60589e-08-8.94347e-08-9.58215e-08-6.78531e-08-1.35456e-08 4.68939e-08
 8.73583e-08 9.16826e-08 7.20913e-08 6.63212e-08 1.08495e-07 2.05040e-07
 3.38814e-07 4.82360e-07 5.99882e-07 6.48385e-07 5.87918e-07 3.94776e-07
 7.42797e-08-3.28959e-07-7.32860e-07-1.03678e-06-1.15105e-06-1.02850e-06
-6.89049e-07-2.23988e-07 2.28891e-07 5.34711e-07 6.16735e-07 4.91012e-07
 2.58432e-07 5.19025e-08-3.54648e-08 1.54100e-09 8.83035e-08 1.32235e-07
 9.42577e-08 1.19596e-08-4.51572e-08-4.46255e-08-1.45515e-08-1.03733e-09
-1.49589e-08-3.12150e-08-3.03241e-08-1.97709e-08-1.35055e-08-1.15510e-08
-8.08313e-09-3.76603e-09-1.06867e-09 1.43969e-09 4.44333e-09 6.11916e-09
 6.46469e-09 6.76664e-09 6.60362e-09 5.64823e-09 4.80230e-09 4.09667e-09
 3.10121e-09 2.23709e-09 1.56875e-09 7.10669e-10-1.15939e-10-7.96390e-10
-1.55417e-09-2.21379e-09-2.67958e-09-3.11103e-09-3.40287e-09-3.53307e-09
-3.62658e-09-3.61435e-09-3.52457e-09-3.44136e-09-3.29698e-09-3.11166e-09
-2.90356e-09-2.61457e-09-2.27435e-09-1.88522e-09-1.44294e-09-9.98193e-10
-5.37831e-10-5.89771e-11 4.14144e-10 8.80730e-10 1.31231e-09 1.69890e-09
 2.04061e-09 2.31787e-09 2.53628e-09 2.70465e-09 2.82015e-09 2.85746e-09
 2.78858e-09 2.63260e-09 2.41286e-09 2.13610e-09 1.81866e-09 1.47291e-09
 1.08644e-09 6.44247e-10 1.72705e-10-2.83870e-10-7.00328e-10-1.05986e-09
-1.36068e-09-1.61581e-09-1.81708e-09-1.94611e-09-2.02019e-09-2.05835e-09
-2.02534e-09-1.88116e-09-1.64501e-09-1.35803e-09-1.03963e-09-7.03620e-10
-3.49670e-10 4.72044e-11 4.73172e-10 8.46724e-10 1.10537e-09 1.27486e-09
 1.42512e-09 1.59112e-09 1.73922e-09 1.78647e-09 1.67443e-09 1.44333e-09
 1.18699e-09 9.32357e-10 6.28518e-10 2.36310e-10-2.22946e-10-6.76785e-10
-1.05154e-09-1.33878e-09-1.58965e-09-1.84166e-09-2.06680e-09-2.18580e-09
-2.14922e-09-1.98569e-09-1.74190e-09-1.42534e-09-1.01671e-09-4.99329e-10
 1.01106e-10 7.12987e-10 1.28757e-09 1.82712e-09 2.33844e-09 2.80488e-09
 3.18499e-09 3.42726e-09 3.50956e-09 3.44471e-09 3.24677e-09 2.91982e-09
 2.46130e-09 1.87192e-09 1.18585e-09 4.59325e-10-2.83356e-10-1.04433e-09
-1.80638e-09-2.53159e-09-3.17483e-09-3.68980e-09-4.04927e-09-4.24727e-09
-4.28298e-09-4.15897e-09-3.87947e-09-3.45708e-09-2.92695e-09-2.32662e-09
-1.67559e-09-9.91709e-10-2.95577e-10 3.91195e-10 1.02742e-09 1.57012e-09
 2.01180e-09 2.35481e-09 2.58216e-09 2.68587e-09 2.66686e-09 2.50810e-09
 2.20476e-09 1.78062e-09 1.24665e-09 6.12540e-10-6.32332e-11-6.95213e-10
-1.21667e-09-1.57881e-09-1.75245e-09-1.74176e-09-1.56435e-09-1.23871e-09
-8.23379e-10-4.29403e-10-1.53514e-10-2.25877e-11-1.26530e-11-8.19179e-11
-1.75715e-10-2.25639e-10-1.37073e-10 2.28212e-10 9.97159e-10 2.16181e-09
 3.53570e-09 4.84054e-09 5.79358e-09 6.13974e-09 5.68141e-09 4.30243e-09
 2.00266e-09-1.01611e-09-4.31421e-09-7.31932e-09-9.48409e-09-1.04002e-08
-9.85154e-09-7.82533e-09-4.53666e-09-4.57890e-10 3.72913e-09 7.27143e-09
 9.54087e-09 1.02140e-08 9.31768e-09 7.15556e-09 4.22520e-09 1.12744e-09
-1.54923e-09-3.34304e-09-4.03660e-09-3.72676e-09-2.76928e-09-1.63550e-09
-7.52117e-10-3.75199e-10-5.52533e-10-1.14439e-09-1.85772e-09-2.33501e-09
-2.28744e-09-1.60101e-09-3.96152e-10 9.94139e-10 2.15309e-09 2.72919e-09
 2.53673e-09 1.61618e-09 2.27831e-10-1.23248e-09-2.34786e-09-2.80773e-09
-2.51934e-09-1.63412e-09-4.85686e-10 5.23911e-10 1.07116e-09 1.02669e-09
 4.81419e-10-2.94017e-10-9.44734e-10-1.17376e-09-8.54558e-10-6.79786e-11
 9.21630e-10 1.76237e-09 2.15906e-09 1.98292e-09 1.31588e-09 4.26608e-10
-3.37539e-10-6.93088e-10-5.22704e-10 8.18176e-11 8.52616e-10 1.46022e-09
 1.64784e-09 1.32811e-09 6.19904e-10-2.01037e-10-8.22290e-10-1.02119e-09
-7.56141e-10-1.90126e-10 3.82205e-10 6.65801e-10 4.86107e-10-1.37554e-10
-9.98042e-10-1.79454e-09-2.26237e-09-2.28115e-09-1.92509e-09-1.42186e-09
-1.03638e-09-9.48989e-10-1.17494e-09-1.55124e-09-1.81139e-09-1.71489e-09
-1.16030e-09-2.35282e-10 8.17245e-10 1.70849e-09 2.23214e-09 2.35001e-09
 2.20291e-09 2.03622e-09 2.07136e-09 2.39533e-09 2.92138e-09 3.42952e-09
 3.66961e-09 3.48115e-09 2.86926e-09 1.99927e-09 1.11046e-09 3.92926e-10
-1.02022e-10-4.73059e-10-9.05925e-10-1.56527e-09-2.49008e-09-3.55372e-09
-4.51484e-09-5.12972e-09-5.26712e-09-4.96786e-09-4.41833e-09-3.85282e-09
-3.43322e-09-3.16593e-09-2.90656e-09-2.45280e-09-1.66437e-09-5.41045e-10
 7.72762e-10 2.05556e-09 3.11742e-09 3.89071e-09 4.44786e-09 4.93378e-09
 5.45330e-09 5.98532e-09 6.37693e-09 6.41882e-09 5.96007e-09 5.00201e-09
 3.71605e-09 2.36838e-09 1.19424e-09 2.98546e-10-3.63271e-10-9.25061e-10
-1.51274e-09-2.16286e-09-2.80144e-09-3.30182e-09-3.58817e-09-3.70794e-09
-3.81598e-09-4.08067e-09-4.57163e-09-5.19335e-09-5.70298e-09-5.80840e-09
-5.30061e-09-4.14883e-09-2.50369e-09-6.17225e-10 1.25518e-09 2.90991e-09
 4.19269e-09 4.96354e-09 5.07016e-09 4.37044e-09 2.81830e-09 5.69774e-10
-1.97327e-09-4.23294e-09-5.61724e-09-5.70514e-09-4.38171e-09-1.87280e-09
 1.33362e-09 4.64175e-09 7.49818e-09 9.47135e-09 1.02669e-08 9.73766e-09
 7.91988e-09 5.07357e-09 1.67953e-09-1.63626e-09-4.25137e-09-5.73020e-09
-5.96397e-09-5.18681e-09-3.85420e-09-2.45302e-09-1.33448e-09-6.27285e-10
-2.43193e-10-5.44448e-11
     0.0000e+00     0.0000e+00      0  0  0.00
     512   1.00000  0.0000e+00
 1.09241e-10 1.21205e-11-6.34482e-11-7.45770e-11 4.86966e-12 1.66959e-10
 3.67749e-10 5.43921e-10 6.38284e-10 6.18837e-10 4.83600e-10 2.55236e-10
-2.68804e-11-3.14253e-10-5.57487e-10-7.15797e-10-7.67901e-10-7.22980e-10
-6.25722e-10-5.47502e-10-5.62697e-10-7.18214e-10-1.00725e-09-1.35549e-09
-1.62347e-09-1.62465e-09-1.15654e-09-4.53982e-11 1.78667e-09 4.23188e-09
 6.92816e-09 9.29039e-09 1.06687e-08 1.05640e-08 8.79975e-09 5.59008e-09
 1.49367e-09-2.72563e-09-6.29285e-09-8.61699e-09-9.43097e-09-8.83928e-09
-7.26553e-09-5.31542e-09-3.58706e-09-2.49024e-09-2.15731e-09-2.48439e-09
-3.25104e-09-4.23477e-09-5.27928e-09-6.31212e-09-7.31783e-09-8.28650e-09
-9.17156e-09-9.88035e-09-1.02972e-08-1.03264e-08-9.93825e-09-9.20181e-09
-8.29382e-09-7.48127e-09-7.07992e-09-7.37456e-09-8.47117e-09-1.00807e-08
-1.13034e-08-1.05312e-08-5.59180e-09 5.76705e-09 2.49987e-08 5.15342e-08
 8.14600e-08 1.06682e-07 1.17513e-07 1.09947e-07 8.71326e-08 5.14687e-08
 5.27658e-09-4.12515e-08-7.42564e-08-8.49224e-08-7.14383e-08-3.93085e-08
 3.43402e-10 3.44846e-08 5.15978e-08 4.69966e-08 2.67694e-08 4.29033e-09
-8.67422e-09-9.46974e-09-6.02107e-09-1.09594e-08-3.19342e-08-6.58585e-08
-1.01939e-07-1.29588e-07-1.42841e-07-1.39929e-07-1.23947e-07-1.05290e-07
-9.92629e-08-1.16305e-07-1.54204e-07-2.01187e-07-2.40919e-07-2.51076e-07
-2.06864e-07-9.22093e-08 9.48301e-08 3.41088e-07 6.13992e-07 8.60674e-07
 1.01651e-06 1.02069e-06 8.36044e-07 4.69350e-07-1.70642e-08-5.12980e-07
-8.90027e-07-1.04558e-06-9.45180e-07-6.42463e-07-2.62056e-07 5.23393e-08
 2.03090e-07 1.82726e-07 6.99579e-08-2.41884e-08-2.92840e-08 4.30014e-08
 1.20402e-07 1.38012e-07 9.38968e-08 4.02981e-08 2.28931e-08 3.65648e-08
 4.48558e-08 3.06165e-08 9.83399e-09 2.00548e-10-1.27245e-09-4.10372e-09
-7.67514e-09-8.21484e-09-7.64437e-09-7.81029e-09-6.84758e-09-4.65745e-09
-3.22106e-09-2.20539e-09-7.24080e-10 2.86741e-10 6.74432e-10 1.26037e-09
 1.65235e-09 1.53001e-09 1.46783e-09 1.33481e-09 8.64614e-10 4.84925e-10
 1.90690e-10-2.22630e-10-5.32230e-10-8.03744e-10-1.13647e-09-1.29175e-09
-1.30203e-09-1.22876e-09-9.48907e-10-5.89388e-10-2.64959e-10 3.14016e-11
 2.27857e-10 3.95488e-10 6.09124e-10 8.20028e-10 1.05982e-09 1.30552e-09
 1.47860e-09 1.55889e-09 1.51589e-09 1.38896e-09 1.22968e-09 1.01323e-09
 7.38902e-10 4.17996e-10 6.73304e-11-3.00312e-10-6.88514e-10-1.05570e-09
-1.37207e-09-1.65357e-09-1.91444e-09-2.15270e-09-2.33852e-09-2.43759e-09
-2.43786e-09-2.35629e-09-2.21410e-09-2.01008e-09-1.75235e-09-1.45281e-09
-1.09048e-09-6.50235e-10-1.68377e-10 3.16425e-10 8.07071e-10 1.29390e-09
 1.72980e-09 2.08705e-09 2.37291e-09 2.59876e-09 2.77383e-09 2.89008e-09
 2.91203e-09 2.82881e-09 2.67775e-09 2.47738e-09 2.18966e-09 1.77634e-09
 1.24988e-09 6.61154e-10 7.67360e-11-4.46417e-10-9.09266e-10-1.36385e-09
-1.82850e-09-2.25637e-09-2.59370e-09-2.82489e-09-2.97458e-09-3.07197e-09
-3.08752e-09-2.94902e-09-2.63644e-09-2.20434e-09-1.72343e-09-1.22769e-09
-7.02979e-10-1.36635e-10 4.45038e-10 1.00883e-09 1.53145e-09 1.99272e-09
 2.38822e-09 2.70680e-09 2.90381e-09 2.94020e-09 2.81886e-09 2.58076e-09
 2.27761e-09 1.91977e-09 1.48283e-09 9.77912e-10 4.51086e-10-6.75175e-11
-5.70815e-10-1.05814e-09-1.51016e-09-1.88016e-09-2.13132e-09-2.25909e-09
-2.27554e-09-2.20449e-09-2.07389e-09-1.88650e-09-1.62073e-09-1.27249e-09
-8.66564e-10-4.24411e-10 4.55025e-11 5.28526e-10 9.95554e-10 1.40594e-09
 1.72498e-09 1.94820e-09 2.08769e-09 2.14167e-09 2.10059e-09 1.96083e-09
 1.71425e-09 1.34309e-09 8.44973e-10 2.53072e-10-3.86380e-10-1.03027e-09
-1.61946e-09-2.09313e-09-2.42365e-09-2.59517e-09-2.57904e-09-2.36309e-09
-1.96616e-09-1.42090e-09-7.81879e-10-1.23893e-10 4.93275e-10 1.01390e-09
 1.35938e-09 1.48271e-09 1.42463e-09 1.28092e-09 1.16120e-09 1.17427e-09
 1.38295e-09 1.77373e-09 2.28722e-09 2.82925e-09 3.24042e-09 3.30965e-09
 2.84991e-09 1.76595e-09 7.63134e-11-2.08480e-09-4.47503e-09-6.76275e-09
-8.53593e-09-9.34669e-09-8.84796e-09-6.93392e-09-3.79196e-09 1.30377e-10
 4.23128e-09 7.87273e-09 1.04577e-08 1.15199e-08 1.08373e-08 8.51051e-09
 4.97983e-09 9.26091e-10-2.91896e-09-5.92055e-09-7.63425e-09-7.88688e-09
-6.80224e-09-4.77590e-09-2.39280e-09-2.48269e-10 1.23296e-09 1.88650e-09
 1.81667e-09 1.31432e-09 7.31892e-10 3.92046e-10 4.97643e-10 1.04722e-09
 1.83183e-09 2.50960e-09 2.72777e-09 2.26832e-09 1.13718e-09-4.41754e-10
-2.09023e-09-3.38148e-09-3.97139e-09-3.70340e-09-2.66028e-09-1.15136e-09
 3.84020e-10 1.53062e-09 2.03524e-09 1.87910e-09 1.26921e-09 5.46976e-10
 5.82745e-11 3.72579e-11 5.18006e-10 1.31475e-09 2.10213e-09 2.54391e-09
 2.41760e-09 1.70368e-09 5.91006e-10-6.00911e-10-1.53558e-09-1.98228e-09
-1.90476e-09-1.46531e-09-9.52878e-10-6.67241e-10-7.90911e-10-1.30929e-09
-2.01775e-09-2.60254e-09-2.76637e-09-2.35247e-09-1.41150e-09-1.86051e-10
 9.78781e-10 1.77023e-09 2.03395e-09 1.82915e-09 1.39110e-09 1.02267e-09
 9.57782e-10 1.25970e-09 1.80141e-09 2.32839e-09 2.57647e-09 2.39602e-09
 1.82044e-09 1.04715e-09 3.44401e-10-7.76650e-11-1.68936e-10-5.92769e-11
 7.25622e-12-2.08977e-10-8.21764e-10-1.75560e-09-2.77153e-09-3.56458e-09
-3.89029e-09-3.66696e-09-3.00448e-09-2.14639e-09-1.35720e-09-8.07348e-10
-5.08807e-10-3.33877e-10-1.01153e-10 3.22319e-10 9.48767e-10 1.65817e-09
 2.25797e-09 2.58542e-09 2.59582e-09 2.38864e-09 2.15699e-09 2.08355e-09
 2.23685e-09 2.52345e-09 2.72455e-09 2.60217e-09 2.02179e-09 1.02782e-09
-1.66957e-10-1.27176e-09-2.04438e-09-2.39379e-09-2.40700e-09-2.28277e-09
-2.20847e-09-2.25434e-09-2.34729e-09-2.33207e-09-2.07726e-09-1.56408e-09
-9.06497e-10-2.88455e-10 1.44648e-10 3.73038e-10 5.12917e-10 7.39550e-10
 1.16638e-09 1.75281e-09 2.29841e-09 2.53528e-09 2.27401e-09 1.51994e-09
 4.86902e-10-5.00140e-10-1.15353e-09-1.33969e-09-1.11121e-09-6.50539e-10
-1.64107e-10 2.10073e-10 4.27749e-10 4.91541e-10 3.83418e-10 4.32722e-11
-5.80430e-10-1.44141e-09-2.33213e-09-2.90093e-09-2.76571e-09-1.68174e-09
 3.20805e-10 2.90425e-09 5.51414e-09 7.54845e-09 8.52754e-09 8.20224e-09
 6.57596e-09 3.85571e-09 3.82252e-10-3.41183e-09-7.01596e-09-9.87464e-09
-1.14797e-08-1.15059e-08-9.92775e-09-7.05814e-09-3.48578e-09 8.02727e-11
 3.00889e-09 4.90918e-09 5.69206e-09 5.51863e-09 4.68196e-09 3.49329e-09
 2.21754e-09 1.05918e-09 1.72983e-10-3.37573e-10-4.54512e-10-2.87607e-10
-8.00275e-11-2.04884e-12
