      10
(6e12.5)
     0.0000e+00     0.0000e+00      0  0  0.00
     400   1.00000  0.0000e+00
 2.59294e-08 5.62296e-08 8.21629e-08 1.02251e-07 1.15687e-07 1.22306e-07
 1.22510e-07 1.17144e-07 1.07362e-07 9.44829e-08 7.98493e-08 6.47048e-08
 5.00978e-08 3.68175e-08 2.53628e-08 1.59404e-08 8.49025e-09 2.73648e-09
-1.74606e-09-5.45833e-09-8.90465e-09-1.25256e-08-1.66435e-08-2.14265e-08
-2.68708e-08-3.28022e-08-3.88982e-08-4.47260e-08-4.97893e-08-5.35822e-08
-5.56464e-08-5.56212e-08-5.32826e-08-4.85707e-08-4.16052e-08-3.26844e-08
-2.22676e-08-1.09440e-08 6.12177e-10 1.16938e-08 2.16128e-08 2.97510e-08
 3.56099e-08 3.88528e-08 3.93314e-08 3.70955e-08 3.23880e-08 2.56270e-08
 1.73776e-08 8.31184e-09-8.40641e-10-9.35068e-09-1.65469e-08-2.18653e-08
-2.48878e-08-2.53743e-08-2.32846e-08-1.87878e-08-1.22505e-08-4.20626e-09
 4.68952e-09 1.37113e-08 2.21142e-08 2.91867e-08 3.43091e-08 3.70088e-08
 3.70014e-08 3.42122e-08 2.87811e-08 2.10510e-08 1.15442e-08 9.29141e-10
-1.00274e-08-2.05201e-08-2.97699e-08-3.70846e-08-4.19109e-08-4.38758e-08
-4.28143e-08-3.87830e-08-3.20595e-08-2.31265e-08-1.26359e-08-1.35881e-09
 9.87343e-09 2.02349e-08 2.89668e-08 3.54308e-08 3.91553e-08 3.98726e-08
 3.75443e-08 3.23666e-08 2.47530e-08 1.52974e-08 4.72677e-09-6.15022e-09
-1.64994e-08-2.55201e-08-3.25089e-08-3.69192e-08-3.84058e-08-3.68471e-08
-3.23521e-08-2.52518e-08-1.60806e-08-5.54143e-09 5.54571e-09 1.63112e-08
 2.59079e-08 3.35773e-08 3.87062e-08 4.08710e-08 3.98721e-08 3.57539e-08
 2.88053e-08 1.95391e-08 8.65037e-09-3.03796e-09-1.46362e-08-2.52517e-08
-3.40551e-08-4.03438e-08-4.35987e-08-4.35284e-08-4.00947e-08-3.35170e-08
-2.42583e-08-1.29930e-08-5.59127e-10 1.21034e-08 2.40238e-08 3.42768e-08
 4.20549e-08 4.67320e-08 4.79120e-08 4.54604e-08 3.95162e-08 3.04855e-08
 1.90136e-08 5.93909e-09-7.76844e-09-2.10805e-08-3.29871e-08-4.25727e-08
-4.90852e-08-5.19947e-08-5.10354e-08-4.62289e-08-3.78853e-08-2.65829e-08
-1.31276e-08 1.50372e-09 1.62324e-08 2.99553e-08 4.16249e-08 5.03276e-08
 5.53540e-08 5.62566e-08 5.28898e-08 4.54287e-08 3.43662e-08 2.04843e-08
 4.80306e-09-1.14917e-08-2.71379e-08-4.08962e-08-5.16521e-08-5.85103e-08
-6.08745e-08-5.85033e-08-5.15357e-08-4.04849e-08-2.61973e-08-9.78281e-09
 7.47779e-09 2.42390e-08 3.91999e-08 5.12060e-08 5.93364e-08 6.29689e-08
 6.18204e-08 5.59616e-08 4.58066e-08 3.20808e-08 1.57692e-08-1.95057e-09
-1.97874e-08-3.64234e-08-5.06057e-08-6.12353e-08-6.74510e-08-6.86987e-08
-6.47816e-08-5.58863e-08-4.25796e-08-2.57757e-08-6.67442e-09 1.33248e-08
 3.27265e-08 5.00521e-08 6.39529e-08 7.33141e-08 7.73427e-08 7.56333e-08
 6.82071e-08 5.55223e-08 3.84520e-08 1.82316e-08-3.62534e-09-2.54378e-08
-4.54888e-08-6.21674e-08-7.41064e-08-8.03036e-08-8.02109e-08-7.37829e-08
-6.14799e-08-4.42258e-08-2.33293e-08-3.77971e-10 2.28825e-08 4.46753e-08
 6.33160e-08 7.73280e-08 8.55464e-08 8.72058e-08 8.20076e-08 7.01599e-08
 5.23831e-08 2.98774e-08 4.24696e-09-2.26150e-08-4.86720e-08-7.19075e-08
-9.04886e-08-1.02915e-07-1.08138e-07-1.05643e-07-9.54817e-08-7.82751e-08
-5.51651e-08-2.77408e-08 2.06779e-09 3.21198e-08 6.02128e-08 8.42442e-08
 1.02376e-07 1.13184e-07 1.15788e-07 1.09932e-07 9.60243e-08 7.51121e-08
 4.88123e-08 1.91877e-08-1.14081e-08-4.05090e-08-6.57257e-08-8.49311e-08
-9.64304e-08-9.91026e-08-9.25057e-08-7.69327e-08-5.34146e-08-2.36642e-08
 1.00351e-08 4.49873e-08 7.82802e-08 1.07004e-07 1.28479e-07 1.40469e-07
 1.41373e-07 1.30376e-07 1.07546e-07 7.38669e-08 3.11968e-08-1.78356e-08
-7.00045e-08-1.21710e-07-1.69236e-07-2.09021e-07-2.37922e-07-2.53461e-07
-2.54025e-07-2.39024e-07-2.08964e-07-1.65460e-07-1.11145e-07-4.95103e-08
 1.53470e-08 7.90235e-08 1.37146e-07 1.85709e-07 2.21384e-07 2.41794e-07
 2.45706e-07 2.33164e-07 2.05528e-07 1.65420e-07 1.16569e-07 6.35537e-08
 1.14592e-08-3.45268e-08-6.95522e-08-8.95292e-08-9.15146e-08-7.40134e-08
-3.71803e-08 1.70903e-08 8.51995e-08 1.62007e-07 2.41124e-07 3.15326e-07
 3.77061e-07 4.19037e-07 4.34821e-07 4.19411e-07 3.69728e-07 2.84981e-07
 1.66878e-07 1.96640e-08-1.50027e-07-3.33488e-07-5.20433e-07-6.99630e-07
-8.59653e-07-9.89685e-07-1.08032e-06-1.12427e-06-1.11698e-06-1.05699e-06
-9.46086e-07-7.89216e-07-5.94138e-07-3.70849e-07-1.30818e-07 1.13917e-07
 3.51704e-07 5.72191e-07 7.67070e-07 9.30497e-07 1.05889e-06 1.14978e-06
 1.20020e-06 1.20689e-06 1.16968e-06 1.09479e-06 9.93522e-07 8.77146e-07
 7.53255e-07 6.25703e-07 4.96313e-07 3.66041e-07 2.35201e-07 1.03489e-07
-2.96496e-08-1.64442e-07-3.00302e-07-4.35629e-07-5.67838e-07-6.93460e-07
-8.08258e-07-9.07409e-07-9.85691e-07-1.03738e-06-1.05621e-06-1.03681e-06
-9.77209e-07-8.80008e-07-7.51317e-07-5.99039e-07-4.31478e-07-2.56445e-07
-8.08379e-08 8.95269e-08 2.49959e-07 3.96700e-07 5.26423e-07 6.35695e-07
 7.20323e-07 7.74037e-07 7.87854e-07 7.53444e-07 6.70181e-07 5.49610e-07
 4.11379e-07 2.72791e-07 1.42147e-07 2.23512e-08-8.20590e-08-1.64493e-07
-2.20839e-07-2.50875e-07-2.56121e-07-2.39134e-07-2.04546e-07-1.58857e-07
-1.09153e-07-6.24982e-08-2.58249e-08-5.41700e-09
     0.0000e+00     0.0000e+00      0  0  0.00
     400   1.00000  0.0000e+00
-1.50310e-06-9.01421e-07-2.31759e-07 4.74113e-07 1.18023e-06 1.84700e-06
 2.43245e-06 2.89708e-06 3.21304e-06 3.37157e-06 3.38151e-06 3.26106e-06
 3.03095e-06 2.71229e-06 2.32665e-06 1.89570e-06 1.44000e-06 9.78031e-07
 5.25972e-07 9.79297e-08-2.93810e-07-6.38761e-07-9.28418e-07-1.15649e-06
-1.31914e-06-1.41537e-06-1.44768e-06-1.42292e-06-1.35213e-06-1.24927e-06
-1.13008e-06-1.01090e-06-9.05406e-07-8.20954e-07-7.57897e-07-7.11002e-07
-6.71315e-07-6.29545e-07-5.80999e-07-5.28521e-07-4.78631e-07-4.32671e-07
-3.83678e-07-3.24120e-07-2.54110e-07-1.78663e-07-9.81661e-08-4.82601e-09
 1.09817e-07 2.43592e-07 3.81886e-07 5.08803e-07 6.16845e-07 7.04272e-07
 7.68897e-07 8.07742e-07 8.19377e-07 8.04348e-07 7.64507e-07 7.02707e-07
 6.22540e-07 5.28032e-07 4.23482e-07 3.13306e-07 2.01815e-07 9.30630e-08
-9.24916e-09-1.01876e-07-1.82122e-07-2.47937e-07-2.98007e-07-3.31800e-07
-3.49563e-07-3.52258e-07-3.41456e-07-3.19218e-07-2.87984e-07-2.50437e-07
-2.09345e-07-1.67396e-07-1.27044e-07-9.03914e-08-5.90850e-08-3.42449e-08
-1.64236e-08-5.60204e-09-1.22310e-09-2.26467e-09-7.34450e-09-1.48474e-08
-2.30642e-08-3.03313e-08-3.51613e-08-3.63567e-08-3.31017e-08-2.50220e-08
-1.22101e-08 4.78862e-09 2.50259e-08 4.72299e-08 6.99071e-08 9.14593e-08
 1.10307e-07 1.25014e-07 1.34401e-07 1.37644e-07 1.34329e-07 1.24495e-07
 1.08626e-07 8.76252e-08 6.27437e-08 3.54951e-08 7.54404e-09-1.94141e-08
-4.37734e-08-6.41294e-08-7.93748e-08-8.87731e-08-9.20058e-08-8.91871e-08
-8.08475e-08-6.78875e-08-5.15064e-08-3.31066e-08-1.41850e-08 3.78116e-09
 1.94428e-08 3.16784e-08 3.96737e-08 4.29747e-08 4.15126e-08 3.56005e-08
 2.59032e-08 1.33785e-08-8.04959e-10-1.53619e-08-2.89896e-08-4.04697e-08
-4.87653e-08-5.31033e-08-5.30348e-08-4.84689e-08-3.96781e-08-2.72745e-08
-1.21589e-08 4.54781e-09 2.15900e-08 3.76745e-08 5.15720e-08 6.22102e-08
 6.87534e-08 7.06649e-08 6.77508e-08 6.01763e-08 4.84542e-08 3.34052e-08
 1.60970e-08-2.23654e-09-2.02893e-08-3.67823e-08-5.05573e-08-6.06598e-08
-6.64074e-08-6.74393e-08-6.37429e-08-5.56528e-08-4.38229e-08-2.91756e-08
-1.28321e-08 3.97270e-09 1.99850e-08 3.40281e-08 4.50910e-08 5.24024e-08
 5.54867e-08 5.41957e-08 4.87157e-08 3.95488e-08 2.74734e-08 1.34841e-08
-1.28434e-09-1.56448e-08-2.84508e-08-3.86880e-08-4.55536e-08-4.85173e-08
-4.73593e-08-4.21849e-08-3.34158e-08-2.17568e-08-8.14104e-09 6.34101e-09
 2.05252e-08 3.32632e-08 4.35138e-08 5.04250e-08 5.34023e-08 5.21551e-08
 4.67187e-08 3.74525e-08 2.50142e-08 1.03137e-08-5.55435e-09-2.13936e-08
-3.59979e-08-4.82440e-08-5.71768e-08-6.20813e-08-6.25364e-08-5.84485e-08
-5.00629e-08-3.79495e-08-2.29610e-08-6.16957e-09 1.12147e-08 2.79349e-08
 4.27785e-08 5.46658e-08 6.27307e-08 6.63872e-08 6.53730e-08 5.97669e-08
 4.99847e-08 3.67503e-08 2.10430e-08 4.02363e-09-1.30566e-08-2.89529e-08
-4.25183e-08-5.27829e-08-5.90228e-08-6.08179e-08-5.80873e-08-5.10960e-08
-4.04318e-08-2.69540e-08-1.17238e-08 4.07297e-09 1.92097e-08 3.25135e-08
 4.29613e-08 4.97632e-08 5.24204e-08 5.07564e-08 4.49269e-08 3.54109e-08
 2.29819e-08 8.65080e-09-6.41823e-09-2.10069e-08-3.39380e-08-4.41603e-08
-5.08245e-08-5.33510e-08-5.14847e-08-4.53233e-08-3.53104e-08-2.21955e-08
-6.97234e-09 9.19164e-09 2.50359e-08 3.93007e-08 5.08307e-08 5.86731e-08
 6.21543e-08 6.09290e-08 5.50046e-08 4.47450e-08 3.08540e-08 1.43302e-08
-3.60852e-09-2.16210e-08-3.83464e-08-5.25051e-08-6.29918e-08-6.89598e-08
-6.98911e-08-6.56438e-08-5.64674e-08-4.29851e-08-2.61487e-08-7.16950e-09
 1.25670e-08 3.16015e-08 4.85107e-08 6.20167e-08 7.10853e-08 7.50053e-08
 7.34435e-08 6.64713e-08 5.45640e-08 3.85700e-08 1.96496e-08-8.09912e-10
-2.12967e-08-4.02878e-08-5.63627e-08-6.83102e-08-7.52211e-08-7.65581e-08
-7.21990e-08-6.24495e-08-4.80220e-08-2.99844e-08-9.68245e-09 1.13609e-08
 3.15589e-08 4.93807e-08 6.34665e-08 7.27326e-08 7.64552e-08 7.43271e-08
 6.64836e-08 5.34948e-08 3.63239e-08 1.62574e-08-5.19180e-09-2.63977e-08
-4.57447e-08-6.17501e-08-7.31778e-08-7.91329e-08-7.91306e-08-7.31354e-08
-6.15655e-08-4.52630e-08-2.54331e-08-3.55405e-09 1.87322e-08 3.97427e-08
 5.78791e-08 7.17490e-08 8.02717e-08 8.27623e-08 7.89874e-08 6.91882e-08
 5.40677e-08 3.47447e-08 1.26746e-08-1.04555e-08-3.28524e-08-5.27518e-08
-6.85560e-08-7.89601e-08-8.30600e-08-8.04304e-08-7.11676e-08-5.58926e-08
-3.57116e-08-1.21385e-08 1.30176e-08 3.77892e-08 6.02029e-08 7.84347e-08
 9.09549e-08 9.66534e-08 9.49321e-08 8.57596e-08 6.96809e-08 4.77832e-08
 2.16166e-08-6.92096e-09-3.57281e-08-6.26630e-08-8.57111e-08-1.03144e-07
-1.13658e-07-1.16475e-07-1.11408e-07-9.88711e-08-7.98464e-08-5.57986e-08
-2.85540e-08-1.48606e-10 2.73387e-08 5.19546e-08 7.20273e-08 8.62960e-08
 9.40037e-08 9.49463e-08 8.94732e-08 7.84392e-08 6.31140e-08 4.50544e-08
 2.59522e-08 7.47267e-09-8.90230e-09-2.20084e-08-3.10985e-08-3.58964e-08
-3.65992e-08-3.38269e-08-2.85241e-08-2.18236e-08-1.48869e-08-8.73783e-09
-4.10745e-09-1.30946e-09-1.62499e-10 2.66996e-11
     0.0000e+00     0.0000e+00      0  0  0.00
     400   1.00000  0.0000e+00
 2.09721e-08 9.60621e-08 1.65376e-07 2.25016e-07 2.72116e-07 3.04883e-07
 3.22560e-07 3.25336e-07 3.14209e-07 2.90821e-07 2.57292e-07 2.16040e-07
 1.69620e-07 1.20577e-07 7.13248e-08 2.40444e-08-1.93912e-08-5.74682e-08
-8.90632e-08-1.13454e-07-1.30312e-07-1.39684e-07-1.41957e-07-1.37814e-07
-1.28183e-07-1.14180e-07-9.70398e-08-7.80574e-08-5.85158e-08-3.96240e-08
-2.24577e-08-7.90766e-09 3.36278e-09 1.09471e-08 1.47115e-08 1.47959e-08
 1.15979e-08 5.74190e-09-1.96580e-09-1.05949e-08-1.91580e-08-2.66833e-08
-3.22881e-08-3.52476e-08-3.50545e-08-3.14634e-08-2.45162e-08-1.45450e-08
-2.15178e-09 1.18358e-08 2.64282e-08 4.05526e-08 5.31409e-08 6.32168e-08
 6.99762e-08 7.28524e-08 7.15604e-08 6.61183e-08 5.68422e-08 4.43189e-08
 2.93594e-08 1.29377e-08-3.87910e-09-2.00036e-08-3.43990e-08-4.61457e-08
-5.44994e-08-5.89395e-08-5.92059e-08-5.53213e-08-4.75971e-08-3.66210e-08
-2.32239e-08-8.42644e-09 6.63293e-09 2.07840e-08 3.29174e-08 4.20753e-08
 4.75311e-08 4.88494e-08 4.59200e-08 3.89634e-08 2.85090e-08 1.53493e-08
 4.76641e-10-1.49905e-08-2.98852e-08-4.30699e-08-5.35092e-08-6.03376e-08
-6.29200e-08-6.09022e-08-5.42503e-08-4.32714e-08-2.86123e-08-1.12319e-08
 7.65647e-09 2.66697e-08 4.43619e-08 5.93438e-08 7.04032e-08 7.66125e-08
 7.74134e-08 7.26695e-08 6.26824e-08 4.81714e-08 3.02186e-08 1.01859e-08
-1.03890e-08-2.99107e-08-4.68493e-08-5.98599e-08-6.78907e-08-7.02705e-08
-6.67685e-08-5.76202e-08-4.35173e-08-2.55604e-08-5.17962e-09 1.59711e-08
 3.61382e-08 5.36015e-08 6.68062e-08 7.44865e-08 7.57722e-08 7.02695e-08
 5.81099e-08 3.99594e-08 1.69842e-08-9.22628e-09-3.67757e-08-6.36061e-08
-8.76590e-08-1.07036e-07-1.20144e-07-1.25818e-07-1.23405e-07-1.12815e-07
-9.45382e-08-6.96174e-08-3.95917e-08-6.39935e-09 2.77515e-08 6.05427e-08
 8.97239e-08 1.13296e-07 1.29679e-07 1.37845e-07 1.37409e-07 1.28658e-07
 1.12522e-07 9.05047e-08 6.45594e-08 3.69460e-08 1.00618e-08-1.37386e-08
-3.23285e-08-4.39895e-08-4.75738e-08-4.26324e-08-2.94909e-08-9.26124e-09
 1.62186e-08 4.45118e-08 7.27661e-08 9.79345e-08 1.17015e-07 1.27286e-07
 1.26535e-07 1.13244e-07 8.67557e-08 4.73748e-08-3.58181e-09-6.38140e-08
-1.30145e-07-1.98705e-07-2.65184e-07-3.25126e-07-3.74251e-07-4.08763e-07
-4.25645e-07-4.22889e-07-3.99677e-07-3.56475e-07-2.95057e-07-2.18420e-07
-1.30624e-07-3.65273e-08 5.85442e-08 1.49180e-07 2.30293e-07 2.97510e-07
 3.47537e-07 3.78439e-07 3.89844e-07 3.83023e-07 3.60856e-07 3.27666e-07
 2.88924e-07 2.50846e-07 2.19893e-07 2.02212e-07 2.03058e-07 2.26228e-07
 2.73559e-07 3.44522e-07 4.35966e-07 5.42027e-07 6.54244e-07 7.61886e-07
 8.52493e-07 9.12612e-07 9.28692e-07 8.88098e-07 7.80195e-07 5.97414e-07
 3.36266e-07-1.79766e-09-4.09756e-07-8.74684e-07-1.37778e-06-1.89482e-06
-2.39702e-06-2.85231e-06-3.22703e-06-3.48793e-06-3.60442e-06-3.55096e-06
-3.30949e-06-2.87207e-06-2.24448e-06-1.45000e-06-5.29983e-07 4.62222e-07
 1.47060e-06 2.44236e-06 3.32889e-06 4.08567e-06 4.67358e-06 5.06131e-06
 5.22742e-06 5.16146e-06 4.86440e-06 4.34874e-06 3.63833e-06 2.76762e-06
 1.78028e-06 7.27008e-07-3.37106e-07-1.35569e-06-2.27441e-06-3.04450e-06
-3.62617e-06-3.99167e-06-4.12774e-06-4.03755e-06-3.74180e-06-3.27661e-06
-2.68766e-06-2.02433e-06-1.33609e-06-6.70593e-07-7.08531e-08 4.29266e-07
 8.08859e-07 1.05931e-06 1.18092e-06 1.18278e-06 1.08618e-06 9.25295e-07
 7.40446e-07 5.66002e-07 4.19923e-07 3.04533e-07 2.18260e-07 1.64189e-07
 1.46505e-07 1.63222e-07 2.05842e-07 2.63920e-07 3.27797e-07 3.88775e-07
 4.39163e-07 4.72745e-07 4.85216e-07 4.74418e-07 4.40345e-07 3.84868e-07
 3.11376e-07 2.24405e-07 1.29235e-07 3.14782e-08-6.33501e-08-1.50252e-07
-2.25091e-07-2.84819e-07-3.27596e-07-3.52794e-07-3.60910e-07-3.53399e-07
-3.32480e-07-3.00924e-07-2.61833e-07-2.18404e-07-1.73709e-07-1.30495e-07
-9.10344e-08-5.70189e-08-2.95055e-08-8.91157e-09 4.94308e-09 1.27536e-08
 1.56174e-08 1.49003e-08 1.20960e-08 8.68759e-09 6.02029e-09 5.19603e-09
 6.99681e-09 1.18380e-08 1.97515e-08 3.04009e-08 4.31291e-08 5.70313e-08
 7.10422e-08 8.40306e-08 9.48969e-08 1.02665e-07 1.06566e-07 1.06095e-07
 1.01061e-07 9.15909e-08 7.81284e-08 6.13940e-08 4.23330e-08 2.20456e-08
 1.70683e-09-1.75192e-08-3.45634e-08-4.85250e-08-5.87301e-08-6.47719e-08
-6.65333e-08-6.41907e-08-5.81935e-08-4.92236e-08-3.81379e-08-2.59019e-08
-1.35172e-08-1.94751e-09 7.95122e-09 1.54916e-08 2.02021e-08 2.18571e-08
 2.04867e-08 1.63639e-08 9.97568e-09 1.98025e-09-6.84765e-09-1.56811e-08
-2.37096e-08-3.02035e-08-3.45694e-08-3.63942e-08-3.54755e-08-3.18343e-08
-2.57097e-08-1.75365e-08-7.90944e-09 2.46513e-09 1.28272e-08 2.24257e-08
 3.05787e-08 3.67250e-08 4.04665e-08 4.15985e-08 4.01231e-08 3.62454e-08
 3.03513e-08 2.29710e-08 1.47310e-08 6.29804e-09-1.67819e-09-8.61944e-09
-1.40681e-08-1.77260e-08-1.94761e-08-1.93845e-08-1.76860e-08-1.47561e-08
-1.10675e-08-7.13471e-09-3.45197e-09-4.34365e-10 1.63326e-09 2.63556e-09
 2.64875e-09 1.94057e-09 9.46225e-10 2.20620e-10
     0.0000e+00     0.0000e+00      0  0  0.00
     400   1.00000  0.0000e+00
 2.95377e-08 8.84982e-08 1.41569e-07 1.85686e-07 2.18753e-07 2.39655e-07
 2.48205e-07 2.45033e-07 2.31438e-07 2.09207e-07 1.80435e-07 1.47348e-07
 1.12136e-07 7.68142e-08 4.31186e-08 1.24373e-08-1.42197e-08-3.62259e-08
-5.33200e-08-6.55642e-08-7.32852e-08-7.70075e-08-7.73878e-08-7.51504e-08
-7.10299e-08-6.57204e-08-5.98358e-08-5.38794e-08-4.82257e-08-4.31163e-08
-3.86706e-08-3.49027e-08-3.17408e-08-2.90471e-08-2.66443e-08-2.43442e-08
-2.19710e-08-1.93768e-08-1.64522e-08-1.31350e-08-9.41536e-09-5.33586e-09
-9.86842e-10 3.50182e-09 7.97393e-09 1.22624e-08 1.62019e-08 1.96363e-08
 2.24277e-08 2.44683e-08 2.56918e-08 2.60773e-08 2.56466e-08 2.44599e-08
 2.26121e-08 2.02278e-08 1.74532e-08 1.44440e-08 1.13560e-08 8.33567e-09
 5.51152e-09 2.98778e-09 8.41224e-10-8.81549e-10-2.16662e-09-3.03238e-09
-3.52496e-09-3.71146e-09-3.67377e-09-3.50179e-09-3.28393e-09-3.09745e-09
-3.00444e-09-3.05252e-09-3.27407e-09-3.68096e-09-4.25881e-09-4.96602e-09
-5.73898e-09-6.50221e-09-7.18032e-09-7.70634e-09-8.02341e-09-8.08342e-09
-7.84987e-09-7.30512e-09-6.45523e-09-5.32872e-09-3.97354e-09-2.45605e-09
-8.59122e-10 7.24946e-10 2.20523e-09 3.50129e-09 4.54857e-09 5.30098e-09
 5.73087e-09 5.82857e-09 5.60422e-09 5.09011e-09 4.34027e-09 3.42733e-09
 2.43715e-09 1.45967e-09 5.77276e-10-1.42830e-10-6.50273e-10-9.11700e-10
-9.12670e-10-6.59879e-10-1.81600e-10 4.73939e-10 1.24122e-09 2.04088e-09
 2.78547e-09 3.38908e-09 3.77861e-09 3.90126e-09 3.72533e-09 3.23780e-09
 2.44508e-09 1.37744e-09 9.15587e-11-1.33343e-09-2.80461e-09-4.22330e-09
-5.49092e-09-6.51507e-09-7.21628e-09-7.53504e-09-7.43723e-09-6.91573e-09
-5.98948e-09-4.70342e-09-3.12774e-09-1.35395e-09 5.12217e-10 2.35883e-09
 4.07484e-09 5.55661e-09 6.71546e-09 7.48408e-09 7.82048e-09 7.71037e-09
 7.16737e-09 6.23134e-09 4.96684e-09 3.45916e-09 1.80703e-09 1.15639e-10
-1.51065e-09-2.97627e-09-4.20025e-09-5.11979e-09-5.69366e-09-5.90543e-09
-5.76553e-09-5.30928e-09-4.59046e-09-3.67543e-09-2.63949e-09-1.56230e-09
-5.21778e-10 4.13100e-10 1.18939e-09 1.77327e-09 2.14930e-09 2.31962e-09
 2.30372e-09 2.13717e-09 1.86824e-09 1.55151e-09 1.24014e-09 9.80767e-10
 8.10766e-10 7.55078e-10 8.22759e-10 1.00486e-09 1.27462e-09 1.59054e-09
 1.90147e-09 2.15126e-09 2.28357e-09 2.24749e-09 2.00351e-09 1.52904e-09
 8.22725e-10-9.38838e-11-1.17690e-09-2.36174e-09-3.56640e-09-4.69695e-09
-5.65472e-09-6.34458e-09-6.68313e-09-6.60604e-09-6.07468e-09-5.08152e-09
-3.65307e-09-1.85022e-09 2.34132e-10 2.48009e-09 4.74763e-09 6.88523e-09
 8.74001e-09 1.01685e-08 1.10469e-08 1.12804e-08 1.08111e-08 9.62384e-09
 7.74918e-09 5.26491e-09 2.29379e-09-1.00132e-09-4.42523e-09-7.76055e-09
-1.07801e-08-1.32616e-08-1.50034e-08-1.58409e-08-1.56615e-08-1.44176e-08
-1.21362e-08-8.92307e-09-4.96084e-09-5.00591e-10 4.15372e-09 8.66677e-09
 1.26979e-08 1.59292e-08 1.80937e-08 1.89999e-08 1.85503e-08 1.67523e-08
 1.37195e-08 9.66390e-09 4.87862e-09-2.85344e-10-5.44781e-09-1.02300e-08
-1.42840e-08-1.73197e-08-1.91250e-08-1.95808e-08-1.86675e-08-1.64646e-08
-1.31417e-08-8.94466e-09-4.17490e-09 8.32895e-10 5.73450e-09 1.01990e-08
 1.39303e-08 1.66851e-08 1.82881e-08 1.86417e-08 1.77305e-08 1.56222e-08
 1.24637e-08 8.47202e-09 3.92217e-09-8.69648e-10-5.56512e-09-9.82562e-09
-1.33361e-08-1.58305e-08-1.71154e-08-1.70895e-08-1.57551e-08-1.32190e-08
-9.68348e-09-5.42985e-09-7.94458e-10 3.85972e-09 8.17333e-09 1.18188e-08
 1.45236e-08 1.60887e-08 1.64021e-08 1.54469e-08 1.33024e-08 1.01373e-08
 6.19682e-09 1.78517e-09-2.75581e-09-7.07194e-09-1.08257e-08-1.37262e-08
-1.55554e-08-1.61873e-08-1.55960e-08-1.38545e-08-1.11245e-08-7.63908e-09
-3.67998e-09 4.46592e-10 4.43137e-09 7.97977e-09 1.08289e-08 1.27665e-08
 1.36508e-08 1.34247e-08 1.21226e-08 9.86681e-09 6.85640e-09 3.34853e-09
-3.65676e-10-3.98838e-09-7.24072e-09-9.88277e-09-1.17262e-08-1.26414e-08
-1.25621e-08-1.14879e-08-9.48321e-09-6.67116e-09-3.22498e-09 6.39924e-10
 4.67280e-09 8.59797e-09 1.21324e-08 1.50084e-08 1.69954e-08 1.79182e-08
 1.76709e-08 1.62272e-08 1.36450e-08 1.00643e-08 5.69723e-09 8.15967e-10
-4.26152e-09-9.18839e-09-1.36130e-08-1.72102e-08-1.97151e-08-2.09492e-08
-2.08325e-08-1.93853e-08-1.67222e-08-1.30449e-08-8.62986e-09-3.81004e-09
 1.04819e-09 5.56923e-09 9.39544e-09 1.22193e-08 1.38158e-08 1.40658e-08
 1.29609e-08 1.05949e-08 7.15113e-09 2.89327e-09-1.83950e-09-6.64246e-09
-1.10670e-08-1.46551e-08-1.69816e-08-1.76961e-08-1.65611e-08-1.34783e-08
-8.50031e-09-1.82363e-09 6.22900e-09 1.52255e-08 2.46354e-08 3.38430e-08
 4.21775e-08 4.89605e-08 5.35618e-08 5.54509e-08 5.42391e-08 4.97156e-08
 4.18757e-08 3.09363e-08 1.73370e-08 1.72648e-09-1.50633e-08-3.20555e-08
-4.81838e-08-6.23656e-08-7.35868e-08-8.09850e-08-8.39218e-08-8.20421e-08
-7.53257e-08-6.41219e-08-4.91536e-08-3.14784e-08-1.24146e-08 6.55235e-09
 2.38755e-08 3.80707e-08 4.78645e-08 5.23611e-08 5.12093e-08 4.47557e-08
 3.41638e-08 2.14752e-08 9.58687e-09 2.12812e-09
     0.0000e+00     0.0000e+00      0  0  0.00
     400   1.00000  0.0000e+00
 3.84486e-09 6.94892e-09 9.37114e-09 1.09945e-08 1.18025e-08 1.18605e-08
 1.12934e-08 1.02619e-08 8.94137e-09 7.50481e-09 6.11040e-09 4.89303e-09
 3.95825e-09 3.37732e-09 3.18260e-09 3.36315e-09 3.86136e-09 4.57272e-09
 5.35041e-09 6.01634e-09 6.37915e-09 6.25787e-09 5.50839e-09 4.04877e-09
 1.87873e-09-9.10870e-10-4.14120e-09-7.56162e-09-1.08768e-08-1.37811e-08
-1.59936e-08-1.72898e-08-1.75233e-08-1.66373e-08-1.46637e-08-1.17129e-08
-7.95869e-09-3.62100e-09 1.04927e-09 5.78172e-09 1.02948e-08 1.43034e-08
 1.75275e-08 1.97067e-08 2.06189e-08 2.01046e-08 1.80932e-08 1.46248e-08
 9.86541e-09 4.10789e-09-2.24106e-09-8.68967e-09-1.47021e-08-1.97470e-08
-2.33489e-08-2.51354e-08-2.48759e-08-2.25081e-08-1.81491e-08-1.20919e-08
-4.78487e-09 3.20074e-09 1.12164e-08 1.85886e-08 2.46759e-08 2.89238e-08
 3.09138e-08 3.04014e-08 2.73404e-08 2.18897e-08 1.44049e-08 5.41392e-09
-4.41995e-09-1.43454e-08-2.35773e-08-3.13552e-08-3.70042e-08-3.99916e-08
-3.99775e-08-3.68521e-08-3.07550e-08-2.20719e-08-1.14084e-08 4.58148e-10
 1.26430e-08 2.42263e-08 3.43260e-08 4.21644e-08 4.71233e-08 4.87866e-08
 4.69690e-08 4.17335e-08 3.33946e-08 2.25074e-08 9.83867e-09-3.67970e-09
-1.70175e-08-2.91272e-08-3.90316e-08-4.59096e-08-4.91680e-08-4.84943e-08
-4.38823e-08-3.56345e-08-2.43411e-08-1.08401e-08 3.83528e-09 1.85237e-08
 3.20130e-08 4.31279e-08 5.08235e-08 5.42784e-08 5.29772e-08 4.67716e-08
 3.59102e-08 2.10331e-08 3.13135e-09-1.65241e-08-3.64740e-08-5.51750e-08
-7.11078e-08-8.28858e-08-8.93583e-08-8.97050e-08-8.35155e-08-7.08450e-08
-5.22380e-08-2.87141e-08-1.71231e-09 2.70031e-08 5.54653e-08 8.16466e-08
 1.03607e-07 1.19642e-07 1.28411e-07 1.29060e-07 1.21300e-07 1.05469e-07
 8.25342e-08 5.40601e-08 2.21150e-08-1.08658e-08-4.22576e-08-6.94507e-08
-9.00638e-08-1.02151e-07-1.04387e-07-9.62155e-08-7.79465e-08-5.07977e-08
-1.68634e-08 2.09864e-08 5.92793e-08 9.41787e-08 1.21775e-07 1.38408e-07
 1.41002e-07 1.27386e-07 9.65688e-08 4.89481e-08-1.35694e-08-8.75623e-08
-1.68210e-07-2.49538e-07-3.24782e-07-3.86861e-07-4.28932e-07-4.44981e-07
-4.30421e-07-3.82643e-07-3.01463e-07-1.89416e-07-5.18560e-08 1.03174e-07
 2.65331e-07 4.22614e-07 5.62229e-07 6.71648e-07 7.39787e-07 7.58224e-07
 7.22351e-07 6.32351e-07 4.93878e-07 3.18316e-07 1.22459e-07-7.27254e-08
-2.44837e-07-3.74455e-07-4.49721e-07-4.68468e-07-4.36961e-07-3.66920e-07
-2.72883e-07-1.70362e-07-7.43031e-08 2.43313e-09 5.03838e-08 6.43091e-08
 4.34311e-08-8.81937e-09-8.54179e-08-1.76642e-07-2.71154e-07-3.57071e-07
-4.23103e-07-4.60119e-07-4.62818e-07-4.30155e-07-3.64074e-07-2.68303e-07
-1.48580e-07-1.29115e-08 1.29798e-07 2.71871e-07 4.07495e-07 5.30658e-07
 6.32069e-07 6.99052e-07 7.19742e-07 6.88140e-07 6.06984e-07 4.88045e-07
 3.48885e-07 2.06466e-07 7.23196e-08-4.72721e-08-1.48598e-07-2.29181e-07
-2.88071e-07-3.26026e-07-3.44941e-07-3.47193e-07-3.35395e-07-3.12347e-07
-2.80900e-07-2.43738e-07-2.03221e-07-1.61328e-07-1.19678e-07-7.95592e-08
-4.19623e-08-7.63321e-09 2.28624e-08 4.90770e-08 7.06355e-08 8.72193e-08
 9.85813e-08 1.04585e-07 1.05254e-07 1.00820e-07 9.17453e-08 7.87286e-08
 6.26817e-08 4.46885e-08 2.59460e-08 7.69231e-09-8.87315e-09-2.26716e-08
-3.28221e-08-3.87051e-08-4.00085e-08-3.67544e-08-2.93041e-08-1.83361e-08
-4.79833e-09 1.01627e-08 2.52880e-08 3.93026e-08 5.10132e-08 5.94006e-08
 6.36973e-08 6.34474e-08 5.85427e-08 4.92320e-08 3.61011e-08 2.00282e-08
 2.11760e-09-1.63825e-08-3.41741e-08-5.00068e-08-6.27696e-08-7.15734e-08
-7.58166e-08-7.52296e-08-6.98919e-08-6.02229e-08-4.69486e-08-3.10454e-08
-1.36656e-08 3.95002e-09 2.05644e-08 3.50339e-08 4.63917e-08 5.39176e-08
 5.71880e-08 5.61012e-08 5.08792e-08 4.20462e-08 3.03851e-08 1.68741e-08
 2.61008e-09-1.12760e-08-2.37053e-08-3.37332e-08-4.06189e-08-4.38782e-08
-4.33159e-08-3.90380e-08-3.14399e-08-2.11727e-08-9.08921e-09 3.82366e-09
 1.65226e-08 2.79880e-08 3.73021e-08 4.37192e-08 4.67224e-08 4.60615e-08
 4.17706e-08 3.41632e-08 2.38079e-08 1.14839e-08-1.87926e-09-1.52724e-08
-2.76845e-08-3.81796e-08-4.59680e-08-5.04643e-08-5.13307e-08-4.85016e-08
-4.21884e-08-3.28621e-08-2.12164e-08-8.11424e-09 5.47785e-09 1.85619e-08
 3.01840e-08 3.95054e-08 4.58643e-08 4.88245e-08 4.82074e-08 4.41038e-08
 3.68637e-08 2.70681e-08 1.54832e-08 3.00149e-09-9.42646e-09-2.08651e-08
-3.04642e-08-3.75226e-08-4.15399e-08-4.22532e-08-3.96554e-08-3.39933e-08
-2.57459e-08-1.55861e-08-4.32636e-09 7.14467e-09 1.79321e-08 2.72039e-08
 3.42543e-08 3.85577e-08 3.98075e-08 3.79371e-08 3.31240e-08 2.57739e-08
 1.64870e-08 6.00795e-09-4.83519e-09-1.51977e-08-2.42860e-08-3.14196e-08
-3.60853e-08-3.79755e-08-3.70110e-08-3.33436e-08-2.73408e-08-1.95526e-08
-1.06622e-08-1.42542e-09 7.39530e-09 1.50978e-08 2.11014e-08 2.49963e-08
 2.65768e-08 2.58566e-08 2.30633e-08 1.86124e-08 1.30630e-08 7.05846e-09
 1.25759e-09-3.73739e-09-7.44871e-09-9.58101e-09-1.00612e-08-9.05397e-09
-6.95097e-09-4.33284e-09-1.90582e-09-4.16929e-10
     0.0000e+00     0.0000e+00      0  0  0.00
     400   1.00000  0.0000e+00
-7.55571e-09-1.68081e-07-3.18932e-07-4.51947e-07-5.60944e-07-6.41778e-07
-6.92258e-07-7.11967e-07-7.02027e-07-6.64816e-07-6.03690e-07-5.22711e-07
-4.26397e-07-3.19512e-07-2.06882e-07-9.32425e-08 1.68969e-08 1.19370e-07
 2.10467e-07 2.87044e-07 3.46623e-07 3.87482e-07 4.08721e-07 4.10313e-07
 3.93110e-07 3.58821e-07 3.09945e-07 2.49666e-07 1.81702e-07 1.10122e-07
 3.91271e-08-2.71924e-08-8.51069e-08-1.31488e-07-1.64019e-07-1.81364e-07
-1.83261e-07-1.70552e-07-1.45124e-07-1.09777e-07-6.80210e-08-2.38254e-08
 1.86807e-08 5.55204e-08 8.31844e-08 9.89232e-08 1.00994e-07 8.88398e-08
 6.31826e-08 2.60129e-08-1.95264e-08-6.93597e-08-1.18785e-07-1.62839e-07
-1.96696e-07-2.16064e-07-2.17559e-07-1.99018e-07-1.59740e-07-1.00625e-07
-2.41980e-08 6.54877e-08 1.63073e-07 2.62234e-07 3.56108e-07 4.37793e-07
 5.00853e-07 5.39818e-07 5.50619e-07 5.30938e-07 4.80442e-07 4.00887e-07
 2.96058e-07 1.71568e-07 3.45019e-08-1.07066e-07-2.44650e-07-3.69984e-07
-4.75662e-07-5.55722e-07-6.06138e-07-6.25169e-07-6.13543e-07-5.74443e-07
-5.13296e-07-4.37364e-07-3.55165e-07-2.75765e-07-2.07985e-07-1.59591e-07
-1.36526e-07-1.42247e-07-1.77237e-07-2.38724e-07-3.20654e-07-4.13932e-07
-5.06933e-07-5.86273e-07-6.37776e-07-6.47598e-07-6.03399e-07-4.95511e-07
-3.17983e-07-6.94398e-08 2.46340e-07 6.20171e-07 1.03758e-06 1.47933e-06
 1.92223e-06 2.34043e-06 2.70678e-06 2.99444e-06 3.17848e-06 3.23734e-06
 3.15408e-06 2.91715e-06 2.52085e-06 1.96593e-06 1.26189e-06 4.31006e-07
-4.90151e-07-1.45563e-06-2.41799e-06-3.33188e-06-4.15273e-06-4.83528e-06
-5.33557e-06-5.61512e-06-5.64516e-06-5.40972e-06-4.90782e-06-4.15487e-06
-3.18323e-06-2.04141e-06-7.91763e-07 4.93389e-07 1.73678e-06 2.86202e-06
 3.79978e-06 4.49400e-06 4.90749e-06 5.02624e-06 4.86203e-06 4.45147e-06
 3.84856e-06 3.11377e-06 2.30663e-06 1.48246e-06 6.90130e-07-2.97959e-08
-6.46927e-07-1.14240e-06-1.50775e-06-1.74114e-06-1.84453e-06-1.82375e-06
-1.68983e-06-1.46095e-06-1.16637e-06-8.46892e-07-5.44798e-07-2.88880e-07
-8.93024e-08 5.38832e-08 1.41233e-07 1.73817e-07 1.57403e-07 1.02724e-07
 2.25889e-08-7.01572e-08-1.63513e-07-2.47109e-07-3.12764e-07-3.54765e-07
-3.70067e-07-3.58246e-07-3.21170e-07-2.62560e-07-1.87498e-07-1.01885e-07
-1.19131e-08 7.64167e-08 1.57715e-07 2.27521e-07 2.82524e-07 3.20677e-07
 3.41222e-07 3.44618e-07 3.32386e-07 3.06893e-07 2.71093e-07 2.28258e-07
 1.81718e-07 1.34624e-07 8.97556e-08 4.93712e-08 1.51115e-08-1.20433e-08
-3.17664e-08-4.43287e-08-5.05034e-08-5.14446e-08-4.85510e-08-4.33263e-08
-3.72451e-08-3.16320e-08-2.75620e-08-2.57894e-08-2.67092e-08-3.03526e-08
-3.64140e-08-4.43024e-08-5.32118e-08-6.22045e-08-7.03007e-08-7.65693e-08
-8.02115e-08-8.06304e-08-7.74804e-08-7.06942e-08-6.04866e-08-4.73376e-08
-3.19544e-08-1.52171e-08 1.88980e-09 1.83526e-08 3.32042e-08 4.55951e-08
 5.48541e-08 6.05337e-08 6.24384e-08 6.06351e-08 5.54427e-08 4.74034e-08
 3.72380e-08 2.57896e-08 1.39590e-08 2.63665e-09-7.36440e-09-1.53659e-08
-2.08694e-08-2.35886e-08-2.34668e-08-2.06759e-08-1.55965e-08-8.78164e-09
-9.10479e-10 7.26800e-09 1.49947e-08 2.15596e-08 2.63568e-08 2.89321e-08
 2.90194e-08 2.65590e-08 2.16981e-08 1.47772e-08 6.30394e-09-3.08532e-09
-1.26768e-08-2.17368e-08-2.95693e-08-3.55676e-08-3.92609e-08-4.03503e-08
-3.87322e-08-3.45066e-08-2.79693e-08-1.95894e-08-9.97339e-09 1.81949e-10
 1.01419e-08 1.91885e-08 2.66743e-08 3.20706e-08 3.50082e-08 3.53041e-08
 3.29733e-08 2.82263e-08 2.14535e-08 1.31949e-08 4.09842e-09-5.12953e-09
-1.37778e-08-2.11848e-08-2.67887e-08-3.01695e-08-3.10787e-08-2.94579e-08
-2.54442e-08-1.93589e-08-1.16807e-08-3.00797e-09 5.98534e-09 1.45997e-08
 2.21644e-08 2.80912e-08 3.19180e-08 3.33428e-08 3.22457e-08 2.86993e-08
 2.29633e-08 1.54638e-08 6.76043e-09-2.49504e-09-1.16085e-08-1.98960e-08
-2.67359e-08-3.16156e-08-3.41706e-08-3.42120e-08-3.17408e-08-2.69476e-08
-2.01968e-08-1.20000e-08-2.97846e-09 6.18524e-09 1.48013e-08 2.22231e-08
 2.78945e-08 3.13932e-08 3.24646e-08 3.10400e-08 2.72399e-08 2.13655e-08
 1.38757e-08 5.35277e-09-3.54161e-09-1.21180e-08-1.97143e-08-2.57450e-08
-2.97432e-08-3.13979e-08-3.05784e-08-2.73444e-08-2.19439e-08-1.47952e-08
-6.45118e-09 2.44559e-09 1.12071e-08 1.91491e-08 2.56457e-08 3.01812e-08
 3.23900e-08 3.20865e-08 2.92762e-08 2.41513e-08 1.70801e-08 8.58636e-09
-6.88657e-10-1.00402e-08-1.87582e-08-2.61810e-08-3.17409e-08-3.50009e-08
-3.56895e-08-3.37295e-08-2.92500e-08-2.25715e-08-1.41737e-08-4.65786e-09
 5.29385e-09 1.49629e-08 2.36468e-08 3.07177e-08 3.56789e-08 3.81999e-08
 3.81320e-08 3.55115e-08 3.05575e-08 2.36624e-08 1.53631e-08 6.29272e-09
-2.87824e-09-1.14972e-08-1.89751e-08-2.48237e-08-2.86918e-08-3.03962e-08
-2.99375e-08-2.74937e-08-2.33925e-08-1.80742e-08-1.20512e-08-5.86539e-09
-4.19472e-11 4.96212e-09 8.80357e-09 1.12821e-08 1.23500e-08 1.21065e-08
 1.07793e-08 8.69477e-09 6.23810e-09 3.80036e-09 1.72238e-09 2.43547e-10
-5.36855e-10-6.80618e-10-4.13236e-10-1.07493e-10
     0.0000e+00     0.0000e+00      0  0  0.00
     400   1.00000  0.0000e+00
 4.52331e-08 1.33414e-07 2.13603e-07 2.81091e-07 3.32464e-07 3.65679e-07
 3.80036e-07 3.76071e-07 3.55382e-07 3.20416e-07 2.74218e-07 2.20191e-07
 1.61846e-07 1.02590e-07 4.55339e-08-6.65713e-09-5.18729e-08-8.86226e-08
-1.16057e-07-1.33954e-07-1.42665e-07-1.43038e-07-1.36321e-07-1.24045e-07
-1.07901e-07-8.96258e-08-7.08830e-08-5.31653e-08-3.77102e-08-2.54372e-08
-1.69117e-08-1.23323e-08-1.15432e-08-1.40684e-08-1.91666e-08-2.59012e-08
-3.32234e-08-4.00604e-08-4.54004e-08-4.83716e-08-4.83099e-08-4.48104e-08
-3.77604e-08-2.73490e-08-1.40538e-08 1.39389e-09 1.80625e-08 3.48884e-08
 5.07532e-08 6.45677e-08 7.53540e-08 8.23202e-08 8.49214e-08 8.29034e-08
 7.63259e-08 6.55624e-08 5.12778e-08 3.43845e-08 1.59795e-08-2.73192e-09
-2.05212e-08-3.62241e-08-4.88243e-08-5.75262e-08-6.18127e-08-6.14821e-08
-5.66629e-08-4.78051e-08-3.56470e-08-2.11612e-08-5.48276e-09 1.01749e-08
 2.46093e-08 3.67179e-08 4.55794e-08 5.05228e-08 5.11775e-08 4.75015e-08
 3.97841e-08 2.86243e-08 1.48858e-08-3.67549e-10-1.59517e-08-3.06518e-08
-4.33142e-08-5.29349e-08-5.87364e-08-6.02278e-08-5.72441e-08-4.99602e-08
-3.88802e-08-2.48015e-08-8.75546e-09 8.06913e-09 2.44162e-08 3.90581e-08
 5.08893e-08 5.90123e-08 6.28074e-08 6.19815e-08 5.65925e-08 4.70459e-08
 3.40641e-08 1.86316e-08 1.91875e-09-1.48082e-08-3.02843e-08-4.33429e-08
-5.30036e-08-5.85457e-08-5.95605e-08-5.59801e-08-4.80798e-08-3.64554e-08
-2.19789e-08-5.73399e-09 1.10611e-08 2.71399e-08 4.12765e-08 5.23722e-08
 5.95350e-08 6.21465e-08 5.99129e-08 5.28967e-08 4.15241e-08 2.65684e-08
 9.10583e-09-9.55413e-09-2.79609e-08-4.46329e-08-5.81769e-08-6.74075e-08
-7.14544e-08-6.98484e-08-6.25752e-08-5.00904e-08-3.32934e-08-1.34612e-08
 7.85278e-09 2.89450e-08 4.81024e-08 6.37437e-08 7.45510e-08 7.95788e-08
 7.83336e-08 7.08175e-08 5.75332e-08 3.94499e-08 1.79326e-08-5.36070e-09
-2.86069e-08-4.99615e-08-6.77072e-08-8.03945e-08-8.69619e-08-8.68256e-08
-7.99276e-08-6.67406e-08-4.82272e-08-2.57608e-08-1.01448e-09 2.41685e-08
 4.79127e-08 6.84449e-08 8.42179e-08 9.40158e-08 9.70379e-08 9.29583e-08
 8.19576e-08 6.47251e-08 4.24265e-08 1.66371e-08-1.07606e-08-3.77106e-08
-6.21398e-08-8.21240e-08-9.60484e-08-1.02746e-07-1.01600e-07-9.25982e-08
-7.63416e-08-5.39975e-08-2.72146e-08 1.99793e-09 3.14157e-08 5.87586e-08
 8.18552e-08 9.88035e-08 1.08120e-07 1.08864e-07 1.00730e-07 8.40956e-08
 6.00149e-08 3.01611e-08-3.28880e-09-3.78131e-08-7.07381e-08-9.94454e-08
-1.21578e-07-1.35227e-07-1.39086e-07-1.32560e-07-1.15825e-07-8.98315e-08
-5.62546e-08-1.73837e-08 2.40322e-08 6.49808e-08 1.02410e-07 1.33465e-07
 1.55709e-07 1.67330e-07 1.67292e-07 1.55435e-07 1.32505e-07 1.00117e-07
 6.06457e-08 1.70602e-08-2.72976e-08-6.89647e-08-1.04627e-07-1.31386e-07
-1.46996e-07-1.50061e-07-1.40171e-07-1.17960e-07-8.50844e-08-4.41312e-08
 1.56247e-09 4.81452e-08 9.15413e-08 1.27770e-07 1.53270e-07 1.65206e-07
 1.61728e-07 1.42163e-07 1.07114e-07 5.84697e-08-6.95827e-10-6.63131e-08
-1.33591e-07-1.97354e-07-2.52428e-07-2.94034e-07-3.18183e-07-3.22020e-07
-3.04101e-07-2.64565e-07-2.05194e-07-1.29331e-07-4.16806e-08 5.20163e-08
 1.45391e-07 2.31921e-07 3.05430e-07 3.60583e-07 3.93339e-07 4.01320e-07
 3.84074e-07 3.43186e-07 2.82229e-07 2.06540e-07 1.22839e-07 3.87013e-08
-3.80595e-08-1.00062e-07-1.41028e-07-1.56396e-07-1.43831e-07-1.03582e-07
-3.86507e-08 4.52726e-08 1.40105e-07 2.35908e-07 3.21630e-07 3.86003e-07
 4.18542e-07 4.10536e-07 3.55983e-07 2.52355e-07 1.01140e-07-9.19098e-08
-3.16874e-07-5.60123e-07-8.05139e-07-1.03367e-06-1.22712e-06-1.36812e-06
-1.44207e-06-1.43862e-06-1.35282e-06-1.18588e-06-9.45470e-07-6.45296e-07
-3.04090e-07 5.61620e-08 4.12730e-07 7.45353e-07 1.03946e-06 1.28777e-06
 1.48865e-06 1.64227e-06 1.74726e-06 1.79996e-06 1.79567e-06 1.73042e-06
 1.60230e-06 1.41252e-06 1.16630e-06 8.73361e-07 5.47846e-07 2.07506e-07
-1.27793e-07-4.38032e-07-7.05241e-07-9.15744e-07-1.06217e-06-1.14498e-06
-1.17322e-06-1.16336e-06-1.13453e-06-1.10276e-06-1.07824e-06-1.06518e-06
-1.06151e-06-1.05833e-06-1.04062e-06-9.90941e-07-8.96087e-07-7.53073e-07
-5.69346e-07-3.57213e-07-1.27780e-07 1.11476e-07 3.55439e-07 5.95448e-07
 8.12517e-07 9.81899e-07 1.08819e-06 1.13236e-06 1.12351e-06 1.06921e-06
 9.75244e-07 8.49720e-07 7.03284e-07 5.46739e-07 3.89756e-07 2.40470e-07
 1.05153e-07-1.18121e-08-1.07841e-07-1.82076e-07-2.35161e-07-2.68891e-07
-2.85864e-07-2.89149e-07-2.81995e-07-2.67587e-07-2.48840e-07-2.28227e-07
-2.07675e-07-1.88511e-07-1.71467e-07-1.56751e-07-1.44149e-07-1.33139e-07
-1.23014e-07-1.13003e-07-1.02379e-07-9.05488e-08-7.71172e-08-6.19167e-08
-4.50221e-08-2.67442e-08-7.60570e-09 1.17022e-08 3.03775e-08 4.75725e-08
 6.24609e-08 7.43068e-08 8.25297e-08 8.67562e-08 8.68542e-08 8.29481e-08
 7.54177e-08 6.48771e-08 5.21339e-08 3.81312e-08 2.38803e-08 1.03856e-08
-1.43319e-09-1.08195e-08-1.72496e-08-2.04889e-08-2.06303e-08-1.81118e-08
-1.37079e-08-8.48532e-09-3.72485e-09-8.15325e-10
     0.0000e+00     0.0000e+00      0  0  0.00
     400   1.00000  0.0000e+00
-6.99850e-09 8.53365e-08 1.77900e-07 2.65372e-07 3.42672e-07 4.05162e-07
 4.48872e-07 4.70714e-07 4.68687e-07 4.42036e-07 3.91355e-07 3.18612e-07
 2.27110e-07 1.21370e-07 6.94415e-09-1.09852e-07-2.22277e-07-3.23577e-07
-4.07426e-07-4.68381e-07-5.02298e-07-5.06665e-07-4.80852e-07-4.26228e-07
-3.46148e-07-2.45798e-07-1.31890e-07-1.22210e-08 1.04884e-07 2.11199e-07
 2.99245e-07 3.62901e-07 3.97939e-07 4.02411e-07 3.76892e-07 3.24505e-07
 2.50763e-07 1.63179e-07 7.07051e-08-1.69939e-08-9.03596e-08-1.40801e-07
-1.61523e-07-1.48253e-07-9.98010e-08-1.83933e-08 9.02660e-08 2.17230e-07
 3.50841e-07 4.77546e-07 5.82942e-07 6.52990e-07 6.75304e-07 6.40414e-07
 5.42881e-07 3.82157e-07 1.63081e-07-1.04049e-07-4.03887e-07-7.16931e-07
-1.02087e-06-1.29228e-06-1.50866e-06-1.65042e-06-1.70291e-06-1.65806e-06
-1.51556e-06-1.28334e-06-9.77367e-07-6.20412e-07-2.40036e-07 1.34392e-07
 4.75648e-07 7.63690e-07 9.90880e-07 1.16364e-06 1.29653e-06 1.40189e-06
 1.48378e-06 1.53926e-06 1.56177e-06 1.54289e-06 1.47413e-06 1.34956e-06
 1.16837e-06 9.35761e-07 6.62781e-07 3.65605e-07 6.40502e-08-2.20886e-07
-4.70052e-07-6.69093e-07-8.10974e-07-8.97840e-07-9.41916e-07-9.62753e-07
-9.78010e-07-9.94879e-07-1.01086e-06-1.01874e-06-1.00881e-06-9.69992e-07
-8.92457e-07-7.70666e-07-6.05459e-07-4.04300e-07-1.80842e-07 4.55527e-08
 2.52577e-07 4.21094e-07 5.40893e-07 6.11635e-07 6.38979e-07 6.29993e-07
 5.91510e-07 5.30887e-07 4.56249e-07 3.75483e-07 2.95205e-07 2.20426e-07
 1.54636e-07 9.99511e-08 5.72261e-08 2.61979e-08 5.69152e-09-6.10029e-09
-1.13303e-08-1.22442e-08-1.09625e-08-9.30522e-09-8.66836e-09-9.95667e-09
-1.35761e-08-1.94835e-08-2.72776e-08-3.63114e-08-4.58095e-08-5.49769e-08
-6.30886e-08-6.95559e-08-7.39681e-08-7.61126e-08-7.59740e-08-7.37144e-08
-6.96392e-08-6.41538e-08-5.77145e-08-5.07809e-08-4.37716e-08-3.70294e-08
-3.07954e-08-2.51982e-08-2.02552e-08-1.58871e-08-1.19405e-08-8.21822e-09
-4.51034e-09-6.26207e-10 3.57799e-09 8.17757e-09 1.31658e-08 1.84497e-08
 2.38552e-08 2.91412e-08 3.40211e-08 3.81871e-08 4.13382e-08 4.32077e-08
 4.35894e-08 4.23606e-08 3.94971e-08 3.50799e-08 2.92934e-08 2.24156e-08
 1.48007e-08 6.85578e-09-9.86776e-10-8.29906e-09-1.46879e-08-1.98223e-08
-2.34561e-08-2.54428e-08-2.57448e-08-2.44348e-08-2.16911e-08-1.77839e-08
-1.30544e-08-7.88954e-09-2.69278e-09 2.14505e-09 6.27437e-09 9.41150e-09
 1.13580e-08 1.20131e-08 1.13792e-08 9.55784e-09 6.73943e-09 3.18653e-09
-7.86909e-10-4.83947e-09-8.62837e-09-1.18357e-08-1.41924e-08-1.54987e-08
-1.56384e-08-1.45881e-08-1.24186e-08-9.28845e-09-5.43015e-09-1.13204e-09
 3.28394e-09 7.48723e-09 1.11645e-08 1.40431e-08 1.59103e-08 1.66290e-08
 1.61488e-08 1.45099e-08 1.18399e-08 8.34351e-09 4.28750e-09-1.93860e-11
-4.25086e-09-8.08792e-09-1.12422e-08-1.34773e-08-1.46263e-08-1.46043e-08
-1.34140e-08-1.11446e-08-7.96692e-09-4.12134e-09 1.00734e-10 4.37936e-09
 8.39007e-09 1.18277e-08 1.44293e-08 1.59952e-08 1.64031e-08 1.56169e-08
 1.36884e-08 1.07528e-08 7.01960e-09 2.75646e-09-1.72997e-09-6.11611e-09
-1.00849e-08-1.33502e-08-1.56786e-08-1.69070e-08-1.69531e-08-1.58211e-08
-1.36020e-08-1.04656e-08-6.64655e-09-2.42787e-09 1.87954e-09 5.95970e-09
 9.51603e-09 1.22938e-08 1.40984e-08 1.48095e-08 1.43895e-08 1.28858e-08
 1.04264e-08 7.21032e-09 3.49203e-09-4.36781e-10-4.27057e-09-7.71420e-09
-1.05044e-08-1.24289e-08-1.33427e-08-1.31796e-08-1.19558e-08-9.76908e-09
-6.79258e-09-3.26096e-09 5.48531e-10 4.33690e-09 7.80672e-09 1.06856e-08
 1.27461e-08 1.38224e-08 1.38243e-08 1.27434e-08 1.06534e-08 7.70735e-09
 4.12686e-09 1.83621e-10-3.82262e-09-7.58528e-09-1.08138e-08-1.32565e-08
-1.47189e-08-1.50789e-08-1.42984e-08-1.24256e-08-9.59141e-09-5.99974e-09
-1.91394e-09 2.36342e-09 6.51244e-09 1.02201e-08 1.32056e-08 1.52413e-08
 1.61687e-08 1.59096e-08 1.44738e-08 1.19603e-08 8.54956e-09 4.49039e-09
 8.13606e-11-4.35195e-09-8.48105e-09-1.19978e-08-1.46376e-08-1.62005e-08
-1.65666e-08-1.57052e-08-1.36778e-08-1.06329e-08-6.79547e-09-2.45141e-09
 2.07380e-09 6.44001e-09 1.03174e-08 1.34115e-08 1.54860e-08 1.63800e-08
 1.60211e-08 1.44312e-08 1.17253e-08 8.10364e-09 3.83704e-09-7.53034e-10
-5.31835e-09-9.50975e-09-1.30043e-08-1.55299e-08-1.68848e-08-1.69540e-08
-1.57187e-08-1.32579e-08-9.74454e-09-5.43212e-09-6.35689e-10 4.29092e-09
 8.98094e-09 1.30823e-08 1.62835e-08 1.83372e-08 1.90802e-08 1.84452e-08
 1.64658e-08 1.32745e-08 9.09317e-09 4.21694e-09-1.00724e-09-6.20665e-09
-1.10111e-08-1.50803e-08-1.81286e-08-1.99462e-08-2.04144e-08-1.95135e-08
-1.73245e-08-1.40208e-08-9.85504e-09-5.13818e-09-2.15599e-10 4.56001e-09
 8.85533e-09 1.23818e-08 1.49175e-08 1.63225e-08 1.65478e-08 1.56376e-08
 1.37227e-08 1.10079e-08 7.75281e-09 4.24888e-09 7.93595e-10-2.33524e-09
-4.90364e-09-6.74155e-09-7.75664e-09-7.94124e-09-7.37110e-09-6.19543e-09
-4.61920e-09-2.87902e-09-1.21399e-09 1.65017e-10 1.10464e-09 1.53335e-09
 1.47730e-09 1.06442e-09 5.15305e-10 1.19772e-10
     0.0000e+00     0.0000e+00      0  0  0.00
     400   1.00000  0.0000e+00
 4.38679e-08 1.04014e-07 1.57327e-07 1.99912e-07 2.28730e-07 2.41827e-07
 2.38484e-07 2.19282e-07 1.86078e-07 1.41878e-07 9.06307e-08 3.69390e-08
-1.42840e-08-5.81979e-08-9.04277e-08-1.07439e-07-1.06868e-07-8.77682e-08
-5.07677e-08 1.90470e-09 6.65124e-08 1.38030e-07 2.10480e-07 2.77361e-07
 3.32160e-07 3.68889e-07 3.82623e-07 3.69987e-07 3.29531e-07 2.61981e-07
 1.70311e-07 5.96317e-08-6.31044e-08-1.89583e-07-3.10764e-07-4.17642e-07
-5.02060e-07-5.57526e-07-5.79925e-07-5.68074e-07-5.24035e-07-4.53143e-07
-3.63711e-07-2.66400e-07-1.73266e-07-9.65324e-08-4.71673e-08-3.33955e-08
-5.92785e-08-1.23530e-07-2.18726e-07-3.31060e-07-4.40806e-07-5.23719e-07
-5.53959e-07-5.09184e-07-3.76938e-07-1.58813e-07 1.30485e-07 4.67554e-07
 8.24389e-07 1.17098e-06 1.47769e-06 1.71799e-06 1.87057e-06 1.92067e-06
 1.86068e-06 1.69060e-06 1.41790e-06 1.05687e-06 6.27500e-07 1.54186e-07
-3.35799e-07-8.13997e-07-1.25247e-06-1.62503e-06-1.90833e-06-2.08425e-06
-2.14315e-06-2.08518e-06-1.91847e-06-1.65666e-06-1.31757e-06-9.22789e-07
-4.97234e-07-6.87597e-08 3.33112e-07 6.80098e-07 9.49496e-07 1.12786e-06
 1.21185e-06 1.20689e-06 1.12550e-06 9.85524e-07 8.07173e-07 6.10441e-07
 4.14113e-07 2.34096e-07 8.06073e-08-4.23476e-08-1.34375e-07-1.96243e-07
-2.29731e-07-2.38347e-07-2.26973e-07-2.00923e-07-1.65379e-07-1.25072e-07
-8.40370e-08-4.54940e-08-1.18234e-08 1.54230e-08 3.54407e-08 4.80378e-08
 5.34942e-08 5.24271e-08 4.56716e-08 3.41934e-08 1.90260e-08 1.22742e-09
-1.81449e-08-3.80510e-08-5.74833e-08-7.54800e-08-9.11414e-08-1.03653e-07
-1.12315e-07-1.16573e-07-1.16050e-07-1.10581e-07-1.00236e-07-8.53369e-08
-6.64605e-08-4.44227e-08-2.02463e-08 4.88877e-09 2.97082e-08 5.29194e-08
 7.32922e-08 8.97386e-08 1.01385e-07 1.07635e-07 1.08211e-07 1.03181e-07
 9.29559e-08 7.82665e-08 6.01151e-08 3.97115e-08 1.83911e-08-2.47681e-09
-2.15819e-08-3.77626e-08-5.00853e-08-5.79060e-08-6.09116e-08-5.91356e-08
-5.29490e-08-4.30279e-08-3.02986e-08-1.58662e-08-9.28353e-10 1.33146e-08
 2.57487e-08 3.54266e-08 4.16352e-08 4.39461e-08 4.22427e-08 3.67244e-08
 2.78856e-08 1.64744e-08 3.43122e-09-1.01846e-08-2.32779e-08-3.48007e-08
-4.38327e-08-4.96516e-08-5.17872e-08-5.00561e-08-4.45726e-08-3.57385e-08
-2.42109e-08-1.08519e-08 3.33891e-09 1.73004e-08 2.99918e-08 4.04712e-08
 4.79653e-08 5.19262e-08 5.20712e-08 4.84039e-08 4.12124e-08 3.10475e-08
 1.86786e-08 5.03547e-09-8.86289e-09-2.19838e-08-3.33575e-08-4.21498e-08
-4.77243e-08-4.96896e-08-4.79262e-08-4.25929e-08-3.41131e-08-2.31417e-08
-1.05156e-08 2.81047e-09 1.58365e-08 2.75935e-08 3.72164e-08 4.40065e-08
 4.74824e-08 4.74144e-08 4.38411e-08 3.70645e-08 2.76259e-08 1.62625e-08
 3.84999e-09-8.66401e-09-2.03317e-08-3.02773e-08-3.77632e-08-4.22458e-08
-4.34156e-08-4.12185e-08-3.58585e-08-2.77810e-08-1.76373e-08-6.23410e-09
 5.52872e-09 1.67275e-08 2.64855e-08 3.40395e-08 3.87988e-08 4.03912e-08
 3.86922e-08 3.38337e-08 2.61928e-08 1.63612e-08 5.10148e-09-6.71083e-09
-1.81521e-08-2.83215e-08-3.64110e-08-4.17692e-08-4.39516e-08-4.27540e-08
-3.82291e-08-3.06837e-08-2.06566e-08-8.87848e-09 3.78219e-09 1.63848e-08
 2.79865e-08 3.77119e-08 4.48197e-08 4.87588e-08 4.92113e-08 4.61181e-08
 3.96834e-08 3.03597e-08 1.88141e-08 5.87991e-09-7.50612e-09-2.03734e-08
-3.17879e-08-4.09212e-08-4.71131e-08-4.99216e-08-4.91554e-08-4.48874e-08
-3.74498e-08-2.74080e-08-1.55181e-08-2.66848e-09 1.01869e-08 2.20990e-08
 3.21940e-08 3.97382e-08 4.41950e-08 4.52651e-08 4.29081e-08 3.73442e-08
 2.90350e-08 1.86479e-08 7.00622e-09-4.97448e-09-1.63579e-08-2.62593e-08
-3.39129e-08-3.87310e-08-4.03481e-08-3.86502e-08-3.37847e-08-2.61492e-08
-1.63594e-08-5.20190e-09 6.42623e-09 1.75865e-08 2.73723e-08 3.49806e-08
 3.97746e-08 4.13350e-08 3.94946e-08 3.43530e-08 2.62719e-08 1.58496e-08
 3.87647e-09-8.72502e-09-2.09691e-08-3.18830e-08-4.05824e-08-4.63401e-08
-4.86445e-08-4.72427e-08-4.21624e-08-3.37141e-08-2.24708e-08-9.22737e-09
 5.05557e-09 1.93219e-08 3.24997e-08 4.35819e-08 5.17035e-08 5.62086e-08
 5.67009e-08 5.30771e-08 4.55392e-08 3.45829e-08 2.09641e-08 5.64467e-09
-1.02769e-08-2.56460e-08-3.93365e-08-5.03339e-08-5.78132e-08-6.12011e-08
-6.02208e-08-5.49149e-08-4.56440e-08-3.30622e-08-1.80712e-08-1.75499e-09
 1.46995e-08 3.00899e-08 4.32876e-08 5.33212e-08 5.94497e-08 6.12174e-08
 5.84895e-08 5.14627e-08 4.06513e-08 2.68502e-08 1.10758e-08-5.50871e-09
-2.16802e-08-3.62462e-08-4.81340e-08-5.64705e-08-6.06473e-08-6.03661e-08
-5.56604e-08-4.68927e-08-3.47260e-08-2.00729e-08-4.02546e-09 1.22286e-08
 2.74968e-08 4.06737e-08 5.08249e-08 5.72580e-08 5.95737e-08 5.76934e-08
 5.18605e-08 4.26160e-08 3.07494e-08 1.72303e-08 3.12504e-09-1.04926e-08
-2.26302e-08-3.24558e-08-3.93620e-08-4.30083e-08-4.33387e-08-4.05738e-08
-3.51785e-08-2.78095e-08-1.92469e-08-1.03183e-08-1.82076e-09 5.55086e-09
 1.12642e-08 1.49924e-08 1.66372e-08 1.63300e-08 1.44097e-08 1.13815e-08
 7.85552e-09 4.47385e-09 1.82850e-09 3.79077e-10
     0.0000e+00     0.0000e+00      0  0  0.00
     400   1.00000  0.0000e+00
 7.04087e-09 3.68085e-08 6.26902e-08 8.33565e-08 9.81949e-08 1.07232e-07
 1.10994e-07 1.10349e-07 1.06333e-07 9.99837e-08 9.22153e-08 8.37667e-08
 7.51887e-08 6.68293e-08 5.88227e-08 5.10999e-08 4.34361e-08 3.55240e-08
 2.70472e-08 1.77464e-08 7.47867e-09-3.73784e-09-1.57091e-08-2.80733e-08
-4.03245e-08-5.18523e-08-6.19959e-08-7.01061e-08-7.56091e-08-7.80626e-08
-7.72020e-08-7.29703e-08-6.55331e-08-5.52765e-08-4.27840e-08-2.87946e-08
-1.41490e-08 2.70725e-10 1.36051e-08 2.50808e-08 3.40652e-08 4.01091e-08
 4.29744e-08 4.26476e-08 3.93379e-08 3.34585e-08 2.55946e-08 1.64580e-08
 6.83298e-09-2.48472e-09-1.07504e-08-1.73268e-08-2.17310e-08-2.36669e-08
-2.30442e-08-1.99817e-08-1.47949e-08-7.96745e-09-1.08301e-10 8.10079e-09
 1.59621e-08 2.28165e-08 2.80928e-08 3.13476e-08 3.22969e-08 3.08367e-08
 2.70507e-08 2.12026e-08 1.37145e-08 5.13375e-09-3.90834e-09-1.27439e-08
-2.07184e-08-2.72393e-08-3.18224e-08-3.41311e-08-3.40057e-08-3.14771e-08
-2.67615e-08-2.02398e-08-1.24244e-08-3.91930e-09 4.62624e-09 1.25669e-08
 1.93115e-08 2.43693e-08 2.73867e-08 2.81703e-08 2.66961e-08 2.31074e-08
 1.77040e-08 1.09218e-08 3.30443e-09-4.53634e-09-1.19679e-08-1.83882e-08
-2.32755e-08-2.62307e-08-2.70092e-08-2.55404e-08-2.19335e-08-1.64691e-08
-9.57789e-09-1.80620e-09 6.22951e-09 1.38933e-08 2.05814e-08 2.57686e-08
 2.90467e-08 3.01528e-08 2.89857e-08 2.56134e-08 2.02689e-08 1.33364e-08
 5.32631e-09-3.15877e-09-1.14688e-08-1.89578e-08-2.50377e-08-2.92295e-08
-3.12063e-08-3.08215e-08-2.81184e-08-2.33203e-08-1.68070e-08-9.08078e-09
-7.27365e-10 7.62663e-09 1.53576e-08 2.18889e-08 2.67339e-08 2.95345e-08
 3.00905e-08 2.83744e-08 2.45309e-08 1.88627e-08 1.18056e-08 3.89520e-09
-4.27340e-09-1.20903e-08-1.89765e-08-2.44275e-08-2.80514e-08-2.95968e-08
-2.89684e-08-2.62283e-08-2.15874e-08-1.53874e-08-8.07594e-09-1.76018e-10
 7.74740e-09 1.51229e-08 2.14101e-08 2.61372e-08 2.89384e-08 2.95868e-08
 2.80177e-08 2.43373e-08 1.88146e-08 1.18623e-08 4.00612e-09-4.15415e-09
-1.19920e-08-1.89058e-08-2.43670e-08-2.79598e-08-2.94123e-08-2.86187e-08
-2.56490e-08-2.07432e-08-1.42904e-08-6.79397e-09 1.17242e-09 9.01328e-09
 1.61577e-08 2.20986e-08 2.64245e-08 2.88424e-08 2.91954e-08 2.74689e-08
 2.37867e-08 1.83980e-08 1.16617e-08 4.03019e-09-3.97176e-09-1.17769e-08
-1.88137e-08-2.45486e-08-2.85277e-08-3.04138e-08-3.00177e-08-2.73227e-08
-2.24968e-08-1.58883e-08-8.00143e-09 5.47048e-10 9.08173e-09 1.69262e-08
 2.34585e-08 2.81623e-08 3.06702e-08 3.07940e-08 2.85351e-08 2.40783e-08
 1.77715e-08 1.00957e-08 1.62864e-09-6.99614e-09-1.51336e-08-2.21725e-08
-2.75795e-08-3.09380e-08-3.19788e-08-3.06015e-08-2.68852e-08-2.10878e-08
-1.36297e-08-5.06493e-09 3.96166e-09 1.27635e-08 2.06653e-08 2.70544e-08
 3.14277e-08 3.34308e-08 3.28868e-08 2.98115e-08 2.44153e-08 1.70895e-08
 8.37900e-09-1.05759e-09-1.04978e-08-1.92114e-08-2.65184e-08-3.18449e-08
-3.47687e-08-3.50521e-08-3.26577e-08-2.77498e-08-2.06795e-08-1.19576e-08
-2.21728e-09 7.82833e-09 1.74345e-08 2.58762e-08 3.24999e-08 3.67731e-08
 3.83298e-08 3.70055e-08 3.28591e-08 2.61743e-08 1.74411e-08 7.31638e-09
-3.43064e-09-1.39832e-08-2.35436e-08-3.13939e-08-3.69471e-08-3.97848e-08
-3.96835e-08-3.66279e-08-3.08133e-08-2.26380e-08-1.26822e-08-1.67423e-09
 9.55931e-09 2.01553e-08 2.92851e-08 3.62254e-08 4.04215e-08 4.15341e-08
 3.94653e-08 3.43615e-08 2.65962e-08 1.67378e-08 5.50686e-09-6.27334e-09
-1.77299e-08-2.79974e-08-3.62784e-08-4.19041e-08-4.43921e-08-4.34941e-08
-3.92259e-08-3.18736e-08-2.19749e-08-1.02757e-08 2.33168e-09 1.48806e-08
 2.64056e-08 3.60144e-08 4.29518e-08 4.66551e-08 4.67965e-08 4.33130e-08
 3.64180e-08 2.65935e-08 1.45601e-08 1.22546e-09-1.23858e-08-2.52128e-08
-3.62434e-08-4.45936e-08-4.95756e-08-5.07501e-08-4.79608e-08-4.13487e-08
-3.13479e-08-1.86601e-08-4.20968e-09 1.09211e-08 2.55717e-08 3.85940e-08
 4.89437e-08 5.57666e-08 5.84682e-08 5.67639e-08 5.07037e-08 4.06724e-08
 2.73639e-08 1.17323e-08-5.07820e-09-2.18176e-08-3.72248e-08-5.01229e-08
-5.95088e-08-6.46296e-08-6.50407e-08-6.06426e-08-5.16944e-08-3.88024e-08
-2.28823e-08-5.09619e-09 1.32337e-08 3.07259e-08 4.60473e-08 5.80154e-08
 6.56886e-08 6.84362e-08 6.59872e-08 5.84551e-08 4.63386e-08 3.04965e-08
 1.20934e-08-7.48194e-09-2.67223e-08-4.41214e-08-5.82946e-08-6.80882e-08
-7.26689e-08-7.15873e-08-6.48153e-08-5.27553e-08-3.62223e-08-1.63961e-08
 5.25750e-09 2.70939e-08 4.74181e-08 6.46214e-08 7.73117e-08 8.44253e-08
 8.53096e-08 7.97756e-08 6.81166e-08 5.10932e-08 2.98860e-08 6.01456e-09
-1.87743e-08-4.26414e-08-6.38021e-08-8.06705e-08-9.19850e-08-9.69053e-08
-9.50757e-08-8.66522e-08-7.22926e-08-5.31104e-08-3.05920e-08-6.48037e-09
 1.73678e-08 3.91399e-08 5.72245e-08 7.03495e-08 7.76882e-08 7.89233e-08
 7.42658e-08 6.44298e-08 5.05635e-08 3.41402e-08 1.68167e-08 2.67581e-10
-1.39878e-08-2.47478e-08-3.12613e-08-3.33131e-08-3.12503e-08-2.59444e-08
-1.86907e-08-1.10523e-08-4.66075e-09-9.89022e-10
