      10
(6e12.5)
     0.0000e+00     0.0000e+00      0  0  0.00
     512   1.00000  0.0000e+00
-1.29742e-09-1.05038e-09-4.63927e-10 4.19814e-10 1.43124e-09 2.32381e-09
 2.86806e-09 2.93754e-09 2.54385e-09 1.80812e-09 8.96474e-10-3.42296e-11
-8.55532e-10-1.46169e-09-1.76427e-09-1.70568e-09-1.29269e-09-6.29690e-10
 7.93014e-11 5.81182e-10 6.67902e-10 2.72407e-10-4.87256e-10-1.34796e-09
-2.01003e-09-2.25810e-09-2.03690e-09-1.45338e-09-7.11543e-10-1.93663e-11
 4.80510e-10 7.30157e-10 7.39895e-10 5.64470e-10 2.87161e-10 1.33726e-11
-1.34651e-10-4.14958e-11 3.48818e-10 9.77173e-10 1.65961e-09 2.14853e-09
 2.24015e-09 1.87241e-09 1.16255e-09 3.63061e-10-2.45157e-10-4.70809e-10
-2.84049e-10 1.88420e-10 7.32597e-10 1.13582e-09 1.25043e-09 1.01668e-09
 4.58572e-10-3.25780e-10-1.17230e-09-1.87205e-09-2.22280e-09-2.10523e-09
-1.54783e-09-7.37298e-10 4.37184e-11 5.29696e-10 5.84008e-10 2.54054e-10
-2.59569e-10-7.04232e-10-8.90619e-10-7.59941e-10-3.77298e-10 1.25676e-10
 6.14221e-10 9.88903e-10 1.19653e-09 1.23005e-09 1.12952e-09 9.76577e-10
 8.67351e-10 8.64873e-10 9.54678e-10 1.03410e-09 9.52716e-10 5.94036e-10
-4.31813e-11-8.17855e-10-1.50135e-09-1.88876e-09-1.90197e-09-1.62448e-09
-1.25310e-09-1.00261e-09-1.02030e-09-1.34553e-09-1.91251e-09-2.57662e-09
-3.15218e-09-3.45983e-09-3.37924e-09-2.89368e-09-2.10684e-09-1.21328e-09
-4.20783e-10 1.44244e-10 4.93931e-10 7.58615e-10 1.09741e-09 1.59639e-09
 2.22193e-09 2.85716e-09 3.38725e-09 3.76829e-09 4.03966e-09 4.28694e-09
 4.58797e-09 4.97117e-09 5.39968e-09 5.78011e-09 5.98658e-09 5.89401e-09
 5.41932e-09 4.56328e-09 3.43281e-09 2.21961e-09 1.12800e-09 2.78541e-10
-3.56690e-10-9.37548e-10-1.66052e-09-2.64652e-09-3.88371e-09-5.25040e-09
-6.58710e-09-7.76587e-09-8.72306e-09-9.45376e-09-9.98613e-09-1.03526e-08
-1.05653e-08-1.06015e-08-1.04104e-08-9.94094e-09-9.18068e-09-8.18089e-09
-7.05031e-09-5.90793e-09-4.81146e-09-3.70715e-09-2.44711e-09-8.75497e-10
 1.07038e-09 3.31225e-09 5.66482e-09 7.92087e-09 9.92706e-09 1.16132e-08
 1.29829e-08 1.40910e-08 1.50156e-08 1.58206e-08 1.65187e-08 1.70575e-08
 1.73416e-08 1.72757e-08 1.68013e-08 1.59063e-08 1.46044e-08 1.29111e-08
 1.08444e-08 8.45187e-09 5.83535e-09 3.14227e-09 5.17893e-10-1.96429e-09
-4.35322e-09-6.80741e-09-9.51423e-09-1.25895e-08-1.60130e-08-1.96194e-08
-2.31348e-08-2.62484e-08-2.87026e-08-3.03706e-08-3.12729e-08-3.15123e-08
-3.11649e-08-3.02126e-08-2.85680e-08-2.61600e-08-2.30079e-08-1.92302e-08
-1.49876e-08-1.03964e-08-5.46272e-09-7.71090e-11 5.92673e-09 1.26824e-08
 2.02160e-08 2.84173e-08 3.70586e-08 4.58436e-08 5.44600e-08 6.26281e-08
 7.01478e-08 7.69328e-08 8.30105e-08 8.84836e-08 9.34698e-08 9.80097e-08
 1.01910e-07 1.04538e-07 1.04669e-07 1.00531e-07 9.01558e-08 7.19555e-08
 4.51815e-08 1.00640e-08-3.19127e-08-7.75461e-08-1.22304e-07-1.61697e-07
-1.92459e-07-2.13191e-07-2.24733e-07-2.29892e-07-2.32394e-07-2.35678e-07
-2.42040e-07-2.52448e-07-2.67235e-07-2.87419e-07-3.15581e-07-3.54948e-07
-4.06151e-07-4.62678e-07-5.07285e-07-5.11736e-07-4.41555e-07-2.66213e-07
 2.88005e-08 4.37453e-07 9.38360e-07 1.49391e-06 2.03967e-06 2.49243e-06
 2.77004e-06 2.77374e-06 2.38119e-06 1.53103e-06 2.92280e-07-1.17906e-06
-2.66531e-06-3.85878e-06-4.42263e-06-4.12219e-06-2.93601e-06-1.13563e-06
 7.47569e-07 2.11950e-06 2.57702e-06 2.07560e-06 9.39189e-07-2.69856e-07
-9.91112e-07-9.51047e-07-3.10919e-07 4.52018e-07 8.56660e-07 7.19386e-07
 2.44203e-07-1.64128e-07-2.23956e-07 2.03817e-08 2.79965e-07 3.04177e-07
 1.01228e-07-1.05715e-07-1.27176e-07 5.06357e-09 1.04156e-07 5.56926e-08
-6.39158e-08-1.06419e-07-4.22942e-08 2.09005e-08-1.66326e-09-6.35140e-08
-7.12260e-08-2.25538e-08 5.56216e-09-1.65137e-08-3.49961e-08-1.13000e-08
 1.84479e-08 1.43526e-08-1.39679e-09 5.57829e-09 1.98664e-08 1.34909e-08
-8.27739e-10-1.07763e-09 1.48367e-09-8.16175e-09-1.82692e-08-1.91828e-08
-2.08836e-08-2.61166e-08-2.56572e-08-2.01890e-08-1.54014e-08-8.97991e-09
 1.68058e-10 8.38655e-09 1.50055e-08 2.03892e-08 2.29793e-08 2.22766e-08
 1.88161e-08 1.28648e-08 5.10826e-09-3.30549e-09-1.12055e-08-1.74359e-08
-2.10005e-08-2.12478e-08-1.79585e-08-1.14783e-08-2.79987e-09 6.58384e-09
 1.50353e-08 2.11516e-08 2.39896e-08 2.31341e-08 1.87421e-08 1.16110e-08
 3.13674e-09-4.96283e-09-1.10761e-08-1.40719e-08-1.35003e-08-9.62025e-09
-3.32730e-09 3.99045e-09 1.06984e-08 1.52509e-08 1.65383e-08 1.41647e-08
 8.56707e-09 9.15896e-10-7.17968e-09-1.40554e-08-1.83483e-08-1.92564e-08
-1.67049e-08-1.14105e-08-4.76038e-09 1.53877e-09 5.93285e-09 7.42006e-09
 5.76975e-09 1.56536e-09-3.92085e-09-9.04633e-09-1.22541e-08-1.25026e-08
-9.52011e-09-3.85026e-09 3.26473e-09 1.01496e-08 1.51413e-08 1.71091e-08
 1.57967e-08 1.18398e-08 6.53532e-09 1.48664e-09-1.83566e-09-2.53935e-09
-5.85320e-10 3.21784e-09 7.45367e-09 1.05079e-08 1.10844e-08 8.65001e-09
 3.60281e-09-2.88467e-09-9.22594e-09-1.38666e-08-1.57484e-08-1.46617e-08
-1.13179e-08-7.09776e-09-3.57761e-09-1.99322e-09-2.81091e-09-5.55938e-09
-9.00082e-09-1.15799e-08-1.19716e-08-9.53204e-09-4.51774e-09 1.98283e-09
 8.38602e-09 1.31303e-08 1.52089e-08 1.45180e-08 1.18795e-08 8.71694e-09
 6.50187e-09 6.17944e-09 7.80738e-09 1.05444e-08 1.29669e-08 1.35979e-08
 1.14785e-08 6.56202e-09-2.40919e-10-7.37879e-09-1.32077e-08-1.65742e-08
-1.72066e-08-1.57599e-08-1.35086e-08-1.18060e-08-1.15054e-08-1.25914e-08
-1.41908e-08-1.49432e-08-1.35703e-08-9.43701e-09-2.87113e-09 4.92176e-09
 1.23039e-08 1.78040e-08 2.06266e-08 2.08692e-08 1.93693e-08 1.72764e-08
 1.55426e-08 1.45195e-08 1.38159e-08 1.25044e-08 9.60794e-09 4.62733e-09
-2.14598e-09-9.65251e-09-1.64068e-08-2.10348e-08-2.27782e-08-2.17215e-08
-1.86547e-08-1.46717e-08-1.06846e-08-7.06309e-09-3.59413e-09 2.05933e-10
 4.64270e-09 9.52032e-09 1.40747e-08 1.71831e-08 1.77916e-08 1.53896e-08
 1.02916e-08 3.56267e-09-3.37009e-09-9.20652e-09-1.31491e-08-1.50436e-08
-1.52283e-08-1.41489e-08-1.19755e-08-8.50224e-09-3.41104e-09 3.29157e-09
 1.09669e-08 1.83476e-08 2.38419e-08 2.60321e-08 2.42041e-08 1.86700e-08
 1.06864e-08 1.98700e-09-5.82347e-09-1.17024e-08-1.52600e-08-1.65711e-08
-1.58927e-08-1.34410e-08-9.33220e-09-3.74292e-09 2.78951e-09 9.15568e-09
 1.38000e-08 1.52391e-08 1.27313e-08 6.70747e-09-1.28971e-09-9.13470e-09
-1.48574e-08-1.72548e-08-1.61469e-08-1.22528e-08-6.81447e-09-1.15553e-09
 3.64650e-09 6.89143e-09 8.23458e-09 7.64497e-09 5.47010e-09 2.60203e-09
 5.39343e-10-3.37567e-11
     0.0000e+00     0.0000e+00      0  0  0.00
     512   1.00000  0.0000e+00
-2.63344e-10-2.71219e-10-2.92140e-10-3.26576e-10-3.50970e-10-3.17250e-10
-1.75777e-10 8.61997e-11 4.15690e-10 6.98759e-10 8.03457e-10 6.42945e-10
 2.27788e-10-3.22910e-10-8.23596e-10-1.09986e-09-1.06172e-09-7.35000e-10
-2.37671e-10 2.80313e-10 6.96709e-10 9.45219e-10 1.00801e-09 8.92952e-10
 6.19558e-10 2.23932e-10-2.23864e-10-6.11156e-10-8.04793e-10-7.05297e-10
-3.05474e-10 2.85118e-10 8.72256e-10 1.25484e-09 1.30854e-09 1.03150e-09
 5.31684e-10-3.06168e-11-5.10009e-10-8.18840e-10-9.32111e-10-8.65379e-10
-6.50917e-10-3.32314e-10 2.47727e-11 3.27663e-10 4.77368e-10 4.13202e-10
 1.54155e-10-1.96589e-10-4.95266e-10-6.28138e-10-5.68375e-10-3.83585e-10
-1.88969e-10-7.65436e-11-6.39191e-11-9.19195e-11-7.06008e-11 5.76826e-11
 2.81471e-10 5.31801e-10 7.26520e-10 8.11457e-10 7.72868e-10 6.22468e-10
 3.78090e-10 6.30791e-11-2.74987e-10-5.50384e-10-6.56055e-10-5.13704e-10
-1.31384e-10 3.70828e-10 7.94517e-10 9.48307e-10 7.40673e-10 2.25746e-10
-4.25483e-10-1.00896e-09-1.37396e-09-1.46594e-09-1.31524e-09-9.96446e-10
-5.94023e-10-1.90853e-10 1.32106e-10 3.04690e-10 2.90075e-10 1.08515e-10
-1.58494e-10-3.97227e-10-5.14788e-10-4.84085e-10-3.47696e-10-1.75402e-10
-6.73228e-12 1.77030e-10 4.29399e-10 7.81262e-10 1.19372e-09 1.55802e-09
 1.74292e-09 1.65849e-09 1.30204e-09 7.66573e-10 2.10133e-10-1.99547e-10
-3.41984e-10-1.81773e-10 2.22426e-10 7.36365e-10 1.18993e-09 1.42905e-09
 1.36434e-09 9.97869e-10 4.16215e-10-2.47799e-10-8.63870e-10-1.33642e-09
-1.61121e-09-1.67075e-09-1.53381e-09-1.25711e-09-9.26343e-10-6.31408e-10
-4.38453e-10-3.77477e-10-4.52804e-10-6.63586e-10-1.00929e-09-1.46661e-09
-1.95481e-09-2.32535e-09-2.40132e-09-2.06056e-09-1.31946e-09-3.57967e-10
 5.44904e-10 1.13439e-09 1.28797e-09 1.04538e-09 5.55169e-10-1.30904e-11
-5.31489e-10-9.25410e-10-1.15228e-09-1.18424e-09-1.01244e-09-6.62755e-10
-2.05286e-10 2.52042e-10 5.88606e-10 7.07054e-10 5.63542e-10 1.78216e-10
-3.77312e-10-1.01002e-09-1.64392e-09-2.25304e-09-2.86754e-09-3.53255e-09
-4.21918e-09-4.71516e-09-4.54770e-09-3.00306e-09 7.07495e-10 7.11677e-09
 1.60588e-08 2.63257e-08 3.57346e-08 4.17024e-08 4.20632e-08 3.57698e-08
 2.32619e-08 6.42426e-09-1.18525e-08-2.83657e-08-4.03304e-08-4.59609e-08
-4.48005e-08-3.77553e-08-2.68218e-08-1.45564e-08-3.39261e-09 4.98371e-09
 9.92119e-09 1.16310e-08 1.07706e-08 8.10594e-09 4.36121e-09 1.83452e-10
-3.85337e-09-7.24447e-09-9.57533e-09-1.05652e-08-1.01142e-08-8.34424e-09
-5.62664e-09-2.56019e-09 1.41888e-10 1.84977e-09 2.22425e-09 1.32412e-09
-4.49848e-10-2.53400e-09-4.39555e-09-5.64816e-09-6.05498e-09-5.44510e-09
-3.61647e-09-3.08432e-10 4.71443e-09 1.14750e-08 1.95272e-08 2.77547e-08
 3.45356e-08 3.84443e-08 3.90144e-08 3.68312e-08 3.28938e-08 2.79891e-08
 2.27008e-08 1.77318e-08 1.38476e-08 1.14272e-08 1.01625e-08 9.35857e-09
 8.88379e-09 1.01892e-08 1.64172e-08 3.09467e-08 5.46137e-08 8.27166e-08
 1.03336e-07 9.83199e-08 4.74989e-08-6.42048e-08-2.37704e-07-4.50145e-07
-6.49907e-07-7.67405e-07-7.44417e-07-5.61918e-07-2.49316e-07 1.19750e-07
 4.52532e-07 6.91427e-07 8.46994e-07 9.63081e-07 1.05228e-06 1.06340e-06
 9.09244e-07 5.38176e-07-1.54237e-08-6.39247e-07-1.17680e-06-1.45778e-06
-1.34814e-06-8.35340e-07-8.33789e-08 6.14256e-07 9.63540e-07 8.24723e-07
 3.11569e-07-2.63284e-07-5.77745e-07-4.91778e-07-1.23027e-07 2.42750e-07
 3.57216e-07 1.85592e-07-8.58167e-08-2.18962e-07-1.26790e-07 6.83860e-08
 1.69985e-07 1.01266e-07-3.47331e-08-8.40494e-08-1.21606e-08 7.43149e-08
 6.91565e-08-7.45455e-09-5.05930e-08-1.42074e-08 3.75198e-08 3.15125e-08
-1.26841e-08-2.41966e-08 8.65704e-09 2.96072e-08 9.97944e-09-1.17119e-08
-2.45887e-09 1.27012e-08 3.27263e-09-1.29141e-08-8.91895e-09 1.92047e-09
-2.49947e-09-1.12793e-08-8.37291e-09-4.23674e-09-8.77437e-09-1.09509e-08
-5.32910e-09-1.28650e-09 2.40443e-11 4.46934e-09 8.94453e-09 9.58400e-09
 9.12365e-09 8.15066e-09 5.22564e-09 1.78314e-09-1.07117e-09-3.67856e-09
-5.76740e-09-7.07099e-09-7.72249e-09-7.65795e-09-6.77268e-09-5.12019e-09
-2.85417e-09-2.46110e-10 2.35356e-09 4.60322e-09 6.18297e-09 6.79008e-09
 6.20730e-09 4.44739e-09 1.85324e-09-9.83056e-10-3.44584e-09-5.09928e-09
-5.73235e-09-5.26702e-09-3.69889e-09-1.16934e-09 1.92268e-09 4.93270e-09
 7.15782e-09 8.08394e-09 7.53612e-09 5.66969e-09 2.86842e-09-3.45681e-10
-3.36800e-09-5.58303e-09-6.49120e-09-5.86507e-09-3.85251e-09-9.61444e-10
 2.06774e-09 4.45307e-09 5.57209e-09 5.12003e-09 3.18848e-09 2.50317e-10
-2.95098e-09-5.59045e-09-6.98545e-09-6.78448e-09-5.05300e-09-2.24005e-09
 9.39034e-10 3.66394e-09 5.19623e-09 5.08660e-09 3.35179e-09 5.08612e-10
-2.59048e-09-5.03966e-09-6.14907e-09-5.61979e-09-3.60649e-09-6.75369e-10
 2.34304e-09 4.59145e-09 5.44879e-09 4.72394e-09 2.70366e-09 4.38074e-11
-2.43567e-09-3.98129e-09-4.11916e-09-2.80772e-09-4.77013e-10 2.08415e-09
 3.98635e-09 4.55993e-09 3.60318e-09 1.44848e-09-1.18143e-09-3.45853e-09
-4.73782e-09-4.73099e-09-3.54318e-09-1.60742e-09 4.51201e-10 1.99000e-09
 2.53405e-09 1.94666e-09 5.20511e-10-1.09356e-09-2.13200e-09-2.04473e-09
-7.48391e-10 1.33389e-09 3.47768e-09 4.99078e-09 5.49632e-09 5.03895e-09
 3.99093e-09 2.83688e-09 1.96670e-09 1.56759e-09 1.61555e-09 1.91697e-09
 2.17117e-09 2.05873e-09 1.36032e-09 7.33641e-11-1.54247e-09-3.04337e-09
-3.98570e-09-4.13385e-09-3.58509e-09-2.73551e-09-2.08857e-09-1.99188e-09
-2.43571e-09-3.02844e-09-3.17531e-09-2.37741e-09-5.06595e-10 2.07832e-09
 4.64106e-09 6.36856e-09 6.73143e-09 5.73173e-09 3.91113e-09 2.10449e-09
 1.04283e-09 9.87112e-10 1.57695e-09 1.99008e-09 1.35742e-09-7.64246e-10
-4.10798e-09-7.75827e-09-1.05380e-08-1.15305e-08-1.04752e-08-7.84788e-09
-4.60869e-09-1.76708e-09 2.38854e-11 6.83681e-10 6.68270e-10 7.06823e-10
 1.41794e-09 2.97828e-09 5.00172e-09 6.68383e-09 7.15029e-09 5.87071e-09
 2.95988e-09-7.97215e-10-4.24950e-09-6.37610e-09-6.70343e-09-5.42290e-09
-3.18828e-09-7.49410e-10 1.37171e-09 3.02074e-09 4.33583e-09 5.52502e-09
 6.62833e-09 7.40790e-09 7.43412e-09 6.31093e-09 3.91490e-09 5.39878e-10
-3.11445e-09-6.12862e-09-7.68583e-09-7.41196e-09-5.55077e-09-2.84025e-09
-1.41767e-10 1.94555e-09 3.24934e-09 3.90647e-09 4.10513e-09 3.89525e-09
 3.18047e-09 1.85981e-09 1.71646e-12-2.06770e-09-3.81834e-09-4.69680e-09
-4.36785e-09-2.91229e-09-8.62395e-10 9.93327e-10 1.97777e-09 1.87442e-09
 1.04035e-09 2.59739e-10
     0.0000e+00     0.0000e+00      0  0  0.00
     512   1.00000  0.0000e+00
 1.01229e-09 1.02332e-09 9.67540e-10 8.55210e-10 7.01314e-10 5.20637e-10
 3.28107e-10 1.37744e-10-3.76400e-11-1.85576e-10-2.97437e-10-3.72152e-10
-4.15205e-10-4.36965e-10-4.50262e-10-4.65702e-10-4.89630e-10-5.24313e-10
-5.66374e-10-6.06656e-10-6.33204e-10-6.34298e-10-6.01833e-10-5.34334e-10
-4.36917e-10-3.20943e-10-2.04836e-10-1.11186e-10-5.90986e-11-5.58426e-11
-9.13248e-11-1.40148e-10-1.72189e-10-1.64183e-10-1.06661e-10-5.96700e-12
 1.19514e-10 2.47135e-10 3.56838e-10 4.36160e-10 4.82866e-10 5.01928e-10
 4.99139e-10 4.77775e-10 4.39894e-10 3.90213e-10 3.38498e-10 2.95930e-10
 2.68274e-10 2.53260e-10 2.42227e-10 2.22275e-10 1.79509e-10 1.03419e-10
-9.91911e-12-1.55927e-10-3.21353e-10-4.88249e-10-6.40482e-10-7.67413e-10
-8.62946e-10-9.22832e-10-9.43279e-10-9.21882e-10-8.58904e-10-7.56009e-10
-6.14235e-10-4.36442e-10-2.33185e-10-2.37831e-11 1.71755e-10 3.44189e-10
 5.00676e-10 6.60883e-10 8.46530e-10 1.06941e-09 1.32278e-09 1.57995e-09
 1.80049e-09 1.94173e-09 1.97319e-09 1.88832e-09 1.70498e-09 1.45311e-09
 1.15877e-09 8.35965e-10 4.90507e-10 1.29524e-10-2.34186e-10-5.86411e-10
-9.17527e-10-1.22378e-09-1.50566e-09-1.76646e-09-2.00875e-09-2.22676e-09
-2.40095e-09-2.50317e-09-2.51127e-09-2.42248e-09-2.25520e-09-2.03681e-09
-1.78550e-09-1.49958e-09-1.16238e-09-7.57042e-10-2.79272e-10 2.57616e-10
 8.23982e-10 1.37968e-09 1.88377e-09 2.30527e-09 2.62782e-09 2.84192e-09
 2.93244e-09 2.87924e-09 2.67762e-09 2.36066e-09 2.00031e-09 1.68310e-09
 1.47743e-09 1.41081e-09 1.46429e-09 1.58239e-09 1.69140e-09 1.71824e-09
 1.60555e-09 1.32019e-09 8.53086e-10 2.14548e-10-5.67276e-10-1.44354e-09
-2.34529e-09-3.19702e-09-3.94169e-09-4.55957e-09-5.06279e-09-5.47020e-09
-5.78583e-09-5.99622e-09-6.07941e-09-6.01300e-09-5.78166e-09-5.38669e-09
-4.84983e-09-4.20414e-09-3.47929e-09-2.69568e-09-1.87193e-09-1.03382e-09
-2.10207e-10 5.82597e-10 1.35084e-09 2.11557e-09 2.89323e-09 3.68097e-09
 4.45575e-09 5.18441e-09 5.83565e-09 6.38750e-09 6.83081e-09 7.16953e-09
 7.41248e-09 7.55668e-09 7.57865e-09 7.44939e-09 7.16363e-09 6.75823e-09
 6.31114e-09 5.92931e-09 5.72384e-09 5.76714e-09 6.04701e-09 6.44733e-09
 6.77539e-09 6.83012e-09 6.47876e-09 5.70683e-09 4.62772e-09 3.45334e-09
 2.42824e-09 1.74171e-09 1.45589e-09 1.48870e-09 1.65921e-09 1.76582e-09
 1.65216e-09 1.23030e-09 4.67311e-10-6.36316e-10-2.06157e-09-3.78685e-09
-5.81046e-09-8.16573e-09-1.09109e-08-1.40914e-08-1.76876e-08-2.15728e-08
-2.55042e-08-2.91609e-08-3.22358e-08-3.45840e-08-3.64022e-08-3.83816e-08
-4.17552e-08-4.81413e-08-5.90939e-08-7.53271e-08-9.57076e-08-1.16280e-07
-1.29749e-07-1.25972e-07-9.39818e-08-2.58882e-08 7.78076e-08 2.05767e-07
 3.40808e-07 4.62489e-07 5.39368e-07 5.34082e-07 4.29254e-07 2.38906e-07
-1.19721e-09-2.40117e-07-4.21047e-07-5.01919e-07-4.72392e-07-3.58254e-07
-2.13388e-07-9.77326e-08-4.73802e-08-5.54562e-08-7.99768e-08-7.60173e-08
-2.94394e-08 3.42956e-08 7.26445e-08 6.11703e-08 1.39741e-08-2.78819e-08
-2.89176e-08 1.81101e-08 9.08551e-08 1.48541e-07 1.55867e-07 1.10486e-07
 4.27992e-08-1.43555e-08-4.46071e-08-3.67576e-08 2.31170e-08 1.36579e-07
 2.83087e-07 4.27454e-07 5.24864e-07 5.29424e-07 4.15800e-07 1.92441e-07
-1.00075e-07-3.98307e-07-6.36655e-07-7.68163e-07-7.73994e-07-6.66684e-07
-4.85103e-07-2.77913e-07-8.34851e-08 8.15608e-08 2.17995e-07 3.27580e-07
 3.97203e-07 4.00058e-07 3.19437e-07 1.76564e-07 3.42429e-08-3.72944e-08
-1.42758e-08 5.47322e-08 8.67383e-08 4.15406e-08-3.83952e-08-7.62306e-08
-4.85130e-08-5.98722e-09-1.63730e-09-2.59092e-08-3.55179e-08-2.07084e-08
-7.01825e-09-6.08431e-09-5.51292e-09-1.41742e-10 2.53809e-09 2.28291e-09
 4.10967e-09 5.74311e-09 4.64869e-09 4.08146e-09 4.32373e-09 2.70129e-09
 8.69465e-10 3.55551e-10-9.01445e-10-2.69851e-09-3.51904e-09-4.60943e-09
-6.29641e-09-7.30745e-09-8.13345e-09-9.00830e-09-9.07671e-09-8.74452e-09
-8.25389e-09-7.12030e-09-5.75804e-09-4.30489e-09-2.47919e-09-7.09319e-10
 9.00760e-10 2.42293e-09 3.50746e-09 4.26225e-09 4.80159e-09 4.97006e-09
 4.94139e-09 4.75089e-09 4.37973e-09 3.99058e-09 3.55575e-09 3.16727e-09
 2.94735e-09 2.81134e-09 2.76267e-09 2.71345e-09 2.52390e-09 2.17933e-09
 1.63025e-09 8.70588e-10-6.77194e-11-1.10323e-09-2.08456e-09-2.91439e-09
-3.46418e-09-3.64311e-09-3.50298e-09-3.11162e-09-2.50546e-09-1.74547e-09
-9.65874e-10-2.82280e-10 2.66572e-10 6.69027e-10 9.69156e-10 1.24117e-09
 1.50173e-09 1.73310e-09 1.97789e-09 2.32267e-09 2.78449e-09 3.27825e-09
 3.65970e-09 3.77936e-09 3.57170e-09 3.10414e-09 2.46306e-09 1.63995e-09
 6.24428e-10-4.70381e-10-1.44318e-09-2.12138e-09-2.46859e-09-2.61434e-09
-2.74345e-09-2.95365e-09-3.22039e-09-3.47295e-09-3.69605e-09-3.91811e-09
-4.09998e-09-4.11235e-09-3.82252e-09-3.18776e-09-2.31957e-09-1.43225e-09
-6.81599e-10-9.50839e-11 3.65680e-10 7.41807e-10 1.04540e-09 1.27277e-09
 1.46074e-09 1.68178e-09 1.97308e-09 2.29551e-09 2.54006e-09 2.59422e-09
 2.43725e-09 2.13436e-09 1.75288e-09 1.33645e-09 9.18187e-10 5.24980e-10
 1.92787e-10-4.67742e-11-2.07109e-10-3.36157e-10-4.78097e-10-6.61360e-10
-8.84489e-10-1.11142e-09-1.30592e-09-1.44557e-09-1.50010e-09-1.44480e-09
-1.29302e-09-1.08672e-09-8.75612e-10-7.09228e-10-6.14801e-10-5.81605e-10
-5.80901e-10-5.87160e-10-5.69595e-10-4.89131e-10-3.34897e-10-1.42768e-10
 4.78536e-11 2.20778e-10 3.72763e-10 5.39057e-10 7.92711e-10 1.15727e-09
 1.57813e-09 1.98941e-09 2.31396e-09 2.43467e-09 2.27662e-09 1.87457e-09
 1.32684e-09 7.76343e-10 4.08124e-10 3.44422e-10 5.77844e-10 1.04530e-09
 1.66129e-09 2.26342e-09 2.63314e-09 2.58001e-09 1.98048e-09 8.04296e-10
-8.65299e-10-2.89477e-09-5.17580e-09-7.56513e-09-9.76269e-09-1.13315e-08
-1.18602e-08-1.11231e-08-9.17212e-09-6.31764e-09-2.98463e-09 4.12395e-10
 3.48092e-09 5.85766e-09 7.29612e-09 7.77191e-09 7.49249e-09 6.77264e-09
 5.88413e-09 4.99206e-09 4.17906e-09 3.52000e-09 3.10628e-09 2.94953e-09
 2.91577e-09 2.80989e-09 2.50280e-09 2.00678e-09 1.46325e-09 1.02685e-09
 7.69885e-10 6.97801e-10 7.95691e-10 1.04790e-09 1.41493e-09 1.77550e-09
 1.93782e-09 1.73869e-09 1.11820e-09 1.46081e-10-9.97949e-10-2.11992e-09
-3.09245e-09-3.84093e-09-4.31219e-09-4.47072e-09-4.29963e-09-3.81958e-09
-3.09634e-09-2.20176e-09-1.19294e-09-1.40943e-10 8.43739e-10 1.60749e-09
 1.98200e-09 1.85859e-09 1.25160e-09 3.14157e-10-6.61034e-10-1.26621e-09
-1.05122e-09-3.41333e-10
     0.0000e+00     0.0000e+00      0  0  0.00
     512   1.00000  0.0000e+00
-1.09464e-09-1.27236e-09-1.25610e-09-9.88305e-10-5.03015e-10 7.03073e-11
 5.53473e-10 7.90843e-10 7.14123e-10 3.77599e-10-5.47004e-11-3.72823e-10
-4.09840e-10-1.15381e-10 4.20003e-10 1.00281e-09 1.41982e-09 1.52853e-09
 1.31744e-09 9.08772e-10 4.99229e-10 2.69297e-10 3.05152e-10 5.63207e-10
 8.90040e-10 1.09170e-09 1.02293e-09 6.56075e-10 9.69854e-11-4.62855e-10
-8.35559e-10-9.22706e-10-7.58862e-10-4.93578e-10-3.17386e-10-3.66391e-10
-6.55187e-10-1.07180e-09-1.43380e-09-1.57669e-09-1.43368e-09-1.06942e-09
-6.48018e-10-3.48923e-10-2.75419e-10-4.04318e-10-6.01006e-10-6.90395e-10
-5.47807e-10-1.64074e-10 3.47617e-10 8.07002e-10 1.05801e-09 1.04874e-09
 8.55487e-10 6.39137e-10 5.59876e-10 6.93480e-10 9.91288e-10 1.30738e-09
 1.47927e-09 1.41605e-09 1.14511e-09 7.93537e-10 5.16700e-10 4.13058e-10
 4.69622e-10 5.68809e-10 5.56983e-10 3.36337e-10-7.58681e-11-5.55827e-10
-9.42843e-10-1.12822e-09-1.11275e-09-1.00308e-09-9.49709e-10-1.05785e-09
-1.32274e-09-1.63237e-09-1.83583e-09-1.83229e-09-1.62863e-09-1.33453e-09
-1.09448e-09-9.93845e-10-1.00070e-09-9.85128e-10-8.01260e-10-3.75935e-10
 2.48683e-10 9.37856e-10 1.53637e-09 1.94914e-09 2.18385e-09 2.32895e-09
 2.47950e-09 2.66015e-09 2.80032e-09 2.78145e-09 2.52396e-09 2.05557e-09
 1.51608e-09 1.09036e-09 9.04386e-10 9.49779e-10 1.08864e-09 1.13124e-09
 9.29169e-10 4.29545e-10-3.28708e-10-1.26337e-09-2.30653e-09-3.42572e-09
-4.58696e-09-5.69070e-09-6.54345e-09-6.90364e-09-6.58507e-09-5.55834e-09
-3.99050e-09-2.19852e-09-5.37799e-10 7.20914e-10 1.46418e-09 1.72568e-09
 1.61906e-09 1.27671e-09 8.35073e-10 4.53344e-10 3.23911e-10 6.41659e-10
 1.52637e-09 2.93323e-09 4.62194e-09 6.23171e-09 7.42871e-09 8.03534e-09
 8.07246e-09 7.70922e-09 7.16278e-09 6.60232e-09 6.10078e-09 5.64702e-09
 5.19180e-09 4.67824e-09 4.03123e-09 3.13514e-09 1.85483e-09 1.13260e-10
-2.02567e-09-4.33391e-09-6.48145e-09-8.16391e-09-9.23656e-09-9.77617e-09
-1.00298e-08-1.02951e-08-1.08189e-08-1.17530e-08-1.31433e-08-1.49085e-08
-1.67894e-08-1.82842e-08-1.86196e-08-1.68401e-08-1.20677e-08-3.91160e-09
 7.10817e-09 1.93684e-08 3.04090e-08 3.76158e-08 3.89953e-08 3.37324e-08
 2.24145e-08 6.92732e-09-9.92761e-09-2.50048e-08-3.54796e-08-3.94876e-08
-3.65675e-08-2.77425e-08-1.51926e-08-1.61793e-09 1.05146e-08 1.95892e-08
 2.50599e-08 2.72083e-08 2.67063e-08 2.43151e-08 2.07824e-08 1.68137e-08
 1.30431e-08 1.00054e-08 8.09154e-09 7.46168e-09 7.95184e-09 9.05345e-09
 1.00280e-08 1.01594e-08 9.08933e-09 7.11758e-09 5.28243e-09 5.07222e-09
 7.80422e-09 1.38766e-08 2.21003e-08 2.92495e-08 3.00269e-08 1.77902e-08
-1.36223e-08-6.69252e-08-1.37690e-07-2.10812e-07-2.59195e-07-2.51229e-07
-1.71620e-07-3.87066e-08 1.05626e-07 2.25299e-07 3.05822e-07 3.41294e-07
 3.17157e-07 2.19634e-07 6.03421e-08-1.14683e-07-2.40481e-07-2.67231e-07
-1.94459e-07-7.69199e-08 8.31996e-09 1.22688e-08-5.31076e-08-1.23083e-07
-1.27264e-07-4.36815e-08 8.36611e-08 1.78970e-07 1.90429e-07 1.21083e-07
 1.51194e-08-7.65151e-08-1.17933e-07-9.47052e-08-1.79204e-08 7.18020e-08
 1.24729e-07 1.38607e-07 1.76554e-07 2.93866e-07 4.69256e-07 6.28977e-07
 7.01816e-07 6.21568e-07 3.22221e-07-2.14337e-07-9.18467e-07-1.64044e-06
-2.16788e-06-2.27378e-06-1.81271e-06-8.01129e-07 5.53771e-07 1.88117e-06
 2.75166e-06 2.84195e-06 2.08853e-06 7.54395e-07-6.44614e-07-1.55369e-06
-1.64872e-06-1.01305e-06-1.00223e-07 5.27510e-07 5.49934e-07 9.13249e-08
-3.95001e-07-4.99659e-07-1.94508e-07 1.78546e-07 2.72278e-07 8.06330e-08
-1.10391e-07-9.28390e-08 4.46937e-08 1.02440e-07 4.87209e-08 6.17950e-12
 8.14960e-09 1.92894e-08 5.73891e-09-1.96317e-09 2.96017e-09-9.43802e-10
-8.64303e-09-6.01659e-09-3.23631e-09-6.63178e-09-5.97096e-09-2.34143e-09
-3.03827e-09-2.89464e-09 2.60223e-10 8.05652e-10 7.45408e-10 2.71057e-09
 2.93923e-09 2.23122e-09 2.94136e-09 2.67826e-09 1.90490e-09 2.26916e-09
 1.92943e-09 1.17609e-09 1.02878e-09 2.43868e-10-5.66636e-10-7.89685e-10
-1.37411e-09-1.76760e-09-1.91519e-09-2.48487e-09-2.84653e-09-3.02613e-09
-3.18204e-09-2.85660e-09-2.42812e-09-1.98773e-09-1.40758e-09-1.00430e-09
-5.69852e-10-4.63033e-11 4.50884e-10 1.03853e-09 1.47748e-09 1.70391e-09
 1.84540e-09 1.95538e-09 2.19904e-09 2.49990e-09 2.74443e-09 2.89929e-09
 2.91282e-09 2.88059e-09 2.83250e-09 2.72754e-09 2.53575e-09 2.26065e-09
 1.97533e-09 1.66607e-09 1.25794e-09 7.08481e-10 9.73936e-11-3.65412e-10
-5.71405e-10-6.87549e-10-1.03048e-09-1.70590e-09-2.45738e-09-2.92994e-09
-3.04298e-09-3.09380e-09-3.45067e-09-4.11898e-09-4.66065e-09-4.62397e-09
-4.03417e-09-3.37842e-09-3.09455e-09-3.12578e-09-3.01337e-09-2.40859e-09
-1.47302e-09-7.39941e-10-5.42136e-10-6.47828e-10-5.38135e-10 2.42111e-11
 7.64701e-10 1.21236e-09 1.20830e-09 1.04395e-09 1.10718e-09 1.47552e-09
 1.85864e-09 1.91367e-09 1.61972e-09 1.29401e-09 1.23644e-09 1.42959e-09
 1.59092e-09 1.48252e-09 1.14412e-09 8.01333e-10 5.98166e-10 4.76598e-10
 2.73324e-10-1.04931e-10-5.81688e-10-9.78302e-10-1.18262e-09-1.23921e-09
-1.28216e-09-1.39812e-09-1.54567e-09-1.60299e-09-1.48941e-09-1.20856e-09
-7.98356e-10-2.97574e-10 2.74540e-10 9.36397e-10 1.70014e-09 2.52540e-09
 3.34636e-09 4.11818e-09 4.84125e-09 5.56034e-09 6.32499e-09 7.13821e-09
 7.93665e-09 8.61091e-09 9.04453e-09 9.13929e-09 8.82239e-09 8.05599e-09
 6.84455e-09 5.22287e-09 3.25598e-09 1.07403e-09-1.11673e-09-3.07494e-09
-4.57711e-09-5.48588e-09-5.80645e-09-5.65383e-09-5.18414e-09-4.59621e-09
-4.17020e-09-4.25517e-09-5.16340e-09-6.98063e-09-9.42060e-09-1.18953e-08
-1.37569e-08-1.44734e-08-1.36359e-08-1.09363e-08-6.26265e-09 7.36908e-11
 7.15454e-09 1.35765e-08 1.79217e-08 1.92526e-08 1.72845e-08 1.22575e-08
 4.80354e-09-4.00744e-09-1.25903e-08-1.90478e-08-2.17501e-08-2.00057e-08
-1.43509e-08-6.22933e-09 2.62633e-09 1.05993e-08 1.62810e-08 1.85363e-08
 1.67811e-08 1.14001e-08 3.89653e-09-3.57152e-09-9.07835e-09-1.16481e-08
-1.13819e-08-9.07161e-09-5.75233e-09-2.51655e-09-4.50452e-10-3.97998e-10
-2.52703e-09-6.00864e-09-9.22278e-09-1.05143e-08-8.98337e-09-4.79850e-09
 1.02792e-09 7.12083e-09 1.21558e-08 1.50977e-08 1.53903e-08 1.31639e-08
 9.32177e-09 5.32632e-09 2.66404e-09 2.21512e-09 3.88872e-09 6.71123e-09
 9.27599e-09 1.03236e-08 9.19140e-09 5.96459e-09 1.36872e-09-3.48732e-09
-7.46524e-09-9.76608e-09-1.01753e-08-9.07707e-09-7.18091e-09-5.04688e-09
-2.70002e-09-7.17696e-10
     0.0000e+00     0.0000e+00      0  0  0.00
     512   1.00000  0.0000e+00
-1.97594e-09-1.59896e-09-1.07268e-09-5.31217e-10-1.22217e-10 5.08215e-11
-2.82050e-11-2.75821e-10-5.38313e-10-6.53340e-10-5.14252e-10-1.10929e-10
 4.64643e-10 1.05185e-09 1.48622e-09 1.66892e-09 1.60796e-09 1.41101e-09
 1.23234e-09 1.19753e-09 1.34291e-09 1.59964e-09 1.82712e-09 1.87810e-09
 1.66798e-09 1.21820e-09 6.53487e-10 1.52312e-10-1.30733e-10-1.39069e-10
 5.36689e-11 2.76434e-10 3.43859e-10 1.43744e-10-3.15061e-10-9.12085e-10
-1.47286e-09-1.84738e-09-1.97400e-09-1.90000e-09-1.74930e-09-1.65191e-09
-1.67066e-09-1.76632e-09-1.82181e-09-1.71213e-09-1.37880e-09-8.66166e-10
-3.02919e-10 1.56760e-10 4.04596e-10 4.31845e-10 3.38695e-10 2.90432e-10
 4.38260e-10 8.42224e-10 1.43693e-09 2.06296e-09 2.54738e-09 2.78303e-09
 2.76413e-09 2.57023e-09 2.31395e-09 2.07946e-09 1.88250e-09 1.66956e-09
 1.35598e-09 8.88440e-10 2.96614e-10-3.08051e-10-7.92900e-10-1.08461e-09
-1.21771e-09-1.32002e-09-1.54197e-09-1.97124e-09-2.58024e-09-3.23102e-09
-3.73186e-09-3.92036e-09-3.73896e-09-3.26355e-09-2.65884e-09-2.08162e-09
-1.59751e-09-1.16624e-09-6.98380e-10-1.38114e-10 4.87938e-10 1.08867e-09
 1.57466e-09 1.92303e-09 2.20099e-09 2.53525e-09 3.03729e-09 3.71956e-09
 4.45613e-09 5.02491e-09 5.21620e-09 4.94446e-09 4.29052e-09 3.44281e-09
 2.57959e-09 1.77935e-09 1.01585e-09 2.21958e-10-6.35569e-10-1.51677e-09
-2.32312e-09-2.95827e-09-3.39914e-09-3.72729e-09-4.08999e-09-4.60560e-09
-5.27367e-09-5.96189e-09-6.48932e-09-6.74306e-09-6.73513e-09-6.55990e-09
-6.29437e-09-5.92242e-09-5.33659e-09-4.41056e-09-3.08841e-09-1.43496e-09
 3.75559e-10 2.12842e-09 3.66702e-09 4.96275e-09 6.10025e-09 7.18822e-09
 8.27234e-09 9.32243e-09 1.02932e-08 1.11892e-08 1.20641e-08 1.29515e-08
 1.37900e-08 1.44113e-08 1.46011e-08 1.41958e-08 1.31651e-08 1.16381e-08
 9.85026e-09 8.03074e-09 6.29469e-09 4.60948e-09 2.85478e-09 9.24995e-10
-1.21288e-09-3.54086e-09-6.03697e-09-8.67276e-09-1.13624e-08-1.39332e-08
-1.61639e-08-1.78685e-08-1.89788e-08-1.95812e-08-1.98901e-08-2.01562e-08
-2.05381e-08-2.10022e-08-2.13255e-08-2.12082e-08-2.04142e-08-1.88528e-08
-1.66033e-08-1.39272e-08-1.12426e-08-9.00960e-09-7.55490e-09-6.91629e-09
-6.78450e-09-6.58856e-09-5.70645e-09-3.71079e-09-5.48985e-10 3.40567e-09
 7.46261e-09 1.08645e-08 1.30790e-08 1.39879e-08 1.38868e-08 1.33234e-08
 1.28896e-08 1.30721e-08 1.41642e-08 1.61864e-08 1.88542e-08 2.16824e-08
 2.42158e-08 2.62603e-08 2.79856e-08 2.98487e-08 3.23538e-08 3.57475e-08
 3.98043e-08 4.38180e-08 4.67956e-08 4.77887e-08 4.63031e-08 4.27285e-08
 3.86932e-08 3.71612e-08 4.20385e-08 5.71140e-08 8.43319e-08 1.21619e-07
 1.60776e-07 1.86277e-07 1.76127e-07 1.06011e-07-4.23869e-08-2.70216e-07
-5.52051e-07-8.31254e-07-1.02484e-06-1.05154e-06-8.74487e-07-5.16450e-07
-4.35320e-08 4.47852e-07 8.45243e-07 1.05387e-06 1.03171e-06 8.07539e-07
 4.78152e-07 1.76300e-07 1.05577e-08 7.98450e-09 1.02703e-07 1.83602e-07
 1.70511e-07 6.68810e-08-5.05692e-08-9.91006e-08-5.67904e-08 2.96011e-08
 9.16318e-08 8.69747e-08 1.88079e-08-7.55562e-08-1.70402e-07-2.83667e-07
-4.33561e-07-5.77880e-07-6.45610e-07-6.22858e-07-5.50663e-07-4.44916e-07
-2.84294e-07-5.92000e-08 2.22851e-07 5.34275e-07 7.92119e-07 8.76388e-07
 6.96601e-07 2.43873e-07-3.68559e-07-9.14042e-07-1.14206e-06-8.93788e-07
-1.90729e-07 7.37707e-07 1.51949e-06 1.79461e-06 1.39825e-06 4.74494e-07
-5.57279e-07-1.20114e-06-1.16740e-06-5.64142e-07 1.57045e-07 5.02964e-07
 2.98464e-07-1.83750e-07-4.71746e-07-3.30934e-07 3.13665e-08 2.22516e-07
 1.06278e-07-9.10001e-08-1.18055e-07-4.57818e-09 5.97000e-08 2.33461e-08
-1.21363e-08 2.16957e-10 9.67661e-09-2.62858e-09-4.51902e-09 3.07339e-09
-2.25856e-09-9.34034e-09-4.86009e-09-2.28429e-09-4.66223e-09-7.89108e-10
 4.22643e-09 3.79755e-09 5.09141e-09 7.98770e-09 7.37584e-09 7.83207e-09
 1.04659e-08 1.09113e-08 1.13953e-08 1.27758e-08 1.20126e-08 1.10101e-08
 1.07039e-08 9.13536e-09 7.76259e-09 6.79527e-09 4.78194e-09 3.03205e-09
 1.58142e-09-2.22652e-10-1.33919e-09-2.33063e-09-3.66518e-09-4.69907e-09
-5.90310e-09-7.04101e-09-7.62938e-09-8.00767e-09-7.87154e-09-7.37155e-09
-6.90656e-09-6.26827e-09-5.64470e-09-4.96174e-09-4.03721e-09-3.08757e-09
-2.06578e-09-1.01227e-09 5.55656e-11 1.16251e-09 2.11822e-09 2.91196e-09
 3.47923e-09 3.75772e-09 3.85196e-09 3.80030e-09 3.64317e-09 3.40686e-09
 3.11926e-09 2.71553e-09 2.02588e-09 1.01530e-09-2.24675e-10-1.52095e-09
-2.65798e-09-3.51296e-09-4.15903e-09-4.75068e-09-5.28820e-09-5.63119e-09
-5.67516e-09-5.44200e-09-5.04646e-09-4.58106e-09-3.98267e-09-3.05003e-09
-1.68429e-09-5.94303e-11 1.49364e-09 2.71455e-09 3.55285e-09 4.16036e-09
 4.71825e-09 5.25344e-09 5.66003e-09 5.86796e-09 5.92916e-09 5.92291e-09
 5.82329e-09 5.51297e-09 4.89325e-09 3.96830e-09 2.88959e-09 1.89358e-09
 1.13035e-09 5.71922e-10 7.48750e-11-4.96181e-10-1.16182e-09-1.82412e-09
-2.37190e-09-2.76189e-09-3.00231e-09-3.08463e-09-2.95434e-09-2.58095e-09
-2.04342e-09-1.49914e-09-1.06177e-09-7.21998e-10-3.77994e-10 7.62221e-11
 6.78809e-10 1.37549e-09 2.05688e-09 2.62128e-09 2.99823e-09 3.15155e-09
 3.09624e-09 2.90375e-09 2.67796e-09 2.49354e-09 2.32849e-09 2.08547e-09
 1.68748e-09 1.11975e-09 4.06302e-10-3.96706e-10-1.20308e-09-1.93092e-09
-2.51560e-09-2.90531e-09-3.11641e-09-3.26266e-09-3.44444e-09-3.63588e-09
-3.70131e-09-3.46292e-09-2.78609e-09-1.69014e-09-3.55199e-10 1.00631e-09
 2.22506e-09 3.15182e-09 3.67996e-09 3.77552e-09 3.41528e-09 2.56777e-09
 1.27284e-09-3.49202e-10-2.14502e-09-3.89106e-09-5.27368e-09-5.98295e-09
-5.76832e-09-4.43796e-09-1.97763e-09 1.28847e-09 4.72625e-09 7.58208e-09
 9.21450e-09 9.34031e-09 8.14506e-09 6.10515e-09 3.71512e-09 1.40769e-09
-3.89472e-10-1.26077e-09-8.97468e-10 7.53531e-10 3.33894e-09 6.12267e-09
 8.23865e-09 8.95742e-09 7.82210e-09 4.73834e-09 8.61329e-11-5.24042e-09
-1.00190e-08-1.31126e-08-1.39042e-08-1.25184e-08-9.70297e-09-6.44371e-09
-3.61893e-09-1.88224e-09-1.63304e-09-2.93448e-09-5.41846e-09-8.28417e-09
-1.04991e-08-1.11809e-08-9.95883e-09-7.12013e-09-3.48388e-09-8.11918e-11
 2.20196e-09 2.90877e-09 2.14462e-09 5.01300e-10-1.15459e-09-1.91419e-09
-1.08789e-09 1.50598e-09 5.37264e-09 9.44773e-09 1.24814e-08 1.35286e-08
 1.22941e-08 9.17060e-09 5.01838e-09 8.56553e-10-2.41449e-09-4.22840e-09
-4.47293e-09-3.46229e-09-1.76488e-09 2.71655e-11 1.45675e-09 2.17450e-09
 1.70359e-09 5.46594e-10
     0.0000e+00     0.0000e+00      0  0  0.00
     512   1.00000  0.0000e+00
 8.52455e-11 1.29450e-10 1.73794e-10 2.16667e-10 2.58333e-10 2.95418e-10
 3.21759e-10 3.33859e-10 3.33551e-10 3.27497e-10 3.22472e-10 3.18664e-10
 3.08268e-10 2.78635e-10 2.16081e-10 1.10779e-10-3.83912e-11-2.21673e-10
-4.20339e-10-6.13126e-10-7.84644e-10-9.28995e-10-1.04434e-09-1.12428e-09
-1.15486e-09-1.12027e-09-1.01387e-09-8.46269e-10-6.43639e-10-4.38694e-10
-2.60284e-10-1.23264e-10-2.21983e-11 6.63132e-11 1.73028e-10 3.20994e-10
 5.13600e-10 7.35099e-10 9.62976e-10 1.18101e-09 1.38275e-09 1.56399e-09
 1.71210e-09 1.80283e-09 1.80721e-09 1.70271e-09 1.48218e-09 1.15887e-09
 7.66793e-10 3.53675e-10-3.41561e-11-3.67947e-10-6.42859e-10-8.70402e-10
-1.06487e-09-1.23526e-09-1.38710e-09-1.52889e-09-1.67283e-09-1.82564e-09
-1.97695e-09-2.09683e-09-2.14478e-09-2.08337e-09-1.88979e-09-1.56281e-09
-1.12534e-09-6.20334e-10-9.77589e-11 4.02258e-10 8.57539e-10 1.25653e-09
 1.58548e-09 1.82614e-09 1.96844e-09 2.02626e-09 2.03933e-09 2.05480e-09
 2.09982e-09 2.16392e-09 2.20134e-09 2.15012e-09 1.95848e-09 1.60793e-09
 1.12438e-09 5.69917e-10 1.57739e-11-4.88846e-10-9.30007e-10-1.31468e-09
-1.64347e-09-1.89835e-09-2.05847e-09-2.12810e-09-2.14800e-09-2.17817e-09
-2.26395e-09-2.40725e-09-2.55850e-09-2.63230e-09-2.54143e-09-2.23620e-09
-1.73027e-09-1.09571e-09-4.26461e-10 2.06630e-10 7.76363e-10 1.28194e-09
 1.71618e-09 2.05352e-09 2.27211e-09 2.38700e-09 2.45910e-09 2.56946e-09
 2.77977e-09 3.10528e-09 3.51068e-09 3.92515e-09 4.26960e-09 4.48702e-09
 4.55972e-09 4.49716e-09 4.30041e-09 3.93514e-09 3.34276e-09 2.48376e-09
 1.37448e-09 8.28391e-11-1.31041e-09-2.74512e-09-4.18002e-09-5.56550e-09
-6.82702e-09-7.87925e-09-8.65732e-09-9.14104e-09-9.36180e-09-9.39259e-09
-9.32002e-09-9.20195e-09-9.03217e-09-8.74346e-09-8.25487e-09-7.52519e-09
-6.56531e-09-5.40607e-09-4.06593e-09-2.55630e-09-9.13694e-10 7.83603e-10
 2.43793e-09 3.97584e-09 5.37690e-09 6.67122e-09 7.91540e-09 9.16091e-09
 1.04224e-08 1.16561e-08 1.27674e-08 1.36496e-08 1.42290e-08 1.44795e-08
 1.44004e-08 1.39939e-08 1.32665e-08 1.22465e-08 1.09823e-08 9.51494e-09
 7.85630e-09 5.99704e-09 3.93578e-09 1.70101e-09-6.44942e-10-3.01362e-09
-5.30543e-09-7.43275e-09-9.34097e-09-1.10098e-08-1.24336e-08-1.36045e-08
-1.45148e-08-1.51628e-08-1.55383e-08-1.55923e-08-1.52287e-08-1.43379e-08
-1.28505e-08-1.07706e-08-8.17113e-09-5.16071e-09-1.84156e-09 1.72388e-09
 5.51864e-09 9.54221e-09 1.37607e-08 1.80680e-08 2.22838e-08 2.61802e-08
 2.95152e-08 3.20636e-08 3.36680e-08 3.43232e-08 3.42698e-08 3.40320e-08
 3.43312e-08 3.58423e-08 3.88071e-08 4.25745e-08 4.51900e-08 4.32166e-08
 3.20264e-08 6.81166e-09-3.55554e-08-9.39108e-08-1.60427e-07-2.22438e-07
-2.68578e-07-2.87833e-07-2.64386e-07-1.89528e-07-7.67973e-08 4.66619e-08
 1.53178e-07 2.16877e-07 2.20270e-07 1.63206e-07 6.53471e-08-3.81409e-08
-1.10350e-07-1.29768e-07-9.86643e-08-3.89439e-08 2.22275e-08 6.89198e-08
 1.02530e-07 1.32438e-07 1.59638e-07 1.69718e-07 1.44111e-07 7.99879e-08
 3.15619e-09-3.68889e-08 5.05219e-09 1.32427e-07 2.92271e-07 4.03462e-07
 4.11189e-07 3.27583e-07 2.20044e-07 1.45666e-07 1.00678e-07 4.17849e-08
-6.52041e-08-2.27175e-07-4.29882e-07-6.44550e-07-8.26410e-07-9.19951e-07
-8.84885e-07-7.19581e-07-4.59429e-07-1.59021e-07 1.28152e-07 3.62742e-07
 5.23844e-07 6.09723e-07 6.32043e-07 6.03801e-07 5.29588e-07 4.06154e-07
 2.36264e-07 4.49824e-08-1.18374e-07-2.00634e-07-1.80855e-07-9.48894e-08
-1.91437e-08-1.51433e-08-7.65631e-08-1.33684e-07-1.23710e-07-5.75276e-08
-3.43970e-09-3.22699e-09-2.72208e-08-2.63581e-08-4.95082e-10 1.58062e-08
 1.28933e-08 1.03923e-08 1.50801e-08 1.57415e-08 1.14304e-08 1.01418e-08
 9.76789e-09 5.72790e-09 2.39385e-09 1.90954e-09 1.63739e-10-2.34827e-09
-2.95383e-09-3.79322e-09-5.54407e-09-5.93583e-09-5.91297e-09-6.55867e-09
-6.43595e-09-6.05080e-09-6.28435e-09-5.96585e-09-5.28646e-09-4.92834e-09
-4.14378e-09-3.24202e-09-2.75444e-09-2.11895e-09-1.54675e-09-1.13991e-09
-3.59362e-10 4.92712e-10 1.30646e-09 2.31424e-09 3.18681e-09 3.92603e-09
 4.55954e-09 4.86225e-09 5.05667e-09 5.20628e-09 5.25744e-09 5.33235e-09
 5.27310e-09 5.05055e-09 4.72927e-09 4.20017e-09 3.51276e-09 2.69450e-09
 1.75745e-09 7.65796e-10-2.76849e-10-1.26989e-09-2.16025e-09-2.94292e-09
-3.58367e-09-4.16111e-09-4.73115e-09-5.24681e-09-5.61512e-09-5.77319e-09
-5.71440e-09-5.42901e-09-4.94840e-09-4.30131e-09-3.48032e-09-2.54266e-09
-1.59867e-09-6.86746e-10 2.58240e-10 1.29059e-09 2.38704e-09 3.47276e-09
 4.45164e-09 5.25206e-09 5.86427e-09 6.29571e-09 6.50164e-09 6.42900e-09
 6.09589e-09 5.57639e-09 4.95885e-09 4.29590e-09 3.53744e-09 2.59199e-09
 1.46721e-09 2.71517e-10-8.78094e-10-1.91817e-09-2.83775e-09-3.60804e-09
-4.17070e-09-4.50821e-09-4.64435e-09-4.61362e-09-4.46074e-09-4.19779e-09
-3.78286e-09-3.16715e-09-2.33288e-09-1.32624e-09-2.51429e-10 8.08539e-10
 1.81007e-09 2.70007e-09 3.42627e-09 3.97102e-09 4.35556e-09 4.61928e-09
 4.76446e-09 4.73818e-09 4.48596e-09 3.98782e-09 3.25183e-09 2.31190e-09
 1.23010e-09 8.06172e-11-1.06887e-09-2.15837e-09-3.14480e-09-4.02429e-09
-4.82848e-09-5.58065e-09-6.24274e-09-6.71980e-09-6.93755e-09-6.88671e-09
-6.58990e-09-6.08238e-09-5.41367e-09-4.62761e-09-3.76984e-09-2.89733e-09
-2.03571e-09-1.17741e-09-3.36768e-10 4.46349e-10 1.12112e-09 1.60267e-09
 1.80946e-09 1.75727e-09 1.55116e-09 1.29871e-09 1.09187e-09 1.00798e-09
 1.05576e-09 1.17635e-09 1.31862e-09 1.44882e-09 1.51658e-09 1.48632e-09
 1.35671e-09 1.12565e-09 8.16430e-10 5.21901e-10 3.43342e-10 3.37110e-10
 5.71886e-10 1.15126e-09 2.14051e-09 3.52452e-09 5.18873e-09 6.86384e-09
 8.15163e-09 8.67755e-09 8.21327e-09 6.69781e-09 4.24269e-09 1.13187e-09
-2.24258e-09-5.45771e-09-8.10323e-09-9.84407e-09-1.04631e-08-9.84585e-09
-8.00790e-09-5.15877e-09-1.70328e-09 1.81390e-09 4.83662e-09 6.98295e-09
 8.13753e-09 8.40287e-09 7.98550e-09 7.08484e-09 5.87655e-09 4.55157e-09
 3.28096e-09 2.16292e-09 1.21533e-09 3.80119e-10-4.15686e-10-1.18323e-09
-1.88581e-09-2.48324e-09-2.95092e-09-3.27489e-09-3.41079e-09-3.30125e-09
-2.97540e-09-2.57568e-09-2.27800e-09-2.19710e-09-2.33053e-09-2.59149e-09
-2.89335e-09-3.17244e-09-3.36797e-09-3.43422e-09-3.35976e-09-3.15894e-09
-2.84229e-09-2.38747e-09-1.74237e-09-8.65403e-10 2.30256e-10 1.46236e-09
 2.68373e-09 3.68545e-09 4.22487e-09 4.09432e-09 3.23084e-09 1.86605e-09
 6.46339e-10 9.09161e-11
     0.0000e+00     0.0000e+00      0  0  0.00
     512   1.00000  0.0000e+00
 1.63924e-09 1.15223e-09 5.33127e-10-5.95169e-11-4.55651e-10-5.41106e-10
-3.10521e-10 1.20811e-10 5.55457e-10 7.89032e-10 6.92478e-10 2.65424e-10
-3.61629e-10-9.78326e-10-1.38249e-09-1.46664e-09-1.26095e-09-9.14340e-10
-6.25446e-10-5.55196e-10-7.56004e-10-1.14701e-09-1.54808e-09-1.76092e-09
-1.66192e-09-1.26011e-09-6.91959e-10-1.58450e-10 1.65955e-10 2.12578e-10
 4.91589e-11-1.54678e-10-2.10759e-10-3.70132e-12 4.52740e-10 1.02083e-09
 1.50341e-09 1.73801e-09 1.67454e-09 1.39562e-09 1.06970e-09 8.63754e-10
 8.61018e-10 1.02283e-09 1.21019e-09 1.25506e-09 1.04845e-09 6.00429e-10
 3.85584e-11-4.55951e-10-7.39574e-10-7.77342e-10-6.56669e-10-5.37485e-10
-5.66190e-10-7.98505e-10-1.17016e-09-1.53005e-09-1.71879e-09-1.65126e-09
-1.35989e-09-9.76300e-10-6.59832e-10-5.10289e-10-5.15311e-10-5.63374e-10
-5.13130e-10-2.77509e-10 1.25352e-10 5.80478e-10 9.37044e-10 1.09000e-09
 1.03971e-09 8.93830e-10 8.05340e-10 8.81195e-10 1.11733e-09 1.39917e-09
 1.56724e-09 1.50919e-09 1.22480e-09 8.25168e-10 4.66826e-10 2.62545e-10
 2.23273e-10 2.61909e-10 2.51704e-10 1.05607e-10-1.67738e-10-4.68497e-10
-6.74218e-10-7.29761e-10-6.94664e-10-7.11095e-10-9.12160e-10-1.33148e-09
-1.87161e-09-2.34945e-09-2.58990e-09-2.51307e-09-2.16468e-09-1.67493e-09
-1.17547e-09-7.30638e-10-3.25304e-10 8.76205e-11 5.16147e-10 8.88109e-10
 1.07857e-09 9.97740e-10 6.80114e-10 3.05370e-10 1.28543e-10 3.62279e-10
 1.08072e-09 2.19239e-09 3.48738e-09 4.72676e-09 5.72103e-09 6.35364e-09
 6.54833e-09 6.22651e-09 5.31014e-09 3.78264e-09 1.76392e-09-4.65009e-10
-2.52405e-09-4.06315e-09-4.89372e-09-5.05018e-09-4.74978e-09-4.28243e-09
-3.89900e-09-3.75125e-09-3.89186e-09-4.30846e-09-4.95450e-09-5.75028e-09
-6.55827e-09-7.17474e-09-7.38232e-09-7.05490e-09-6.24329e-09-5.16869e-09
-4.11821e-09-3.30674e-09-2.78374e-09-2.42787e-09-2.02266e-09-1.36604e-09
-3.51724e-10 1.01508e-09 2.65392e-09 4.44882e-09 6.25876e-09 7.91192e-09
 9.22087e-09 1.00388e-08 1.03372e-08 1.02522e-08 1.00459e-08 9.98296e-09
 1.01912e-08 1.05993e-08 1.09848e-08 1.10844e-08 1.06927e-08 9.71348e-09
 8.17620e-09 6.23089e-09 4.11791e-09 2.11498e-09 4.74740e-10-6.48826e-10
-1.27811e-09-1.64082e-09-2.09073e-09-2.93680e-09-4.28325e-09-5.98367e-09
-7.73086e-09-9.22029e-09-1.02917e-08-1.09736e-08-1.14138e-08-1.17466e-08
-1.19921e-08-1.20529e-08-1.17887e-08-1.10983e-08-9.96403e-09-8.46294e-09
-6.75728e-09-5.06308e-09-3.58815e-09-2.43750e-09-1.52836e-09-5.96607e-10
 6.60402e-10 2.36683e-09 4.31170e-09 5.94494e-09 6.52113e-09 5.34821e-09
 2.11227e-09-2.76800e-09-7.85307e-09-1.05982e-08-7.63922e-09 4.37151e-09
 2.72847e-08 5.94912e-08 9.40608e-08 1.17769e-07 1.12702e-07 6.52809e-08
-1.91165e-08-1.13755e-07-1.87920e-07-2.24907e-07-2.22027e-07-1.78201e-07
-9.33865e-08 1.68441e-08 1.18391e-07 1.75328e-07 1.69511e-07 1.10552e-07
 3.11486e-08-2.96274e-08-4.60733e-08-1.86201e-08 2.84991e-08 6.50833e-08
 7.60009e-08 6.89756e-08 6.43269e-08 7.53353e-08 9.48366e-08 1.00295e-07
 7.32100e-08 1.56057e-08-4.88428e-08-8.45836e-08-5.88659e-08 3.21971e-08
 1.48350e-07 2.38344e-07 2.75543e-07 2.40992e-07 1.08753e-07-1.36670e-07
-4.87639e-07-8.99416e-07-1.28188e-06-1.51276e-06-1.45680e-06-1.01504e-06
-1.91028e-07 8.86730e-07 1.97301e-06 2.74535e-06 2.90694e-06 2.31331e-06
 1.06496e-06-4.81486e-07-1.81697e-06-2.47458e-06-2.24294e-06-1.28780e-06
-9.47782e-08 7.62502e-07 9.30896e-07 4.78539e-07-1.61685e-07-4.93868e-07
-3.18258e-07 1.35221e-07 4.33820e-07 3.45261e-07 3.77052e-08-1.40236e-07
-5.44554e-08 1.08757e-07 1.29546e-07 2.73485e-08-3.63850e-08-1.55511e-08
 5.30624e-09-1.17174e-08-2.20418e-08-1.20220e-08-1.16857e-08-1.89406e-08
-1.32249e-08-5.54617e-09-7.92073e-09-7.28525e-09-1.36126e-09-1.24090e-09
-2.19856e-09 1.41206e-09 2.24561e-09 7.53306e-10 2.23792e-09 2.41212e-09
 5.25698e-10 8.86319e-10 9.48781e-10-2.53021e-10 2.60309e-10 4.98510e-10
-2.90989e-10 5.97479e-11 8.17353e-11-3.98331e-10 9.59558e-11 2.20591e-10
 1.02956e-10 5.34884e-10 4.49494e-10 4.15711e-10 8.16945e-10 9.11665e-10
 1.22394e-09 1.53644e-09 1.43818e-09 1.42065e-09 1.20144e-09 9.04914e-10
 8.57058e-10 7.18188e-10 6.21110e-10 4.84096e-10 1.65599e-10-9.22073e-11
-3.70104e-10-5.84422e-10-7.11925e-10-9.25831e-10-1.18735e-09-1.51493e-09
-1.75422e-09-1.76412e-09-1.65823e-09-1.53648e-09-1.45764e-09-1.33639e-09
-1.11105e-09-8.30905e-10-5.16276e-10-1.56843e-10 3.15662e-10 9.30274e-10
 1.60775e-09 2.20383e-09 2.63702e-09 2.99359e-09 3.42335e-09 3.96068e-09
 4.42061e-09 4.53641e-09 4.26339e-09 3.87015e-09 3.65276e-09 3.58778e-09
 3.35902e-09 2.73632e-09 1.85840e-09 1.09035e-09 6.47418e-10 4.02543e-10
 3.30709e-11-6.39237e-10-1.45809e-09-2.11358e-09-2.47210e-09-2.70372e-09
-3.08930e-09-3.68852e-09-4.26601e-09-4.58235e-09-4.66157e-09-4.72316e-09
-4.90831e-09-5.12878e-09-5.19299e-09-5.02513e-09-4.70076e-09-4.32040e-09
-3.91987e-09-3.46102e-09-2.88901e-09-2.21946e-09-1.53473e-09-8.98868e-10
-3.05246e-10 2.97200e-10 9.17598e-10 1.48446e-09 1.92258e-09 2.22856e-09
 2.43390e-09 2.53481e-09 2.50203e-09 2.33513e-09 2.07899e-09 1.78945e-09
 1.49237e-09 1.18682e-09 8.73192e-10 5.63791e-10 2.84628e-10 7.46197e-11
-4.00992e-11-7.12497e-11-3.35301e-11 9.57965e-11 3.54987e-10 7.69042e-10
 1.32995e-09 1.99277e-09 2.72448e-09 3.51550e-09 4.31103e-09 4.97684e-09
 5.34194e-09 5.25538e-09 4.62375e-09 3.43907e-09 1.77732e-09-2.39366e-10
-2.44482e-09-4.57988e-09-6.29839e-09-7.27795e-09-7.34159e-09-6.49401e-09
-4.88187e-09-2.74786e-09-4.41635e-10 1.53556e-09 2.58519e-09 2.22779e-09
 3.31817e-10-2.82814e-09-6.67173e-09-1.04452e-08-1.33153e-08-1.44305e-08
-1.30468e-08-8.81896e-09-2.11983e-09 5.93472e-09 1.38252e-08 2.00646e-08
 2.34647e-08 2.32131e-08 1.89622e-08 1.10661e-08 7.81228e-10-9.87452e-09
-1.86849e-08-2.39398e-08-2.48451e-08-2.15149e-08-1.47704e-08-5.97468e-09
 3.08254e-09 1.04574e-08 1.46261e-08 1.50855e-08 1.25168e-08 8.39841e-09
 4.36235e-09 1.68008e-09 1.05860e-09 2.59907e-09 5.76221e-09 9.43045e-09
 1.21787e-08 1.27658e-08 1.06903e-08 6.45125e-09 1.32974e-09-3.13975e-09
-5.72367e-09-5.84195e-09-3.66203e-09-3.02658e-11 3.71963e-09 6.13481e-09
 6.14234e-09 3.48386e-09-1.13477e-09-6.29496e-09-1.04016e-08-1.22384e-08
-1.13415e-08-8.09738e-09-3.56570e-09 8.86503e-10 4.03205e-09 5.17469e-09
 4.33375e-09 2.12749e-09-5.61990e-10-2.92675e-09-4.41285e-09-4.65183e-09
-3.15525e-09-9.46046e-10
     0.0000e+00     0.0000e+00      0  0  0.00
     512   1.00000  0.0000e+00
-1.07904e-09-1.03646e-09-7.85890e-10-3.19817e-10 2.94178e-10 9.28243e-10
 1.43138e-09 1.67385e-09 1.58942e-09 1.20289e-09 6.30363e-10 4.43527e-11
-3.88126e-10-5.65918e-10-4.85174e-10-2.31058e-10 6.36122e-11 2.74679e-10
 3.39109e-10 2.83369e-10 2.09369e-10 2.38212e-10 4.35040e-10 7.54205e-10
 1.04294e-09 1.11177e-09 8.36779e-10 2.35849e-10-5.23713e-10-1.18910e-09
-1.52534e-09-1.41412e-09-9.07371e-10-2.08940e-10 4.13625e-10 7.48918e-10
 7.30650e-10 4.45357e-10 5.99212e-11-2.79943e-10-5.17630e-10-6.86561e-10
-8.56566e-10-1.06705e-09-1.28620e-09-1.41409e-09-1.32604e-09-9.40028e-10
-2.78379e-10 5.14785e-10 1.22106e-09 1.63913e-09 1.66809e-09 1.33851e-09
 7.84937e-10 1.88801e-10-2.76097e-10-4.83663e-10-3.84246e-10-1.92865e-11
 4.91063e-10 9.92972e-10 1.35667e-09 1.51258e-09 1.45006e-09 1.19425e-09
 7.85441e-10 2.69697e-10-3.03943e-10-8.82896e-10-1.40213e-09-1.76981e-09
-1.87214e-09-1.62134e-09-1.03088e-09-2.62057e-10 4.12001e-10 7.25701e-10
 5.56191e-10-1.19138e-11-7.28328e-10-1.29422e-09-1.49214e-09-1.27126e-09
-7.53054e-10-1.53795e-10 3.38581e-10 6.59991e-10 8.71463e-10 1.06411e-09
 1.24551e-09 1.30933e-09 1.12421e-09 6.71061e-10 1.10483e-10-2.82372e-10
-2.75328e-10 1.74076e-10 8.72430e-10 1.47151e-09 1.63701e-09 1.22289e-09
 3.58074e-10-6.14143e-10-1.32185e-09-1.56155e-09-1.37180e-09-9.40604e-10
-4.40757e-10 6.13476e-11 5.60089e-10 9.96869e-10 1.20391e-09 9.69262e-10
 1.77787e-10-1.07308e-09-2.46042e-09-3.54180e-09-3.93861e-09-3.51510e-09
-2.45440e-09-1.16866e-09-8.36619e-11 5.61295e-10 7.62392e-10 6.41319e-10
 3.05102e-10-1.88327e-10-7.52870e-10-1.20341e-09-1.29766e-09-8.73502e-10
 3.09912e-11 1.16613e-09 2.17095e-09 2.72907e-09 2.71176e-09 2.24361e-09
 1.64290e-09 1.24864e-09 1.23519e-09 1.54707e-09 1.99730e-09 2.42555e-09
 2.76334e-09 2.96757e-09 2.93670e-09 2.53704e-09 1.73106e-09 6.77848e-10
-3.00296e-10-8.65886e-10-8.24746e-10-2.12048e-10 7.17507e-10 1.59271e-09
 2.09898e-09 2.14244e-09 1.89126e-09 1.65192e-09 1.67071e-09 1.99908e-09
 2.47114e-09 2.73137e-09 2.25906e-09 4.41995e-10-3.19727e-09-8.63811e-09
-1.50839e-08-2.10296e-08-2.46968e-08-2.46110e-08-2.00783e-08-1.14336e-08
-7.26175e-12 1.21825e-08 2.29231e-08 3.03324e-08 3.32681e-08 3.15545e-08
 2.60063e-08 1.82117e-08 1.00517e-08 3.06402e-09-2.05828e-09-5.53627e-09
-8.12776e-09-1.06086e-08-1.34257e-08-1.66128e-08-1.99116e-08-2.29985e-08
-2.56969e-08-2.80493e-08-3.02251e-08-3.23609e-08-3.44628e-08-3.63922e-08
-3.78623e-08-3.84150e-08-3.74606e-08-3.44790e-08-2.93565e-08-2.26975e-08
-1.59207e-08-1.10181e-08-9.96364e-09-1.38392e-08-2.18204e-08-3.02554e-08
-3.21824e-08-1.77758e-08 2.37371e-08 1.00330e-07 2.11770e-07 3.44621e-07
 4.70672e-07 5.48866e-07 5.34940e-07 4.06094e-07 1.80779e-07-9.21509e-08
-3.52135e-07-5.34008e-07-5.85507e-07-4.92363e-07-2.87972e-07-4.49490e-08
 1.50453e-07 2.33186e-07 1.85288e-07 4.01416e-08-1.38715e-07-2.91918e-07
-3.88112e-07-4.22671e-07-3.94831e-07-2.88705e-07-8.53252e-08 1.97871e-07
 4.70549e-07 5.81191e-07 4.06585e-07-3.13470e-08-5.35028e-07-8.39308e-07
-7.82630e-07-4.16834e-07 3.57995e-08 3.67167e-07 5.30450e-07 6.01839e-07
 6.51464e-07 6.79903e-07 6.46341e-07 5.15194e-07 2.60673e-07-1.21216e-07
-5.54665e-07-8.69164e-07-8.79190e-07-4.96472e-07 1.94761e-07 9.45651e-07
 1.43627e-06 1.41040e-06 8.03726e-07-1.90730e-07-1.17219e-06-1.70315e-06
-1.53884e-06-7.85960e-07 1.29162e-07 6.98213e-07 6.52945e-07 1.52410e-07
-3.36347e-07-4.11439e-07-7.02643e-08 3.11348e-07 3.70271e-07 1.24327e-07
-9.70225e-08-7.13097e-08 8.08930e-08 1.27177e-07 4.79598e-08-9.21220e-09
 7.10285e-09 1.97839e-08-9.88377e-10-9.63248e-09-4.64353e-10-4.69424e-09
-1.30957e-08-6.20004e-09-9.83956e-10-6.22440e-09-5.66763e-09-1.16482e-09
-3.24339e-09-3.39335e-09 1.09892e-09 1.24000e-09 6.43439e-10 3.41838e-09
 3.67064e-09 3.12634e-09 5.20006e-09 5.39686e-09 4.40513e-09 4.79104e-09
 3.66233e-09 2.25022e-09 2.60530e-09 2.51226e-09 2.76615e-09 3.80599e-09
 3.51821e-09 2.85684e-09 2.07496e-09 2.98553e-10-1.13058e-09-2.22788e-09
-3.16051e-09-3.07332e-09-2.83472e-09-2.80640e-09-2.88568e-09-3.56462e-09
-4.23201e-09-4.70038e-09-5.14912e-09-5.19040e-09-4.99352e-09-4.51996e-09
-3.70637e-09-2.78015e-09-1.66720e-09-6.06800e-10 2.31859e-10 8.66785e-10
 1.28699e-09 1.81236e-09 2.62790e-09 3.68057e-09 4.78314e-09 5.69813e-09
 6.31777e-09 6.52794e-09 6.34737e-09 5.90135e-09 5.30709e-09 4.71328e-09
 4.18486e-09 3.61609e-09 2.79344e-09 1.60654e-09 1.10823e-10-1.56715e-09
-3.27374e-09-4.86949e-09-6.25563e-09-7.33845e-09-8.00234e-09-8.21662e-09
-8.12710e-09-7.95264e-09-7.82821e-09-7.72397e-09-7.44763e-09-6.78628e-09
-5.68683e-09-4.27268e-09-2.75269e-09-1.34966e-09-2.41938e-10 4.87710e-10
 8.85932e-10 1.09710e-09 1.25374e-09 1.42516e-09 1.65084e-09 1.92949e-09
 2.17284e-09 2.21136e-09 1.87414e-09 1.12278e-09 1.15399e-10-8.81675e-10
-1.62732e-09-2.00333e-09-2.05958e-09-1.95870e-09-1.86863e-09-1.88754e-09
-2.00285e-09-2.10013e-09-2.02369e-09-1.64484e-09-9.14634e-10 1.23212e-10
 1.35550e-09 2.62236e-09 3.75082e-09 4.61844e-09 5.22845e-09 5.74346e-09
 6.39573e-09 7.29963e-09 8.34393e-09 9.26772e-09 9.83674e-09 9.97145e-09
 9.75019e-09 9.33164e-09 8.86176e-09 8.41717e-09 8.04154e-09 7.77641e-09
 7.57507e-09 7.25946e-09 6.63752e-09 5.63838e-09 4.37035e-09 3.09158e-09
 2.04390e-09 1.24668e-09 4.94744e-10-4.36431e-10-1.63073e-09-2.99256e-09
-4.26243e-09-5.14279e-09-5.46985e-09-5.22872e-09-4.50131e-09-3.51823e-09
-2.65422e-09-2.27102e-09-2.60290e-09-3.71642e-09-5.44204e-09-7.40477e-09
-9.21604e-09-1.05893e-08-1.13090e-08-1.12389e-08-1.03523e-08-8.67443e-09
-6.26328e-09-3.31727e-09-2.74001e-10 2.20667e-09 3.38297e-09 2.71453e-09
 2.09553e-10-3.44028e-09-7.10197e-09-9.65289e-09-1.03906e-08-9.22699e-09
-6.58603e-09-3.15054e-09 3.26626e-10 3.14395e-09 4.74288e-09 4.75190e-09
 3.04997e-09-1.20659e-10-4.08439e-09-7.81181e-09-1.02141e-08-1.05403e-08
-8.64889e-09-5.06650e-09-8.10948e-10 2.98544e-09 5.43941e-09 6.13294e-09
 5.21598e-09 3.38109e-09 1.66290e-09 1.05959e-09 2.11069e-09 4.71584e-09
 8.27594e-09 1.19439e-08 1.48325e-08 1.61847e-08 1.55648e-08 1.30779e-08
 9.43829e-09 5.72792e-09 2.98397e-09 1.84864e-09 2.38420e-09 4.05274e-09
 5.85657e-09 6.67022e-09 5.69151e-09 2.78021e-09-1.49094e-09-6.07903e-09
-9.87159e-09-1.20404e-08-1.22416e-08-1.06533e-08-7.86172e-09-4.66668e-09
-1.93746e-09-3.99778e-10
     0.0000e+00     0.0000e+00      0  0  0.00
     512   1.00000  0.0000e+00
 1.89472e-10 3.79868e-10 5.66211e-10 6.98234e-10 7.24829e-10 6.15573e-10
 3.81233e-10 7.60339e-11-2.18203e-10-4.19426e-10-4.77764e-10-3.95347e-10
-2.23202e-10-4.18194e-11 7.03498e-11 7.11553e-11-2.89608e-11-1.75087e-10
-2.92146e-10-3.18822e-10-2.36745e-10-7.77597e-11 9.09175e-11 1.95856e-10
 1.91968e-10 8.40441e-11-7.72695e-11-2.18698e-10-2.76454e-10-2.26036e-10
-9.35500e-11 5.76136e-11 1.56586e-10 1.58698e-10 6.68407e-11-7.12828e-11
-1.86238e-10-2.19094e-10-1.50079e-10-7.56402e-12 1.48614e-10 2.57745e-10
 2.87294e-10 2.48052e-10 1.86674e-10 1.59652e-10 2.03207e-10 3.12499e-10
 4.41250e-10 5.25031e-10 5.14569e-10 3.99823e-10 2.14892e-10 2.17907e-11
-1.20714e-10-1.86483e-10-1.93317e-10-1.91056e-10-2.33058e-10-3.46645e-10
-5.18418e-10-7.00636e-10-8.35075e-10-8.83202e-10-8.45475e-10-7.57416e-10
-6.65743e-10-5.99690e-10-5.53984e-10-4.92798e-10-3.71619e-10-1.64893e-10
 1.14811e-10 4.18314e-10 6.83759e-10 8.68288e-10 9.67731e-10 1.01482e-09
 1.05814e-09 1.13238e-09 1.23569e-09 1.32834e-09 1.35451e-09 1.27395e-09
 1.08282e-09 8.12187e-10 5.08174e-10 2.07213e-10-8.03371e-11-3.68238e-10
-6.73590e-10-9.91260e-10-1.28373e-09-1.49525e-09-1.58106e-09-1.53314e-09
-1.38784e-09-1.21139e-09-1.07002e-09-9.98573e-10-9.85843e-10-9.86381e-10
-9.49206e-10-8.42021e-10-6.57280e-10-4.01454e-10-7.81381e-11 3.21299e-10
 8.09219e-10 1.37683e-09 1.97049e-09 2.49169e-09 2.82644e-09 2.88707e-09
 2.64398e-09 2.13572e-09 1.45608e-09 7.24699e-10 5.48250e-11-4.65638e-10
-7.74362e-10-8.28878e-10-6.12235e-10-1.51360e-10 4.67058e-10 1.09931e-09
 1.57257e-09 1.73248e-09 1.49337e-09 8.66504e-10-4.98447e-11-1.11107e-09
-2.17094e-09-3.11005e-09-3.84729e-09-4.34129e-09-4.58672e-09-4.61044e-09
-4.47062e-09-4.25105e-09-4.03755e-09-3.87928e-09-3.76015e-09-3.60431e-09
-3.31437e-09-2.81885e-09-2.10562e-09-1.22953e-09-2.91594e-10 6.00647e-10
 1.37010e-09 1.98435e-09 2.44849e-09 2.79517e-09 3.08105e-09 3.38000e-09
 3.76455e-09 4.27998e-09 4.92006e-09 5.61464e-09 6.24275e-09 6.67565e-09
 6.83002e-09 6.69760e-09 6.33643e-09 5.84124e-09 5.31938e-09 4.87748e-09
 4.60491e-09 4.54590e-09 4.67230e-09 4.87521e-09 4.98445e-09 4.81760e-09
 4.24982e-09 3.27293e-09 2.00445e-09 6.39530e-10-6.23121e-10-1.64687e-09
-2.39687e-09-2.94398e-09-3.42868e-09-3.99738e-09-4.74020e-09-5.65800e-09
-6.66873e-09-7.64623e-09-8.48214e-09-9.15357e-09-9.75665e-09-1.04739e-08
-1.14912e-08-1.29078e-08-1.46748e-08-1.65831e-08-1.83127e-08-1.95295e-08
-1.99870e-08-1.95933e-08-1.84506e-08-1.68992e-08-1.55578e-08-1.53030e-08
-1.71246e-08-2.18142e-08-2.94890e-08-3.90068e-08-4.74306e-08-4.98298e-08
-3.97827e-08-1.09174e-08 4.03772e-08 1.11308e-07 1.89358e-07 2.54979e-07
 2.94374e-07 3.05823e-07 2.86004e-07 2.24301e-07 1.19722e-07-1.17980e-08
-1.45575e-07-2.52547e-07-3.06588e-07-2.97994e-07-2.39627e-07-1.62148e-07
-1.01397e-07-8.03999e-08-9.54280e-08-1.18434e-07-1.17227e-07-8.09784e-08
-3.14435e-08-7.05609e-09-3.20896e-08-9.72846e-08-1.64425e-07-1.90066e-07
-1.52192e-07-6.00126e-08 5.49796e-08 1.51261e-07 1.90011e-07 1.58130e-07
 8.73474e-08 3.81018e-08 5.51810e-08 1.43410e-07 2.85308e-07 4.63167e-07
 6.53186e-07 8.15268e-07 9.00536e-07 8.61069e-07 6.57641e-07 2.77212e-07
-2.49080e-07-8.41162e-07-1.37739e-06-1.71712e-06-1.74369e-06-1.41443e-06
-7.92303e-07-4.05019e-08 6.25152e-07 1.01481e-06 1.04285e-06 7.66432e-07
 3.59248e-07 2.62678e-08-1.00818e-07-2.80126e-08 1.20484e-07 1.97265e-07
 1.37831e-07-1.39954e-09-1.05096e-07-1.07106e-07-4.30060e-08 2.05875e-09
-1.14339e-08-4.77067e-08-5.62896e-08-3.43426e-08-1.35101e-08-8.29960e-09
-6.41073e-09 6.50529e-10 6.90466e-09 8.95993e-09 1.06534e-08 1.22414e-08
 1.10751e-08 8.79714e-09 7.55118e-09 5.93373e-09 3.56480e-09 1.89391e-09
 4.18546e-10-1.65156e-09-3.40508e-09-4.71853e-09-6.12563e-09-7.06190e-09
-7.36634e-09-7.57402e-09-7.48077e-09-7.01134e-09-6.55990e-09-5.96577e-09
-5.14076e-09-4.33980e-09-3.45920e-09-2.50804e-09-1.66494e-09-7.97128e-10
 9.20254e-11 8.97269e-10 1.69245e-09 2.39933e-09 2.94570e-09 3.36763e-09
 3.59932e-09 3.69161e-09 3.73030e-09 3.66519e-09 3.50437e-09 3.25411e-09
 2.89684e-09 2.46607e-09 1.97597e-09 1.46209e-09 9.44551e-10 4.16912e-10
-8.30884e-11-5.51886e-10-9.86127e-10-1.34522e-09-1.62703e-09-1.83245e-09
-1.92837e-09-1.89814e-09-1.79861e-09-1.67956e-09-1.48034e-09-1.13973e-09
-6.96439e-10-2.33787e-10 1.75636e-10 4.99864e-10 7.86801e-10 1.12041e-09
 1.49350e-09 1.80183e-09 1.96955e-09 2.01391e-09 2.00239e-09 1.98141e-09
 1.92359e-09 1.73001e-09 1.34891e-09 8.85121e-10 4.85352e-10 1.57525e-10
-1.94313e-10-6.28987e-10-1.11767e-09-1.57262e-09-1.92982e-09-2.21357e-09
-2.48745e-09-2.76254e-09-2.96044e-09-2.96819e-09-2.76666e-09-2.46006e-09
-2.14542e-09-1.82349e-09-1.43200e-09-9.21658e-10-3.31314e-10 2.34702e-10
 7.29484e-10 1.19091e-09 1.65254e-09 2.09368e-09 2.44506e-09 2.63231e-09
 2.64922e-09 2.55381e-09 2.39493e-09 2.18376e-09 1.89593e-09 1.50066e-09
 1.02476e-09 5.34651e-10 6.18723e-11-3.87899e-10-8.03941e-10-1.17283e-09
-1.45957e-09-1.62291e-09-1.66477e-09-1.61228e-09-1.48582e-09-1.30999e-09
-1.09796e-09-8.35011e-10-5.18199e-10-1.76147e-10 1.59004e-10 4.57259e-10
 6.87697e-10 8.36643e-10 8.98858e-10 8.56636e-10 6.96744e-10 4.21649e-10
 3.51540e-11-4.54493e-10-1.02169e-09-1.62568e-09-2.22103e-09-2.75099e-09
-3.11978e-09-3.21129e-09-2.95454e-09-2.33119e-09-1.36088e-09-1.42695e-10
 1.15995e-09 2.40841e-09 3.48104e-09 4.21885e-09 4.49258e-09 4.28019e-09
 3.64641e-09 2.74958e-09 1.84956e-09 1.19553e-09 9.45584e-10 1.21635e-09
 2.07040e-09 3.40177e-09 4.89329e-09 6.06866e-09 6.38670e-09 5.40571e-09
 2.95226e-09-8.44855e-10-5.62347e-09-1.08124e-08-1.56223e-08-1.91469e-08
-2.05860e-08-1.94657e-08-1.57878e-08-1.00438e-08-3.06787e-09 4.14131e-09
 1.05359e-08 1.51469e-08 1.72851e-08 1.67628e-08 1.39962e-08 9.87239e-09
 5.45582e-09 1.68573e-09-8.32592e-10-1.87457e-09-1.55159e-09-2.93490e-10
 1.22934e-09 2.32199e-09 2.50427e-09 1.68465e-09 1.90654e-10-1.41177e-09
-2.56497e-09-2.88264e-09-2.24996e-09-8.51372e-10 8.75685e-10 2.32376e-09
 2.90190e-09 2.29206e-09 5.81630e-10-1.77033e-09-4.07973e-09-5.68282e-09
-6.15648e-09-5.40939e-09-3.69837e-09-1.56152e-09 3.70105e-10 1.58488e-09
 1.85351e-09 1.31354e-09 3.93620e-10-3.93132e-10-6.53243e-10-2.66720e-10
 5.58299e-10 1.39656e-09 1.81002e-09 1.54917e-09 7.18908e-10-1.92956e-10
-4.99150e-10-2.05670e-10
     0.0000e+00     0.0000e+00      0  0  0.00
     512   1.00000  0.0000e+00
 5.40858e-10 5.49835e-10 4.67608e-10 2.76989e-10-4.29451e-12-3.19141e-10
-5.89467e-10-7.46742e-10-7.58369e-10-6.42383e-10-4.61851e-10-2.98061e-10
-2.17600e-10-2.46634e-10-3.60620e-10-4.95719e-10-5.76963e-10-5.50196e-10
-4.06129e-10-1.85369e-10 4.12040e-11 2.06293e-10 2.75908e-10 2.63773e-10
 2.24693e-10 2.27468e-10 3.20515e-10 5.06563e-10 7.37074e-10 9.31405e-10
 1.01297e-09 9.43062e-10 7.37444e-10 4.59741e-10 1.92596e-10 4.01387e-13
-9.64954e-11-1.25303e-10-1.42261e-10-2.01308e-10-3.25676e-10-4.96136e-10
-6.61475e-10-7.66331e-10-7.81322e-10-7.18200e-10-6.22193e-10-5.46871e-10
-5.24982e-10-5.50035e-10-5.77793e-10-5.47160e-10-4.11281e-10-1.63458e-10
 1.56486e-10 4.78262e-10 7.30571e-10 8.70560e-10 8.99520e-10 8.56238e-10
 7.92653e-10 7.46331e-10 7.23752e-10 7.02091e-10 6.47285e-10 5.36978e-10
 3.75941e-10 1.96025e-10 3.90702e-11-6.86378e-11-1.33678e-10-1.92481e-10
-2.89730e-10-4.50451e-10-6.60895e-10-8.69229e-10-1.00731e-09-1.02330e-09
-9.07535e-10-6.96656e-10-4.53956e-10-2.37812e-10-7.56252e-11 4.32501e-11
 1.51960e-10 2.77585e-10 4.18593e-10 5.43659e-10 6.11924e-10 6.00012e-10
 5.17926e-10 4.04574e-10 3.06037e-10 2.48876e-10 2.24874e-10 1.98989e-10
 1.37072e-10 3.43521e-11-7.63497e-11-1.43831e-10-1.32940e-10-5.18320e-11
 4.55764e-11 8.50908e-11 1.18915e-11-1.79061e-10-4.39115e-10-6.88210e-10
-8.48011e-10-8.67580e-10-7.31777e-10-4.53629e-10-6.05755e-11 4.11000e-10
 9.05648e-10 1.33412e-09 1.57593e-09 1.51122e-09 1.07106e-09 2.78868e-10
-7.41138e-10-1.79380e-09-2.66817e-09-3.19502e-09-3.28420e-09-2.93179e-09
-2.20428e-09-1.21574e-09-1.08877e-10 9.60251e-10 1.84113e-09 2.41578e-09
 2.63070e-09 2.51981e-09 2.19807e-09 1.81884e-09 1.51347e-09 1.34552e-09
 1.30091e-09 1.31176e-09 1.29501e-09 1.18699e-09 9.62723e-10 6.36486e-10
 2.48453e-10-1.49782e-10-5.02148e-10-7.53368e-10-8.63678e-10-8.31523e-10
-7.08272e-10-5.88989e-10-5.77253e-10-7.39509e-10-1.07417e-09-1.51508e-09
-1.96868e-09-2.36154e-09-2.66932e-09-2.91294e-09-3.12696e-09-3.31422e-09
-3.40302e-09-3.22459e-09-2.52883e-09-1.04855e-09 1.38768e-09 4.71442e-09
 8.52702e-09 1.21079e-08 1.46042e-08 1.52839e-08 1.37649e-08 1.01453e-08
 5.00272e-09-7.29275e-10-5.97874e-09-9.79446e-09-1.15774e-08-1.12171e-08
-9.09761e-09-5.97783e-09-2.77203e-09-2.78303e-10 1.05442e-09 1.20535e-09
 4.69748e-10-7.50993e-10-2.12852e-09-3.49660e-09-4.85280e-09-6.29329e-09
-7.91513e-09-9.73546e-09-1.16628e-08-1.35194e-08-1.50884e-08-1.61642e-08
-1.66038e-08-1.63841e-08-1.56520e-08-1.47421e-08-1.41365e-08-1.43501e-08
-1.57417e-08-1.82645e-08-2.11989e-08-2.29457e-08-2.09946e-08-1.22177e-08
 6.35933e-09 3.62253e-08 7.56276e-08 1.17769e-07 1.50379e-07 1.61381e-07
 1.48925e-07 1.18759e-07 7.18737e-08 1.00423e-08-5.26261e-08-9.86343e-08
-1.17608e-07-1.05941e-07-6.74677e-08-1.33570e-08 4.02839e-08 7.57848e-08
 8.22129e-08 6.29936e-08 3.40785e-08 1.41225e-08 1.27709e-08 2.34199e-08
 2.70983e-08 6.75322e-09-3.96645e-08-9.90126e-08-1.54490e-07-1.95323e-07
-2.16480e-07-2.15542e-07-1.94979e-07-1.65910e-07-1.44427e-07-1.42374e-07
-1.63210e-07-2.04967e-07-2.60570e-07-3.10710e-07-3.23928e-07-2.72377e-07
-1.40888e-07 7.85494e-08 3.83120e-07 7.46457e-07 1.11473e-06 1.40922e-06
 1.53620e-06 1.41341e-06 1.00570e-06 3.53244e-07-4.21490e-07-1.13673e-06
-1.60390e-06-1.69536e-06-1.39923e-06-8.33805e-07-2.08244e-07 2.61731e-07
 4.47783e-07 3.64431e-07 1.51135e-07-1.54716e-08-2.90847e-08 8.77363e-08
 2.17017e-07 2.48412e-07 1.68492e-07 5.95332e-08 1.04050e-08 3.09202e-08
 5.95369e-08 4.63029e-08 5.50272e-09-2.01345e-08-2.00198e-08-1.58527e-08
-1.95014e-08-2.21842e-08-1.89616e-08-1.57494e-08-1.41569e-08-1.05669e-08
-6.31067e-09-4.29970e-09-2.65165e-09-9.83507e-11 1.44303e-09 2.13224e-09
 3.28797e-09 3.92947e-09 3.70327e-09 3.71951e-09 3.62477e-09 2.97223e-09
 2.55483e-09 2.29549e-09 1.79952e-09 1.55445e-09 1.51211e-09 1.38688e-09
 1.47429e-09 1.60313e-09 1.50951e-09 1.43334e-09 1.27945e-09 9.52978e-10
 6.80946e-10 4.23440e-10 1.96733e-10 7.78093e-11-1.20370e-10-4.05342e-10
-7.39986e-10-1.22293e-09-1.76069e-09-2.26268e-09-2.69065e-09-2.96592e-09
-3.13603e-09-3.22960e-09-3.23161e-09-3.15462e-09-2.97118e-09-2.72190e-09
-2.43803e-09-2.08277e-09-1.67951e-09-1.24110e-09-7.42393e-10-1.82748e-10
 4.00709e-10 9.66939e-10 1.50631e-09 1.97173e-09 2.30719e-09 2.52401e-09
 2.65573e-09 2.73444e-09 2.78367e-09 2.76524e-09 2.58679e-09 2.23463e-09
 1.81832e-09 1.42753e-09 1.05103e-09 6.43277e-10 1.95454e-10-2.54869e-10
-6.46386e-10-9.43020e-10-1.18175e-09-1.42671e-09-1.67185e-09-1.84451e-09
-1.88141e-09-1.76587e-09-1.54650e-09-1.30056e-09-1.02926e-09-6.78515e-10
-2.63814e-10 1.31387e-10 4.49021e-10 7.17343e-10 1.02522e-09 1.39214e-09
 1.72573e-09 1.93552e-09 1.98893e-09 1.89756e-09 1.70547e-09 1.42891e-09
 1.04081e-09 5.38332e-10-3.42403e-11-5.99892e-10-1.09172e-09-1.53175e-09
-1.99440e-09-2.48227e-09-2.91446e-09-3.20136e-09-3.30258e-09-3.23534e-09
-3.01645e-09-2.63170e-09-2.08371e-09-1.41079e-09-6.51728e-10 1.63174e-10
 9.97794e-10 1.82486e-09 2.63807e-09 3.42085e-09 4.12062e-09 4.66395e-09
 4.99378e-09 5.09656e-09 4.97928e-09 4.64209e-09 4.10638e-09 3.41445e-09
 2.57614e-09 1.57763e-09 4.30151e-10-8.31228e-10-2.15430e-09-3.47066e-09
-4.71576e-09-5.80865e-09-6.62768e-09-7.07395e-09-7.12351e-09-6.77995e-09
-6.05033e-09-4.98210e-09-3.64505e-09-2.10286e-09-4.67857e-10 1.07847e-09
 2.37404e-09 3.33475e-09 3.92874e-09 4.17492e-09 4.17027e-09 4.06892e-09
 4.05246e-09 4.30319e-09 4.90441e-09 5.75394e-09 6.62078e-09 7.23490e-09
 7.29519e-09 6.49819e-09 4.63722e-09 1.67297e-09-2.21959e-09-6.59700e-09
-1.07995e-08-1.41269e-08-1.59703e-08-1.58525e-08-1.35127e-08-9.05452e-09
-3.03010e-09 3.60215e-09 9.65927e-09 1.40521e-08 1.60562e-08 1.53936e-08
 1.22370e-08 7.18901e-09 1.19379e-09-4.60822e-09-9.12297e-09-1.16040e-08
-1.18196e-08-1.00361e-08-6.88752e-09-3.17929e-09 2.77327e-10 2.80710e-09
 4.06622e-09 4.15515e-09 3.54312e-09 2.87379e-09 2.69222e-09 3.22459e-09
 4.34934e-09 5.67331e-09 6.65578e-09 6.78706e-09 5.73957e-09 3.49081e-09
 4.05228e-10-2.85365e-09-5.55065e-09-7.10787e-09-7.28455e-09-6.23762e-09
-4.43159e-09-2.48743e-09-1.00520e-09-3.66272e-10-6.07526e-10-1.42209e-09
-2.27630e-09-2.62656e-09-2.15170e-09-8.75772e-10 8.58107e-10 2.52121e-09
 3.59695e-09 3.77830e-09 3.07917e-09 1.83289e-09 5.67205e-10-2.34735e-10
-3.63961e-10-1.28469e-10
