      10
(6e12.5)
     0.0000e+00     0.0000e+00      0  0  0.00
     512   1.00000  0.0000e+00
 4.39963e-09 9.57930e-09 1.49624e-08 2.03643e-08 2.55806e-08 3.03976e-08
 3.46047e-08 3.80082e-08 4.04458e-08 4.18009e-08 4.20141e-08 4.10920e-08
 3.91107e-08 3.62148e-08 3.26092e-08 2.85465e-08 2.43078e-08 2.01781e-08
 1.64171e-08 1.32242e-08 1.07039e-08 8.83610e-09 7.45159e-09 6.21592e-09
 4.62780e-09 2.04075e-09-2.29318e-09-9.15905e-09-1.92936e-08-3.32826e-08
-5.14493e-08-7.37456e-08-9.96579e-08-1.28145e-07-1.57618e-07-1.85979e-07
-2.10708e-07-2.29006e-07-2.37976e-07-2.34853e-07-2.17260e-07-1.83487e-07
-1.32774e-07-6.55614e-08 1.63164e-08 1.09530e-07 2.09288e-07 3.09561e-07
 4.03477e-07 4.83780e-07 5.43304e-07 5.75529e-07 5.75247e-07 5.39272e-07
 4.66994e-07 3.60521e-07 2.24573e-07 6.66486e-08-1.02873e-07-2.71555e-07
-4.26081e-07-5.53028e-07-6.40078e-07-6.78226e-07-6.63843e-07-5.99523e-07
-4.93653e-07-3.59230e-07-2.12295e-07-6.93636e-08 5.60225e-08 1.55701e-07
 2.27227e-07 2.72737e-07 2.96795e-07 3.03904e-07 2.96795e-07 2.76281e-07
 2.42625e-07 1.97453e-07 1.44883e-07 9.09955e-08 4.18857e-08 1.47978e-09
-2.94373e-08-5.23416e-08-6.89201e-08-7.94737e-08-8.30349e-08-7.89608e-08
-6.84208e-08-5.43069e-08-3.96115e-08-2.58269e-08-1.28869e-08-5.51059e-10
 1.03900e-08 1.84331e-08 2.27419e-08 2.38816e-08 2.30378e-08 2.07549e-08
 1.67795e-08 1.10660e-08 4.45042e-09-1.94691e-09-7.67967e-09-1.29251e-08
-1.76247e-08-2.11980e-08-2.32090e-08-2.38439e-08-2.34613e-08-2.20476e-08
-1.94673e-08-1.59690e-08-1.20361e-08-7.91397e-09-3.66254e-09 4.74125e-10
 4.12439e-09 7.11866e-09 9.46054e-09 1.10831e-08 1.18988e-08 1.19843e-08
 1.15111e-08 1.06016e-08 9.37970e-09 8.03543e-09 6.74431e-09 5.60986e-09
 4.70580e-09 4.08393e-09 3.73564e-09 3.60020e-09 3.59816e-09 3.63690e-09
 3.61623e-09 3.45137e-09 3.08628e-09 2.49555e-09 1.68830e-09 7.06417e-10
-3.86487e-10-1.51640e-09-2.60866e-09-3.59843e-09-4.43902e-09-5.10599e-09
-5.59675e-09-5.92574e-09-6.11641e-09-6.19258e-09-6.17121e-09-6.05798e-09
-5.84654e-09-5.52096e-09-5.06079e-09-4.44822e-09-3.67575e-09-2.75214e-09
-1.70493e-09-5.78474e-10 5.71677e-10 1.68663e-09 2.71257e-09 3.60803e-09
 4.34830e-09 4.92608e-09 5.34849e-09 5.63144e-09 5.79256e-09 5.84446e-09
 5.79033e-09 5.62333e-09 5.32964e-09 4.89423e-09 4.30758e-09 3.57151e-09
 2.70272e-09 1.73274e-09 7.04146e-10-3.35820e-10-1.34226e-09-2.27860e-09
-3.12037e-09-3.85559e-09-4.48156e-09-4.99925e-09-5.40779e-09-5.70065e-09
-5.86429e-09-5.88014e-09-5.72962e-09-5.40036e-09-4.89122e-09-4.21499e-09
-3.39823e-09-2.47777e-09-1.49466e-09-4.87549e-10 5.11859e-10 1.48022e-09
 2.40113e-09 3.26155e-09 4.04746e-09 4.74008e-09 5.31477e-09 5.74319e-09
 5.99820e-09 6.05948e-09 5.91833e-09 5.58020e-09 5.06384e-09 4.39727e-09
 3.61221e-09 2.73884e-09 1.80262e-09 8.24199e-10-1.77820e-10-1.18260e-09
-2.16349e-09-3.08680e-09-3.91372e-09-4.60492e-09-5.12657e-09-5.45565e-09
-5.58303e-09-5.51326e-09-5.26123e-09-4.84697e-09-4.29074e-09-3.61048e-09
-2.82255e-09-1.94517e-09-1.00266e-09-2.86243e-11 9.33969e-10 1.83627e-09
 2.62968e-09 3.27293e-09 3.73759e-09 4.01044e-09 4.09214e-09 3.99325e-09
 3.72975e-09 3.31970e-09 2.78252e-09 2.14081e-09 1.42336e-09 6.67704e-10
-7.98150e-11-7.67392e-10-1.34399e-09-1.76655e-09-2.00613e-09-2.05094e-09
-1.90586e-09-1.58906e-09-1.12787e-09-5.55767e-10 8.86122e-11 7.60835e-10
 1.40997e-09 1.97961e-09 2.41133e-09 2.65067e-09 2.65449e-09 2.39776e-09
 1.87772e-09 1.11434e-09 1.47711e-10-9.66460e-10-2.16112e-09-3.36085e-09
-4.48386e-09-5.44414e-09-6.15537e-09-6.53749e-09-6.52594e-09-6.08151e-09
-5.19799e-09-3.90548e-09-2.26844e-09-3.79207e-10 1.65075e-09 3.69937e-09
 5.64071e-09 7.35049e-09 8.71165e-09 9.62156e-09 1.00010e-08 9.80438e-09
 9.02779e-09 7.71326e-09 5.94617e-09 3.84708e-09 1.55909e-09-7.66680e-10
-2.98457e-09-4.96471e-09-6.60029e-09-7.81316e-09-8.55879e-09-8.83025e-09
-8.65958e-09-8.11522e-09-7.29414e-09-6.30882e-09-5.27098e-09-4.27580e-09
-3.39042e-09-2.64840e-09-2.04960e-09-1.56401e-09-1.13802e-09-7.02304e-10
-1.80881e-10 4.99053e-10 1.39632e-09 2.54487e-09 3.94524e-09 5.56128e-09
 7.32369e-09 9.13917e-09 1.09023e-08 1.25074e-08 1.38569e-08 1.48675e-08
 1.54705e-08 1.56106e-08 1.52434e-08 1.43342e-08 1.28565e-08 1.07911e-08
 8.12454e-09 4.84926e-09 9.68502e-10-3.49361e-09-8.47751e-09-1.38733e-08
-1.95095e-08-2.51499e-08-3.04990e-08-3.52164e-08-3.89393e-08-4.13084e-08
-4.19973e-08-4.07426e-08-3.73732e-08-3.18372e-08-2.42223e-08-1.47656e-08
-3.85205e-09 8.00252e-09 2.01793e-08 3.19946e-08 4.27444e-08 5.17527e-08
 5.84196e-08 6.22664e-08 6.29747e-08 6.04169e-08 5.46724e-08 4.60299e-08
 3.49716e-08 2.21432e-08 8.31170e-09-5.68708e-09-1.90077e-08-3.08591e-08
-4.05675e-08-4.76321e-08-5.17643e-08-5.29033e-08-5.12025e-08-4.69927e-08
-4.07325e-08-3.29592e-08-2.42414e-08-1.51376e-08-6.15917e-09 2.25603e-09
 9.75924e-09 1.60969e-08 2.11091e-08 2.47215e-08 2.69317e-08 2.77975e-08
 2.74268e-08 2.59697e-08 2.36091e-08 2.05482e-08 1.69971e-08 1.31586e-08
 9.21658e-09 5.32831e-09 1.62108e-09-1.80755e-09-4.88812e-09-7.57640e-09
-9.84894e-09-1.16971e-08-1.31208e-08-1.41250e-08-1.47180e-08-1.49131e-08
-1.47310e-08-1.41997e-08-1.33532e-08-1.22260e-08-1.08487e-08-9.24644e-09
-7.44047e-09-5.45357e-09-3.31447e-09-1.06083e-09 1.25962e-09 3.58955e-09
 5.86426e-09 8.01585e-09 9.97905e-09 1.16975e-08 1.31287e-08 1.42455e-08
 1.50339e-08 1.54871e-08 1.55986e-08 1.53591e-08 1.47573e-08 1.37856e-08
 1.24453e-08 1.07517e-08 8.73612e-09 6.44559e-09 3.94125e-09 1.29423e-09
-1.41985e-09-4.12704e-09-6.75976e-09-9.25870e-09-1.15719e-08-1.36523e-08
-1.54561e-08-1.69427e-08-1.80770e-08-1.88324e-08-1.91917e-08-1.91470e-08
-1.86968e-08-1.78451e-08-1.66006e-08-1.49797e-08-1.30074e-08-1.07197e-08
-8.16439e-09-5.40150e-09-2.50253e-09 4.53693e-10 3.38846e-09 6.23157e-09
 8.92751e-09 1.14370e-08 1.37336e-08 1.57974e-08 1.76086e-08 1.91440e-08
 2.03764e-08 2.12771e-08 2.18190e-08 2.19790e-08 2.17400e-08 2.10919e-08
 2.00320e-08 1.85631e-08 1.66903e-08 1.44186e-08 1.17553e-08 8.71568e-09
 5.33029e-09 1.65017e-09-2.25035e-09-6.27348e-09-1.02991e-08-1.41867e-08
-1.77797e-08-2.09119e-08-2.34185e-08-2.51480e-08-2.59768e-08-2.58239e-08
-2.46612e-08-2.25214e-08-1.94978e-08-1.57410e-08-1.14485e-08-6.85255e-09
-2.20520e-09 2.23482e-09 6.21562e-09 9.50670e-09 1.19166e-08 1.33121e-08
 1.36369e-08 1.29244e-08 1.13056e-08 9.00883e-09 6.35272e-09 3.72883e-09
 1.57473e-09 3.35848e-10
     0.0000e+00     0.0000e+00      0  0  0.00
     512   1.00000  0.0000e+00
-5.20397e-09-5.10285e-09-4.79437e-09-4.27478e-09-3.55344e-09-2.65337e-09
-1.61052e-09-4.72083e-10 7.05743e-10 1.86065e-09 2.92772e-09 3.84370e-09
 4.55163e-09 5.00568e-09 5.17569e-09 5.05136e-09 4.64589e-09 3.99896e-09
 3.17909e-09 2.28515e-09 1.44485e-09 8.07230e-10 5.28078e-10 7.51416e-10
 1.59164e-09 3.11749e-09 5.33611e-09 8.17735e-09 1.14818e-08 1.49966e-08
 1.83822e-08 2.12311e-08 2.30963e-08 2.35278e-08 2.21141e-08 1.85262e-08
 1.25604e-08 4.17793e-09-6.46162e-09-1.89747e-08-3.27414e-08-4.69107e-08
-6.04288e-08-7.20937e-08-8.06322e-08-8.47990e-08-8.35055e-08-7.60038e-08
-6.20929e-08-4.22438e-08-1.75769e-08 1.02851e-08 3.94283e-08 6.78078e-08
 9.33299e-08 1.14006e-07 1.28194e-07 1.34705e-07 1.32721e-07 1.21752e-07
 1.01759e-07 7.33731e-08 3.80836e-08-1.57267e-09-4.18004e-08-7.78444e-08
-1.05073e-07-1.20226e-07-1.22274e-07-1.12622e-07-9.44989e-08-7.19183e-08
-4.87197e-08-2.76901e-08-1.00150e-08 4.57635e-09 1.70506e-08 2.81211e-08
 3.75933e-08 4.43692e-08 4.71426e-08 4.53556e-08 3.97428e-08 3.20510e-08
 2.40998e-08 1.68387e-08 1.01153e-08 3.32821e-09-3.61975e-09-9.93100e-09
-1.44389e-08-1.65516e-08-1.66991e-08-1.58462e-08-1.45823e-08-1.27427e-08
-9.92740e-09-6.27124e-09-2.54383e-09 5.29654e-10 2.88003e-09 4.89425e-09
 6.71643e-09 7.99830e-09 8.39773e-09 8.07624e-09 7.48473e-09 6.79183e-09
 5.81272e-09 4.48611e-09 3.10309e-09 1.94394e-09 9.54222e-10-2.67620e-11
-9.30085e-10-1.58783e-09-2.04007e-09-2.45497e-09-2.84939e-09-3.12763e-09
-3.30891e-09-3.49255e-09-3.67133e-09-3.76832e-09-3.78322e-09-3.75134e-09
-3.64049e-09-3.40218e-09-3.04505e-09-2.58944e-09-2.02942e-09-1.37542e-09
-6.69166e-10 5.14105e-11 7.57316e-10 1.41204e-09 1.98160e-09 2.44825e-09
 2.80470e-09 3.05014e-09 3.19315e-09 3.24790e-09 3.22845e-09 3.14800e-09
 3.01730e-09 2.84130e-09 2.61887e-09 2.34504e-09 2.01378e-09 1.62131e-09
 1.16897e-09 6.64590e-10 1.22849e-10-4.35270e-10-9.84196e-10-1.49664e-09
-1.94720e-09-2.31589e-09-2.59051e-09-2.76719e-09-2.84945e-09-2.84610e-09
-2.76875e-09-2.62900e-09-2.43607e-09-2.19541e-09-1.90890e-09-1.57644e-09
-1.19842e-09-7.78323e-10-3.24487e-10 1.49234e-10 6.24186e-10 1.07876e-09
 1.49100e-09 1.84149e-09 2.11601e-09 2.30722e-09 2.41483e-09 2.44414e-09
 2.40350e-09 2.30147e-09 2.14466e-09 1.93681e-09 1.67924e-09 1.37245e-09
 1.01831e-09 6.22053e-10 1.93797e-10-2.51218e-10-6.93626e-10-1.11220e-09
-1.48687e-09-1.80160e-09-2.04641e-09-2.21774e-09-2.31722e-09-2.34941e-09
-2.31915e-09-2.22946e-09-2.08083e-09-1.87208e-09-1.60225e-09-1.27283e-09
-8.89641e-10-4.63891e-10-1.20207e-11 4.45856e-10 8.88728e-10 1.29786e-09
 1.65918e-09 1.96409e-09 2.20879e-09 2.39235e-09 2.51444e-09 2.57343e-09
 2.56561e-09 2.48577e-09 2.32905e-09 2.09352e-09 1.78228e-09 1.40434e-09
 9.73906e-10 5.08454e-10 2.63865e-11-4.54982e-10-9.20684e-10-1.35852e-09
-1.75860e-09-2.11220e-09-2.41030e-09-2.64263e-09-2.79796e-09-2.86569e-09
-2.83826e-09-2.71306e-09-2.49318e-09-2.18655e-09-1.80432e-09-1.35925e-09
-8.64944e-10-3.35934e-10 2.11855e-10 7.60744e-10 1.29141e-09 1.78347e-09
 2.21653e-09 2.57152e-09 2.83235e-09 2.98752e-09 3.03107e-09 2.96254e-09
 2.78580e-09 2.50749e-09 2.13589e-09 1.68108e-09 1.15620e-09 5.79067e-10
-2.70542e-11-6.34452e-10-1.21379e-09-1.73788e-09-2.18494e-09-2.54019e-09
-2.79537e-09-2.94698e-09-2.99414e-09-2.93731e-09-2.77844e-09-2.52206e-09
-2.17696e-09-1.75727e-09-1.28252e-09-7.76298e-10-2.63873e-10 2.30702e-10
 6.87349e-10 1.09184e-09 1.43630e-09 1.71845e-09 1.94008e-09 2.10545e-09
 2.22030e-09 2.29131e-09 2.32585e-09 2.33151e-09 2.31504e-09 2.28107e-09
 2.23071e-09 2.16069e-09 2.06320e-09 1.92655e-09 1.73660e-09 1.47866e-09
 1.13971e-09 7.10616e-10 1.88314e-10-4.22431e-10-1.10788e-09-1.84492e-09
-2.60147e-09-3.33813e-09-4.01105e-09-4.57607e-09-4.99314e-09-5.23005e-09
-5.26480e-09-5.08645e-09-4.69467e-09-4.09901e-09-3.31836e-09-2.38073e-09
-1.32253e-09-1.86479e-10 9.82209e-10 2.14034e-09 3.25073e-09 4.28439e-09
 5.22059e-09 6.04492e-09 6.74641e-09 7.31443e-09 7.73657e-09 7.99745e-09
 8.07837e-09 7.95718e-09 7.60866e-09 7.00532e-09 6.11935e-09 4.92575e-09
 3.40698e-09 1.55874e-09-6.03871e-10-3.04125e-09-5.68671e-09-8.44682e-09
-1.12044e-08-1.38227e-08-1.61512e-08-1.80315e-08-1.93062e-08-1.98287e-08
-1.94755e-08-1.81575e-08-1.58308e-08-1.25048e-08-8.24875e-09-3.19404e-09
 2.46521e-09 8.47609e-09 1.45345e-08 2.02975e-08 2.54005e-08 2.94803e-08
 3.22021e-08 3.32893e-08 3.25525e-08 2.99145e-08 2.54273e-08 1.92792e-08
 1.17896e-08 3.39068e-09-5.40092e-09-1.40220e-08-2.19061e-08-2.85284e-08
-3.34477e-08-3.63413e-08-3.70297e-08-3.54890e-08-3.18519e-08-2.63953e-08
-1.95167e-08-1.17006e-08-3.47653e-09 4.62711e-09 1.21253e-08 1.86094e-08
 2.37675e-08 2.73938e-08 2.93916e-08 2.97689e-08 2.86277e-08 2.61475e-08
 2.25663e-08 1.81594e-08 1.32176e-08 8.02645e-09 2.84906e-09-2.08562e-09
-6.58934e-09-1.05176e-08-1.37693e-08-1.62838e-08-1.80358e-08-1.90301e-08
-1.92965e-08-1.88857e-08-1.78660e-08-1.63199e-08-1.43417e-08-1.20339e-08
-9.50193e-09-6.84819e-09-4.16675e-09-1.53942e-09 9.66386e-10 3.29812e-09
 5.41699e-09 7.29538e-09 8.91332e-09 1.02550e-08 1.13060e-08 1.20524e-08
 1.24817e-08 1.25858e-08 1.23636e-08 1.18238e-08 1.09850e-08 9.87451e-09
 8.52756e-09 6.98532e-09 5.29400e-09 3.50341e-09 1.66476e-09-1.71950e-10
-1.96027e-09-3.65834e-09-5.22880e-09-6.63830e-09-7.85748e-09-8.86164e-09
-9.63123e-09-1.01513e-08-1.04100e-08-1.03967e-08-1.01013e-08-9.51656e-09
-8.64145e-09-7.48607e-09-6.07417e-09-4.44298e-09-2.64074e-09-7.23675e-10
 1.24638e-09 3.20332e-09 5.07789e-09 6.79877e-09 8.29394e-09 9.49157e-09
 1.03209e-08 1.07136e-08 1.06075e-08 9.95260e-09 8.71907e-09 6.90685e-09
 4.55304e-09 1.73615e-09-1.42348e-09-4.76675e-09-8.10168e-09-1.12118e-08
-1.38672e-08-1.58387e-08-1.69136e-08-1.69138e-08-1.57138e-08-1.32586e-08
-9.57802e-09-4.79711e-09 8.60417e-10 7.07587e-09 1.34462e-08 1.95025e-08
 2.47380e-08 2.86520e-08 3.08057e-08 3.08826e-08 2.87394e-08 2.44388e-08
 1.82564e-08 1.06617e-08 2.27400e-09-6.20115e-09-1.40467e-08-2.06127e-08
-2.53885e-08-2.80584e-08-2.85327e-08-2.69476e-08-2.36357e-08-1.90720e-08
-1.38045e-08-8.38120e-09-3.28457e-09 1.11281e-09 4.56987e-09 6.97879e-09
 8.35253e-09 8.80144e-09 8.50281e-09 7.66796e-09 6.51154e-09 5.22642e-09
 3.96667e-09 2.83959e-09 1.90598e-09 1.18646e-09 6.71211e-10 3.30669e-10
 1.25274e-10 2.55385e-11
     0.0000e+00     0.0000e+00      0  0  0.00
     512   1.00000  0.0000e+00
-1.32818e-08-1.89188e-08-2.48973e-08-3.08566e-08-3.63555e-08-4.08926e-08
-4.39349e-08-4.49557e-08-4.34787e-08-3.91280e-08-3.16773e-08-2.10976e-08
-7.59654e-09 8.35444e-09 2.60093e-08 4.43580e-08 6.21638e-08 7.80436e-08
 9.06050e-08 9.86016e-08 1.01032e-07 9.72265e-08 8.70196e-08 7.09037e-08
 4.99753e-08 2.57908e-08 2.47309e-10-2.46020e-08-4.68131e-08-6.48052e-08
-7.75735e-08-8.48050e-08-8.68369e-08-8.44580e-08-7.86326e-08-7.02823e-08
-6.02097e-08-4.91393e-08-3.78010e-08-2.69682e-08-1.73548e-08-9.40333e-09
-3.15347e-09 1.68252e-09 5.49226e-09 8.53544e-09 1.08800e-08 1.25490e-08
 1.37254e-08 1.48448e-08 1.65640e-08 1.96322e-08 2.46523e-08 3.18117e-08
 4.07772e-08 5.08629e-08 6.13106e-08 7.14041e-08 8.03390e-08 8.70626e-08
 9.03137e-08 8.88123e-08 8.14388e-08 6.74448e-08 4.66947e-08 1.98185e-08
-1.17613e-08-4.59322e-08-8.00290e-08-1.10986e-07-1.35678e-07-1.51415e-07
-1.56369e-07-1.49883e-07-1.32608e-07-1.06374e-07-7.38598e-08-3.81819e-08
-2.45845e-09 3.05226e-08 5.84837e-08 7.97371e-08 9.32332e-08 9.86261e-08
 9.63418e-08 8.75676e-08 7.40681e-08 5.78118e-08 4.05433e-08 2.35196e-08
 7.56038e-09-6.64795e-09-1.82893e-08-2.65021e-08-3.08013e-08-3.14439e-08
-2.93060e-08-2.53159e-08-2.00108e-08-1.36728e-08-6.78771e-09-1.62715e-10
 5.46558e-09 9.78239e-09 1.27682e-08 1.43873e-08 1.45702e-08 1.34062e-08
 1.11658e-08 8.14808e-09 4.61967e-09 8.64670e-10-2.82318e-09-6.19985e-09
-9.07937e-09-1.13175e-08-1.28252e-08-1.35768e-08-1.35948e-08-1.29408e-08
-1.17127e-08-1.00305e-08-8.02455e-09-5.83104e-09-3.58111e-09-1.38992e-09
 6.44794e-10 2.44540e-09 3.95904e-09 5.15601e-09 6.02639e-09 6.57900e-09
 6.83780e-09 6.83658e-09 6.61575e-09 6.21893e-09 5.68878e-09 5.06473e-09
 4.38127e-09 3.66637e-09 2.94189e-09 2.22461e-09 1.52675e-09 8.57167e-10
 2.23192e-10-3.68755e-10-9.12937e-10-1.40326e-09-1.83293e-09-2.19556e-09
-2.48605e-09-2.70060e-09-2.83694e-09-2.89486e-09-2.87607e-09-2.78412e-09
-2.62455e-09-2.40415e-09-2.12996e-09-1.80964e-09-1.45231e-09-1.06845e-09
-6.69291e-10-2.66636e-10 1.27524e-10 5.01459e-10 8.43411e-10 1.14178e-09
 1.38671e-09 1.57157e-09 1.69306e-09 1.75060e-09 1.74571e-09 1.68216e-09
 1.56633e-09 1.40702e-09 1.21433e-09 9.98246e-10 7.67720e-10 5.31165e-10
 2.97136e-10 7.39786e-11-1.30933e-10-3.11755e-10-4.64459e-10-5.86308e-10
-6.75222e-10-7.30313e-10-7.52950e-10-7.47162e-10-7.19041e-10-6.75359e-10
-6.22465e-10-5.66164e-10-5.11745e-10-4.63717e-10-4.25530e-10-3.99085e-10
-3.84469e-10-3.80586e-10-3.85841e-10-3.98210e-10-4.15003e-10-4.32422e-10
-4.45312e-10-4.47672e-10-4.33409e-10-3.96851e-10-3.33312e-10-2.39635e-10
-1.14499e-10 4.12868e-11 2.24614e-10 4.30290e-10 6.51406e-10 8.79767e-10
 1.10637e-09 1.32150e-09 1.51464e-09 1.67484e-09 1.79137e-09 1.85420e-09
 1.85460e-09 1.78596e-09 1.64443e-09 1.42943e-09 1.14403e-09 7.94876e-10
 3.91991e-10-5.15685e-11-5.20257e-10-9.96619e-10-1.46187e-09-1.89659e-09
-2.28148e-09-2.59840e-09-2.83144e-09-2.96780e-09-2.99845e-09-2.91878e-09
-2.72871e-09-2.43261e-09-2.03934e-09-1.56188e-09-1.01634e-09-4.21447e-10
 2.01524e-10 8.29330e-10 1.43746e-09 2.00061e-09 2.49377e-09 2.89372e-09
 3.17996e-09 3.33576e-09 3.35006e-09 3.21918e-09 2.94757e-09 2.54843e-09
 2.04391e-09 1.46375e-09 8.43431e-10 2.21978e-10-3.61557e-10-8.72506e-10
-1.28412e-09-1.58003e-09-1.75609e-09-1.82087e-09-1.79402e-09-1.70337e-09
-1.58106e-09-1.45864e-09-1.36232e-09-1.30978e-09-1.30819e-09-1.35312e-09
-1.42921e-09-1.51263e-09-1.57488e-09-1.58697e-09-1.52339e-09-1.36509e-09
-1.10116e-09-7.30079e-10-2.60500e-10 2.89285e-10 8.93481e-10 1.52135e-09
 2.13967e-09 2.71474e-09 3.21382e-09 3.60694e-09 3.86933e-09 3.98369e-09
 3.94133e-09 3.74190e-09 3.39230e-09 2.90584e-09 2.30177e-09 1.60406e-09
 8.39728e-10 3.65640e-11-7.79209e-10-1.58399e-09-2.35670e-09-3.07863e-09
-3.73336e-09-4.30660e-09-4.78609e-09-5.16110e-09-5.42186e-09-5.55960e-09
-5.56689e-09-5.43809e-09-5.16965e-09-4.75988e-09-4.20884e-09-3.51882e-09
-2.69509e-09-1.74623e-09-6.84385e-10 4.75003e-10 1.71351e-09 3.00965e-09
 4.33852e-09 5.67158e-09 6.97663e-09 8.21769e-09 9.35535e-09 1.03470e-08
 1.11470e-08 1.17079e-08 1.19812e-08 1.19195e-08 1.14792e-08 1.06237e-08
 9.32711e-09 7.57816e-09 5.38442e-09 2.77548e-09-1.94122e-10-3.44338e-09
-6.86509e-09-1.03279e-08-1.36805e-08-1.67577e-08-1.93884e-08-2.14053e-08
-2.26560e-08-2.30142e-08-2.23908e-08-2.07438e-08-1.80856e-08-1.44884e-08
-1.00850e-08-5.06579e-09 3.29769e-10 5.82548e-09 1.11242e-08 1.59258e-08
 1.99466e-08 2.29399e-08 2.47149e-08 2.51524e-08 2.42162e-08 2.19574e-08
 1.85136e-08 1.41002e-08 8.99588e-09 3.52231e-09-1.97929e-09-7.17342e-09
-1.17544e-08-1.54672e-08-1.81224e-08-1.96061e-08-1.98833e-08-1.89968e-08
-1.70611e-08-1.42491e-08-1.07754e-08-6.87690e-09-2.79463e-09 1.24137e-09
 5.02433e-09 8.38042e-09 1.11757e-08 1.33199e-08 1.47658e-08 1.55058e-08
 1.55665e-08 1.50023e-08 1.38894e-08 1.23191e-08 1.03907e-08 8.20498e-09
 5.85935e-09 3.44405e-09 1.04045e-09-1.27989e-09-3.45576e-09-5.43667e-09
-7.18283e-09-8.66469e-09-9.86221e-09-1.07641e-08-1.13668e-08-1.16727e-08
-1.16887e-08-1.14248e-08-1.08929e-08-1.01075e-08-9.08565e-09-7.84699e-09
-6.41478e-09-4.81639e-09-3.08382e-09-1.25380e-09 6.32573e-10 2.53064e-09
 4.39314e-09 6.17140e-09 7.81693e-09 9.28317e-09 1.05272e-08 1.15109e-08
 1.22018e-08 1.25734e-08 1.26066e-08 1.22903e-08 1.16229e-08 1.06125e-08
 9.27806e-09 7.64936e-09 5.76671e-09 3.67908e-09 1.44186e-09-8.84936e-10
-3.23809e-09-5.55257e-09-7.76341e-09-9.80809e-09-1.16288e-08-1.31743e-08
-1.44012e-08-1.52746e-08-1.57695e-08-1.58710e-08-1.55754e-08-1.48899e-08
-1.38333e-08-1.24351e-08-1.07340e-08-8.77596e-09-6.61194e-09-4.29652e-09
-1.88740e-09 5.55610e-10 2.97248e-09 5.30527e-09 7.50009e-09 9.50874e-09
 1.12904e-08 1.28130e-08 1.40550e-08 1.50055e-08 1.56647e-08 1.60434e-08
 1.61607e-08 1.60407e-08 1.57076e-08 1.51811e-08 1.44738e-08 1.35895e-08
 1.25235e-08 1.12620e-08 9.78328e-09 8.06042e-09 6.06799e-09 3.79037e-09
 1.23029e-09-1.58388e-09-4.59315e-09-7.70626e-09-1.08024e-08-1.37383e-08
-1.63582e-08-1.85063e-08-2.00411e-08-2.08503e-08-2.08629e-08-2.00575e-08
-1.84634e-08-1.61578e-08-1.32593e-08-9.92088e-09-6.32105e-09-2.65391e-09
 8.82022e-10 4.09592e-09 6.81686e-09 8.90530e-09 1.02630e-08 1.08417e-08
 1.06500e-08 9.75774e-09 8.29614e-09 6.45242e-09 4.45886e-09 2.57703e-09
 1.07787e-09 2.28871e-10
     0.0000e+00     0.0000e+00      0  0  0.00
     512   1.00000  0.0000e+00
 7.79564e-09 8.27206e-09 8.29284e-09 7.76890e-09 6.63631e-09 4.86630e-09
 2.47456e-09-4.70916e-10-3.84482e-09-7.46320e-09-1.10867e-08-1.44295e-08
-1.71742e-08-1.89939e-08-1.95792e-08-1.86681e-08-1.60816e-08-1.17776e-08
-5.93467e-09 9.85038e-10 8.28866e-09 1.52330e-08 2.11883e-08 2.56469e-08
 2.81471e-08 2.82999e-08 2.59452e-08 2.12803e-08 1.48543e-08 7.44137e-09
-1.60037e-10-7.30891e-09-1.36023e-08-1.88610e-08-2.30665e-08-2.62674e-08
-2.84820e-08-2.96540e-08-2.96887e-08-2.85522e-08-2.63526e-08-2.33067e-08
-1.95807e-08-1.51253e-08-9.64572e-09-2.76374e-09 5.71609e-09 1.56243e-08
 2.64272e-08 3.73559e-08 4.75728e-08 5.63221e-08 6.30477e-08 6.73997e-08
 6.90083e-08 6.72314e-08 6.12914e-08 5.07099e-08 3.55035e-08 1.60124e-08
-7.16152e-09-3.29655e-08-5.98289e-08-8.58024e-08-1.08686e-07-1.26094e-07
-1.35621e-07-1.35159e-07-1.23198e-07-9.91690e-08-6.39238e-08-2.00089e-08
 2.83890e-08 7.57598e-08 1.15987e-07 1.43469e-07 1.54350e-07 1.47516e-07
 1.25044e-07 9.17765e-08 5.40470e-08 1.79335e-08-1.23527e-08-3.52837e-08
-5.16561e-08-6.32464e-08-7.12147e-08-7.52109e-08-7.37781e-08-6.58241e-08
-5.20951e-08-3.54103e-08-1.92823e-08-5.90701e-09 4.76138e-09 1.39738e-08
 2.22394e-08 2.85221e-08 3.14180e-08 3.08288e-08 2.80799e-08 2.44879e-08
 2.03429e-08 1.54568e-08 1.01409e-08 5.15051e-09 9.63117e-10-2.39269e-09
-4.93243e-09-6.56819e-09-7.31522e-09-7.33292e-09-6.77930e-09-5.79634e-09
-4.57027e-09-3.28334e-09-2.06172e-09-1.00794e-09-2.09908e-10 2.91632e-10
 4.96520e-10 4.23416e-10 1.16028e-10-3.60003e-10-9.36277e-10-1.54400e-09
-2.11301e-09-2.58306e-09-2.90849e-09-3.05604e-09-3.00879e-09-2.76758e-09
-2.34660e-09-1.77184e-09-1.07946e-09-3.11118e-10 4.89115e-10 1.27694e-09
 2.01137e-09 2.65658e-09 3.18253e-09 3.56665e-09 3.79525e-09 3.86348e-09
 3.77487e-09 3.53999e-09 3.17455e-09 2.69825e-09 2.13430e-09 1.50841e-09
 8.47223e-10 1.76694e-10-4.78861e-10-1.09706e-09-1.65778e-09-2.14387e-09
-2.54223e-09-2.84423e-09-3.04478e-09-3.14068e-09-3.13067e-09-3.01714e-09
-2.80743e-09-2.51309e-09-2.14726e-09-1.72254e-09-1.25120e-09-7.47333e-10
-2.27971e-10 2.88547e-10 7.85677e-10 1.25014e-09 1.67064e-09 2.03571e-09
 2.33327e-09 2.55269e-09 2.68748e-09 2.73572e-09 2.69788e-09 2.57483e-09
 2.36848e-09 2.08424e-09 1.73255e-09 1.32722e-09 8.82393e-10 4.10918e-10
-7.45452e-11-5.59426e-10-1.02682e-09-1.45975e-09-1.84407e-09-2.16934e-09
-2.42767e-09-2.61178e-09-2.71467e-09-2.73153e-09-2.66194e-09-2.51007e-09
-2.28303e-09-1.98899e-09-1.63679e-09-1.23672e-09-8.01296e-10-3.44889e-10
 1.17537e-10 5.71675e-10 1.00467e-09 1.40506e-09 1.76215e-09 2.06612e-09
 2.30881e-09 2.48443e-09 2.58976e-09 2.62397e-09 2.58822e-09 2.48551e-09
 2.32053e-09 2.09950e-09 1.83000e-09 1.52078e-09 1.18121e-09 8.20808e-10
 4.48997e-10 7.50023e-11-2.92438e-10-6.45432e-10-9.77146e-10-1.28181e-09
-1.55469e-09-1.79204e-09-1.99110e-09-2.14986e-09-2.26661e-09-2.33960e-09
-2.36675e-09-2.34572e-09-2.27422e-09-2.15046e-09-1.97344e-09-1.74332e-09
-1.46176e-09-1.13259e-09-7.62156e-10-3.59347e-10 6.48721e-11 4.98191e-10
 9.28072e-10 1.34281e-09 1.73222e-09 2.08810e-09 2.40435e-09 2.67644e-09
 2.90025e-09 3.07069e-09 3.17986e-09 3.21526e-09 3.15935e-09 2.99105e-09
 2.68875e-09 2.23436e-09 1.61784e-09 8.41694e-10-7.51532e-11-1.09466e-09
-2.15963e-09-3.19770e-09-4.12909e-09-4.87618e-09-5.37283e-09-5.57242e-09
-5.45404e-09-5.02629e-09-4.32729e-09-3.41958e-09-2.38016e-09-1.28860e-09
-2.16792e-10 7.77744e-10 1.65533e-09 2.39533e-09 2.99504e-09 3.46552e-09
 3.82408e-09 4.08636e-09 4.26156e-09 4.35257e-09 4.35920e-09 4.28129e-09
 4.11976e-09 3.87646e-09 3.55438e-09 3.15844e-09 2.69519e-09 2.16998e-09
 1.58335e-09 9.29970e-10 2.02073e-10-6.04105e-10-1.48249e-09-2.41481e-09
-3.37175e-09-4.31528e-09-5.20137e-09-5.98347e-09-6.61771e-09-7.06872e-09
-7.31338e-09-7.34033e-09-7.14607e-09-6.73045e-09-6.09455e-09-5.24163e-09
-4.17997e-09-2.92553e-09-1.50373e-09 4.95580e-11 1.68815e-09 3.35742e-09
 4.99830e-09 6.55256e-09 7.96761e-09 9.19870e-09 1.02083e-08 1.09638e-08
 1.14352e-08 1.15947e-08 1.14183e-08 1.08896e-08 1.00042e-08 8.77360e-09
 7.22693e-09 5.41013e-09 3.38310e-09 1.21507e-09-1.02061e-09-3.25061e-09
-5.40398e-09-7.41285e-09-9.21212e-09-1.07403e-08-1.19423e-08-1.27744e-08
-1.32103e-08-1.32448e-08-1.28967e-08-1.22063e-08-1.12314e-08-1.00406e-08
-8.70543e-09-7.29453e-09-5.86889e-09-4.47908e-09-3.16326e-09-1.94541e-09
-8.33671e-10 1.80456e-10 1.12032e-09 2.01837e-09 2.90706e-09 3.80983e-09
 4.73507e-09 5.67388e-09 6.60121e-09 7.48004e-09 8.26763e-09 8.92244e-09
 9.41006e-09 9.70695e-09 9.80177e-09 9.69560e-09 9.40208e-09 8.94812e-09
 8.37470e-09 7.73566e-09 7.09142e-09 6.49564e-09 5.97826e-09 5.53380e-09
 5.12267e-09 4.68426e-09 4.15343e-09 3.47265e-09 2.59823e-09 1.50408e-09
 1.85105e-10-1.34060e-09-3.03329e-09-4.83679e-09-6.68468e-09-8.50426e-09
-1.02179e-08-1.17443e-08-1.30032e-08-1.39223e-08-1.44453e-08-1.45369e-08
-1.41840e-08-1.33934e-08-1.21883e-08-1.06055e-08-8.69366e-09-6.51324e-09
-4.13538e-09-1.64035e-09 8.85601e-10 3.35506e-09 5.68517e-09 7.80264e-09
 9.64622e-09 1.11664e-08 1.23236e-08 1.30873e-08 1.34370e-08 1.33641e-08
 1.28750e-08 1.19913e-08 1.07482e-08 9.19114e-09 7.37106e-09 5.34229e-09
 3.16205e-09 8.91192e-10-1.40530e-09-3.65937e-09-5.80294e-09-7.77239e-09
-9.51231e-09-1.09769e-08-1.21286e-08-1.29368e-08-1.33759e-08-1.34268e-08
-1.30786e-08-1.23311e-08-1.11958e-08-9.69464e-09-7.85683e-09-5.71646e-09
-3.31217e-09-6.89187e-10 2.09812e-09 4.98477e-09 7.89589e-09 1.07492e-08
 1.34581e-08 1.59342e-08 1.80873e-08 1.98252e-08 2.10553e-08 2.16884e-08
 2.16450e-08 2.08625e-08 1.93012e-08 1.69484e-08 1.38201e-08 9.96301e-09
 5.45719e-09 4.20678e-10-4.98747e-09-1.05679e-08-1.60865e-08-2.12834e-08
-2.58850e-08-2.96176e-08-3.22219e-08-3.34709e-08-3.31893e-08-3.12759e-08
-2.77258e-08-2.26460e-08-1.62636e-08-8.92245e-09-1.07083e-09 6.76185e-09
 1.40002e-08 2.00732e-08 2.44781e-08 2.68479e-08 2.70075e-08 2.50060e-08
 2.11186e-08 1.58174e-08 9.71593e-09 3.49579e-09-2.17425e-09-6.71639e-09
-9.71026e-09-1.09400e-08-1.04156e-08-8.36288e-09-5.18296e-09-1.38794e-09
 2.47575e-09 5.90305e-09 8.49251e-09 9.98496e-09 1.02770e-08 9.41553e-09
 7.57866e-09 5.04527e-09 2.15492e-09-7.36205e-10-3.29767e-09-5.26124e-09
-6.44888e-09-6.79095e-09-6.33345e-09-5.23370e-09-3.74405e-09-2.18363e-09
-9.00367e-10-1.86001e-10
     0.0000e+00     0.0000e+00      0  0  0.00
     512   1.00000  0.0000e+00
 2.32863e-08 3.09926e-08 3.91445e-08 4.72029e-08 5.45042e-08 6.02890e-08
 6.37459e-08 6.40686e-08 6.05249e-08 5.25334e-08 3.97419e-08 2.21025e-08
-6.58655e-11-2.60314e-08-5.46296e-08-8.42754e-08-1.13015e-07-1.38627e-07
-1.58785e-07-1.71282e-07-1.74260e-07-1.66485e-07-1.47677e-07-1.18709e-07
-8.14871e-08-3.86838e-08 6.45465e-09 5.03985e-08 8.97698e-08 1.21791e-07
 1.44679e-07 1.57896e-07 1.62112e-07 1.58859e-07 1.49991e-07 1.37210e-07
 1.21831e-07 1.04831e-07 8.70778e-08 6.95114e-08 5.30577e-08 3.82996e-08
 2.51968e-08 1.31330e-08 1.30239e-09-1.08292e-08-2.33342e-08-3.60241e-08
-4.87758e-08-6.16840e-08-7.50214e-08-8.90414e-08-1.03627e-07-1.17991e-07
-1.30740e-07-1.40309e-07-1.45445e-07-1.45435e-07-1.40001e-07-1.28958e-07
-1.12016e-07-8.89679e-08-6.00856e-08-2.64416e-08 1.00682e-08 4.69536e-08
 8.14980e-08 1.11334e-07 1.34795e-07 1.50826e-07 1.59047e-07 1.59925e-07
 1.54581e-07 1.44405e-07 1.30666e-07 1.14075e-07 9.45946e-08 7.16789e-08
 4.48413e-08 1.43817e-08-1.80140e-08-4.92181e-08-7.53470e-08-9.30274e-08
-1.00709e-07-9.93313e-08-9.18404e-08-8.16670e-08-7.09889e-08-5.99182e-08
-4.72513e-08-3.23144e-08-1.64071e-08-2.44595e-09 7.07752e-09 1.19782e-08
 1.41617e-08 1.54655e-08 1.59316e-08 1.44389e-08 1.07131e-08 6.04772e-09
 1.96148e-09-1.15840e-09-3.68091e-09-5.61013e-09-6.49115e-09-6.12782e-09
-4.76404e-09-2.65798e-09 5.84273e-11 3.17274e-09 6.38768e-09 9.47486e-09
 1.22556e-08 1.45366e-08 1.61760e-08 1.71201e-08 1.73486e-08 1.68668e-08
 1.57356e-08 1.40498e-08 1.19138e-08 9.45224e-09 6.80009e-09 4.08086e-09
 1.40718e-09-1.11908e-09-3.41698e-09-5.42572e-09-7.10081e-09-8.41752e-09
-9.36896e-09-9.96128e-09-1.02140e-08-1.01578e-08-9.82959e-09-9.27016e-09
-8.52208e-09-7.62611e-09-6.62083e-09-5.54290e-09-4.42514e-09-3.29628e-09
-2.18185e-09-1.10389e-09-8.09244e-11 8.70598e-10 1.73569e-09 2.50168e-09
 3.15860e-09 3.69872e-09 4.11682e-09 4.41083e-09 4.58145e-09 4.63143e-09
 4.56548e-09 4.38991e-09 4.11215e-09 3.74208e-09 3.29329e-09 2.78206e-09
 2.22560e-09 1.64134e-09 1.04669e-09 4.58753e-10-1.05607e-10-6.30304e-10
-1.10188e-09-1.51055e-09-1.84929e-09-2.11280e-09-2.29730e-09-2.40145e-09
-2.42725e-09-2.38008e-09-2.26759e-09-2.09833e-09-1.88130e-09-1.62678e-09
-1.34666e-09-1.05291e-09-7.55952e-10-4.63937e-10-1.83194e-10 8.04922e-11
 3.20987e-10 5.32686e-10 7.12244e-10 8.59425e-10 9.76437e-10 1.06619e-09
 1.13104e-09 1.17300e-09 1.19453e-09 1.19892e-09 1.18975e-09 1.16961e-09
 1.13918e-09 1.09781e-09 1.04466e-09 9.79411e-10 9.02009e-10 8.11692e-10
 7.06321e-10 5.82771e-10 4.37997e-10 2.70013e-10 7.84720e-11-1.35279e-10
-3.68492e-10-6.17137e-10-8.75708e-10-1.13712e-09-1.39295e-09-1.63398e-09
-1.85072e-09-2.03327e-09-2.17123e-09-2.25437e-09-2.27349e-09-2.22110e-09
-2.09204e-09-1.88411e-09-1.59865e-09-1.24065e-09-8.18608e-10-3.44063e-10
 1.68865e-10 7.03943e-10 1.24318e-09 1.76719e-09 2.25576e-09 2.68866e-09
 3.04666e-09 3.31276e-09 3.47329e-09 3.51854e-09 3.44292e-09 3.24504e-09
 2.92754e-09 2.49730e-09 1.96593e-09 1.34974e-09 6.68886e-10-5.27553e-11
-7.87458e-10-1.50458e-09-2.17221e-09-2.75905e-09-3.23704e-09-3.58396e-09
-3.78450e-09-3.83073e-09-3.72339e-09-3.47238e-09-3.09593e-09-2.61918e-09
-2.07206e-09-1.48598e-09-8.90614e-10-3.12077e-10 2.28905e-10 7.18623e-10
 1.15015e-09 1.52166e-09 1.83469e-09 2.09217e-09 2.29606e-09 2.44661e-09
 2.54319e-09 2.58559e-09 2.57521e-09 2.51629e-09 2.41573e-09 2.28163e-09
 2.12164e-09 1.94174e-09 1.74476e-09 1.52884e-09 1.28657e-09 1.00558e-09
 6.70767e-10 2.68485e-10-2.08923e-10-7.60236e-10-1.37455e-09-2.03146e-09
-2.70204e-09-3.35106e-09-3.94035e-09-4.43344e-09-4.80038e-09-5.02060e-09
-5.08244e-09-4.98032e-09-4.71165e-09-4.27569e-09-3.67466e-09-2.91581e-09
-2.01355e-09-9.90502e-10 1.23093e-10 1.29062e-09 2.47107e-09 3.62231e-09
 4.70487e-09 5.68516e-09 6.53712e-09 7.24173e-09 7.78486e-09 8.15469e-09
 8.33979e-09 8.32832e-09 8.10834e-09 7.66896e-09 7.00246e-09 6.10728e-09
 4.99060e-09 3.66944e-09 2.16951e-09 5.22403e-10-1.23744e-09-3.07397e-09
-4.94860e-09-6.81825e-09-8.63338e-09-1.03373e-08-1.18672e-08-1.31578e-08
-1.41459e-08-1.47752e-08-1.50009e-08-1.47923e-08-1.41336e-08-1.30235e-08
-1.14739e-08-9.51005e-09-7.17106e-09-4.51235e-09-1.60761e-09 1.45039e-09
 4.55194e-09 7.57565e-09 1.03959e-08 1.28917e-08 1.49544e-08 1.64948e-08
 1.74482e-08 1.77775e-08 1.74754e-08 1.65642e-08 1.50953e-08 1.31476e-08
 1.08228e-08 8.23882e-09 5.51939e-09 2.78437e-09 1.43762e-10-2.30363e-09
-4.46920e-09-6.27417e-09-7.65049e-09-8.54269e-09-8.91117e-09-8.73676e-09
-8.02596e-09-6.81523e-09-5.17260e-09-3.19533e-09-1.00404e-09 1.26509e-09
 3.46751e-09 5.45506e-09 7.07878e-09 8.19345e-09 8.66975e-09 8.41496e-09
 7.39438e-09 5.64182e-09 3.25468e-09 3.78594e-10-2.80965e-09-6.11661e-09
-9.34534e-09-1.23092e-08-1.48454e-08-1.68246e-08-1.81541e-08-1.87762e-08
-1.86657e-08-1.78298e-08-1.63082e-08-1.41719e-08-1.15169e-08-8.45530e-09
-5.10656e-09-1.59121e-09 1.97189e-09 5.46709e-09 8.78403e-09 1.18206e-08
 1.44866e-08 1.67070e-08 1.84254e-08 1.96060e-08 2.02335e-08 2.03096e-08
 1.98485e-08 1.88722e-08 1.74090e-08 1.54942e-08 1.31722e-08 1.04966e-08
 7.53005e-09 4.34269e-09 1.00958e-09-2.39086e-09-5.77803e-09-9.06968e-09
-1.21823e-08-1.50328e-08-1.75418e-08-1.96383e-08-2.12639e-08-2.23732e-08
-2.29328e-08-2.29192e-08-2.23177e-08-2.11236e-08-1.93447e-08-1.70049e-08
-1.41467e-08-1.08318e-08-7.13906e-09-3.15915e-09 1.00999e-09 5.26636e-09
 9.50490e-09 1.36185e-08 1.75007e-08 2.10508e-08 2.41786e-08 2.68061e-08
 2.88680e-08 3.03094e-08 3.10858e-08 3.11643e-08 3.05261e-08 2.91711e-08
 2.71210e-08 2.44199e-08 2.11310e-08 1.73309e-08 1.31048e-08 8.54480e-09
 3.75071e-09-1.17033e-09-6.10739e-09-1.09511e-08-1.55983e-08-1.99546e-08
-2.39352e-08-2.74650e-08-3.04796e-08-3.29272e-08-3.47701e-08-3.59867e-08
-3.65700e-08-3.65233e-08-3.58530e-08-3.45643e-08-3.26621e-08-3.01564e-08
-2.70669e-08-2.34238e-08-1.92635e-08-1.46262e-08-9.55667e-09-4.11034e-09
 1.64010e-09 7.59846e-09 1.36403e-08 1.96109e-08 2.53261e-08 3.05756e-08
 3.51299e-08 3.87517e-08 4.12153e-08 4.23319e-08 4.19763e-08 4.01047e-08
 3.67629e-08 3.20828e-08 2.62740e-08 1.96133e-08 1.24321e-08 5.09947e-09
-1.99887e-09-8.48555e-09-1.40161e-08-1.83021e-08-2.11319e-08-2.23888e-08
-2.20678e-08-2.02902e-08-1.73086e-08-1.35013e-08-9.35054e-09-5.40973e-09
-2.26164e-09-4.79518e-10
     0.0000e+00     0.0000e+00      0  0  0.00
     512   1.00000  0.0000e+00
 1.88421e-08 2.19491e-08 2.46612e-08 2.67327e-08 2.79120e-08 2.79600e-08
 2.66716e-08 2.38982e-08 1.95693e-08 1.37117e-08 6.46419e-09-1.91443e-09
-1.10451e-08-2.04379e-08-2.95124e-08-3.76285e-08-4.41320e-08-4.84237e-08
-5.00515e-08-4.87735e-08-4.45639e-08-3.76441e-08-2.85652e-08-1.81772e-08
-7.46159e-09 2.57988e-09 1.09926e-08 1.70032e-08 2.01429e-08 2.03038e-08
 1.77461e-08 1.30284e-08 6.87554e-09 3.16338e-11-6.84933e-09-1.32317e-08
-1.86602e-08-2.27028e-08-2.49205e-08-2.48998e-08-2.23239e-08-1.70351e-08
-9.05343e-09 1.47330e-09 1.43419e-08 2.92983e-08 4.59576e-08 6.36862e-08
 8.14858e-08 9.79409e-08 1.11334e-07 1.19981e-07 1.22633e-07 1.18639e-07
 1.07739e-07 8.98536e-08 6.51923e-08 3.44698e-08-1.15329e-09-4.01948e-08
-8.08115e-08-1.20784e-07-1.57594e-07-1.88480e-07-2.10620e-07-2.21591e-07
-2.19840e-07-2.04825e-07-1.76967e-07-1.37625e-07-8.91579e-08-3.48932e-08
 2.11438e-08 7.46894e-08 1.21713e-07 1.58847e-07 1.83739e-07 1.95250e-07
 1.93464e-07 1.79562e-07 1.55583e-07 1.24166e-07 8.83002e-08 5.10915e-08
 1.54903e-08-1.60099e-08-4.16570e-08-6.05910e-08-7.27676e-08-7.86602e-08
-7.88999e-08-7.41003e-08-6.49871e-08-5.26782e-08-3.87548e-08-2.48979e-08
-1.23255e-08-1.56004e-09 7.24508e-09 1.38341e-08 1.78257e-08 1.91246e-08
 1.81487e-08 1.55482e-08 1.18283e-08 7.35571e-09 2.57386e-09-2.00416e-09
-5.98317e-09-9.13456e-09-1.13064e-08-1.24096e-08-1.24665e-08-1.15873e-08
-9.91853e-09-7.64285e-09-4.97681e-09-2.13401e-09 6.93129e-10 3.32981e-09
 5.63188e-09 7.49970e-09 8.87289e-09 9.72671e-09 1.00736e-08 9.95506e-09
 9.43162e-09 8.57933e-09 7.48266e-09 6.22608e-09 4.89017e-09 3.54775e-09
 2.25908e-09 1.07086e-09 1.62483e-11-8.85581e-10-1.62748e-09-2.21172e-09
-2.64904e-09-2.95652e-09-3.15412e-09-3.26229e-09-3.30065e-09-3.28643e-09
-3.23373e-09-3.15322e-09-3.05148e-09-2.93117e-09-2.79237e-09-2.63376e-09
-2.45272e-09-2.24592e-09-2.01041e-09-1.74391e-09-1.44495e-09-1.11385e-09
-7.53494e-10-3.68750e-10 3.36950e-11 4.44973e-10 8.54299e-10 1.24996e-09
 1.62023e-09 1.95407e-09 2.24150e-09 2.47337e-09 2.64159e-09 2.74023e-09
 2.76586e-09 2.71710e-09 2.59441e-09 2.40034e-09 2.13960e-09 1.81935e-09
 1.44932e-09 1.04124e-09 6.07893e-10 1.62226e-10-2.82719e-10-7.13349e-10
-1.11609e-09-1.47862e-09-1.79031e-09-2.04210e-09-2.22615e-09-2.33593e-09
-2.36726e-09-2.31919e-09-2.19395e-09-1.99664e-09-1.73474e-09-1.41747e-09
-1.05593e-09-6.63136e-10-2.53583e-10 1.57481e-10 5.54955e-10 9.24377e-10
 1.25178e-09 1.52400e-09 1.72972e-09 1.86035e-09 1.91053e-09 1.87832e-09
 1.76522e-09 1.57600e-09 1.31845e-09 1.00311e-09 6.43039e-10 2.53488e-10
-1.48614e-10-5.45501e-10-9.19235e-10-1.25228e-09-1.52839e-09-1.73366e-09
-1.85737e-09-1.89251e-09-1.83607e-09-1.68906e-09-1.45658e-09-1.14760e-09
-7.74632e-10-3.53594e-10 9.67644e-11 5.55726e-10 1.00143e-09 1.41176e-09
 1.76559e-09 2.04400e-09 2.23150e-09 2.31692e-09 2.29399e-09 2.16151e-09
 1.92350e-09 1.58905e-09 1.17184e-09 6.89792e-10 1.64608e-10-3.79337e-10
-9.16628e-10-1.42204e-09-1.87141e-09-2.24282e-09-2.51778e-09-2.68189e-09
-2.72547e-09-2.64403e-09-2.43827e-09-2.11401e-09-1.68292e-09-1.16291e-09
-5.77868e-10 4.28287e-11 6.65396e-10 1.25393e-09 1.77279e-09 2.18868e-09
 2.47359e-09 2.60816e-09 2.58396e-09 2.40495e-09 2.08836e-09 1.66376e-09
 1.17037e-09 6.53710e-10 1.61548e-10-2.61441e-10-5.79167e-10-7.68436e-10
-8.21941e-10-7.49059e-10-5.73835e-10-3.31379e-10-6.37756e-11 1.84753e-10
 3.73089e-10 4.67958e-10 4.47635e-10 3.03983e-10 4.24806e-11-3.19312e-10
-7.53991e-10-1.22672e-09-1.69819e-09-2.12831e-09-2.47986e-09-2.72144e-09
-2.82939e-09-2.78873e-09-2.59360e-09-2.24781e-09-1.76479e-09-1.16673e-09
-4.83217e-10 2.51091e-10 9.98931e-10 1.72291e-09 2.38833e-09 2.96569e-09
 3.43232e-09 3.77304e-09 3.97986e-09 4.05095e-09 3.99007e-09 3.80582e-09
 3.51051e-09 3.11885e-09 2.64670e-09 2.10971e-09 1.52278e-09 8.99714e-10
 2.53198e-10-4.05124e-10-1.06465e-09-1.71569e-09-2.34886e-09-2.95444e-09
-3.52187e-09-4.03926e-09-4.49341e-09-4.87035e-09-5.15609e-09-5.33715e-09
-5.40115e-09-5.33742e-09-5.13784e-09-4.79761e-09-4.31575e-09-3.69519e-09
-2.94292e-09-2.07009e-09-1.09182e-09-2.68489e-11 1.10274e-09 2.27157e-09
 3.45065e-09 4.60724e-09 5.70537e-09 6.70688e-09 7.57283e-09 8.26522e-09
 8.74879e-09 8.99300e-09 8.97412e-09 8.67748e-09 8.09946e-09 7.24917e-09
 6.14925e-09 4.83565e-09 3.35630e-09 1.76858e-09 1.35950e-10-1.47593e-09
-3.00282e-09-4.38520e-09-5.57086e-09-6.51705e-09-7.19207e-09-7.57693e-09
-7.66690e-09-7.47263e-09-7.02030e-09-6.35071e-09-5.51738e-09-4.58342e-09
-3.61773e-09-2.69028e-09-1.86682e-09-1.20318e-09-7.39898e-10-4.98234e-10
-4.78295e-10-6.59540e-10-1.00271e-09-1.45207e-09-1.93808e-09-2.38221e-09
-2.70504e-09-2.83629e-09-2.72363e-09-2.33784e-09-1.67442e-09-7.53026e-10
 3.84705e-10 1.67912e-09 3.05820e-09 4.44393e-09 5.75804e-09 6.92664e-09
 7.88381e-09 8.57492e-09 8.95946e-09 9.01281e-09 8.72651e-09 8.10718e-09
 7.17467e-09 5.96031e-09 4.50558e-09 2.86116e-09 1.08589e-09-7.54610e-10
-2.59054e-09-4.35147e-09-5.97040e-09-7.38713e-09-8.55044e-09-9.41928e-09
-9.96385e-09-1.01666e-08-1.00227e-08-9.53912e-09-8.73322e-09-7.63053e-09
-6.26348e-09-4.67042e-09-2.89520e-09-9.87040e-10 9.99589e-10 3.00549e-09
 4.96840e-09 6.82582e-09 8.51830e-09 9.99196e-09 1.11999e-08 1.21030e-08
 1.26715e-08 1.28865e-08 1.27407e-08 1.22378e-08 1.13904e-08 1.02182e-08
 8.74707e-09 7.00950e-09 5.04467e-09 2.89856e-09 6.23427e-10-1.72366e-09
-4.08338e-09-6.39726e-09-8.61022e-09-1.06715e-08-1.25349e-08-1.41589e-08
-1.55080e-08-1.65538e-08-1.72754e-08-1.76572e-08-1.76870e-08-1.73561e-08
-1.66612e-08-1.56063e-08-1.42052e-08-1.24810e-08-1.04656e-08-8.19690e-09
-5.71725e-09-3.07072e-09-3.02683e-10 2.54004e-09 5.40930e-09 8.25701e-09
 1.10368e-08 1.37041e-08 1.62132e-08 1.85154e-08 2.05572e-08 2.22823e-08
 2.36345e-08 2.45597e-08 2.50071e-08 2.49299e-08 2.42871e-08 2.30464e-08
 2.11896e-08 1.87179e-08 1.56580e-08 1.20658e-08 8.02596e-09 3.64978e-09
-9.29166e-10-5.55923e-09-1.00771e-08-1.43169e-08-1.81211e-08-2.13497e-08
-2.38862e-08-2.56405e-08-2.65506e-08-2.65847e-08-2.57420e-08-2.40549e-08
-2.15900e-08-1.84479e-08-1.47612e-08-1.06904e-08-6.41827e-09-2.14426e-09
 1.92452e-09 5.58548e-09 8.65575e-09 1.09866e-08 1.24746e-08 1.30701e-08
 1.27835e-08 1.16919e-08 9.94042e-09 7.74025e-09 5.35903e-09 3.10457e-09
 1.30163e-09 2.76940e-10
     0.0000e+00     0.0000e+00      0  0  0.00
     512   1.00000  0.0000e+00
 2.13576e-10 6.59592e-10 1.29268e-09 2.10434e-09 3.06591e-09 4.12708e-09
 5.21640e-09 6.24348e-09 7.10265e-09 7.67851e-09 7.85355e-09 7.51760e-09
 6.57826e-09 4.97172e-09 2.67349e-09-2.91827e-10-3.83826e-09-7.79085e-09
-1.18471e-08-1.55818e-08-1.85444e-08-2.03950e-08-2.09593e-08-2.01815e-08
-1.80924e-08-1.48605e-08-1.08340e-08-6.48351e-09-2.29048e-09 1.34953e-09
 4.19345e-09 6.17212e-09 7.37003e-09 7.99163e-09 8.30640e-09 8.57296e-09
 8.97976e-09 9.63453e-09 1.06177e-08 1.20531e-08 1.41006e-08 1.68489e-08
 2.01966e-08 2.38298e-08 2.73144e-08 3.02212e-08 3.21965e-08 3.29500e-08
 3.22006e-08 2.96398e-08 2.49323e-08 1.77498e-08 7.87294e-09-4.65022e-09
-1.94087e-08-3.56488e-08-5.23899e-08-6.85744e-08-8.30311e-08-9.43276e-08
-1.00949e-07-1.01615e-07-9.53030e-08-8.12662e-08-5.93083e-08-2.99960e-08
 5.28290e-09 4.42280e-08 8.35702e-08 1.19229e-07 1.46742e-07 1.61908e-07
 1.61543e-07 1.44289e-07 1.11220e-07 6.60519e-08 1.47839e-08-3.53296e-08
-7.73107e-08-1.06034e-07-1.19385e-07-1.18516e-07-1.07027e-07-8.93914e-08
-6.92546e-08-4.84306e-08-2.70835e-08-4.93763e-09 1.72842e-08 3.72841e-08
 5.20132e-08 5.94220e-08 5.97965e-08 5.54482e-08 4.89098e-08 4.12073e-08
 3.18594e-08 2.05212e-08 8.31867e-09-2.69675e-09-1.12381e-08-1.74668e-08
-2.19888e-08-2.47838e-08-2.54623e-08-2.41179e-08-2.13695e-08-1.77591e-08
-1.35720e-08-9.12392e-09-4.82023e-09-9.54125e-10 2.31299e-09 4.84297e-09
 6.55446e-09 7.47780e-09 7.69284e-09 7.28931e-09 6.39915e-09 5.18265e-09
 3.78465e-09 2.33760e-09 9.65696e-10-2.37288e-10-1.21001e-09-1.91208e-09
-2.32922e-09-2.47411e-09-2.37545e-09-2.07516e-09-1.62634e-09-1.08392e-09
-5.00235e-10 7.57870e-11 6.03321e-10 1.05196e-09 1.40053e-09 1.63763e-09
 1.76128e-09 1.77671e-09 1.69542e-09 1.53409e-09 1.31228e-09 1.05072e-09
 7.69709e-10 4.86827e-10 2.16100e-10-3.14821e-11-2.47651e-10-4.27132e-10
-5.68110e-10-6.72078e-10-7.42668e-10-7.84465e-10-8.02432e-10-8.01634e-10
-7.87039e-10-7.62863e-10-7.31677e-10-6.94403e-10-6.51326e-10-6.02971e-10
-5.50054e-10-4.92550e-10-4.28786e-10-3.55982e-10-2.72216e-10-1.77895e-10
-7.52059e-11 3.38015e-11 1.48162e-10 2.66783e-10 3.86699e-10 5.02809e-10
 6.09373e-10 7.01823e-10 7.76988e-10 8.31823e-10 8.62664e-10 8.65933e-10
 8.39515e-10 7.83519e-10 6.99544e-10 5.89357e-10 4.54668e-10 2.98263e-10
 1.25232e-10-5.71871e-11-2.41404e-10-4.21106e-10-5.90935e-10-7.45127e-10
-8.76964e-10-9.79708e-10-1.04820e-09-1.07953e-09-1.07250e-09-1.02679e-09
-9.42861e-10-8.22165e-10-6.67868e-10-4.85179e-10-2.80945e-10-6.28310e-11
 1.61215e-10 3.83055e-10 5.94334e-10 7.86747e-10 9.52554e-10 1.08489e-09
 1.17786e-09 1.22694e-09 1.22943e-09 1.18474e-09 1.09404e-09 9.60083e-10
 7.87242e-10 5.81660e-10 3.51116e-10 1.04704e-10-1.47553e-10-3.95135e-10
-6.27599e-10-8.35022e-10-1.00820e-09-1.13901e-09-1.22099e-09-1.24993e-09
-1.22435e-09-1.14566e-09-1.01818e-09-8.48826e-10-6.46713e-10-4.22544e-10
-1.88209e-10 4.37636e-11 2.61168e-10 4.53337e-10 6.12066e-10 7.31920e-10
 8.10173e-10 8.46580e-10 8.42953e-10 8.02684e-10 7.30195e-10 6.30306e-10
 5.07645e-10 3.66440e-10 2.11016e-10 4.68675e-11-1.18130e-10-2.72956e-10
-4.03598e-10-4.93923e-10-5.27014e-10-4.87319e-10-3.63864e-10-1.53913e-10
 1.33823e-10 4.77277e-10 8.41250e-10 1.18023e-09 1.44327e-09 1.58030e-09
 1.54966e-09 1.32604e-09 9.06948e-10 3.15751e-10-3.99536e-10-1.17147e-09
-1.92140e-09-2.56952e-09-3.04566e-09-3.29938e-09-3.30723e-09-3.07497e-09
-2.63460e-09-2.03728e-09-1.34448e-09-6.19247e-10 8.16341e-11 7.13915e-10
 1.24954e-09 1.67636e-09 1.99418e-09 2.20945e-09 2.33099e-09 2.36848e-09
 2.33270e-09 2.23611e-09 2.09325e-09 1.92103e-09 1.73877e-09 1.56747e-09
 1.42677e-09 1.33012e-09 1.28002e-09 1.26606e-09 1.26665e-09 1.25391e-09
 1.19922e-09 1.07809e-09 8.74046e-10 5.81091e-10 2.04122e-10-2.43198e-10
-7.42701e-10-1.27619e-09-1.82798e-09-2.38487e-09-2.93378e-09-3.45894e-09
-3.94025e-09-4.35353e-09-4.67241e-09-4.87164e-09-4.93136e-09-4.84108e-09
-4.60214e-09-4.22757e-09-3.73926e-09-3.16339e-09-2.52607e-09-1.85049e-09
-1.15649e-09-4.61789e-10 2.16262e-10 8.59915e-10 1.45189e-09 1.97812e-09
 2.43176e-09 2.81732e-09 3.15321e-09 3.47150e-09 3.81418e-09 4.22703e-09
 4.75282e-09 5.42507e-09 6.26366e-09 7.27238e-09 8.43767e-09 9.72775e-09
 1.10911e-08 1.24545e-08 1.37205e-08 1.47682e-08 1.54560e-08 1.56307e-08
 1.51398e-08 1.38473e-08 1.16509e-08 8.49766e-09 4.39651e-09-5.73004e-10
-6.25689e-09-1.24270e-08-1.87864e-08-2.49826e-08-3.06286e-08-3.53337e-08
-3.87378e-08-4.05456e-08-4.05571e-08-3.86892e-08-3.49872e-08-2.96241e-08
-2.28876e-08-1.51579e-08-6.87833e-09 1.47873e-09 9.44577e-09 1.65943e-08
 2.25670e-08 2.71057e-08 3.00738e-08 3.14649e-08 3.13939e-08 3.00685e-08
 2.77512e-08 2.47235e-08 2.12611e-08 1.76172e-08 1.40112e-08 1.06178e-08
 7.56197e-09 4.91959e-09 2.72242e-09 9.64897e-10-3.90265e-10-1.40627e-09
-2.16408e-09-2.75121e-09-3.24966e-09-3.72651e-09-4.22961e-09-4.78775e-09
-5.41324e-09-6.10439e-09-6.84681e-09-7.61414e-09-8.36916e-09-9.06635e-09
-9.65622e-09-1.00909e-08-1.03298e-08-1.03438e-08-1.01166e-08-9.64425e-09
-8.93272e-09-7.99521e-09-6.85116e-09-5.52660e-09-4.05533e-09-2.47901e-09
-8.44861e-10 7.98409e-10 2.40499e-09 3.93461e-09 5.35279e-09 6.62944e-09
 7.73729e-09 8.65174e-09 9.35236e-09 9.82525e-09 1.00648e-08 1.00735e-08
 9.86002e-09 9.43644e-09 8.81543e-09 8.00972e-09 7.03359e-09 5.90525e-09
 4.64814e-09 3.28989e-09 1.85953e-09 3.84793e-10-1.10915e-09-2.59898e-09
-4.06124e-09-5.47070e-09-6.80026e-09-8.02289e-09-9.11427e-09-1.00542e-08
-1.08257e-08-1.14126e-08-1.17977e-08-1.19624e-08-1.18896e-08-1.15673e-08
-1.09914e-08-1.01658e-08-9.10069e-09-7.81095e-09-6.31515e-09-4.63662e-09
-2.80459e-09-8.54574e-10 1.17310e-09 3.23654e-09 5.29577e-09 7.31408e-09
 9.25637e-09 1.10857e-08 1.27608e-08 1.42361e-08 1.54637e-08 1.63961e-08
 1.69876e-08 1.71956e-08 1.69824e-08 1.63193e-08 1.51932e-08 1.36142e-08
 1.16206e-08 9.27906e-09 6.67915e-09 3.92403e-09 1.12037e-09-1.63034e-09
-4.23840e-09-6.63109e-09-8.75690e-09-1.05871e-08-1.21125e-08-1.33358e-08
-1.42605e-08-1.48822e-08-1.51848e-08-1.51418e-08-1.47221e-08-1.38990e-08
-1.26591e-08-1.10103e-08-8.98745e-09-6.65682e-09-4.11732e-09-1.49609e-09
 1.06230e-09 3.41084e-09 5.41499e-09 6.96446e-09 7.98071e-09 8.42169e-09
 8.28596e-09 7.61672e-09 6.50411e-09 5.08357e-09 3.52978e-09 2.04720e-09
 8.57244e-10 1.81856e-10
     0.0000e+00     0.0000e+00      0  0  0.00
     512   1.00000  0.0000e+00
-2.60234e-08-2.97292e-08-3.28642e-08-3.50793e-08-3.60122e-08-3.53147e-08
-3.26849e-08-2.79020e-08-2.08597e-08-1.15960e-08-3.15626e-10 1.25961e-08
 2.65708e-08 4.08681e-08 5.46034e-08 6.67921e-08 7.64127e-08 8.24908e-08
 8.42093e-08 8.10222e-08 7.27521e-08 5.97080e-08 4.28037e-08 2.34857e-08
 3.46341e-09-1.54948e-08-3.17060e-08-4.38165e-08-5.10252e-08-5.31768e-08
-5.07577e-08-4.47674e-08-3.64724e-08-2.71270e-08-1.77491e-08-9.02476e-09
-1.35761e-09 4.97107e-09 9.64020e-09 1.22539e-08 1.24346e-08 9.95534e-09
 4.80263e-09-2.90655e-09-1.30699e-08-2.56409e-08-4.05137e-08-5.72646e-08
-7.47974e-08-9.11090e-08-1.03516e-07-1.09466e-07-1.07476e-07-9.74121e-08
-7.99180e-08-5.58195e-08-2.62130e-08 7.33948e-09 4.31241e-08 7.95087e-08
 1.14739e-07 1.46845e-07 1.73689e-07 1.92844e-07 2.01850e-07 1.99173e-07
 1.84956e-07 1.60784e-07 1.28964e-07 9.19785e-08 5.22997e-08 1.23440e-08
-2.58074e-08-6.08132e-08-9.21117e-08-1.19599e-07-1.43165e-07-1.62181e-07
-1.75213e-07-1.80183e-07-1.75017e-07-1.58627e-07-1.31826e-07-9.76226e-08
-6.05953e-08-2.54380e-08 4.64792e-09 2.88275e-08 4.81869e-08 6.41611e-08
 7.69018e-08 8.48832e-08 8.62070e-08 8.05977e-08 7.02284e-08 5.83818e-08
 4.71047e-08 3.62598e-08 2.49521e-08 1.35383e-08 3.72791e-09-3.19010e-09
-7.48868e-09-1.01312e-08-1.14448e-08-1.12132e-08-9.59759e-09-7.24683e-09
-4.68178e-09-2.12244e-09 1.99148e-10 2.00016e-09 3.15036e-09 3.64194e-09
 3.46404e-09 2.65545e-09 1.35037e-09-3.03777e-10-2.17391e-09-4.10106e-09
-5.92680e-09-7.53360e-09-8.82861e-09-9.74027e-09-1.02382e-08-1.03232e-08
-1.00125e-08-9.34675e-09-8.38560e-09-7.19513e-09-5.84748e-09-4.41783e-09
-2.97437e-09-1.57642e-09-2.74004e-10 8.96177e-10 1.90970e-09 2.75224e-09
 3.42135e-09 3.92501e-09 4.27688e-09 4.49413e-09 4.59611e-09 4.60234e-09
 4.53147e-09 4.40020e-09 4.22150e-09 4.00444e-09 3.75587e-09 3.48140e-09
 3.18504e-09 2.86901e-09 2.53426e-09 2.18042e-09 1.80560e-09 1.40766e-09
 9.85883e-10 5.41614e-10 7.90487e-11-3.94071e-10-8.67449e-10-1.33007e-09
-1.77105e-09-2.17987e-09-2.54639e-09-2.86072e-09-3.11354e-09-3.29739e-09
-3.40675e-09-3.43701e-09-3.38446e-09-3.24715e-09-3.02599e-09-2.72550e-09
-2.35386e-09-1.92200e-09-1.44265e-09-9.29621e-10-3.97518e-10 1.38297e-10
 6.62690e-10 1.16179e-09 1.62283e-09 2.03338e-09 2.38097e-09 2.65357e-09
 2.84158e-09 2.93949e-09 2.94607e-09 2.86367e-09 2.69701e-09 2.45256e-09
 2.13890e-09 1.76713e-09 1.35053e-09 9.03928e-10 4.42616e-10-1.80225e-11
-4.62207e-10-8.73782e-10-1.23711e-09-1.53851e-09-1.76773e-09-1.91871e-09
-1.98919e-09-1.97994e-09-1.89406e-09-1.73690e-09-1.51637e-09-1.24324e-09
-9.30943e-10-5.95009e-10-2.52244e-10 8.00186e-11 3.84859e-10 6.47094e-10
 8.54565e-10 9.98904e-10 1.07548e-09 1.08293e-09 1.02288e-09 8.99927e-10
 7.21673e-10 4.98619e-10 2.43735e-10-2.79328e-11-2.99485e-10-5.52982e-10
-7.71036e-10-9.38497e-10-1.04373e-09-1.07927e-09-1.04189e-09-9.32141e-10
-7.53783e-10-5.13418e-10-2.20588e-10 1.11863e-10 4.67619e-10 8.27740e-10
 1.17221e-09 1.48092e-09 1.73418e-09 1.91384e-09 2.00468e-09 1.99555e-09
 1.88058e-09 1.65977e-09 1.33848e-09 9.27125e-10 4.42245e-10-9.25881e-11
-6.47607e-10-1.18895e-09-1.68206e-09-2.09584e-09-2.40571e-09-2.59478e-09
-2.65519e-09-2.58927e-09-2.40881e-09-2.13293e-09-1.78534e-09-1.39096e-09
-9.73011e-10-5.52287e-10-1.47309e-10 2.26565e-10 5.58332e-10 8.41410e-10
 1.07282e-09 1.25170e-09 1.37750e-09 1.44984e-09 1.47044e-09 1.44527e-09
 1.38535e-09 1.30647e-09 1.22773e-09 1.16936e-09 1.14994e-09 1.18288e-09
 1.27255e-09 1.41151e-09 1.58045e-09 1.75140e-09 1.89274e-09 1.97438e-09
 1.97193e-09 1.86911e-09 1.65851e-09 1.34134e-09 9.25744e-10 4.24686e-10
-1.45653e-10-7.66984e-10-1.41947e-09-2.08190e-09-2.73214e-09-3.34736e-09
-3.90411e-09-4.37884e-09-4.74937e-09-4.99748e-09-5.11215e-09-5.09167e-09
-4.94291e-09-4.67865e-09-4.31348e-09-3.85959e-09-3.32418e-09-2.70935e-09
-2.01441e-09-1.23950e-09-3.89043e-10 5.25901e-10 1.48669e-09 2.46800e-09
 3.44004e-09 4.37153e-09 5.23306e-09 6.00032e-09 6.65585e-09 7.18874e-09
 7.59323e-09 7.86781e-09 8.01601e-09 8.04796e-09 7.98149e-09 7.84162e-09
 7.65820e-09 7.46158e-09 7.27615e-09 7.11290e-09 6.96345e-09 6.79755e-09
 6.56497e-09 6.20041e-09 5.62963e-09 4.77562e-09 3.56440e-09 1.93030e-09
-1.78557e-10-2.79433e-09-5.92294e-09-9.53716e-09-1.35698e-08-1.79084e-08
-2.23925e-08-2.68147e-08-3.09263e-08-3.44484e-08-3.70855e-08-3.85450e-08
-3.85597e-08-3.69129e-08-3.34657e-08-2.81824e-08-2.11517e-08-1.25967e-08
-2.87144e-09 7.55728e-09 1.81400e-08 2.82852e-08 3.74065e-08 4.49702e-08
 5.05406e-08 5.38150e-08 5.46474e-08 5.30564e-08 4.92202e-08 4.34583e-08
 3.62045e-08 2.79714e-08 1.93051e-08 1.07333e-08 2.71191e-09-4.41408e-09
-1.04245e-08-1.52146e-08-1.87740e-08-2.11650e-08-2.25035e-08-2.29409e-08
-2.26454e-08-2.17863e-08-2.05245e-08-1.90069e-08-1.73618e-08-1.56937e-08
-1.40780e-08-1.25590e-08-1.11537e-08-9.85787e-09-8.65298e-09-7.51032e-09
-6.39409e-09-5.26428e-09-4.08133e-09-2.81274e-09-1.44058e-09 3.25995e-11
 1.58188e-09 3.16331e-09 4.72108e-09 6.19549e-09 7.52939e-09 8.67262e-09
 9.58518e-09 1.02393e-08 1.06197e-08 1.07213e-08 1.05464e-08 1.01015e-08
 9.39711e-09 8.44797e-09 7.27431e-09 5.90328e-09 4.37053e-09 2.72140e-09
 1.01022e-09-7.03236e-10-2.35880e-09-3.90030e-09-5.27825e-09-6.45216e-09
-7.39362e-09-8.08911e-09-8.53970e-09-8.75626e-09-8.75259e-09-8.54053e-09
-8.12963e-09-7.53060e-09-6.75957e-09-5.84092e-09-4.80771e-09-3.69934e-09
-2.55711e-09-1.41906e-09-3.16725e-10 7.25048e-10 1.68701e-09 2.55624e-09
 3.32955e-09 4.01616e-09 4.63525e-09 5.20862e-09 5.75304e-09 6.27824e-09
 6.79100e-09 7.30141e-09 7.82594e-09 8.38481e-09 8.99452e-09 9.65792e-09
 1.03553e-08 1.10395e-08 1.16374e-08 1.20551e-08 1.21843e-08 1.19064e-08
 1.10983e-08 9.64556e-09 7.46134e-09 4.50738e-09 8.07083e-10-3.55201e-09
-8.42229e-09-1.36007e-08-1.88314e-08-2.38089e-08-2.81872e-08-3.15996e-08
-3.36930e-08-3.41727e-08-3.28488e-08-2.96694e-08-2.47363e-08-1.83025e-08
-1.07555e-08-2.58990e-09 5.63483e-09 1.33494e-08 2.00354e-08 2.52783e-08
 2.88029e-08 3.04881e-08 3.03639e-08 2.85947e-08 2.54525e-08 2.12832e-08
 1.64691e-08 1.13925e-08 6.40509e-09 1.80469e-09-2.17700e-09-5.37851e-09
-7.70800e-09-9.14327e-09-9.73170e-09-9.58373e-09-8.85540e-09-7.72337e-09
-6.36169e-09-4.92678e-09-3.55028e-09-2.33616e-09-1.35813e-09-6.55768e-10
-2.30200e-10-4.21079e-11
     0.0000e+00     0.0000e+00      0  0  0.00
     512   1.00000  0.0000e+00
-1.61124e-08-1.89690e-08-2.16001e-08-2.37487e-08-2.51324e-08-2.54613e-08
-2.44607e-08-2.18966e-08-1.76037e-08-1.15135e-08-3.67848e-09 5.70730e-09
 1.62967e-08 2.75881e-08 3.89368e-08 4.95804e-08 5.86826e-08 6.54102e-08
 6.90573e-08 6.91568e-08 6.54916e-08 5.80624e-08 4.71542e-08 3.34189e-08
 1.78159e-08 1.49254e-09-1.43151e-08-2.84275e-08-3.98927e-08-4.81191e-08
-5.29550e-08-5.46857e-08-5.39311e-08-5.14742e-08-4.80800e-08-4.43876e-08
-4.09064e-08-3.80512e-08-3.61546e-08-3.54382e-08-3.59196e-08-3.72944e-08
-3.89344e-08-4.00403e-08-3.98489e-08-3.77940e-08-3.35472e-08-2.69338e-08
-1.78215e-08-6.07893e-09 8.39106e-09 2.55728e-08 4.52044e-08 6.66088e-08
 8.86201e-08 1.09735e-07 1.28394e-07 1.43118e-07 1.52457e-07 1.55002e-07
 1.49583e-07 1.35467e-07 1.12388e-07 8.06110e-08 4.10918e-08-4.41937e-09
-5.33926e-08-1.02582e-07-1.48197e-07-1.86237e-07-2.12927e-07-2.25193e-07
-2.21165e-07-2.00613e-07-1.65181e-07-1.18317e-07-6.48873e-08-1.04721e-08
 3.95288e-08 8.07622e-08 1.10538e-07 1.28024e-07 1.33981e-07 1.30158e-07
 1.18613e-07 1.01249e-07 7.97109e-08 5.55913e-08 3.07079e-08 7.13943e-09
-1.30933e-08-2.85417e-08-3.86832e-08-4.38427e-08-4.47419e-08-4.20552e-08
-3.63227e-08-2.81953e-08-1.86378e-08-8.79095e-09 3.78741e-10 8.27045e-09
 1.45418e-08 1.89367e-08 2.12861e-08 2.16138e-08 2.01474e-08 1.72207e-08
 1.32022e-08 8.48679e-09 3.47995e-09-1.44394e-09-5.96844e-09-9.84078e-09
-1.28810e-08-1.49895e-08-1.61395e-08-1.63653e-08-1.57548e-08-1.44367e-08
-1.25641e-08-1.03018e-08-7.81450e-09-5.25564e-09-2.75977e-09-4.38236e-10
 1.62416e-09 3.37047e-09 4.76984e-09 5.81460e-09 6.51702e-09 6.90480e-09
 7.01595e-09 6.89439e-09 6.58617e-09 6.13595e-09 5.58459e-09 4.96775e-09
 4.31487e-09 3.64870e-09 2.98583e-09 2.33767e-09 1.71130e-09 1.11070e-09
 5.38412e-10-3.67850e-12-5.14040e-10-9.90344e-10-1.42869e-09-1.82423e-09
-2.17180e-09-2.46559e-09-2.69935e-09-2.86698e-09-2.96310e-09-2.98405e-09
-2.92894e-09-2.79962e-09-2.59987e-09-2.33545e-09-2.01467e-09-1.64825e-09
-1.24873e-09-8.29857e-10-4.05477e-10 1.13312e-11 4.07977e-10 7.72129e-10
 1.09279e-09 1.36159e-09 1.57314e-09 1.72443e-09 1.81417e-09 1.84276e-09
 1.81304e-09 1.73056e-09 1.60304e-09 1.43914e-09 1.24742e-09 1.03629e-09
 8.14523e-10 5.91021e-10 3.74111e-10 1.70739e-10-1.42415e-11-1.77779e-10
-3.17775e-10-4.33059e-10-5.23891e-10-5.92135e-10-6.40959e-10-6.74037e-10
-6.94985e-10-7.07525e-10-7.15448e-10-7.22154e-10-7.30392e-10-7.41829e-10
-7.56688e-10-7.74078e-10-7.92295e-10-8.08641e-10-8.19442e-10-8.20198e-10
-8.05820e-10-7.71353e-10-7.12509e-10-6.25685e-10-5.08125e-10-3.58273e-10
-1.76046e-10 3.68123e-11 2.76480e-10 5.37173e-10 8.11278e-10 1.08950e-09
 1.36126e-09 1.61509e-09 1.83876e-09 2.01997e-09 2.14707e-09 2.20961e-09
 2.19898e-09 2.10896e-09 1.93616e-09 1.68042e-09 1.34525e-09 9.37978e-10
 4.69793e-10-4.43202e-11-5.86153e-10-1.13501e-09-1.66854e-09-2.16368e-09
-2.59775e-09-2.94967e-09-3.20127e-09-3.33831e-09-3.35126e-09-3.23612e-09
-2.99453e-09-2.63347e-09-2.16507e-09-1.60615e-09-9.77048e-10-3.00714e-10
 3.97781e-10 1.09218e-09 1.75579e-09 2.36170e-09 2.88337e-09 3.29566e-09
 3.57559e-09 3.70357e-09 3.66565e-09 3.45571e-09 3.07707e-09 2.54420e-09
 1.88387e-09 1.13451e-09 3.44479e-10-4.31025e-10-1.13509e-09-1.71558e-09
-2.13106e-09-2.35566e-09-2.38292e-09-2.22764e-09-1.92450e-09-1.52414e-09
-1.08663e-09-6.72963e-10-3.36526e-10-1.16626e-10-3.41857e-11-8.95384e-11
-2.63018e-10-5.18651e-10-8.10198e-10-1.08839e-09-1.30783e-09-1.43204e-09
-1.43585e-09-1.30641e-09-1.04343e-09-6.58135e-10-1.70940e-10 3.91142e-10
 9.96809e-10 1.61191e-09 2.20000e-09 2.72338e-09 3.14533e-09 3.43343e-09
 3.56282e-09 3.51873e-09 3.29771e-09 2.90831e-09 2.37077e-09 1.71491e-09
 9.76647e-10 1.93714e-10-5.98370e-10-1.36853e-09-2.09057e-09-2.74292e-09
-3.30804e-09-3.77176e-09-4.12295e-09-4.35326e-09-4.45741e-09-4.43409e-09
-4.28673e-09-4.02354e-09-3.65643e-09-3.19884e-09-2.66315e-09-2.05912e-09
-1.39310e-09-6.68308e-10 1.13909e-10 9.52040e-10 1.84245e-09 2.77758e-09
 3.74505e-09 4.72769e-09 5.70394e-09 6.64810e-09 7.53020e-09 8.31536e-09
 8.96284e-09 9.42586e-09 9.65236e-09 9.58724e-09 9.17643e-09 8.37207e-09
 7.13805e-09 5.45558e-09 3.32770e-09 7.82439e-10-2.12502e-09-5.31136e-09
-8.66528e-09-1.20488e-08-1.53001e-08-1.82387e-08-2.06731e-08-2.24122e-08
-2.32783e-08-2.31228e-08-2.18410e-08-1.93859e-08-1.57790e-08-1.11172e-08
-5.57417e-09 6.02597e-10 7.10197e-09 1.35649e-08 1.96065e-08 2.48432e-08
 2.89226e-08 3.15526e-08 3.25275e-08 3.17479e-08 2.92315e-08 2.51145e-08
 1.96432e-08 1.31559e-08 6.05792e-09-1.20823e-09-8.19614e-09-1.44884e-08
-1.97276e-08-2.36424e-08-2.60661e-08-2.69447e-08-2.63336e-08-2.43824e-08
-2.13128e-08-1.73930e-08-1.29142e-08-8.16823e-09-3.43032e-09 1.05634e-09
 5.09100e-09 8.52152e-09 1.12464e-08 1.32136e-08 1.44174e-08 1.48921e-08
 1.47053e-08 1.39478e-08 1.27243e-08 1.11443e-08 9.31523e-09 7.33737e-09
 5.30087e-09 3.28370e-09 1.35023e-09-4.49432e-10-2.07935e-09-3.51667e-09
-4.74954e-09-5.77414e-09-6.59159e-09-7.20540e-09-7.61989e-09-7.83967e-09
-7.86976e-09-7.71601e-09-7.38538e-09-6.88582e-09-6.22598e-09-5.41531e-09
-4.46497e-09-3.38928e-09-2.20698e-09-9.41792e-10 3.77904e-10 1.72010e-09
 3.05046e-09 4.33337e-09 5.53259e-09 6.61174e-09 7.53509e-09 8.26893e-09
 8.78341e-09 9.05449e-09 9.06571e-09 8.80912e-09 8.28521e-09 7.50221e-09
 6.47565e-09 5.22838e-09 3.79085e-09 2.20085e-09 5.02507e-10-1.25539e-09
-3.02141e-09-4.74364e-09-6.37141e-09-7.85660e-09-9.15472e-09-1.02262e-08
-1.10383e-08-1.15667e-08-1.17968e-08-1.17245e-08-1.13553e-08-1.07032e-08
-9.78908e-09-8.64014e-09-7.28928e-09-5.77440e-09-4.13713e-09-2.42126e-09
-6.71197e-10 1.06949e-09 2.75913e-09 4.35869e-09 5.83231e-09 7.14845e-09
 8.28178e-09 9.21541e-09 9.94223e-09 1.04651e-08 1.07960e-08 1.09545e-08
 1.09655e-08 1.08563e-08 1.06531e-08 1.03771e-08 1.00398e-08 9.63944e-09
 9.15836e-09 8.56306e-09 7.80736e-09 6.83895e-09 5.60840e-09 4.07943e-09
 2.23838e-09 1.02008e-10-2.27776e-09-4.81317e-09-7.38551e-09-9.85526e-09
-1.20756e-08-1.39069e-08-1.52299e-08-1.59559e-08-1.60344e-08-1.54551e-08
-1.42478e-08-1.24792e-08-1.02480e-08-7.67830e-09-4.91211e-09-2.10110e-09
 6.01645e-10 3.05005e-09 5.11406e-09 6.68850e-09 7.70127e-09 8.12010e-09
 7.95739e-09 7.27185e-09 6.16662e-09 4.78415e-09 3.29815e-09 1.90209e-09
 7.94253e-10 1.68473e-10
     0.0000e+00     0.0000e+00      0  0  0.00
     512   1.00000  0.0000e+00
-1.44048e-08-1.59678e-08-1.70837e-08-1.76044e-08-1.73937e-08-1.63397e-08
-1.43680e-08-1.14540e-08-7.63412e-09-3.01332e-09 2.23014e-09 7.84607e-09
 1.35198e-08 1.88866e-08 2.35523e-08 2.71208e-08 2.92302e-08 2.96120e-08
 2.81648e-08 2.49797e-08 2.02858e-08 1.44240e-08 7.89486e-09 1.32948e-09
-4.63724e-09-9.43138e-09-1.25650e-08-1.37061e-08-1.27343e-08-9.75744e-09
-5.10312e-09 7.40384e-10 7.21192e-09 1.37608e-08 1.98946e-08 2.51658e-08
 2.91325e-08 3.13489e-08 3.13996e-08 2.89643e-08 2.38733e-08 1.61286e-08
 5.89058e-09-6.56226e-09-2.08723e-08-3.65894e-08-5.31110e-08-6.96425e-08
-8.52128e-08-9.87314e-08-1.09061e-07-1.15119e-07-1.15997e-07-1.11033e-07
-9.97743e-08-8.19344e-08-5.75204e-08-2.70376e-08 8.45751e-09 4.74404e-08
 8.79700e-08 1.27723e-07 1.64099e-07 1.94361e-07 2.15797e-07 2.25919e-07
 2.22758e-07 2.05169e-07 1.73075e-07 1.27672e-07 7.15845e-08 8.81748e-09
-5.55458e-08-1.15839e-07-1.66494e-07-2.02834e-07-2.21799e-07-2.22455e-07
-2.06121e-07-1.76046e-07-1.36710e-07-9.29037e-08-4.88993e-08-7.93175e-09
 2.78835e-08 5.72684e-08 7.93826e-08 9.35832e-08 9.95053e-08 9.73773e-08
 8.82862e-08 7.41083e-08 5.70491e-08 3.90568e-08 2.15016e-08 5.29191e-09
-8.78974e-09-1.99420e-08-2.75505e-08-3.14815e-08-3.21014e-08-3.00027e-08
-2.57618e-08-1.99397e-08-1.31792e-08-6.17272e-09 4.74686e-10 6.31344e-09
 1.10219e-08 1.43880e-08 1.63264e-08 1.68759e-08 1.61665e-08 1.43967e-08
 1.18165e-08 8.69966e-09 5.31649e-09 1.91909e-09-1.27161e-09-4.07970e-09
-6.37980e-09-8.09627e-09-9.20195e-09-9.71326e-09-9.68123e-09-9.18309e-09
-8.31408e-09-7.17781e-09-5.87771e-09-4.51050e-09-3.16078e-09-1.89703e-09
-7.69929e-10 1.87711e-10 9.60044e-10 1.54632e-09 1.95788e-09 2.21486e-09
 2.34339e-09 2.37285e-09 2.33270e-09 2.25005e-09 2.14813e-09 2.04509e-09
 1.95344e-09 1.88030e-09 1.82749e-09 1.79199e-09 1.76730e-09 1.74487e-09
 1.71469e-09 1.66635e-09 1.59053e-09 1.47965e-09 1.32824e-09 1.13402e-09
 8.98142e-10 6.24225e-10 3.17637e-10-1.42509e-11-3.61895e-10-7.14127e-10
-1.05907e-09-1.38507e-09-1.68125e-09-1.93727e-09-2.14352e-09-2.29207e-09
-2.37738e-09-2.39610e-09-2.34705e-09-2.23118e-09-2.05119e-09-1.81175e-09
-1.51986e-09-1.18444e-09-8.15636e-10-4.23883e-10-1.99858e-11 3.84048e-10
 7.75294e-10 1.14121e-09 1.47040e-09 1.75286e-09 1.97980e-09 2.14353e-09
 2.23823e-09 2.26050e-09 2.20934e-09 2.08635e-09 1.89557e-09 1.64314e-09
 1.33739e-09 9.88915e-10 6.10223e-10 2.15095e-10-1.82181e-10-5.67298e-10
-9.25867e-10-1.24391e-09-1.50900e-09-1.71101e-09-1.84221e-09-1.89737e-09
-1.87409e-09-1.77318e-09-1.59881e-09-1.35839e-09-1.06223e-09-7.23185e-10
-3.56072e-10 2.31415e-11 3.97817e-10 7.51060e-10 1.06657e-09 1.32957e-09
 1.52741e-09 1.65013e-09 1.69099e-09 1.64692e-09 1.51896e-09 1.31212e-09
 1.03515e-09 7.00579e-10 3.24297e-10-7.53523e-11-4.78514e-10-8.64637e-10
-1.21338e-09-1.50560e-09-1.72446e-09-1.85646e-09-1.89227e-09-1.82742e-09
-1.66285e-09-1.40505e-09-1.06553e-09-6.60218e-10-2.08920e-10 2.65798e-10
 7.40146e-10 1.19033e-09 1.59348e-09 1.92884e-09 2.17877e-09 2.32911e-09
 2.36955e-09 2.29405e-09 2.10111e-09 1.79396e-09 1.38119e-09 8.76968e-10
 3.01215e-10-3.19950e-10-9.54070e-10-1.56356e-09-2.10769e-09-2.54506e-09
-2.83750e-09-2.95458e-09-2.87760e-09-2.60319e-09-2.14621e-09-1.54041e-09
-8.35986e-10-9.51483e-11 6.14091e-10 1.22570e-09 1.68356e-09 1.94839e-09
 2.00320e-09 1.85579e-09 1.53721e-09 1.09700e-09 5.96428e-10 1.00409e-10
-3.30848e-10-6.48997e-10-8.22779e-10-8.40481e-10-7.09162e-10-4.51194e-10
-9.95843e-11 3.06547e-10 7.26011e-10 1.11927e-09 1.45120e-09 1.69277e-09
 1.82185e-09 1.82350e-09 1.69038e-09 1.42408e-09 1.03605e-09 5.47733e-10
-1.04552e-11-6.01740e-10-1.18622e-09-1.72431e-09-2.18063e-09-2.52759e-09
-2.74772e-09-2.83446e-09-2.79089e-09-2.62704e-09-2.35734e-09-1.99854e-09
-1.56820e-09-1.08401e-09-5.63763e-10-2.54383e-11 5.12535e-10 1.03168e-09
 1.51479e-09 1.94767e-09 2.32085e-09 2.63051e-09 2.87798e-09 3.06811e-09
 3.20713e-09 3.30032e-09 3.34991e-09 3.35413e-09 3.30706e-09 3.19947e-09
 3.02014e-09 2.75707e-09 2.39822e-09 1.93178e-09 1.34633e-09 6.31287e-10
-2.21629e-10-1.21599e-09-2.34760e-09-3.60112e-09-4.94738e-09-6.34194e-09
-7.72530e-09-9.02487e-09-1.01584e-08-1.10385e-08-1.15767e-08-1.16893e-08
-1.13019e-08-1.03550e-08-8.81093e-09-6.66011e-09-3.92771e-09-6.78973e-10
 2.97789e-09 6.89227e-09 1.08757e-08 1.47105e-08 1.81617e-08 2.09921e-08
 2.29787e-08 2.39304e-08 2.37051e-08 2.22257e-08 1.94934e-08 1.55945e-08
 1.07021e-08 5.06778e-09-9.92350e-10-7.11964e-09-1.29390e-08-1.80873e-08
-2.22417e-08-2.51443e-08-2.66218e-08-2.65980e-08-2.51000e-08-2.22551e-08
-1.82805e-08-1.34651e-08-8.14509e-09-2.67383e-09 2.60778e-09 7.39813e-09
 1.14541e-08 1.46015e-08 1.67383e-08 1.78326e-08 1.79161e-08 1.70753e-08
 1.54399e-08 1.31701e-08 1.04435e-08 7.44377e-09 4.35007e-09 1.32738e-09
-1.48146e-09-3.96168e-09-6.02947e-09-7.63185e-09-8.74434e-09-9.36762e-09
-9.52390e-09-9.25344e-09-8.61085e-09-7.66101e-09-6.47460e-09-5.12370e-09
-3.67787e-09-2.20119e-09-7.50287e-10 6.26275e-10 1.88763e-09 3.00001e-09
 3.93656e-09 4.67781e-09 5.21222e-09 5.53635e-09 5.65411e-09 5.57553e-09
 5.31529e-09 4.89153e-09 4.32516e-09 3.63967e-09 2.86100e-09 2.01708e-09
 1.13673e-09 2.48169e-10-6.22407e-10-1.45157e-09-2.21857e-09-2.90480e-09
-3.49361e-09-3.97082e-09-4.32579e-09-4.55232e-09-4.64893e-09-4.61857e-09
-4.46769e-09-4.20512e-09-3.84097e-09-3.38605e-09-2.85198e-09-2.25136e-09
-1.59750e-09-9.03735e-10-1.82546e-10 5.54522e-10 1.29618e-09 2.03020e-09
 2.74242e-09 3.41629e-09 4.03316e-09 4.57269e-09 5.01335e-09 5.33278e-09
 5.50838e-09 5.51820e-09 5.34248e-09 4.96598e-09 4.38117e-09 3.59136e-09
 2.61265e-09 1.47455e-09 2.19546e-10-1.09798e-09-2.41358e-09-3.65578e-09
-4.75038e-09-5.62570e-09-6.21807e-09-6.47732e-09-6.37146e-09-5.89017e-09
-5.04695e-09-3.88017e-09-2.45348e-09-8.55240e-10 8.03736e-10 2.39602e-09
 3.78831e-09 4.85628e-09 5.49999e-09 5.65686e-09 5.31029e-09 4.49320e-09
 3.28602e-09 1.80881e-09 2.08508e-10-1.35726e-09-2.73754e-09-3.80496e-09
-4.46981e-09-4.68903e-09-4.46887e-09-3.86132e-09-2.95536e-09-1.86412e-09
-7.09447e-10 3.93164e-10 1.34607e-09 2.07663e-09 2.54095e-09 2.72518e-09
 2.64413e-09 2.33726e-09 1.86270e-09 1.29029e-09 6.93979e-10 1.43647e-10
-3.02926e-10-6.06450e-10-7.49884e-10-7.39654e-10-6.05073e-10-3.96410e-10
-1.81376e-10-4.08409e-11
