      10
(6e12.5)
     0.0000e+00     0.0000e+00      0  0  0.00
     401   1.00000  0.0000e+00
-7.58549e-09-2.39212e-08-3.88932e-08-5.16694e-08-6.15932e-08-6.83192e-08
-7.17388e-08-7.19122e-08-6.90962e-08-6.36967e-08-5.61971e-08-4.71471e-08
-3.71269e-08-2.66896e-08-1.63425e-08-6.53055e-09 2.38901e-09 1.01507e-08
 1.65780e-08 2.15856e-08 2.51684e-08 2.73880e-08 2.83617e-08 2.82475e-08
 2.72293e-08 2.55044e-08 2.32707e-08 2.07140e-08 1.80010e-08 1.52728e-08
 1.26416e-08 1.01897e-08 7.97098e-09 6.01260e-09 4.31892e-09 2.87443e-09
 1.64833e-09 6.01050e-10-3.09705e-10-1.12442e-09-1.87845e-09-2.59972e-09
-3.30686e-09-4.00822e-09-4.70168e-09-5.37453e-09-6.00401e-09-6.55983e-09
-7.00803e-09-7.31476e-09-7.44948e-09-7.38792e-09-7.11465e-09-6.62456e-09
-5.92331e-09-5.02797e-09-3.96712e-09-2.77960e-09-1.51189e-09-2.15677e-10
 1.05451e-09 2.24372e-09 3.29936e-09 4.17485e-09 4.83329e-09 5.24996e-09
 5.41329e-09 5.32497e-09 4.99940e-09 4.46228e-09 3.74915e-09 2.90421e-09
 1.97773e-09 1.02151e-09 8.48504e-11-7.86869e-10-1.55271e-09-2.17807e-09
-2.63818e-09-2.92118e-09-3.02838e-09-2.97128e-09-2.76789e-09-2.44150e-09
-2.02132e-09-1.54193e-09-1.03964e-09-5.47779e-10-9.34674e-11 3.02325e-10
 6.22579e-10 8.53807e-10 9.89666e-10 1.03453e-09 1.00179e-09 9.08353e-10
 7.70636e-10 6.04247e-10 4.25750e-10 2.53101e-10 1.03156e-10-1.19819e-11
-8.68623e-11-1.21163e-10-1.16218e-10-7.39400e-11 6.93180e-13 9.77457e-11
 2.04040e-10 3.07130e-10 3.98504e-10 4.73753e-10 5.30334e-10 5.65936e-10
 5.78926e-10 5.69857e-10 5.42173e-10 5.00922e-10 4.50515e-10 3.93955e-10
 3.33366e-10 2.70063e-10 2.04158e-10 1.34104e-10 5.61500e-11-3.50822e-11
-1.44699e-10-2.76271e-10-4.31333e-10-6.08333e-10-8.01843e-10-1.00313e-09
-1.20129e-09-1.38382e-09-1.53634e-09-1.64219e-09-1.68328e-09-1.64260e-09
-1.50750e-09-1.27205e-09-9.37184e-10-5.09994e-10-4.00661e-12 5.60156e-10
 1.15573e-09 1.75170e-09 2.31434e-09 2.80825e-09 3.19734e-09 3.44648e-09
 3.52543e-09 3.41318e-09 3.09973e-09 2.58522e-09 1.87952e-09 1.00327e-09
-9.57968e-12-1.11018e-09-2.23644e-09-3.31786e-09-4.28108e-09-5.05422e-09
-5.57044e-09-5.77284e-09-5.62210e-09-5.10432e-09-4.23493e-09-3.05800e-09
-1.64281e-09-7.96881e-11 1.52449e-09 3.05331e-09 4.39195e-09 5.43988e-09
 6.12136e-09 6.39134e-09 6.23720e-09 5.67852e-09 4.76596e-09 3.57776e-09
 2.21260e-09 7.79422e-10-6.13821e-10-1.86956e-09-2.90668e-09-3.66494e-09
-4.10870e-09-4.22953e-09-4.04611e-09-3.60049e-09-2.95164e-09-2.16838e-09
-1.32323e-09-4.86662e-10 2.78481e-10 9.22086e-10 1.41020e-09 1.72576e-09
 1.86733e-09 1.84686e-09 1.68668e-09 1.41653e-09 1.07118e-09 6.87923e-10
 3.03889e-10-4.60749e-11-3.31537e-10-5.28904e-10-6.23517e-10-6.11282e-10
-4.99630e-10-3.07079e-10-6.13823e-11 2.03535e-10 4.51849e-10 6.50245e-10
 7.71149e-10 7.94701e-10 7.09638e-10 5.13162e-10 2.10468e-10-1.85798e-10
-6.56146e-10-1.17444e-09-1.70793e-09-2.21808e-09-2.66236e-09-2.99726e-09
-3.18281e-09-3.18768e-09-2.99315e-09-2.59565e-09-2.00764e-09-1.25655e-09
-3.81708e-10 5.69454e-10 1.54534e-09 2.49296e-09 3.35975e-09 4.09542e-09
 4.65422e-09 4.99792e-09 5.09952e-09 4.94717e-09 4.54717e-09 3.92508e-09
 3.12439e-09 2.20219e-09 1.22310e-09 2.52988e-10-6.46352e-10-1.42060e-09
-2.02463e-09-2.42396e-09-2.59669e-09-2.53575e-09-2.25124e-09-1.77241e-09
-1.14845e-09-4.46651e-10 2.52857e-10 8.65256e-10 1.30967e-09 1.51666e-09
 1.43393e-09 1.03026e-09 2.97719e-10-7.47030e-10-2.06206e-09-3.58023e-09
-5.21050e-09-6.84125e-09-8.34656e-09-9.59571e-09-1.04652e-08-1.08515e-08
-1.06810e-08-9.91646e-09-8.55897e-09-6.64743e-09-4.25571e-09-1.48773e-09
 1.52863e-09 4.64769e-09 7.71314e-09 1.05675e-08 1.30638e-08 1.50780e-08
 1.65194e-08 1.73372e-08 1.75223e-08 1.71051e-08 1.61507e-08 1.47532e-08
 1.30300e-08 1.11156e-08 9.15303e-09 7.28431e-09 5.63724e-09 4.31049e-09
 3.35831e-09 2.77922e-09 2.51221e-09 2.44026e-09 2.39854e-09 2.18568e-09
 1.57867e-09 3.51411e-10-1.70392e-09-4.75306e-09-8.89420e-09-1.41337e-08
-2.03680e-08-2.73755e-08-3.48213e-08-4.22748e-08-4.92361e-08-5.51693e-08
-5.95381e-08-6.18436e-08-6.16646e-08-5.86995e-08-5.28030e-08-4.40133e-08
-3.25638e-08-1.88795e-08-3.55475e-09 1.26858e-08 2.90406e-08 4.46899e-08
 5.88562e-08 7.08641e-08 8.01950e-08 8.65317e-08 8.97804e-08 9.00653e-08
 8.76889e-08 8.30640e-08 7.66387e-08 6.88470e-08 6.00937e-08 5.07453e-08
 4.11065e-08 3.13920e-08 2.17120e-08 1.20748e-08 2.41052e-09-7.39031e-09
-1.74364e-08-2.78067e-08-3.85247e-08-4.95098e-08-6.05021e-08-7.10144e-08
-8.03684e-08-8.78058e-08-9.26142e-08-9.42176e-08-9.22271e-08-8.64761e-08
-7.70524e-08-6.43154e-08-4.88810e-08-3.15706e-08-1.33362e-08 4.81632e-09
 2.18962e-08 3.69908e-08 4.93278e-08 5.83334e-08 6.36762e-08 6.52827e-08
 6.33284e-08 5.82105e-08 5.05102e-08 4.09434e-08 3.03033e-08 1.93983e-08
 8.99088e-09-2.61491e-10-7.85568e-09-1.34733e-08-1.69882e-08-1.84553e-08
-1.80895e-08-1.62361e-08-1.33318e-08-9.85634e-09-6.27931e-09-3.01048e-09
-3.59200e-10 1.49182e-09 2.49535e-09 2.73072e-09 2.37931e-09 1.68641e-09
 9.13030e-10 2.83957e-10-6.20806e-11-1.17500e-10-4.05653e-11
     0.0000e+00     0.0000e+00      0  0  0.00
     401   1.00000  0.0000e+00
 2.17398e-08 3.89844e-08 5.48031e-08 6.79174e-08 7.71751e-08 8.16449e-08
 8.07008e-08 7.40861e-08 6.19535e-08 4.48757e-08 2.38249e-08 1.20727e-10
-2.46496e-08-4.87365e-08-7.03513e-08-8.78009e-08-9.96233e-08-1.04711e-07
-1.02410e-07-9.25892e-08-7.56676e-08-5.26017e-08-2.48339e-08 5.79671e-09
 3.71739e-08 6.70490e-08 9.32040e-08 1.13623e-07 1.26660e-07 1.31188e-07
 1.26713e-07 1.13443e-07 9.22936e-08 6.48384e-08 3.32054e-08-7.59610e-11
-3.22626e-08-6.06100e-08-8.25964e-08-9.61433e-08-9.98196e-08-9.30093e-08
-7.60239e-08-5.01415e-08-1.75636e-08 1.87150e-08 5.51133e-08 8.77378e-08
 1.12699e-07 1.26455e-07 1.26146e-07 1.09913e-07 7.71607e-08 2.87359e-08
-3.29890e-08-1.04163e-07-1.79637e-07-2.53284e-07-3.18433e-07-3.68399e-07
-3.97062e-07-3.99459e-07-3.72329e-07-3.14581e-07-2.27617e-07-1.15480e-07
 1.52159e-08 1.55601e-07 2.95107e-07 4.22261e-07 5.25667e-07 5.95106e-07
 6.22672e-07 6.03852e-07 5.38423e-07 4.31073e-07 2.91612e-07 1.34604e-07
-2.19668e-08-1.59390e-07-2.62043e-07-3.20714e-07-3.33659e-07-3.05290e-07
-2.44013e-07-1.60495e-07-6.64966e-08 2.61532e-08 1.06617e-07 1.65995e-07
 1.97961e-07 1.99041e-07 1.68644e-07 1.08907e-07 2.44156e-08-7.82191e-08
-1.90916e-07-3.04734e-07-4.10394e-07-4.98717e-07-5.61423e-07-5.92324e-07
-5.88162e-07-5.48587e-07-4.75570e-07-3.72896e-07-2.46164e-07-1.02780e-07
 4.88970e-08 2.01228e-07 3.48590e-07 4.86858e-07 6.10801e-07 7.11541e-07
 7.77170e-07 7.96452e-07 7.62436e-07 6.74870e-07 5.42179e-07 3.81110e-07
 2.11746e-07 5.08300e-08-9.14212e-08-2.09949e-07-3.02115e-07-3.66558e-07
-4.03513e-07-4.14911e-07-4.03962e-07-3.74762e-07-3.31927e-07-2.80169e-07
-2.23916e-07-1.67081e-07-1.12902e-07-6.38483e-08-2.15929e-08 1.29482e-08
 3.95237e-08 5.84176e-08 7.03008e-08 7.60846e-08 7.67951e-08 7.34817e-08
 6.71625e-08 5.87937e-08 4.92508e-08 3.93105e-08 2.96362e-08 2.07675e-08
 1.31200e-08 6.99308e-09 2.57866e-09-3.30453e-11-8.48892e-10 3.33134e-11
 2.43233e-09 6.09170e-09 1.06895e-08 1.58500e-08 2.11589e-08 2.61821e-08
 3.04898e-08 3.36840e-08 3.54262e-08 3.54643e-08 3.36530e-08 2.99676e-08
 2.45090e-08 1.75021e-08 9.28529e-09 2.90572e-10-8.98383e-09-1.80068e-08
-2.62505e-08-3.32263e-08-3.85189e-08-4.18162e-08-4.29307e-08-4.18146e-08
-3.85644e-08-3.34147e-08-2.67210e-08-1.89349e-08-1.05722e-08-2.17702e-09
 5.71695e-09 1.26241e-08 1.81405e-08 2.19711e-08 2.39495e-08 2.40469e-08
 2.23712e-08 1.91547e-08 1.47346e-08 9.52557e-09 3.98679e-09-1.41389e-09
-6.23511e-09-1.00952e-08-1.27012e-08-1.38696e-08-1.35387e-08-1.17706e-08
-8.74488e-09-4.74317e-09-1.25202e-10 4.70082e-09 9.31146e-09 1.33023e-08
 1.63203e-08 1.80903e-08 1.84365e-08 1.72956e-08 1.47233e-08 1.08897e-08
 6.06588e-09 6.02930e-10-5.09479e-09-1.06007e-08-1.54990e-08-1.94159e-08
-2.20491e-08-2.31902e-08-2.27414e-08-2.07216e-08-1.72647e-08-1.26099e-08
-7.08425e-09-1.07826e-09 4.98384e-09 1.06750e-08 1.55969e-08 1.94099e-08
 2.18581e-08 2.27876e-08 2.21563e-08 2.00367e-08 1.66090e-08 1.21465e-08
 6.99308e-09 1.53729e-09-3.81675e-09-8.67973e-09-1.27064e-08-1.56211e-08
-1.72378e-08-1.74734e-08-1.63530e-08-1.40063e-08-1.06566e-08-6.60203e-09
-2.19046e-09 2.20769e-09 6.22884e-09 9.54424e-09 1.18855e-08 1.30653e-08
 1.29925e-08 1.16794e-08 9.24031e-09 5.88252e-09 1.88959e-09-2.40098e-09
-6.62484e-09-1.04198e-08-1.34543e-08-1.54538e-08-1.62225e-08-1.56597e-08
-1.37690e-08-1.06597e-08-6.53867e-09-1.69552e-09 3.51819e-09 8.71553e-09
 1.35037e-08 1.75133e-08 2.04257e-08 2.19992e-08 2.20883e-08 2.06541e-08
 1.77692e-08 1.36130e-08 8.45873e-09 2.65375e-09-3.40379e-09-9.29403e-09
-1.46072e-08-1.89738e-08-2.20912e-08-2.37462e-08-2.38304e-08-2.23469e-08
-1.94111e-08-1.52426e-08-1.01472e-08-4.49273e-09 1.31613e-09 6.86760e-09
 1.17738e-08 1.56990e-08 1.83847e-08 1.96696e-08 1.95001e-08 1.79307e-08
 1.51186e-08 1.13125e-08 6.83326e-09 2.04844e-09-2.65680e-09-6.91116e-09
-1.03865e-08-1.28216e-08-1.40403e-08-1.39662e-08-1.26291e-08-1.01629e-08
-6.79308e-09-2.81816e-09 1.41517e-09 5.53973e-09 9.19550e-09 1.20585e-08
 1.38686e-08 1.44518e-08 1.37344e-08 1.17498e-08 8.63578e-09 4.62463e-09
 2.67061e-11-4.79295e-09-9.44325e-09-1.35382e-08-1.67282e-08-1.87281e-08
-1.93408e-08-1.84738e-08-1.61490e-08-1.25023e-08-7.77604e-09-2.30220e-09
 3.52143e-09 9.26122e-09 1.44802e-08 1.87719e-08 2.17914e-08 2.32819e-08
 2.30961e-08 2.12090e-08 1.77230e-08 1.28617e-08 6.95466e-09 4.13629e-10
-6.29721e-09-1.26939e-08-1.83085e-08-2.27240e-08-2.56060e-08-2.67291e-08
-2.59944e-08-2.34367e-08-1.92222e-08-1.36380e-08-7.07100e-09 1.95519e-11
 7.13602e-09 1.37802e-08 1.94903e-08 2.38742e-08 2.66389e-08 2.76108e-08
 2.67486e-08 2.41460e-08 2.00229e-08 1.47072e-08 8.60834e-09 2.18458e-09
-4.09366e-09-9.78016e-09-1.44878e-08-1.79188e-08-1.98873e-08-2.03312e-08
-1.93154e-08-1.70222e-08-1.37317e-08-9.79494e-09-5.59953e-09-1.53216e-09
 2.05827e-09 4.89390e-09 6.79430e-09 7.69207e-09 7.63640e-09 6.78432e-09
 5.37935e-09 3.71962e-09 2.11921e-09 8.65759e-10 1.79365e-10
     0.0000e+00     0.0000e+00      0  0  0.00
     401   1.00000  0.0000e+00
 8.43769e-14 3.78003e-09 7.23368e-09 1.01729e-08 1.24716e-08 1.40646e-08
 1.49427e-08 1.51441e-08 1.47452e-08 1.38491e-08 1.25724e-08 1.10350e-08
 9.35127e-09 7.62343e-09 5.93708e-09 4.35750e-09 2.92863e-09 1.67420e-09
 5.99510e-10-3.06494e-10-1.06759e-09-1.71512e-09-2.28200e-09-2.79720e-09
-3.28303e-09-3.75507e-09-4.22234e-09-4.68682e-09-5.14276e-09-5.57620e-09
-5.96522e-09-6.28255e-09-6.49925e-09-6.58772e-09-6.52448e-09-6.29281e-09
-5.88379e-09-5.29519e-09-4.53085e-09-3.60268e-09-2.53361e-09-1.35800e-09
-1.19228e-10 1.13277e-09 2.34323e-09 3.45467e-09 4.41020e-09 5.15805e-09
 5.65640e-09 5.87720e-09 5.80878e-09 5.45751e-09 4.84964e-09 4.03236e-09
 3.07166e-09 2.04558e-09 1.03490e-09 1.14974e-10-6.49736e-10-1.21011e-09
-1.53779e-09-1.63012e-09-1.51104e-09-1.22648e-09-8.36353e-10-4.07046e-10
-5.65839e-12 3.06346e-10 4.80670e-10 4.88487e-10 3.23516e-10 9.79071e-13
-4.46401e-10-9.72534e-10-1.52192e-09-2.03502e-09-2.45499e-09-2.73406e-09
-2.83846e-09-2.75118e-09-2.47261e-09-2.01988e-09-1.42464e-09-7.29601e-10
 1.57573e-11 7.60562e-10 1.45766e-09 2.06715e-09 2.55835e-09 2.91040e-09
 3.11211e-09 3.16107e-09 3.06240e-09 2.82699e-09 2.47021e-09 2.01162e-09
 1.47489e-09 8.87197e-10 2.78330e-10-3.21190e-10-8.82602e-10-1.38099e-09
-1.79664e-09-2.11560e-09-2.32939e-09-2.43386e-09-2.42794e-09-2.31250e-09
-2.09044e-09-1.76808e-09-1.35671e-09-8.73626e-10-3.42316e-10 2.08326e-10
 7.45899e-10 1.23696e-09 1.64987e-09 1.95776e-09 2.14068e-09 2.18649e-09
 2.09030e-09 1.85295e-09 1.47977e-09 9.80249e-10 3.68435e-10-3.36310e-10
-1.10796e-09-1.91262e-09-2.70864e-09-3.44892e-09-4.08511e-09-4.57262e-09
-4.87421e-09-4.96139e-09-4.81425e-09-4.42082e-09-3.77729e-09-2.88962e-09
-1.77603e-09-4.69557e-10 9.80429e-10 2.50910e-09 4.04062e-09 5.49568e-09
 6.80008e-09 7.89167e-09 8.72378e-09 9.26576e-09 9.50254e-09 9.43382e-09
 9.07300e-09 8.44538e-09 7.58613e-09 6.53792e-09 5.34792e-09 4.06356e-09
 2.72769e-09 1.37461e-09 2.83846e-11-1.29618e-09-2.59080e-09-3.85082e-09
-5.07308e-09-6.25410e-09-7.38858e-09-8.46886e-09-9.48634e-09-1.04341e-08
-1.13085e-08-1.21077e-08-1.28286e-08-1.34626e-08-1.39939e-08-1.43982e-08
-1.46436e-08-1.46922e-08-1.45042e-08-1.40412e-08-1.32684e-08-1.21545e-08
-1.06717e-08-8.79828e-09-6.52404e-09-3.85586e-09-8.20510e-10 2.53817e-09
 6.16601e-09 1.00055e-08 1.40005e-08 1.80967e-08 2.22397e-08 2.63699e-08
 3.04171e-08 3.42983e-08 3.79224e-08 4.11967e-08 4.40329e-08 4.63466e-08
 4.80521e-08 4.90573e-08 4.92626e-08 4.85627e-08 4.68494e-08 4.40118e-08
 3.99333e-08 3.44878e-08 2.75390e-08 1.89449e-08 8.57308e-09-3.67302e-09
-1.78191e-08-3.37843e-08-5.13532e-08-7.01592e-08-8.96755e-08-1.09211e-07
-1.27911e-07-1.44777e-07-1.58703e-07-1.68531e-07-1.73135e-07-1.71499e-07
-1.62814e-07-1.46568e-07-1.22624e-07-9.13000e-08-5.34274e-08-1.04061e-08
 3.57867e-08 8.26826e-08 1.27526e-07 1.67553e-07 2.00282e-07 2.23765e-07
 2.36777e-07 2.38910e-07 2.30586e-07 2.12969e-07 1.87791e-07 1.57096e-07
 1.22978e-07 8.73742e-08 5.19759e-08 1.82143e-08-1.27419e-08-4.00030e-08
-6.29733e-08-8.13402e-08-9.50350e-08-1.04185e-07-1.09075e-07-1.10114e-07
-1.07806e-07-1.02721e-07-9.54561e-08-8.66101e-08-7.67546e-08-6.64182e-08
-5.60731e-08-4.61214e-08-3.68825e-08-2.85833e-08-2.13607e-08-1.52738e-08
-1.03184e-08-6.43184e-09-3.49126e-09-1.31480e-09 3.27191e-10 1.69447e-09
 3.06023e-09 4.69640e-09 6.85488e-09 9.74167e-09 1.34891e-08 1.81352e-08
 2.36158e-08 2.97669e-08 3.63349e-08 4.29914e-08 4.93528e-08 5.50019e-08
 5.95095e-08 6.24574e-08 6.34648e-08 6.22215e-08 5.85198e-08 5.22775e-08
 4.35501e-08 3.25376e-08 1.95895e-08 5.20118e-09-1.00022e-08-2.52958e-08
-3.98921e-08-5.29828e-08-6.37875e-08-7.16043e-08-7.58562e-08-7.61331e-08
-7.22352e-08-6.42278e-08-5.25060e-08-3.78532e-08-2.14565e-08-4.84757e-09
 1.02458e-08 2.21220e-08 2.93673e-08 3.10997e-08 2.71406e-08 1.80743e-08
 5.18468e-09-9.71163e-09-2.44923e-08-3.69666e-08-4.50948e-08-4.71846e-08
-4.20681e-08-2.92535e-08-9.04160e-09 1.74096e-08 4.80866e-08 8.01923e-08
 1.10289e-07 1.34667e-07 1.50094e-07 1.54456e-07 1.46754e-07 1.26826e-07
 9.52551e-08 5.33902e-08 3.34080e-09-5.20564e-08-1.09314e-07-1.64419e-07
-2.13014e-07-2.50627e-07-2.72975e-07-2.76350e-07-2.58171e-07-2.17695e-07
-1.56708e-07-7.97367e-08 6.47929e-09 9.39751e-08 1.74778e-07 2.42348e-07
 2.92781e-07 3.25000e-07 3.39758e-07 3.38131e-07 3.20467e-07 2.86522e-07
 2.36729e-07 1.73400e-07 1.00579e-07 2.26701e-08-5.67258e-08-1.34719e-07
-2.08543e-07-2.75477e-07-3.32473e-07-3.75152e-07-3.98258e-07-3.97866e-07
-3.72780e-07-3.24455e-07-2.56451e-07-1.73764e-07-8.24876e-08 1.04417e-08
 9.80989e-08 1.74625e-07 2.35865e-07 2.79460e-07 3.04355e-07 3.10081e-07
 2.96454e-07 2.63863e-07 2.14225e-07 1.52360e-07 8.63809e-08 2.57093e-08
-2.27636e-08-5.76457e-08-8.20588e-08-9.89298e-08-1.07429e-07-1.04868e-07
-9.16863e-08-7.27861e-08-5.34700e-08-3.58617e-08-2.01937e-08-7.52752e-09
 6.09236e-10 4.07151e-09 4.10464e-09 2.32217e-09 5.89444e-10
     0.0000e+00     0.0000e+00      0  0  0.00
     401   1.00000  0.0000e+00
-5.79053e-07-5.03500e-07-3.83831e-07-2.26806e-07-4.42027e-08 1.46761e-07
 3.24759e-07 4.68913e-07 5.64712e-07 6.07746e-07 6.02767e-07 5.58945e-07
 4.85651e-07 3.91604e-07 2.85674e-07 1.76712e-07 7.25274e-08-2.07950e-08
-9.89684e-08-1.59429e-07-2.01238e-07-2.24901e-07-2.32102e-07-2.25393e-07
-2.07845e-07-1.82721e-07-1.53189e-07-1.22091e-07-9.17762e-08-6.40026e-08
-3.99111e-08-2.00668e-08-4.54877e-09 6.93372e-09 1.49173e-08 2.00693e-08
 2.30900e-08 2.46353e-08 2.52582e-08 2.53736e-08 2.52452e-08 2.49925e-08
 2.46157e-08 2.40293e-08 2.31034e-08 2.17036e-08 1.97286e-08 1.71396e-08
 1.39784e-08 1.03713e-08 6.52065e-09 2.68542e-09-8.45554e-10-3.78476e-09
-5.87834e-09-6.93512e-09-6.84884e-09-5.61229e-09-3.32257e-09-1.76454e-10
 3.54452e-09 7.49722e-09 1.13055e-08 1.45923e-08 1.70122e-08 1.82829e-08
 1.82105e-08 1.67073e-08 1.38021e-08 9.64098e-09 4.47723e-09-1.34830e-09
-7.43387e-09-1.33470e-08-1.86570e-08-2.29681e-08-2.59512e-08-2.73697e-08
-2.70980e-08-2.51321e-08-2.15909e-08-1.67082e-08-1.08148e-08-4.31538e-09
 2.34093e-09 8.69449e-09 1.43105e-08 1.88118e-08 2.19061e-08 2.34051e-08
 2.32375e-08 2.14538e-08 1.82210e-08 1.38084e-08 8.56663e-09 2.90093e-09
-2.75898e-09-7.99148e-09-1.24142e-08-1.57112e-08-1.76563e-08-1.81295e-08
-1.71257e-08-1.47528e-08-1.12218e-08-6.82968e-09-1.93648e-09 3.06285e-09
 7.76988e-09 1.18130e-08 1.48751e-08 1.67172e-08 1.71970e-08 1.62790e-08
 1.40359e-08 1.06421e-08 6.36085e-09 1.52422e-09-3.49370e-09-8.30592e-09
-1.25414e-08-1.58718e-08-1.80369e-08-1.88651e-08-1.82870e-08-1.63393e-08
-1.31622e-08-8.98878e-09-4.12777e-09 1.06060e-09 6.19187e-09 1.08856e-08
 1.47940e-08 1.76288e-08 1.91831e-08 1.93460e-08 1.81096e-08 1.55702e-08
 1.19222e-08 7.44197e-09 2.46637e-09-2.63225e-09-7.47385e-09-1.16996e-08
-1.49992e-08-1.71338e-08-1.79519e-08-1.74009e-08-1.55320e-08-1.24960e-08
-8.53241e-09-3.95013e-09 8.95734e-10 5.63177e-09 9.89512e-09 1.33607e-08
 1.57648e-08 1.69239e-08 1.67489e-08 1.52529e-08 1.25500e-08 8.84573e-09
 4.42267e-09-3.80472e-10-5.19530e-09-9.65271e-09-1.34108e-08-1.61802e-08
-1.77458e-08-1.79833e-08-1.68683e-08-1.44780e-08-1.09855e-08-6.64800e-09
-1.78807e-09 3.23069e-09 8.03282e-09 1.22592e-08 1.55941e-08 1.77887e-08
 1.86798e-08 1.82010e-08 1.63883e-08 1.33779e-08 9.39620e-09 4.74258e-09
-2.33343e-10-5.15782e-09-9.66111e-09-1.34059e-08-1.61137e-08-1.75857e-08
-1.77165e-08-1.65020e-08-1.40403e-08-1.05243e-08-6.22744e-09-1.48293e-09
 3.34182e-09 7.87413e-09 1.17640e-08 1.47112e-08 1.64886e-08 1.69591e-08
 1.60862e-08 1.39376e-08 1.06803e-08 6.56756e-09 1.92061e-09-2.89591e-09
-7.50272e-09-1.15351e-08-1.46709e-08-1.66549e-08-1.73194e-08-1.65984e-08
-1.45339e-08-1.12729e-08-7.05707e-09-2.20481e-09 2.91293e-09 7.89883e-09
 1.23602e-08 1.59397e-08 1.83431e-08 1.93628e-08 1.88950e-08 1.69470e-08
 1.36396e-08 9.19925e-09 3.94246e-09-1.74692e-09-7.44629e-09-1.27263e-08
-1.71822e-08-2.04644e-08-2.23061e-08-2.25440e-08-2.11316e-08-1.81451e-08
-1.37783e-08-8.32943e-09-2.18098e-09 4.22825e-09 1.04351e-08 1.59857e-08
 2.04693e-08 2.35488e-08 2.49861e-08 2.46607e-08 2.25798e-08 1.88784e-08
 1.38102e-08 7.72968e-09 1.06729e-09-5.70201e-09-1.20929e-08-1.76454e-08
-2.19590e-08-2.47218e-08-2.57333e-08-2.49195e-08-2.23380e-08-1.81749e-08
-1.27309e-08-6.39907e-09 3.63433e-10 7.06921e-09 1.32359e-08 1.84212e-08
 2.22556e-08 2.44690e-08 2.49112e-08 2.35619e-08 2.05330e-08 1.60596e-08
 1.04829e-08 4.22462e-09-2.24485e-09-8.44202e-09-1.39073e-08-1.82405e-08
-2.11318e-08-2.23858e-08-2.19369e-08-1.98536e-08-1.63319e-08-1.16784e-08
-6.28286e-09-5.85293e-10 4.96233e-09 9.93396e-09 1.39642e-08 1.67763e-08
 1.82014e-08 1.81862e-08 1.67912e-08 1.41776e-08 1.05880e-08 6.32191e-09
 1.70937e-09-2.91349e-09-7.22585e-09-1.09392e-08-1.38099e-08-1.56485e-08
-1.63263e-08-1.57820e-08-1.40265e-08-1.11486e-08-7.31756e-09-2.78250e-09
 2.13559e-09 7.05962e-09 1.15816e-08 1.52960e-08 1.78391e-08 1.89286e-08
 1.83993e-08 1.62291e-08 1.25497e-08 7.64099e-09 1.90807e-09-4.15647e-09
-1.00202e-08-1.51624e-08-1.91239e-08-2.15483e-08-2.22129e-08-2.10449e-08
-1.81240e-08-1.36726e-08-8.03507e-09-1.64886e-09 4.98971e-09 1.13634e-08
 1.69727e-08 2.13739e-08 2.42124e-08 2.52502e-08 2.43837e-08 2.16511e-08
 1.72280e-08 1.14133e-08 4.60583e-09-2.72390e-09-1.00645e-08-1.68944e-08
-2.27120e-08-2.70641e-08-2.95750e-08-2.99747e-08-2.81257e-08-2.40472e-08
-1.79303e-08-1.01417e-08-1.20937e-09 8.21057e-09 1.73849e-08 2.55679e-08
 3.20712e-08 3.63301e-08 3.79573e-08 3.67772e-08 3.28390e-08 2.64081e-08
 1.79398e-08 8.04174e-09-2.57222e-09-1.31315e-08-2.28612e-08-3.10368e-08
-3.70374e-08-4.03984e-08-4.08552e-08-3.83749e-08-3.31684e-08-2.56770e-08
-1.65364e-08-6.51716e-09 3.54861e-09 1.28462e-08 2.06537e-08 2.64049e-08
 2.97349e-08 3.05060e-08 2.88119e-08 2.49637e-08 1.94570e-08 1.29245e-08
 6.07442e-09-3.81039e-10-5.80177e-09-9.69279e-09-1.17659e-08-1.19818e-08
-1.05650e-08-7.98699e-09-4.91666e-09-2.14125e-09-4.65098e-10
     0.0000e+00     0.0000e+00      0  0  0.00
     401   1.00000  0.0000e+00
 4.87511e-08 1.96236e-07 3.30357e-07 4.43672e-07 5.31074e-07 5.89793e-07
 6.19231e-07 6.20666e-07 5.96871e-07 5.51700e-07 4.89665e-07 4.15548e-07
 3.34056e-07 2.49555e-07 1.65864e-07 8.61452e-08 1.28556e-08-5.22430e-08
-1.08028e-07-1.53935e-07-1.89857e-07-2.16040e-07-2.32993e-07-2.41399e-07
-2.42060e-07-2.35851e-07-2.23692e-07-2.06540e-07-1.85376e-07-1.61206e-07
-1.35061e-07-1.07981e-07-8.10025e-08-5.51263e-08-3.12785e-08-1.02687e-08
 7.25302e-09 2.08350e-08 3.02528e-08 3.55256e-08 3.69178e-08 3.49237e-08
 3.02363e-08 2.37030e-08 1.62701e-08 8.91829e-09 2.59372e-09-1.86231e-09
-3.78140e-09-2.72632e-09 1.46588e-09 8.66085e-09 1.84292e-08 3.00752e-08
 4.26893e-08 5.52215e-08 6.65680e-08 7.56626e-08 8.15646e-08 8.35366e-08
 8.11053e-08 7.41033e-08 6.26897e-08 4.73491e-08 2.88677e-08 8.28885e-09
-1.31525e-08-3.41132e-08-5.32364e-08-6.92527e-08-8.10773e-08-8.78956e-08
-8.92279e-08-8.49704e-08-7.54059e-08-6.11880e-08-4.32996e-08-2.29891e-08
-1.68947e-09 1.90769e-08 3.78022e-08 5.31025e-08 6.38243e-08 6.91402e-08
 6.86257e-08 6.23062e-08 5.06683e-08 3.46312e-08 1.54807e-08-5.23199e-09
-2.58136e-08-4.45656e-08-5.99221e-08-7.05758e-08-7.55840e-08-7.44456e-08
-6.71442e-08-5.41534e-08-3.64037e-08-1.52135e-08 7.80964e-09 3.08915e-08
 5.22266e-08 7.01161e-08 8.30990e-08 9.00661e-08 9.03500e-08 8.37850e-08
 7.07311e-08 5.20604e-08 2.91034e-08 3.55690e-09-2.26408e-08-4.74597e-08
-6.89403e-08-8.53553e-08-9.53541e-08-9.80777e-08-9.32334e-08-8.11216e-08
-6.26137e-08-3.90837e-08-1.22998e-08 1.57140e-08 4.28349e-08 6.70026e-08
 8.63745e-08 9.94623e-08 1.05242e-07 1.03231e-07 9.35231e-08 7.67894e-08
 5.42304e-08 2.74938e-08-1.44436e-09-3.04242e-08-5.72635e-08-7.99216e-08
-9.66555e-08-1.06153e-07-1.07638e-07-1.00932e-07-8.64854e-08-6.53468e-08
-3.91020e-08-9.76124e-09 2.03878e-08 4.89532e-08 7.36259e-08 9.23632e-08
 1.03553e-07 1.06144e-07 9.97374e-08 8.46227e-08 6.17728e-08 3.27841e-08
-2.27986e-10-3.47747e-08-6.81724e-08-9.77425e-08-1.21019e-07-1.35943e-07
-1.41039e-07-1.35536e-07-1.19450e-07-9.35993e-08-5.95610e-08-1.95690e-08
 2.36412e-08 6.70291e-08 1.07475e-07 1.42013e-07 1.68060e-07 1.83617e-07
 1.87424e-07 1.79075e-07 1.59062e-07 1.28758e-07 9.03308e-08 4.65974e-08
 8.16517e-10-4.35593e-08-8.31563e-08-1.14953e-07-1.36529e-07-1.46271e-07
-1.43516e-07-1.28627e-07-1.02983e-07-6.89014e-08-2.94784e-08 1.16371e-08
 5.05213e-08 8.32891e-08 1.06417e-07 1.17051e-07 1.13273e-07 9.42958e-08
 6.05820e-08 1.38618e-08-4.29427e-08-1.05892e-07-1.70287e-07-2.31002e-07
-2.82863e-07-3.21041e-07-3.41445e-07-3.41067e-07-3.18265e-07-2.72945e-07
-2.06644e-07-1.22475e-07-2.49596e-08 8.02617e-08 1.86813e-07 2.88043e-07
 3.77514e-07 4.49505e-07 4.99465e-07 5.24388e-07 5.23089e-07 4.96331e-07
 4.46813e-07 3.78982e-07 2.98709e-07 2.12825e-07 1.28565e-07 5.29402e-08
-7.88251e-09-4.91752e-08-6.81400e-08-6.42629e-08-3.94879e-08 1.81159e-09
 5.30731e-08 1.05992e-07 1.51151e-07 1.78798e-07 1.79706e-07 1.46060e-07
 7.22923e-08-4.42058e-08-2.02568e-07-3.98188e-07-6.22743e-07-8.64525e-07
-1.10906e-06-1.34002e-06-1.54027e-06-1.69313e-06-1.78361e-06-1.79949e-06
-1.73229e-06-1.57786e-06-1.33650e-06-1.01264e-06-6.14061e-07-1.51237e-07
 3.62821e-07 9.12703e-07 1.48106e-06 2.04868e-06 2.59343e-06 3.08916e-06
 3.50607e-06 3.81273e-06 3.97894e-06 3.97884e-06 3.79376e-06 3.41487e-06
 2.84514e-06 2.10063e-06 1.21068e-06 2.16920e-07-8.28857e-07-1.86794e-06
-2.83875e-06-3.68158e-06-4.34347e-06-4.78303e-06-4.97458e-06-4.91135e-06
-4.60648e-06-4.08978e-06-3.40124e-06-2.58526e-06-1.68754e-06-7.53571e-07
 1.72317e-07 1.04700e-06 1.82828e-06 2.47498e-06 2.94835e-06 3.21619e-06
 3.26100e-06 3.08968e-06 2.73937e-06 2.27326e-06 1.76175e-06 1.25786e-06
 7.87914e-07 3.64191e-07 6.70703e-10-2.87380e-07-4.93734e-07-6.23390e-07
-6.85672e-07-6.90559e-07-6.50350e-07-5.79490e-07-4.91617e-07-3.98131e-07
-3.08491e-07-2.29999e-07-1.67251e-07-1.22312e-07-9.52490e-08-8.45112e-08
-8.73015e-08-1.00066e-07-1.18972e-07-1.40294e-07-1.60695e-07-1.77415e-07
-1.88406e-07-1.92385e-07-1.88804e-07-1.77769e-07-1.59917e-07-1.36296e-07
-1.08225e-07-7.71571e-08-4.45575e-08-1.18110e-08 1.98419e-08 4.93515e-08
 7.58820e-08 9.88091e-08 1.17701e-07 1.32300e-07 1.42495e-07 1.48309e-07
 1.49867e-07 1.47392e-07 1.41181e-07 1.31607e-07 1.19105e-07 1.04170e-07
 8.73495e-08 6.92319e-08 5.04345e-08 3.15858e-08 1.33062e-08-3.81204e-09
-1.92286e-08-3.24789e-08-4.31970e-08-5.11338e-08-5.61713e-08-5.83297e-08
-5.77679e-08-5.47743e-08-4.97496e-08-4.31813e-08-3.56112e-08-2.75991e-08
-1.96859e-08-1.23576e-08-6.01455e-09-9.48282e-10 2.67296e-09 4.80749e-09
 5.53331e-09 5.03216e-09 3.56684e-09 1.45399e-09-9.65410e-10-3.35625e-09
-5.41794e-09-6.90890e-09-7.66477e-09-7.60865e-09-6.75243e-09-5.19077e-09
-3.08922e-09-6.66126e-10 1.83163e-09 4.15708e-09 6.09176e-09 7.47005e-09
 8.19606e-09 8.25130e-09 7.69398e-09 6.65029e-09 5.29744e-09 3.83833e-09
 2.47065e-09 1.35498e-09 5.86354e-10 1.72968e-10 2.50801e-11
     0.0000e+00     0.0000e+00      0  0  0.00
     401   1.00000  0.0000e+00
 2.46612e-08 9.32168e-08 1.55336e-07 2.07583e-07 2.47640e-07 2.74305e-07
 2.87399e-07 2.87624e-07 2.76367e-07 2.55490e-07 2.27122e-07 1.93468e-07
 1.56643e-07 1.18552e-07 8.08128e-08 4.47170e-08 1.12336e-08-1.89613e-08
-4.54349e-08-6.79407e-08-8.63637e-08-1.00675e-07-1.10905e-07-1.17123e-07
-1.19449e-07-1.18057e-07-1.13193e-07-1.05192e-07-9.44872e-08-8.16064e-08
-6.71637e-08-5.18380e-08-3.63441e-08-2.13992e-08-7.68599e-09 4.18363e-09
 1.37047e-08 2.05115e-08 2.44059e-08 2.53784e-08 2.36202e-08 1.95208e-08
 1.36508e-08 6.72601e-09-4.45997e-10-7.03309e-09-1.22545e-08-1.54562e-08
-1.61768e-08-1.41951e-08-9.55307e-09-2.55141e-09 6.28163e-09 1.62427e-08
 2.65203e-08 3.62674e-08 4.46720e-08 5.10205e-08 5.47476e-08 5.54738e-08
 5.30286e-08 4.74603e-08 3.90332e-08 2.82129e-08 1.56385e-08 2.08408e-09
-1.15913e-08-2.45012e-08-3.57946e-08-4.47173e-08-5.06700e-08-5.32543e-08
-5.23065e-08-4.79138e-08-4.04127e-08-3.03701e-08-1.85456e-08-5.83918e-09
 6.77337e-09 1.83135e-08 2.78753e-08 3.46969e-08 3.82218e-08 3.81442e-08
 3.44343e-08 2.73424e-08 1.73819e-08 5.29464e-09-7.99977e-09-2.14653e-08
-3.40201e-08-4.46127e-08-5.23008e-08-5.63278e-08-5.61911e-08-5.16951e-08
-4.29804e-08-3.05251e-08-1.51151e-08 2.21473e-09 2.02607e-08 3.77450e-08
 5.34133e-08 6.61287e-08 7.49540e-08 7.92203e-08 7.85786e-08 7.30335e-08
 6.29541e-08 4.90605e-08 3.23815e-08 1.41827e-08-4.13149e-09-2.11342e-08
-3.54991e-08-4.61157e-08-5.21865e-08-5.32952e-08-4.94430e-08-4.10518e-08
-2.89377e-08-1.42564e-08 1.57476e-09 1.69788e-08 3.03390e-08 4.01315e-08
 4.50615e-08 4.41896e-08 3.70343e-08 2.36378e-08 4.58805e-09-1.90063e-08
-4.55846e-08-7.32404e-08-9.98556e-08-1.23255e-07-1.41367e-07-1.52392e-07
-1.54951e-07-1.48215e-07-1.32000e-07-1.06811e-07-7.38262e-08-3.48323e-08
 7.90150e-09 5.17898e-08 9.41275e-08 1.32301e-07 1.63996e-07 1.87388e-07
 2.01302e-07 2.05314e-07 1.99807e-07 1.85950e-07 1.65608e-07 1.41185e-07
 1.15414e-07 9.11026e-08 7.08565e-08 5.68111e-08 5.03873e-08 5.20997e-08
 6.14382e-08 7.68392e-08 9.57563e-08 1.14833e-07 1.30169e-07 1.37653e-07
 1.33360e-07 1.13951e-07 7.70663e-08 2.16567e-08-5.17689e-08-1.41023e-07
-2.42261e-07-3.50171e-07-4.58309e-07-5.59581e-07-6.46820e-07-7.13412e-07
-7.53921e-07-7.64630e-07-7.43954e-07-6.92644e-07-6.13741e-07-5.12230e-07
-3.94353e-07-2.66551e-07-1.33996e-07 1.15310e-09 1.40987e-07 2.91282e-07
 4.58524e-07 6.45900e-07 8.50575e-07 1.06331e-06 1.26974e-06 1.45217e-06
 1.59147e-06 1.66908e-06 1.66918e-06 1.58074e-06 1.39916e-06 1.12728e-06
 7.75696e-07 3.62313e-07-8.87634e-08-5.48993e-07-9.87700e-07-1.37474e-06
-1.68329e-06-1.89244e-06-1.98945e-06-1.97145e-06-1.84602e-06-1.62986e-06
-1.34545e-06-1.01739e-06-6.69831e-07-3.24793e-07-1.11309e-09 2.86282e-07
 5.26687e-07 7.13608e-07 8.44476e-07 9.20153e-07 9.44323e-07 9.22822e-07
 8.63012e-07 7.73283e-07 6.62665e-07 5.40454e-07 4.15559e-07 2.95714e-07
 1.86877e-07 9.27941e-08 1.46819e-08-4.86132e-08-9.97356e-08-1.41548e-07
-1.76150e-07-2.04635e-07-2.27479e-07-2.45034e-07-2.57552e-07-2.64680e-07
-2.65087e-07-2.56847e-07-2.38450e-07-2.09638e-07-1.71222e-07-1.23762e-07
-6.68363e-08-7.67063e-10 7.09095e-08 1.41761e-07 2.05053e-07 2.55170e-07
 2.87435e-07 2.98419e-07 2.86853e-07 2.53922e-07 2.02873e-07 1.38330e-07
 6.53340e-08-1.13209e-08-8.71757e-08-1.57844e-07-2.18430e-07-2.63284e-07
-2.86972e-07-2.86449e-07-2.63352e-07-2.24233e-07-1.77344e-07-1.28013e-07
-7.69825e-08-2.38067e-08 2.85573e-08 7.39987e-08 1.08160e-07 1.31257e-07
 1.45344e-07 1.50904e-07 1.47599e-07 1.36554e-07 1.20058e-07 1.00027e-07
 7.79737e-08 5.55419e-08 3.42011e-08 1.49474e-08-1.46761e-09-1.45175e-08
-2.40724e-08-3.02851e-08-3.34451e-08-3.40089e-08-3.25515e-08-2.96548e-08
-2.58895e-08-2.17915e-08-1.77963e-08-1.42298e-08-1.13211e-08-9.19029e-09
-7.85786e-09-7.26646e-09-7.28955e-09-7.75306e-09-8.46563e-09-9.23752e-09
-9.89851e-09-1.03124e-08-1.03786e-08-1.00327e-08-9.24995e-09-8.04482e-09
-6.46631e-09-4.59181e-09-2.51723e-09-3.48394e-10 1.80736e-09 3.85065e-09
 5.69623e-09 7.27556e-09 8.53870e-09 9.45532e-09 1.00144e-08 1.02229e-08
 1.01032e-08 9.68982e-09 9.02566e-09 8.15880e-09 7.13978e-09 6.01926e-09
 4.84465e-09 3.65697e-09 2.49007e-09 1.37153e-09 3.23916e-10-6.35421e-10
-1.49474e-09-2.24661e-09-2.88520e-09-3.40485e-09-3.80103e-09-4.07172e-09
-4.21755e-09-4.24131e-09-4.14801e-09-3.94542e-09-3.64402e-09-3.25609e-09
-2.79544e-09-2.27798e-09-1.72247e-09-1.15049e-09-5.85675e-10-5.22528e-11
 4.26889e-10 8.32034e-10 1.14782e-09 1.36400e-09 1.47626e-09 1.48670e-09
 1.40380e-09 1.24143e-09 1.01712e-09 7.50268e-10 4.61953e-10 1.75835e-10
-8.30094e-11-2.92270e-10-4.36459e-10-5.07444e-10-5.02675e-10-4.24815e-10
-2.83143e-10-9.41117e-11 1.20542e-10 3.37713e-10 5.36445e-10 6.98921e-10
 8.09794e-10 8.56278e-10 8.30201e-10 7.31523e-10 5.70484e-10 3.65533e-10
 1.38927e-10-8.59317e-11-2.85173e-10-4.35949e-10-5.20533e-10-5.31424e-10
-4.73820e-10-3.64516e-10-2.29572e-10-1.02459e-10-2.27305e-11
     0.0000e+00     0.0000e+00      0  0  0.00
     401   1.00000  0.0000e+00
 3.59085e-08 1.24524e-07 2.04846e-07 2.72345e-07 3.23897e-07 3.57801e-07
 3.73692e-07 3.72370e-07 3.55585e-07 3.25786e-07 2.85857e-07 2.38871e-07
 1.87869e-07 1.35673e-07 8.47587e-08 3.71581e-08-5.58309e-09-4.24157e-08
-7.27621e-08-9.64639e-08-1.13713e-07-1.24968e-07-1.30876e-07-1.32191e-07
-1.29707e-07-1.24205e-07-1.16416e-07-1.06993e-07-9.64964e-08-8.53845e-08
-7.40190e-08-6.26774e-08-5.15714e-08-4.08695e-08-3.07170e-08-2.12515e-08
-1.26112e-08-4.93427e-09 1.65031e-09 7.03739e-09 1.11626e-08 1.40175e-08
 1.56604e-08 1.62215e-08 1.59031e-08 1.49718e-08 1.37439e-08 1.25636e-08
 1.17756e-08 1.16936e-08 1.25653e-08 1.45371e-08 1.76247e-08 2.16913e-08
 2.64425e-08 3.14396e-08 3.61347e-08 3.99260e-08 4.22263e-08 4.25345e-08
 4.05016e-08 3.59793e-08 2.90493e-08 2.00273e-08 9.44486e-09-1.99229e-09
-1.34647e-08-2.41141e-08-3.31258e-08-3.98109e-08-4.36776e-08-4.44829e-08
-4.22582e-08-3.73053e-08-3.01608e-08-2.15353e-08-1.22335e-08-3.06851e-09
 5.21724e-09 1.20176e-08 1.69073e-08 1.96640e-08 2.02687e-08 1.88873e-08
 1.58380e-08 1.15506e-08 6.52148e-09 1.26827e-09-3.71091e-09-7.97339e-09
-1.11614e-08-1.30246e-08-1.34358e-08-1.23971e-08-1.00370e-08-6.59672e-09
-2.40736e-09 2.13987e-09 6.63005e-09 1.06640e-08 1.38960e-08 1.60643e-08
 1.70113e-08 1.66889e-08 1.51522e-08 1.25424e-08 9.06309e-09 4.95565e-09
 4.79111e-10-4.10222e-09-8.52429e-09-1.25245e-08-1.58423e-08-1.82235e-08
-1.94339e-08-1.92847e-08-1.76645e-08-1.45739e-08-1.01510e-08-4.68194e-09
 1.41185e-09 7.60988e-09 1.33487e-08 1.80900e-08 2.13883e-08 2.29456e-08
 2.26425e-08 2.05404e-08 1.68587e-08 1.19325e-08 6.16384e-09-2.47863e-11
-6.22374e-09-1.20541e-08-1.71728e-08-2.12720e-08-2.40789e-08-2.53645e-08
-2.49649e-08-2.28106e-08-1.89579e-08-1.36107e-08-7.12231e-09 2.56924e-11
 7.26825e-09 1.40176e-08 1.97301e-08 2.39652e-08 2.64261e-08 2.69777e-08
 2.56417e-08 2.25757e-08 1.80435e-08 1.23851e-08 5.99322e-09-7.05480e-10
-7.26572e-09-1.32415e-08-1.82096e-08-2.17998e-08-2.37305e-08-2.38419e-08
-2.21195e-08-1.87034e-08-1.38791e-08-8.05011e-09-1.69881e-09 4.65996e-09
 1.05240e-08 1.54436e-08 1.90535e-08 2.10960e-08 2.14359e-08 2.00673e-08
 1.71133e-08 1.28167e-08 7.52211e-09 1.64931e-09-4.33969e-09-9.97664e-09
-1.48229e-08-1.85018e-08-2.07258e-08-2.13169e-08-2.02207e-08-1.75136e-08
-1.34016e-08-8.20826e-09-2.35079e-09 3.69500e-09 9.43786e-09 1.44166e-08
 1.82409e-08 2.06209e-08 2.13829e-08 2.04725e-08 1.79499e-08 1.39818e-08
 8.83437e-09 2.86651e-09-3.48136e-09-9.70814e-09-1.52877e-08-1.97181e-08
-2.25778e-08-2.35777e-08-2.25964e-08-1.96933e-08-1.50951e-08-9.16554e-09
-2.36512e-09 4.78625e-09 1.17411e-08 1.79520e-08 2.28999e-08 2.61307e-08
 2.72997e-08 2.62187e-08 2.28950e-08 1.75464e-08 1.05874e-08 2.58448e-09
-5.80761e-09-1.39148e-08-2.11030e-08-2.68198e-08-3.06205e-08-3.21859e-08
-3.13395e-08-2.80687e-08-2.25431e-08-1.51231e-08-6.34375e-09 3.12706e-09
 1.25540e-08 2.12088e-08 2.84378e-08 3.37106e-08 3.66462e-08 3.70227e-08
 3.47808e-08 3.00292e-08 2.30522e-08 1.43121e-08 4.43602e-09-5.82199e-09
-1.56436e-08-2.42244e-08-3.08522e-08-3.49715e-08-3.62273e-08-3.44857e-08
-2.98399e-08-2.26061e-08-1.33111e-08-2.66871e-09 8.46122e-09 1.91348e-08
 2.84047e-08 3.54080e-08 3.94498e-08 4.00671e-08 3.70689e-08 3.05499e-08
 2.08823e-08 8.69152e-09-5.18434e-09-1.97478e-08-3.39109e-08-4.65757e-08
-5.67220e-08-6.34916e-08-6.62601e-08-6.46879e-08-5.87487e-08-4.87343e-08
-3.52366e-08-1.91099e-08-1.41383e-09 1.66594e-08 3.38704e-08 4.90248e-08
 6.10651e-08 6.91561e-08 7.27571e-08 7.16743e-08 6.60892e-08 5.65564e-08
 4.39684e-08 2.94865e-08 1.44429e-08 2.26778e-10-1.18368e-08-2.06010e-08
-2.51998e-08-2.51309e-08-2.03165e-08-1.11320e-08 1.60242e-09 1.66743e-08
 3.25739e-08 4.76212e-08 6.01104e-08 6.84531e-08 7.13086e-08 6.76955e-08
 5.70827e-08 3.94575e-08 1.53634e-08-1.41037e-08-4.73496e-08-8.23864e-08
-1.16976e-07-1.48797e-07-1.75612e-07-1.95429e-07-2.06653e-07-2.08216e-07
-1.99689e-07-1.81353e-07-1.54209e-07-1.19924e-07-8.06959e-08-3.90705e-08
 2.27519e-09 4.07620e-08 7.41297e-08 1.00641e-07 1.19260e-07 1.29777e-07
 1.32870e-07 1.30066e-07 1.23610e-07 1.16245e-07 1.10928e-07 1.10525e-07
 1.17492e-07 1.33578e-07 1.59564e-07 1.95062e-07 2.38400e-07 2.86626e-07
 3.35650e-07 3.80509e-07 4.15742e-07 4.35846e-07 4.35763e-07 4.11392e-07
 3.60057e-07 2.80922e-07 1.75275e-07 4.66408e-08-9.93018e-08-2.55039e-07
-4.11741e-07-5.59953e-07-6.90421e-07-7.94970e-07-8.67372e-07-9.04105e-07
-9.04893e-07-8.72944e-07-8.14782e-07-7.39638e-07-6.58371e-07-5.81927e-07
-5.19324e-07-4.75048e-07-4.45896e-07-4.18622e-07-3.71686e-07-2.82670e-07
-1.37090e-07 6.75818e-08 3.23093e-07 6.12795e-07 9.13425e-07 1.19756e-06
 1.43721e-06 1.60736e-06 1.68866e-06 1.66934e-06 1.54674e-06 1.32793e-06
 1.02921e-06 6.74488e-07 2.93101e-07-8.29552e-08-4.22193e-07-6.96931e-07
-8.86256e-07-9.78322e-07-9.71885e-07-8.77620e-07-7.19006e-07-5.29295e-07
-3.43262e-07-1.88803e-07-8.19241e-08-2.43670e-08-3.60104e-09
     0.0000e+00     0.0000e+00      0  0  0.00
     401   1.00000  0.0000e+00
 1.76641e-10 3.90171e-08 7.37721e-08 1.02803e-07 1.25258e-07 1.40991e-07
 1.50411e-07 1.54321e-07 1.53736e-07 1.49714e-07 1.43224e-07 1.35036e-07
 1.25665e-07 1.15351e-07 1.04085e-07 9.16566e-08 7.77388e-08 6.19821e-08
 4.41140e-08 2.40322e-08 1.88172e-09-2.18952e-08-4.65435e-08-7.10199e-08
-9.40559e-08-1.14257e-07-1.30224e-07-1.40687e-07-1.44637e-07-1.41440e-07
-1.30923e-07-1.13421e-07-8.97821e-08-6.13327e-08-2.97981e-08 2.80709e-09
 3.43165e-08 6.25677e-08 8.55635e-08 1.01628e-07 1.09543e-07 1.08661e-07
 9.89761e-08 8.11469e-08 5.64717e-08 2.68057e-08-5.56836e-09-3.81080e-08
-6.82041e-08-9.33836e-08-1.11506e-07-1.20935e-07-1.20678e-07-1.10475e-07
-9.08340e-08-6.30115e-08-2.89378e-08 8.91622e-09 4.77178e-08 8.44846e-08
 1.16313e-07 1.40607e-07 1.55290e-07 1.58980e-07 1.51117e-07 1.32032e-07
 1.02943e-07 6.58827e-08 2.35703e-08-2.07879e-08-6.37343e-08-1.01826e-07
-1.31905e-07-1.51355e-07-1.58320e-07-1.51874e-07-1.32126e-07-1.00249e-07
-5.84277e-08-9.72867e-09 4.21091e-08 9.29388e-08 1.38515e-07 1.74821e-07
 1.98395e-07 2.06622e-07 1.97964e-07 1.72127e-07 1.30128e-07 7.42798e-08
 8.06385e-09-6.40834e-08-1.37071e-07-2.05513e-07-2.64123e-07-3.08119e-07
-3.33604e-07-3.37900e-07-3.19802e-07-2.79732e-07-2.19769e-07-1.43560e-07
-5.61072e-08 3.65622e-08 1.27820e-07 2.10924e-07 2.79532e-07 3.28209e-07
 3.52888e-07 3.51254e-07 3.23015e-07 2.70030e-07 1.96266e-07 1.07597e-07
 1.14299e-08-8.37989e-08-1.69244e-07-2.36333e-07-2.77478e-07-2.86744e-07
-2.60450e-07-1.97636e-07-1.00362e-07 2.62116e-08 1.73969e-07 3.32231e-07
 4.88377e-07 6.28646e-07 7.39096e-07 8.06645e-07 8.20145e-07 7.71394e-07
 6.56021e-07 4.74149e-07 2.30790e-07-6.40890e-08-3.95864e-07-7.45917e-07
-1.09264e-06-1.41274e-06-1.68273e-06-1.88062e-06-1.98754e-06-1.98932e-06
-1.87766e-06-1.65086e-06-1.31386e-06-8.78479e-07-3.63801e-07 2.04014e-07
 7.93850e-07 1.37267e-06 1.90776e-06 2.36794e-06 2.72475e-06 2.95391e-06
 3.03708e-06 2.96338e-06 2.73042e-06 2.34507e-06 1.82357e-06 1.19119e-06
 4.81258e-07-2.66490e-07-1.00820e-06-1.69867e-06-2.29442e-06-2.75696e-06
-3.05593e-06-3.17196e-06-3.09889e-06-2.84512e-06-2.43340e-06-1.89845e-06
-1.28292e-06-6.33540e-07 2.72159e-09 5.83304e-07 1.07510e-06 1.45755e-06
 1.72122e-06 1.86335e-06 1.88575e-06 1.79753e-06 1.61738e-06 1.37059e-06
 1.08338e-06 7.78846e-07 4.76379e-07 1.93343e-07-5.44305e-08-2.55533e-07
-4.05547e-07-5.05584e-07-5.59334e-07-5.72012e-07-5.50473e-07-5.02744e-07
-4.37048e-07-3.61079e-07-2.81618e-07-2.04266e-07-1.33309e-07-7.17131e-08
-2.12184e-08 1.75131e-08 4.46934e-08 6.11827e-08 6.82653e-08 6.74572e-08
 6.03623e-08 4.85733e-08 3.36101e-08 1.68851e-08-3.18988e-10-1.68612e-08
-3.17455e-08-4.41261e-08-5.33188e-08-5.88112e-08-6.02722e-08-5.75620e-08
-5.07437e-08-4.00904e-08-2.60839e-08-9.40583e-09 9.08407e-09 2.83831e-08
 4.73954e-08 6.49926e-08 8.00824e-08 9.16814e-08 9.89846e-08 1.01427e-07
 9.87330e-08 9.09427e-08 7.84217e-08 6.18433e-08 4.21509e-08 2.04988e-08
-1.82242e-09-2.34716e-08-4.31463e-08-5.96717e-08-7.20820e-08-7.96859e-08
-8.21131e-08-7.93390e-08-7.16848e-08-5.97941e-08-4.45858e-08-2.71875e-08
-8.85391e-09 9.12301e-09 2.55068e-08 3.92037e-08 4.93386e-08 5.53135e-08
 5.68469e-08 5.39871e-08 4.71013e-08 3.68410e-08 2.40874e-08 9.88051e-09
-4.66291e-09-1.84345e-08-3.04162e-08-3.97538e-08-4.58179e-08-4.82447e-08
-4.69567e-08-4.21619e-08-3.43325e-08-2.41637e-08-1.25146e-08-3.38686e-10
 1.13913e-08 2.17599e-08 2.99815e-08 3.54613e-08 3.78395e-08 3.70170e-08
 3.31592e-08 2.66776e-08 1.81908e-08 8.47149e-09-1.61817e-09-1.11987e-08
-1.94459e-08-2.56579e-08-2.93100e-08-3.00961e-08-2.79527e-08-2.30644e-08
-1.58476e-08-6.91858e-09 2.95571e-09 1.29195e-08 2.20986e-08 2.96729e-08
 3.49447e-08 3.73978e-08 3.67424e-08 3.29422e-08 2.62211e-08 1.70488e-08
 6.10517e-09-5.77266e-09-1.76562e-08-2.85991e-08-3.77131e-08-4.42393e-08
-4.76095e-08-4.74928e-08-4.38231e-08-3.68078e-08-2.69146e-08-1.48396e-08
-1.45725e-09 1.22443e-08 2.52376e-08 3.65356e-08 4.52700e-08 5.07615e-08
 5.25747e-08 5.05530e-08 4.48308e-08 3.58222e-08 2.41887e-08 1.07873e-08
-3.39460e-09-1.73135e-08-2.99478e-08-4.03738e-08-4.78338e-08-5.17922e-08
-5.19743e-08-4.83842e-08-4.13029e-08-3.12645e-08-1.90144e-08-5.45425e-09
 8.42461e-09 2.16137e-08 3.31611e-08 4.22390e-08 4.82018e-08 5.06304e-08
 4.93600e-08 4.44889e-08 3.63715e-08 2.55925e-08 1.29258e-08-7.19932e-10
-1.43635e-08-2.70198e-08-3.77698e-08-4.58265e-08-5.05940e-08-5.17145e-08
-4.90976e-08-4.29293e-08-3.36610e-08-2.19788e-08-8.74911e-09 5.04951e-09
 1.84041e-08 3.03481e-08 4.00376e-08 4.68147e-08 5.02558e-08 5.02032e-08
 4.67710e-08 4.03266e-08 3.14511e-08 2.08839e-08 9.45519e-09-1.98265e-09
-1.26215e-08-2.17583e-08-2.88455e-08-3.35227e-08-3.56301e-08-3.52064e-08
-3.24741e-08-2.78142e-08-2.17320e-08-1.48147e-08-7.67991e-09-9.23053e-10
 4.93046e-09 9.46754e-09 1.24230e-08 1.37052e-08 1.34069e-08 1.17969e-08
 9.28865e-09 6.38686e-09 3.62109e-09 1.47294e-09 3.04081e-10
     0.0000e+00     0.0000e+00      0  0  0.00
     401   1.00000  0.0000e+00
-1.14486e-08-1.38458e-08-1.60306e-08-1.79346e-08-1.95102e-08-2.07336e-08
-2.16056e-08-2.21467e-08-2.23874e-08-2.23553e-08-2.20637e-08-2.15028e-08
-2.06381e-08-1.94142e-08-1.77621e-08-1.56083e-08-1.28819e-08-9.51910e-09
-5.46799e-09-6.92867e-10 4.81995e-09 1.10570e-08 1.79746e-08 2.54985e-08
 3.35255e-08 4.19260e-08 5.05413e-08 5.91778e-08 6.75947e-08 7.54924e-08
 8.25040e-08 8.81958e-08 9.20795e-08 9.36350e-08 9.23419e-08 8.77140e-08
 7.93377e-08 6.69124e-08 5.02937e-08 2.95347e-08 4.92403e-09-2.29868e-08
-5.33698e-08-8.51245e-08-1.16901e-07-1.47145e-07-1.74152e-07-1.96162e-07
-2.11470e-07-2.18588e-07-2.16447e-07-2.04563e-07-1.83147e-07-1.53130e-07
-1.16096e-07-7.41480e-08-2.97078e-08 1.47123e-08 5.67480e-08 9.43990e-08
 1.26179e-07 1.51159e-07 1.68913e-07 1.79404e-07 1.82909e-07 1.79969e-07
 1.71347e-07 1.57974e-07 1.40872e-07 1.21087e-07 9.96442e-08 7.75209e-08
 5.56157e-08 3.47179e-08 1.54783e-08-1.60542e-09-1.61864e-08-2.80573e-08
-3.71398e-08-4.34804e-08-4.72459e-08-4.87155e-08-4.82635e-08-4.63355e-08
-4.34242e-08-4.00463e-08-3.67198e-08-3.39372e-08-3.21338e-08-3.16575e-08
-3.27453e-08-3.55091e-08-3.99309e-08-4.58631e-08-5.30340e-08-6.10547e-08
-6.94304e-08-7.75772e-08-8.48497e-08-9.05789e-08-9.41137e-08-9.48641e-08
-9.23379e-08-8.61714e-08-7.61544e-08-6.22493e-08-4.46039e-08-2.35542e-08
 3.83061e-10 2.65290e-08 5.40663e-08 8.20685e-08 1.09536e-07 1.35438e-07
 1.58761e-07 1.78559e-07 1.93997e-07 2.04393e-07 2.09239e-07 2.08218e-07
 2.01210e-07 1.88294e-07 1.69752e-07 1.46058e-07 1.17858e-07 8.59313e-08
 5.11624e-08 1.44986e-08-2.30770e-08-6.05701e-08-9.69955e-08-1.31393e-07
-1.62845e-07-1.90483e-07-2.13509e-07-2.31210e-07-2.42978e-07-2.48333e-07
-2.46934e-07-2.38598e-07-2.23316e-07-2.01287e-07-1.72950e-07-1.39031e-07
-1.00558e-07-5.88729e-08-1.56405e-08 2.71352e-08 6.72601e-08 1.02718e-07
 1.31988e-07 1.54147e-07 1.68857e-07 1.76311e-07 1.77143e-07 1.72307e-07
 1.62952e-07 1.50280e-07 1.35430e-07 1.19347e-07 1.02578e-07 8.50604e-08
 6.62419e-08 4.56021e-08 2.31070e-08-6.81017e-10-2.46186e-08-4.70542e-08
-6.61016e-08-8.00636e-08-8.78374e-08-8.91688e-08-8.45589e-08-7.47597e-08
-6.02506e-08-4.12502e-08-1.82875e-08 7.24510e-09 3.31174e-08 5.67826e-08
 7.58193e-08 8.80636e-08 9.17799e-08 8.60620e-08 7.10214e-08 4.73065e-08
 1.55845e-08-2.29127e-08-6.54616e-08-1.07976e-07-1.45634e-07-1.73245e-07
-1.85993e-07-1.80581e-07-1.56153e-07-1.15008e-07-6.28429e-08-7.86362e-09
 4.12138e-08 7.75649e-08 9.83277e-08 1.05324e-07 1.03619e-07 9.83810e-08
 9.18067e-08 8.24015e-08 6.75928e-08 4.76401e-08 2.68340e-08 1.02353e-08
-6.04313e-10-7.85885e-09-1.36110e-08-1.73495e-08-1.77479e-08-1.52068e-08
-1.13640e-08-7.23199e-09-3.05709e-09 7.73883e-10 3.73423e-09 5.59820e-09
 6.33228e-09 5.92282e-09 4.50571e-09 2.35530e-09-2.73818e-10-3.13268e-09
-5.93706e-09-8.44416e-09-1.04823e-08-1.19235e-08-1.27029e-08-1.28291e-08
-1.23557e-08-1.13723e-08-1.00026e-08-8.38320e-09-6.64874e-09-4.92557e-09
-3.31707e-09-1.89699e-09-7.11367e-10 2.22080e-10 9.11297e-10 1.38379e-09
 1.68272e-09 1.86092e-09 1.97272e-09 2.06800e-09 2.18716e-09 2.35690e-09
 2.58887e-09 2.88001e-09 3.21404e-09 3.56445e-09 3.89738e-09 4.17497e-09
 4.36050e-09 4.42291e-09 4.33991e-09 4.10025e-09 3.70515e-09 3.16805e-09
 2.51306e-09 1.77309e-09 9.87804e-10 2.00867e-10-5.43949e-10-1.20655e-09
-1.75370e-09-2.16119e-09-2.41459e-09-2.50977e-09-2.45326e-09-2.26158e-09
-1.95952e-09-1.57840e-09-1.15357e-09-7.20785e-10-3.13978e-10 3.60551e-11
 3.04032e-10 4.72819e-10 5.34095e-10 4.88233e-10 3.44520e-10 1.20271e-10
-1.61081e-10-4.71459e-10-7.80390e-10-1.05875e-09-1.28114e-09-1.42612e-09
-1.47748e-09-1.42705e-09-1.27608e-09-1.03450e-09-7.19232e-10-3.51535e-10
 4.48950e-11 4.43739e-10 8.16148e-10 1.13401e-09 1.37478e-09 1.52414e-09
 1.57513e-09 1.52560e-09 1.37709e-09 1.13711e-09 8.22529e-10 4.59031e-10
 7.51076e-11-3.03540e-10-6.54617e-10-9.56873e-10-1.18894e-09-1.33174e-09
-1.37378e-09-1.31508e-09-1.16536e-09-9.38306e-10-6.47828e-10-3.09726e-10
 5.45764e-11 4.18369e-10 7.54727e-10 1.04187e-09 1.26532e-09 1.41625e-09
 1.48812e-09 1.47648e-09 1.38228e-09 1.21463e-09 9.89625e-10 7.26693e-10
 4.44712e-10 1.60685e-10-1.09138e-10-3.48388e-10-5.42015e-10-6.79357e-10
-7.56426e-10-7.75472e-10-7.42759e-10-6.66737e-10-5.57337e-10-4.26315e-10
-2.87817e-10-1.57058e-10-4.72420e-11 3.23584e-11 7.64234e-11 8.31500e-11
 5.35860e-11-8.54220e-12-9.57392e-11-1.96843e-10-2.99668e-10-3.93041e-10
-4.66886e-10-5.12625e-10-5.24056e-10-4.97579e-10-4.32491e-10-3.31208e-10
-1.98137e-10-3.87072e-11 1.39566e-10 3.26008e-10 5.08219e-10 6.74400e-10
 8.13777e-10 9.15471e-10 9.67792e-10 9.59037e-10 8.80469e-10 7.30326e-10
 5.15204e-10 2.47836e-10-5.48648e-11-3.71002e-10-6.72437e-10-9.26386e-10
-1.10087e-09-1.17237e-09-1.13179e-09-9.85275e-10-7.50786e-10-4.55289e-10
-1.34337e-10 1.69889e-10 4.15441e-10 5.70865e-10 6.23959e-10 5.83925e-10
 4.75978e-10 3.33145e-10 1.89792e-10 7.67877e-11 1.56841e-11
     0.0000e+00     0.0000e+00      0  0  0.00
     401   1.00000  0.0000e+00
-1.46736e-07-2.34156e-07-3.15951e-07-3.88149e-07-4.47522e-07-4.91679e-07
-5.19097e-07-5.29084e-07-5.21715e-07-4.97738e-07-4.58453e-07-4.05595e-07
-3.41212e-07-2.67551e-07-1.86945e-07-1.01733e-07-1.42072e-08 7.33974e-08
 1.58909e-07 2.40224e-07 3.15323e-07 3.82289e-07 4.39338e-07 4.84840e-07
 5.17354e-07 5.35661e-07 5.38820e-07 5.26238e-07 4.97758e-07 4.53743e-07
 3.95151e-07 3.23607e-07 2.41444e-07 1.51714e-07 5.81573e-08-3.49174e-08
-1.22951e-07-2.01687e-07-2.67730e-07-3.18850e-07-3.54012e-07-3.73284e-07
-3.77667e-07-3.68884e-07-3.49145e-07-3.20903e-07-2.86639e-07-2.48661e-07
-2.08937e-07-1.68894e-07-1.29319e-07-9.05836e-08-5.29998e-08-1.69515e-08
 1.71399e-08 4.87969e-08 7.74806e-08 1.02697e-07 1.24184e-07 1.42025e-07
 1.56490e-07 1.67669e-07 1.75183e-07 1.78222e-07 1.75886e-07 1.67553e-07
 1.52984e-07 1.32148e-07 1.05119e-07 7.22602e-08 3.45211e-08-6.52847e-09
-4.88354e-08-8.98197e-08-1.26360e-07-1.55211e-07-1.73444e-07-1.78499e-07
-1.68407e-07-1.42496e-07-1.02057e-07-5.06205e-08 6.08989e-09 6.07040e-08
 1.05499e-07 1.34131e-07 1.43278e-07 1.33788e-07 1.10623e-07 8.11701e-08
 5.24687e-08 2.84951e-08 9.05427e-09-8.65606e-09-2.65721e-08-4.30703e-08
-5.38406e-08-5.59667e-08-5.10075e-08-4.33756e-08-3.58234e-08-2.77545e-08
-1.80717e-08-7.85653e-09 7.99320e-10 7.13956e-09 1.15638e-08 1.41990e-08
 1.48855e-08 1.38539e-08 1.15716e-08 8.38945e-09 4.68914e-09 9.33401e-10
-2.53902e-09-5.50462e-09-7.75637e-09-9.17192e-09-9.74715e-09-9.52958e-09
-8.61486e-09-7.15782e-09-5.32815e-09-3.29232e-09-1.21874e-09 7.44050e-10
 2.48055e-09 3.90418e-09 4.96441e-09 5.64801e-09 5.96746e-09 5.95724e-09
 5.67117e-09 5.17304e-09 4.53049e-09 3.81042e-09 3.07251e-09 2.36594e-09
 1.72716e-09 1.17809e-09 7.28272e-10 3.77308e-10 1.15390e-10-7.46591e-11
-2.13704e-10-3.23093e-10-4.22112e-10-5.26350e-10-6.46359e-10-7.86439e-10
-9.45277e-10-1.11782e-09-1.29582e-09-1.46765e-09-1.61942e-09-1.73755e-09
-1.81079e-09-1.83064e-09-1.79172e-09-1.69296e-09-1.53752e-09-1.33145e-09
-1.08328e-09-8.04744e-10-5.10063e-10-2.14092e-10 6.94193e-11 3.28832e-10
 5.54578e-10 7.38810e-10 8.76264e-10 9.65455e-10 1.00811e-09 1.00804e-09
 9.71175e-10 9.05188e-10 8.17786e-10 7.16249e-10 6.08134e-10 5.00405e-10
 3.97920e-10 3.03767e-10 2.20175e-10 1.48299e-10 8.77314e-11 3.63856e-11
-9.07168e-12-5.15234e-11-9.20424e-11-1.31225e-10-1.70865e-10-2.12657e-10
-2.55918e-10-2.97485e-10-3.33259e-10-3.59640e-10-3.74349e-10-3.76097e-10
-3.63034e-10-3.31932e-10-2.80229e-10-2.08998e-10-1.22957e-10-2.75886e-11
 7.31550e-11 1.76225e-10 2.76692e-10 3.66598e-10 4.37549e-10 4.83955e-10
 5.03691e-10 4.96483e-10 4.61927e-10 3.99411e-10 3.10226e-10 1.99189e-10
 7.41624e-11-5.61010e-11-1.84332e-10-3.04804e-10-4.11305e-10-4.96585e-10
-5.54147e-10-5.80181e-10-5.74179e-10-5.37868e-10-4.73673e-10-3.84772e-10
-2.76098e-10-1.54412e-10-2.76482e-11 9.57581e-11 2.07866e-10 3.02101e-10
 3.73148e-10 4.16605e-10 4.29468e-10 4.10777e-10 3.61634e-10 2.85179e-10
 1.86491e-10 7.19721e-11-5.10665e-11-1.74390e-10-2.89307e-10-3.87394e-10
-4.60704e-10-5.02273e-10-5.07530e-10-4.74931e-10-4.05151e-10-3.00825e-10
-1.67143e-10-1.16555e-11 1.56156e-10 3.24930e-10 4.82916e-10 6.20494e-10
 7.30788e-10 8.08652e-10 8.50323e-10 8.53848e-10 8.19541e-10 7.50140e-10
 6.49345e-10 5.18854e-10 3.57352e-10 1.63039e-10-6.34274e-11-3.18046e-10
-5.93721e-10-8.79868e-10-1.16036e-09-1.41102e-09-1.60000e-09-1.69263e-09
-1.65879e-09-1.47908e-09-1.14795e-09-6.75739e-10-9.10535e-11 5.57955e-10
 1.20647e-09 1.78094e-09 2.21115e-09 2.44218e-09 2.44230e-09 2.20677e-09
 1.75864e-09 1.14712e-09 4.42577e-10-2.73757e-10-9.23634e-10-1.44443e-09
-1.79692e-09-1.96720e-09-1.96410e-09-1.81447e-09-1.55715e-09-1.23511e-09
-8.87520e-10-5.44249e-10-2.24181e-10 6.25993e-11 3.10405e-10 5.14222e-10
 6.68175e-10 7.66105e-10 8.03460e-10 7.79690e-10 7.00675e-10 5.80332e-10
 4.40074e-10 3.05390e-10 2.00366e-10 1.41950e-10 1.35734e-10 1.74578e-10
 2.40711e-10 3.10619e-10 3.61313e-10 3.76132e-10 3.48191e-10 2.80763e-10
 1.84901e-10 7.49685e-11-3.61974e-11-1.40487e-10-2.35348e-10-3.22164e-10
-4.02724e-10-4.75533e-10-5.33833e-10-5.66278e-10-5.60252e-10-5.06529e-10
-4.03366e-10-2.58525e-10-8.84992e-11 8.51057e-11 2.40943e-10 3.63094e-10
 4.44224e-10 4.85738e-10 4.95025e-10 4.81028e-10 4.50190e-10 4.04456e-10
 3.41954e-10 2.59894e-10 1.58285e-10 4.27141e-11-7.53482e-11-1.81202e-10
-2.61478e-10-3.08679e-10-3.23855e-10-3.16205e-10-2.99637e-10-2.87799e-10
-2.89610e-10-3.06973e-10-3.35505e-10-3.67759e-10-3.97267e-10-4.21451e-10
-4.41863e-10-4.61598e-10-4.81406e-10-4.96684e-10-4.96909e-10-4.68001e-10
-3.96904e-10-2.76565e-10-1.09174e-10 9.37368e-11 3.14338e-10 5.33269e-10
 7.33922e-10 9.04462e-10 1.03710e-09 1.12558e-09 1.16285e-09 1.14065e-09
 1.05174e-09 8.93866e-10 6.73642e-10 4.08316e-10 1.24172e-10-1.48358e-10
-3.81308e-10-5.54865e-10-6.59871e-10-6.96812e-10-6.72736e-10-5.98142e-10
-4.85457e-10-3.49598e-10-2.09717e-10-9.02645e-11-1.95190e-11
