      10
(6e12.5)
     0.0000e+00     0.0000e+00      0  0  0.00
     512   1.00000  0.0000e+00
-4.71611e-09-4.95621e-09-5.06093e-09-5.00048e-09-4.73469e-09-4.23634e-09
-3.52209e-09-2.66207e-09-1.75731e-09-9.01625e-10-1.51414e-10 4.87868e-10
 1.06222e-09 1.65719e-09 2.36911e-09 3.26221e-09 4.33042e-09 5.48926e-09
 6.60806e-09 7.56387e-09 8.28274e-09 8.74697e-09 8.97380e-09 8.98601e-09
 8.79226e-09 8.38642e-09 7.76352e-09 6.93889e-09 5.95521e-09 4.87464e-09
 3.76549e-09 2.68966e-09 1.68467e-09 7.36189e-10-2.40589e-10-1.38358e-09
-2.82615e-09-4.62775e-09-6.73529e-09-8.99801e-09-1.12195e-08-1.32101e-08
-1.48183e-08-1.59449e-08-1.65534e-08-1.66747e-08-1.63931e-08-1.58101e-08
-1.50024e-08-1.39923e-08-1.27347e-08-1.11228e-08-9.01611e-09-6.29033e-09
-2.88778e-09 1.15733e-09 5.73012e-09 1.06718e-08 1.58239e-08 2.10623e-08
 2.63071e-08 3.15057e-08 3.66027e-08 4.15263e-08 4.62091e-08 5.06304e-08
 5.48365e-08 5.88933e-08 6.27691e-08 6.61923e-08 6.85470e-08 6.88508e-08
 6.58382e-08 5.81862e-08 4.48780e-08 2.55002e-08 2.86001e-10-2.97694e-08
-6.25029e-08-9.46193e-08-1.22634e-07-1.43964e-07-1.57533e-07-1.63969e-07
-1.65345e-07-1.64481e-07-1.64188e-07-1.66831e-07-1.74353e-07-1.88670e-07
-2.11989e-07-2.46192e-07-2.90651e-07-3.38881e-07-3.75619e-07-3.76438e-07
-3.11702e-07-1.55618e-07 1.02203e-07 4.50468e-07 8.58023e-07 1.27670e-06
 1.64663e-06 1.90258e-06 1.96230e-06 1.72520e-06 1.13651e-06 2.55780e-07
-7.66265e-07-1.74407e-06-2.47179e-06-2.75274e-06-2.47263e-06-1.66660e-06
-5.43261e-07 5.58598e-07 1.28478e-06 1.41993e-06 1.00153e-06 3.02477e-07
-3.12586e-07-5.67569e-07-4.05401e-07-3.84865e-09 3.46731e-07 4.37632e-07
 2.71618e-07 3.08684e-08-8.64514e-08-2.43912e-08 1.08552e-07 1.63319e-07
 9.56269e-08-8.59367e-09-4.20240e-08 7.60960e-09 6.02799e-08 4.97130e-08
-1.99061e-09-2.71587e-08-5.38874e-09 1.88842e-08 7.55818e-09-2.01202e-08
-2.55401e-08-1.02886e-08-5.82051e-09-1.94710e-08-2.78487e-08-2.06007e-08
-1.45666e-08-1.96531e-08-2.33763e-08-1.76797e-08-1.21091e-08-1.21111e-08
-1.00533e-08-3.23449e-09 1.93118e-09 4.43151e-09 8.33680e-09 1.24356e-08
 1.39395e-08 1.42916e-08 1.43781e-08 1.29122e-08 1.00911e-08 6.71745e-09
 2.60494e-09-2.09657e-09-6.74897e-09-1.09256e-08-1.42017e-08-1.61008e-08
-1.63234e-08-1.47970e-08-1.17076e-08-7.48272e-09-2.66610e-09 2.17316e-09
 6.46550e-09 9.68627e-09 1.14474e-08 1.15757e-08 1.01142e-08 7.27847e-09
 3.43857e-09-8.82597e-10-5.05875e-09-8.45906e-09-1.05340e-08-1.08677e-08
-9.24366e-09-5.74678e-09-8.33447e-10 4.72654e-09 1.00364e-08 1.42673e-08
 1.67652e-08 1.71022e-08 1.51529e-08 1.11898e-08 5.89796e-09 2.38168e-10
-4.78392e-09-8.33384e-09-9.88614e-09-9.29440e-09-6.82509e-09-3.14169e-09
 8.11127e-10 4.02042e-09 5.64323e-09 5.20187e-09 2.69334e-09-1.41223e-09
-6.27341e-09-1.08503e-08-1.41235e-08-1.53229e-08-1.41199e-08-1.07348e-08
-5.90344e-09-6.78253e-10 3.85364e-09 6.82213e-09 7.74857e-09 6.65591e-09
 4.09007e-09 9.91684e-10-1.57233e-09-2.71158e-09-1.94882e-09 6.55565e-10
 4.51375e-09 8.66028e-09 1.20080e-08 1.36402e-08 1.30620e-08 1.03545e-08
 6.17612e-09 1.57182e-09-2.35736e-09-4.77974e-09-5.33478e-09-4.19266e-09
-2.00167e-09 2.78042e-10 1.65893e-09 1.45436e-09-4.83116e-10-3.70737e-09
-7.31506e-09-1.02265e-08-1.15376e-08-1.08227e-08-8.26013e-09-4.54729e-09
-6.73610e-10 2.37434e-09 3.91412e-09 3.78197e-09 2.37184e-09 4.89094e-10
-9.23880e-10-1.11528e-09 1.95812e-10 2.70214e-09 5.61010e-09 7.91854e-09
 8.77150e-09 7.76547e-09 5.09973e-09 1.50575e-09-2.01907e-09-4.56758e-09
-5.63125e-09-5.24660e-09-3.93917e-09-2.50481e-09-1.70805e-09-1.98774e-09
-3.27333e-09-4.99785e-09-6.31283e-09-6.42102e-09-4.89888e-09-1.88000e-09
 1.98002e-09 5.73985e-09 8.51157e-09 9.77236e-09 9.52394e-09 8.23269e-09
 6.58880e-09 5.20208e-09 4.35526e-09 3.89997e-09 3.33685e-09 2.05912e-09
-3.40739e-10-3.84347e-09-7.95190e-09-1.18288e-08-1.45757e-08-1.55550e-08
-1.46107e-08-1.20850e-08-8.64144e-09-4.98333e-09-1.57766e-09 1.48319e-09
 4.39844e-09 7.41499e-09 1.05829e-08 1.36278e-08 1.59745e-08 1.69187e-08
 1.59077e-08 1.28155e-08 8.05938e-09 2.48800e-09-2.88742e-09-7.18778e-09
-9.89463e-09-1.09461e-08-1.06458e-08-9.41564e-09-7.54017e-09-5.07319e-09
-1.95962e-09 1.73179e-09 5.63386e-09 9.06335e-09 1.11715e-08 1.12273e-08
 8.93571e-09 4.62968e-09-7.84969e-10-6.11886e-09-1.02767e-08-1.25514e-08
-1.27492e-08-1.11503e-08-8.33579e-09-4.93623e-09-1.41984e-09 1.95345e-09
 4.99050e-09 7.37050e-09 8.59783e-09 8.18571e-09 5.95710e-09 2.26308e-09
-2.01927e-09-5.72410e-09-7.77273e-09-7.53862e-09-5.06384e-09-1.04295e-09
 3.42540e-09 7.21803e-09 9.53585e-09 1.00825e-08 9.02610e-09 6.80368e-09
 3.90328e-09 7.52810e-10-2.24849e-09-4.64829e-09-5.94209e-09-5.71406e-09
-3.86104e-09-7.67365e-10 2.69970e-09 5.41872e-09 6.39867e-09 5.16616e-09
 1.97553e-09-2.26899e-09-6.34629e-09-9.15438e-09-1.00665e-08-9.07297e-09
-6.67539e-09-3.62045e-09-6.34860e-10 1.71680e-09 3.05138e-09 3.14937e-09
 1.97969e-09-2.24120e-10-2.90848e-09-5.25767e-09-6.39790e-09-5.70558e-09
-3.11131e-09 7.65747e-10 4.78743e-09 7.73443e-09 8.79007e-09 7.82721e-09
 5.39692e-09 2.46193e-09 1.35969e-12-1.33486e-09-1.37068e-09-3.30525e-10
 1.34020e-09 3.13504e-09 4.57621e-09 5.25537e-09 4.88211e-09 3.38370e-09
 1.01979e-09-1.60334e-09-3.70740e-09-4.66323e-09-4.29393e-09-2.98459e-09
-1.52335e-09-7.37458e-10-1.09677e-09-2.48531e-09-4.26711e-09-5.61502e-09
-5.91398e-09-5.01348e-09-3.22267e-09-1.10841e-09 7.51703e-10 1.93943e-09
 2.26236e-09 1.76061e-09 6.99132e-10-4.54887e-10-1.11178e-09-7.30205e-10
 9.49846e-10 3.71497e-09 6.85558e-09 9.38642e-09 1.04558e-08 9.74652e-09
 7.63316e-09 4.99386e-09 2.78673e-09 1.63310e-09 1.61383e-09 2.33678e-09
 3.18557e-09 3.59519e-09 3.23406e-09 2.05525e-09 2.46681e-10-1.86490e-09
-3.91092e-09-5.56874e-09-6.65751e-09-7.22955e-09-7.58234e-09-8.11839e-09
-9.08933e-09-1.03844e-08-1.15306e-08-1.19372e-08-1.12429e-08-9.54984e-09
-7.40129e-09-5.52283e-09-4.47751e-09-4.40806e-09-4.98182e-09-5.55511e-09
-5.46309e-09-4.27888e-09-1.93438e-09 1.29383e-09 4.87196e-09 8.13968e-09
 1.04937e-08 1.16044e-08 1.15671e-08 1.08687e-08 1.01396e-08 9.82170e-09
 9.96503e-09 1.02747e-08 1.03525e-08 9.96120e-09 9.15435e-09 8.20392e-09
 7.37817e-09 6.71869e-09 5.97184e-09 4.72350e-09 2.64353e-09-3.16907e-10
-3.87424e-09-7.49249e-09-1.05156e-08-1.23076e-08-1.24216e-08-1.07962e-08
-7.87429e-09-4.50923e-09-1.64442e-09 7.30637e-11 5.39028e-10 1.96698e-10
-1.41651e-10-9.62958e-11
     0.0000e+00     0.0000e+00      0  0  0.00
     512   1.00000  0.0000e+00
-1.62493e-09-1.37846e-09-1.04328e-09-6.97699e-10-4.25590e-10-2.79720e-10
-2.58684e-10-3.12512e-10-3.73809e-10-3.94464e-10-3.63851e-10-2.98161e-10
-2.13030e-10-1.03245e-10 5.49078e-11 2.81305e-10 5.67289e-10 8.68368e-10
 1.11961e-09 1.25967e-09 1.24460e-09 1.04725e-09 6.54571e-10 7.88264e-11
-6.12216e-10-1.25631e-09-1.57066e-09-1.16506e-09 3.83738e-10 3.38363e-09
 7.81241e-09 1.31110e-08 1.81493e-08 2.14873e-08 2.18472e-08 1.85602e-08
 1.18146e-08 2.65265e-09-7.26724e-09-1.60776e-08-2.21639e-08-2.45586e-08
-2.31683e-08-1.87693e-08-1.27523e-08-6.67508e-09-1.76848e-09 1.38300e-09
 2.82694e-09 2.95985e-09 2.22101e-09 9.38205e-10-6.74967e-10-2.44533e-09
-4.16396e-09-5.56764e-09-6.39378e-09-6.46546e-09-5.75081e-09-4.37457e-09
-2.58815e-09-7.09566e-10 9.51561e-10 2.16051e-09 2.79512e-09 2.85405e-09
 2.45060e-09 1.80180e-09 1.21015e-09 1.03424e-09 1.64702e-09 3.37226e-09
 6.38080e-09 1.05452e-08 1.53079e-08 1.97174e-08 2.27525e-08 2.37603e-08
 2.26639e-08 1.98226e-08 1.57524e-08 1.10032e-08 6.20867e-09 2.05782e-09
-8.79119e-10-2.26212e-09-1.85645e-09 8.03653e-10 6.66789e-09 1.68459e-08
 3.14222e-08 4.77550e-08 5.91917e-08 5.52630e-08 2.40211e-08-4.35147e-08
-1.47512e-07-2.73289e-07-3.88387e-07-4.49080e-07-4.17528e-07-2.79957e-07
-5.84385e-08 1.89841e-07 3.99232e-07 5.34177e-07 5.97176e-07 6.01783e-07
 5.45273e-07 4.06796e-07 1.75290e-07-1.19861e-07-4.07931e-07-6.03753e-07
-6.42223e-07-5.03347e-07-2.25688e-07 9.19584e-08 3.22711e-07 3.74556e-07
 2.39990e-07 4.40868e-09-1.94339e-07-2.47050e-07-1.44410e-07 2.12479e-08
 1.27959e-07 1.14499e-07 1.95708e-08-6.10136e-08-6.17229e-08-2.64386e-10
 5.15606e-08 4.58505e-08 3.13138e-09-2.06772e-08-1.93918e-09 2.84607e-08
 3.03008e-08 5.05497e-09-1.21754e-08-3.38660e-09 1.13842e-08 8.38200e-09
-5.49710e-09-8.35513e-09 9.97878e-10 4.88080e-09-1.98056e-09-6.42339e-09
-2.16987e-09 1.15756e-09-1.85703e-09-3.65684e-09-8.59708e-11 2.73692e-09
 1.97030e-09 2.06209e-09 3.69596e-09 3.14181e-09 9.35116e-10-1.16769e-10
-6.66894e-10-1.60382e-09-1.80255e-09-1.33315e-09-1.24839e-09-1.53415e-09
-1.98496e-09-2.66092e-09-3.23522e-09-3.31089e-09-2.77015e-09-1.63674e-09
-7.73364e-11 1.59776e-09 3.05371e-09 4.01606e-09 4.32914e-09 3.99077e-09
 3.12360e-09 1.90737e-09 5.16715e-10-9.06338e-10-2.24297e-09-3.37502e-09
-4.17034e-09-4.49040e-09-4.22741e-09-3.35771e-09-1.98118e-09-3.15367e-10
 1.35756e-09 2.75461e-09 3.63635e-09 3.84094e-09 3.32837e-09 2.21828e-09
 7.76081e-10-6.66796e-10-1.81745e-09-2.48903e-09-2.60368e-09-2.16196e-09
-1.23237e-09 3.02647e-11 1.38288e-09 2.54404e-09 3.27732e-09 3.45944e-09
 3.09654e-09 2.29077e-09 1.19545e-09-6.94345e-12-1.11293e-09-1.92125e-09
-2.27828e-09-2.12567e-09-1.52373e-09-6.40192e-10 2.87824e-10 1.01101e-09
 1.33499e-09 1.17302e-09 5.61312e-10-3.62680e-10-1.39810e-09-2.31660e-09
-2.90087e-09-2.99497e-09-2.55477e-09-1.67215e-09-5.54710e-10 5.33350e-10
 1.34340e-09 1.70663e-09 1.57963e-09 1.05817e-09 3.51418e-10-2.78901e-10
-6.00541e-10-4.84929e-10 5.83681e-11 8.95493e-10 1.81429e-09 2.57811e-09
 2.97598e-09 2.87431e-09 2.26552e-09 1.28823e-09 1.97946e-10-7.13414e-10
-1.22586e-09-1.27941e-09-9.91914e-10-5.93172e-10-3.16635e-10-3.13355e-10
-6.21777e-10-1.18067e-09-1.85789e-09-2.47973e-09-2.86120e-09-2.85062e-09
-2.39430e-09-1.58845e-09-6.66883e-10 8.81417e-11 4.73549e-10 4.65505e-10
 2.28773e-10 2.56668e-11 8.26442e-11 4.87343e-10 1.15974e-09 1.90308e-09
 2.49806e-09 2.78404e-09 2.69850e-09 2.27967e-09 1.64539e-09 9.59214e-10
 3.90975e-10 6.94878e-11 3.06811e-11 1.86016e-10 3.41421e-10 2.73534e-10
-1.61143e-10-9.33387e-10-1.82075e-09-2.48641e-09-2.62829e-09-2.12553e-09
-1.10864e-09 8.10605e-11 1.02588e-09 1.40363e-09 1.12486e-09 3.74844e-10
-4.62442e-10-9.73457e-10-9.08623e-10-3.10353e-10 4.93383e-10 1.03604e-09
 9.34250e-10 7.92497e-11-1.29444e-09-2.69822e-09-3.59638e-09-3.63309e-09
-2.77443e-09-1.30510e-09 3.11113e-10 1.63496e-09 2.42278e-09 2.69407e-09
 2.67806e-09 2.67342e-09 2.88775e-09 3.32771e-09 3.78349e-09 3.91050e-09
 3.37890e-09 2.03865e-09 3.12820e-11-2.21812e-09-4.14718e-09-5.27724e-09
-5.39498e-09-4.60678e-09-3.25467e-09-1.75172e-09-4.22067e-10 5.86406e-10
 1.29283e-09 1.79758e-09 2.17439e-09 2.40384e-09 2.38045e-09 1.97775e-09
 1.13495e-09-6.88814e-11-1.38541e-09-2.44295e-09-2.87494e-09-2.48622e-09
-1.36347e-09 1.49276e-10 1.60490e-09 2.64445e-09 3.11363e-09 3.05377e-09
 2.60693e-09 1.91670e-09 1.07777e-09 1.40733e-10-8.47668e-10-1.79680e-09
-2.54425e-09-2.87427e-09-2.59749e-09-1.66891e-09-2.73247e-10 1.19568e-09
 2.27424e-09 2.62137e-09 2.16260e-09 1.10801e-09-1.60451e-10-1.26044e-09
-1.94645e-09-2.15796e-09-1.97652e-09-1.53292e-09-9.30089e-10-2.29696e-10
 5.03671e-10 1.15243e-09 1.54248e-09 1.50555e-09 9.80885e-10 9.14314e-11
-8.68710e-10-1.54469e-09-1.67790e-09-1.23115e-09-4.12944e-10 4.20920e-10
 9.38794e-10 9.82375e-10 6.16810e-10 6.70403e-11-4.11035e-10-6.46629e-10
-5.98713e-10-3.24943e-10 8.08669e-11 5.32957e-10 9.58550e-10 1.27367e-09
 1.36532e-09 1.12065e-09 5.04533e-10-3.66506e-10-1.21868e-09-1.70951e-09
-1.57842e-09-7.84283e-10 4.46950e-10 1.69809e-09 2.52637e-09 2.63647e-09
 1.98251e-09 7.63666e-10-6.69508e-10-1.94283e-09-2.76021e-09-2.95207e-09
-2.48364e-09-1.45369e-09-9.48536e-11 1.24921e-09 2.19956e-09 2.46253e-09
 1.94862e-09 8.31385e-10-4.99556e-10-1.58924e-09-2.10163e-09-1.94364e-09
-1.27274e-09-3.90949e-10 4.13215e-10 9.82201e-10 1.30713e-09 1.46197e-09
 1.51825e-09 1.49806e-09 1.38208e-09 1.14698e-09 7.92846e-10 3.41122e-10
-1.81887e-10-7.43463e-10-1.27465e-09-1.64215e-09-1.66586e-09-1.20010e-09
-2.49739e-10 9.52261e-10 1.98206e-09 2.39005e-09 1.91533e-09 6.26130e-10
-1.09701e-09-2.72460e-09-3.79640e-09-4.07894e-09-3.59535e-09-2.54911e-09
-1.22046e-09 1.04432e-10 1.16471e-09 1.74621e-09 1.72587e-09 1.13648e-09
 1.98088e-10-7.44141e-10-1.36965e-09-1.53191e-09-1.30301e-09-8.79776e-10
-4.18076e-10 8.22185e-11 7.49725e-10 1.68614e-09 2.80407e-09 3.79050e-09
 4.23753e-09 3.86703e-09 2.71104e-09 1.12879e-09-3.55186e-10-1.28830e-09
-1.46084e-09-9.36454e-10 2.96287e-11 1.10613e-09 1.97427e-09 2.37710e-09
 2.15456e-09 1.28670e-09-7.48431e-11-1.63103e-09-3.02580e-09-3.96261e-09
-4.29101e-09-4.02435e-09-3.28699e-09-2.23398e-09-1.00361e-09 2.71149e-10
 1.42336e-09 2.23954e-09 2.50578e-09 2.10866e-09 1.15846e-09 7.76578e-11
-4.06633e-10-1.95945e-10
     0.0000e+00     0.0000e+00      0  0  0.00
     512   1.00000  0.0000e+00
-3.38706e-09-3.49722e-09-3.49412e-09-3.38766e-09-3.19581e-09-2.93732e-09
-2.62403e-09-2.25672e-09-1.83050e-09-1.34723e-09-8.24509e-10-2.92728e-10
 2.18116e-10 6.91161e-10 1.12623e-09 1.53504e-09 1.93404e-09 2.33847e-09
 2.75753e-09 3.19111e-09 3.63030e-09 4.06114e-09 4.46669e-09 4.82502e-09
 5.10720e-09 5.28252e-09 5.33161e-09 5.25841e-09 5.09178e-09 4.87898e-09
 4.68122e-09 4.57172e-09 4.62201e-09 4.86923e-09 5.28370e-09 5.76317e-09
 6.15959e-09 6.32511e-09 6.16177e-09 5.65971e-09 4.90770e-09 4.06365e-09
 3.29253e-09 2.70028e-09 2.29711e-09 2.00661e-09 1.70973e-09 1.29215e-09
 6.67014e-10-2.27932e-10-1.43925e-09-3.00078e-09-4.93332e-09-7.24067e-09
-9.89555e-09-1.28186e-08-1.58659e-08-1.88358e-08-2.14978e-08-2.36492e-08
-2.52099e-08-2.63447e-08-2.75694e-08-2.97714e-08-3.40846e-08-4.15844e-08
-5.27910e-08-6.70177e-08-8.17009e-08-9.19927e-08-9.10049e-08-7.10980e-08
-2.64561e-08 4.31709e-08 1.30125e-07 2.21968e-07 3.04708e-07 3.57960e-07
 3.55465e-07 2.82490e-07 1.48857e-07-1.62734e-08-1.74027e-07-2.85438e-07
-3.25528e-07-2.94035e-07-2.14762e-07-1.25175e-07-6.01017e-08-3.48675e-08
-3.82139e-08-4.24046e-08-2.47841e-08 1.53344e-08 5.77667e-08 7.86478e-08
 6.83778e-08 3.69681e-08 5.99016e-09-5.35003e-09 7.42407e-09 3.21944e-08
 5.22950e-08 5.83266e-08 4.92390e-08 3.06092e-08 1.58828e-08 2.33582e-08
 6.27434e-08 1.24490e-07 1.86184e-07 2.23942e-07 2.17477e-07 1.56955e-07
 5.04727e-08-7.78209e-08-1.96503e-07-2.78414e-07-3.11854e-07-3.03071e-07
-2.68509e-07-2.23040e-07-1.70913e-07-1.05202e-07-1.72873e-08 8.82853e-08
 1.85569e-07 2.36527e-07 2.15600e-07 1.33755e-07 3.99402e-08-1.02057e-08
 2.13172e-09 4.30831e-08 5.87901e-08 2.90944e-08-1.52524e-08-3.28320e-08
-1.95856e-08-4.95137e-09-7.85923e-09-1.74026e-08-1.83224e-08-1.30022e-08
-9.80617e-09-8.19913e-09-5.17060e-09-2.49561e-09-1.17809e-09 6.05768e-10
 2.51288e-09 3.14771e-09 3.49778e-09 4.14468e-09 4.04348e-09 3.48305e-09
 3.26026e-09 2.82288e-09 2.10974e-09 1.74668e-09 1.47738e-09 1.11198e-09
 9.45320e-10 7.43081e-10 3.53613e-10 4.13508e-12-4.03206e-10-8.77669e-10
-1.26079e-09-1.68922e-09-2.19395e-09-2.70518e-09-3.30297e-09-3.90630e-09
-4.41665e-09-4.83720e-09-5.06914e-09-5.09178e-09-4.93297e-09-4.54082e-09
-3.92609e-09-3.10195e-09-2.09722e-09-1.01810e-09 5.56831e-11 1.03681e-09
 1.84720e-09 2.45948e-09 2.85254e-09 3.05447e-09 3.11444e-09 3.06379e-09
 2.94976e-09 2.82435e-09 2.72550e-09 2.66117e-09 2.63751e-09 2.67026e-09
 2.73690e-09 2.79212e-09 2.79562e-09 2.69099e-09 2.41077e-09 1.92762e-09
 1.27244e-09 5.11995e-10-2.53958e-10-9.29096e-10-1.47861e-09-1.89203e-09
-2.11894e-09-2.12382e-09-1.96346e-09-1.73947e-09-1.52612e-09-1.37006e-09
-1.28526e-09-1.24581e-09-1.23625e-09-1.27220e-09-1.33506e-09-1.34486e-09
-1.23213e-09-9.99890e-10-7.10059e-10-4.35881e-10-2.06409e-10 1.50752e-11
 2.52409e-10 4.29733e-10 4.35522e-10 2.57141e-10 2.06905e-12-1.87913e-10
-2.31733e-10-1.49946e-10-1.24573e-11 1.54023e-10 3.92218e-10 7.42677e-10
 1.14471e-09 1.44574e-09 1.54439e-09 1.49161e-09 1.43875e-09 1.51248e-09
 1.72143e-09 1.97173e-09 2.18166e-09 2.34650e-09 2.48648e-09 2.57687e-09
 2.53837e-09 2.29562e-09 1.85760e-09 1.32410e-09 8.07929e-10 3.59618e-10
-5.37152e-11-5.03513e-10-1.02291e-09-1.58943e-09-2.17229e-09-2.75638e-09
-3.32977e-09-3.87203e-09-4.34276e-09-4.68410e-09-4.85045e-09-4.83278e-09
-4.65760e-09-4.36628e-09-3.98579e-09-3.52142e-09-2.97192e-09-2.33590e-09
-1.61944e-09-8.44524e-10-2.96412e-11 8.18347e-10 1.67373e-09 2.48901e-09
 3.21620e-09 3.79144e-09 4.14070e-09 4.23856e-09 4.11323e-09 3.79724e-09
 3.32686e-09 2.74809e-09 2.07763e-09 1.30988e-09 4.70410e-10-3.93286e-10
-1.24885e-09-2.05754e-09-2.75312e-09-3.27086e-09-3.56436e-09-3.60805e-09
-3.43394e-09-3.13775e-09-2.80153e-09-2.43778e-09-2.02022e-09-1.51794e-09
-8.96586e-10-1.35098e-10 7.55785e-10 1.73947e-09 2.73767e-09 3.60119e-09
 4.16207e-09 4.34436e-09 4.18939e-09 3.77845e-09 3.16194e-09 2.34180e-09
 1.31690e-09 1.80860e-10-8.44611e-10-1.51037e-09-1.66340e-09-1.28254e-09
-4.32079e-10 8.00234e-10 2.30418e-09 3.89515e-09 5.30085e-09 6.22970e-09
 6.48841e-09 6.05973e-09 5.05435e-09 3.60132e-09 1.81224e-09-1.81441e-10
-2.19264e-09-3.99136e-09-5.38523e-09-6.29980e-09-6.76849e-09-6.85975e-09
-6.61945e-09-6.07133e-09-5.27295e-09-4.34945e-09-3.44782e-09-2.66716e-09
-2.02400e-09-1.46420e-09-9.21330e-10-3.67983e-10 1.94083e-10 7.65867e-10
 1.35790e-09 1.97806e-09 2.60757e-09 3.18726e-09 3.64307e-09 3.92295e-09
 4.00872e-09 3.91306e-09 3.66940e-09 3.31857e-09 2.90968e-09 2.50197e-09
 2.14599e-09 1.86394e-09 1.64132e-09 1.42493e-09 1.14500e-09 7.55650e-10
 2.52952e-10-3.34005e-10-9.61283e-10-1.59150e-09-2.20107e-09-2.76929e-09
-3.27278e-09-3.68529e-09-3.97308e-09-4.09953e-09-4.03853e-09-3.78270e-09
-3.35221e-09-2.79950e-09-2.19641e-09-1.61564e-09-1.11418e-09-7.12543e-10
-3.86087e-10-8.00373e-11 2.67356e-10 6.99581e-10 1.21690e-09 1.77202e-09
 2.29016e-09 2.69541e-09 2.93553e-09 2.99979e-09 2.92147e-09 2.76802e-09
 2.61879e-09 2.52742e-09 2.48963e-09 2.44286e-09 2.29631e-09 1.97495e-09
 1.45989e-09 8.03790e-10 1.13415e-10-4.87613e-10-9.02046e-10-1.09578e-09
-1.11134e-09-1.05049e-09-1.03287e-09-1.14724e-09-1.42068e-09-1.82181e-09
-2.28771e-09-2.75237e-09-3.16357e-09-3.48675e-09-3.70321e-09-3.80630e-09
-3.79221e-09-3.65321e-09-3.38422e-09-2.99652e-09-2.52776e-09-2.04042e-09
-1.59958e-09-1.23891e-09-9.41536e-10-6.45260e-10-2.62658e-10 2.90422e-10
 1.06295e-09 2.04434e-09 3.15720e-09 4.27609e-09 5.27437e-09 6.07628e-09
 6.67594e-09 7.10920e-09 7.40386e-09 7.54631e-09 7.48450e-09 7.16063e-09
 6.55125e-09 5.69362e-09 4.68478e-09 3.64767e-09 2.67355e-09 1.76906e-09
 8.44878e-10-2.34446e-10-1.56010e-09-3.10611e-09-4.72458e-09-6.21014e-09
-7.38879e-09-8.17757e-09-8.59115e-09-8.70916e-09-8.62958e-09-8.42551e-09
-8.12044e-09-7.69432e-09-7.11649e-09-6.37805e-09-5.49338e-09-4.47000e-09
-3.28124e-09-1.87762e-09-2.37371e-10 1.57995e-09 3.41763e-09 5.05605e-09
 6.27687e-09 6.92767e-09 6.96596e-09 6.47164e-09 5.62112e-09 4.62694e-09
 3.67035e-09 2.86825e-09 2.28850e-09 1.98132e-09 1.98077e-09 2.26703e-09
 2.72945e-09 3.17742e-09 3.40125e-09 3.24164e-09 2.63137e-09 1.60484e-09
 2.85175e-10-1.14929e-09-2.51475e-09-3.66588e-09-4.50296e-09-4.93703e-09
-4.85559e-09-4.14982e-09-2.81758e-09-1.07743e-09 6.00511e-10 1.59668e-09
 1.36122e-09 4.39778e-10
     0.0000e+00     0.0000e+00      0  0  0.00
     512   1.00000  0.0000e+00
 3.54769e-09 3.90179e-09 4.09111e-09 4.02403e-09 3.64804e-09 2.98557e-09
 2.13319e-09 1.22093e-09 3.59009e-10-3.93588e-10-1.02616e-09-1.55515e-09
-2.00776e-09-2.41782e-09-2.82660e-09-3.27892e-09-3.80728e-09-4.40548e-09
-5.01276e-09-5.53560e-09-5.90552e-09-6.13409e-09-6.32244e-09-6.61041e-09
-7.08117e-09-7.65867e-09-8.04831e-09-7.76301e-09-6.24568e-09-3.06920e-09
 1.82051e-09 7.89186e-09 1.39899e-08 1.85898e-08 2.02739e-08 1.82135e-08
 1.24718e-08 4.05155e-09-5.31922e-09-1.36162e-08-1.90542e-08-2.05673e-08
-1.80753e-08-1.24530e-08-5.21516e-09 1.97948e-09 7.83895e-09 1.17488e-08
 1.37448e-08 1.42351e-08 1.37100e-08 1.25834e-08 1.11426e-08 9.55849e-09
 7.93630e-09 6.38112e-09 5.02813e-09 4.01754e-09 3.44230e-09 3.32031e-09
 3.62490e-09 4.36482e-09 5.66091e-09 7.72958e-09 1.06890e-08 1.41957e-08
 1.70500e-08 1.69898e-08 1.08983e-08-4.40327e-09-3.07170e-08-6.65413e-08
-1.05125e-07-1.33361e-07-1.34402e-07-9.73006e-08-2.74713e-08 5.43520e-08
 1.24309e-07 1.66723e-07 1.75288e-07 1.47208e-07 8.34911e-08-3.20182e-09
-8.64304e-08-1.35578e-07-1.32258e-07-8.41006e-08-2.38887e-08 1.02697e-08
 1.22607e-09-3.48980e-08-6.09132e-08-4.71019e-08 5.72041e-09 6.76308e-08
 1.03194e-07 9.49741e-08 4.94859e-08-1.18119e-08-6.34890e-08-8.10604e-08
-4.80878e-08 2.82811e-08 1.18830e-07 2.02990e-07 2.85432e-07 3.68536e-07
 4.21590e-07 3.95845e-07 2.58762e-07 1.22113e-09-3.58180e-07-7.55101e-07
-1.08482e-06-1.23198e-06-1.10414e-06-6.74008e-07-1.50140e-08 7.01032e-07
 1.25128e-06 1.44248e-06 1.19858e-06 6.12689e-07-7.67506e-08-5.87546e-07
-7.30236e-07-5.10043e-07-1.23473e-07 1.65555e-07 1.98066e-07 2.15260e-08
-1.66438e-07-1.96558e-07-7.19412e-08 6.06461e-08 8.01618e-08 1.10653e-08
-3.77460e-08-1.79477e-08 2.18790e-08 3.01037e-08 1.69225e-08 1.17588e-08
 1.35280e-08 1.00869e-08 5.43073e-09 4.66876e-09 2.74672e-09-1.21734e-09
-2.51311e-09-2.40343e-09-3.72393e-09-4.29371e-09-3.62791e-09-3.87857e-09
-4.11021e-09-3.34280e-09-2.93022e-09-2.62472e-09-1.71303e-09-1.12724e-09
-8.12195e-10-2.31244e-10 5.89555e-11 1.97052e-10 5.71046e-10 7.61761e-10
 8.52436e-10 1.00203e-09 9.29003e-10 8.23985e-10 7.92744e-10 6.94759e-10
 7.06055e-10 7.75747e-10 7.72908e-10 7.86440e-10 7.43130e-10 6.61740e-10
 6.25257e-10 5.65521e-10 5.09574e-10 4.42641e-10 3.16532e-10 1.80224e-10
 3.85483e-11-7.05305e-11-1.22286e-10-1.63172e-10-2.06597e-10-2.71218e-10
-3.46378e-10-3.94639e-10-3.99344e-10-3.46154e-10-2.59805e-10-1.81906e-10
-1.43952e-10-1.59494e-10-2.00580e-10-2.26663e-10-2.20967e-10-2.10902e-10
-2.39077e-10-3.07188e-10-3.65631e-10-3.53428e-10-2.57844e-10-1.28916e-10
-2.88990e-11 2.82769e-11 7.99593e-11 1.56992e-10 2.37105e-10 2.68313e-10
 2.38611e-10 2.09685e-10 2.60518e-10 3.90752e-10 5.13759e-10 5.67793e-10
 6.00155e-10 7.10124e-10 9.16215e-10 1.10525e-09 1.13491e-09 9.85427e-10
 7.94762e-10 7.28548e-10 8.01218e-10 8.44194e-10 6.89711e-10 3.71678e-10
 9.60445e-11 8.97971e-12 2.34390e-11-1.01802e-10-5.03286e-10-1.05909e-09
-1.51547e-09-1.74265e-09-1.84580e-09-2.03024e-09-2.36397e-09-2.69176e-09
-2.79358e-09-2.60728e-09-2.28624e-09-2.03948e-09-1.91291e-09-1.75407e-09
-1.39620e-09-8.33031e-10-2.14027e-10 3.00406e-10 6.84566e-10 1.04697e-09
 1.48418e-09 1.96552e-09 2.36029e-09 2.55761e-09 2.56594e-09 2.49648e-09
 2.44953e-09 2.43013e-09 2.36624e-09 2.19077e-09 1.90683e-09 1.57965e-09
 1.26566e-09 9.56148e-10 5.96661e-10 1.52251e-10-3.52198e-10-8.44221e-10
-1.25546e-09-1.57054e-09-1.82439e-09-2.05310e-09-2.24615e-09-2.34591e-09
-2.30212e-09-2.11554e-09-1.81587e-09-1.41946e-09-9.21106e-10-3.15496e-10
 3.69176e-10 1.05352e-09 1.63972e-09 2.06634e-09 2.31669e-09 2.38276e-09
 2.24970e-09 1.92282e-09 1.46102e-09 9.73841e-10 5.71647e-10 3.14632e-10
 2.13153e-10 2.65905e-10 4.72766e-10 7.87659e-10 1.06471e-09 1.09105e-09
 7.04434e-10-1.13944e-10-1.25208e-09-2.55387e-09-3.87292e-09-5.02369e-09
-5.70488e-09-5.54730e-09-4.31092e-09-2.07543e-09 7.49032e-10 3.60067e-09
 5.96307e-09 7.42054e-09 7.60697e-09 6.21963e-09 3.19307e-09-1.09121e-09
-5.79435e-09-9.87883e-09-1.24696e-08-1.30839e-08-1.16281e-08-8.29061e-09
-3.52174e-09 1.91313e-09 6.97859e-09 1.06159e-08 1.21154e-08 1.13854e-08
 8.92577e-09 5.56289e-09 2.15654e-09-5.81865e-10-2.15412e-09-2.32464e-09
-1.22022e-09 6.23981e-10 2.40495e-09 3.36129e-09 3.10106e-09 1.75140e-09
-1.58420e-10-1.95765e-09-3.06290e-09-3.12040e-09-2.07873e-09-2.09711e-10
 1.92576e-09 3.61269e-09 4.22382e-09 3.46699e-09 1.51425e-09-1.04977e-09
-3.44711e-09-4.99457e-09-5.33150e-09-4.51464e-09-2.96865e-09-1.32192e-09
-1.93688e-10 8.05311e-12-7.64294e-10-2.16454e-09-3.57342e-09-4.33115e-09
-3.99896e-09-2.54740e-09-3.74408e-10 1.85512e-09 3.46739e-09 4.03652e-09
 3.54100e-09 2.35367e-09 1.08416e-09 3.42664e-10 5.02926e-10 1.55333e-09
 3.10015e-09 4.52149e-09 5.21807e-09 4.86408e-09 3.54413e-09 1.71428e-09
 8.66401e-12-1.02770e-09-1.16529e-09-5.75715e-10 2.55477e-10 7.47784e-10
 4.83762e-10-6.08419e-10-2.22586e-09-3.82095e-09-4.83824e-09-4.95976e-09
-4.24363e-09-3.09350e-09-2.07307e-09-1.64208e-09-1.93959e-09-2.72485e-09
-3.49504e-09-3.72112e-09-3.10223e-09-1.71566e-09 1.83539e-11 1.53361e-09
 2.37772e-09 2.41746e-09 1.89387e-09 1.29729e-09 1.12217e-09 1.62025e-09
 2.67515e-09 3.86393e-09 4.67233e-09 4.75025e-09 4.08215e-09 2.99422e-09
 1.99152e-09 1.49969e-09 1.64542e-09 2.19590e-09 2.68787e-09 2.67303e-09
 1.95191e-09 6.81110e-10-7.01256e-10-1.70244e-09-2.03625e-09-1.76819e-09
-1.26804e-09-1.00809e-09-1.31281e-09-2.18352e-09-3.29597e-09-4.18036e-09
-4.48250e-09-4.15578e-09-3.47749e-09-2.88459e-09-2.72595e-09-3.06935e-09
-3.66626e-09-4.09495e-09-4.00590e-09-3.32665e-09-2.29688e-09-1.31074e-09
-6.70523e-10-4.02190e-10-2.34717e-10 2.43717e-10 1.33128e-09 3.00709e-09
 4.90915e-09 6.51157e-09 7.38689e-09 7.40495e-09 6.77284e-09 5.90051e-09
 5.16621e-09 4.72240e-09 4.46659e-09 4.19098e-09 3.79427e-09 3.39172e-09
 3.23798e-09 3.51554e-09 4.13104e-09 4.65461e-09 4.45995e-09 3.01499e-09
 1.72569e-10-3.71042e-09-7.89153e-09-1.15163e-08-1.38990e-08-1.46941e-08
-1.39021e-08-1.17357e-08-8.46798e-09-4.39782e-09 5.59228e-11 4.26186e-09
 7.42827e-09 8.83148e-09 8.11823e-09 5.51544e-09 1.81277e-09-1.90720e-09
-4.67891e-09-5.99870e-09-5.92316e-09-4.89398e-09-3.43445e-09-1.90560e-09
-4.19129e-10 1.09630e-09 2.73055e-09 4.41366e-09 5.79129e-09 6.13940e-09
 4.27533e-09 1.30540e-09
     0.0000e+00     0.0000e+00      0  0  0.00
     512   1.00000  0.0000e+00
 8.14789e-09 8.32890e-09 8.25526e-09 7.96885e-09 7.51617e-09 6.91596e-09
 6.14068e-09 5.12663e-09 3.81838e-09 2.22734e-09 4.64047e-10-1.28790e-09
-2.84855e-09-4.11985e-09-5.11556e-09-5.93429e-09-6.70432e-09-7.53190e-09
-8.46728e-09-9.49415e-09-1.05452e-08-1.15332e-08-1.23723e-08-1.29822e-08
-1.32896e-08-1.32487e-08-1.28716e-08-1.22342e-08-1.14401e-08-1.05695e-08
-9.66200e-09-8.75124e-09-7.90970e-09-7.23974e-09-6.80854e-09-6.58248e-09
-6.40672e-09-6.04153e-09-5.24464e-09-3.87087e-09-1.94444e-09 3.37643e-10
 2.68004e-09 4.80309e-09 6.53571e-09 7.84520e-09 8.80626e-09 9.55281e-09
 1.02563e-08 1.11235e-08 1.23702e-08 1.41610e-08 1.65550e-08 1.94885e-08
 2.27912e-08 2.62237e-08 2.95181e-08 3.23957e-08 3.45530e-08 3.56624e-08
 3.54590e-08 3.39306e-08 3.15476e-08 2.94283e-08 2.93411e-08 3.34505e-08
 4.37171e-08 6.09044e-08 8.32904e-08 1.05412e-07 1.17430e-07 1.05886e-07
 5.65614e-08-4.01401e-08-1.82932e-07-3.56318e-07-5.28933e-07-6.51496e-07
-6.67871e-07-5.45904e-07-2.99568e-07 1.81959e-08 3.33895e-07 5.71101e-07
 6.73847e-07 6.28634e-07 4.70146e-07 2.68226e-07 1.00768e-07 1.91577e-08
 2.30117e-08 6.50763e-08 8.66669e-08 5.84289e-08-2.75805e-09-5.20000e-08
-5.38522e-08-8.28282e-09 5.10112e-08 8.00971e-08 5.52748e-08-1.85059e-08
-1.30401e-07-2.71354e-07-4.10119e-07-4.91511e-07-4.79943e-07-3.90335e-07
-2.56803e-07-9.21973e-08 9.77538e-08 2.87345e-07 4.34761e-07 4.91053e-07
 4.11094e-07 1.83481e-07-1.44614e-07-4.68243e-07-6.51512e-07-5.83287e-07
-2.41315e-07 2.74004e-07 7.62564e-07 1.00593e-06 8.76519e-07 4.20232e-07
-1.46134e-07-5.43176e-07-5.91095e-07-3.25777e-07 2.22176e-08 1.95265e-07
 1.06261e-07-1.03710e-07-2.12317e-07-1.34905e-07 1.19327e-08 6.90824e-08
 1.72761e-08-3.79185e-08-2.78470e-08 9.21658e-09 1.91379e-08 9.34312e-09
 7.39367e-09 9.84790e-09 6.05893e-09 3.07992e-09 4.58286e-09 3.15212e-09
-8.84431e-10-2.10830e-09-3.00729e-09-5.67027e-09-6.68474e-09-6.35821e-09
-6.87832e-09-6.57315e-09-5.29025e-09-4.85593e-09-4.41984e-09-3.54515e-09
-3.22020e-09-2.65667e-09-1.45552e-09-4.18205e-10 7.77796e-10 2.11948e-09
 3.02378e-09 3.87168e-09 4.69542e-09 5.24468e-09 5.83836e-09 6.33793e-09
 6.58714e-09 6.78014e-09 6.77441e-09 6.62784e-09 6.48741e-09 6.20394e-09
 5.80095e-09 5.24680e-09 4.47081e-09 3.58477e-09 2.60307e-09 1.59254e-09
 6.33251e-10-3.03596e-10-1.18454e-09-2.03064e-09-2.87774e-09-3.70857e-09
-4.51564e-09-5.23760e-09-5.80013e-09-6.13542e-09-6.23101e-09-6.16976e-09
-6.02497e-09-5.84475e-09-5.64774e-09-5.38189e-09-4.95046e-09-4.29922e-09
-3.46779e-09-2.54617e-09-1.63730e-09-8.09239e-10-3.92579e-11 7.23733e-10
 1.45532e-09 2.10147e-09 2.68284e-09 3.25362e-09 3.81699e-09 4.33767e-09
 4.76755e-09 5.05087e-09 5.16366e-09 5.12777e-09 4.95658e-09 4.64254e-09
 4.22547e-09 3.80878e-09 3.47576e-09 3.21050e-09 2.88703e-09 2.34464e-09
 1.54174e-09 6.30017e-10-1.90638e-10-8.69483e-10-1.50954e-09-2.21491e-09
-2.97296e-09-3.66795e-09-4.20250e-09-4.61559e-09-5.06410e-09-5.65429e-09
-6.28383e-09-6.68897e-09-6.68241e-09-6.32549e-09-5.84807e-09-5.42425e-09
-5.03238e-09-4.51469e-09-3.76575e-09-2.84565e-09-1.90166e-09-1.01173e-09
-1.27861e-10 8.34949e-10 1.86712e-09 2.83632e-09 3.59323e-09 4.10205e-09
 4.47173e-09 4.85367e-09 5.30505e-09 5.75280e-09 6.06652e-09 6.15716e-09
 6.03040e-09 5.76190e-09 5.42977e-09 5.07222e-09 4.69201e-09 4.29128e-09
 3.89469e-09 3.52476e-09 3.16379e-09 2.75520e-09 2.23976e-09 1.60282e-09
 9.06809e-10 2.60435e-10-2.69771e-10-7.04384e-10-1.10956e-09-1.54423e-09
-2.02089e-09-2.46560e-09-2.75113e-09-2.80287e-09-2.63138e-09-2.27836e-09
-1.80117e-09-1.28038e-09-7.79363e-10-3.27842e-10 4.59893e-11 3.38279e-10
 6.13036e-10 9.44743e-10 1.34016e-09 1.75557e-09 2.13152e-09 2.39970e-09
 2.52542e-09 2.52857e-09 2.41883e-09 2.16440e-09 1.74403e-09 1.15940e-09
 3.99243e-10-5.39510e-10-1.59294e-09-2.60456e-09-3.33465e-09-3.53290e-09
-3.09986e-09-2.21115e-09-1.24845e-09-5.91552e-10-4.59273e-10-8.88748e-10
-1.82498e-09-3.22865e-09-5.07049e-09-7.19893e-09-9.25057e-09-1.07345e-08
-1.12360e-08-1.05922e-08-8.92815e-09-6.56253e-09-3.89566e-09-1.35754e-09
 6.14792e-10 1.66413e-09 1.68748e-09 9.56705e-10 3.45294e-11-4.71805e-10
-1.51794e-10 1.10510e-09 3.16409e-09 5.74636e-09 8.46657e-09 1.08351e-08
 1.23226e-08 1.25263e-08 1.13674e-08 9.17391e-09 6.56476e-09 4.20061e-09
 2.54099e-09 1.72290e-09 1.58856e-09 1.78961e-09 1.89128e-09 1.47291e-09
 2.49349e-10-1.79996e-09-4.36071e-09-6.85214e-09-8.63942e-09-9.28907e-09
-8.73431e-09-7.28066e-09-5.47305e-09-3.89608e-09-2.98468e-09-2.90098e-09
-3.49603e-09-4.35888e-09-4.95187e-09-4.80061e-09-3.67695e-09-1.70527e-09
 6.68756e-10 2.85576e-09 4.36459e-09 4.98680e-09 4.85281e-09 4.35805e-09
 3.99648e-09 4.16230e-09 4.99123e-09 6.29807e-09 7.63653e-09 8.46739e-09
 8.37497e-09 7.24231e-09 5.31176e-09 3.10626e-09 1.23500e-09 1.51764e-10
-3.13772e-11 4.13106e-10 9.50205e-10 1.01741e-09 2.72243e-10-1.26134e-09
-3.21642e-09-5.05536e-09-6.30156e-09-6.73520e-09-6.47871e-09-5.92970e-09
-5.56370e-09-5.69606e-09-6.31383e-09-7.06825e-09-7.44430e-09-7.01948e-09
-5.67760e-09-3.67725e-09-1.54541e-09 1.48607e-10 1.03071e-09 1.07616e-09
 6.21874e-10 2.18141e-10 3.75336e-10 1.33066e-09 2.95341e-09 4.82890e-09
 6.46827e-09 7.53235e-09 7.96119e-09 7.95959e-09 7.86052e-09 7.93301e-09
 8.22240e-09 8.50855e-09 8.41428e-09 7.61525e-09 6.04906e-09 4.00023e-09
 1.98569e-09 4.98953e-10-2.32850e-10-3.57095e-10-3.32388e-10-7.23160e-10
-1.93564e-09-4.01403e-09-6.60260e-09-9.10789e-09-1.09851e-08-1.19903e-08
-1.22528e-08-1.21282e-08-1.19371e-08-1.17601e-08-1.14101e-08-1.05825e-08
-9.08021e-09-6.98034e-09-4.64575e-09-2.56874e-09-1.11208e-09-2.81234e-10
 3.21871e-10 1.29589e-09 3.08740e-09 5.71434e-09 8.74607e-09 1.15376e-08
 1.35576e-08 1.46179e-08 1.48965e-08 1.47701e-08 1.45611e-08 1.43423e-08
 1.39087e-08 1.29341e-08 1.12162e-08 8.85259e-09 6.21572e-09 3.73085e-09
 1.61326e-09-2.37614e-10-2.10543e-09-4.19343e-09-6.43484e-09-8.50312e-09
-9.99435e-09-1.06647e-08-1.05998e-08-1.02232e-08-1.01081e-08-1.06620e-08
-1.18692e-08-1.32710e-08-1.42046e-08-1.41341e-08-1.28593e-08-1.05025e-08
-7.34672e-09-3.68296e-09 2.30855e-10 4.11963e-09 7.64262e-09 1.04156e-08
 1.21022e-08 1.25350e-08 1.18172e-08 1.03335e-08 8.60072e-09 6.97999e-09
 5.43664e-09 3.58592e-09 1.07380e-09-1.95520e-09-4.65322e-09-5.71786e-09
-4.04878e-09-1.21580e-09
     0.0000e+00     0.0000e+00      0  0  0.00
     512   1.00000  0.0000e+00
-5.16529e-09-5.13770e-09-4.88197e-09-4.45035e-09-3.90897e-09-3.31035e-09
-2.68154e-09-2.03115e-09-1.36358e-09-6.83794e-10 1.00340e-11 7.31758e-10
 1.49636e-09 2.29941e-09 3.10749e-09 3.87068e-09 4.54622e-09 5.11414e-09
 5.57636e-09 5.94569e-09 6.23416e-09 6.44370e-09 6.55950e-09 6.55112e-09
 6.38534e-09 6.04275e-09 5.52487e-09 4.84912e-09 4.04357e-09 3.15006e-09
 2.22612e-09 1.33039e-09 4.95589e-10-2.86029e-10-1.04799e-09-1.81744e-09
-2.59328e-09-3.34845e-09-4.04515e-09-4.64481e-09-5.10786e-09-5.39053e-09
-5.44573e-09-5.23060e-09-4.72071e-09-3.92684e-09-2.90104e-09-1.71784e-09
-4.35475e-10 9.35814e-10 2.43229e-09 4.10202e-09 5.96272e-09 7.98013e-09
 1.00729e-08 1.21268e-08 1.40022e-08 1.55413e-08 1.65911e-08 1.70497e-08
 1.69251e-08 1.63852e-08 1.57727e-08 1.55521e-08 1.61640e-08 1.77857e-08
 2.00416e-08 2.17336e-08 2.07000e-08 1.39567e-08-1.69770e-09-2.84976e-08
-6.60067e-08-1.09348e-07-1.49917e-07-1.79808e-07-1.92378e-07-1.77712e-07
-1.28192e-07-5.08910e-08 3.43666e-08 1.06071e-07 1.46672e-07 1.46510e-07
 1.07842e-07 4.55816e-08-1.62450e-08-5.42165e-08-5.69127e-08-2.89059e-08
 1.43903e-08 5.65848e-08 8.87662e-08 1.10648e-07 1.23900e-07 1.24579e-07
 1.03859e-07 5.89562e-08 4.71909e-09-2.67455e-08-3.53490e-09 8.01278e-08
 1.89658e-07 2.65254e-07 2.64155e-07 1.94501e-07 1.00603e-07 1.63762e-08
-5.70380e-08-1.34673e-07-2.23320e-07-3.14252e-07-3.91092e-07-4.36726e-07
-4.35574e-07-3.80501e-07-2.80716e-07-1.59868e-07-4.47561e-08 4.81946e-08
 1.19367e-07 1.80456e-07 2.41899e-07 3.00961e-07 3.38177e-07 3.26990e-07
 2.52614e-07 1.29154e-07 1.24932e-09-7.80701e-08-8.27050e-08-3.49553e-08
 9.27405e-09 6.59568e-09-3.58692e-08-7.16397e-08-6.68595e-08-3.52830e-08
-1.48141e-08-1.85316e-08-2.63639e-08-2.13264e-08-1.06468e-08-5.93845e-09
-4.79610e-09-1.69875e-09 1.02313e-09 1.28345e-09 1.87310e-09 3.21632e-09
 3.09995e-09 2.37513e-09 2.46028e-09 2.22245e-09 1.53087e-09 1.54114e-09
 1.73193e-09 1.56891e-09 1.67423e-09 1.80330e-09 1.59511e-09 1.59003e-09
 1.70219e-09 1.59245e-09 1.53095e-09 1.38183e-09 9.44826e-10 5.43082e-10
 2.03333e-10-1.30476e-10-3.37419e-10-6.06887e-10-1.02294e-09-1.48619e-09
-2.06905e-09-2.66470e-09-3.09442e-09-3.33974e-09-3.35889e-09-3.23640e-09
-3.09236e-09-2.91552e-09-2.73194e-09-2.52168e-09-2.22144e-09-1.81439e-09
-1.27574e-09-6.52532e-10-6.20698e-12 6.57769e-10 1.31187e-09 1.92669e-09
 2.48144e-09 2.96928e-09 3.37927e-09 3.67376e-09 3.85245e-09 3.94873e-09
 3.99314e-09 3.99155e-09 3.89540e-09 3.63951e-09 3.21607e-09 2.67878e-09
 2.07169e-09 1.42013e-09 7.69282e-10 1.44769e-10-4.75508e-10-1.09948e-09
-1.69509e-09-2.24661e-09-2.76580e-09-3.25062e-09-3.67617e-09-3.98983e-09
-4.12099e-09-4.05708e-09-3.87560e-09-3.65031e-09-3.38051e-09-3.04054e-09
-2.63309e-09-2.17495e-09-1.67780e-09-1.14318e-09-5.51471e-10 1.09984e-10
 7.87242e-10 1.37806e-09 1.81984e-09 2.12616e-09 2.35978e-09 2.57817e-09
 2.77203e-09 2.88501e-09 2.90455e-09 2.87617e-09 2.83177e-09 2.74080e-09
 2.53638e-09 2.20120e-09 1.80808e-09 1.45446e-09 1.18983e-09 9.96204e-10
 8.06031e-10 5.67647e-10 2.93788e-10 2.67988e-11-2.13054e-10-4.37239e-10
-6.56273e-10-8.36781e-10-9.29012e-10-9.38355e-10-9.24187e-10-9.43841e-10
-1.01795e-09-1.12820e-09-1.24447e-09-1.34626e-09-1.41614e-09-1.44812e-09
-1.46592e-09-1.50502e-09-1.58346e-09-1.69870e-09-1.83088e-09-1.93738e-09
-1.96689e-09-1.89298e-09-1.72019e-09-1.46211e-09-1.13274e-09-7.49843e-10
-3.35337e-10 9.03675e-11 5.29995e-10 1.01747e-09 1.57435e-09 2.16362e-09
 2.70926e-09 3.14925e-09 3.44929e-09 3.59309e-09 3.59374e-09 3.48240e-09
 3.26318e-09 2.91838e-09 2.44492e-09 1.83685e-09 1.07273e-09 1.63529e-10
-8.28561e-10-1.82356e-09-2.73851e-09-3.50277e-09-4.09097e-09-4.50321e-09
-4.72511e-09-4.76118e-09-4.66600e-09-4.48571e-09-4.21028e-09-3.80270e-09
-3.23317e-09-2.50688e-09-1.69125e-09-8.66452e-10-2.47544e-11 9.36538e-10
 2.10916e-09 3.48038e-09 4.92728e-09 6.26929e-09 7.33575e-09 8.00925e-09
 8.20815e-09 7.86399e-09 6.96519e-09 5.59956e-09 3.92528e-09 2.11297e-09
 3.05628e-10-1.37198e-09-2.76482e-09-3.69528e-09-4.04850e-09-3.84747e-09
-3.26076e-09-2.52035e-09-1.80404e-09-1.20348e-09-7.71550e-10-5.59207e-10
-6.15917e-10-9.46703e-10-1.47350e-09-2.07584e-09-2.65783e-09-3.16579e-09
-3.56856e-09-3.82359e-09-3.87618e-09-3.70776e-09-3.35287e-09-2.86104e-09
-2.26572e-09-1.57903e-09-8.08706e-10 1.45271e-11 8.38039e-10 1.61205e-09
 2.30262e-09 2.89410e-09 3.38631e-09 3.78000e-09 4.06171e-09 4.20338e-09
 4.17350e-09 3.95072e-09 3.53814e-09 2.97208e-09 2.31577e-09 1.64580e-09
 1.03360e-09 5.21285e-10 1.15187e-10-2.00122e-10-4.49707e-10-6.56195e-10
-8.30331e-10-9.75496e-10-1.09248e-09-1.18213e-09-1.25513e-09-1.33357e-09
-1.44008e-09-1.58840e-09-1.77746e-09-1.99389e-09-2.22356e-09-2.45032e-09
-2.64004e-09-2.73442e-09-2.66590e-09-2.38894e-09-1.91177e-09-1.30634e-09
-6.87245e-10-1.73157e-10 1.51923e-10 2.68986e-10 2.34394e-10 1.58103e-10
 1.56378e-10 3.00286e-10 5.87554e-10 9.60612e-10 1.35859e-09 1.76116e-09
 2.19516e-09 2.70377e-09 3.30030e-09 3.93790e-09 4.50977e-09 4.87660e-09
 4.91462e-09 4.56675e-09 3.87172e-09 2.95548e-09 1.98361e-09 1.09581e-09
 3.63118e-10-2.09618e-10-6.54461e-10-1.01717e-09-1.35237e-09-1.72619e-09
-2.20839e-09-2.84850e-09-3.65239e-09-4.57640e-09-5.53535e-09-6.41527e-09
-7.09282e-09-7.46115e-09-7.45309e-09-7.05023e-09-6.27106e-09-5.15034e-09
-3.73659e-09-2.11777e-09-4.46978e-10 1.07552e-09 2.27475e-09 3.08546e-09
 3.58961e-09 3.98092e-09 4.47592e-09 5.21721e-09 6.21188e-09 7.32485e-09
 8.32874e-09 8.99655e-09 9.19540e-09 8.92328e-09 8.26246e-09 7.28888e-09
 6.01539e-09 4.42026e-09 2.53886e-09 5.35360e-10-1.31746e-09-2.74809e-09
-3.61654e-09-3.98744e-09-4.10801e-09-4.30262e-09-4.82923e-09-5.75919e-09
-6.94193e-09-8.08396e-09-8.90224e-09-9.25331e-09-9.15270e-09-8.68653e-09
-7.90565e-09-6.79725e-09-5.34984e-09-3.64321e-09-1.87831e-09-3.18379e-10
 8.20897e-10 1.46848e-09 1.73238e-09 1.85111e-09 2.07858e-09 2.55524e-09
 3.24115e-09 3.96347e-09 4.55035e-09 4.95029e-09 5.24806e-09 5.57758e-09
 6.01799e-09 6.55884e-09 7.13775e-09 7.68573e-09 8.12967e-09 8.36285e-09
 8.22750e-09 7.53461e-09 6.11471e-09 3.88678e-09 9.30625e-10-2.47077e-09
-5.86150e-09-8.72666e-09-1.06390e-08-1.13517e-08-1.07979e-08-9.05248e-09
-6.33456e-09-3.05380e-09 1.79326e-10 2.66019e-09 3.81161e-09 3.43811e-09
 1.93540e-09 4.96807e-10
     0.0000e+00     0.0000e+00      0  0  0.00
     512   1.00000  0.0000e+00
-2.79700e-09-2.90731e-09-2.96489e-09-2.98442e-09-2.97216e-09-2.90421e-09
-2.72034e-09-2.34590e-09-1.73395e-09-9.04806e-10 4.20036e-11 9.56551e-10
 1.69942e-09 2.20333e-09 2.49876e-09 2.68835e-09 2.88859e-09 3.17529e-09
 3.56053e-09 4.00455e-09 4.44519e-09 4.82165e-09 5.08179e-09 5.18219e-09
 5.09703e-09 4.83760e-09 4.46363e-09 4.06594e-09 3.72048e-09 3.43945e-09
 3.15627e-09 2.76487e-09 2.19200e-09 1.45210e-09 6.46848e-10-8.85760e-11
-6.56145e-10-1.03837e-09-1.29302e-09-1.51242e-09-1.77775e-09-2.13297e-09
-2.58478e-09-3.11815e-09-3.70852e-09-4.31829e-09-4.88248e-09-5.30686e-09
-5.49842e-09-5.41332e-09-5.08205e-09-4.59133e-09-4.04055e-09-3.50314e-09
-3.00832e-09-2.54163e-09-2.05702e-09-1.50007e-09-8.48614e-10-1.67762e-10
 3.45924e-10 3.75068e-10-4.17114e-10-2.20220e-09-4.77728e-09-7.41505e-09
-8.85245e-09-7.47156e-09-1.70080e-09 9.35465e-09 2.50869e-08 4.25194e-08
 5.57102e-08 5.60507e-08 3.58107e-08-4.59882e-09-5.35448e-08-9.46095e-08
-1.15545e-07-1.12031e-07-8.48741e-08-3.74428e-08 2.04321e-08 7.07897e-08
 9.54981e-08 8.69749e-08 5.33042e-08 1.41533e-08-1.02786e-08-1.02915e-08
 8.80118e-09 3.17150e-08 4.48468e-08 4.54123e-08 4.03051e-08 3.70722e-08
 3.64721e-08 3.31631e-08 2.29033e-08 8.44147e-09-4.66963e-10 8.78805e-09
 4.24358e-08 9.08138e-08 1.34105e-07 1.51859e-07 1.17683e-07 7.01810e-09
-1.79165e-07-4.13628e-07-6.50455e-07-8.23763e-07-8.60683e-07-7.01917e-07
-3.24875e-07 2.25665e-07 8.30251e-07 1.32223e-06 1.53547e-06 1.36584e-06
 8.26343e-07 6.74796e-08-6.60988e-07-1.10566e-06-1.12190e-06-7.50803e-07
-2.08705e-07 2.23824e-07 3.56388e-07 1.97705e-07-6.19732e-08-1.98449e-07
-1.24321e-07 5.58792e-08 1.62170e-07 1.18991e-07 1.20335e-08-3.23919e-08
 6.21644e-09 4.87232e-08 4.12599e-08 1.16598e-08 9.65143e-10 3.60888e-09
-2.82420e-10-6.24660e-09-5.87833e-09-5.56282e-09-8.28579e-09-7.89050e-09
-5.10580e-09-4.66502e-09-4.27036e-09-2.17396e-09-1.30227e-09-1.17276e-09
 1.43665e-10 1.01739e-09 1.17564e-09 1.99722e-09 2.47188e-09 2.23188e-09
 2.34309e-09 2.26065e-09 1.78438e-09 1.65662e-09 1.42799e-09 9.79971e-10
 7.83458e-10 4.88344e-10 1.52274e-10 6.02209e-11-1.07915e-10-2.66279e-10
-3.45103e-10-5.78701e-10-7.91317e-10-9.46179e-10-1.09903e-09-1.10196e-09
-1.05805e-09-1.01629e-09-9.46790e-10-9.41646e-10-9.35122e-10-8.94545e-10
-8.37168e-10-7.32143e-10-6.39452e-10-5.57646e-10-4.56141e-10-3.33771e-10
-1.59733e-10 5.39367e-11 2.93604e-10 5.25303e-10 6.95405e-10 8.02888e-10
 8.74311e-10 9.52361e-10 1.05404e-09 1.15848e-09 1.23650e-09 1.25615e-09
 1.20746e-09 1.11169e-09 1.00949e-09 9.19889e-10 8.03895e-10 6.04661e-10
 3.22081e-10 2.02784e-11-2.42165e-10-4.65789e-10-6.92340e-10-9.48154e-10
-1.21272e-09-1.43658e-09-1.58902e-09-1.69141e-09-1.78658e-09-1.87244e-09
-1.88941e-09-1.78562e-09-1.58524e-09-1.36757e-09-1.16373e-09-9.04152e-10
-5.02403e-10 2.65959e-11 5.61507e-10 9.97835e-10 1.36429e-09 1.77928e-09
 2.29980e-09 2.85227e-09 3.29642e-09 3.55523e-09 3.69322e-09 3.83133e-09
 3.99124e-09 4.05611e-09 3.88282e-09 3.45659e-09 2.91192e-09 2.38202e-09
 1.87058e-09 1.28413e-09 5.58845e-10-2.49640e-10-1.00546e-09-1.61783e-09
-2.10119e-09-2.52357e-09-2.91921e-09-3.23712e-09-3.38314e-09-3.32230e-09
-3.11213e-09-2.83841e-09-2.53928e-09-2.19022e-09-1.75905e-09-1.26315e-09
-7.65295e-10-3.26762e-10 2.31108e-11 2.80986e-10 4.50819e-10 5.25158e-10
 4.79170e-10 2.89467e-10-4.18044e-11-4.77964e-10-9.65148e-10-1.46475e-09
-1.96288e-09-2.44998e-09-2.90225e-09-3.28825e-09-3.58489e-09-3.78328e-09
-3.89151e-09-3.92825e-09-3.90190e-09-3.79766e-09-3.58575e-09-3.24517e-09
-2.77595e-09-2.18540e-09-1.48050e-09-6.80126e-10 1.76992e-10 1.03265e-09
 1.80948e-09 2.42105e-09 2.79792e-09 2.91674e-09 2.81279e-09 2.56238e-09
 2.25027e-09 1.95610e-09 1.76769e-09 1.78677e-09 2.09058e-09 2.66878e-09
 3.38872e-09 4.02021e-09 4.31975e-09 4.11922e-09 3.34795e-09 2.00588e-09
 1.70935e-10-1.93912e-09-3.92275e-09-5.25128e-09-5.44061e-09-4.23809e-09
-1.69349e-09 1.89083e-09 6.03992e-09 1.01427e-08 1.34596e-08 1.52240e-08
 1.48795e-08 1.23138e-08 7.93254e-09 2.52702e-09-2.96889e-09-7.66402e-09
-1.08010e-08-1.18573e-08-1.06981e-08-7.69873e-09-3.71378e-09 1.81990e-10
 3.05839e-09 4.37343e-09 4.02874e-09 2.30590e-09-2.33282e-10-2.84444e-09
-4.76402e-09-5.45579e-09-4.81206e-09-3.19192e-09-1.27027e-09 2.31643e-10
 7.94285e-10 2.40814e-10-1.22764e-09-3.09452e-09-4.68231e-09-5.35941e-09
-4.74859e-09-2.87662e-09-1.91851e-10 2.57531e-09 4.66213e-09 5.53641e-09
 5.06794e-09 3.55510e-09 1.61013e-09-5.05003e-11-8.48065e-10-5.44966e-10
 6.74071e-10 2.27783e-09 3.59040e-09 4.04722e-09 3.40202e-09 1.81428e-09
-2.03698e-10-1.97747e-09-2.93384e-09-2.82152e-09-1.80278e-09-3.86032e-10
 7.78469e-10 1.15527e-09 5.28319e-10-9.15986e-10-2.66136e-09-4.06738e-09
-4.62288e-09-4.15031e-09-2.87885e-09-1.34864e-09-1.81895e-10 1.82462e-10
-3.27511e-10-1.39216e-09-2.44074e-09-2.89606e-09-2.41943e-09-1.05793e-09
 7.72060e-10 2.46593e-09 3.49366e-09 3.62725e-09 3.03352e-09 2.18739e-09
 1.64525e-09 1.78603e-09 2.63663e-09 3.85741e-09 4.89761e-09 5.24939e-09
 4.68152e-09 3.34804e-09 1.71795e-09 3.54691e-10-3.45841e-10-3.33282e-10
 8.47620e-11 4.01065e-10 1.62237e-10-8.07716e-10-2.32139e-09-3.91489e-09
-5.06611e-09-5.44263e-09-5.05764e-09-4.25326e-09-3.51743e-09-3.22929e-09
-3.46639e-09-3.97200e-09-4.29428e-09-4.02339e-09-3.01054e-09-1.45740e-09
 1.77833e-10 1.41005e-09 1.97010e-09 1.93505e-09 1.67963e-09 1.67024e-09
 2.20743e-09 3.25864e-09 4.47559e-09 5.38427e-09 5.63842e-09 5.19815e-09
 4.34239e-09 3.51033e-09 3.05454e-09 3.04221e-09 3.22250e-09 3.18411e-09
 2.61102e-09 1.48398e-09 1.08233e-10-1.04798e-09-1.60970e-09-1.50179e-09
-9.90526e-10-5.35539e-10-5.37288e-10-1.12662e-09-2.11599e-09-3.13427e-09
-3.86062e-09-4.21610e-09-4.39141e-09-4.68686e-09-5.26676e-09-5.99806e-09
-6.48887e-09-6.30394e-09-5.22299e-09-3.39346e-09-1.29544e-09 4.64066e-10
 1.42137e-09 1.44667e-09 7.53130e-10-2.64433e-10-1.24357e-09-1.97950e-09
-2.39316e-09-2.39096e-09-1.74896e-09-1.44216e-10 2.64786e-09 6.50462e-09
 1.08325e-08 1.46765e-08 1.70255e-08 1.71707e-08 1.49513e-08 1.07863e-08
 5.49072e-09-1.97051e-11-4.97588e-09-8.84662e-09-1.12954e-08-1.21224e-08
-1.12884e-08-9.01026e-09-5.82648e-09-2.52650e-09 8.20747e-11 1.48025e-09
 1.65198e-09 1.06117e-09 3.77660e-10 9.81434e-11 2.82241e-10 5.69831e-10
 5.03028e-10 1.66008e-10
     0.0000e+00     0.0000e+00      0  0  0.00
     512   1.00000  0.0000e+00
 1.01355e-09 1.04575e-09 9.51389e-10 7.49815e-10 4.87985e-10 2.21952e-10
 4.83361e-12-1.12155e-10-7.91971e-11 1.33116e-10 5.00260e-10 9.30869e-10
 1.30265e-09 1.52786e-09 1.59427e-09 1.54966e-09 1.45473e-09 1.35322e-09
 1.27686e-09 1.26164e-09 1.35001e-09 1.57970e-09 1.96895e-09 2.49393e-09
 3.05373e-09 3.44444e-09 3.37704e-09 2.54888e-09 7.51403e-10-2.00542e-09
-5.38396e-09-8.69915e-09-1.10538e-08-1.16089e-08-9.88619e-09-5.97974e-09
-5.78405e-10 5.21590e-09 1.01963e-08 1.33654e-08 1.41605e-08 1.25485e-08
 8.98508e-09 4.25679e-09-7.56006e-10-5.32070e-09-9.00429e-09-1.16936e-08
-1.35292e-08-1.48106e-08-1.58788e-08-1.69901e-08-1.82396e-08-1.95769e-08
-2.08844e-08-2.20365e-08-2.28950e-08-2.32651e-08-2.28823e-08-2.14714e-08
-1.88735e-08-1.51925e-08-1.08885e-08-6.75633e-09-3.76411e-09-2.76484e-09
-4.09292e-09-7.06664e-09-9.48613e-09-7.35660e-09 4.81397e-09 3.28071e-08
 8.04231e-08 1.46351e-07 2.22099e-07 2.92827e-07 3.37500e-07 3.29529e-07
 2.49911e-07 1.06212e-07-6.79242e-08-2.29310e-07-3.37035e-07-3.62029e-07
-2.99091e-07-1.72874e-07-3.19324e-08 7.02777e-08 9.89737e-08 5.14605e-08
-4.56293e-08-1.52344e-07-2.34959e-07-2.76051e-07-2.69945e-07-2.11417e-07
-9.43277e-08 7.06812e-08 2.33571e-07 3.07897e-07 2.18790e-07-2.76878e-08
-3.14927e-07-4.72388e-07-3.97008e-07-1.34339e-07 1.71318e-07 3.99499e-07
 5.15897e-07 5.41137e-07 4.92698e-07 3.67836e-07 1.70440e-07-7.05040e-08
-3.06941e-07-4.74356e-07-4.98186e-07-3.26328e-07 2.64416e-08 4.54520e-07
 7.85353e-07 8.52638e-07 5.84297e-07 5.78854e-08-5.14382e-07-8.79246e-07
-8.75032e-07-5.30612e-07-6.19654e-08 2.55115e-07 2.67684e-07 5.03828e-08
-1.62377e-07-1.80054e-07-2.00950e-08 1.34106e-07 1.41061e-07 4.27456e-08
-2.02541e-08 5.76204e-09 5.06829e-08 5.01881e-08 2.56941e-08 1.76669e-08
 1.95984e-08 1.32919e-08 6.63556e-09 6.88340e-09 4.95988e-09-2.87384e-10
-1.09959e-09 3.69691e-11-1.40663e-09-1.59908e-09-7.60055e-11-6.26519e-10
-1.51833e-09-1.06007e-09-1.40292e-09-1.77887e-09-1.00493e-09-9.06088e-10
-1.28714e-09-1.08558e-09-1.18167e-09-1.14404e-09-3.63375e-10 1.07323e-10
 2.37502e-10 2.39023e-10-2.96360e-10-7.30802e-10-6.86377e-10-3.77521e-10
 4.54454e-10 1.45362e-09 2.07875e-09 2.32162e-09 2.04951e-09 1.51342e-09
 1.12303e-09 9.00277e-10 9.39728e-10 1.12107e-09 1.19606e-09 1.12109e-09
 8.21050e-10 3.84047e-10-6.92983e-11-5.44986e-10-9.83978e-10-1.38046e-09
-1.73907e-09-2.04274e-09-2.26028e-09-2.31131e-09-2.23937e-09-2.18111e-09
-2.23283e-09-2.37888e-09-2.46158e-09-2.31563e-09-1.90899e-09-1.35656e-09
-7.89312e-10-2.78955e-10 1.24484e-10 4.20327e-10 6.75137e-10 9.44725e-10
 1.23275e-09 1.54841e-09 1.91866e-09 2.32924e-09 2.70966e-09 2.94671e-09
 2.92402e-09 2.63425e-09 2.22519e-09 1.86368e-09 1.60916e-09 1.44888e-09
 1.35791e-09 1.28929e-09 1.16839e-09 9.20354e-10 5.02248e-10-4.89497e-11
-5.87111e-10-9.35527e-10-1.01906e-09-8.98185e-10-7.07147e-10-5.71539e-10
-5.34052e-10-5.66336e-10-6.60799e-10-8.45164e-10-1.09993e-09-1.31755e-09
-1.37173e-09-1.24662e-09-1.08638e-09-1.08649e-09-1.34194e-09-1.78496e-09
-2.23738e-09-2.53975e-09-2.64429e-09-2.59196e-09-2.43591e-09-2.20550e-09
-1.93858e-09-1.71217e-09-1.58965e-09-1.54809e-09-1.48613e-09-1.29079e-09
-9.07063e-10-3.66720e-10 2.39429e-10 8.00563e-10 1.22484e-09 1.49813e-09
 1.70720e-09 1.98194e-09 2.40627e-09 2.96684e-09 3.56486e-09 4.06730e-09
 4.36253e-09 4.40052e-09 4.19150e-09 3.77327e-09 3.20032e-09 2.55046e-09
 1.90156e-09 1.28308e-09 6.42780e-10-1.27274e-10-1.08545e-09-2.14370e-09
-3.10419e-09-3.78657e-09-4.10038e-09-4.05163e-09-3.73680e-09-3.28509e-09
-2.76843e-09-2.19623e-09-1.56244e-09-8.37717e-10 2.20738e-11 9.98601e-10
 1.98725e-09 2.85588e-09 3.49204e-09 3.83881e-09 3.92776e-09 3.84647e-09
 3.68046e-09 3.51814e-09 3.44104e-09 3.42193e-09 3.27266e-09 2.74535e-09
 1.68041e-09 1.10690e-10-1.72410e-09-3.52452e-09-5.13599e-09-6.57310e-09
-7.85329e-09-8.85498e-09-9.32923e-09-9.02707e-09-7.85469e-09-5.95924e-09
-3.68283e-09-1.45330e-09 2.95146e-10 1.21660e-09 1.19675e-09 4.36262e-10
-6.11011e-10-1.42618e-09-1.63745e-09-1.09935e-09 1.81784e-10 2.12524e-09
 4.56327e-09 7.16755e-09 9.41905e-09 1.07331e-08 1.06973e-08 9.25924e-09
 6.75288e-09 3.75833e-09 9.01009e-10-1.28420e-09-2.43617e-09-2.45197e-09
-1.54605e-09-2.15528e-10 9.33933e-10 1.42857e-09 1.07682e-09-1.88635e-11
-1.53092e-09-3.01063e-09-4.00255e-09-4.17161e-09-3.42856e-09-1.98122e-09
-2.78184e-10 1.12500e-09 1.74513e-09 1.34616e-09 4.69267e-11-1.69005e-09
-3.21223e-09-3.91716e-09-3.47359e-09-1.94225e-09 2.48299e-10 2.45629e-09
 4.04676e-09 4.60816e-09 4.08788e-09 2.78473e-09 1.21111e-09-1.09283e-10
-8.29590e-10-8.85734e-10-4.90955e-10-2.60185e-11 1.33160e-10-2.22303e-10
-1.04755e-09-2.06490e-09-2.87534e-09-3.10344e-09-2.53542e-09-1.22723e-09
 4.64167e-10 1.96889e-09 2.70459e-09 2.32036e-09 8.70359e-10-1.17515e-09
-3.09457e-09-4.18819e-09-4.04590e-09-2.70323e-09-6.25995e-10 1.48206e-09
 2.97861e-09 3.55293e-09 3.33085e-09 2.75239e-09 2.28701e-09 2.15645e-09
 2.22537e-09 2.10556e-09 1.39977e-09-4.74616e-11-2.01396e-09-3.94485e-09
-5.16581e-09-5.17581e-09-3.88790e-09-1.69531e-09 6.83974e-10 2.50569e-09
 3.27892e-09 2.89741e-09 1.60350e-09-1.47010e-10-1.84175e-09-3.05111e-09
-3.52993e-09-3.25652e-09-2.38902e-09-1.15911e-09 2.32795e-10 1.66121e-09
 3.04879e-09 4.30536e-09 5.28232e-09 5.76922e-09 5.53140e-09 4.38986e-09
 2.34664e-09-2.86860e-10-2.86599e-09-4.59032e-09-4.84831e-09-3.54079e-09
-1.17866e-09 1.31321e-09 2.98636e-09 3.25990e-09 2.13195e-09 1.30374e-10
-1.96217e-09-3.48156e-09-4.16633e-09-4.18674e-09-3.89813e-09-3.49373e-09
-2.82619e-09-1.55772e-09 4.60238e-10 2.88008e-09 4.88771e-09 5.58472e-09
 4.49091e-09 1.86779e-09-1.31870e-09-3.78824e-09-4.51743e-09-3.22164e-09
-4.85462e-10 2.55521e-09 4.80403e-09 5.70351e-09 5.34282e-09 4.16475e-09
 2.55360e-09 6.37271e-10-1.57832e-09-3.91251e-09-5.84264e-09-6.63349e-09
-5.69878e-09-2.98140e-09 8.67303e-10 4.63793e-09 7.02381e-09 7.19751e-09
 5.18884e-09 1.82154e-09-1.75101e-09-4.58948e-09-6.24982e-09-6.71143e-09
-6.14219e-09-4.74955e-09-2.79626e-09-6.72311e-10 1.11715e-09 2.08636e-09
 1.95818e-09 8.11157e-10-8.88685e-10-2.41311e-09-3.04392e-09-2.38931e-09
-5.67856e-10 1.87054e-09 4.23315e-09 5.96058e-09 6.71803e-09 6.35110e-09
 4.87426e-09 2.54181e-09-1.22034e-10-2.45005e-09-3.85299e-09-3.95509e-09
-2.56573e-09-7.41353e-10
     0.0000e+00     0.0000e+00      0  0  0.00
     512   1.00000  0.0000e+00
-2.91124e-09-2.89258e-09-2.73754e-09-2.46237e-09-2.09873e-09-1.69042e-09
-1.28565e-09-9.24142e-10-6.24992e-10-3.80506e-10-1.58200e-10 8.80161e-11
 3.99293e-10 7.93356e-10 1.25634e-09 1.74973e-09 2.22731e-09 2.65200e-09
 3.00578e-09 3.29038e-09 3.52090e-09 3.71698e-09 3.89555e-09 4.06553e-09
 4.22177e-09 4.34013e-09 4.38077e-09 4.30398e-09 4.09331e-09 3.77475e-09
 3.42101e-09 3.13100e-09 2.98464e-09 2.99507e-09 3.09060e-09 3.13951e-09
 3.00262e-09 2.58603e-09 1.87443e-09 9.37370e-10-9.25573e-11-1.06544e-09
-1.86898e-09-2.46921e-09-2.91768e-09-3.32219e-09-3.79666e-09-4.41587e-09
-5.19500e-09-6.09755e-09-7.06280e-09-8.03926e-09-9.00879e-09-9.98737e-09
-1.09954e-08-1.20103e-08-1.29323e-08-1.35931e-08-1.38120e-08-1.34821e-08
-1.26638e-08-1.16601e-08-1.10403e-08-1.15618e-08-1.39589e-08-1.86033e-08
-2.50839e-08-3.17967e-08-3.57081e-08-3.25324e-08-1.75756e-08 1.26151e-08
 5.78888e-08 1.11896e-07 1.62283e-07 1.97553e-07 2.12823e-07 2.03777e-07
 1.62462e-07 8.77661e-08-7.70984e-09-1.03645e-07-1.78136e-07-2.13466e-07
-2.04828e-07-1.63841e-07-1.12952e-07-7.51723e-08-6.29965e-08-7.13502e-08
-8.13159e-08-7.43186e-08-4.69111e-08-1.43925e-08 1.20904e-09-1.10227e-08
-4.29888e-08-7.39658e-08-8.36192e-08-6.24454e-08-1.52780e-08 4.08053e-08
 8.36537e-08 9.96677e-08 9.64540e-08 9.96856e-08 1.33362e-07 2.03566e-07
 2.98930e-07 3.97774e-07 4.71807e-07 4.89801e-07 4.24796e-07 2.63378e-07
 1.47884e-08-2.84069e-07-5.72747e-07-7.81920e-07-8.53952e-07-7.62641e-07
-5.26288e-07-2.07539e-07 1.04168e-07 3.23754e-07 4.03285e-07 3.50902e-07
 2.24579e-07 1.01133e-07 3.59429e-08 3.69362e-08 6.90293e-08 8.58058e-08
 6.53102e-08 2.21134e-08-1.24911e-08-2.15172e-08-1.41323e-08-9.47170e-09
-1.45336e-08-2.15096e-08-2.23773e-08-1.83009e-08-1.42358e-08-1.14360e-08
-8.53568e-09-5.41395e-09-2.70313e-09-2.24816e-10 2.10585e-09 3.77683e-09
 4.69743e-09 5.19496e-09 5.28723e-09 4.98399e-09 4.55903e-09 4.10018e-09
 3.55050e-09 3.00320e-09 2.48055e-09 1.90140e-09 1.30536e-09 7.27471e-10
 1.34565e-10-4.33133e-10-9.41174e-10-1.40578e-09-1.80034e-09-2.11257e-09
-2.36586e-09-2.56034e-09-2.71472e-09-2.85403e-09-2.96611e-09-3.04338e-09
-3.07802e-09-3.04902e-09-2.95102e-09-2.78598e-09-2.56366e-09-2.29897e-09
-1.98743e-09-1.62436e-09-1.21941e-09-7.87011e-10-3.45069e-10 9.47300e-11
 5.24354e-10 9.31820e-10 1.31225e-09 1.67121e-09 2.00603e-09 2.28879e-09
 2.49400e-09 2.62761e-09 2.69781e-09 2.69819e-09 2.63420e-09 2.51827e-09
 2.34092e-09 2.09165e-09 1.79298e-09 1.47366e-09 1.14187e-09 8.04101e-10
 4.65311e-10 1.23743e-10-2.02829e-10-4.91781e-10-7.60038e-10-1.02666e-09
-1.25353e-09-1.39393e-09-1.45985e-09-1.48689e-09-1.48802e-09-1.46642e-09
-1.41017e-09-1.28654e-09-1.10235e-09-9.28029e-10-8.13784e-10-7.28534e-10
-6.09318e-10-4.34939e-10-2.46004e-10-1.16697e-10-8.60214e-11-1.01871e-10
-8.01319e-11-1.91513e-11 7.38246e-12-4.65487e-11-1.52887e-10-2.37708e-10
-2.44115e-10-1.88948e-10-1.40368e-10-1.35654e-10-1.34889e-10-5.67170e-11
 1.28015e-10 3.60147e-10 5.73747e-10 7.67945e-10 9.88047e-10 1.27171e-09
 1.59641e-09 1.88400e-09 2.08368e-09 2.21236e-09 2.30531e-09 2.36845e-09
 2.36686e-09 2.24903e-09 1.99938e-09 1.64944e-09 1.23645e-09 7.75262e-10
 2.55185e-10-3.38942e-10-9.83436e-10-1.62075e-09-2.21501e-09-2.76053e-09
-3.24925e-09-3.66408e-09-3.97950e-09-4.16179e-09-4.18982e-09-4.06407e-09
-3.79542e-09-3.39788e-09-2.88091e-09-2.25433e-09-1.54453e-09-7.84252e-10
 1.74971e-13 7.79244e-10 1.52660e-09 2.22434e-09 2.84159e-09 3.34445e-09
 3.72484e-09 3.97598e-09 4.07265e-09 4.00593e-09 3.78355e-09 3.39979e-09
 2.85978e-09 2.19482e-09 1.42425e-09 5.65105e-10-3.22540e-10-1.15911e-09
-1.89014e-09-2.47836e-09-2.89573e-09-3.13620e-09-3.20241e-09-3.09734e-09
-2.86312e-09-2.59227e-09-2.36254e-09-2.18742e-09-2.04178e-09-1.89535e-09
-1.71304e-09-1.45135e-09-1.04795e-09-4.06926e-10 5.52701e-10 1.79502e-09
 3.14699e-09 4.38924e-09 5.32601e-09 5.78902e-09 5.64048e-09 4.78551e-09
 3.20923e-09 1.06312e-09-1.30279e-09-3.44315e-09-4.96030e-09-5.58625e-09
-5.19571e-09-3.79006e-09-1.51592e-09 1.29260e-09 4.13323e-09 6.44352e-09
 7.76585e-09 7.88941e-09 6.86408e-09 4.91851e-09 2.39759e-09-2.79770e-10
-2.68049e-09-4.43568e-09-5.34542e-09-5.45232e-09-5.00225e-09-4.32439e-09
-3.70464e-09-3.30330e-09-3.15096e-09-3.17659e-09-3.22023e-09-3.07362e-09
-2.55950e-09-1.60531e-09-2.97280e-10 1.12432e-09 2.35989e-09 3.16273e-09
 3.40749e-09 3.12380e-09 2.48214e-09 1.73263e-09 1.13706e-09 8.95518e-10
 1.07408e-09 1.58349e-09 2.21398e-09 2.70522e-09 2.84552e-09 2.55273e-09
 1.89043e-09 1.03995e-09 2.37822e-10-3.19125e-10-5.44758e-10-4.81307e-10
-2.83704e-10-1.61993e-10-2.91605e-10-7.45890e-10-1.46715e-09-2.27747e-09
-2.94741e-09-3.28950e-09-3.22318e-09-2.80305e-09-2.19883e-09-1.62055e-09
-1.23360e-09-1.10032e-09-1.15669e-09-1.24340e-09-1.18173e-09-8.48825e-10
-2.31277e-10 5.59352e-10 1.33185e-09 1.89692e-09 2.13907e-09 2.06114e-09
 1.78267e-09 1.48230e-09 1.31804e-09 1.36156e-09 1.56672e-09 1.79527e-09
 1.88932e-09 1.74357e-09 1.35174e-09 8.16118e-10 3.04149e-10-2.92099e-11
-1.08983e-10 2.79726e-11 2.49662e-10 3.93463e-10 3.43808e-10 8.35231e-11
-2.99282e-10-6.55331e-10-8.51133e-10-8.33663e-10-6.52408e-10-4.36042e-10
-3.32366e-10-4.36647e-10-7.45037e-10-1.15703e-09-1.52825e-09-1.74653e-09
-1.78519e-09-1.70773e-09-1.62999e-09-1.65656e-09-1.81918e-09-2.05404e-09
-2.23093e-09-2.21608e-09-1.93837e-09-1.42569e-09-7.89736e-10-1.68726e-10
 3.41675e-10 7.34996e-10 1.08874e-09 1.50825e-09 2.05958e-09 2.73087e-09
 3.43364e-09 4.04005e-09 4.44204e-09 4.60256e-09 4.56712e-09 4.42597e-09
 4.24880e-09 4.03444e-09 3.70778e-09 3.16332e-09 2.33021e-09 1.22373e-09
-4.63519e-11-1.31760e-09-2.44164e-09-3.33666e-09-4.00032e-09-4.48347e-09
-4.84361e-09-5.10249e-09-5.23135e-09-5.17881e-09-4.92630e-09-4.52610e-09
-4.08736e-09-3.71878e-09-3.46502e-09-3.27195e-09-2.99834e-09-2.47180e-09
-1.56628e-09-2.63346e-10 1.33663e-09 3.05358e-09 4.68449e-09 6.04401e-09
 6.97790e-09 7.35815e-09 7.07987e-09 6.08118e-09 4.39208e-09 2.18621e-09
-2.09563e-10-2.37083e-09-3.87950e-09-4.43797e-09-3.95581e-09-2.57926e-09
-6.47679e-10 1.40901e-09 3.18173e-09 4.35044e-09 4.70641e-09 4.16539e-09
 2.79237e-09 8.20123e-10-1.36821e-09-3.30809e-09-4.56641e-09-4.86845e-09
-4.19158e-09-2.78168e-09-1.08145e-09 4.03029e-10 1.26042e-09 1.32333e-09
 7.79382e-10 2.01995e-10
     0.0000e+00     0.0000e+00      0  0  0.00
     512   1.00000  0.0000e+00
 1.16069e-10 3.85376e-11-3.38691e-11-6.76429e-11-3.88828e-11 5.22346e-11
 1.78518e-10 2.97450e-10 3.69830e-10 3.72918e-10 3.02433e-10 1.68410e-10
-7.84209e-12-1.95097e-10-3.56317e-10-4.57577e-10-4.79529e-10-4.26997e-10
-3.31732e-10-2.44934e-10-2.20630e-10-2.94913e-10-4.67197e-10-6.89420e-10
-8.66937e-10-8.70356e-10-5.55099e-10 2.10228e-10 1.49772e-09 3.25254e-09
 5.23389e-09 7.02581e-09 8.14611e-09 8.20549e-09 7.03938e-09 4.76522e-09
 1.75855e-09-1.43850e-09-4.25209e-09-6.22061e-09-7.10676e-09-6.94645e-09
-6.02332e-09-4.77557e-09-3.65598e-09-2.98877e-09-2.88849e-09-3.28117e-09
-3.99723e-09-4.86716e-09-5.77751e-09-6.68062e-09-7.56788e-09-8.42784e-09
-9.21536e-09-9.84574e-09-1.02118e-08-1.02175e-08-9.81818e-09-9.05666e-09
-8.08051e-09-7.13427e-09-6.52351e-09-6.53767e-09-7.30858e-09-8.60862e-09
-9.64886e-09-8.97844e-09-4.59523e-09 5.63741e-09 2.32015e-08 4.78007e-08
 7.61019e-08 1.00940e-07 1.13747e-07 1.10851e-07 9.40172e-08 6.33932e-08
 1.94317e-08-2.87575e-08-6.72517e-08-8.60719e-08-8.14307e-08-5.62845e-08
-1.95834e-08 1.64935e-08 3.95962e-08 4.24969e-08 2.78065e-08 6.14533e-09
-1.11577e-08-1.91975e-08-2.20713e-08-2.88983e-08-4.56669e-08-6.96838e-08
-9.17795e-08-1.03865e-07-1.04226e-07-9.73086e-08-9.10207e-08-9.34413e-08
-1.08422e-07-1.31985e-07-1.55074e-07-1.71482e-07-1.77959e-07-1.65029e-07
-1.16085e-07-1.82346e-08 1.29862e-07 3.16262e-07 5.14696e-07 6.85863e-07
 7.83899e-07 7.67931e-07 6.16609e-07 3.40795e-07-1.16181e-08-3.63863e-07
-6.31268e-07-7.48996e-07-6.96967e-07-5.10008e-07-2.65644e-07-5.22137e-08
 6.93038e-08 8.99450e-08 4.97860e-08 8.24552e-09 5.27995e-09 3.96217e-08
 7.88464e-08 9.16584e-08 7.43348e-08 4.82727e-08 3.45049e-08 3.40766e-08
 3.38037e-08 2.56720e-08 1.40709e-08 5.92117e-09 1.74245e-09-1.32972e-09
-3.87228e-09-5.09892e-09-5.43814e-09-5.47587e-09-4.91758e-09-3.80353e-09
-2.72334e-09-1.76969e-09-8.07990e-10-5.46699e-11 4.25747e-10 7.97150e-10
 9.92913e-10 9.63497e-10 8.58805e-10 6.82266e-10 3.84374e-10 6.73214e-11
-2.30097e-10-5.32979e-10-8.02380e-10-1.03365e-09-1.21717e-09-1.29326e-09
-1.26842e-09-1.15789e-09-9.34689e-10-6.30068e-10-3.07142e-10-3.43311e-12
 2.67069e-10 5.27505e-10 7.85930e-10 1.02002e-09 1.23258e-09 1.42568e-09
 1.57378e-09 1.64697e-09 1.63229e-09 1.55037e-09 1.41852e-09 1.22085e-09
 9.47998e-10 6.20764e-10 2.66203e-10-1.10507e-10-5.05099e-10-8.83995e-10
-1.22173e-09-1.52713e-09-1.80964e-09-2.05871e-09-2.25364e-09-2.37572e-09
-2.42039e-09-2.40055e-09-2.31921e-09-2.15989e-09-1.92553e-09-1.63645e-09
-1.28745e-09-8.72217e-10-4.24962e-10 2.41560e-11 4.84601e-10 9.50360e-10
 1.37774e-09 1.74216e-09 2.05302e-09 2.32064e-09 2.54756e-09 2.71553e-09
 2.78123e-09 2.73282e-09 2.61510e-09 2.45744e-09 2.22889e-09 1.89258e-09
 1.45733e-09 9.65255e-10 4.69114e-10 1.03826e-11-4.19005e-10-8.63207e-10
-1.32431e-09-1.74351e-09-2.06714e-09-2.29041e-09-2.44951e-09-2.57769e-09
-2.64569e-09-2.58335e-09-2.37295e-09-2.06899e-09-1.73481e-09-1.38769e-09
-9.97474e-10-5.46576e-10-6.93907e-11 3.86208e-10 7.91755e-10 1.14076e-09
 1.45098e-09 1.72802e-09 1.93321e-09 2.02311e-09 1.99334e-09 1.87919e-09
 1.72381e-09 1.52725e-09 1.25738e-09 9.18503e-10 5.54436e-10 2.00253e-10
-1.33340e-10-4.50506e-10-7.46284e-10-9.92972e-10-1.16600e-09-1.26012e-09
-1.27723e-09-1.22763e-09-1.12972e-09-9.86835e-10-7.86358e-10-5.32340e-10
-2.51843e-10 3.44738e-11 3.20172e-10 5.96043e-10 8.43840e-10 1.03873e-09
 1.16127e-09 1.21353e-09 1.20473e-09 1.12793e-09 9.73916e-10 7.50561e-10
 4.68838e-10 1.27152e-10-2.71227e-10-7.00277e-10-1.12996e-09-1.53535e-09
-1.87480e-09-2.10339e-09-2.20471e-09-2.16847e-09-1.96993e-09-1.60362e-09
-1.09783e-09-4.93032e-10 1.55820e-10 7.83544e-10 1.34605e-09 1.80531e-09
 2.10012e-09 2.19536e-09 2.13168e-09 1.98771e-09 1.83795e-09 1.74861e-09
 1.75453e-09 1.84608e-09 1.99837e-09 2.16652e-09 2.23923e-09 2.04813e-09
 1.44824e-09 3.85081e-10-1.09483e-09-2.85951e-09-4.71232e-09-6.40934e-09
-7.65430e-09-8.12277e-09-7.57113e-09-5.94784e-09-3.42137e-09-3.37958e-10
 2.86409e-09 5.73025e-09 7.82500e-09 8.79103e-09 8.44644e-09 6.85978e-09
 4.36465e-09 1.47078e-09-1.29376e-09-3.48679e-09-4.79863e-09-5.09533e-09
-4.43834e-09-3.08281e-09-1.43474e-09 8.00486e-11 1.15636e-09 1.67510e-09
 1.70152e-09 1.41886e-09 1.04398e-09 7.81628e-10 7.72708e-10 1.02933e-09
 1.42294e-09 1.73027e-09 1.71818e-09 1.24886e-09 3.40030e-10-8.46824e-10
-2.05361e-09-2.99581e-09-3.44739e-09-3.30575e-09-2.62273e-09-1.59801e-09
-5.18288e-10 3.43315e-10 8.16306e-10 8.79148e-10 6.54802e-10 3.52022e-10
 1.83056e-10 2.92747e-10 7.01728e-10 1.29045e-09 1.85026e-09 2.16560e-09
 2.09312e-09 1.62097e-09 8.72968e-10 5.77982e-11-6.02404e-10-9.51164e-10
-9.57948e-10-7.22595e-10-4.30076e-10-2.75140e-10-3.76411e-10-7.24551e-10
-1.19073e-09-1.58070e-09-1.71330e-09-1.49551e-09-9.59918e-10-2.52550e-10
 4.20926e-10 8.76132e-10 1.02594e-09 9.11100e-10 6.73872e-10 4.91274e-10
 4.94519e-10 7.11998e-10 1.06211e-09 1.39079e-09 1.53787e-09 1.40929e-09
 1.01982e-09 4.86042e-10-2.52365e-11-3.74182e-10-5.12965e-10-5.02260e-10
-4.76614e-10-5.77364e-10-8.80451e-10-1.35546e-09-1.87515e-09-2.26651e-09
-2.38384e-09-2.17487e-09-1.70450e-09-1.12159e-09-5.87661e-10-2.02697e-10
 3.51820e-11 2.13956e-10 4.49348e-10 8.19778e-10 1.32204e-09 1.86518e-09
 2.31045e-09 2.53972e-09 2.51481e-09 2.29587e-09 2.00793e-09 1.77142e-09
 1.63590e-09 1.55463e-09 1.41341e-09 1.09566e-09 5.47635e-10-1.88729e-10
-9.89246e-10-1.69913e-09-2.19869e-09-2.45297e-09-2.51942e-09-2.50518e-09
-2.49649e-09-2.50601e-09-2.47165e-09-2.30146e-09-1.93216e-09-1.36882e-09
-6.87040e-10 1.79423e-12 6.01912e-10 1.07378e-09 1.44293e-09 1.77042e-09
 2.09982e-09 2.41265e-09 2.62244e-09 2.61666e-09 2.32565e-09 1.77533e-09
 1.08794e-09 4.31559e-10-4.88710e-11-2.83595e-10-2.95335e-10-1.80140e-10
-6.03047e-11-3.12417e-11-1.32446e-10-3.58017e-10-6.90206e-10-1.12029e-09
-1.63500e-09-2.17934e-09-2.62709e-09-2.78867e-09-2.46717e-09-1.54340e-09
-4.93584e-11 1.80586e-09 3.67303e-09 5.15171e-09 5.89840e-09 5.71455e-09
 4.58319e-09 2.64660e-09 1.54611e-10-2.57395e-09-5.16715e-09-7.22373e-09
-8.37544e-09-8.37938e-09-7.19797e-09-5.02969e-09-2.27618e-09 5.51483e-10
 2.96426e-09 4.61844e-09 5.38225e-09 5.32096e-09 4.62008e-09 3.50140e-09
 2.17648e-09 8.42623e-10-3.06164e-10-1.09003e-09-1.38979e-09-1.20258e-09
-6.71261e-10-1.73414e-10
