      10
(6e12.5)
     0.0000e+00     0.0000e+00      0  0  0.00
     512   1.00000  0.0000e+00
-2.06077e-09-5.36870e-10 1.24918e-09 3.15080e-09 5.01888e-09 6.74245e-09
 8.26265e-09 9.57142e-09 1.07032e-08 1.17131e-08 1.26361e-08 1.34415e-08
 1.40128e-08 1.41764e-08 1.37740e-08 1.27425e-08 1.11569e-08 9.20863e-09
 7.13117e-09 5.10919e-09 3.21916e-09 1.42651e-09-3.71221e-10-2.28760e-09
-4.40307e-09-6.73901e-09-9.24762e-09-1.18206e-08-1.43181e-08-1.66030e-08
-1.85626e-08-2.01071e-08-2.11579e-08-2.16464e-08-2.15370e-08-2.08577e-08
-1.97070e-08-1.82186e-08-1.65056e-08-1.46230e-08-1.25648e-08-1.02841e-08
-7.71985e-09-4.82181e-09-1.56847e-09 2.02588e-09 5.91729e-09 1.00470e-08
 1.43514e-08 1.87544e-08 2.31512e-08 2.74031e-08 3.13592e-08 3.49032e-08
 3.80012e-08 4.07241e-08 4.32201e-08 4.56480e-08 4.81072e-08 5.05883e-08
 5.29375e-08 5.48164e-08 5.56675e-08 5.47178e-08 5.10541e-08 4.38112e-08
 3.24300e-08 1.68255e-08-2.55070e-09-2.45603e-08-4.73283e-08-6.86600e-08
-8.66279e-08-9.99608e-08-1.08374e-07-1.12745e-07-1.14837e-07-1.16689e-07
-1.19932e-07-1.25266e-07-1.32414e-07-1.40738e-07-1.50259e-07-1.62356e-07
-1.79401e-07-2.03098e-07-2.32061e-07-2.59776e-07-2.74066e-07-2.58777e-07
-1.97763e-07-8.04190e-08 9.43108e-08 3.19386e-07 5.83123e-07 8.65664e-07
 1.13313e-06 1.34671e-06 1.47511e-06 1.47819e-06 1.29430e-06 8.80593e-07
 2.48529e-07-5.50374e-07-1.41689e-06-2.17647e-06-2.61715e-06-2.56678e-06
-1.96377e-06-9.25325e-07 2.56630e-07 1.22545e-06 1.69307e-06 1.54226e-06
 8.85920e-07 4.66208e-08-5.80842e-07-7.32638e-07-4.12102e-07 1.26335e-07
 5.34911e-07 5.86669e-07 3.10949e-07-4.84593e-08-2.25992e-07-1.33268e-07
 9.15672e-08 2.22562e-07 1.50249e-07-3.32701e-08-1.43859e-07-9.49340e-08
 2.75886e-08 7.66222e-08 1.02964e-08-7.53680e-08-7.58154e-08-3.96917e-09
 4.11446e-08 1.10200e-08-3.66168e-08-3.04051e-08 1.41482e-08 2.87318e-08
-1.21291e-09-2.27001e-08-5.79764e-09 1.33638e-08 5.42723e-10-2.08893e-08
-1.78126e-08-4.78638e-09-1.00309e-08-2.22998e-08-1.75476e-08-5.15764e-09
-4.06748e-09-5.33367e-09 3.74422e-09 1.24737e-08 1.21992e-08 1.23143e-08
 1.55128e-08 1.35597e-08 7.91174e-09 4.22938e-09-1.47387e-10-6.29248e-09
-1.06445e-08-1.32002e-08-1.48310e-08-1.42866e-08-1.15649e-08-7.50018e-09
-2.44971e-09 2.79862e-09 7.24578e-09 1.02421e-08 1.13802e-08 1.05252e-08
 7.89512e-09 4.02674e-09-2.74056e-10-4.07198e-09-6.52573e-09-7.08603e-09
-5.60998e-09-2.37297e-09 1.99299e-09 6.60973e-09 1.05190e-08 1.28743e-08
 1.31229e-08 1.11473e-08 7.31651e-09 2.41675e-09-2.52666e-09-6.49353e-09
-8.70827e-09-8.80876e-09-6.91949e-09-3.63284e-09 1.13191e-10 3.26303e-09
 4.91920e-09 4.57595e-09 2.25032e-09-1.51145e-09-5.76570e-09-9.42062e-09
-1.15252e-08-1.15191e-08-9.38440e-09-5.64825e-09-1.23705e-09 2.76306e-09
 5.39024e-09 6.08149e-09 4.84726e-09 2.26547e-09-7.04437e-10-3.01246e-09
-3.82731e-09-2.78238e-09-8.10686e-11 3.56804e-09 7.15260e-09 9.64267e-09
 1.03034e-08 8.94099e-09 5.97203e-09 2.27288e-09-1.11540e-09-3.30750e-09
-3.83448e-09-2.78614e-09-7.81786e-10 1.24483e-09 2.37248e-09 2.00110e-09
 5.04230e-11-2.99900e-09-6.25806e-09-8.74017e-09-9.70563e-09-8.90690e-09
-6.65836e-09-3.71290e-09-9.89076e-10 7.50119e-10 1.15669e-09 4.13032e-10
-8.43891e-10-1.77293e-09-1.66232e-09-2.14278e-10 2.33623e-09 5.31170e-09
 7.84650e-09 9.20702e-09 9.06063e-09 7.59152e-09 5.41848e-09 3.34541e-09
 2.03692e-09 1.74851e-09 2.22867e-09 2.83641e-09 2.82582e-09 1.68163e-09
-6.41059e-10-3.68236e-09-6.65576e-09-8.75565e-09-9.46981e-09-8.76976e-09
-7.09944e-09-5.17525e-09-3.68106e-09-2.97280e-09-2.92075e-09-2.97704e-09
-2.44035e-09-7.92674e-10 2.03376e-09 5.57437e-09 8.98050e-09 1.13377e-08
 1.20218e-08 1.09515e-08 8.62230e-09 5.87963e-09 3.52922e-09 1.97788e-09
 1.07615e-09 2.27419e-10-1.28318e-09-3.88334e-09-7.42933e-09-1.11943e-08
-1.41374e-08-1.53217e-08-1.42977e-08-1.12918e-08-7.10717e-09-2.77064e-09
 8.93424e-10 3.54807e-09 5.37166e-09 6.83683e-09 8.34930e-09 9.93543e-09
 1.11588e-08 1.13169e-08 9.80871e-09 6.48409e-09 1.80430e-09-3.25870e-09
-7.55458e-09-1.01826e-08-1.08005e-08-9.64959e-09-7.32028e-09-4.43009e-09
-1.38924e-09 1.65534e-09 4.70077e-09 7.66989e-09 1.02234e-08 1.17461e-08
 1.15689e-08 9.31609e-09 5.17329e-09-8.40537e-11-5.31908e-09-9.40896e-09
-1.15989e-08-1.16953e-08-1.00284e-08-7.21065e-09-3.83504e-09-2.98725e-10
 3.16341e-09 6.30277e-09 8.70484e-09 9.81351e-09 9.15239e-09 6.61599e-09
 2.65634e-09-1.75764e-09-5.42220e-09-7.31224e-09-6.94699e-09-4.54784e-09
-9.16755e-10 2.90253e-09 6.00661e-09 7.87318e-09 8.36854e-09 7.57682e-09
 5.62480e-09 2.65603e-09-1.04882e-09-4.94373e-09-8.22533e-09-1.00318e-08
-9.77341e-09-7.44024e-09-3.71032e-09 2.39919e-10 3.16335e-09 4.21668e-09
 3.25252e-09 7.92203e-10-2.26719e-09-5.01606e-09-6.78944e-09-7.25069e-09
-6.33319e-09-4.14348e-09-9.36611e-10 2.81956e-09 6.39501e-09 8.89449e-09
 9.53656e-09 8.00828e-09 4.69887e-09 6.42142e-10-2.84917e-09-4.69263e-09
-4.44672e-09-2.43462e-09 4.61322e-10 3.19869e-09 4.94515e-09 5.26761e-09
 4.13036e-09 1.78929e-09-1.31283e-09-4.59048e-09-7.33263e-09-8.80305e-09
-8.48364e-09-6.35614e-09-3.01849e-09 4.86849e-10 3.07554e-09 4.06647e-09
 3.45717e-09 1.88887e-09 3.11023e-10-4.71092e-10-1.14026e-10 1.22671e-09
 3.09023e-09 4.96230e-09 6.43858e-09 7.26083e-09 7.29274e-09 6.53374e-09
 5.18700e-09 3.68236e-09 2.55350e-09 2.18752e-09 2.57997e-09 3.25263e-09
 3.42882e-09 2.42146e-09 3.17821e-11-3.28668e-09-6.61163e-09-8.98065e-09
-9.81558e-09-9.11700e-09-7.37171e-09-5.29387e-09-3.57178e-09-2.70952e-09
-2.94367e-09-4.18709e-09-6.00410e-09-7.67107e-09-8.36966e-09-7.49703e-09
-4.97504e-09-1.36929e-09 2.30711e-09 5.03748e-09 6.25466e-09 6.04809e-09
 5.01964e-09 3.90408e-09 3.20656e-09 3.05516e-09 3.27895e-09 3.58098e-09
 3.68224e-09 3.39850e-09 2.67316e-09 1.59636e-09 4.07353e-10-5.66385e-10
-1.06488e-09-1.08382e-09-9.53808e-10-1.20403e-09-2.24181e-09-4.02907e-09
-5.98581e-09-7.22975e-09-7.02620e-09-5.16390e-09-2.03785e-09 1.55899e-09
 4.76988e-09 6.96043e-09 7.86993e-09 7.63172e-09 6.70512e-09 5.73829e-09
 5.35688e-09 5.91702e-09 7.33214e-09 9.08650e-09 1.04604e-08 1.08704e-08
 1.01361e-08 8.49793e-09 6.36499e-09 3.98901e-09 1.32550e-09-1.82892e-09
-5.56375e-09-9.66611e-09-1.36378e-08-1.68759e-08-1.88777e-08-1.93707e-08
-1.83621e-08-1.61322e-08-1.31509e-08-9.89373e-09-6.62056e-09-3.25427e-09
 5.21255e-10 4.93021e-09 9.67735e-09 1.37040e-08 1.54154e-08 1.34567e-08
 7.80415e-09 2.08538e-09
     0.0000e+00     0.0000e+00      0  0  0.00
     512   1.00000  0.0000e+00
 2.61887e-10-1.30103e-10-5.79946e-10-9.88698e-10-1.28619e-09-1.46752e-09
-1.59573e-09-1.77418e-09-2.10410e-09-2.64164e-09-3.35901e-09-4.10918e-09
-4.59883e-09-4.39055e-09-2.97293e-09 6.71920e-11 4.78784e-09 1.06709e-08
 1.66181e-08 2.12323e-08 2.32418e-08 2.18640e-08 1.70010e-08 9.26348e-09
-1.53372e-10-9.70312e-09-1.77846e-08-2.30534e-08-2.46990e-08-2.26276e-08
-1.74935e-08-1.05473e-08-3.31393e-09 2.82454e-09 6.99368e-09 8.96814e-09
 9.03417e-09 7.71360e-09 5.54278e-09 2.97952e-09 3.99336e-10-1.87814e-09
-3.57815e-09-4.50164e-09-4.58764e-09-3.95957e-09-2.90763e-09-1.80208e-09
-9.78996e-10-6.52368e-10-8.80332e-10-1.57736e-09-2.55194e-09-3.55948e-09
-4.36500e-09-4.80209e-09-4.81143e-09-4.44327e-09-3.81537e-09-3.03883e-09
-2.14377e-09-1.03455e-09 5.06862e-10 2.75052e-09 5.86443e-09 9.70249e-09
 1.36793e-08 1.69550e-08 1.89092e-08 1.94694e-08 1.89336e-08 1.75589e-08
 1.54658e-08 1.28931e-08 1.03464e-08 8.40472e-09 7.36244e-09 7.00900e-09
 6.80108e-09 6.42469e-09 6.37245e-09 8.04369e-09 1.31302e-08 2.24400e-08
 3.46054e-08 4.52509e-08 4.71382e-08 3.15398e-08-9.20835e-09-7.81976e-08
-1.69793e-07-2.65930e-07-3.37172e-07-3.53717e-07-3.01575e-07-1.90037e-07
-4.57161e-08 9.78023e-08 2.10811e-07 2.83685e-07 3.36772e-07 4.01456e-07
 4.82401e-07 5.41621e-07 5.22250e-07 3.85843e-07 1.31534e-07-2.04952e-07
-5.52579e-07-8.03932e-07-8.45110e-07-6.23640e-07-2.00980e-07 2.56603e-07
 5.53084e-07 5.68655e-07 3.26185e-07-2.53315e-08-2.92738e-07-3.44105e-07
-1.84086e-07 5.35767e-08 2.00292e-07 1.70719e-07 1.80765e-08-1.17261e-07
-1.26516e-07-2.01396e-08 9.18391e-08 1.08276e-07 3.07187e-08-4.88439e-08
-5.04507e-08 1.20034e-08 5.72001e-08 3.59588e-08-1.54571e-08-2.94019e-08
 5.18158e-09 3.51215e-08 2.03755e-08-1.36441e-08-1.92090e-08 3.64438e-09
 1.40330e-08-2.99406e-09-1.73246e-08-7.63050e-09 5.46431e-09-7.23687e-10
-1.25816e-08-8.87263e-09 1.33744e-09 2.54823e-11-5.64771e-09-1.33414e-09
 5.72916e-09 4.16757e-09 9.44061e-10 3.40567e-09 4.37713e-09 4.50007e-10
-1.42752e-09-7.56222e-10-2.35486e-09-4.19548e-09-3.76597e-09-3.41333e-09
-3.22835e-09-1.65307e-09 3.76992e-10 2.17014e-09 3.95625e-09 5.24055e-09
 5.65068e-09 5.24986e-09 4.01133e-09 2.04835e-09-2.56925e-10-2.43072e-09
-4.03345e-09-4.79280e-09-4.66384e-09-3.75947e-09-2.28300e-09-5.19317e-10
 1.16476e-09 2.37499e-09 2.81543e-09 2.40379e-09 1.29545e-09-1.88126e-10
-1.67583e-09-2.83627e-09-3.41759e-09-3.26660e-09-2.35578e-09-8.20959e-10
 1.02995e-09 2.77753e-09 4.01146e-09 4.45698e-09 4.04741e-09 2.92377e-09
 1.38241e-09-2.02683e-10-1.46781e-09-2.14339e-09-2.11336e-09-1.44004e-09
-3.53976e-10 7.94307e-10 1.62394e-09 1.83778e-09 1.31512e-09 1.45782e-10
-1.39263e-09-2.90122e-09-3.96802e-09-4.30188e-09-3.83676e-09-2.74323e-09
-1.34650e-09-1.87285e-11 9.05163e-10 1.20107e-09 8.29240e-10-2.91688e-11
-1.01577e-09-1.71377e-09-1.79201e-09-1.11903e-09 1.89996e-10 1.80893e-09
 3.30216e-09 4.25550e-09 4.40782e-09 3.74871e-09 2.53316e-09 1.19183e-09
 1.72416e-10-2.19757e-10 8.01338e-11 8.88167e-10 1.84193e-09 2.51691e-09
 2.55852e-09 1.79939e-09 3.28924e-10-1.50975e-09-3.20903e-09-4.26619e-09
-4.38032e-09-3.58534e-09-2.24434e-09-8.99488e-10-4.72399e-11 5.65348e-11
-5.18999e-10-1.42823e-09-2.19687e-09-2.40199e-09-1.81628e-09-4.76378e-10
 1.33097e-09 3.15173e-09 4.49671e-09 4.99708e-09 4.54359e-09 3.35119e-09
 1.89764e-09 7.37023e-10 2.62156e-10 5.29759e-10 1.23966e-09 1.88150e-09
 1.97366e-09 1.27759e-09-1.06242e-10-1.79323e-09-3.28551e-09-4.17668e-09
-4.30113e-09-3.77122e-09-2.89842e-09-2.04246e-09-1.45704e-09-1.19757e-09
-1.12683e-09-1.01010e-09-6.48999e-10 1.83845e-11 9.00864e-10 1.81532e-09
 2.57772e-09 3.07475e-09 3.28766e-09 3.26348e-09 3.05557e-09 2.67637e-09
 2.09846e-09 1.29948e-09 3.10052e-10-7.70735e-10-1.79578e-09-2.60891e-09
-3.08167e-09-3.13715e-09-2.76732e-09-2.05110e-09-1.15664e-09-2.96634e-10
 3.60423e-10 7.66281e-10 9.95821e-10 1.17206e-09 1.36180e-09 1.50221e-09
 1.40519e-09 8.54000e-10-2.49497e-10-1.77825e-09-3.39070e-09-4.65569e-09
-5.21581e-09-4.91091e-09-3.82499e-09-2.24854e-09-5.64076e-10 9.04987e-10
 2.00837e-09 2.78159e-09 3.35680e-09 3.83574e-09 4.19660e-09 4.27561e-09
 3.83832e-09 2.72645e-09 1.01460e-09-9.29985e-10-2.55778e-09-3.37876e-09
-3.19018e-09-2.14836e-09-6.58714e-10 8.21485e-10 1.94536e-09 2.54211e-09
 2.59841e-09 2.19693e-09 1.44581e-09 4.28416e-10-7.99624e-10-2.15878e-09
-3.47219e-09-4.43715e-09-4.69854e-09-4.01504e-09-2.42659e-09-3.01985e-10
 1.78903e-09 3.31559e-09 3.99735e-09 3.87274e-09 3.20764e-09 2.32391e-09
 1.45710e-09 7.12640e-10 1.18710e-10-2.85354e-10-4.03463e-10-1.23479e-10
 5.77331e-10 1.53653e-09 2.40110e-09 2.74783e-09 2.28649e-09 1.03299e-09
-6.62478e-10-2.26680e-09-3.31600e-09-3.62022e-09-3.30506e-09-2.68608e-09
-2.07506e-09-1.63732e-09-1.36733e-09-1.17173e-09-9.86285e-10-8.34064e-10
-7.75525e-10-7.95547e-10-7.41550e-10-3.91117e-10 3.84120e-10 1.47845e-09
 2.54996e-09 3.17664e-09 3.08376e-09 2.31075e-09 1.21639e-09 3.08216e-10
-1.09889e-11 3.68332e-10 1.24243e-09 2.23460e-09 2.98796e-09 3.28513e-09
 3.04572e-09 2.25608e-09 9.32347e-10-8.28360e-10-2.76056e-09-4.41745e-09
-5.29423e-09-5.04851e-09-3.70349e-09-1.70578e-09 2.25693e-10 1.40488e-09
 1.48106e-09 5.68542e-10-8.63210e-10-2.24852e-09-3.15997e-09-3.40089e-09
-2.96264e-09-1.93833e-09-4.80556e-10 1.18618e-09 2.75655e-09 3.89528e-09
 4.35124e-09 4.07939e-09 3.28543e-09 2.33592e-09 1.56491e-09 1.09581e-09
 8.05721e-10 4.61391e-10-7.52658e-11-7.25797e-10-1.24278e-09-1.38050e-09
-1.06004e-09-4.26801e-10 2.11495e-10 5.12820e-10 2.28806e-10-7.12815e-10
-2.18554e-09-3.89083e-09-5.41679e-09-6.32111e-09-6.24311e-09-5.03721e-09
-2.87562e-09-2.43200e-10 2.21130e-09 3.91412e-09 4.57249e-09 4.24401e-09
 3.26238e-09 2.09119e-09 1.17943e-09 8.48654e-10 1.21645e-09 2.17017e-09
 3.41632e-09 4.60224e-09 5.45554e-09 5.86636e-09 5.86820e-09 5.53521e-09
 4.87050e-09 3.77093e-09 2.11097e-09-9.17608e-11-2.54867e-09-4.73767e-09
-6.12390e-09-6.42983e-09-5.76866e-09-4.55899e-09-3.30818e-09-2.42673e-09
-2.15959e-09-2.59448e-09-3.66224e-09-5.10433e-09-6.46926e-09-7.21170e-09
-6.89067e-09-5.37467e-09-2.92975e-09-1.13826e-10 2.48366e-09 4.50240e-09
 5.90286e-09 6.83716e-09 7.41595e-09 7.56516e-09 7.07791e-09 5.79911e-09
 3.78795e-09 1.34976e-09-1.05352e-09-2.93296e-09-3.88260e-09-3.65984e-09
-2.24363e-09-6.24955e-10
     0.0000e+00     0.0000e+00      0  0  0.00
     512   1.00000  0.0000e+00
-1.05961e-09-4.46568e-10 2.19065e-10 8.80626e-10 1.49866e-09 2.05743e-09
 2.55759e-09 3.00690e-09 3.41515e-09 3.78783e-09 4.11724e-09 4.38047e-09
 4.54768e-09 4.59018e-09 4.48416e-09 4.22329e-09 3.84401e-09 3.43685e-09
 3.11553e-09 2.95690e-09 2.95896e-09 3.04547e-09 3.10317e-09 3.02241e-09
 2.72887e-09 2.20692e-09 1.50904e-09 7.43859e-10 4.70354e-11-4.53492e-10
-6.72979e-10-6.00269e-10-3.06788e-10 7.95377e-11 4.26740e-10 6.48005e-10
 7.19865e-10 6.65739e-10 5.22463e-10 3.10102e-10 1.77341e-11-3.94210e-10
-9.85056e-10-1.82507e-09-2.98310e-09-4.50648e-09-6.39610e-09-8.58612e-09
-1.09380e-08-1.32578e-08-1.53444e-08-1.70635e-08-1.84261e-08-1.96585e-08
-2.12565e-08-2.39860e-08-2.87527e-08-3.62851e-08-4.66427e-08-5.86491e-08
-6.94216e-08-7.42467e-08-6.71169e-08-4.22135e-08 3.56117e-09 6.77947e-08
 1.42453e-07 2.16912e-07 2.77652e-07 3.06122e-07 2.86425e-07 2.15618e-07
 1.02852e-07-3.31340e-08-1.63498e-07-2.56455e-07-2.89787e-07-2.59799e-07
-1.84471e-07-9.80370e-08-3.57273e-08-1.54979e-08-2.86286e-08-4.71138e-08
-4.45928e-08-1.59926e-08 1.93646e-08 3.35748e-08 1.37752e-08-2.49407e-08
-5.07796e-08-4.09169e-08 3.89438e-09 6.41591e-08 1.12302e-07 1.22720e-07
 8.76659e-08 2.87601e-08-1.93548e-08-4.04629e-08-4.11697e-08-2.66721e-08
 1.14042e-08 8.03910e-08 1.72846e-07 2.69324e-07 3.43396e-07 3.66193e-07
 3.17181e-07 1.93127e-07 1.00526e-08-1.99936e-07-3.95932e-07-5.36203e-07
-5.88241e-07-5.41135e-07-4.11093e-07-2.35380e-07-5.77851e-08 8.83375e-08
 1.89995e-07 2.51255e-07 2.80419e-07 2.78708e-07 2.40107e-07 1.63135e-07
 6.52058e-08-1.62247e-08-4.46717e-08-1.51307e-08 3.44649e-08 5.01011e-08
 1.09598e-08-4.74953e-08-6.93478e-08-4.02852e-08-2.35123e-09 9.16884e-10
-2.19649e-08-3.11565e-08-1.54719e-08-2.28719e-10-6.35784e-10-3.65206e-09
 7.08434e-10 4.43471e-09 3.10424e-09 2.97180e-09 4.74084e-09 3.81410e-09
 2.02459e-09 2.11536e-09 1.28565e-09-8.43863e-10-1.45368e-09-1.73220e-09
-3.10725e-09-3.53026e-09-3.12665e-09-3.50225e-09-3.46890e-09-2.64820e-09
-2.30069e-09-1.81820e-09-8.74643e-10-4.26428e-10-8.80886e-11 3.79668e-10
 3.66504e-10 2.89199e-10 2.98614e-10 1.10042e-11-1.46153e-10-1.33691e-10
-1.93680e-10 4.05470e-12 3.34570e-10 6.31258e-10 1.05583e-09 1.37211e-09
 1.54330e-09 1.66344e-09 1.57570e-09 1.40883e-09 1.20553e-09 9.01036e-10
 6.63399e-10 4.88513e-10 3.91712e-10 4.56500e-10 6.16209e-10 8.64497e-10
 1.13531e-09 1.36208e-09 1.54228e-09 1.58920e-09 1.50172e-09 1.30194e-09
 9.93930e-10 6.53694e-10 3.45678e-10 1.22672e-10-8.04171e-12-5.37690e-11
-1.67602e-11 4.32290e-11 5.71186e-11-3.43401e-11-2.64135e-10-6.12257e-10
-1.00604e-09-1.36381e-09-1.65687e-09-1.87285e-09-1.98509e-09-1.98220e-09
-1.87984e-09-1.71853e-09-1.56231e-09-1.47021e-09-1.45558e-09-1.47882e-09
-1.47516e-09-1.40852e-09-1.28651e-09-1.11450e-09-8.85874e-10-6.09792e-10
-3.12510e-10-3.86275e-11 1.55645e-10 2.41662e-10 2.28916e-10 1.45485e-10
 3.35092e-11-6.84143e-11-1.46369e-10-1.94932e-10-2.05734e-10-1.83067e-10
-1.50298e-10-1.43963e-10-1.91683e-10-2.79589e-10-3.62465e-10-3.99794e-10
-3.55615e-10-1.98575e-10 7.18972e-11 4.26774e-10 8.23005e-10 1.20222e-09
 1.51107e-09 1.73021e-09 1.87125e-09 1.96767e-09 2.06194e-09 2.17588e-09
 2.30227e-09 2.41599e-09 2.46974e-09 2.39950e-09 2.15768e-09 1.73782e-09
 1.17635e-09 5.41623e-10-9.10818e-11-6.66015e-10-1.15541e-09-1.55287e-09
-1.85977e-09-2.07518e-09-2.19411e-09-2.19709e-09-2.04623e-09-1.71247e-09
-1.19295e-09-5.11721e-10 2.54682e-10 9.80528e-10 1.55858e-09 1.93595e-09
 2.10044e-09 2.09480e-09 2.01615e-09 1.95178e-09 1.94790e-09 2.03714e-09
 2.22493e-09 2.45458e-09 2.63079e-09 2.64568e-09 2.37377e-09 1.70746e-09
 6.10868e-10-8.87033e-10-2.71447e-09-4.73469e-09-6.72935e-09-8.42473e-09
-9.53226e-09-9.80390e-09-9.11756e-09-7.53587e-09-5.27931e-09-2.66151e-09
-4.57085e-11 2.21107e-09 3.83262e-09 4.66195e-09 4.67573e-09 3.99582e-09
 2.85601e-09 1.53230e-09 2.88561e-10-6.57964e-10-1.16582e-09-1.19722e-09
-8.26808e-10-2.06565e-10 4.89533e-10 1.11683e-09 1.60588e-09 1.95886e-09
 2.19657e-09 2.33425e-09 2.38705e-09 2.36523e-09 2.27478e-09 2.11061e-09
 1.83701e-09 1.40581e-09 8.01188e-10 6.80605e-11-6.82257e-10-1.31132e-09
-1.71421e-09-1.83799e-09-1.68339e-09-1.31735e-09-8.53191e-10-4.09550e-10
-8.03241e-11 1.02079e-10 1.84425e-10 2.58613e-10 4.19383e-10 7.34820e-10
 1.21676e-09 1.81770e-09 2.45691e-09 3.04377e-09 3.49979e-09 3.77169e-09
 3.82020e-09 3.61975e-09 3.18056e-09 2.55032e-09 1.79688e-09 9.94316e-10
 2.04360e-10-5.31774e-10-1.18158e-09-1.72309e-09-2.15430e-09-2.48224e-09
-2.71526e-09-2.86888e-09-2.96321e-09-3.02078e-09-3.06761e-09-3.11795e-09
-3.15881e-09-3.15052e-09-3.03253e-09-2.74539e-09-2.26697e-09-1.62225e-09
-8.66564e-10-7.33381e-11 6.80310e-10 1.33534e-09 1.86137e-09 2.25443e-09
 2.52522e-09 2.67991e-09 2.71617e-09 2.63863e-09 2.46504e-09 2.21745e-09
 1.91186e-09 1.54814e-09 1.10962e-09 5.81009e-10-3.19731e-11-6.95273e-10
-1.35212e-09-1.94215e-09-2.42207e-09-2.77400e-09-3.01002e-09-3.17168e-09
-3.30367e-09-3.41386e-09-3.45958e-09-3.36973e-09-3.08138e-09-2.56733e-09
-1.84122e-09-9.49324e-10 3.68049e-11 1.03116e-09 1.95021e-09 2.72622e-09
 3.31665e-09 3.71068e-09 3.92277e-09 3.97875e-09 3.91130e-09 3.76163e-09
 3.57176e-09 3.36501e-09 3.12835e-09 2.81657e-09 2.37976e-09 1.78743e-09
 1.03090e-09 1.22410e-10-8.90620e-10-1.91287e-09-2.81677e-09-3.48527e-09
-3.85286e-09-3.92015e-09-3.74038e-09-3.39036e-09-2.94017e-09-2.43519e-09
-1.89352e-09-1.31092e-09-6.71402e-10 3.18292e-11 7.75179e-10 1.50532e-09
 2.16905e-09 2.74798e-09 3.25932e-09 3.71506e-09 4.08332e-09 4.29517e-09
 4.28155e-09 3.99610e-09 3.42081e-09 2.58014e-09 1.55732e-09 4.80419e-10
-5.25155e-10-1.38517e-09-2.09304e-09-2.68664e-09-3.20640e-09-3.66910e-09
-4.07803e-09-4.45146e-09-4.82722e-09-5.22706e-09-5.61407e-09-5.88559e-09
-5.90713e-09-5.55764e-09-4.76387e-09-3.53179e-09-1.97705e-09-3.12666e-10
 1.23486e-09 2.52246e-09 3.50851e-09 4.18714e-09 4.52468e-09 4.46560e-09
 3.99325e-09 3.18846e-09 2.24319e-09 1.41590e-09 9.49169e-10 9.94654e-10
 1.57541e-09 2.58569e-09 3.82264e-09 5.04143e-09 6.00909e-09 6.52845e-09
 6.42955e-09 5.56826e-09 3.88189e-09 1.48410e-09-1.30223e-09-4.03984e-09
-6.32824e-09-7.88802e-09-8.55973e-09-8.28960e-09-7.13251e-09-5.24383e-09
-2.86143e-09-3.11786e-10 1.97496e-09 3.51182e-09 3.91074e-09 3.11398e-09
 1.60428e-09 3.85327e-10
     0.0000e+00     0.0000e+00      0  0  0.00
     512   1.00000  0.0000e+00
 1.72442e-09 6.13418e-10-8.08754e-10-2.37207e-09-3.86805e-09-5.14369e-09
-6.16394e-09-7.00554e-09-7.79675e-09-8.64143e-09-9.55303e-09-1.04070e-08
-1.09180e-08-1.06559e-08-9.11577e-09-5.86810e-09-7.99708e-10 5.63667e-09
 1.23571e-08 1.78912e-08 2.08359e-08 2.02895e-08 1.61141e-08 8.98128e-09
 2.10165e-10-8.54412e-09-1.56528e-08-1.98344e-08-2.03963e-08-1.73790e-08
-1.15652e-08-4.29997e-09 2.87588e-09 8.67876e-09 1.24307e-08 1.41278e-08
 1.42100e-08 1.32192e-08 1.15717e-08 9.52851e-09 7.28883e-09 5.07406e-09
 3.13327e-09 1.69467e-09 9.14846e-10 8.35868e-10 1.34431e-09 2.15836e-09
 2.87978e-09 3.11028e-09 2.60137e-09 1.40513e-09-3.08282e-11-9.16891e-10
-3.74359e-10 2.17568e-09 6.62209e-09 1.18737e-08 1.57302e-08 1.50287e-08
 6.25469e-09-1.32556e-08-4.35952e-08-8.03941e-08-1.13367e-07-1.27056e-07
-1.07710e-07-5.53889e-08 1.22283e-08 7.38279e-08 1.20897e-07 1.54906e-07
 1.71707e-07 1.58174e-07 1.05267e-07 2.08167e-08-6.83960e-08-1.27490e-07
-1.33817e-07-9.26693e-08-3.49221e-08 2.27741e-09-1.25051e-09-3.58969e-08
-6.84683e-08-6.57420e-08-2.00446e-08 4.37289e-08 8.64690e-08 8.37469e-08
 4.13286e-08-1.34264e-08-5.17151e-08-5.66519e-08-2.67689e-08 2.36311e-08
 6.70172e-08 7.50408e-08 4.36760e-08 8.55372e-09 1.62666e-08 7.81202e-08
 1.69901e-07 2.64682e-07 3.38154e-07 3.51611e-07 2.61442e-07 4.90148e-08
-2.68628e-07-6.37778e-07-9.64029e-07-1.13354e-06-1.05502e-06-6.91831e-07
-8.84032e-08 6.16049e-07 1.21600e-06 1.50691e-06 1.36646e-06 8.21601e-07
 6.25281e-08-6.20833e-07-9.63574e-07-8.56152e-07-4.09314e-07 9.76098e-08
 3.75191e-07 3.00932e-07-4.49913e-09-2.70100e-07-2.86610e-07-7.37635e-08
 1.50792e-07 1.87307e-07 4.80307e-08-8.03991e-08-6.42811e-08 3.58194e-08
 7.81506e-08 3.37927e-08-9.64750e-09-1.96369e-09 1.54458e-08 7.47693e-09
-3.36766e-09 1.34475e-10 8.47943e-10-6.30469e-09-6.83378e-09-2.86379e-09
-4.82076e-09-6.72956e-09-3.82329e-09-3.30916e-09-4.83971e-09-3.01774e-09
-1.56767e-09-2.40068e-09-1.36050e-09-9.53726e-12-5.87588e-10-1.31439e-10
 8.84855e-10 5.83080e-10 9.50930e-10 1.69489e-09 1.38885e-09 1.52565e-09
 1.85947e-09 1.50454e-09 1.65767e-09 1.90418e-09 1.65002e-09 1.72956e-09
 1.64407e-09 1.25857e-09 1.21172e-09 9.96873e-10 7.22455e-10 6.66040e-10
 3.47848e-10 6.84430e-12-3.09214e-10-7.55834e-10-9.57824e-10-1.07187e-09
-1.19328e-09-1.20180e-09-1.30409e-09-1.36557e-09-1.31517e-09-1.23454e-09
-1.08552e-09-1.03521e-09-1.04580e-09-9.94610e-10-8.89171e-10-6.93237e-10
-5.08767e-10-3.43753e-10-9.34371e-11 2.73127e-10 6.92841e-10 9.69191e-10
 1.03649e-09 1.01033e-09 1.03820e-09 1.16177e-09 1.21389e-09 9.97440e-10
 5.07627e-10-6.22929e-12-2.75754e-10-3.17488e-10-4.12977e-10-8.06820e-10
-1.42731e-09-1.94870e-09-2.12888e-09-2.05825e-09-2.04923e-09-2.28099e-09
-2.59535e-09-2.65770e-09-2.30400e-09-1.70565e-09-1.18871e-09-9.04200e-10
-6.98767e-10-3.12400e-10 3.30277e-10 1.04532e-09 1.58774e-09 1.89934e-09
 2.14289e-09 2.49929e-09 2.96653e-09 3.36753e-09 3.52958e-09 3.43880e-09
 3.22235e-09 3.00265e-09 2.78919e-09 2.49928e-09 2.06329e-09 1.50429e-09
 9.19616e-10 3.95274e-10-5.99958e-11-4.99343e-10-9.57169e-10-1.39864e-09
-1.75383e-09-1.97807e-09-2.07351e-09-2.07301e-09-2.01367e-09-1.91544e-09
-1.77125e-09-1.56218e-09-1.28744e-09-9.66255e-10-6.08816e-10-2.02590e-10
 2.70168e-10 8.12282e-10 1.40506e-09 2.00133e-09 2.52446e-09 2.89371e-09
 3.05168e-09 2.97014e-09 2.65141e-09 2.12331e-09 1.42788e-09 6.34193e-10
-1.41300e-10-7.57446e-10-1.10217e-09-1.13221e-09-8.89935e-10-4.89807e-10
-6.80109e-11 2.46934e-10 3.09024e-10-3.76301e-11-8.70293e-10-2.10821e-09
-3.50904e-09-4.72548e-09-5.40396e-09-5.27716e-09-4.18478e-09-2.07317e-09
 9.20408e-10 4.36416e-09 7.57776e-09 9.83733e-09 1.05998e-08 9.63563e-09
 7.03333e-09 3.12559e-09-1.53839e-09-6.15388e-09-9.73591e-09-1.14250e-08
-1.08436e-08-8.22772e-09-4.26507e-09 1.91317e-10 4.32167e-09 7.37743e-09
 8.69643e-09 7.88430e-09 5.10963e-09 1.19797e-09-2.67607e-09-5.51269e-09
-6.84634e-09-6.74069e-09-5.54919e-09-3.72681e-09-1.81920e-09-4.71764e-10
-2.45887e-10-1.27996e-09-3.09172e-09-4.76453e-09-5.42241e-09-4.65097e-09
-2.60719e-09 1.67510e-10 3.01666e-09 5.32551e-09 6.57445e-09 6.43241e-09
 4.93058e-09 2.57356e-09 2.21126e-10-1.26291e-09-1.40673e-09-3.33445e-10
 1.34194e-09 2.83442e-09 3.51689e-09 3.09492e-09 1.63598e-09-4.65568e-10
-2.57549e-09-3.99626e-09-4.21988e-09-3.16094e-09-1.23481e-09 7.98059e-10
 2.16049e-09 2.38889e-09 1.51027e-09 4.02361e-12-1.42087e-09-2.12653e-09
-1.79030e-09-5.05598e-10 1.27142e-09 2.89532e-09 3.77582e-09 3.61953e-09
 2.56518e-09 1.13530e-09 1.40159e-11-2.58906e-10 4.59679e-10 1.84798e-09
 3.26900e-09 4.05539e-09 3.79947e-09 2.52801e-09 6.83674e-10-1.07541e-09
-2.15971e-09-2.29549e-09-1.63816e-09-6.99114e-10-1.10298e-10-3.31346e-10
-1.43181e-09-3.04757e-09-4.53944e-09-5.28915e-09-4.99021e-09-3.78767e-09
-2.20040e-09-8.68231e-10-2.45619e-10-3.88496e-10-9.42196e-10-1.33493e-09
-1.07291e-09 8.57392e-12 1.65628e-09 3.31762e-09 4.40924e-09 4.60229e-09
 3.98432e-09 3.01102e-09 2.26179e-09 2.13019e-09 2.62019e-09 3.35031e-09
 3.75539e-09 3.38292e-09 2.13518e-09 3.30828e-10-1.45232e-09-2.67483e-09
-3.10939e-09-2.93782e-09-2.62907e-09-2.67225e-09-3.29825e-09-4.33794e-09
-5.31096e-09-5.69745e-09-5.22436e-09-4.00713e-09-2.48594e-09-1.19323e-09
-4.66327e-10-2.61835e-10-1.87907e-10 2.51319e-10 1.34191e-09 2.97563e-09
 4.70550e-09 5.99055e-09 6.48224e-09 6.20259e-09 5.51475e-09 4.89161e-09
 4.62160e-09 4.64118e-09 4.59131e-09 4.04751e-09 2.78563e-09 9.40403e-10
-1.04468e-09-2.67411e-09-3.70635e-09-4.28884e-09-4.82787e-09-5.69467e-09
-6.96347e-09-8.33683e-09-9.29667e-09-9.39084e-09-8.48817e-09-6.84871e-09
-4.96005e-09-3.24358e-09-1.83071e-09-5.53699e-10 8.66093e-10 2.57027e-09
 4.40922e-09 5.98990e-09 6.92747e-09 7.13915e-09 6.94630e-09 6.89407e-09
 7.42251e-09 8.60539e-09 1.00935e-08 1.12830e-08 1.16208e-08 1.08621e-08
 9.10218e-09 6.58177e-09 3.45449e-09-2.70231e-10-4.56467e-09-9.15025e-09
-1.33975e-08-1.64565e-08-1.75736e-08-1.64444e-08-1.34019e-08-9.29979e-09
-5.15104e-09-1.75910e-09 4.54952e-10 1.41201e-09 1.23047e-09 1.02929e-10
-1.70751e-09-3.74463e-09-5.26869e-09-5.40550e-09-3.54036e-09 3.00832e-10
 5.36882e-09 1.04621e-08 1.43702e-08 1.62541e-08 1.58160e-08 1.32347e-08
 8.96354e-09 3.57827e-09-2.18408e-09-7.28491e-09-1.04123e-08-1.03437e-08
-6.53984e-09-1.84989e-09
     0.0000e+00     0.0000e+00      0  0  0.00
     512   1.00000  0.0000e+00
 2.42915e-09 5.24040e-10-1.57768e-09-3.74096e-09-5.87125e-09-7.91341e-09
-9.81745e-09-1.15146e-08-1.29275e-08-1.39985e-08-1.47116e-08-1.50964e-08
-1.52086e-08-1.50798e-08-1.46711e-08-1.38922e-08-1.26977e-08-1.11779e-08
-9.54437e-09-8.01105e-09-6.67207e-09-5.47678e-09-4.29516e-09-2.99453e-09
-1.47666e-09 3.11182e-10 2.36386e-09 4.60226e-09 6.86157e-09 8.89623e-09
 1.04271e-08 1.12422e-08 1.13082e-08 1.08134e-08 1.00906e-08 9.45873e-09
 9.09302e-09 9.00694e-09 9.11635e-09 9.30723e-09 9.46937e-09 9.51658e-09
 9.42134e-09 9.26082e-09 9.23830e-09 9.64068e-09 1.07286e-08 1.26039e-08
 1.51187e-08 1.78752e-08 2.03265e-08 2.19385e-08 2.23537e-08 2.15515e-08
 2.00377e-08 1.90168e-08 2.03789e-08 2.63274e-08 3.85899e-08 5.73080e-08
 7.98286e-08 9.97434e-08 1.06682e-07 8.75245e-08 2.96919e-08-7.32137e-08
-2.14818e-07-3.72027e-07-5.06609e-07-5.75256e-07-5.48078e-07-4.20480e-07
-2.08768e-07 5.34675e-08 3.13543e-07 5.10267e-07 5.95288e-07 5.51287e-07
 4.02558e-07 2.11705e-07 5.55999e-08-1.21099e-08 1.03006e-08 7.42002e-08
 1.14360e-07 9.37328e-08 2.83917e-08-2.78357e-08-3.04533e-08 1.67323e-08
 6.84824e-08 8.13963e-08 4.49397e-08-2.22884e-08-8.78610e-08-1.21582e-07
-1.22736e-07-1.29839e-07-1.75723e-07-2.41734e-07-2.86054e-07-2.99809e-07
-3.04157e-07-3.07972e-07-2.95997e-07-2.43849e-07-1.26124e-07 6.34297e-08
 2.85541e-07 4.65784e-07 5.27873e-07 4.28071e-07 1.88066e-07-1.04580e-07
-3.31387e-07-3.84791e-07-2.12778e-07 1.44516e-07 5.52910e-07 8.27250e-07
 8.11244e-07 4.65346e-07-8.70045e-08-5.98821e-07-8.22480e-07-6.54895e-07
-2.16058e-07 2.08301e-07 3.51359e-07 1.59947e-07-1.59942e-07-3.13117e-07
-1.78586e-07 8.12283e-08 1.98596e-07 9.12186e-08-6.78911e-08-8.70122e-08
 1.18988e-08 6.96509e-08 3.16964e-08-1.20995e-08-3.18373e-09 1.34458e-08
 2.81108e-09-5.89553e-09 1.77676e-09 2.08528e-09-6.07863e-09-4.12807e-09
 1.03208e-09-1.94583e-09-2.70499e-09 1.69852e-09 1.32151e-09-4.66991e-10
 1.94371e-09 2.39982e-09 1.02918e-09 2.85825e-09 4.00749e-09 3.17376e-09
 4.11652e-09 4.49140e-09 3.23200e-09 3.38527e-09 3.39669e-09 2.45772e-09
 2.64147e-09 2.53527e-09 1.78254e-09 1.88863e-09 1.60775e-09 9.83815e-10
 9.25671e-10 3.49844e-10-3.40013e-10-6.73814e-10-1.33556e-09-1.68138e-09
-1.75796e-09-2.07155e-09-2.19206e-09-2.48296e-09-2.94783e-09-3.18412e-09
-3.51587e-09-3.74602e-09-3.81747e-09-3.92803e-09-3.87097e-09-3.79037e-09
-3.66897e-09-3.41588e-09-3.14832e-09-2.73549e-09-2.25758e-09-1.77274e-09
-1.20207e-09-5.86481e-10 1.20178e-10 8.57341e-10 1.52086e-09 2.00443e-09
 2.23349e-09 2.35129e-09 2.50657e-09 2.74894e-09 3.00627e-09 3.14857e-09
 3.11711e-09 2.94853e-09 2.75825e-09 2.59746e-09 2.42133e-09 2.18931e-09
 1.91983e-09 1.67638e-09 1.51483e-09 1.43644e-09 1.36873e-09 1.22114e-09
 9.64103e-10 6.55679e-10 3.90189e-10 2.22753e-10 1.65328e-10 2.10985e-10
 3.17150e-10 4.13310e-10 4.55766e-10 4.49215e-10 4.27227e-10 4.24823e-10
 4.55878e-10 5.24878e-10 6.47319e-10 8.28060e-10 1.03255e-09 1.19143e-09
 1.23647e-09 1.15222e-09 9.84425e-10 7.91671e-10 6.14361e-10 4.68997e-10
 3.32655e-10 1.54170e-10-1.05876e-10-4.63204e-10-9.11765e-10-1.41330e-09
-1.91237e-09-2.36977e-09-2.76796e-09-3.10369e-09-3.38577e-09-3.62503e-09
-3.82861e-09-3.99275e-09-4.07252e-09-3.97461e-09-3.61133e-09-2.96221e-09
-2.09148e-09-1.12179e-09-1.79123e-10 6.55504e-10 1.35216e-09 1.90140e-09
 2.28336e-09 2.47534e-09 2.48395e-09 2.34374e-09 2.08623e-09 1.72296e-09
 1.24354e-09 6.43489e-10-1.96575e-11-6.38871e-10-1.15756e-09-1.62202e-09
-2.13950e-09-2.81436e-09-3.66823e-09-4.57144e-09-5.30119e-09-5.67515e-09
-5.57790e-09-4.91332e-09-3.62837e-09-1.76812e-09 5.10765e-10 2.93811e-09
 5.17757e-09 6.96187e-09 8.18062e-09 8.82425e-09 8.90815e-09 8.48554e-09
 7.68756e-09 6.72705e-09 5.86684e-09 5.33645e-09 5.21944e-09 5.41527e-09
 5.69722e-09 5.76273e-09 5.26970e-09 3.95544e-09 1.79770e-09-9.18263e-10
-3.67289e-09-5.89900e-09-7.20138e-09-7.47519e-09-6.86417e-09-5.63902e-09
-4.12005e-09-2.66832e-09-1.65136e-09-1.34095e-09-1.80882e-09-2.86659e-09
-4.08550e-09-4.94033e-09-5.01004e-09-4.12363e-09-2.42248e-09-3.18640e-10
 1.65341e-09 3.01710e-09 3.50027e-09 3.10953e-09 2.11493e-09 9.71546e-10
 1.75923e-10 6.49081e-11 6.74180e-10 1.73987e-09 2.79934e-09 3.34799e-09
 3.01926e-09 1.71480e-09-3.55679e-10-2.73178e-09-4.86085e-09-6.29709e-09
-6.84213e-09-6.58804e-09-5.87183e-09-5.15562e-09-4.85293e-09-5.13613e-09
-5.81583e-09-6.40583e-09-6.35823e-09-5.31628e-09-3.26284e-09-5.28400e-10
 2.32904e-09 4.71064e-09 6.16950e-09 6.57177e-09 6.15113e-09 5.40070e-09
 4.85679e-09 4.87739e-09 5.49617e-09 6.41744e-09 7.15936e-09 7.27240e-09
 6.53784e-09 5.06247e-09 3.22675e-09 1.52340e-09 3.54894e-10-1.49069e-10
-2.04024e-10-2.64490e-10-7.90471e-10-2.01689e-09-3.83159e-09-5.80507e-09
-7.35166e-09-7.96197e-09-7.42727e-09-5.95043e-09-4.06502e-09-2.39228e-09
-1.35747e-09-1.00346e-09-1.00020e-09-8.46673e-10-1.46765e-10 1.18715e-09
 2.89434e-09 4.50024e-09 5.55179e-09 5.83686e-09 5.49522e-09 4.96254e-09
 4.73584e-09 5.06919e-09 5.80146e-09 6.43157e-09 6.37938e-09 5.27848e-09
 3.16082e-09 4.54342e-10-2.20129e-09-4.23123e-09-5.36253e-09-5.71454e-09
-5.70139e-09-5.78459e-09-6.20092e-09-6.83429e-09-7.31676e-09-7.28122e-09
-6.59249e-09-5.41764e-09-4.11216e-09-3.01348e-09-2.26031e-09-1.71014e-09
-9.90730e-10 3.07023e-10 2.36566e-09 4.96551e-09 7.53595e-09 9.42272e-09
 1.02067e-08 9.88685e-09 8.83502e-09 7.56540e-09 6.46749e-09 5.65308e-09
 4.96261e-09 4.09408e-09 2.79970e-09 1.06061e-09-8.79061e-10-2.66270e-09
-4.06733e-09-5.17259e-09-6.30361e-09-7.75868e-09-9.52938e-09-1.12417e-08
-1.23465e-08-1.24015e-08-1.12891e-08-9.29354e-09-6.99082e-09-4.96922e-09
-3.52069e-09-2.49546e-09-1.41986e-09 1.79392e-10 2.44592e-09 5.10071e-09
 7.65903e-09 9.76434e-09 1.13597e-08 1.25936e-08 1.35830e-08 1.42324e-08
 1.42382e-08 1.32708e-08 1.12157e-08 8.34193e-09 5.29735e-09 2.86277e-09
 1.52441e-09 1.14698e-09 1.04442e-09 4.22257e-10-1.15408e-09-3.59063e-09
-6.44727e-09-9.27271e-09-1.18230e-08-1.40249e-08-1.57825e-08-1.68407e-08
-1.68177e-08-1.53862e-08-1.25228e-08-8.68020e-09-4.70058e-09-1.43019e-09
 7.46442e-10 2.11767e-09 3.40743e-09 5.23485e-09 7.69596e-09 1.03886e-08
 1.27580e-08 1.43793e-08 1.49913e-08 1.44017e-08 1.24225e-08 8.90997e-09
 3.94973e-09-1.87207e-09-7.33170e-09-1.08193e-08-1.10514e-08-8.01588e-09
-3.66886e-09-7.74296e-10
     0.0000e+00     0.0000e+00      0  0  0.00
     512   1.00000  0.0000e+00
-2.90555e-09-1.44276e-09 3.28046e-10 2.27916e-09 4.26605e-09 6.16810e-09
 7.91244e-09 9.46703e-09 1.08087e-08 1.18979e-08 1.26868e-08 1.31500e-08
 1.32987e-08 1.31583e-08 1.27348e-08 1.20047e-08 1.09356e-08 9.51235e-09
 7.75351e-09 5.71508e-09 3.48258e-09 1.14979e-09-1.20488e-09-3.52505e-09
-5.76253e-09-7.86477e-09-9.78269e-09-1.14872e-08-1.29676e-08-1.42071e-08
-1.51620e-08-1.57677e-08-1.59680e-08-1.57373e-08-1.50804e-08-1.40141e-08
-1.25522e-08-1.07025e-08-8.47403e-09-5.89069e-09-3.00337e-09 1.12637e-10
 3.37826e-09 6.73182e-09 1.01233e-08 1.34799e-08 1.66795e-08 1.95650e-08
 2.19895e-08 2.38516e-08 2.51016e-08 2.57413e-08 2.58438e-08 2.55864e-08
 2.52630e-08 2.52389e-08 2.58184e-08 2.70164e-08 2.82807e-08 2.82699e-08
 2.48233e-08 1.52447e-08-2.98857e-09-3.10332e-08-6.71074e-08-1.05596e-07
-1.39013e-07-1.60719e-07-1.63343e-07-1.39385e-07-8.94222e-08-2.39408e-08
 4.36585e-08 9.88694e-08 1.26980e-07 1.19585e-07 7.91288e-08 1.91927e-08
-3.91543e-08-7.60536e-08-8.17383e-08-6.02811e-08-2.64016e-08 4.02834e-09
 2.38459e-08 3.71521e-08 5.26026e-08 7.26912e-08 8.88128e-08 8.74803e-08
 6.23772e-08 2.30805e-08-5.95682e-09 2.18686e-09 5.78977e-08 1.41309e-07
 2.10124e-07 2.29430e-07 1.97200e-07 1.43525e-07 1.05328e-07 9.46737e-08
 9.19515e-08 7.00863e-08 1.37795e-08-8.17654e-08-2.13439e-07-3.66647e-07
-5.11596e-07-6.08290e-07-6.24515e-07-5.50968e-07-4.00059e-07-1.97230e-07
 2.49297e-08 2.30338e-07 3.86310e-07 4.73576e-07 4.91104e-07 4.52183e-07
 3.75346e-07 2.75681e-07 1.62557e-07 4.45973e-08-6.30699e-08-1.37195e-07
-1.56676e-07-1.20010e-07-5.54216e-08-9.58449e-09-1.48876e-08-5.97604e-08
-9.49698e-08-7.98860e-08-2.61782e-08 1.39640e-08 8.99190e-09-1.61938e-08
-1.87229e-08 3.58857e-09 1.80836e-08 1.18084e-08 4.41603e-09 7.76306e-09
 1.03356e-08 5.99104e-09 3.55237e-09 4.84563e-09 3.09123e-09-8.79948e-11
 1.70121e-10 5.07421e-10-1.33369e-09-1.68399e-09-9.50297e-10-1.86571e-09
-2.37904e-09-1.63693e-09-1.89304e-09-2.25558e-09-1.63107e-09-1.66951e-09
-2.00105e-09-1.61437e-09-1.65277e-09-1.89081e-09-1.57223e-09-1.58514e-09
-1.68394e-09-1.31755e-09-1.20018e-09-1.06866e-09-5.97530e-10-3.10505e-10
 7.96043e-11 5.95889e-10 8.27761e-10 1.11012e-09 1.39756e-09 1.54907e-09
 1.84292e-09 2.07424e-09 2.21976e-09 2.40287e-09 2.39109e-09 2.28526e-09
 2.12379e-09 1.81168e-09 1.50230e-09 1.16343e-09 8.07863e-10 4.97706e-10
 1.80481e-10-6.70861e-11-2.91403e-10-5.42346e-10-7.67499e-10-9.89470e-10
-1.15415e-09-1.22845e-09-1.22031e-09-1.12840e-09-9.76002e-10-7.47186e-10
-4.70707e-10-1.87131e-10 9.45343e-11 3.62493e-10 6.28351e-10 9.12853e-10
 1.23244e-09 1.55333e-09 1.80974e-09 1.96820e-09 2.02586e-09 2.00141e-09
 1.91185e-09 1.74742e-09 1.49719e-09 1.18962e-09 8.67160e-10 5.48405e-10
 2.25980e-10-1.27612e-10-5.23040e-10-9.33457e-10-1.31937e-09-1.63351e-09
-1.83649e-09-1.93587e-09-1.96320e-09-1.93138e-09-1.84327e-09-1.70379e-09
-1.52380e-09-1.31992e-09-1.09082e-09-8.21765e-10-5.16251e-10-1.92720e-10
 1.20081e-10 3.77975e-10 5.45625e-10 6.14323e-10 5.96427e-10 5.17568e-10
 4.00877e-10 2.57649e-10 9.23307e-11-9.84575e-11-3.28210e-10-6.05190e-10
-9.12369e-10-1.21504e-09-1.48287e-09-1.69122e-09-1.81566e-09-1.83727e-09
-1.75238e-09-1.58219e-09-1.36016e-09-1.09929e-09-7.92492e-10-4.36417e-10
-3.28342e-11 4.02090e-10 8.20731e-10 1.16644e-09 1.40084e-09 1.50158e-09
 1.46283e-09 1.30235e-09 1.05507e-09 7.66133e-10 4.92498e-10 2.84409e-10
 1.54430e-10 8.88250e-11 7.80057e-11 1.09861e-10 1.61677e-10 2.16037e-10
 2.48568e-10 1.99913e-10 6.73225e-12-3.42446e-10-8.05154e-10-1.29869e-09
-1.69494e-09-1.85224e-09-1.67260e-09-1.11494e-09-1.98106e-10 9.63856e-10
 2.16326e-09 3.15748e-09 3.71239e-09 3.63933e-09 2.85531e-09 1.40618e-09
-5.59718e-10-2.80884e-09-5.03721e-09-6.91734e-09-8.14782e-09-8.48280e-09
-7.78132e-09-6.07399e-09-3.57549e-09-6.41280e-10 2.29932e-09 4.85515e-09
 6.77910e-09 7.98307e-09 8.50119e-09 8.44842e-09 7.97294e-09 7.22771e-09
 6.35267e-09 5.44975e-09 4.57587e-09 3.73892e-09 2.89824e-09 2.00741e-09
 1.04827e-09 3.01239e-11-9.93429e-10-1.92292e-09-2.65209e-09-3.10039e-09
-3.24669e-09-3.14754e-09-2.90733e-09-2.64717e-09-2.47191e-09-2.41838e-09
-2.44557e-09-2.46756e-09-2.38855e-09-2.14496e-09-1.72554e-09-1.15264e-09
-4.77562e-10 2.13906e-10 8.31199e-10 1.32028e-09 1.68040e-09 1.94851e-09
 2.15991e-09 2.32521e-09 2.44174e-09 2.50764e-09 2.51401e-09 2.43175e-09
 2.21911e-09 1.84359e-09 1.29934e-09 6.07908e-10-1.97923e-10-1.07613e-09
-1.96366e-09-2.79137e-09-3.51298e-09-4.11360e-09-4.60127e-09-4.98300e-09
-5.23779e-09-5.31925e-09-5.17991e-09-4.79109e-09-4.16224e-09-3.34793e-09
-2.42882e-09-1.48915e-09-5.97221e-10 2.16309e-10 9.63897e-10 1.68242e-09
 2.39992e-09 3.10787e-09 3.76483e-09 4.33108e-09 4.79613e-09 5.16922e-09
 5.44964e-09 5.60738e-09 5.58351e-09 5.30943e-09 4.73397e-09 3.84507e-09
 2.68511e-09 1.35292e-09-2.12557e-11-1.31849e-09-2.46537e-09-3.44162e-09
-4.25255e-09-4.88330e-09-5.28408e-09-5.40566e-09-5.24842e-09-4.87978e-09
-4.40695e-09-3.92905e-09-3.50012e-09-3.11162e-09-2.69175e-09-2.12861e-09
-1.32355e-09-2.51012e-10 1.01766e-09 2.34636e-09 3.59932e-09 4.68936e-09
 5.57605e-09 6.22628e-09 6.58271e-09 6.57585e-09 6.17090e-09 5.40436e-09
 4.37984e-09 3.23626e-09 2.11411e-09 1.12159e-09 2.98844e-10-3.99631e-10
-1.07888e-09-1.83602e-09-2.69905e-09-3.62389e-09-4.54353e-09-5.40989e-09
-6.18518e-09-6.80134e-09-7.14216e-09-7.07890e-09-6.53798e-09-5.54844e-09
-4.23768e-09-2.78666e-09-1.37454e-09-1.30329e-10 9.01978e-10 1.77090e-09
 2.57835e-09 3.40368e-09 4.24775e-09 5.05308e-09 5.78104e-09 6.45764e-09
 7.12761e-09 7.75958e-09 8.20513e-09 8.25984e-09 7.77648e-09 6.74674e-09
 5.30841e-09 3.68656e-09 2.10206e-09 6.83316e-10-5.83005e-10-1.82799e-09
-3.19876e-09-4.73367e-09-6.30968e-09-7.71751e-09-8.80628e-09-9.56148e-09
-1.00423e-08-1.02510e-08-1.00788e-08-9.39005e-09-8.16068e-09-6.54260e-09
-4.81493e-09-3.27012e-09-2.09124e-09-1.25597e-09-5.12412e-10 5.25421e-10
 2.18104e-09 4.53756e-09 7.40867e-09 1.04664e-08 1.33963e-08 1.59391e-08
 1.78121e-08 1.86462e-08 1.80660e-08 1.58839e-08 1.22439e-08 7.59205e-09
 2.50698e-09-2.47694e-09-6.97467e-09-1.07885e-08-1.38836e-08-1.62806e-08
-1.79102e-08-1.85530e-08-1.79400e-08-1.59201e-08-1.25308e-08-7.94232e-09
-2.43079e-09 3.49527e-09 8.92019e-09 1.25662e-08 1.32254e-08 1.04901e-08
 5.50164e-09 1.35238e-09
     0.0000e+00     0.0000e+00      0  0  0.00
     512   1.00000  0.0000e+00
-1.19652e-09-4.76022e-10 3.66947e-10 1.31126e-09 2.34335e-09 3.44637e-09
 4.57285e-09 5.62482e-09 6.46977e-09 6.99783e-09 7.18576e-09 7.11513e-09
 6.92299e-09 6.71969e-09 6.53162e-09 6.30034e-09 5.92804e-09 5.33744e-09
 4.51104e-09 3.48966e-09 2.34196e-09 1.13845e-09-4.88857e-11-1.13711e-09
-2.04709e-09-2.74728e-09-3.28861e-09-3.78969e-09-4.37393e-09-5.10130e-09
-5.93883e-09-6.78328e-09-7.51459e-09-8.03785e-09-8.28449e-09-8.19184e-09
-7.70989e-09-6.84673e-09-5.70605e-09-4.47020e-09-3.33273e-09-2.42192e-09
-1.75402e-09-1.23791e-09-7.30180e-10-1.05770e-10 7.04103e-10 1.71765e-09
 2.91206e-09 4.20007e-09 5.39621e-09 6.22713e-09 6.39640e-09 5.66488e-09
 3.92547e-09 1.29688e-09-1.74704e-09-4.25791e-09-4.80427e-09-1.68658e-09
 6.53051e-09 2.01565e-08 3.73404e-08 5.32310e-08 5.98231e-08 4.80429e-08
 1.43499e-08-3.25430e-08-7.56562e-08-1.03021e-07-1.13253e-07-1.07079e-07
-8.11857e-08-3.54089e-08 1.96936e-08 6.62198e-08 8.81879e-08 7.96538e-08
 4.76893e-08 8.85360e-09-1.86576e-08-2.37765e-08-8.00899e-09 1.61291e-08
 3.35255e-08 3.64264e-08 2.91460e-08 2.41294e-08 3.10955e-08 4.74016e-08
 5.92427e-08 5.32184e-08 2.68132e-08-1.06413e-08-4.32043e-08-5.38314e-08
-3.21448e-08 1.39912e-08 5.99218e-08 8.94724e-08 1.06501e-07 1.09865e-07
 8.02213e-08-1.18209e-09-1.39048e-07-3.22533e-07-5.21997e-07-6.85159e-07
-7.42073e-07-6.30647e-07-3.25034e-07 1.50881e-07 7.10491e-07 1.20727e-06
 1.47643e-06 1.39370e-06 9.31329e-07 1.93311e-07-6.00072e-07-1.18294e-06
-1.34987e-06-1.05449e-06-4.46196e-07 1.86350e-07 5.54911e-07 5.26235e-07
 1.97519e-07-1.64776e-07-3.03696e-07-1.52082e-07 1.25790e-07 2.78879e-07
 1.93740e-07-9.64509e-09-1.16230e-07-4.86663e-08 6.77037e-08 8.31578e-08
 6.91924e-09-4.30289e-08-2.21835e-08 5.03094e-09-4.60474e-09-1.80183e-08
-1.02686e-08-4.15377e-09-9.91117e-09-8.75459e-09-6.96099e-10-7.01291e-10
-2.95732e-09 1.32957e-09 3.43638e-09 1.13503e-09 2.51968e-09 4.51639e-09
 2.65889e-09 2.37700e-09 3.55143e-09 2.03322e-09 1.19218e-09 1.92426e-09
 8.80078e-10 1.14502e-10 5.28811e-10-4.06569e-10-1.12813e-09-9.10132e-10
-1.58051e-09-1.85189e-09-1.46777e-09-1.80233e-09-1.74437e-09-1.38447e-09
-1.52810e-09-1.18204e-09-7.54623e-10-6.42642e-10-1.67999e-10 1.05628e-10
 2.50180e-10 6.81730e-10 9.15549e-10 1.26914e-09 1.76343e-09 2.03403e-09
 2.34842e-09 2.49727e-09 2.49733e-09 2.60657e-09 2.62223e-09 2.60954e-09
 2.47422e-09 2.14720e-09 1.83444e-09 1.46435e-09 1.07182e-09 6.34773e-10
 7.29796e-11-4.99892e-10-1.04372e-09-1.48610e-09-1.84968e-09-2.19368e-09
-2.44275e-09-2.52728e-09-2.39878e-09-2.15909e-09-1.97173e-09-1.85585e-09
-1.67547e-09-1.28789e-09-7.51950e-10-2.64692e-10 3.65088e-11 1.98064e-10
 3.92208e-10 7.17524e-10 1.08198e-09 1.27504e-09 1.18394e-09 9.18181e-10
 6.90722e-10 5.88210e-10 4.82686e-10 1.85383e-10-3.28460e-10-8.90597e-10
-1.33134e-09-1.64302e-09-1.94325e-09-2.31581e-09-2.71879e-09-3.03981e-09
-3.20755e-09-3.24096e-09-3.20801e-09-3.14844e-09-3.03306e-09-2.79796e-09
-2.42230e-09-1.95735e-09-1.46830e-09-9.70191e-10-4.44761e-10 1.00993e-10
 6.31075e-10 1.12460e-09 1.58953e-09 2.03097e-09 2.42986e-09 2.76315e-09
 3.02612e-09 3.22649e-09 3.36990e-09 3.45724e-09 3.48911e-09 3.45813e-09
 3.34695e-09 3.15175e-09 2.88614e-09 2.54977e-09 2.12145e-09 1.59992e-09
 1.03628e-09 5.10592e-10 8.94879e-11-1.84492e-10-2.87268e-10-2.15138e-10
 1.02839e-11 3.39870e-10 7.01437e-10 1.01359e-09 1.19974e-09 1.20093e-09
 1.00262e-09 6.55764e-10 2.55095e-10-9.48296e-11-2.82704e-10-2.02767e-10
 1.96221e-10 8.82768e-10 1.74634e-09 2.58653e-09 3.11916e-09 3.04867e-09
 2.16754e-09 4.27493e-10-2.03080e-09-4.89772e-09-7.75012e-09-1.00901e-08
-1.13864e-08-1.12017e-08-9.36727e-09-6.07652e-09-1.85950e-09 2.53340e-09
 6.30143e-09 8.74378e-09 9.33799e-09 7.81985e-09 4.32920e-09-4.97095e-10
-5.63152e-09-9.94652e-09-1.25456e-08-1.29710e-08-1.12272e-08-7.70082e-09
-3.08976e-09 1.66032e-09 5.52405e-09 7.70145e-09 7.91438e-09 6.49932e-09
 4.22517e-09 1.95260e-09 3.48047e-10-2.23320e-10 3.10023e-10 1.72084e-09
 3.46616e-09 4.78352e-09 4.97502e-09 3.75532e-09 1.41634e-09-1.30800e-09
-3.57133e-09-4.73239e-09-4.50957e-09-2.98583e-09-5.69602e-10 2.06327e-09
 4.11875e-09 4.95951e-09 4.39133e-09 2.76896e-09 8.35217e-10-6.05641e-10
-9.94284e-10-1.82322e-10 1.55814e-09 3.64063e-09 5.34847e-09 6.07546e-09
 5.55649e-09 3.98184e-09 1.93165e-09 1.48777e-10-7.58756e-10-5.63909e-10
 4.91475e-10 1.80471e-09 2.65976e-09 2.51387e-09 1.21729e-09-9.21432e-10
-3.25143e-09-5.03417e-09-5.73570e-09-5.23457e-09-3.86099e-09-2.25266e-09
-1.09017e-09-8.21025e-10-1.47977e-09-2.67602e-09-3.76519e-09-4.13929e-09
-3.50283e-09-2.00319e-09-1.61354e-10 1.36172e-09 2.05268e-09 1.76152e-09
 7.60895e-10-3.75444e-10-1.02825e-09-8.15961e-10 2.24696e-10 1.65110e-09
 2.81855e-09 3.18310e-09 2.55876e-09 1.20360e-09-3.04343e-10-1.33981e-09
-1.52104e-09-8.82761e-10 1.47528e-10 9.60716e-10 1.06725e-09 3.42336e-10
-9.10274e-10-2.11149e-09-2.70212e-09-2.42765e-09-1.46188e-09-3.10178e-10
 4.51182e-10 4.67193e-10-2.17862e-10-1.18286e-09-1.84381e-09-1.75796e-09
-8.61701e-10 4.92127e-10 1.72321e-09 2.33025e-09 2.14540e-09 1.40767e-09
 6.22721e-10 2.85298e-10 6.13663e-10 1.43845e-09 2.30325e-09 2.71776e-09
 2.42583e-09 1.54679e-09 5.12334e-10-1.76871e-10-2.44066e-10 2.01966e-10
 7.39906e-10 8.88476e-10 3.79025e-10-6.98038e-10-1.93853e-09-2.83831e-09
-3.06787e-09-2.65435e-09-1.95971e-09-1.46154e-09-1.46759e-09-1.93551e-09
-2.50232e-09-2.70856e-09-2.28651e-09-1.32899e-09-2.25966e-10 5.83261e-10
 8.73286e-10 7.54041e-10 5.94913e-10 8.01174e-10 1.56338e-09 2.72390e-09
 3.85531e-09 4.51863e-09 4.53726e-09 4.09621e-09 3.59628e-09 3.36616e-09
 3.42816e-09 3.46930e-09 3.03613e-09 1.83382e-09-5.93003e-11-2.20433e-09
-4.03527e-09-5.15765e-09-5.52455e-09-5.39658e-09-5.12600e-09-4.90777e-09
-4.67219e-09-4.20968e-09-3.43595e-09-2.57098e-09-2.06571e-09-2.31625e-09
-3.36472e-09-4.78147e-09-5.80335e-09-5.66359e-09-3.94419e-09-7.54824e-10
 3.36128e-09 7.71229e-09 1.17198e-08 1.49858e-08 1.71759e-08 1.78877e-08
 1.66831e-08 1.33236e-08 8.06506e-09 1.77715e-09-4.26829e-09-8.86227e-09
-1.13062e-08-1.15944e-08-1.02813e-08-8.16244e-09-5.95330e-09-4.11164e-09
-2.85533e-09-2.28462e-09-2.43251e-09-3.15588e-09-3.99353e-09-4.22327e-09
-3.20129e-09-7.98288e-10 2.37689e-09 5.15624e-09 6.35007e-09 5.41153e-09
 2.93093e-09 7.30214e-10
     0.0000e+00     0.0000e+00      0  0  0.00
     512   1.00000  0.0000e+00
 3.87072e-09 3.18646e-09 2.14741e-09 9.51869e-10-1.34204e-10-8.91418e-10
-1.23762e-09-1.22422e-09-9.52908e-10-5.14825e-10-3.11476e-11 2.51087e-10
-5.94972e-11-1.36533e-09-3.85637e-09-7.32918e-09-1.11551e-08-1.44314e-08
-1.62574e-08-1.60084e-08-1.34890e-08-8.93448e-09-2.91242e-09 3.79111e-09
 1.02692e-08 1.56178e-08 1.91200e-08 2.04339e-08 1.96658e-08 1.72788e-08
 1.39087e-08 1.01943e-08 6.66455e-09 3.66160e-09 1.30684e-09-4.72030e-10
-1.87160e-09-3.14290e-09-4.52937e-09-6.20130e-09-8.20325e-09-1.04604e-08
-1.28573e-08-1.53217e-08-1.78172e-08-2.02457e-08-2.23788e-08-2.39253e-08
-2.46906e-08-2.46677e-08-2.39740e-08-2.27139e-08-2.09193e-08-1.86380e-08
-1.61039e-08-1.38592e-08-1.27010e-08-1.33876e-08-1.61365e-08-2.00344e-08
-2.25340e-08-1.92629e-08-4.45533e-09 2.76311e-08 8.01005e-08 1.49884e-07
 2.25056e-07 2.85401e-07 3.06941e-07 2.71765e-07 1.79440e-07 4.67431e-08
-1.00981e-07-2.31226e-07-3.08324e-07-3.09023e-07-2.33873e-07-1.07890e-07
 2.62174e-08 1.23170e-07 1.53252e-07 1.14343e-07 3.11109e-08-6.00399e-08
-1.30725e-07-1.72176e-07-1.91417e-07-1.93993e-07-1.69395e-07-9.67984e-08
 3.00139e-08 1.77599e-07 2.72232e-07 2.36726e-07 5.01978e-08-2.13923e-07
-4.21007e-07-4.66645e-07-3.44083e-07-1.39040e-07 3.40594e-08 1.17256e-07
 1.40431e-07 1.65871e-07 2.26381e-07 3.17416e-07 4.14991e-07 4.82438e-07
 4.67052e-07 3.23986e-07 6.89820e-08-2.06455e-07-3.82462e-07-3.74745e-07
-1.75750e-07 1.40205e-07 4.40957e-07 5.79241e-07 4.53630e-07 6.87442e-08
-4.42205e-07-8.58975e-07-9.76028e-07-7.18005e-07-2.01587e-07 3.07983e-07
 5.43965e-07 4.08981e-07 5.00727e-08-2.37902e-07-2.36759e-07 1.38520e-08
 2.55013e-07 2.60192e-07 6.14894e-08-1.02894e-07-7.47118e-08 5.25988e-08
 9.27758e-08 2.12827e-08-3.48647e-08-1.53292e-08 1.10973e-08-2.52114e-09
-1.59331e-08-5.19359e-09-8.56923e-10-9.49124e-09-6.67434e-09 2.04479e-09
-8.64828e-10-3.72463e-09 1.58655e-09 2.19147e-09-6.47899e-10 2.60495e-09
 4.75888e-09 2.59564e-09 3.73905e-09 5.09037e-09 2.88100e-09 2.81120e-09
 3.67874e-09 2.08058e-09 1.98862e-09 2.65706e-09 1.46077e-09 1.41654e-09
 1.77609e-09 7.11579e-10 5.92565e-10 5.04694e-10-6.16689e-10-9.89964e-10
-1.60287e-09-2.53358e-09-2.37414e-09-2.25410e-09-2.09707e-09-1.54250e-09
-1.62679e-09-1.71443e-09-1.70325e-09-1.99073e-09-1.80973e-09-1.45893e-09
-1.05963e-09-3.65944e-10 9.52899e-11 4.97556e-10 8.23796e-10 8.38366e-10
 7.55442e-10 4.26277e-10 6.08994e-11-1.52215e-10-3.57967e-10-4.57160e-10
-5.60222e-10-6.92205e-10-8.43294e-10-1.11219e-09-1.45481e-09-1.87478e-09
-2.23559e-09-2.39942e-09-2.37740e-09-2.24285e-09-2.16352e-09-2.23176e-09
-2.43021e-09-2.63455e-09-2.71592e-09-2.65759e-09-2.48252e-09-2.20968e-09
-1.84229e-09-1.39111e-09-9.02058e-10-4.55464e-10-1.11523e-10 1.38385e-10
 3.60727e-10 6.53008e-10 1.07556e-09 1.60076e-09 2.12881e-09 2.51658e-09
 2.64517e-09 2.51392e-09 2.23794e-09 1.95500e-09 1.74331e-09 1.59365e-09
 1.45679e-09 1.30886e-09 1.14610e-09 9.48158e-10 6.74586e-10 3.03149e-10
-1.04108e-10-3.98559e-10-4.45943e-10-2.16163e-10 2.11824e-10 7.06640e-10
 1.15757e-09 1.51727e-09 1.80889e-09 2.10658e-09 2.48698e-09 2.97649e-09
 3.53365e-09 4.07823e-09 4.52329e-09 4.77844e-09 4.76107e-09 4.43203e-09
 3.82308e-09 3.03254e-09 2.17952e-09 1.33883e-09 5.14024e-10-3.38609e-10
-1.26076e-09-2.22465e-09-3.10738e-09-3.76581e-09-4.12378e-09-4.18020e-09
-3.98214e-09-3.61406e-09-3.18391e-09-2.79447e-09-2.51595e-09-2.34991e-09
-2.19686e-09-1.89481e-09-1.31680e-09-4.37574e-10 6.52787e-10 1.78337e-09
 2.79979e-09 3.64300e-09 4.30802e-09 4.76727e-09 4.97035e-09 4.86076e-09
 4.37464e-09 3.49202e-09 2.30678e-09 1.01049e-09-1.74172e-10-1.02660e-09
-1.37178e-09-1.15427e-09-4.63580e-10 4.81575e-10 1.35322e-09 1.79842e-09
 1.58960e-09 7.39748e-10-4.84008e-10-1.66824e-09-2.45701e-09-2.72206e-09
-2.55561e-09-2.12608e-09-1.57453e-09-1.01513e-09-5.85999e-10-5.06928e-10
-1.05159e-09-2.37853e-09-4.37094e-09-6.63349e-09-8.61564e-09-9.78208e-09
-9.77378e-09-8.53308e-09-6.36598e-09-3.86008e-09-1.66558e-09-2.71102e-10
 1.51453e-10-2.17825e-10-9.76191e-10-1.68049e-09-1.96304e-09-1.59897e-09
-5.54089e-10 9.76877e-10 2.58595e-09 3.79602e-09 4.24979e-09 3.81022e-09
 2.57827e-09 8.65336e-10-8.65830e-10-2.09980e-09-2.45175e-09-1.86501e-09
-6.41209e-10 7.23521e-10 1.74896e-09 2.11923e-09 1.76493e-09 9.04172e-10
 4.48203e-12-3.97210e-10 4.44648e-11 1.30108e-09 2.97784e-09 4.49590e-09
 5.33190e-09 5.21235e-09 4.21979e-09 2.78272e-09 1.52830e-09 1.01652e-09
 1.48059e-09 2.73755e-09 4.29503e-09 5.56378e-09 6.08029e-09 5.65577e-09
 4.41063e-09 2.71150e-09 1.03064e-09-2.35350e-10-9.04032e-10-1.04835e-09
-9.37155e-10-8.92247e-10-1.12757e-09-1.65256e-09-2.27658e-09-2.70108e-09
-2.64945e-09-1.99716e-09-8.79287e-10 2.83402e-10 9.10987e-10 5.31900e-10
-9.46842e-10-3.13617e-09-5.29621e-09-6.63817e-09-6.64925e-09-5.29583e-09
-3.02971e-09-5.95304e-10 1.29322e-09 2.26237e-09 2.41565e-09 2.21431e-09
 2.15477e-09 2.42798e-09 2.79605e-09 2.78001e-09 2.01793e-09 5.45550e-10
-1.16442e-09-2.40184e-09-2.54546e-09-1.37456e-09 7.70877e-10 3.08193e-09
 4.62330e-09 4.76903e-09 3.48363e-09 1.28504e-09-1.06883e-09-2.95584e-09
-4.09978e-09-4.53575e-09-4.43404e-09-3.94676e-09-3.15242e-09-2.07394e-09
-7.36120e-10 7.47826e-10 2.10520e-09 2.93842e-09 2.90063e-09 1.91795e-09
 2.91645e-10-1.41149e-09-2.60110e-09-2.87018e-09-2.08055e-09-3.65799e-10
 1.88523e-09 4.07769e-09 5.56121e-09 5.87880e-09 4.97794e-09 3.22604e-09
 1.21555e-09-4.99003e-10-1.57440e-09-1.91634e-09-1.63286e-09-9.53667e-10
-1.26413e-10 6.79047e-10 1.37896e-09 1.85757e-09 1.83356e-09 9.13693e-10
-1.10369e-09-3.89546e-09-6.58473e-09-8.12467e-09-7.85580e-09-5.86542e-09
-2.94004e-09-1.74047e-10 1.52892e-09 1.82115e-09 9.96078e-10-2.40384e-10
-1.20848e-09-1.64422e-09-1.74746e-09-1.82548e-09-1.84094e-09-1.31563e-09
 2.63100e-10 2.87572e-09 5.77138e-09 7.85063e-09 8.33675e-09 7.22961e-09
 5.26356e-09 3.46044e-09 2.56230e-09 2.62641e-09 2.99397e-09 2.70287e-09
 1.14459e-09-1.48683e-09-4.33043e-09-6.49786e-09-7.67520e-09-8.16007e-09
-8.34438e-09-8.19751e-09-7.28182e-09-5.26979e-09-2.43286e-09 3.64125e-10
 2.14300e-09 2.38321e-09 1.33339e-09-6.19071e-11-5.92663e-10 5.75960e-10
 3.38673e-09 6.89469e-09 9.86317e-09 1.14839e-08 1.15997e-08 1.03205e-08
 7.58614e-09 3.27269e-09-2.22148e-09-7.57615e-09-1.08856e-08-1.06092e-08
-6.51957e-09-1.79955e-09
     0.0000e+00     0.0000e+00      0  0  0.00
     512   1.00000  0.0000e+00
-7.34594e-10-8.05001e-11 6.45837e-10 1.38726e-09 2.08984e-09 2.71902e-09
 3.26761e-09 3.75442e-09 4.21191e-09 4.66264e-09 5.09454e-09 5.45406e-09
 5.66711e-09 5.67548e-09 5.46545e-09 5.07663e-09 4.59180e-09 4.10957e-09
 3.70549e-09 3.40139e-09 3.16142e-09 2.90985e-09 2.55382e-09 2.00728e-09
 1.22243e-09 2.21159e-10-8.96501e-10-1.98059e-09-2.88474e-09-3.51967e-09
-3.88441e-09-4.06093e-09-4.16993e-09-4.30854e-09-4.50839e-09-4.73951e-09
-4.94613e-09-5.08008e-09-5.11943e-09-5.08094e-09-5.02533e-09-5.04414e-09
-5.22979e-09-5.64095e-09-6.27503e-09-7.05981e-09-7.86993e-09-8.56078e-09
-9.00423e-09-9.11592e-09-8.87977e-09-8.38001e-09-7.83499e-09-7.61219e-09
-8.19844e-09-1.00948e-08-1.36158e-08-1.86026e-08-2.41133e-08-2.81971e-08
-2.78999e-08-1.96807e-08-4.21268e-10 3.09371e-08 7.13689e-08 1.12733e-07
 1.45323e-07 1.64639e-07 1.70211e-07 1.57610e-07 1.20814e-07 6.10525e-08
-1.32202e-08-8.88999e-08-1.48905e-07-1.77975e-07-1.70418e-07-1.33438e-07
-8.52613e-08-4.75054e-08-3.38477e-08-4.20468e-08-5.57170e-08-5.61287e-08
-3.71842e-08-1.15667e-08-1.29256e-09-2.04997e-08-6.36725e-08-1.07081e-07
-1.23693e-07-1.00423e-07-4.37909e-08 2.64187e-08 8.60790e-08 1.13774e-07
 9.99404e-08 5.74265e-08 1.84198e-08 1.07197e-08 3.77613e-08 8.75233e-08
 1.53433e-07 2.34927e-07 3.24295e-07 4.06115e-07 4.63283e-07 4.73660e-07
 4.09872e-07 2.51692e-07-2.29568e-09-3.27359e-07-6.66646e-07-9.37851e-07
-1.05785e-06-9.73208e-07-6.84436e-07-2.55762e-07 1.98041e-07 5.48329e-07
 7.00336e-07 6.32306e-07 4.06546e-07 1.41941e-07-4.31388e-08-8.90317e-08
-2.08720e-08 7.51421e-08 1.13012e-07 6.54927e-08-2.33225e-08-8.19274e-08
-7.49069e-08-2.90859e-08 1.38381e-09-7.45385e-09-3.19244e-08-3.79138e-08
-2.17093e-08-5.02006e-09-8.52296e-10-1.84470e-09 7.06767e-10 4.41431e-09
 5.25904e-09 5.09372e-09 5.63040e-09 5.25978e-09 3.83319e-09 3.00680e-09
 2.48523e-09 1.32240e-09 2.33057e-10-4.19786e-10-1.29567e-09-2.17849e-09
-2.59190e-09-2.89883e-09-3.13585e-09-2.98737e-09-2.73433e-09-2.54425e-09
-2.20983e-09-1.87363e-09-1.62882e-09-1.29111e-09-9.41802e-10-6.57164e-10
-3.34135e-10-5.29744e-11 1.53892e-10 3.74425e-10 5.54528e-10 6.90024e-10
 8.13686e-10 8.57207e-10 8.45830e-10 8.19156e-10 7.56484e-10 7.14067e-10
 7.00324e-10 6.63347e-10 6.09035e-10 5.35618e-10 4.50432e-10 3.77023e-10
 3.13933e-10 2.69515e-10 2.36636e-10 2.16514e-10 2.29862e-10 2.50782e-10
 2.68152e-10 3.16927e-10 4.13767e-10 5.44529e-10 6.79507e-10 7.94667e-10
 8.75496e-10 9.36960e-10 1.02146e-09 1.12020e-09 1.16615e-09 1.10890e-09
 9.58883e-10 7.73024e-10 6.00812e-10 4.40979e-10 2.39104e-10-4.95559e-11
-3.92731e-10-7.20633e-10-1.00944e-09-1.27883e-09-1.54423e-09-1.80047e-09
-2.01405e-09-2.14124e-09-2.17508e-09-2.14786e-09-2.09299e-09-2.01096e-09
-1.86781e-09-1.64950e-09-1.38939e-09-1.11485e-09-8.19730e-10-4.91791e-10
-1.32941e-10 2.23853e-10 5.28116e-10 7.62862e-10 9.44927e-10 1.08659e-09
 1.19018e-09 1.24728e-09 1.23853e-09 1.16276e-09 1.04357e-09 8.97383e-10
 7.21474e-10 5.06218e-10 2.54401e-10-3.93172e-13-2.16432e-10-3.83219e-10
-5.07614e-10-5.89063e-10-6.29376e-10-6.28388e-10-5.76470e-10-4.74190e-10
-3.32239e-10-1.57618e-10 4.01663e-11 2.52983e-10 4.78620e-10 7.04059e-10
 9.09401e-10 1.08804e-09 1.24155e-09 1.36928e-09 1.46970e-09 1.53327e-09
 1.53540e-09 1.44665e-09 1.24610e-09 9.28777e-10 5.11275e-10 2.80607e-11
-4.77314e-10-9.55826e-10-1.35537e-09-1.61908e-09-1.69508e-09-1.57120e-09
-1.28001e-09-8.67519e-10-3.94992e-10 5.49557e-11 4.12139e-10 6.23309e-10
 6.35696e-10 4.45594e-10 1.45775e-10-1.17776e-10-2.00568e-10 2.66071e-11
 6.41038e-10 1.62629e-09 2.87838e-09 4.20268e-09 5.29521e-09 5.80318e-09
 5.44454e-09 4.08170e-09 1.74640e-09-1.34968e-09-4.83397e-09-8.21830e-09
-1.09514e-08-1.25075e-08-1.25295e-08-1.09517e-08-8.01024e-09-4.17023e-09
-4.31213e-11 3.70722e-09 6.48118e-09 7.85635e-09 7.69880e-09 6.23181e-09
 3.97030e-09 1.54118e-09-4.99183e-10-1.78045e-09-2.15482e-09-1.69183e-09
-6.57462e-10 5.49189e-10 1.50697e-09 1.91008e-09 1.69017e-09 1.03046e-09
 2.57621e-10-2.86142e-10-3.49640e-10 1.44766e-10 1.08147e-09 2.17932e-09
 3.05362e-09 3.34544e-09 2.86346e-09 1.65777e-09 1.41806e-11-1.64325e-09
-2.90483e-09-3.49083e-09-3.32130e-09-2.54375e-09-1.47375e-09-4.79908e-10
 1.31692e-10 2.31162e-10-8.06410e-11-5.31176e-10-7.93266e-10-6.09429e-10
 1.00770e-10 1.21117e-09 2.44221e-09 3.44942e-09 3.94316e-09 3.80717e-09
 3.14072e-09 2.21591e-09 1.37474e-09 8.85979e-10 8.35370e-10 1.10641e-09
 1.43183e-09 1.50177e-09 1.10137e-09 1.99568e-10-1.04197e-09-2.32231e-09
-3.31708e-09-3.81202e-09-3.77792e-09-3.37181e-09-2.86853e-09-2.53194e-09
-2.49532e-09-2.71153e-09-2.97455e-09-3.01304e-09-2.62539e-09-1.77443e-09
-6.03522e-10 6.15432e-10 1.59411e-09 2.15366e-09 2.29319e-09 2.17954e-09
 2.06675e-09 2.16850e-09 2.55102e-09 3.10368e-09 3.58762e-09 3.74326e-09
 3.41640e-09 2.63283e-09 1.58384e-09 5.38279e-10-2.79718e-10-7.88637e-10
-1.07219e-09-1.32212e-09-1.72758e-09-2.36136e-09-3.13108e-09-3.82239e-09
-4.20041e-09-4.12217e-09-3.60999e-09-2.84169e-09-2.06267e-09-1.46821e-09
-1.10873e-09-8.71083e-10-5.53866e-10 1.42104e-11 8.79999e-10 1.93130e-09
 2.94173e-09 3.68253e-09 4.03427e-09 4.03140e-09 3.82467e-09 3.58742e-09
 3.41530e-09 3.27385e-09 3.02182e-09 2.49988e-09 1.63888e-09 5.19797e-10
-6.56236e-10-1.66586e-09-2.36906e-09-2.76903e-09-2.99724e-09-3.22924e-09
-3.57479e-09-4.00485e-09-4.36311e-09-4.45732e-09-4.16813e-09-3.50951e-09
-2.61706e-09-1.67452e-09-8.12860e-10-4.40204e-11 7.21404e-10 1.58671e-09
 2.57641e-09 3.59739e-09 4.47218e-09 5.02348e-09 5.16571e-09 4.95240e-09
 4.54275e-09 4.09998e-09 3.69055e-09 3.25779e-09 2.68352e-09 1.88765e-09
 8.99534e-10-1.38713e-10-1.03760e-09-1.66214e-09-2.01179e-09-2.21939e-09
-2.46597e-09-2.87604e-09-3.46035e-09-4.12406e-09-4.72563e-09-5.15373e-09
-5.37013e-09-5.37968e-09-5.15241e-09-4.57882e-09-3.51646e-09-1.90208e-09
 1.50935e-10 2.33323e-09 4.21193e-09 5.36793e-09 5.54340e-09 4.73088e-09
 3.15679e-09 1.18057e-09-8.10217e-10-2.45224e-09-3.42228e-09-3.45993e-09
-2.41703e-09-3.30233e-10 2.51004e-09 5.55447e-09 8.10955e-09 9.54892e-09
 9.51175e-09 7.98737e-09 5.27433e-09 1.86492e-09-1.69105e-09-4.89814e-09
-7.36879e-09-8.82406e-09-9.09510e-09-8.16833e-09-6.24102e-09-3.70763e-09
-1.05428e-09 1.27011e-09 2.93238e-09 3.73603e-09 3.62288e-09 2.70279e-09
 1.35765e-09 3.24158e-10
     0.0000e+00     0.0000e+00      0  0  0.00
     512   1.00000  0.0000e+00
 1.87602e-10 1.59233e-10 1.26413e-10 6.07949e-11-8.35115e-11-3.50240e-10
-7.61031e-10-1.30647e-09-1.94452e-09-2.59859e-09-3.15494e-09-3.46504e-09
-3.36020e-09-2.68565e-09-1.35949e-09 5.54578e-10 2.80349e-09 4.98079e-09
 6.64045e-09 7.42682e-09 7.16229e-09 5.87774e-09 3.79713e-09 1.28883e-09
-1.20594e-09-3.25607e-09-4.52314e-09-4.83078e-09-4.20274e-09-2.85288e-09
-1.12542e-09 5.97176e-10 1.99163e-09 2.86541e-09 3.17253e-09 2.97377e-09
 2.37956e-09 1.50950e-09 4.71487e-10-6.50365e-10-1.80263e-09-2.96036e-09
-4.11533e-09-5.26373e-09-6.39960e-09-7.51172e-09-8.57788e-09-9.55372e-09
-1.03637e-08-1.09104e-08-1.11153e-08-1.09813e-08-1.06443e-08-1.03680e-08
-1.04655e-08-1.11660e-08-1.24460e-08-1.38527e-08-1.43735e-08-1.24500e-08
-6.24162e-09 5.80640e-09 2.41113e-08 4.69434e-08 6.95483e-08 8.48293e-08
 8.78299e-08 7.94794e-08 6.18908e-08 3.44027e-08-1.23459e-10-3.31484e-08
-5.70057e-08-6.68887e-08-6.01821e-08-3.81794e-08-6.57780e-09 2.51496e-08
 4.63808e-08 5.09416e-08 4.08776e-08 2.52259e-08 1.48589e-08 1.54474e-08
 2.28831e-08 2.59519e-08 1.50018e-08-1.07026e-08-4.34499e-08-7.40396e-08
-9.72961e-08-1.11904e-07-1.17659e-07-1.14818e-07-1.05965e-07-9.58715e-08
-8.82023e-08-8.48649e-08-8.91899e-08-1.05423e-07-1.31655e-07-1.55575e-07
-1.61583e-07-1.40329e-07-8.63250e-08 8.50181e-09 1.50084e-07 3.33804e-07
 5.41124e-07 7.35712e-07 8.64092e-07 8.69990e-07 7.15225e-07 3.98017e-07
-3.55062e-08-4.94300e-07-8.64719e-07-1.04660e-06-9.90350e-07-7.20604e-07
-3.33511e-07 3.70748e-08 2.73692e-07 3.25438e-07 2.28139e-07 8.04516e-08
-1.41903e-08-7.27603e-09 7.15366e-08 1.44944e-07 1.51121e-07 9.09113e-08
 1.94865e-08-9.62154e-09 6.70334e-09 2.80378e-08 2.14272e-08-4.94870e-09
-2.21278e-08-2.01926e-08-1.34049e-08-1.31032e-08-1.47735e-08-1.25230e-08
-9.04615e-09-7.29277e-09-5.31281e-09-2.43883e-09-7.22935e-10 6.16825e-11
 1.42277e-09 2.61467e-09 2.89966e-09 3.19808e-09 3.54779e-09 3.26434e-09
 2.84258e-09 2.65251e-09 2.26542e-09 1.87238e-09 1.75002e-09 1.54111e-09
 1.28304e-09 1.18457e-09 9.87641e-10 7.16624e-10 5.66386e-10 3.73385e-10
 1.40930e-10-2.73289e-11-2.36591e-10-4.27495e-10-5.46595e-10-7.01136e-10
-8.36913e-10-9.49828e-10-1.13918e-09-1.35459e-09-1.57211e-09-1.77412e-09
-1.86843e-09-1.87064e-09-1.80803e-09-1.67523e-09-1.51722e-09-1.34672e-09
-1.16658e-09-9.64043e-10-7.08946e-10-4.39777e-10-1.66497e-10 1.42831e-10
 4.68525e-10 7.77439e-10 1.04278e-09 1.25328e-09 1.41153e-09 1.51056e-09
 1.53425e-09 1.45660e-09 1.29402e-09 1.10355e-09 9.07030e-10 6.88556e-10
 4.25751e-10 1.09712e-10-2.43616e-10-5.84279e-10-8.50495e-10-1.03275e-09
-1.17201e-09-1.28830e-09-1.35581e-09-1.34252e-09-1.24457e-09-1.09258e-09
-9.21225e-10-7.19828e-10-4.55762e-10-1.35899e-10 2.03491e-10 5.28908e-10
 8.17910e-10 1.06456e-09 1.25895e-09 1.37994e-09 1.42392e-09 1.39957e-09
 1.31862e-09 1.20665e-09 1.06726e-09 8.62057e-10 5.65260e-10 1.97542e-10
-1.91998e-10-5.59282e-10-8.98174e-10-1.21617e-09-1.48533e-09-1.66614e-09
-1.74798e-09-1.74307e-09-1.67329e-09-1.55194e-09-1.37084e-09-1.11466e-09
-7.73958e-10-3.53454e-10 1.16828e-10 5.92930e-10 1.04446e-09 1.45842e-09
 1.81908e-09 2.10614e-09 2.31252e-09 2.44458e-09 2.50795e-09 2.49819e-09
 2.40124e-09 2.20828e-09 1.91882e-09 1.52505e-09 1.02674e-09 4.55220e-10
-1.49446e-10-7.59076e-10-1.34586e-09-1.88013e-09-2.32851e-09-2.64639e-09
-2.79216e-09-2.74383e-09-2.49653e-09-2.06680e-09-1.50926e-09-9.06680e-10
-3.40559e-10 1.10094e-10 3.73609e-10 4.31971e-10 3.41220e-10 1.92229e-10
 8.27046e-11 1.19186e-10 3.88760e-10 9.13588e-10 1.64843e-09 2.49158e-09
 3.27744e-09 3.79959e-09 3.86126e-09 3.30348e-09 2.04524e-09 1.54784e-10
-2.13056e-09-4.45372e-09-6.38881e-09-7.50519e-09-7.47012e-09-6.12865e-09
-3.54478e-09-4.02310e-11 3.81602e-09 7.32921e-09 9.85453e-09 1.09290e-08
 1.03485e-08 8.20153e-09 4.84086e-09 8.22027e-10-3.16983e-09-6.45858e-09
-8.54840e-09-9.23032e-09-8.61040e-09-7.05418e-09-5.05824e-09-3.12505e-09
-1.65467e-09-8.41597e-10-6.29363e-10-7.42093e-10-7.93667e-10-4.64122e-10
 3.71447e-10 1.62446e-09 3.02938e-09 4.23143e-09 4.90277e-09 4.82531e-09
 3.96611e-09 2.52403e-09 8.77270e-10-5.34850e-10-1.35686e-09-1.44649e-09
-8.99656e-10 1.01932e-11 9.11733e-10 1.44744e-09 1.39558e-09 7.43227e-10
-3.01903e-10-1.38341e-09-2.14608e-09-2.37252e-09-2.04986e-09-1.36668e-09
-6.34378e-10-1.62023e-10-1.41803e-10-5.77099e-10-1.27270e-09-1.90524e-09
-2.15380e-09-1.82942e-09-9.54432e-10 2.41237e-10 1.41695e-09 2.25555e-09
 2.57382e-09 2.38834e-09 1.90400e-09 1.42011e-09 1.20679e-09 1.39432e-09
 1.91410e-09 2.53216e-09 2.95380e-09 2.94341e-09 2.42405e-09 1.50986e-09
 4.49048e-10-4.80409e-10-1.08087e-09-1.31680e-09-1.32221e-09-1.32757e-09
-1.54464e-09-2.05738e-09-2.77077e-09-3.44773e-09-3.81304e-09-3.67277e-09
-3.00427e-09-1.97670e-09-8.83232e-10-1.69605e-11 4.51439e-10 5.41754e-10
 4.42018e-10 4.06001e-10 6.26206e-10 1.14105e-09 1.81814e-09 2.42695e-09
 2.75953e-09 2.73088e-09 2.41559e-09 2.00478e-09 1.70036e-09 1.60268e-09
 1.65157e-09 1.65413e-09 1.39028e-09 7.39116e-10-2.45529e-10-1.34845e-09
-2.28465e-09-2.82468e-09-2.89408e-09-2.59760e-09-2.15698e-09-1.79526e-09
-1.62952e-09-1.62841e-09-1.65014e-09-1.53425e-09-1.19863e-09-6.87313e-10
-1.38553e-10 3.03661e-10 5.74903e-10 7.24734e-10 8.84864e-10 1.18799e-09
 1.68025e-09 2.27467e-09 2.77628e-09 2.97502e-09 2.75781e-09 2.17115e-09
 1.39937e-09 6.77144e-10 1.83237e-10-3.43988e-11-6.37363e-11-6.23855e-11
-1.61665e-10-3.97625e-10-7.04712e-10-9.69158e-10-1.10663e-09-1.11747e-09
-1.08310e-09-1.09983e-09-1.19426e-09-1.28739e-09-1.23889e-09-9.41823e-10
-4.06226e-10 2.18722e-10 6.97455e-10 8.13686e-10 4.80201e-10-2.08527e-10
-1.01818e-09-1.68873e-09-2.05030e-09-2.07336e-09-1.83413e-09-1.43093e-09
-9.14120e-10-2.80080e-10 4.66805e-10 1.24015e-09 1.85777e-09 2.11075e-09
 1.87343e-09 1.18699e-09 2.69516e-10-5.55722e-10-9.87529e-10-8.68252e-10
-2.25545e-10 7.88210e-10 1.99874e-09 3.26771e-09 4.46887e-09 5.42183e-09
 5.85957e-09 5.47741e-09 4.05336e-09 1.58113e-09-1.66368e-09-5.17328e-09
-8.34993e-09-1.06643e-08-1.17593e-08-1.14783e-08-9.84162e-09-7.01416e-09
-3.29783e-09 8.50936e-10 4.83199e-09 8.00751e-09 9.89155e-09 1.03154e-08
 9.46155e-09 7.75069e-09 5.65830e-09 3.55544e-09 1.63399e-09-6.84357e-11
-1.57011e-09-2.83884e-09-3.74873e-09-4.12027e-09-3.80907e-09-2.81517e-09
-1.42442e-09-3.44283e-10
