      10
(6e12.5)
     0.0000e+00     0.0000e+00      0  0  0.00
     512   1.00000  0.0000e+00
-2.21322e-09-3.09488e-09-4.12296e-09-5.19821e-09-6.18909e-09-6.98408e-09
-7.53520e-09-7.86351e-09-8.02763e-09-8.08177e-09-8.04580e-09-7.88809e-09
-7.51500e-09-6.77552e-09-5.49827e-09-3.56133e-09-9.66271e-10 2.13044e-09
 5.45981e-09 8.73855e-09 1.17608e-08 1.44265e-08 1.66983e-08 1.85325e-08
 1.98414e-08 2.05145e-08 2.04772e-08 1.97397e-08 1.84003e-08 1.66070e-08
 1.45029e-08 1.21730e-08 9.60609e-09 6.69326e-09 3.27639e-09-7.64447e-10
-5.41838e-09-1.04885e-08-1.56123e-08-2.03571e-08-2.43429e-08-2.73256e-08
-2.92124e-08-3.00277e-08-2.98648e-08-2.88498e-08-2.71212e-08-2.48179e-08
-2.20579e-08-1.89099e-08-1.53789e-08-1.14228e-08-6.99168e-09-2.06668e-09
 3.31681e-09 9.06092e-09 1.50071e-08 2.09517e-08 2.66811e-08 3.20222e-08
 3.68791e-08 4.12317e-08 4.51011e-08 4.85191e-08 5.15334e-08 5.42422e-08
 5.68128e-08 5.94308e-08 6.21694e-08 6.48224e-08 6.67679e-08 6.69138e-08
 6.37639e-08 5.56576e-08 4.12283e-08 1.99605e-08-7.47185e-09-3.91903e-08
-7.23239e-08-1.03559e-07-1.29892e-07-1.49196e-07-1.60683e-07-1.65285e-07
-1.65435e-07-1.64118e-07-1.63724e-07-1.65448e-07-1.69781e-07-1.78108e-07
-1.94285e-07-2.24413e-07-2.73604e-07-3.40291e-07-4.10503e-07-4.55307e-07
-4.33710e-07-3.01926e-07-2.86704e-08 3.87436e-07 9.07242e-07 1.45183e-06
 1.91555e-06 2.19524e-06 2.21376e-06 1.91582e-06 1.27619e-06 3.33653e-07
-8.00745e-07-1.94508e-06-2.84358e-06-3.22619e-06-2.92138e-06-1.95066e-06
-5.64980e-07 8.10706e-07 1.71798e-06 1.85585e-06 1.24765e-06 2.52576e-07
-6.08235e-07-9.15961e-07-5.83825e-07 9.17701e-08 6.29813e-07 6.96439e-07
 3.29701e-07-1.18605e-07-2.85103e-07-9.43655e-08 2.05663e-07 3.04394e-07
 1.32309e-07-9.63722e-08-1.38667e-07 1.08114e-08 1.41418e-07 9.73389e-08
-4.13754e-08-8.80784e-08-3.82646e-09 6.95104e-08 2.75266e-08-5.38425e-08
-5.29822e-08 9.08755e-09 2.09436e-08-3.02509e-08-5.20265e-08-1.57321e-08
 4.32275e-09-2.37469e-08-3.94245e-08-1.53173e-08-2.30163e-09-1.85237e-08
-2.00281e-08 1.20120e-10 5.12024e-09-1.25980e-09 6.82660e-09 1.59836e-08
 1.23107e-08 1.12947e-08 1.47618e-08 1.21491e-08 8.41837e-09 6.85696e-09
 2.87886e-09-2.29987e-09-6.72961e-09-1.11876e-08-1.48596e-08-1.67278e-08
-1.66645e-08-1.45379e-08-1.05345e-08-5.30520e-09 3.62147e-10 5.69761e-09
 1.00653e-08 1.30464e-08 1.44172e-08 1.41104e-08 1.21766e-08 8.77786e-09
 4.23755e-09-9.24708e-10-6.01815e-09-1.02870e-08-1.30497e-08-1.38070e-08
-1.23194e-08-8.66191e-09-3.26476e-09 3.09236e-09 9.38586e-09 1.45420e-08
 1.76612e-08 1.81999e-08 1.60674e-08 1.16379e-08 5.68288e-09-7.59063e-10
-6.55536e-09-1.06836e-08-1.24390e-08-1.15947e-08-8.46961e-09-3.87546e-09
 1.06142e-09 5.15233e-09 7.39475e-09 7.17979e-09 4.43917e-09-3.07325e-10
-6.03527e-09-1.14354e-08-1.52320e-08-1.65016e-08-1.48882e-08-1.06810e-08
-4.75015e-09 1.64605e-09 7.14855e-09 1.06193e-08 1.14252e-08 9.61222e-09
 5.90735e-09 1.52353e-09-2.17821e-09-4.05788e-09-3.49915e-09-5.74084e-10
 3.97489e-09 8.93044e-09 1.29248e-08 1.48113e-08 1.39817e-08 1.05500e-08
 5.34167e-09-3.31640e-10-5.05289e-09-7.70951e-09-7.80798e-09-5.60837e-09
-2.04772e-09 1.53922e-09 3.83963e-09 3.98193e-09 1.80166e-09-2.12165e-09
-6.64593e-09-1.04064e-08-1.22300e-08-1.15063e-08-8.38273e-09-3.72191e-09
 1.15448e-09 4.87742e-09 6.49410e-09 5.80541e-09 3.41904e-09 5.01482e-10
-1.65526e-09-2.09242e-09-5.09339e-10 2.64987e-09 6.35189e-09 9.31017e-09
 1.04043e-08 9.05661e-09 5.44406e-09 4.62788e-10-4.56532e-09-8.35546e-09
-1.01214e-08-9.84917e-09-8.27008e-09-6.54740e-09-5.80005e-09-6.64284e-09
-8.91896e-09-1.17430e-08-1.38487e-08-1.40940e-08-1.19089e-08-7.50995e-09
-1.80978e-09 3.92251e-09 8.50300e-09 1.12147e-08 1.20005e-08 1.14026e-08
 1.02819e-08 9.43188e-09 9.24117e-09 9.53453e-09 9.66178e-09 8.80690e-09
 6.38184e-09 2.32564e-09-2.81013e-09-8.00588e-09-1.20973e-08-1.41726e-08
-1.38858e-08-1.15469e-08-7.95170e-09-4.03354e-09-4.84420e-10 2.48182e-09
 5.10502e-09 7.81716e-09 1.08914e-08 1.41731e-08 1.70194e-08 1.84951e-08
 1.77596e-08 1.44747e-08 9.02688e-09 2.43846e-09-3.99087e-09-9.13053e-09
-1.23535e-08-1.36292e-08-1.33591e-08-1.20619e-08-1.00779e-08-7.44686e-09
-4.02067e-09 2.54953e-10 5.06210e-09 9.60813e-09 1.27846e-08 1.35569e-08
 1.14231e-08 6.70844e-09 5.28454e-10-5.57930e-09-1.01902e-08-1.24504e-08
-1.22658e-08-1.01753e-08-7.00132e-09-3.46837e-09 9.97069e-12 3.28473e-09
 6.23959e-09 8.55684e-09 9.66462e-09 8.93352e-09 6.03004e-09 1.24020e-09
-4.42618e-09-9.46276e-09-1.23759e-08-1.22592e-08-9.16282e-09-4.07328e-09
 1.49356e-09 6.08009e-09 8.76664e-09 9.34397e-09 8.16644e-09 5.83120e-09
 2.88376e-09-2.93481e-10-3.38305e-09-5.95457e-09-7.40025e-09-7.09593e-09
-4.74141e-09-6.85627e-10 3.99802e-09 7.79944e-09 9.33440e-09 7.93235e-09
 3.95708e-09-1.31374e-09-6.19607e-09-9.24761e-09-9.75941e-09-7.88993e-09
-4.43174e-09-3.91732e-10 3.36051e-09 6.22262e-09 7.80314e-09 7.83257e-09
 6.18046e-09 3.00528e-09-1.07935e-09-5.00691e-09-7.53126e-09-7.70535e-09
-5.35299e-09-1.26716e-09 3.03640e-09 5.93836e-09 6.39528e-09 4.33371e-09
 5.99662e-10-3.46556e-09-6.59558e-09-8.03525e-09-7.66071e-09-5.81213e-09
-3.03051e-09 1.16170e-10 3.07029e-09 5.26996e-09 6.20694e-09 5.61516e-09
 3.69785e-09 1.19340e-09-8.52409e-10-1.54746e-09-6.15552e-10 1.41506e-09
 3.44025e-09 4.32876e-09 3.50214e-09 1.22809e-09-1.53451e-09-3.63943e-09
-4.30234e-09-3.39724e-09-1.39439e-09 9.46044e-10 2.90589e-09 4.00129e-09
 4.01718e-09 2.97990e-09 1.16360e-09-8.74924e-10-2.34139e-09-2.43543e-09
-7.36423e-10 2.46025e-09 6.10545e-09 8.76317e-09 9.24599e-09 7.19221e-09
 3.25265e-09-1.22856e-09-4.85142e-09-6.75506e-09-6.86902e-09-5.75005e-09
-4.18217e-09-2.81566e-09-2.01195e-09-1.86930e-09-2.29860e-09-3.05735e-09
-3.76310e-09-3.97654e-09-3.39830e-09-2.09563e-09-5.75766e-10 4.29455e-10
 3.97300e-10-6.07887e-10-1.89808e-09-2.54367e-09-1.96026e-09-3.18326e-10
 1.50561e-09 2.40948e-09 1.67172e-09-6.77222e-10-3.89717e-09-6.91088e-09
-8.75606e-09-8.87944e-09-7.20012e-09-4.04074e-09-4.36295e-11 3.92990e-09
 6.99619e-09 8.55454e-09 8.57191e-09 7.63696e-09 6.66776e-09 6.40123e-09
 6.98440e-09 7.94478e-09 8.55778e-09 8.35210e-09 7.40289e-09 6.21816e-09
 5.31506e-09 4.80745e-09 4.30444e-09 3.16388e-09 8.94995e-10-2.54667e-09
-6.70395e-09-1.07696e-08-1.38212e-08-1.50517e-08-1.39894e-08-1.07038e-08
-5.90485e-09-7.96409e-10 3.33776e-09 5.63300e-09 5.93275e-09 4.68658e-09
 2.53817e-09 6.57544e-10
     0.0000e+00     0.0000e+00      0  0  0.00
     512   1.00000  0.0000e+00
-3.15803e-09-3.08413e-09-2.84255e-09-2.48709e-09-2.09450e-09-1.71924e-09
-1.36091e-09-9.71786e-10-4.98352e-10 7.47594e-11 7.08574e-10 1.33027e-09
 1.87562e-09 2.32347e-09 2.69534e-09 3.01863e-09 3.28161e-09 3.41601e-09
 3.31894e-09 2.89427e-09 2.08395e-09 8.80068e-10-6.63537e-10-2.39752e-09
-4.02692e-09-5.08239e-09-4.95532e-09-3.02271e-09 1.13135e-09 7.42063e-09
 1.50022e-08 2.22761e-08 2.72697e-08 2.82676e-08 2.43932e-08 1.59279e-08
 4.29423e-09-8.27634e-09-1.92993e-08-2.66627e-08-2.91572e-08-2.67680e-08
-2.06400e-08-1.27064e-08-5.07086e-09 6.57683e-10 3.79496e-09 4.56917e-09
 3.73450e-09 2.10072e-09 2.25034e-10-1.65880e-09-3.52115e-09-5.34536e-09
-7.00104e-09-8.24789e-09-8.82883e-09-8.57097e-09-7.44717e-09-5.58979e-09
-3.26207e-09-7.99549e-10 1.46141e-09 3.25228e-09 4.42425e-09 4.96684e-09
 4.98938e-09 4.68619e-09 4.31127e-09 4.16692e-09 4.58791e-09 5.89104e-09
 8.26829e-09 1.16321e-08 1.54642e-08 1.88182e-08 2.06844e-08 2.05723e-08
 1.86931e-08 1.55464e-08 1.15516e-08 7.11551e-09 2.78416e-09-8.20257e-10
-3.20593e-09-4.20027e-09-3.86963e-09-2.02059e-09 2.35512e-09 1.09602e-08
 2.49577e-08 4.29631e-08 5.93181e-08 6.38661e-08 4.39437e-08-1.15069e-08
-1.06407e-07-2.31522e-07-3.59329e-07-4.44750e-07-4.39939e-07-3.20328e-07
-1.04534e-07 1.46468e-07 3.59463e-07 4.98394e-07 5.80722e-07 6.28769e-07
 6.19332e-07 5.01627e-07 2.51969e-07-9.64492e-08-4.56876e-07-7.15466e-07
-7.76465e-07-6.07462e-07-2.58900e-07 1.47095e-07 4.50855e-07 5.18292e-07
 3.22392e-07-1.79634e-08-2.97724e-07-3.56417e-07-1.84805e-07 7.20570e-08
 2.22823e-07 1.74803e-07 1.45408e-09-1.29916e-07-1.11118e-07 1.36667e-08
 1.04714e-07 7.60546e-08-2.00568e-08-6.44277e-08-1.35231e-08 5.65630e-08
 5.53060e-08-6.09117e-09-3.96517e-08-6.97263e-09 3.32641e-08 2.03448e-08
-1.89414e-08-2.14039e-08 9.72687e-09 1.81505e-08-6.66974e-09-1.79764e-08
 2.58922e-10 9.73503e-09-5.18739e-09-1.20257e-08 1.39412e-09 6.95150e-09
-2.07864e-09-2.07115e-09 6.40407e-09 4.27649e-09-1.88000e-09 3.43467e-10
 1.58150e-09-1.91029e-09-1.46574e-09 5.69516e-10-3.73103e-10-8.96708e-10
-8.84280e-10-2.06154e-09-2.97890e-09-3.10967e-09-2.84505e-09-1.94816e-09
-5.48001e-10 9.53846e-10 2.29480e-09 3.21138e-09 3.51839e-09 3.22368e-09
 2.46593e-09 1.42924e-09 2.67275e-10-9.14425e-10-2.01621e-09-2.93332e-09
-3.55222e-09-3.74438e-09-3.39232e-09-2.45149e-09-1.02431e-09 6.42349e-10
 2.24537e-09 3.51040e-09 4.22156e-09 4.21755e-09 3.43300e-09 1.98161e-09
 1.74020e-10-1.58829e-09-2.97290e-09-3.79471e-09-3.98062e-09-3.51215e-09
-2.42957e-09-8.83705e-10 8.44774e-10 2.40757e-09 3.50346e-09 3.96903e-09
 3.79562e-09 3.08674e-09 2.00177e-09 7.27221e-10-5.19331e-10-1.49598e-09
-1.99489e-09-1.92461e-09-1.34924e-09-4.61867e-10 4.74322e-10 1.18575e-09
 1.45178e-09 1.17192e-09 4.00831e-10-6.79808e-10-1.82536e-09-2.77691e-09
-3.29161e-09-3.19151e-09-2.43367e-09-1.15102e-09 3.76029e-10 1.80355e-09
 2.82076e-09 3.22428e-09 2.96167e-09 2.15095e-09 1.06257e-09 3.89596e-11
-6.25089e-10-7.73450e-10-4.15175e-10 2.94382e-10 1.09731e-09 1.70274e-09
 1.86652e-09 1.45009e-09 4.60708e-10-9.16526e-10-2.33697e-09-3.40807e-09
-3.84787e-09-3.59236e-09-2.80325e-09-1.78981e-09-8.80918e-10-3.01934e-10
-1.19473e-10-2.68200e-10-6.05783e-10-9.44423e-10-1.07274e-09-8.11456e-10
-1.03948e-10 9.13516e-10 1.92765e-09 2.56966e-09 2.58839e-09 1.97941e-09
 9.96212e-10 3.45258e-11-5.48116e-10-5.78410e-10-1.10189e-10 6.33152e-10
 1.36837e-09 1.85942e-09 1.98006e-09 1.72479e-09 1.19489e-09 5.74140e-10
 8.09378e-11-1.08032e-10 6.30581e-11 4.84115e-10 8.99170e-10 1.00241e-09
 5.81923e-10-3.53537e-10-1.53646e-09-2.53175e-09-2.92990e-09-2.54300e-09
-1.49584e-09-1.72787e-10 9.40575e-10 1.45219e-09 1.22790e-09 4.60262e-10
-4.05118e-10-8.69575e-10-6.19513e-10 3.08862e-10 1.51921e-09 2.41846e-09
 2.48869e-09 1.53358e-09-2.22162e-10-2.22011e-09-3.80099e-09-4.48554e-09
-4.16963e-09-3.13230e-09-1.86809e-09-8.51668e-10-3.45702e-10-3.14810e-10
-4.70502e-10-4.32508e-10 6.76647e-11 1.04593e-09 2.24799e-09 3.24148e-09
 3.57799e-09 2.98901e-09 1.54929e-09-2.97444e-10-1.90880e-09-2.73431e-09
-2.55253e-09-1.52238e-09-5.74001e-11 1.37363e-09 2.42641e-09 2.98519e-09
 3.15305e-09 3.13006e-09 3.05346e-09 2.90467e-09 2.53432e-09 1.76652e-09
 5.09909e-10-1.15936e-09-2.95360e-09-4.40832e-09-5.03705e-09-4.56485e-09
-3.09923e-09-1.10227e-09 8.35012e-10 2.26340e-09 3.01934e-09 3.18691e-09
 2.95309e-09 2.47392e-09 1.82034e-09 9.99270e-10 1.28536e-11-1.07405e-09
-2.08644e-09-2.74990e-09-2.78672e-09-2.07436e-09-7.79381e-10 6.42875e-10
 1.62714e-09 1.76980e-09 1.02464e-09-2.94825e-10-1.68619e-09-2.68609e-09
-3.03832e-09-2.74122e-09-1.97722e-09-9.77107e-10 9.96481e-11 1.19229e-09
 2.26061e-09 3.18076e-09 3.72394e-09 3.65139e-09 2.86157e-09 1.49420e-09
-7.40789e-11-1.35965e-09-1.98272e-09-1.85247e-09-1.21428e-09-5.21275e-10
-1.97526e-10-4.28253e-10-1.09462e-09-1.87299e-09-2.41795e-09-2.51795e-09
-2.15042e-09-1.42881e-09-4.99962e-10 5.23306e-10 1.55300e-09 2.47339e-09
 3.10945e-09 3.25757e-09 2.78431e-09 1.75186e-09 4.74903e-10-5.76250e-10
-9.99187e-10-6.69116e-10 1.95086e-10 1.13051e-09 1.63268e-09 1.37117e-09
 3.26382e-10-1.21779e-09-2.81466e-09-4.03641e-09-4.59408e-09-4.36249e-09
-3.35168e-09-1.68623e-09 3.83533e-10 2.47263e-09 4.11780e-09 4.92158e-09
 4.72165e-09 3.68127e-09 2.23823e-09 9.26925e-10 1.49090e-10 2.68188e-12
 2.64892e-10 5.44694e-10 5.12441e-10 6.47046e-11-6.66864e-10-1.44287e-09
-2.07065e-09-2.47739e-09-2.68025e-09-2.71791e-09-2.61406e-09-2.38766e-09
-2.07652e-09-1.73436e-09-1.38646e-09-9.69400e-10-3.15731e-10 7.63273e-10
 2.31409e-09 4.09948e-09 5.60371e-09 6.23099e-09 5.60627e-09 3.79236e-09
 1.27608e-09-1.26338e-09-3.24770e-09-4.38754e-09-4.69836e-09-4.38728e-09
-3.71003e-09-2.88571e-09-2.09251e-09-1.49164e-09-1.20526e-09-1.23371e-09
-1.38524e-09-1.32074e-09-7.37908e-10 4.16195e-10 1.88064e-09 3.24148e-09
 4.20354e-09 4.76182e-09 5.14585e-09 5.58548e-09 6.06947e-09 6.27075e-09
 5.70577e-09 4.04001e-09 1.34299e-09-1.88051e-09-4.90699e-09-7.11589e-09
-8.21217e-09-8.23803e-09-7.43140e-09-6.08343e-09-4.48299e-09-2.90859e-09
-1.58975e-09-6.29572e-10 4.66623e-11 6.56838e-10 1.44194e-09 2.52184e-09
 3.81006e-09 5.03776e-09 5.87085e-09 6.05106e-09 5.48529e-09 4.24340e-09
 2.49158e-09 4.41910e-10-1.62870e-09-3.33517e-09-4.21741e-09-3.90071e-09
-2.34599e-09-6.41922e-10
     0.0000e+00     0.0000e+00      0  0  0.00
     512   1.00000  0.0000e+00
-1.14865e-09-1.72676e-09-2.44865e-09-3.29267e-09-4.22674e-09-5.22413e-09
-6.25804e-09-7.28213e-09-8.22295e-09-8.99095e-09-9.49367e-09-9.64214e-09
-9.35967e-09-8.59754e-09-7.34759e-09-5.64082e-09-3.53543e-09-1.10433e-09
 1.57282e-09 4.41320e-09 7.32975e-09 1.02279e-08 1.30039e-08 1.55443e-08
 1.77222e-08 1.93983e-08 2.04424e-08 2.07718e-08 2.03811e-08 1.93426e-08
 1.77883e-08 1.58778e-08 1.37481e-08 1.14587e-08 8.97810e-09 6.22972e-09
 3.16805e-09-1.66246e-10-3.62962e-09-6.98666e-09-9.94545e-09-1.22259e-08
-1.36455e-08-1.41729e-08-1.39144e-08-1.30501e-08-1.17708e-08-1.02485e-08
-8.63276e-09-7.06063e-09-5.66737e-09-4.59076e-09-3.96234e-09-3.89137e-09
-4.44478e-09-5.62091e-09-7.32556e-09-9.36958e-09-1.14972e-08-1.34467e-08
-1.50520e-08-1.63922e-08-1.79485e-08-2.06759e-08-2.58979e-08-3.49752e-08
-4.87299e-08-6.66430e-08-8.59670e-08-1.01092e-07-1.03654e-07-8.38937e-08
-3.35914e-08 4.93447e-08 1.56087e-07 2.66703e-07 3.55666e-07 3.97013e-07
 3.70812e-07 2.72758e-07 1.16816e-07-6.75225e-08-2.36742e-07-3.43738e-07
-3.59133e-07-2.88072e-07-1.71250e-07-6.76080e-08-2.31782e-08-4.29162e-08
-8.78360e-08-1.03744e-07-6.26082e-08 1.53141e-08 7.88530e-08 8.87980e-08
 4.74225e-08-9.49244e-09-4.48239e-08-4.25398e-08-6.96677e-09 4.13400e-08
 6.73490e-08 4.30581e-08-1.96881e-08-7.00814e-08-6.04125e-08 2.32635e-08
 1.70202e-07 3.55893e-07 5.36273e-07 6.53594e-07 6.55357e-07 5.07974e-07
 2.11816e-07-1.83586e-07-5.86664e-07-8.94515e-07-1.02615e-06-9.47749e-07
-6.86708e-07-3.25020e-07 3.11189e-08 2.92291e-07 4.17200e-07 4.19490e-07
 3.48073e-07 2.53609e-07 1.65041e-07 9.16635e-08 3.98445e-08 2.03495e-08
 3.43456e-08 5.60845e-08 4.68018e-08-2.03780e-09-5.05566e-08-5.47827e-08
-2.39575e-08-6.85880e-09-2.16811e-08-3.66337e-08-2.79963e-08-1.34485e-08
-1.11862e-08-1.09447e-08-4.00520e-09 5.51092e-10 6.50940e-10 3.90538e-09
 7.42396e-09 6.16192e-09 5.63893e-09 7.29454e-09 5.80840e-09 3.53763e-09
 3.81716e-09 2.82466e-09 6.55394e-10 4.44312e-10-6.72834e-11-1.48018e-09
-1.56386e-09-1.82731e-09-2.71764e-09-2.65179e-09-2.79425e-09-3.21447e-09
-2.86087e-09-2.83066e-09-2.93849e-09-2.61388e-09-2.76415e-09-2.90193e-09
-2.78804e-09-2.97793e-09-2.87001e-09-2.60147e-09-2.43149e-09-1.90905e-09
-1.37511e-09-7.75711e-10 4.96504e-11 7.37808e-10 1.45010e-09 2.05578e-09
 2.40055e-09 2.63947e-09 2.61470e-09 2.44712e-09 2.20054e-09 1.84332e-09
 1.54500e-09 1.29302e-09 1.15934e-09 1.16599e-09 1.27863e-09 1.52725e-09
 1.80973e-09 2.05826e-09 2.19121e-09 2.13437e-09 1.86234e-09 1.35818e-09
 6.62542e-10-1.75334e-10-1.05738e-09-1.86665e-09-2.52210e-09-2.96224e-09
-3.14697e-09-3.07451e-09-2.79169e-09-2.34855e-09-1.79666e-09-1.22191e-09
-7.09966e-10-2.87399e-10 6.99896e-11 3.95807e-10 7.18523e-10 1.04710e-09
 1.36605e-09 1.66690e-09 1.96549e-09 2.25614e-09 2.46582e-09 2.48828e-09
 2.25498e-09 1.77004e-09 1.10446e-09 3.47594e-10-4.47371e-10-1.24123e-09
-1.95189e-09-2.46204e-09-2.67579e-09-2.57851e-09-2.25461e-09-1.82228e-09
-1.35309e-09-8.51776e-10-2.91776e-10 3.22605e-10 9.50065e-10 1.57981e-09
 2.24713e-09 2.97980e-09 3.76306e-09 4.51885e-09 5.11411e-09 5.43594e-09
 5.45278e-09 5.20071e-09 4.73764e-09 4.10358e-09 3.32163e-09 2.43828e-09
 1.52265e-09 6.18465e-10-2.71370e-10-1.17117e-09-2.11607e-09-3.10651e-09
-4.07896e-09-4.94735e-09-5.64861e-09-6.14865e-09-6.44063e-09-6.53430e-09
-6.44800e-09-6.22141e-09-5.91211e-09-5.57324e-09-5.23684e-09-4.89453e-09
-4.50210e-09-4.02059e-09-3.43681e-09-2.75931e-09-2.02468e-09-1.28708e-09
-5.91568e-10 2.23219e-11 5.16195e-10 8.78416e-10 1.12391e-09 1.27028e-09
 1.34212e-09 1.36352e-09 1.32648e-09 1.20375e-09 9.83753e-10 6.76028e-10
 3.24112e-10 2.03741e-11-1.34098e-10-8.90168e-11 1.45528e-10 5.18757e-10
 9.46144e-10 1.32353e-09 1.56125e-09 1.60839e-09 1.46865e-09 1.23039e-09
 1.07019e-09 1.17726e-09 1.65506e-09 2.49691e-09 3.62184e-09 4.90057e-09
 6.17026e-09 7.24569e-09 7.90651e-09 7.91172e-09 7.09038e-09 5.41842e-09
 3.01461e-09 1.21451e-10-2.89949e-09-5.58792e-09-7.43326e-09-7.98301e-09
-6.99906e-09-4.56562e-09-1.08824e-09 2.81315e-09 6.46171e-09 9.23817e-09
 1.06527e-08 1.04349e-08 8.61019e-09 5.51579e-09 1.74697e-09-1.99506e-09
-5.10325e-09-7.19364e-09-8.13448e-09-8.01005e-09-7.05771e-09-5.62174e-09
-4.09755e-09-2.82995e-09-2.01737e-09-1.66640e-09-1.60993e-09-1.60735e-09
-1.46487e-09-1.09155e-09-5.10512e-10 1.50154e-10 7.05323e-10 9.76402e-10
 8.52081e-10 3.51907e-10-3.53567e-10-9.98253e-10-1.31460e-09-1.13530e-09
-4.67688e-10 5.10567e-10 1.52413e-09 2.29859e-09 2.65982e-09 2.58529e-09
 2.18567e-09 1.65858e-09 1.22207e-09 1.02203e-09 1.07302e-09 1.26357e-09
 1.39412e-09 1.24631e-09 6.74465e-10-3.32084e-10-1.63272e-09-2.96574e-09
-4.03558e-09-4.61153e-09-4.58233e-09-3.97704e-09-2.95894e-09-1.77228e-09
-6.58212e-10 2.25006e-10 8.50350e-10 1.31041e-09 1.75187e-09 2.29561e-09
 2.96846e-09 3.67559e-09 4.24069e-09 4.48347e-09 4.28612e-09 3.63579e-09
 2.63371e-09 1.45834e-09 2.97405e-10-7.22515e-10-1.57220e-09-2.29171e-09
-2.92929e-09-3.50396e-09-3.99235e-09-4.32603e-09-4.41670e-09-4.20237e-09
-3.68042e-09-2.91476e-09-2.01628e-09-1.10005e-09-2.43558e-10 5.32365e-10
 1.25443e-09 1.95676e-09 2.63214e-09 3.21608e-09 3.60641e-09 3.68963e-09
 3.37309e-09 2.63474e-09 1.56645e-09 3.66344e-10-7.31838e-10-1.55119e-09
-2.02675e-09-2.20342e-09-2.19647e-09-2.13262e-09-2.08769e-09-2.05242e-09
-1.94769e-09-1.67583e-09-1.17940e-09-4.80909e-10 3.17379e-10 1.07737e-09
 1.69069e-09 2.12441e-09 2.41006e-09 2.58784e-09 2.66704e-09 2.63430e-09
 2.47448e-09 2.17262e-09 1.71713e-09 1.12540e-09 4.65527e-10-1.62169e-10
-6.69758e-10-1.00568e-09-1.14636e-09-1.08529e-09-8.35391e-10-4.32201e-10
 6.91995e-11 6.01131e-10 1.09879e-09 1.52290e-09 1.86713e-09 2.13587e-09
 2.31673e-09 2.38361e-09 2.32118e-09 2.12183e-09 1.74555e-09 1.10417e-09
 1.12893e-10-1.23743e-09-2.85580e-09-4.57075e-09-6.14788e-09-7.30461e-09
-7.76420e-09-7.34867e-09-6.04794e-09-4.02080e-09-1.54484e-09 1.04750e-09
 3.42309e-09 5.27969e-09 6.36147e-09 6.49136e-09 5.63803e-09 3.97317e-09
 1.84971e-09-2.96508e-10-2.04513e-09-3.05114e-09-3.10911e-09-2.24387e-09
-7.50584e-10 8.96856e-10 2.21873e-09 2.85666e-09 2.61756e-09 1.49696e-09
-2.93236e-10-2.34319e-09-4.14229e-09-5.21811e-09-5.26043e-09-4.20301e-09
-2.25201e-09 1.49200e-10 2.41072e-09 3.92769e-09 4.26104e-09 3.35911e-09
 1.72942e-09 4.17256e-10
     0.0000e+00     0.0000e+00      0  0  0.00
     512   1.00000  0.0000e+00
-5.57079e-10 2.13987e-10 1.19709e-09 2.30797e-09 3.45772e-09 4.59984e-09
 5.73954e-09 6.89404e-09 8.03832e-09 9.08483e-09 9.90917e-09 1.03902e-08
 1.04320e-08 9.96336e-09 8.93042e-09 7.29053e-09 5.01981e-09 2.14124e-09
-1.24794e-09-4.98908e-09-8.91800e-09-1.29138e-08-1.68903e-08-2.07266e-08
-2.41637e-08-2.67184e-08-2.76804e-08-2.62547e-08-2.18504e-08-1.44409e-08
-4.83713e-09 5.32413e-09 1.39672e-08 1.91955e-08 1.98799e-08 1.60195e-08
 8.78067e-09 2.14605e-10-7.26518e-09-1.15169e-08-1.12687e-08-6.50302e-09
 1.54194e-09 1.07894e-08 1.90208e-08 2.45879e-08 2.68378e-08 2.60692e-08
 2.31221e-08 1.89164e-08 1.41736e-08 9.35285e-09 4.70981e-09 3.87157e-10
-3.50671e-09-6.83581e-09-9.41137e-09-1.10320e-08-1.15660e-08-1.10022e-08
-9.42340e-09-6.91687e-09-3.47994e-09 9.90090e-10 6.52588e-09 1.27211e-08
 1.82975e-08 2.08649e-08 1.71314e-08 3.73189e-09-2.12970e-08-5.65640e-08
-9.53754e-08-1.24509e-07-1.25866e-07-8.63053e-08-1.29858e-08 6.67971e-08
 1.28326e-07 1.63652e-07 1.70748e-07 1.44181e-07 8.19075e-08-5.55595e-09
-9.19070e-08-1.41779e-07-1.31360e-07-6.97555e-08 1.47930e-09 3.50917e-08
 1.19124e-08-4.40123e-08-8.24261e-08-6.54865e-08 2.09833e-09 7.72857e-08
 1.14077e-07 9.65616e-08 4.02566e-08-2.87489e-08-8.62778e-08-1.07633e-07
-7.40347e-08 3.23140e-09 8.24327e-08 1.38567e-07 1.91206e-07 2.59996e-07
 3.19010e-07 3.22686e-07 2.44933e-07 7.26238e-08-1.93207e-07-5.10037e-07
-7.96337e-07-9.56697e-07-9.01504e-07-5.84609e-07-4.96131e-08 5.62074e-07
 1.05059e-06 1.22880e-06 1.00844e-06 4.62084e-07-1.86925e-07-6.56952e-07
-7.47895e-07-4.60059e-07-8.75650e-09 3.02422e-07 2.86621e-07 1.41583e-08
-2.43503e-07-2.53701e-07-4.13015e-08 1.48244e-07 1.28912e-07-2.11262e-08
-9.00810e-08-1.96468e-08 5.48085e-08 3.89255e-08-2.07011e-09 3.40328e-09
 1.99988e-08 8.20588e-09-2.03227e-09 5.87741e-09 4.55594e-09-6.01362e-09
-4.07842e-09-2.18590e-11-5.58250e-09-6.33812e-09-1.93758e-09-4.21094e-09
-5.57405e-09-1.81444e-09-1.99912e-09-2.62514e-09 6.24795e-10 1.09560e-09
 6.75265e-10 2.83955e-09 2.77182e-09 2.14499e-09 3.36885e-09 2.78284e-09
 2.06840e-09 2.40003e-09 1.15248e-09 2.92806e-10 2.99479e-11-1.23732e-09
-1.63532e-09-1.84271e-09-2.56232e-09-2.46084e-09-2.58548e-09-2.68167e-09
-2.12973e-09-1.87552e-09-1.28554e-09-5.50954e-10-1.08560e-10 5.86283e-10
 1.05013e-09 1.47232e-09 1.96976e-09 2.15565e-09 2.30978e-09 2.22232e-09
 1.94104e-09 1.61300e-09 1.13577e-09 7.19505e-10 2.69149e-10-2.03676e-10
-6.63360e-10-1.15914e-09-1.55843e-09-1.81643e-09-1.87546e-09-1.78699e-09
-1.62161e-09-1.36958e-09-1.02048e-09-5.21448e-10 1.06066e-10 7.52359e-10
 1.29444e-09 1.70054e-09 2.00857e-09 2.21873e-09 2.28711e-09 2.15495e-09
 1.81333e-09 1.36118e-09 9.40878e-10 5.73664e-10 1.49552e-10-3.70104e-10
-8.42022e-10-1.08563e-09-1.07294e-09-9.45882e-10-8.76656e-10-8.85524e-10
-7.81868e-10-3.55501e-10 3.56000e-10 1.06255e-09 1.50718e-09 1.72062e-09
 1.96106e-09 2.38703e-09 2.82296e-09 2.89865e-09 2.41670e-09 1.55104e-09
 6.61567e-10-7.97052e-11-8.28431e-10-1.83349e-09-3.12205e-09-4.41501e-09
-5.33728e-09-5.74872e-09-5.84991e-09-5.91920e-09-5.99384e-09-5.85226e-09
-5.27582e-09-4.29406e-09-3.16496e-09-2.13744e-09-1.26186e-09-4.09879e-10
 5.41407e-10 1.53229e-09 2.34423e-09 2.80423e-09 2.92707e-09 2.87074e-09
 2.78998e-09 2.71461e-09 2.55914e-09 2.25685e-09 1.85703e-09 1.49066e-09
 1.26996e-09 1.20582e-09 1.21195e-09 1.21106e-09 1.21790e-09 1.30683e-09
 1.53885e-09 1.91352e-09 2.35219e-09 2.75573e-09 3.10065e-09 3.43772e-09
 3.79157e-09 4.10934e-09 4.31228e-09 4.35765e-09 4.24792e-09 4.01179e-09
 3.66794e-09 3.18195e-09 2.49340e-09 1.60761e-09 6.02204e-10-4.64781e-10
-1.57434e-09-2.68078e-09-3.69520e-09-4.51145e-09-5.03046e-09-5.21921e-09
-5.12957e-09-4.80289e-09-4.22426e-09-3.43228e-09-2.60266e-09-1.97561e-09
-1.72289e-09-1.86384e-09-2.28849e-09-2.88954e-09-3.64692e-09-4.51498e-09
-5.25169e-09-5.45866e-09-4.83926e-09-3.41876e-09-1.53062e-09 3.98803e-10
 2.06237e-09 3.27183e-09 3.78903e-09 3.28560e-09 1.57715e-09-1.08650e-09
-3.99010e-09-6.25698e-09-7.24452e-09-6.71388e-09-4.71990e-09-1.43971e-09
 2.83374e-09 7.53248e-09 1.17527e-08 1.45087e-08 1.51543e-08 1.36567e-08
 1.05554e-08 6.65719e-09 2.71323e-09-6.93474e-10-3.11087e-09-4.23675e-09
-4.04958e-09-2.93490e-09-1.61430e-09-8.14736e-10-9.00181e-10-1.73625e-09
-2.83446e-09-3.63440e-09-3.72445e-09-2.90362e-09-1.18072e-09 1.19267e-09
 3.71502e-09 5.73051e-09 6.62905e-09 6.09518e-09 4.26869e-09 1.69596e-09
-8.90111e-10-2.84208e-09-3.81605e-09-3.84280e-09-3.24836e-09-2.51340e-09
-2.11863e-09-2.38116e-09-3.32521e-09-4.63973e-09-5.76099e-09-6.08652e-09
-5.23581e-09-3.22490e-09-4.80849e-10 2.30976e-09 4.45937e-09 5.52504e-09
 5.44393e-09 4.52541e-09 3.30658e-09 2.33353e-09 1.95817e-09 2.20478e-09
 2.75440e-09 3.08307e-09 2.69868e-09 1.36676e-09-7.60485e-10-3.17642e-09
-5.21644e-09-6.31936e-09-6.23912e-09-5.13345e-09-3.48351e-09-1.87510e-09
-7.55344e-10-2.65472e-10-2.04214e-10-1.43478e-10 3.49880e-10 1.49132e-09
 3.14993e-09 4.87201e-09 6.06410e-09 6.25824e-09 5.32524e-09 3.53303e-09
 1.43037e-09-3.88639e-10-1.53700e-09-1.98895e-09-2.05504e-09-2.19013e-09
-2.74162e-09-3.76072e-09-4.95269e-09-5.79630e-09-5.79261e-09-4.71812e-09
-2.74721e-09-3.83601e-10 1.76474e-09 3.24962e-09 3.95348e-09 4.10261e-09
 4.12094e-09 4.37455e-09 4.94107e-09 5.55209e-09 5.73667e-09 5.07055e-09
 3.40702e-09 9.85666e-10-1.64282e-09-3.85857e-09-5.25702e-09-5.80577e-09
-5.79471e-09-5.63700e-09-5.62754e-09-5.76228e-09-5.72455e-09-5.07245e-09
-3.51907e-09-1.13175e-09 1.66198e-09 4.25991e-09 6.15545e-09 7.14643e-09
 7.38124e-09 7.22242e-09 6.99185e-09 6.74657e-09 6.24182e-09 5.10849e-09
 3.11754e-09 3.68676e-10-2.69118e-09-5.43513e-09-7.34209e-09-8.24169e-09
-8.35173e-09-8.08728e-09-7.78746e-09-7.52592e-09-7.08318e-09-6.08617e-09
-4.25599e-09-1.62199e-09 1.45489e-09 4.48065e-09 7.10454e-09 9.26673e-09
 1.11195e-08 1.27962e-08 1.41902e-08 1.48777e-08 1.42466e-08 1.17983e-08
 7.46095e-09 1.70702e-09-4.59499e-09-1.04754e-08-1.51457e-08-1.81691e-08
-1.94600e-08-1.91189e-08-1.72382e-08-1.38757e-08-9.22428e-09-3.79283e-09
 1.60696e-09 6.09673e-09 9.05825e-09 1.03726e-08 1.04408e-08 9.95091e-09
 9.48536e-09 9.18808e-09 8.72055e-09 7.53362e-09 5.25051e-09 1.93280e-09
-1.86109e-09-5.21948e-09-7.18363e-09-7.11909e-09-5.04101e-09-1.88974e-09
 1.99013e-10 3.13832e-10
     0.0000e+00     0.0000e+00      0  0  0.00
     512   1.00000  0.0000e+00
 3.69143e-09 4.73344e-09 6.00541e-09 7.48519e-09 9.12314e-09 1.08517e-08
 1.25615e-08 1.40774e-08 1.51921e-08 1.57461e-08 1.56795e-08 1.50120e-08
 1.37796e-08 1.19852e-08 9.59313e-09 6.55958e-09 2.87176e-09-1.42357e-09
-6.21091e-09-1.13175e-08-1.65381e-08-2.16574e-08-2.64571e-08-3.07099e-08
-3.41725e-08-3.66031e-08-3.78169e-08-3.77524e-08-3.64805e-08-3.41495e-08
-3.09350e-08-2.70308e-08-2.26259e-08-1.78451e-08-1.27152e-08-7.20312e-09
-1.29408e-09 4.94895e-09 1.13531e-08 1.76155e-08 2.33140e-08 2.79900e-08
 3.12982e-08 3.31245e-08 3.35772e-08 3.28669e-08 3.11970e-08 2.87467e-08
 2.57262e-08 2.24263e-08 1.92102e-08 1.64437e-08 1.44019e-08 1.32134e-08
 1.28626e-08 1.32240e-08 1.40961e-08 1.52129e-08 1.62304e-08 1.67319e-08
 1.63373e-08 1.49514e-08 1.30750e-08 1.20228e-08 1.39052e-08 2.12848e-08
 3.64290e-08 6.00828e-08 8.98571e-08 1.18677e-07 1.34073e-07 1.19237e-07
 5.67283e-08-6.47336e-08-2.40816e-07-4.43113e-07-6.19551e-07-7.10071e-07
-6.72514e-07-4.98613e-07-2.10986e-07 1.39251e-07 4.70614e-07 6.90532e-07
 7.35924e-07 6.06565e-07 3.71690e-07 1.43397e-07 2.10200e-08 3.35824e-08
 1.22770e-07 1.86263e-07 1.54742e-07 4.42820e-08-6.09664e-08-8.18428e-08
-7.63729e-09 1.04172e-07 1.82206e-07 1.85983e-07 1.07945e-07-3.05209e-08
-1.78418e-07-2.86812e-07-3.49792e-07-3.95887e-07-4.46280e-07-5.02149e-07
-5.56240e-07-5.84758e-07-5.46902e-07-4.16964e-07-2.00692e-07 7.21945e-08
 3.46865e-07 5.50666e-07 6.28614e-07 5.80297e-07 4.64321e-07 3.66478e-07
 3.51616e-07 4.22159e-07 5.05083e-07 4.83543e-07 2.69864e-07-1.17749e-07
-5.33150e-07-7.66178e-07-6.73814e-07-3.03350e-07 1.02627e-07 2.66618e-07
 1.05081e-07-1.79526e-07-2.81232e-07-1.06590e-07 1.27932e-07 1.65722e-07
 2.44889e-08-6.74303e-08-1.09355e-08 6.25843e-08 4.51578e-08 3.23253e-09
 9.46832e-09 2.10131e-08 2.63182e-09-6.42365e-09 3.71912e-09-8.71947e-10
-1.23830e-08-7.89520e-09-5.10147e-09-1.19925e-08-1.01001e-08-5.07531e-09
-7.98045e-09-6.73263e-09-1.68229e-09-2.63667e-09-1.82439e-09 1.99050e-09
 1.34161e-09 1.90236e-09 4.74437e-09 4.28131e-09 4.88636e-09 6.62671e-09
 5.67109e-09 5.84344e-09 6.32871e-09 4.98797e-09 4.98038e-09 4.70345e-09
 3.48033e-09 3.44101e-09 2.70575e-09 1.87783e-09 1.90975e-09 1.24570e-09
 1.01619e-09 9.72758e-10 4.19396e-10 3.73441e-10 5.09023e-11-3.15019e-10
-3.68040e-10-7.40746e-10-9.02530e-10-1.15424e-09-1.56156e-09-1.86484e-09
-2.43342e-09-2.95807e-09-3.44618e-09-3.84649e-09-4.01482e-09-4.14449e-09
-4.14012e-09-4.09037e-09-3.97154e-09-3.68491e-09-3.22374e-09-2.53139e-09
-1.68432e-09-7.26924e-10 2.53631e-10 1.17426e-09 2.00973e-09 2.72902e-09
 3.33057e-09 3.81825e-09 4.18542e-09 4.36508e-09 4.29482e-09 4.00839e-09
 3.59907e-09 3.12217e-09 2.54445e-09 1.78616e-09 8.24523e-10-2.03894e-10
-1.04845e-09-1.55093e-09-1.78543e-09-1.95067e-09-2.13852e-09-2.24592e-09
-2.11205e-09-1.71671e-09-1.22178e-09-8.04376e-10-4.77263e-10-1.18135e-10
 3.39849e-10 7.81725e-10 9.70572e-10 7.40798e-10 1.39499e-10-6.39472e-10
-1.44895e-09-2.29217e-09-3.23157e-09-4.22189e-09-5.10179e-09-5.75442e-09
-6.19370e-09-6.49614e-09-6.71011e-09-6.80361e-09-6.67624e-09-6.25967e-09
-5.59967e-09-4.81323e-09-3.97873e-09-3.07712e-09-2.04426e-09-8.75059e-10
 3.63500e-10 1.61372e-09 2.86394e-09 4.11338e-09 5.32952e-09 6.42201e-09
 7.27682e-09 7.84644e-09 8.17941e-09 8.36463e-09 8.47757e-09 8.55074e-09
 8.57681e-09 8.55301e-09 8.49885e-09 8.42381e-09 8.30510e-09 8.09902e-09
 7.77568e-09 7.34677e-09 6.83902e-09 6.24992e-09 5.55520e-09 4.74245e-09
 3.83476e-09 2.90552e-09 2.05295e-09 1.34607e-09 8.14483e-10 4.61915e-10
 2.55237e-10 1.31550e-10 2.47314e-11-1.27816e-10-3.57181e-10-6.32311e-10
-9.17265e-10-1.24423e-09-1.67710e-09-2.23127e-09-2.86081e-09-3.49715e-09
-4.08993e-09-4.62287e-09-5.07422e-09-5.35964e-09-5.36885e-09-5.11110e-09
-4.80469e-09-4.75742e-09-5.13384e-09-5.85296e-09-6.69520e-09-7.47873e-09
-8.14607e-09-8.69345e-09-9.01587e-09-8.87855e-09-8.09677e-09-6.70515e-09
-4.92154e-09-2.99777e-09-1.13464e-09 4.81591e-10 1.60381e-09 1.96289e-09
 1.44220e-09 2.11701e-10-1.33543e-09-2.80796e-09-3.99915e-09-4.85462e-09
-5.30726e-09-5.20114e-09-4.37465e-09-2.81000e-09-7.12561e-10 1.57542e-09
 3.75697e-09 5.67712e-09 7.26861e-09 8.44040e-09 9.04745e-09 8.98681e-09
 8.29986e-09 7.15776e-09 5.76722e-09 4.29433e-09 2.86187e-09 1.60963e-09
 7.12868e-10 2.95075e-10 3.36091e-10 6.76883e-10 1.09630e-09 1.40167e-09
 1.48513e-09 1.32387e-09 9.64242e-10 5.10760e-10 8.96376e-11-2.01768e-10
-3.30787e-10-3.51469e-10-3.92248e-10-6.03209e-10-1.09538e-09-1.87597e-09
-2.80740e-09-3.65150e-09-4.16164e-09-4.14850e-09-3.53512e-09-2.40281e-09
-9.70013e-10 4.91509e-10 1.74805e-09 2.66887e-09 3.24134e-09 3.54793e-09
 3.73550e-09 3.95230e-09 4.24713e-09 4.51443e-09 4.53721e-09 4.08699e-09
 3.02768e-09 1.38376e-09-6.48799e-10-2.74106e-09-4.51819e-09-5.68358e-09
-6.11678e-09-5.90072e-09-5.28415e-09-4.57566e-09-3.99141e-09-3.55027e-09
-3.08996e-09-2.38174e-09-1.26281e-09 2.81890e-10 2.09407e-09 3.86074e-09
 5.21106e-09 5.88572e-09 5.86135e-09 5.33906e-09 4.62962e-09 4.00222e-09
 3.55704e-09 3.18848e-09 2.65620e-09 1.71548e-09 2.49466e-10-1.64932e-09
-3.68376e-09-5.43702e-09-6.51627e-09-6.71851e-09-6.12300e-09-5.02561e-09
-3.76276e-09-2.56238e-09-1.49621e-09-5.06351e-10 5.34469e-10 1.73070e-09
 3.05502e-09 4.29692e-09 5.13333e-09 5.28940e-09 4.69343e-09 3.54003e-09
 2.21493e-09 1.10945e-09 4.36599e-10 1.53509e-10 1.09181e-11-3.07442e-10
-1.01889e-09-2.12090e-09-3.35880e-09-4.30676e-09-4.57063e-09-4.02206e-09
-2.87809e-09-1.54291e-09-3.51455e-10 5.78355e-10 1.32629e-09 2.06229e-09
 2.91366e-09 3.83527e-09 4.56095e-09 4.71273e-09 4.02140e-09 2.51729e-09
 5.70160e-10-1.26509e-09-2.53363e-09-3.12436e-09-3.29530e-09-3.45814e-09
-3.88441e-09-4.54051e-09-5.13279e-09-5.27639e-09-4.66628e-09-3.21505e-09
-1.13726e-09 1.11616e-09 3.10705e-09 4.65822e-09 5.85850e-09 6.82509e-09
 7.47093e-09 7.48697e-09 6.53125e-09 4.47837e-09 1.57327e-09-1.61001e-09
-4.38429e-09-6.20850e-09-6.86557e-09-6.51144e-09-5.58820e-09-4.61179e-09
-3.90606e-09-3.45004e-09-2.98860e-09-2.33025e-09-1.53106e-09-7.70055e-10
-8.63193e-11 7.03068e-10 1.84815e-09 3.48251e-09 5.53806e-09 7.71369e-09
 9.49368e-09 1.02924e-08 9.70817e-09 7.73090e-09 4.75167e-09 1.36660e-09
-1.88143e-09-4.62931e-09-6.60754e-09-7.48444e-09-6.91218e-09-4.89654e-09
-2.28670e-09-5.03180e-10
     0.0000e+00     0.0000e+00      0  0  0.00
     512   1.00000  0.0000e+00
-1.67455e-09-2.30581e-09-3.13579e-09-4.21587e-09-5.56216e-09-7.12684e-09
-8.79031e-09-1.03897e-08-1.17644e-08-1.27801e-08-1.33228e-08-1.32917e-08
-1.26129e-08-1.12646e-08-9.28340e-09-6.74410e-09-3.73080e-09-3.21941e-10
 3.40573e-09 7.36298e-09 1.14349e-08 1.54725e-08 1.92895e-08 2.26689e-08
 2.53907e-08 2.72721e-08 2.81952e-08 2.81033e-08 2.69822e-08 2.48576e-08
 2.18106e-08 1.79726e-08 1.34903e-08 8.49489e-09 3.11457e-09-2.48782e-09
-8.10017e-09-1.34835e-08-1.83998e-08-2.26236e-08-2.59513e-08-2.82220e-08
-2.93351e-08-2.92492e-08-2.79746e-08-2.55749e-08-2.21709e-08-1.79251e-08
-1.30082e-08-7.57316e-09-1.75878e-09 4.28482e-09 1.03700e-08 1.62663e-08
 2.17199e-08 2.64804e-08 3.03163e-08 3.30212e-08 3.44314e-08 3.44648e-08
 3.31802e-08 3.08373e-08 2.79335e-08 2.51690e-08 2.32892e-08 2.27946e-08
 2.35668e-08 2.44931e-08 2.32054e-08 1.61309e-08-8.90640e-10-3.12263e-08
-7.53836e-08-1.28574e-07-1.79595e-07-2.14184e-07-2.20031e-07-1.89036e-07
-1.21780e-07-3.11370e-08 6.27284e-08 1.36988e-07 1.69586e-07 1.49393e-07
 8.45403e-08 9.72811e-10-6.76371e-08-9.56276e-08-7.84196e-08-3.36075e-08
 1.17044e-08 3.94969e-08 5.18478e-08 6.47110e-08 8.93623e-08 1.19102e-07
 1.34164e-07 1.20030e-07 8.22641e-08 4.69469e-08 4.78219e-08 1.04999e-07
 2.04132e-07 2.95208e-07 3.29989e-07 3.11231e-07 2.80447e-07 2.49980e-07
 1.85237e-07 5.35384e-08-1.48636e-07-4.03679e-07-6.74815e-07-9.07455e-07
-1.04078e-06-1.02299e-06-8.30858e-07-4.87174e-07-6.06641e-08 3.55318e-07
 6.71764e-07 8.29120e-07 8.14676e-07 6.64254e-07 4.44907e-07 2.26355e-07
 5.54307e-08-5.17915e-08-1.00925e-07-1.05228e-07-7.89235e-08-4.28317e-08
-2.59036e-08-4.65190e-08-8.83343e-08-1.06761e-07-7.66603e-08-2.77629e-08
-9.90841e-09-2.67192e-08-3.55464e-08-1.61291e-08 3.70943e-09 3.04662e-09
-8.66441e-10 5.60439e-09 9.38393e-09 5.14394e-09 4.75192e-09 7.68483e-09
 5.10606e-09 2.07375e-09 3.39268e-09 2.60995e-09-6.40824e-11 5.79280e-10
 8.77864e-10-8.75434e-10-5.40083e-10-7.57493e-11-1.40284e-09-1.26927e-09
-7.94610e-10-1.61469e-09-1.32233e-09-9.02439e-10-1.45805e-09-1.04442e-09
-6.25242e-10-7.71682e-10-1.25695e-10 1.97508e-10 1.52957e-10 6.08796e-10
 5.46231e-10 4.06894e-10 5.71593e-10 3.16998e-10 2.55148e-10 2.01662e-10
-1.88703e-10-3.86527e-10-7.83053e-10-1.23826e-09-1.48811e-09-1.82580e-09
-1.92529e-09-1.88658e-09-1.77531e-09-1.40601e-09-9.98669e-10-4.44574e-10
 2.15784e-10 9.04080e-10 1.67727e-09 2.37213e-09 3.01106e-09 3.56360e-09
 4.00580e-09 4.35019e-09 4.49212e-09 4.40936e-09 4.08487e-09 3.55523e-09
 2.84881e-09 1.97317e-09 9.92391e-10-4.06141e-11-1.07713e-09-2.08066e-09
-3.01010e-09-3.82445e-09-4.48163e-09-4.93756e-09-5.18154e-09-5.21459e-09
-5.02275e-09-4.60133e-09-3.98270e-09-3.22239e-09-2.38220e-09-1.52391e-09
-6.89251e-10 1.10773e-10 8.65731e-10 1.53385e-09 2.06100e-09 2.41318e-09
 2.58317e-09 2.59126e-09 2.46745e-09 2.21324e-09 1.81984e-09 1.33125e-09
 8.38106e-10 4.14925e-10 8.67427e-11-1.62587e-10-3.44969e-10-4.35874e-10
-4.00377e-10-2.19171e-10 1.01078e-10 5.17067e-10 9.80654e-10 1.47143e-09
 1.96898e-09 2.42665e-09 2.78023e-09 2.97205e-09 2.99414e-09 2.89244e-09
 2.71130e-09 2.47126e-09 2.17924e-09 1.82965e-09 1.43175e-09 1.02091e-09
 6.23341e-10 2.45460e-10-1.11971e-10-4.42011e-10-7.18732e-10-9.16941e-10
-1.05053e-09-1.16724e-09-1.31018e-09-1.49713e-09-1.72264e-09-1.96902e-09
-2.22563e-09-2.49681e-09-2.78214e-09-3.06367e-09-3.31950e-09-3.53404e-09
-3.69965e-09-3.81623e-09-3.87357e-09-3.84058e-09-3.68774e-09-3.40829e-09
-3.01656e-09-2.53179e-09-1.96308e-09-1.31283e-09-5.84153e-10 2.09116e-10
 1.02241e-09 1.78608e-09 2.43151e-09 2.89667e-09 3.12848e-09 3.10138e-09
 2.82440e-09 2.33605e-09 1.71039e-09 1.04574e-09 4.26389e-10-8.69076e-11
-4.48791e-10-6.49059e-10-7.17174e-10-6.93928e-10-6.28153e-10-5.84710e-10
-6.10153e-10-7.01098e-10-8.14351e-10-8.65043e-10-7.07503e-10-1.55847e-10
 9.54826e-10 2.70576e-09 5.04407e-09 7.74370e-09 1.04174e-08 1.26098e-08
 1.39008e-08 1.39646e-08 1.26153e-08 9.84498e-09 5.84635e-09 1.02601e-09
-4.02830e-09-8.63801e-09-1.21628e-08-1.41520e-08-1.44412e-08-1.31489e-08
-1.06391e-08-7.46167e-09-4.23889e-09-1.53878e-09 2.46502e-10 9.90580e-10
 8.25970e-10 6.99848e-11-8.69754e-10-1.61646e-09-1.91403e-09-1.66128e-09
-9.32660e-10 4.48899e-11 9.68391e-10 1.54845e-09 1.61627e-09 1.20228e-09
 5.09747e-10-1.81060e-10-6.08893e-10-6.11285e-10-1.68571e-10 5.96019e-10
 1.44556e-09 2.10019e-09 2.34107e-09 2.09163e-09 1.44201e-09 6.13865e-10
-1.22159e-10-5.38183e-10-5.13834e-10-6.98503e-11 6.33167e-10 1.35035e-09
 1.83846e-09 1.92778e-09 1.57627e-09 8.86656e-10 6.40203e-11-6.58167e-10
-1.10295e-09-1.22415e-09-1.11609e-09-9.54709e-10-9.21208e-10-1.12941e-09
-1.56793e-09-2.09100e-09-2.46845e-09-2.47745e-09-2.00151e-09-1.07910e-09
 1.21124e-10 1.36941e-09 2.45464e-09 3.24652e-09 3.71914e-09 3.93189e-09
 3.98061e-09 3.93956e-09 3.81601e-09 3.54075e-09 3.00231e-09 2.11067e-09
 8.56730e-10-6.71973e-10-2.31762e-09-3.88502e-09-5.17243e-09-6.01441e-09
-6.33037e-09-6.14977e-09-5.59061e-09-4.79578e-09-3.86840e-09-2.84525e-09
-1.70736e-09-4.14097e-10 1.04904e-09 2.63209e-09 4.20837e-09 5.59114e-09
 6.58398e-09 7.05663e-09 7.00361e-09 6.53450e-09 5.79370e-09 4.86686e-09
 3.74366e-09 2.35893e-09 6.68390e-10-1.29447e-09-3.39444e-09-5.40131e-09
-7.03803e-09-8.06795e-09-8.38000e-09-8.01818e-09-7.13274e-09-5.88506e-09
-4.37547e-09-2.64321e-09-7.25330e-10 1.28405e-09 3.22522e-09 4.91673e-09
 6.21145e-09 7.02637e-09 7.34529e-09 7.21291e-09 6.71601e-09 5.93696e-09
 4.90140e-09 3.57511e-09 1.93038e-09 2.18505e-11-2.00516e-09-3.97427e-09
-5.73686e-09-7.17948e-09-8.19443e-09-8.66154e-09-8.46950e-09-7.56300e-09
-5.97931e-09-3.84952e-09-1.37168e-09 1.21830e-09 3.66959e-09 5.75227e-09
 7.30687e-09 8.26355e-09 8.59996e-09 8.28423e-09 7.28566e-09 5.65780e-09
 3.59777e-09 1.39856e-09-6.70977e-10-2.44967e-09-3.87798e-09-4.94476e-09
-5.65012e-09-6.00057e-09-6.01685e-09-5.74114e-09-5.24282e-09-4.61928e-09
-3.97745e-09-3.38082e-09-2.77543e-09-1.95575e-09-6.37879e-10 1.37113e-09
 4.02953e-09 7.06343e-09 1.00895e-08 1.27156e-08 1.45460e-08 1.51640e-08
 1.41928e-08 1.14240e-08 6.92246e-09 1.06343e-09-5.47608e-09-1.17772e-08
-1.68310e-08-1.97754e-08-2.01183e-08-1.78345e-08-1.33172e-08-7.27149e-09
-6.40639e-10 5.43851e-09 9.75305e-09 1.13155e-08 9.83011e-09 6.13072e-09
 2.35751e-09 4.00743e-10
     0.0000e+00     0.0000e+00      0  0  0.00
     512   1.00000  0.0000e+00
-1.39221e-09-2.06820e-09-2.91907e-09-3.93657e-09-5.08792e-09-6.29406e-09
-7.42379e-09-8.32106e-09-8.85367e-09-8.95782e-09-8.65637e-09-8.03796e-09
-7.19993e-09-6.18419e-09-4.94942e-09-3.40067e-09-1.45530e-09 8.99428e-10
 3.58983e-09 6.48138e-09 9.42056e-09 1.22616e-08 1.48659e-08 1.70921e-08
 1.88050e-08 1.99078e-08 2.03690e-08 2.02159e-08 1.94961e-08 1.82346e-08
 1.64182e-08 1.40178e-08 1.10374e-08 7.56248e-09 3.77035e-09-1.16752e-10
-3.90488e-09-7.47021e-09-1.07437e-08-1.36670e-08-1.61631e-08-1.81401e-08
-1.95208e-08-2.02770e-08-2.04402e-08-2.00687e-08-1.91893e-08-1.77743e-08
-1.57848e-08-1.32419e-08-1.02644e-08-7.04677e-09-3.80411e-09-7.24563e-10
 2.05459e-09 4.45366e-09 6.44944e-09 8.06348e-09 9.32607e-09 1.02101e-08
 1.05641e-08 1.01067e-08 8.53043e-09 5.70381e-09 1.89761e-09-2.06313e-09
-4.80634e-09-4.62414e-09 1.04188e-10 1.02834e-08 2.52979e-08 4.21512e-08
 5.48928e-08 5.47706e-08 3.30121e-08-1.06901e-08-6.12290e-08-9.79586e-08
-1.11979e-07-1.04801e-07-7.66889e-08-2.87297e-08 2.88173e-08 7.70492e-08
 9.69571e-08 8.10222e-08 3.94811e-08-4.87391e-09-2.92626e-08-2.38264e-08
 2.42653e-09 2.85824e-08 3.78184e-08 2.93881e-08 1.62913e-08 1.13248e-08
 1.56121e-08 2.02516e-08 1.71173e-08 6.26397e-09-5.61897e-09-7.76519e-09
 1.33071e-08 6.25083e-08 1.22297e-07 1.58373e-07 1.41819e-07 6.41480e-08
-6.89802e-08-2.47721e-07-4.45990e-07-6.11569e-07-6.82379e-07-6.02525e-07
-3.38866e-07 8.72450e-08 5.86165e-07 1.01900e-06 1.23421e-06 1.12204e-06
 6.74008e-07 1.28598e-08-6.34837e-07-1.02426e-06-1.00434e-06-6.05866e-07
-4.56524e-08 3.79223e-07 4.59968e-07 2.10954e-07-1.33743e-07-2.90760e-07
-1.54227e-07 1.13288e-07 2.40484e-07 1.27368e-07-5.80282e-08-9.70252e-08
 1.04262e-08 8.42603e-08 3.98932e-08-2.11235e-08-1.23755e-08 1.31849e-08
-4.72092e-10-1.51932e-08-3.11724e-09 7.22554e-10-1.09318e-08-8.03057e-09
 1.33053e-09-3.21726e-09-5.30106e-09 1.65429e-09 6.09715e-10-2.74379e-09
 1.55650e-09 1.91899e-09-1.09504e-09 1.49953e-09 1.92769e-09-7.68761e-10
 6.61144e-10 7.15072e-10-1.37423e-09-1.84386e-10-2.00018e-10-1.44495e-09
-2.04463e-10-3.19577e-10-8.25077e-10 4.19060e-10 2.45898e-10 3.34000e-10
 1.26279e-09 8.48448e-10 1.08967e-09 1.41476e-09 9.43491e-10 1.27874e-09
 1.16670e-09 8.25788e-10 9.14691e-10 3.64378e-10 5.21838e-11-2.08163e-10
-7.10693e-10-7.91134e-10-1.07389e-09-1.26006e-09-1.27037e-09-1.37333e-09
-1.19275e-09-1.01942e-09-7.42545e-10-3.88942e-10-1.64948e-10 9.11411e-11
 2.62547e-10 4.44317e-10 6.35964e-10 7.80193e-10 8.79462e-10 8.32248e-10
 6.74306e-10 4.19384e-10 1.44575e-10-8.50582e-11-3.27750e-10-6.54485e-10
-1.04372e-09-1.36213e-09-1.54664e-09-1.62646e-09-1.64538e-09-1.62970e-09
-1.56885e-09-1.41515e-09-1.14295e-09-8.11266e-10-5.04588e-10-2.34057e-10
 6.42177e-11 4.33458e-10 8.12708e-10 1.07310e-09 1.16795e-09 1.21683e-09
 1.36500e-09 1.58518e-09 1.71489e-09 1.66956e-09 1.54333e-09 1.52019e-09
 1.70817e-09 2.03936e-09 2.34887e-09 2.56000e-09 2.77435e-09 3.16831e-09
 3.77332e-09 4.38577e-09 4.75983e-09 4.84959e-09 4.80653e-09 4.77525e-09
 4.72405e-09 4.48932e-09 3.98232e-09 3.29591e-09 2.60739e-09 2.02934e-09
 1.53725e-09 1.01940e-09 4.14940e-10-2.11485e-10-7.37944e-10-1.10978e-09
-1.39445e-09-1.69989e-09-2.04910e-09-2.37330e-09-2.60616e-09-2.74506e-09
-2.84066e-09-2.95299e-09-3.11570e-09-3.33421e-09-3.60668e-09-3.94595e-09
-4.39315e-09-5.00186e-09-5.78725e-09-6.69712e-09-7.64351e-09-8.54835e-09
-9.35914e-09-1.00413e-08-1.05571e-08-1.08609e-08-1.09306e-08-1.07761e-08
-1.04193e-08-9.90480e-09-9.28764e-09-8.56930e-09-7.70662e-09-6.68874e-09
-5.53569e-09-4.25266e-09-2.84782e-09-1.35314e-09 2.01007e-10 1.77821e-09
 3.29993e-09 4.67021e-09 5.82659e-09 6.74636e-09 7.44668e-09 7.98514e-09
 8.41111e-09 8.73552e-09 8.98691e-09 9.24527e-09 9.57860e-09 9.97837e-09
 1.03536e-08 1.05541e-08 1.04316e-08 9.91479e-09 9.00352e-09 7.69571e-09
 5.99409e-09 4.01937e-09 2.08283e-09 6.20522e-10 2.66249e-11 4.81063e-10
 1.89913e-09 4.04100e-09 6.61036e-09 9.21509e-09 1.13085e-08 1.22585e-08
 1.15631e-08 9.10931e-09 5.25989e-09 6.83365e-10-3.89666e-09-7.83930e-09
-1.05953e-08-1.17223e-08-1.10389e-08-8.81541e-09-5.76087e-09-2.76569e-09
-5.66567e-10 4.66725e-10 3.19766e-10-7.83471e-10-2.43979e-09-4.10093e-09
-5.17966e-09-5.24608e-09-4.23785e-09-2.51882e-09-7.19059e-10 5.20174e-10
 7.66064e-10-8.53068e-11-1.80986e-09-3.93186e-09-5.83747e-09-6.93815e-09
-6.85626e-09-5.56362e-09-3.41844e-09-1.05684e-09 8.43113e-10 1.81100e-09
 1.73009e-09 8.48050e-10-3.22354e-10-1.18216e-09-1.25592e-09-3.66886e-10
 1.28357e-09 3.18386e-09 4.70740e-09 5.33673e-09 4.84166e-09 3.36974e-09
 1.40353e-09-4.14923e-10-1.52854e-09-1.67954e-09-9.94205e-10 8.92570e-11
 1.00137e-09 1.26846e-09 7.06352e-10-5.06297e-10-1.89887e-09-2.89141e-09
-3.02913e-09-2.17389e-09-5.70290e-10 1.23912e-09 2.62837e-09 3.14984e-09
 2.71393e-09 1.60464e-09 3.45892e-10-5.19384e-10-6.60709e-10-1.03856e-10
 7.84293e-10 1.46381e-09 1.47135e-09 6.40845e-10-8.11015e-10-2.37348e-09
-3.46196e-09-3.67395e-09-2.96283e-09-1.64834e-09-2.67558e-10 6.65673e-10
 8.92314e-10 5.22035e-10-3.18111e-11-2.67042e-10 1.49916e-10 1.21129e-09
 2.56095e-09 3.65572e-09 4.01874e-09 3.46126e-09 2.16551e-09 5.96394e-10
-7.11403e-10-1.39865e-09-1.44651e-09-1.16765e-09-1.01988e-09-1.34479e-09
-2.17508e-09-3.20996e-09-3.96304e-09-4.00087e-09-3.16234e-09-1.65516e-09
 3.55860e-11 1.38677e-09 2.08711e-09 2.17136e-09 1.98132e-09 1.96277e-09
 2.39568e-09 3.21789e-09 4.05184e-09 4.41155e-09 3.96496e-09 2.71151e-09
 9.90189e-10-6.83613e-10-1.87637e-09-2.45591e-09-2.63902e-09-2.82854e-09
-3.33790e-09-4.17286e-09-5.00283e-09-5.33732e-09-4.80153e-09-3.35399e-09
-1.32737e-09 7.31274e-10 2.33275e-09 3.27273e-09 3.68507e-09 3.90172e-09
 4.20548e-09 4.61886e-09 4.86634e-09 4.55579e-09 3.47016e-09 1.76194e-09
-9.34438e-11-1.54711e-09-2.25944e-09-2.25958e-09-1.91474e-09-1.72846e-09
-2.06622e-09-2.96032e-09-4.11250e-09-5.08759e-09-5.56341e-09-5.46821e-09
-4.92101e-09-4.03161e-09-2.72131e-09-7.23743e-10 2.20065e-09 5.97625e-09
 1.00636e-08 1.35697e-08 1.55588e-08 1.53984e-08 1.29872e-08 8.77934e-09
 3.59143e-09-1.71478e-09-6.48792e-09-1.03357e-08-1.30024e-08-1.42538e-08
-1.39098e-08-1.19997e-08-8.89409e-09-5.27840e-09-1.93409e-09 5.78091e-10
 2.14835e-09 3.10148e-09 3.91713e-09 4.83965e-09 5.60679e-09 5.47440e-09
 3.58045e-09 1.04719e-09
     0.0000e+00     0.0000e+00      0  0  0.00
     512   1.00000  0.0000e+00
-1.29594e-09-1.05912e-09-7.56251e-10-3.44523e-10 2.37221e-10 1.02693e-09
 2.00527e-09 3.11177e-09 4.28750e-09 5.48123e-09 6.60958e-09 7.53474e-09
 8.10955e-09 8.25333e-09 7.98037e-09 7.35829e-09 6.45019e-09 5.30087e-09
 3.96770e-09 2.54721e-09 1.16067e-09-8.74232e-11-1.14399e-09-2.03074e-09
-2.87623e-09-3.94391e-09-5.59484e-09-8.14068e-09-1.16290e-08-1.56758e-08
-1.94550e-08-2.18676e-08-2.18300e-08-1.86080e-08-1.21265e-08-3.12615e-09
 6.95876e-09 1.63823e-08 2.35503e-08 2.73893e-08 2.75507e-08 2.44391e-08
 1.90476e-08 1.26186e-08 6.24844e-09 6.19516e-10-4.03676e-09-7.81425e-09
-1.09876e-08-1.38988e-08-1.68433e-08-1.99589e-08-2.31821e-08-2.63067e-08
-2.90950e-08-3.13467e-08-3.28791e-08-3.34667e-08-3.28235e-08-3.06762e-08
-2.69123e-08-2.17476e-08-1.58417e-08-1.02792e-08-6.36157e-09-5.22030e-09
-7.29253e-09-1.16877e-08-1.55368e-08-1.36333e-08 1.13101e-09 3.60957e-08
 9.58370e-08 1.78160e-07 2.69896e-07 3.45574e-07 3.73640e-07 3.30954e-07
 2.16708e-07 5.16628e-08-1.31780e-07-2.90645e-07-3.75807e-07-3.55563e-07
-2.37961e-07-7.07954e-08 7.90084e-08 1.55305e-07 1.38326e-07 5.26678e-08
-5.03502e-08-1.27362e-07-1.68512e-07-1.91767e-07-2.12219e-07-2.17976e-07
-1.77567e-07-7.36616e-08 6.48817e-08 1.59850e-07 1.22230e-07-7.87637e-08
-3.61894e-07-5.57434e-07-5.35316e-07-3.36698e-07-1.20042e-07 3.22490e-08
 1.62644e-07 3.19528e-07 4.97778e-07 6.64828e-07 7.78671e-07 8.02764e-07
 7.19435e-07 5.35088e-07 2.92283e-07 6.65312e-08-7.31471e-08-1.13359e-07
-1.09786e-07-1.51883e-07-3.04418e-07-5.54660e-07-7.97826e-07-8.81632e-07
-6.97359e-07-2.74528e-07 1.97447e-07 4.67238e-07 3.95343e-07 8.34723e-08
-1.79129e-07-1.60066e-07 8.95390e-08 2.83223e-07 2.19669e-07 1.40311e-08
-7.23468e-08 1.56372e-08 9.40910e-08 5.09848e-08-1.29669e-08-4.52053e-09
 1.71314e-08-2.47278e-09-1.51922e-08 6.71207e-10 1.00329e-09-1.25126e-08
-5.98287e-09 2.70062e-09-4.44215e-09-3.77011e-09 4.20840e-09 3.52264e-10
-2.18691e-09 2.92133e-09 7.06171e-10-1.90285e-09 2.05190e-09 9.33303e-10
-1.35831e-09 1.07161e-09-1.94059e-10-1.62918e-09 6.78651e-10-1.79228e-10
-9.40526e-10 3.12847e-10-1.23884e-09-1.71355e-09-8.56719e-10-1.63595e-09
-6.05980e-10 5.48475e-10 3.68632e-10 1.28164e-09 1.17491e-09 7.22950e-10
 1.23023e-09 1.01672e-09 1.47621e-09 2.12654e-09 2.08137e-09 2.43624e-09
 2.21859e-09 1.85130e-09 1.59586e-09 8.50225e-10 3.47817e-10-3.49042e-10
-1.18089e-09-1.91230e-09-2.77313e-09-3.31504e-09-3.76158e-09-4.16548e-09
-4.54975e-09-4.99828e-09-5.18787e-09-5.07776e-09-4.61187e-09-3.90027e-09
-3.06941e-09-2.13232e-09-1.15765e-09-1.40640e-10 8.72471e-10 1.86965e-09
 2.86445e-09 3.84615e-09 4.75600e-09 5.50367e-09 6.05761e-09 6.40233e-09
 6.49914e-09 6.30823e-09 5.83977e-09 5.17700e-09 4.45884e-09 3.81282e-09
 3.26228e-09 2.71093e-09 2.03649e-09 1.20877e-09 3.28433e-10-4.36696e-10
-9.76905e-10-1.32014e-09-1.55390e-09-1.67443e-09-1.59417e-09-1.31511e-09
-1.00782e-09-8.73413e-10-9.63049e-10-1.16558e-09-1.36036e-09-1.53767e-09
-1.77560e-09-2.16215e-09-2.73588e-09-3.46182e-09-4.27142e-09-5.11096e-09
-5.92169e-09-6.59516e-09-6.97948e-09-6.96151e-09-6.57671e-09-6.00546e-09
-5.42591e-09-4.90344e-09-4.41324e-09-3.92001e-09-3.43338e-09-2.97913e-09
-2.53208e-09-2.03567e-09-1.47758e-09-9.11972e-10-4.19468e-10-2.91564e-11
 3.46497e-10 8.76803e-10 1.68956e-09 2.77995e-09 4.02872e-09 5.30069e-09
 6.52228e-09 7.65517e-09 8.62803e-09 9.34700e-09 9.75998e-09 9.87940e-09
 9.75566e-09 9.42969e-09 8.89228e-09 8.10336e-09 7.06168e-09 5.84584e-09
 4.59766e-09 3.45750e-09 2.48502e-09 1.64288e-09 8.54652e-10 6.72957e-11
-7.22956e-10-1.47295e-09-2.10407e-09-2.52539e-09-2.67354e-09-2.54212e-09
-2.18147e-09-1.68829e-09-1.19407e-09-8.31050e-10-6.88681e-10-7.98342e-10
-1.13089e-09-1.60615e-09-2.15096e-09-2.75188e-09-3.42647e-09-4.16943e-09
-4.94229e-09-5.67382e-09-6.27361e-09-6.70705e-09-7.06640e-09-7.53982e-09
-8.31277e-09-9.48236e-09-1.09891e-08-1.25637e-08-1.37735e-08-1.42071e-08
-1.36576e-08-1.21507e-08-9.84048e-09-6.88912e-09-3.41695e-09 4.49524e-10
 4.48172e-09 8.30898e-09 1.15216e-08 1.38576e-08 1.52751e-08 1.58519e-08
 1.56852e-08 1.48925e-08 1.36387e-08 1.21116e-08 1.04533e-08 8.72606e-09
 6.96736e-09 5.25866e-09 3.73581e-09 2.55084e-09 1.78881e-09 1.39744e-09
 1.21734e-09 1.07466e-09 8.54677e-10 5.23254e-10 8.00340e-11-4.91478e-10
-1.18858e-09-1.92707e-09-2.55988e-09-2.96060e-09-3.09258e-09-3.01703e-09
-2.84479e-09-2.69093e-09-2.66244e-09-2.83769e-09-3.21868e-09-3.69042e-09
-4.03279e-09-4.01374e-09-3.51739e-09-2.60054e-09-1.45326e-09-3.31263e-10
 5.18359e-10 9.45898e-10 9.55427e-10 6.92847e-10 3.73324e-10 1.79379e-10
 1.96732e-10 4.16224e-10 7.50120e-10 1.04870e-09 1.16080e-09 1.01555e-09
 6.50931e-10 1.79075e-10-2.65703e-10-5.60845e-10-6.18311e-10-4.28569e-10
-1.09175e-10 1.05392e-10-4.59300e-11-7.22649e-10-1.88105e-09-3.25162e-09
-4.41768e-09-4.96812e-09-4.65466e-09-3.48454e-09-1.71845e-09 2.17174e-10
 1.88696e-09 3.03569e-09 3.69951e-09 4.13190e-09 4.58632e-09 5.12213e-09
 5.56398e-09 5.61244e-09 5.01231e-09 3.68877e-09 1.81197e-09-2.30123e-10
-1.96402e-09-3.02455e-09-3.31338e-09-3.04046e-09-2.61548e-09-2.43466e-09
-2.69195e-09-3.33346e-09-4.14929e-09-4.88914e-09-5.31754e-09-5.23330e-09
-4.51604e-09-3.18956e-09-1.42290e-09 5.56329e-10 2.55623e-09 4.44223e-09
 6.09967e-09 7.40223e-09 8.21840e-09 8.43209e-09 7.94268e-09 6.66146e-09
 4.56647e-09 1.82457e-09-1.12168e-09-3.63533e-09-5.14926e-09-5.45943e-09
-4.83788e-09-3.87928e-09-3.19035e-09-3.11835e-09-3.63670e-09-4.38767e-09
-4.84374e-09-4.55936e-09-3.42579e-09-1.74411e-09-2.28040e-12 1.49595e-09
 2.83330e-09 4.33060e-09 6.17115e-09 8.10638e-09 9.47758e-09 9.54712e-09
 7.91991e-09 4.79755e-09 9.39408e-10-2.62502e-09-5.00273e-09-5.81197e-09
-5.34550e-09-4.37357e-09-3.64597e-09-3.42957e-09-3.44878e-09-3.26131e-09
-2.70835e-09-2.03613e-09-1.63206e-09-1.66299e-09-1.91267e-09-1.88785e-09
-1.08504e-09 7.21494e-10 3.29090e-09 5.93508e-09 7.79450e-09 8.26741e-09
 7.33735e-09 5.54969e-09 3.61560e-09 1.93064e-09 3.99014e-10-1.31059e-09
-3.36378e-09-5.60590e-09-7.72394e-09-9.45861e-09-1.06457e-08-1.11474e-08
-1.08316e-08-9.60122e-09-7.37910e-09-4.08480e-09 2.58876e-10 5.30240e-09
 1.02598e-08 1.41032e-08 1.59676e-08 1.54678e-08 1.27399e-08 8.29391e-09
 2.89584e-09-2.44602e-09-6.54778e-09-8.36941e-09-7.53986e-09-4.76424e-09
-1.84043e-09-3.13940e-10
     0.0000e+00     0.0000e+00      0  0  0.00
     512   1.00000  0.0000e+00
-1.57538e-09-1.85993e-09-2.15790e-09-2.46173e-09-2.76801e-09-3.08858e-09
-3.44929e-09-3.87169e-09-4.34826e-09-4.82496e-09-5.19995e-09-5.34423e-09
-5.14276e-09-4.53857e-09-3.55215e-09-2.26423e-09-7.78800e-10 8.09912e-10
 2.43548e-09 4.06051e-09 5.66345e-09 7.22171e-09 8.70379e-09 1.00692e-08
 1.12641e-08 1.22120e-08 1.28149e-08 1.29795e-08 1.26587e-08 1.18838e-08
 1.07642e-08 9.44527e-09 8.04128e-09 6.58136e-09 5.00296e-09 3.20189e-09
 1.10935e-09-1.25199e-09-3.75812e-09-6.21128e-09-8.38842e-09-1.01004e-08
-1.12432e-08-1.18176e-08-1.19108e-08-1.16595e-08-1.12111e-08-1.06890e-08
-1.01660e-08-9.65881e-09-9.15207e-09-8.64004e-09-8.15617e-09-7.77228e-09
-7.56562e-09-7.56578e-09-7.70991e-09-7.84178e-09-7.76785e-09-7.34750e-09
-6.58677e-09-5.72383e-09-5.28500e-09-6.05150e-09-8.87706e-09-1.43434e-08
-2.22870e-08-3.12839e-08-3.82676e-08-3.85564e-08-2.65876e-08 2.42793e-09
 4.99805e-08 1.11126e-07 1.72744e-07 2.18396e-07 2.36949e-07 2.22536e-07
 1.70942e-07 8.50597e-08-2.10242e-08-1.26035e-07-2.05567e-07-2.38604e-07
-2.18540e-07-1.59640e-07-9.27434e-08-5.08290e-08-5.01752e-08-7.91419e-08
-1.05634e-07-1.00564e-07-6.06400e-08-1.21697e-08 9.66718e-09-1.03741e-08
-5.67446e-08-9.75780e-08-1.07442e-07-7.89778e-08-2.09868e-08 4.53910e-08
 8.96479e-08 8.86709e-08 5.51441e-08 3.92396e-08 8.63854e-08 2.01036e-07
 3.59214e-07 5.32276e-07 6.81650e-07 7.53945e-07 6.98948e-07 4.86450e-07
 1.17906e-07-3.57238e-07-8.40231e-07-1.20828e-06-1.35064e-06-1.20607e-06
-7.95519e-07-2.30072e-07 3.19527e-07 6.84462e-07 7.67759e-07 5.90463e-07
 2.83101e-07 1.76883e-08-8.58576e-08-2.36920e-08 1.01642e-07 1.64198e-07
 1.12348e-07 1.00172e-09-7.14312e-08-6.13731e-08-1.29629e-08 6.08024e-09
-1.66739e-08-4.04132e-08-3.68746e-08-2.08401e-08-1.40451e-08-1.36646e-08
-9.40605e-09-3.86305e-09-1.57039e-09 8.66996e-10 4.74764e-09 6.46537e-09
 6.36084e-09 6.97282e-09 7.04029e-09 5.78611e-09 5.02970e-09 4.55247e-09
 3.36044e-09 2.46101e-09 1.93162e-09 9.18903e-10 2.59615e-11-5.48552e-10
-1.38716e-09-2.05824e-09-2.40979e-09-2.86658e-09-3.12253e-09-3.14206e-09
-3.22773e-09-3.13921e-09-2.94261e-09-2.83354e-09-2.61545e-09-2.38562e-09
-2.19874e-09-1.90651e-09-1.63027e-09-1.35556e-09-1.03720e-09-7.93221e-10
-5.54204e-10-3.07917e-10-8.99143e-11 1.55495e-10 3.75052e-10 5.73799e-10
 7.73036e-10 9.35346e-10 1.10207e-09 1.27925e-09 1.46153e-09 1.63365e-09
 1.74835e-09 1.82451e-09 1.87111e-09 1.88747e-09 1.88542e-09 1.85463e-09
 1.77206e-09 1.59999e-09 1.34206e-09 1.03668e-09 7.15331e-10 4.02289e-10
 9.43819e-11-2.26096e-10-5.55537e-10-8.70303e-10-1.15998e-09-1.41710e-09
-1.60868e-09-1.70796e-09-1.72245e-09-1.66354e-09-1.52989e-09-1.33399e-09
-1.09039e-09-7.88728e-10-4.33370e-10-7.72321e-11 2.23431e-10 4.59422e-10
 6.60088e-10 8.55736e-10 1.04547e-09 1.18101e-09 1.19634e-09 1.07710e-09
 8.74774e-10 6.42591e-10 3.97382e-10 1.30735e-10-1.74511e-10-5.08345e-10
-8.16906e-10-1.04861e-09-1.19081e-09-1.26350e-09-1.29329e-09-1.27388e-09
-1.16541e-09-9.33781e-10-5.68119e-10-9.11322e-11 4.45067e-10 1.00038e-09
 1.55600e-09 2.09396e-09 2.60037e-09 3.05108e-09 3.39401e-09 3.58418e-09
 3.61262e-09 3.49271e-09 3.24254e-09 2.86598e-09 2.35017e-09 1.70056e-09
 9.56682e-10 1.70802e-10-6.04460e-10-1.33420e-09-2.02495e-09-2.69216e-09
-3.31007e-09-3.82709e-09-4.20464e-09-4.42855e-09-4.50693e-09-4.45136e-09
-4.26086e-09-3.93415e-09-3.48285e-09-2.94111e-09-2.36776e-09-1.81214e-09
-1.28761e-09-7.93490e-10-3.34855e-10 7.60395e-11 4.14972e-10 6.64678e-10
 8.44191e-10 9.87719e-10 1.10835e-09 1.20490e-09 1.26729e-09 1.27025e-09
 1.20024e-09 1.06561e-09 8.63890e-10 5.87899e-10 2.63336e-10-5.66140e-11
-3.15646e-10-4.63581e-10-4.75720e-10-3.68902e-10-1.79222e-10 5.99115e-11
 2.96600e-10 4.47119e-10 4.35088e-10 2.33430e-10-1.31182e-10-5.84978e-10
-1.01526e-09-1.29392e-09-1.29121e-09-8.68169e-10 9.16095e-11 1.58944e-09
 3.45351e-09 5.37502e-09 6.97838e-09 7.89105e-09 7.82774e-09 6.64632e-09
 4.36714e-09 1.21191e-09-2.37586e-09-5.79530e-09-8.40620e-09-9.66581e-09
-9.25623e-09-7.15651e-09-3.66313e-09 6.42553e-10 4.99943e-09 8.60712e-09
 1.07841e-08 1.11360e-08 9.65070e-09 6.68682e-09 2.89289e-09-9.50599e-10
-4.12967e-09-6.14817e-09-6.81811e-09-6.28200e-09-4.94524e-09-3.35432e-09
-2.04412e-09-1.37641e-09-1.44372e-09-2.05989e-09-2.82241e-09-3.26410e-09
-3.03769e-09-2.03438e-09-4.21102e-10 1.40799e-09 2.96878e-09 3.83992e-09
 3.78069e-09 2.81802e-09 1.25988e-09-3.96802e-10-1.62404e-09-2.04054e-09
-1.54900e-09-3.59791e-10 1.09640e-09 2.31905e-09 2.91214e-09 2.71402e-09
 1.83211e-09 5.98205e-10-5.46697e-10-1.22230e-09-1.25133e-09-7.17421e-10
 6.24295e-11 6.61591e-10 7.26550e-10 1.18970e-10-1.03035e-09-2.36166e-09
-3.42507e-09-3.85737e-09-3.51003e-09-2.49883e-09-1.16191e-09 7.52945e-11
 8.68214e-10 1.08213e-09 8.39039e-10 4.56834e-10 3.03030e-10 6.31891e-10
 1.46647e-09 2.57641e-09 3.57390e-09 4.07790e-09 3.86819e-09 2.97613e-09
 1.67283e-09 3.52324e-10-6.31397e-10-1.10511e-09-1.14121e-09-1.00585e-09
-1.01447e-09-1.37763e-09-2.09861e-09-2.95832e-09-3.60884e-09-3.73696e-09
-3.21177e-09-2.14934e-09-8.66318e-10 2.59044e-10 9.49966e-10 1.14397e-09
 1.00903e-09 8.48161e-10 9.35819e-10 1.37842e-09 2.06559e-09 2.72271e-09
 3.04083e-09 2.82922e-09 2.11425e-09 1.13077e-09 2.06639e-10-3.99447e-10
-6.16353e-10-5.75509e-10-5.27632e-10-7.04127e-10-1.18345e-09-1.83482e-09
-2.38119e-09-2.54684e-09-2.20280e-09-1.43631e-09-5.16208e-10 2.31203e-10
 5.81284e-10 5.20987e-10 2.40523e-10 1.15568e-11 3.30330e-11 3.32509e-10
 7.62244e-10 1.08552e-09 1.11452e-09 8.26174e-10 3.82408e-10 3.63517e-11
-2.05239e-11 2.26083e-10 6.05209e-10 8.57141e-10 7.77433e-10 3.36913e-10
-2.89006e-10-8.11194e-10-9.87816e-10-7.50164e-10-2.21067e-10 3.66554e-10
 7.96359e-10 9.78455e-10 9.81914e-10 9.57497e-10 9.96500e-10 1.03506e-09
 8.79071e-10 3.28897e-10-6.78354e-10-1.98877e-09-3.25529e-09-4.06048e-09
-4.08773e-09-3.25257e-09-1.71559e-09 2.20599e-10 2.24346e-09 4.10378e-09
 5.61017e-09 6.57978e-09 6.79606e-09 6.03022e-09 4.15733e-09 1.30998e-09
-2.05395e-09-5.24082e-09-7.52701e-09-8.38541e-09-7.64986e-09-5.56030e-09
-2.66545e-09 3.74138e-10 2.97467e-09 4.71788e-09 5.34865e-09 4.76613e-09
 3.06016e-09 5.60356e-10-2.16916e-09-4.42660e-09-5.55920e-09-5.19876e-09
-3.44445e-09-8.68690e-10 1.68621e-09 3.42023e-09 3.86235e-09 3.04974e-09
 1.55795e-09 3.73094e-10
     0.0000e+00     0.0000e+00      0  0  0.00
     512   1.00000  0.0000e+00
-1.04451e-09-1.17469e-09-1.19468e-09-1.03451e-09-6.56307e-10-7.84851e-11
 6.22772e-10 1.33967e-09 1.97097e-09 2.44828e-09 2.74043e-09 2.84548e-09
 2.78271e-09 2.58717e-09 2.30275e-09 1.97194e-09 1.62190e-09 1.24922e-09
 8.12417e-10 2.44082e-10-5.16093e-10-1.48085e-09-2.58494e-09-3.67601e-09
-4.53062e-09-4.89296e-09-4.52752e-09-3.27979e-09-1.14883e-09 1.63642e-09
 4.59157e-09 7.06588e-09 8.43557e-09 8.31141e-09 6.66853e-09 3.85929e-09
 5.19504e-10-2.59975e-09-4.83207e-09-5.77162e-09-5.36881e-09-3.91962e-09
-1.96123e-09-1.07730e-10 1.13163e-09 1.48775e-09 9.57732e-10-2.75543e-10
-1.95889e-09-3.85708e-09-5.79927e-09-7.68810e-09-9.47412e-09-1.11094e-08
-1.25130e-08-1.35705e-08-1.41615e-08-1.41962e-08-1.36480e-08-1.25750e-08
-1.11312e-08-9.56753e-09-8.21966e-09-7.45785e-09-7.55502e-09-8.46164e-09
-9.54855e-09-9.43145e-09-5.99973e-09 3.23278e-09 2.03623e-08 4.58904e-08
 7.72891e-08 1.07687e-07 1.26770e-07 1.26822e-07 1.07071e-07 6.94707e-08
 1.79270e-08-3.67557e-08-8.01042e-08-1.00543e-07-9.22758e-08-5.82004e-08
-1.00459e-08 3.51551e-08 6.06757e-08 5.85376e-08 3.50840e-08 6.98777e-09
-9.98588e-09-1.13866e-08-6.62634e-09-1.12313e-08-3.40841e-08-7.04177e-08
-1.06591e-07-1.30939e-07-1.39089e-07-1.31699e-07-1.13605e-07-9.66781e-08
-9.70936e-08-1.23995e-07-1.72536e-07-2.29999e-07-2.81284e-07-3.03412e-07
-2.65846e-07-1.45668e-07 6.22638e-08 3.45547e-07 6.68940e-07 9.69678e-07
 1.16859e-06 1.19025e-06 9.85433e-07 5.57329e-07-2.09166e-08-6.14999e-07
-1.06642e-06-1.24695e-06-1.11224e-06-7.28819e-07-2.53810e-07 1.30828e-07
 3.01654e-07 2.51717e-07 8.66963e-08-4.57534e-08-5.30359e-08 4.60196e-08
 1.50001e-07 1.69133e-07 1.03337e-07 2.91402e-08 1.11015e-08 3.76604e-08
 5.26032e-08 3.24351e-08 4.66060e-09-4.24644e-09-2.32939e-09-5.32846e-09
-1.00312e-08-9.47219e-09-7.98532e-09-8.73520e-09-7.57943e-09-4.43515e-09
-3.10377e-09-2.40134e-09-4.63833e-10 5.95341e-10 6.04067e-10 1.36833e-09
 1.88622e-09 1.50355e-09 1.53108e-09 1.53522e-09 9.05596e-10 6.13492e-10
 4.65908e-10-3.43981e-11-2.65918e-10-4.58047e-10-9.22002e-10-1.11076e-09
-1.19051e-09-1.30192e-09-1.09174e-09-8.48242e-10-6.85081e-10-4.45356e-10
-3.52254e-10-2.66490e-10-4.30991e-11 1.65018e-10 4.76898e-10 8.35417e-10
 1.10295e-09 1.33889e-09 1.45463e-09 1.49613e-09 1.53834e-09 1.49818e-09
 1.40061e-09 1.21746e-09 9.38592e-10 6.06969e-10 1.96895e-10-2.34172e-10
-6.58710e-10-1.09283e-09-1.52687e-09-1.96356e-09-2.35100e-09-2.64286e-09
-2.81796e-09-2.87519e-09-2.83772e-09-2.70653e-09-2.49176e-09-2.19471e-09
-1.78728e-09-1.25810e-09-6.46330e-10-7.61102e-12 6.36452e-10 1.26663e-09
 1.84276e-09 2.33424e-09 2.72748e-09 3.01315e-09 3.19365e-09 3.27480e-09
 3.24607e-09 3.10396e-09 2.86766e-09 2.54839e-09 2.13546e-09 1.62430e-09
 1.03603e-09 4.09299e-10-2.01492e-10-7.34865e-10-1.16631e-09-1.52422e-09
-1.83935e-09-2.10858e-09-2.30924e-09-2.41741e-09-2.43008e-09-2.37443e-09
-2.26392e-09-2.07786e-09-1.80443e-09-1.45903e-09-1.07440e-09-6.90237e-10
-3.28810e-10 4.87607e-12 3.11749e-10 6.07598e-10 8.98683e-10 1.15604e-09
 1.34635e-09 1.45153e-09 1.46230e-09 1.38690e-09 1.24347e-09 1.05065e-09
 8.36076e-10 6.14831e-10 3.85617e-10 1.67882e-10-1.43634e-11-1.67956e-10
-3.13450e-10-4.59704e-10-5.88509e-10-6.62802e-10-6.67047e-10-6.18134e-10
-5.41591e-10-4.61800e-10-3.96882e-10-3.42641e-10-2.75800e-10-1.84420e-10
-7.57225e-11 5.07170e-11 2.08823e-10 4.03258e-10 6.19101e-10 8.26170e-10
 9.94140e-10 1.11527e-09 1.19761e-09 1.23828e-09 1.22127e-09 1.12604e-09
 9.29070e-10 6.09599e-10 1.66166e-10-3.70629e-10-9.55935e-10-1.54608e-09
-2.08220e-09-2.49788e-09-2.75085e-09-2.81784e-09-2.67704e-09-2.31964e-09
-1.75870e-09-1.02543e-09-1.82325e-10 6.78413e-10 1.47094e-09 2.12143e-09
 2.55485e-09 2.73014e-09 2.67614e-09 2.47589e-09 2.24720e-09 2.12487e-09
 2.19982e-09 2.46813e-09 2.84895e-09 3.21383e-09 3.38947e-09 3.17250e-09
 2.37392e-09 8.73908e-10-1.33088e-09-4.08930e-09-7.08622e-09-9.88359e-09
-1.19763e-08-1.28610e-08-1.21577e-08-9.73310e-09-5.77002e-09-7.73744e-10
 4.51844e-09 9.28938e-09 1.27837e-08 1.44428e-08 1.40174e-08 1.16200e-08
 7.72996e-09 3.11082e-09-1.36972e-09-4.92095e-09-6.98362e-09-7.35597e-09
-6.21914e-09-4.06971e-09-1.59004e-09 5.50524e-10 1.87534e-09 2.19702e-09
 1.64596e-09 5.99586e-10-4.62824e-10-1.10360e-09-1.06589e-09-3.69668e-10
 7.05568e-10 1.72663e-09 2.25446e-09 2.00430e-09 9.49033e-10-6.71857e-10
-2.41738e-09-3.77512e-09-4.32722e-09-3.88778e-09-2.56979e-09-7.58702e-10
 1.01318e-09 2.25088e-09 2.66240e-09 2.24540e-09 1.27418e-09 1.89739e-10
-5.60602e-10-6.72837e-10-9.66259e-11 9.42022e-10 2.03668e-09 2.75945e-09
 2.82069e-09 2.18197e-09 1.06506e-09-1.43200e-10-1.03689e-09-1.34552e-09
-1.04249e-09-3.50487e-10 3.50861e-10 6.74872e-10 3.88388e-10-4.88411e-10
-1.68816e-09-2.79938e-09-3.42810e-09-3.35408e-09-2.61630e-09-1.49445e-09
-3.94108e-10 3.20752e-10 4.79653e-10 1.71873e-10-3.01724e-10-5.67439e-10
-3.49305e-10 4.07620e-10 1.51552e-09 2.62481e-09 3.37380e-09 3.54540e-09
 3.15657e-09 2.43981e-09 1.72707e-09 1.28598e-09 1.18862e-09 1.28271e-09
 1.27122e-09 8.60207e-10-8.78173e-11-1.47092e-09-2.97640e-09-4.20386e-09
-4.82736e-09-4.72711e-09-4.03054e-09-3.04195e-09-2.09589e-09-1.40548e-09
-9.79662e-10-6.51035e-10-1.91266e-10 5.53614e-10 1.57082e-09 2.66988e-09
 3.56411e-09 4.01083e-09 3.93455e-09 3.46369e-09 2.86116e-09 2.38502e-09
 2.15167e-09 2.07338e-09 1.90537e-09 1.38176e-09 3.69757e-10-1.04131e-09
-2.56237e-09-3.82326e-09-4.53033e-09-4.59169e-09-4.14530e-09-3.46718e-09
-2.81075e-09-2.27528e-09-1.78082e-09-1.15369e-09-2.61804e-10 8.79491e-10
 2.08844e-09 3.09820e-09 3.69593e-09 3.83740e-09 3.66463e-09 3.41158e-09
 3.25311e-09 3.18740e-09 3.02323e-09 2.48792e-09 1.40324e-09-1.75243e-10
-1.94674e-09-3.48985e-09-4.44389e-09-4.64716e-09-4.17485e-09-3.27306e-09
-2.22778e-09-1.24120e-09-3.90450e-10 3.12599e-10 8.24719e-10 1.03259e-09
 8.14177e-10 1.58916e-10-7.39003e-10-1.48663e-09-1.62121e-09-8.14841e-10
 9.49684e-10 3.32923e-09 5.72203e-09 7.46580e-09 8.04102e-09 7.20473e-09
 5.01649e-09 1.76572e-09-2.13247e-09-6.19305e-09-9.85891e-09-1.25133e-08
-1.35776e-08-1.26814e-08-9.82084e-09-5.42152e-09-2.71982e-10 4.66754e-09
 8.52536e-09 1.07438e-08 1.11740e-08 1.00188e-08 7.69143e-09 4.68382e-09
 1.49769e-09-1.37285e-09-3.45511e-09-4.37106e-09-3.99414e-09-2.62746e-09
-1.09142e-09-2.08196e-10
