      10
(6e12.5)
     0.0000e+00     0.0000e+00      0  0  0.00
     400   1.00000  0.0000e+00
 1.04836e-07 1.12692e-07 1.16119e-07 1.13536e-07 1.02848e-07 8.20173e-08
 5.02828e-08 9.79390e-09-3.37760e-08-7.30438e-08-1.02631e-07-1.22073e-07
-1.34825e-07-1.43602e-07-1.46903e-07-1.41044e-07-1.25284e-07-1.03325e-07
-7.94084e-08-5.48763e-08-2.95773e-08-4.66626e-09 1.77229e-08 3.63416e-08
 5.09012e-08 6.11708e-08 6.70254e-08 6.87895e-08 6.69974e-08 6.22178e-08
 5.51828e-08 4.67074e-08 3.75107e-08 2.82377e-08 1.94727e-08 1.16580e-08
 5.09198e-09-4.11042e-11-3.69267e-09-5.93731e-09-6.92875e-09-6.88513e-09
-6.06968e-09-4.75524e-09-3.20628e-09-1.66472e-09-3.29894e-10 6.48837e-10
 1.17373e-09 1.20218e-09 7.42648e-10-1.53190e-10-1.39737e-09-2.87733e-09
-4.46894e-09-6.04648e-09-7.49246e-09-8.70609e-09-9.60858e-09-1.01468e-08
-1.02952e-08-1.00550e-08-9.45340e-09-8.54042e-09-7.38205e-09-6.05373e-09
-4.63430e-09-3.20084e-09-1.82419e-09-5.64853e-10 5.30131e-10 1.42920e-09
 2.11789e-09 2.59931e-09 2.89224e-09 3.02736e-09 3.04313e-09 2.98196e-09
 2.88623e-09 2.79459e-09 2.73917e-09 2.74382e-09 2.82225e-09 2.97665e-09
 3.19803e-09 3.46794e-09 3.76025e-09 4.04310e-09 4.28098e-09 4.43749e-09
 4.47895e-09 4.37828e-09 4.11771e-09 3.68999e-09 3.09892e-09 2.35903e-09
 1.49451e-09 5.38047e-10-4.70099e-10-1.48445e-09-2.45871e-09-3.34957e-09
-4.11803e-09-4.72981e-09-5.15718e-09-5.38232e-09-5.40032e-09-5.21944e-09
-4.85797e-09-4.34050e-09-3.69663e-09-2.96151e-09-2.17523e-09-1.37910e-09
-6.10881e-10 9.84979e-11 7.24917e-10 1.24889e-09 1.65517e-09 1.93632e-09
 2.09630e-09 2.14873e-09 2.11132e-09 2.00179e-09 1.83754e-09 1.63729e-09
 1.42146e-09 1.20957e-09 1.01658e-09 8.50815e-10 7.15520e-10 6.12207e-10
 5.41699e-10 5.01598e-10 4.84349e-10 4.78932e-10 4.74809e-10 4.65115e-10
 4.46819e-10 4.18490e-10 3.78658e-10 3.26283e-10 2.62263e-10 1.90167e-10
 1.14954e-10 4.07674e-11-2.98261e-11-9.52806e-11-1.54977e-10-2.09594e-10
-2.61547e-10-3.15502e-10-3.77788e-10-4.54470e-10-5.50074e-10-6.67064e-10
-8.04781e-10-9.58638e-10-1.12068e-09-1.28071e-09-1.42685e-09-1.54526e-09
-1.61975e-09-1.63257e-09-1.56701e-09-1.41060e-09-1.15751e-09-8.08724e-10
-3.71264e-10 1.41446e-10 7.08956e-10 1.30472e-09 1.89799e-09 2.45533e-09
 2.94168e-09 3.32126e-09 3.55931e-09 3.62593e-09 3.50046e-09 3.17323e-09
 2.64470e-09 1.92503e-09 1.03514e-09 9.20405e-12-1.10370e-09-2.24131e-09
-3.33297e-09-4.30522e-09-5.08608e-09-5.60868e-09-5.81608e-09-5.66899e-09
-5.15353e-09-4.28519e-09-3.10812e-09-1.69171e-09-1.26368e-10 1.48089e-09
 3.01351e-09 4.35654e-09 5.40932e-09 6.09594e-09 6.37123e-09 6.22245e-09
 5.66902e-09 4.76150e-09 3.57801e-09 2.21715e-09 7.87770e-10-6.02254e-10
-1.85540e-09-2.89060e-09-3.64763e-09-4.09085e-09-4.21185e-09-4.02925e-09
-3.58510e-09-2.93830e-09-2.15762e-09-1.31550e-09-4.82326e-10 2.79144e-10
 9.18899e-10 1.40309e-09 1.71476e-09 1.85259e-09 1.82863e-09 1.66531e-09
 1.39250e-09 1.04504e-09 6.60323e-10 2.75556e-10-7.43462e-11-3.58901e-10
-5.54478e-10-6.46400e-10-6.30570e-10-5.14439e-10-3.16565e-10-6.47605e-11
 2.06967e-10 4.62690e-10 6.68972e-10 7.98093e-10 8.30034e-10 7.53354e-10
 5.65064e-10 2.70159e-10-1.18925e-10-5.82910e-10-1.09587e-09-1.62527e-09
-2.13276e-09-2.57600e-09-2.91164e-09-3.09987e-09-3.10945e-09-2.92175e-09
-2.53324e-09-1.95640e-09-1.21860e-09-3.59107e-10 5.74795e-10 1.53168e-09
 2.45880e-09 3.30388e-09 4.01692e-09 4.55259e-09 4.87307e-09 4.95181e-09
 4.77748e-09 4.35690e-09 3.71621e-09 2.89945e-09 1.96431e-09 9.75987e-10
 9.01584e-13-8.98606e-10-1.66773e-09-2.26093e-09-2.64338e-09-2.79292e-09
-2.70236e-09-2.38179e-09-1.86063e-09-1.18836e-09-4.32783e-10 3.25333e-10
 1.00032e-09 1.51029e-09 1.78460e-09 1.76964e-09 1.43272e-09 7.64361e-10
-2.20417e-10-1.48133e-09-2.95290e-09-4.54565e-09-6.14947e-09-7.63979e-09
-8.88707e-09-9.76883e-09-1.01822e-08-1.00543e-08-9.34795e-09-8.06439e-09
-6.24227e-09-3.95504e-09-1.30596e-09 1.57793e-09 4.55203e-09 7.46128e-09
 1.01497e-08 1.24719e-08 1.43060e-08 1.55635e-08 1.61962e-08 1.61982e-08
 1.56036e-08 1.44815e-08 1.29308e-08 1.10744e-08 9.05235e-09 7.01432e-09
 5.10882e-09 3.47040e-09 2.20426e-09 1.37063e-09 9.73072e-10 9.54270e-10
 1.19908e-09 1.54232e-09 1.77965e-09 1.68223e-09 1.01505e-09-4.41695e-10
-2.86862e-09-6.38132e-09-1.10056e-08-1.66582e-08-2.31384e-08-3.01312e-08
-3.72237e-08-4.39308e-08-4.97270e-08-5.40812e-08-5.64942e-08-5.65388e-08
-5.39017e-08-4.84211e-08-4.01150e-08-2.91952e-08-1.60651e-08-1.30054e-09
 1.43875e-08 3.02031e-08 4.53229e-08 5.89548e-08 7.03971e-08 7.90949e-08
 8.46853e-08 8.70237e-08 8.61826e-08 8.24182e-08 7.61086e-08 6.76865e-08
 5.75968e-08 4.62879e-08 3.42083e-08 2.17847e-08 9.39474e-09-2.65159e-09
-1.41170e-08-2.48249e-08-3.46363e-08-4.34291e-08-5.10902e-08-5.75131e-08
-6.25719e-08-6.60654e-08-6.76854e-08-6.70606e-08-6.38684e-08-5.79499e-08
-4.93779e-08-3.84746e-08-2.58004e-08-1.21322e-08 1.58184e-09 1.43007e-08
 2.50046e-08 3.28231e-08 3.71530e-08 3.77474e-08 3.47732e-08 2.88382e-08
 2.09823e-08 1.26199e-08 5.42620e-09 1.17132e-09
     0.0000e+00     0.0000e+00      0  0  0.00
     400   1.00000  0.0000e+00
 5.25675e-09 2.02892e-08 3.51500e-08 4.88747e-08 6.05321e-08 6.92937e-08
 7.44943e-08 7.56823e-08 7.26547e-08 6.54783e-08 5.44934e-08 4.03035e-08
 2.37476e-08 5.85521e-09-1.22163e-08-2.92585e-08-4.40991e-08-5.56916e-08
-6.31998e-08-6.60705e-08-6.40842e-08-5.73819e-08-4.64635e-08-3.21597e-08
-1.55783e-08 1.97161e-09 1.90736e-08 3.43092e-08 4.63673e-08 5.41503e-08
 5.68666e-08 5.41036e-08 4.58729e-08 3.26255e-08 1.52339e-08-5.05941e-09
-2.67224e-08-4.80401e-08-6.72410e-08-8.26342e-08-9.27483e-08-9.64582e-08
-9.30873e-08-8.24782e-08-6.50228e-08-4.16516e-08-1.37822e-08 1.67687e-08
 4.79052e-08 7.73969e-08 1.03042e-07 1.22841e-07 1.35161e-07 1.38890e-07
 1.33550e-07 1.19364e-07 9.72608e-08 6.88328e-08 3.62237e-08 1.97946e-09
-3.11405e-08-6.03764e-08-8.31922e-08-9.74969e-08-1.01849e-07-9.56239e-08
-7.91273e-08-5.36342e-08-2.13450e-08 1.47439e-08 5.10478e-08 8.36673e-08
 1.08706e-07 1.22612e-07 1.22518e-07 1.06554e-07 7.41125e-08 2.60317e-08
-3.53266e-08-1.06121e-07-1.81212e-07-2.54480e-07-3.19261e-07-3.68876e-07
-3.97213e-07-3.99308e-07-3.71908e-07-3.13921e-07-2.26752e-07-1.14445e-07
 1.63874e-08 1.56875e-07 2.96451e-07 4.23645e-07 5.27061e-07 5.96483e-07
 6.24009e-07 6.05128e-07 5.39619e-07 4.32174e-07 2.92606e-07 1.35480e-07
-2.12143e-08-1.58765e-07-2.61546e-07-3.20344e-07-3.33412e-07-3.05161e-07
-2.43994e-07-1.60577e-07-6.66697e-08 2.58998e-08 1.06295e-07 1.65616e-07
 1.97537e-07 1.98585e-07 1.68166e-07 1.08418e-07 2.39267e-08-7.86991e-08
-1.91378e-07-3.05172e-07-4.10801e-07-4.99089e-07-5.61755e-07-5.92613e-07
-5.88406e-07-5.48787e-07-4.75724e-07-3.73006e-07-2.46232e-07-1.02808e-07
 4.89063e-08 2.01271e-07 3.48663e-07 4.86957e-07 6.10922e-07 7.11680e-07
 7.77323e-07 7.96614e-07 7.62605e-07 6.75041e-07 5.42349e-07 3.81275e-07
 2.11905e-07 5.09794e-08-9.12832e-08-2.09825e-07-3.02004e-07-3.66463e-07
-4.03434e-07-4.14848e-07-4.03915e-07-3.74730e-07-3.31910e-07-2.80165e-07
-2.23925e-07-1.67102e-07-1.12933e-07-6.38873e-08-2.16389e-08 1.28967e-08
 3.94681e-08 5.83593e-08 7.02411e-08 7.60249e-08 7.67363e-08 7.34250e-08
 6.71087e-08 5.87436e-08 4.92049e-08 3.92694e-08 2.96003e-08 2.07369e-08
 1.30949e-08 6.97351e-09 2.56450e-09-4.19802e-11-8.52863e-10 3.39733e-11
 2.43723e-09 6.10040e-09 1.07015e-08 1.58649e-08 2.11761e-08 2.62011e-08
 3.05102e-08 3.37051e-08 3.54477e-08 3.54858e-08 3.36740e-08 2.99877e-08
 2.45280e-08 1.75198e-08 9.30133e-09 3.04841e-10-8.97146e-09-1.79965e-08
-2.62422e-08-3.32199e-08-3.85146e-08-4.18138e-08-4.29301e-08-4.18158e-08
-3.85672e-08-3.34188e-08-2.67265e-08-1.89415e-08-1.05797e-08-2.18521e-09
 5.70821e-09 1.26150e-08 1.81312e-08 2.19618e-08 2.39402e-08 2.40380e-08
 2.23627e-08 1.91467e-08 1.47272e-08 9.51900e-09 3.98107e-09-1.41869e-09
-6.23893e-09-1.00980e-08-1.27029e-08-1.38702e-08-1.35382e-08-1.17690e-08
-8.74229e-09-4.73955e-09-1.20602e-10 4.70634e-09 9.31782e-09 1.33095e-08
 1.63281e-08 1.80987e-08 1.84452e-08 1.73046e-08 1.47325e-08 1.08988e-08
 6.07485e-09 6.11541e-10-5.08672e-09-1.05934e-08-1.54925e-08-1.94105e-08
-2.20449e-08-2.31875e-08-2.27402e-08-2.07221e-08-1.72670e-08-1.26140e-08
-7.09027e-09-1.08622e-09 4.97395e-09 1.06632e-08 1.55834e-08 1.93947e-08
 2.18414e-08 2.27696e-08 2.21372e-08 2.00169e-08 1.65888e-08 1.21263e-08
 6.97319e-09 1.51817e-09-3.83467e-09-8.69598e-09-1.27205e-08-1.56326e-08
-1.72463e-08-1.74784e-08-1.63541e-08-1.40031e-08-1.06489e-08-6.58942e-09
-2.17280e-09 2.23054e-09 6.25690e-09 9.57747e-09 1.19237e-08 1.31082e-08
 1.30397e-08 1.17303e-08 9.29426e-09 5.93867e-09 1.94698e-09-2.34345e-09
-6.56840e-09-1.03658e-08-1.34041e-08-1.54089e-08-1.61845e-08-1.56301e-08
-1.37492e-08-1.06512e-08-6.54258e-09-1.71296e-09 3.48638e-09 8.66878e-09
 1.34418e-08 1.74362e-08 2.03339e-08 2.18936e-08 2.19699e-08 2.05245e-08
 1.76303e-08 1.34669e-08 8.30783e-09 2.50066e-09-3.55633e-09-9.44317e-09
-1.47501e-08-1.91075e-08-2.22128e-08-2.38530e-08-2.39195e-08-2.24156e-08
-1.94567e-08-1.52623e-08-1.01383e-08-4.45246e-09 1.39055e-09 6.97895e-09
 1.19247e-08 1.58920e-08 1.86219e-08 1.99525e-08 1.98294e-08 1.83060e-08
 1.55379e-08 1.17722e-08 7.32758e-09 2.56935e-09-2.11982e-09-6.37115e-09
-9.85893e-09-1.23241e-08-1.35922e-08-1.35878e-08-1.23412e-08-9.98519e-09
-6.74349e-09-2.91158e-09 1.16808e-09 5.13360e-09 8.63111e-09 1.13434e-08
 1.30172e-08 1.34854e-08 1.26803e-08 1.06399e-08 7.50514e-09 3.50923e-09
-1.03906e-09-5.77884e-09-1.03258e-08-1.43028e-08-1.73711e-08-1.92572e-08
-1.97756e-08-1.88446e-08-1.64937e-08-1.28635e-08-8.19533e-09-2.81491e-09
 2.89298e-09 8.51416e-09 1.36372e-08 1.78858e-08 2.09486e-08 2.26026e-08
 2.27313e-08 2.13350e-08 1.85309e-08 1.45437e-08 9.68785e-09 4.33996e-09
-1.09116e-09-6.19734e-09-1.06048e-08-1.40049e-08-1.61801e-08-1.70222e-08
-1.65404e-08-1.48574e-08-1.21968e-08-8.86125e-09-5.20248e-09-1.58695e-09
 1.64129e-09 4.19720e-09 5.88500e-09 6.61964e-09 6.43773e-09 5.49531e-09
 4.05249e-09 2.44590e-09 1.04929e-09 2.25551e-10
     0.0000e+00     0.0000e+00      0  0  0.00
     400   1.00000  0.0000e+00
 4.60451e-10 4.58891e-09 8.41359e-09 1.17289e-08 1.43863e-08 1.62959e-08
 1.74248e-08 1.77922e-08 1.74591e-08 1.65155e-08 1.50680e-08 1.32309e-08
 1.11203e-08 8.84937e-09 6.52144e-09 4.22407e-09 2.02675e-09-1.72304e-11
-1.86828e-09-3.49982e-09-4.89836e-09-6.06151e-09-6.99329e-09-7.69988e-09
-8.18746e-09-8.46260e-09-8.53391e-09-8.41270e-09-8.11203e-09-7.64539e-09
-7.02653e-09-6.27050e-09-5.39481e-09-4.41952e-09-3.36658e-09-2.26020e-09
-1.12743e-09 2.10298e-12 1.09759e-09 2.12887e-09 3.06769e-09 3.88820e-09
 4.56787e-09 5.08857e-09 5.43682e-09 5.60314e-09 5.58201e-09 5.37299e-09
 4.98262e-09 4.42590e-09 3.72561e-09 2.90937e-09 2.00729e-09 1.05100e-09
 7.34671e-11-8.90617e-10-1.80483e-09-2.63282e-09-3.34105e-09-3.90068e-09
-4.28916e-09-4.49186e-09-4.50212e-09-4.31952e-09-3.94865e-09-3.40090e-09
-2.69735e-09-1.86925e-09-9.55900e-10-2.51468e-12 9.41091e-10 1.82218e-09
 2.58805e-09 3.19024e-09 3.58904e-09 3.75724e-09 3.68259e-09 3.36957e-09
 2.84120e-09 2.14042e-09 1.32806e-09 4.76358e-10-3.40061e-10-1.05212e-09
-1.60152e-09-1.94497e-09-2.05943e-09-1.94695e-09-1.63543e-09-1.17398e-09
-6.24971e-10-5.64490e-11 4.63513e-10 8.73108e-10 1.12425e-09 1.18877e-09
 1.06143e-09 7.58770e-10 3.15029e-10-2.22045e-10-7.95225e-10-1.34324e-09
-1.80747e-09-2.13848e-09-2.30088e-09-2.27607e-09-2.06301e-09-1.67746e-09
-1.14977e-09-5.21522e-10 1.58893e-10 8.41547e-10 1.48013e-09 2.03547e-09
 2.47748e-09 2.78581e-09 2.94961e-09 2.96672e-09 2.84238e-09 2.58748e-09
 2.21728e-09 1.75111e-09 1.21233e-09 6.27724e-10 2.66078e-11-5.61024e-10
-1.10698e-09-1.58693e-09-1.98177e-09-2.27817e-09-2.46821e-09-2.54833e-09
-2.51797e-09-2.37850e-09-2.13323e-09-1.78886e-09-1.35701e-09-8.55218e-10
-3.07176e-10 2.58082e-10 8.08072e-10 1.30931e-09 1.73019e-09 2.04387e-09
 2.23051e-09 2.27808e-09 2.18184e-09 1.94282e-09 1.56649e-09 1.06255e-09
 4.45254e-10-2.65851e-10-1.04454e-09-1.85673e-09-2.66060e-09-3.40888e-09
-4.05305e-09-4.54840e-09-4.85756e-09-4.95194e-09-4.81155e-09-4.42434e-09
-3.78645e-09-2.90381e-09-1.79463e-09-4.91922e-10 9.54924e-10 2.48107e-09
 4.01064e-09 5.46429e-09 6.76778e-09 7.85894e-09 8.69101e-09 9.23333e-09
 9.47075e-09 9.40295e-09 9.04329e-09 8.41702e-09 7.55929e-09 6.51274e-09
 5.32452e-09 4.04206e-09 2.70819e-09 1.35721e-09 1.31917e-11-1.30905e-09
-2.60123e-09-3.85868e-09-5.07823e-09-6.25639e-09-7.38785e-09-8.46496e-09
-9.47912e-09-1.04234e-08-1.12942e-08-1.20897e-08-1.28068e-08-1.34371e-08
-1.39646e-08-1.43653e-08-1.46071e-08-1.46525e-08-1.44615e-08-1.39960e-08
-1.32212e-08-1.21058e-08-1.06223e-08-8.74897e-09-6.47567e-09-3.80937e-09
-7.76912e-10 2.57781e-09 6.20058e-09 1.00339e-08 1.40216e-08 1.81094e-08
 2.22430e-08 2.63629e-08 3.03988e-08 3.42682e-08 3.78798e-08 4.11413e-08
 4.39647e-08 4.62657e-08 4.79590e-08 4.89527e-08 4.91474e-08 4.84382e-08
 4.67173e-08 4.38740e-08 3.97921e-08 3.43458e-08 2.73989e-08 1.88097e-08
 8.44603e-09-3.78854e-09-1.79196e-08-3.38663e-08-5.14134e-08-7.01942e-08
-8.96823e-08-1.09186e-07-1.27853e-07-1.44684e-07-1.58573e-07-1.68364e-07
-1.72930e-07-1.71257e-07-1.62537e-07-1.46258e-07-1.22285e-07-9.09352e-08
-5.30426e-08-1.00074e-08 3.61925e-08 8.30877e-08 1.27922e-07 1.67931e-07
 2.00633e-07 2.24079e-07 2.37044e-07 2.39120e-07 2.30729e-07 2.13037e-07
 1.87775e-07 1.56990e-07 1.22775e-07 8.70687e-08 5.15650e-08 1.76966e-08
-1.33659e-08-4.07305e-08-6.37993e-08-8.22572e-08-9.60330e-08-1.05252e-07
-1.10194e-07-1.11268e-07-1.08974e-07-1.03880e-07-9.65829e-08-8.76771e-08
-7.77336e-08-6.72803e-08-5.67888e-08-4.66615e-08-3.72183e-08-2.86881e-08
-2.12100e-08-1.48464e-08-9.59698e-09-5.40390e-09-2.14994e-09 3.40479e-10
 2.29014e-09 3.95143e-09 5.58985e-09 7.46951e-09 9.83453e-09 1.28833e-08
 1.67411e-08 2.14395e-08 2.69086e-08 3.29798e-08 3.93959e-08 4.58264e-08
 5.18866e-08 5.71596e-08 6.12181e-08 6.36466e-08 6.40686e-08 6.21791e-08
 5.77769e-08 5.07872e-08 4.12739e-08 2.94467e-08 1.56652e-08 4.37000e-10
-1.55999e-08-3.17058e-08-4.70768e-08-6.08864e-08-7.23335e-08-8.06937e-08
-8.53656e-08-8.59127e-08-8.21082e-08-7.39893e-08-6.19243e-08-4.66714e-08
-2.93964e-08-1.16145e-08 4.95551e-09 1.86121e-08 2.79307e-08 3.20068e-08
 3.06256e-08 2.43216e-08 1.43159e-08 2.34978e-09-9.53997e-09-1.92556e-08
-2.48538e-08-2.47380e-08-1.78300e-08-3.71708e-09 1.72371e-08 4.38322e-08
 7.40364e-08 1.05060e-07 1.33500e-07 1.55707e-07 1.68529e-07 1.69946e-07
 1.59066e-07 1.35826e-07 1.00898e-07 5.56976e-08 2.36600e-09-5.62688e-08
-1.16774e-07-1.75238e-07-2.27449e-07-2.69113e-07-2.96141e-07-3.05021e-07
-2.93335e-07-2.60447e-07-2.08159e-07-1.40900e-07-6.51641e-08 1.14910e-08
 8.16692e-08 1.39573e-07 1.82185e-07 2.09421e-07 2.23080e-07 2.25264e-07
 2.17236e-07 1.99471e-07 1.72819e-07 1.39618e-07 1.03467e-07 6.77891e-08
 3.46522e-08 4.86751e-09-2.13597e-08-4.42437e-08-6.38838e-08-7.90529e-08
-8.74077e-08-8.74265e-08-7.95289e-08-6.57406e-08-4.89278e-08-3.19770e-08
-1.73925e-08-7.10415e-09-1.79643e-09-1.82682e-10
     0.0000e+00     0.0000e+00      0  0  0.00
     400   1.00000  0.0000e+00
 2.57687e-06 2.93412e-06 3.14469e-06 3.18309e-06 3.03698e-06 2.70844e-06
 2.21390e-06 1.58268e-06 8.54754e-07 7.76091e-08-6.97524e-07-1.41990e-06
-2.04337e-06-2.53018e-06-2.85404e-06-3.00331e-06-2.98362e-06-2.81657e-06
-2.53306e-06-2.16601e-06-1.74600e-06-1.29896e-06-8.45367e-07-4.01192e-07
 2.04203e-08 4.08034e-07 7.51677e-07 1.04209e-06 1.26921e-06 1.42222e-06
 1.49287e-06 1.48013e-06 1.39288e-06 1.24811e-06 1.06546e-06 8.62666e-07
 6.54446e-07 4.53344e-07 2.69728e-07 1.11064e-07-1.83807e-08-1.17188e-07
-1.86287e-07-2.28459e-07-2.47812e-07-2.49238e-07-2.37909e-07-2.18814e-07
-1.96385e-07-1.74240e-07-1.55033e-07-1.40395e-07-1.30985e-07-1.26606e-07
-1.26399e-07-1.29058e-07-1.33058e-07-1.36864e-07-1.39095e-07-1.38653e-07
-1.34797e-07-1.27176e-07-1.15827e-07-1.01134e-07-8.37611e-08-6.45677e-08
-4.45159e-08-2.45790e-08-5.65781e-09 1.14885e-08 2.62927e-08 3.84079e-08
 4.77117e-08 5.42901e-08 5.84031e-08 6.04395e-08 6.08640e-08 6.01623e-08
 5.87914e-08 5.71370e-08 5.54837e-08 5.39963e-08 5.27151e-08 5.15652e-08
 5.03772e-08 4.89159e-08 4.69144e-08 4.41116e-08 4.02872e-08 3.52930e-08
 2.90749e-08 2.16882e-08 1.33010e-08 4.18785e-09-5.28954e-09-1.47077e-08
-2.36119e-08-3.15495e-08-3.81047e-08-4.29313e-08-4.57802e-08-4.65195e-08
-4.51463e-08-4.17883e-08-3.66960e-08-3.02255e-08-2.28138e-08-1.49490e-08
-7.13470e-09 1.46311e-10 6.46701e-09 1.14844e-08 1.49605e-08 1.67770e-08
 1.69406e-08 1.55792e-08 1.29284e-08 9.31068e-09 5.10915e-09 7.37394e-10
-3.39340e-09-6.90594e-09-9.48461e-09-1.08990e-08-1.10216e-08-9.83647e-09
-7.43868e-09-4.02436e-09 1.25583e-10 4.66769e-09 9.22402e-09 1.34130e-08
 1.68796e-08 1.93226e-08 2.05179e-08 2.03374e-08 1.87587e-08 1.58661e-08
 1.18447e-08 6.96722e-09 1.57353e-09-3.95551e-09-9.22753e-09-1.38674e-08
-1.75440e-08-1.99954e-08-2.10498e-08-2.06382e-08-1.87993e-08-1.56758e-08
-1.15043e-08-6.59756e-09-1.32067e-09 3.93679e-09 8.78888e-09 1.28821e-08
 1.59225e-08 1.76976e-08 1.80908e-08 1.70890e-08 1.47839e-08 1.13650e-08
 7.10497e-09 2.33715e-09-2.56905e-09-7.23595e-09-1.13065e-08-1.44718e-08
-1.64937e-08-1.72209e-08-1.66007e-08-1.46837e-08-1.16199e-08-7.64730e-09
-3.07358e-09 1.74792e-09 6.44561e-09 1.06586e-08 1.40637e-08 1.63993e-08
 1.74838e-08 1.72301e-08 1.56531e-08 1.28684e-08 9.08350e-09 4.58214e-09
-2.95644e-10-5.18037e-09-9.70203e-09-1.35180e-08-1.63383e-08-1.79476e-08
-1.82213e-08-1.71349e-08-1.47658e-08-1.12873e-08-6.95692e-09-2.09768e-09
 2.92629e-09 7.73893e-09 1.19805e-08 1.53345e-08 1.75515e-08 1.84677e-08
 1.80158e-08 1.62313e-08 1.32497e-08 9.29682e-09 4.67149e-09-2.77148e-10
-5.17577e-09-9.65501e-09-1.33779e-08-1.60661e-08-1.75209e-08-1.76372e-08
-1.64108e-08-1.39399e-08-1.04174e-08-6.11653e-09-1.37040e-09 3.45372e-09
 7.98335e-09 1.18688e-08 1.48098e-08 1.65797e-08 1.70415e-08 1.61591e-08
 1.40003e-08 1.07323e-08 6.60869e-09 1.95085e-09-2.87638e-09-7.49355e-09
-1.15357e-08-1.46808e-08-1.66733e-08-1.73454e-08-1.66311e-08-1.45723e-08
-1.13160e-08-7.10384e-09-2.25419e-09 2.86197e-09 7.84731e-09 1.23091e-08
 1.58899e-08 1.82955e-08 1.93183e-08 1.88542e-08 1.69108e-08 1.36084e-08
 9.17353e-09 3.92266e-09-1.76048e-09-7.45341e-09-1.27269e-08-1.71762e-08
-2.04519e-08-2.22873e-08-2.25191e-08-2.11010e-08-1.81094e-08-1.37379e-08
-8.28502e-09-2.13328e-09 4.27847e-09 1.04869e-08 1.60383e-08 2.05217e-08
 2.36001e-08 2.50352e-08 2.47064e-08 2.26212e-08 1.89144e-08 1.38397e-08
 7.75178e-09 1.08097e-09-5.69763e-09-1.20986e-08-1.76618e-08-2.19868e-08
-2.47612e-08-2.57846e-08-2.49825e-08-2.24125e-08-1.82603e-08-1.28263e-08
-6.50341e-09 2.51691e-10 6.95184e-09 1.31149e-08 1.82991e-08 2.21348e-08
 2.43525e-08 2.48018e-08 2.34627e-08 2.04469e-08 1.59897e-08 1.04319e-08
 4.19507e-09-2.25070e-09-8.42231e-09-1.38606e-08-1.81660e-08-2.10289e-08
-2.22548e-08-2.17784e-08-1.96686e-08-1.61222e-08-1.14458e-08-6.02993e-09
-3.14694e-10 5.24756e-09 1.02305e-08 1.42684e-08 1.70843e-08 1.85088e-08
 1.84883e-08 1.70826e-08 1.44522e-08 1.08392e-08 6.54193e-09 1.88974e-09
-2.78210e-09-7.15352e-09-1.09365e-08-1.38877e-08-1.58172e-08-1.65958e-08
-1.61603e-08-1.45197e-08-1.17595e-08-8.04543e-09-3.62183e-09 1.19539e-09
 6.03470e-09 1.04938e-08 1.41726e-08 1.67124e-08 1.78347e-08 1.73773e-08
 1.53187e-08 1.17896e-08 7.06664e-09 1.54940e-09-4.27729e-09-9.89059e-09
-1.47809e-08-1.85007e-08-2.07056e-08-2.11836e-08-1.98707e-08-1.68526e-08
-1.23538e-08-6.71636e-09-3.70457e-10 6.19971e-09 1.24934e-08 1.80314e-08
 2.23920e-08 2.52431e-08 2.63670e-08 2.56756e-08 2.32154e-08 1.91607e-08
 1.37967e-08 7.49544e-09 6.86599e-10-6.17261e-09-1.26262e-08-1.82462e-08
-2.26561e-08-2.55542e-08-2.67343e-08-2.61050e-08-2.37057e-08-1.97151e-08
-1.44484e-08-8.33932e-09-1.90630e-09 4.29651e-09 9.73715e-09 1.39652e-08
 1.66634e-08 1.76825e-08 1.70555e-08 1.49870e-08 1.18225e-08 8.00201e-09
 4.00533e-09 2.96887e-10-2.72569e-09-4.77528e-09-5.70929e-09-5.55192e-09
-4.50244e-09-2.92674e-09-1.32837e-09-2.96918e-10
     0.0000e+00     0.0000e+00      0  0  0.00
     400   1.00000  0.0000e+00
 5.51718e-08 2.07499e-07 3.46136e-07 4.63334e-07 5.53721e-07 6.14314e-07
 6.44373e-07 6.45106e-07 6.19299e-07 5.70894e-07 5.04559e-07 4.25288e-07
 3.38049e-07 2.47507e-07 1.57819e-07 7.25048e-08-5.61990e-09-7.44619e-08
-1.32620e-07-1.79328e-07-2.14371e-07-2.38007e-07-2.50879e-07-2.53938e-07
-2.48364e-07-2.35496e-07-2.16765e-07-1.93637e-07-1.67565e-07-1.39950e-07
-1.12101e-07-8.51966e-08-6.02578e-08-3.81189e-08-1.94096e-08-4.53885e-09
 6.31652e-09 1.32161e-08 1.64484e-08 1.65108e-08 1.40759e-08 9.94640e-09
 5.00328e-09 1.46198e-10-3.76996e-09-5.99814e-09-5.95635e-09-3.27495e-09
 2.17142e-09 1.02496e-08 2.05711e-08 3.25145e-08 4.52677e-08 5.78866e-08
 6.93679e-08 7.87302e-08 8.50942e-08 8.77573e-08 8.62551e-08 8.04046e-08
 7.03261e-08 5.64429e-08 3.94574e-08 2.03065e-08 1.01386e-10-1.99456e-08
-3.86027e-08-5.47028e-08-6.72268e-08-7.53812e-08-7.86615e-08-7.68974e-08
-7.02746e-08-5.93272e-08-4.49022e-08-2.80977e-08-1.01800e-08 7.51389e-09
 2.36775e-08 3.71324e-08 4.69136e-08 5.23375e-08 5.30486e-08 4.90435e-08
 4.06718e-08 2.86125e-08 1.38292e-08-2.49777e-09-1.90562e-08-3.45003e-08
-4.75543e-08-5.71128e-08-6.23291e-08-6.26832e-08-5.80240e-08-4.85833e-08
-3.49607e-08-1.80836e-08 8.55507e-10 2.04792e-08 3.93197e-08 5.59227e-08
 6.89559e-08 7.73156e-08 8.02217e-08 7.72945e-08 6.86010e-08 5.46662e-08
 3.64441e-08 1.52507e-08-7.33636e-09-2.96023e-08-4.98320e-08-6.64475e-08
-7.81347e-08-8.39487e-08-8.33908e-08-7.64514e-08-6.36143e-08-4.58240e-08
-2.44156e-08-1.01569e-09 2.25810e-08 4.45471e-08 6.31616e-08 7.69411e-08
 8.47547e-08 8.59140e-08 8.02336e-08 6.80556e-08 5.02359e-08 2.80906e-08
 3.30431e-09-2.21946e-08-4.63840e-08-6.73104e-08-8.32502e-08-9.28549e-08
-9.52658e-08-9.01889e-08-7.79218e-08-5.93321e-08-3.57890e-08-9.05494e-09
 1.88526e-08 4.58174e-08 6.97865e-08 8.89247e-08 1.01751e-07 1.07249e-07
 1.04941e-07 9.49311e-08 7.78940e-08 5.50367e-08 2.80118e-08-1.19983e-09
-3.04346e-08-5.75069e-08-8.03738e-08-9.72902e-08-1.06943e-07-1.08554e-07
-1.01948e-07-8.75722e-08-6.64783e-08-4.02530e-08-1.09083e-08 1.92660e-08
 4.78758e-08 7.26095e-08 9.14218e-08 1.02698e-07 1.05384e-07 9.90789e-08
 8.40693e-08 6.13261e-08 3.24433e-08-4.65554e-10-3.49134e-08-6.82181e-08
-9.77023e-08-1.20901e-07-1.35757e-07-1.40793e-07-1.35240e-07-1.19115e-07
-9.32338e-08-5.91750e-08-1.91715e-08 2.40417e-08 6.74248e-08 1.07858e-07
 1.42379e-07 1.68403e-07 1.83931e-07 1.87707e-07 1.79325e-07 1.59276e-07
 1.28935e-07 9.04712e-08 4.67015e-08 8.85672e-10-4.35234e-08-8.31515e-08
-1.14976e-07-1.36578e-07-1.46342e-07-1.43607e-07-1.28733e-07-1.03101e-07
-6.90285e-08-2.96112e-08 1.15016e-08 5.03859e-08 8.31563e-08 1.06289e-07
 1.16930e-07 1.13160e-07 9.41928e-08 6.04896e-08 1.37808e-08-4.30119e-08
-1.05949e-07-1.70332e-07-2.31036e-07-2.82886e-07-3.21054e-07-3.41448e-07
-3.41062e-07-3.18252e-07-2.72926e-07-2.06620e-07-1.22446e-07-2.49278e-08
 8.02956e-08 1.86849e-07 2.88078e-07 3.77549e-07 4.49540e-07 4.99498e-07
 5.24420e-07 5.23118e-07 4.96359e-07 4.46839e-07 3.79006e-07 2.98731e-07
 2.12846e-07 1.28584e-07 5.29585e-08-7.86477e-09-4.91576e-08-6.81223e-08
-6.42447e-08-3.94690e-08 1.83136e-09 5.30938e-08 1.06013e-07 1.51174e-07
 1.78821e-07 1.79730e-07 1.46084e-07 7.23157e-08-4.41837e-08-2.02548e-07
-3.98171e-07-6.22730e-07-8.64516e-07-1.10906e-06-1.34002e-06-1.54028e-06
-1.69315e-06-1.78364e-06-1.79952e-06-1.73233e-06-1.57791e-06-1.33657e-06
-1.01272e-06-6.14145e-07-1.51330e-07 3.62721e-07 9.12598e-07 1.48095e-06
 2.04857e-06 2.59331e-06 3.08905e-06 3.50597e-06 3.81263e-06 3.97885e-06
 3.97876e-06 3.79370e-06 3.41483e-06 2.84512e-06 2.10063e-06 1.21071e-06
 2.16976e-07-8.28772e-07-1.86782e-06-2.83861e-06-3.68140e-06-4.34327e-06
-4.78280e-06-4.97432e-06-4.91107e-06-4.60618e-06-4.08947e-06-3.40092e-06
-2.58492e-06-1.68721e-06-7.53249e-07 1.72625e-07 1.04729e-06 1.82853e-06
 2.47520e-06 2.94852e-06 3.21631e-06 3.26107e-06 3.08968e-06 2.73929e-06
 2.27310e-06 1.76150e-06 1.25752e-06 7.87480e-07 3.63663e-07 5.02069e-11
-2.88088e-07-4.94525e-07-6.24253e-07-6.86596e-07-6.91528e-07-6.51346e-07
-5.80493e-07-4.92606e-07-3.99080e-07-3.09376e-07-2.30794e-07-1.67930e-07
-1.22852e-07-9.56267e-08-8.47061e-08-8.72962e-08-9.98464e-08-1.18529e-07
-1.39622e-07-1.59791e-07-1.76283e-07-1.87053e-07-1.90820e-07-1.87042e-07
-1.75823e-07-1.57808e-07-1.34042e-07-1.05849e-07-7.46816e-08-4.20082e-08
-9.21638e-09 2.24497e-08 5.19352e-08 7.83981e-08 1.01206e-07 1.19919e-07
 1.34268e-07 1.44133e-07 1.49525e-07 1.50565e-07 1.47464e-07 1.40522e-07
 1.30112e-07 1.16679e-07 1.00735e-07 8.28516e-08 6.36491e-08 4.37857e-08
 2.39368e-08 4.77520e-09-1.30518e-08-2.89491e-08-4.24012e-08-5.29991e-08
-6.04624e-08-6.46577e-08-6.56087e-08-6.34992e-08-5.86653e-08-5.15778e-08
-4.28140e-08-3.30217e-08-2.28766e-08-1.30375e-08-4.10086e-09 3.43920e-09
 9.22542e-09 1.30608e-08 1.49198e-08 1.49469e-08 1.34424e-08 1.08364e-08
 7.65420e-09 4.47371e-09 1.87674e-09 3.97762e-10
     0.0000e+00     0.0000e+00      0  0  0.00
     400   1.00000  0.0000e+00
 3.29110e-08 1.02169e-07 1.64242e-07 2.15659e-07 2.54153e-07 2.78638e-07
 2.89110e-07 2.86483e-07 2.72373e-07 2.48877e-07 2.18345e-07 1.83175e-07
 1.45637e-07 1.07748e-07 7.11751e-08 3.71986e-08 6.70225e-09-1.97983e-08
-4.21053e-08-6.02736e-08-7.45389e-08-8.52484e-08-9.27985e-08-9.75844e-08
-9.99646e-08-1.00240e-07-9.86439e-08-9.53509e-08-9.04865e-08-8.41487e-08
-7.64317e-08-6.74499e-08-5.73589e-08-4.63737e-08-3.47781e-08-2.29266e-08
-1.12359e-08-1.66216e-10 9.80768e-09 1.82330e-08 2.47201e-08 2.89849e-08
 3.08850e-08 3.04470e-08 2.78779e-08 2.35591e-08 1.80204e-08 1.18970e-08
 5.87192e-09 6.11948e-10-3.29761e-09-5.41003e-09-5.46065e-09-3.39173e-09
 6.43228e-10 6.29502e-09 1.30515e-08 2.02832e-08 2.72970e-08 3.33927e-08
 3.79191e-08 4.03266e-08 4.02132e-08 3.73618e-08 3.17675e-08 2.36503e-08
 1.34525e-08 1.81602e-09-1.04588e-08-2.24739e-08-3.33083e-08-4.21010e-08
-4.81323e-08-5.08949e-08-5.01442e-08-4.59235e-08-3.85589e-08-2.86271e-08
-1.68999e-08-4.27411e-09 8.30577e-09 1.99227e-08 2.97543e-08 3.71279e-08
 4.15615e-08 4.27898e-08 4.07768e-08 3.57149e-08 2.80105e-08 1.82572e-08
 7.19669e-09-4.33212e-09-1.54518e-08-2.53104e-08-3.31448e-08-3.83398e-08
-4.04761e-08-3.93651e-08-3.50667e-08-2.78889e-08-1.83687e-08-7.23652e-09
 4.63646e-09 1.63024e-08 2.68093e-08 3.52765e-08 4.09660e-08 4.33433e-08
 4.21232e-08 3.72947e-08 2.91249e-08 1.81427e-08 5.10297e-09-9.06331e-09
-2.33109e-08-3.65508e-08-4.77265e-08-5.58927e-08-6.02920e-08-6.04231e-08
-5.60931e-08-4.74476e-08-3.49709e-08-1.94564e-08-1.94783e-09 1.63419e-08
 3.41246e-08 5.01359e-08 6.32282e-08 7.24543e-08 7.71352e-08 7.69127e-08
 7.17827e-08 6.21066e-08 4.85977e-08 3.22789e-08 1.44110e-08-3.60548e-09
-2.03465e-08-3.44874e-08-4.49187e-08-5.08431e-08-5.18435e-08-4.79198e-08
-3.94922e-08-2.73741e-08-1.27186e-08 3.06013e-09 1.83884e-08 3.16528e-08
 4.13332e-08 4.61382e-08 4.51318e-08 3.78358e-08 2.42957e-08 5.10216e-09
-1.86333e-08-4.53478e-08-7.31326e-08-9.98679e-08-1.23377e-07-1.41587e-07
-1.52698e-07-1.55329e-07-1.48653e-07-1.32484e-07-1.07328e-07-7.43635e-08
-3.53782e-08 7.35793e-09 5.12586e-08 9.36178e-08 1.31820e-07 1.63551e-07
 1.86985e-07 2.00944e-07 2.05004e-07 1.99548e-07 1.85741e-07 1.65449e-07
 1.41075e-07 1.15351e-07 9.10840e-08 7.08786e-08 5.68700e-08 5.04787e-08
 5.22192e-08 6.15811e-08 7.70007e-08 9.59318e-08 1.15018e-07 1.30359e-07
 1.37844e-07 1.33548e-07 1.14134e-07 7.72399e-08 2.18189e-08-5.16203e-08
-1.40889e-07-2.42144e-07-3.50071e-07-4.58227e-07-5.59517e-07-6.46772e-07
-7.13382e-07-7.53906e-07-7.64630e-07-7.43967e-07-6.92669e-07-6.13776e-07
-5.12274e-07-3.94404e-07-2.66607e-07-1.34056e-07 1.09020e-09 1.40923e-07
 2.91218e-07 4.58461e-07 6.45838e-07 8.50516e-07 1.06326e-06 1.26969e-06
 1.45213e-06 1.59143e-06 1.66904e-06 1.66915e-06 1.58072e-06 1.39914e-06
 1.12727e-06 7.75691e-07 3.62314e-07-8.87571e-08-5.48982e-07-9.87685e-07
-1.37472e-06-1.68327e-06-1.89241e-06-1.98942e-06-1.97142e-06-1.84599e-06
-1.62984e-06-1.34543e-06-1.01737e-06-6.69809e-07-3.24773e-07-1.09575e-09
 2.86296e-07 5.26699e-07 7.13618e-07 8.44483e-07 9.20158e-07 9.44326e-07
 9.22822e-07 8.63011e-07 7.73279e-07 6.62660e-07 5.40448e-07 4.15552e-07
 2.95707e-07 1.86869e-07 9.27856e-08 1.46732e-08-4.86219e-08-9.97443e-08
-1.41556e-07-1.76158e-07-2.04643e-07-2.27486e-07-2.45041e-07-2.57558e-07
-2.64685e-07-2.65091e-07-2.56851e-07-2.38452e-07-2.09640e-07-1.71223e-07
-1.23762e-07-6.68358e-08-7.65892e-10 7.09113e-08 1.41763e-07 2.05055e-07
 2.55173e-07 2.87439e-07 2.98422e-07 2.86857e-07 2.53926e-07 2.02877e-07
 1.38334e-07 6.53381e-08-1.13168e-08-8.71717e-08-1.57840e-07-2.18427e-07
-2.63281e-07-2.86969e-07-2.86447e-07-2.63350e-07-2.24231e-07-1.77343e-07
-1.28013e-07-7.69826e-08-2.38074e-08 2.85559e-08 7.39967e-08 1.08157e-07
 1.31254e-07 1.45340e-07 1.50900e-07 1.47595e-07 1.36549e-07 1.20053e-07
 1.00022e-07 7.79682e-08 5.55363e-08 3.41954e-08 1.49417e-08-1.47320e-09
-1.45229e-08-2.40774e-08-3.02896e-08-3.34490e-08-3.40119e-08-3.25537e-08
-2.96558e-08-2.58893e-08-2.17901e-08-1.77934e-08-1.42254e-08-1.13153e-08
-9.18299e-09-7.84918e-09-7.25654e-09-7.27856e-09-7.74122e-09-8.45319e-09
-9.22475e-09-9.88569e-09-1.02998e-08-1.03665e-08-1.00213e-08-9.23947e-09
-8.03536e-09-6.45797e-09-4.58461e-09-2.51116e-09-3.43423e-10 1.81128e-09
 3.85354e-09 5.69807e-09 7.27626e-09 8.53805e-09 9.45301e-09 1.00100e-08
 1.02158e-08 1.00927e-08 9.67500e-09 9.00578e-09 8.13306e-09 7.10749e-09
 5.97996e-09 4.79818e-09 3.60361e-09 2.43058e-09 1.30728e-09 2.56864e-10
-7.02682e-10-1.55905e-09-2.30436e-09-2.93246e-09-3.43763e-09-3.81550e-09
-4.06453e-09-4.18614e-09-4.18426e-09-4.06525e-09-3.83855e-09-3.51634e-09
-3.11272e-09-2.64311e-09-2.12484e-09-1.57759e-09-1.02332e-09-4.85316e-10
 1.33444e-11 4.51763e-10 8.13033e-10 1.08532e-09 1.26244e-09 1.34439e-09
 1.33758e-09 1.25427e-09 1.11129e-09 9.27778e-10 7.23022e-10 5.15966e-10
 3.25873e-10 1.71121e-10 6.51529e-11 1.27890e-11
     0.0000e+00     0.0000e+00      0  0  0.00
     400   1.00000  0.0000e+00
 3.53322e-08 1.23884e-07 2.04216e-07 2.71795e-07 3.23486e-07 3.57565e-07
 3.73633e-07 3.72452e-07 3.55722e-07 3.25846e-07 2.85672e-07 2.38250e-07
 1.86622e-07 1.33636e-07 8.18119e-08 3.32511e-08-1.04166e-08-4.80465e-08
-7.89630e-08-1.02916e-07-1.20020e-07-1.30685e-07-1.35539e-07-1.35356e-07
-1.30991e-07-1.23326e-07-1.13221e-07-1.01482e-07-8.88365e-08-7.59137e-08
-6.32357e-08-5.12132e-08-4.01493e-08-3.02480e-08-2.16256e-08-1.43210e-08
-8.30563e-09-3.49453e-09 2.40876e-10 3.05881e-09 5.13411e-09 6.64694e-09
 7.77387e-09 8.68119e-09 9.51970e-09 1.04199e-08 1.14871e-08 1.27951e-08
 1.43807e-08 1.62411e-08 1.83369e-08 2.05978e-08 2.29277e-08 2.52095e-08
 2.73078e-08 2.90714e-08 3.03363e-08 3.09326e-08 3.06941e-08 2.94733e-08
 2.71587e-08 2.36941e-08 1.90950e-08 1.34598e-08 6.97394e-09-9.38547e-11
-7.40086e-09-1.45472e-08-2.10996e-08-2.66200e-08-3.06984e-08-3.29880e-08
-3.32410e-08-3.13432e-08-2.73414e-08-2.14604e-08-1.41037e-08-5.83492e-09
 2.66397e-09 1.06532e-08 1.74088e-08 2.22993e-08 2.48548e-08 2.48196e-08
 2.21820e-08 1.71810e-08 1.02872e-08 2.16153e-09-6.40659e-09-1.45754e-08
-2.15348e-08-2.65904e-08-2.92364e-08-2.92094e-08-2.65154e-08-2.14269e-08
-1.44490e-08-6.25940e-09 2.37111e-09 1.06629e-08 1.79069e-08 2.35296e-08
 2.71372e-08 2.85377e-08 2.77409e-08 2.49400e-08 2.04789e-08 1.48110e-08
 8.45399e-09 1.94498e-09-4.20116e-09-9.52755e-09-1.36648e-08-1.63541e-08
-1.74620e-08-1.69878e-08-1.50594e-08-1.19201e-08-7.90562e-09-3.41390e-09
 1.13164e-09 5.32171e-09 8.79920e-09 1.12903e-08 1.26244e-08 1.27404e-08
 1.16806e-08 9.57345e-09 6.61046e-09 3.02180e-09-9.43817e-10-5.03129e-09
-8.98460e-09-1.25480e-08-1.54664e-08-1.74899e-08-1.83877e-08-1.79725e-08
-1.61342e-08-1.28730e-08-8.32615e-09-2.77804e-09 3.35245e-09 9.54778e-09
 1.52480e-08 1.99186e-08 2.31182e-08 2.45530e-08 2.41079e-08 2.18486e-08
 1.79987e-08 1.28972e-08 6.95007e-09 5.83329e-10-5.79016e-09-1.17885e-08
-1.70663e-08-2.13133e-08-2.42551e-08-2.56613e-08-2.53669e-08-2.33018e-08
-1.95222e-08-1.42317e-08-7.78419e-09-6.61722e-10 6.56979e-09 1.33216e-08
 1.90489e-08 2.33097e-08 2.58061e-08 2.64013e-08 2.51157e-08 2.21055e-08
 1.76330e-08 1.20369e-08 5.70868e-09-9.26152e-10-7.42340e-09-1.33380e-08
-1.82475e-08-2.17825e-08-2.36620e-08-2.37264e-08-2.19618e-08-1.85086e-08
-1.36522e-08-7.79645e-09-1.42351e-09 4.95179e-09 1.08274e-08 1.57537e-08
 1.93657e-08 2.14059e-08 2.17393e-08 2.03604e-08 1.73924e-08 1.30784e-08
 7.76342e-09 1.86733e-09-4.14756e-09-9.81277e-09-1.46894e-08-1.84006e-08
-2.06584e-08-2.12847e-08-2.02246e-08-1.75545e-08-1.34799e-08-8.32404e-09
-2.50369e-09 3.50575e-09 9.21347e-09 1.41588e-08 1.79519e-08 2.03035e-08
 2.10406e-08 2.01093e-08 1.75703e-08 1.35910e-08 8.43825e-09 2.47136e-09
-3.86868e-09-1.00803e-08-1.56370e-08-2.00367e-08-2.28576e-08-2.38105e-08
-2.27744e-08-1.98085e-08-1.51405e-08-9.13436e-09-2.25160e-09 4.98688e-09
 1.20324e-08 1.83361e-08 2.33774e-08 2.67004e-08 2.79584e-08 2.69615e-08
 2.37145e-08 1.84332e-08 1.15299e-08 3.56882e-09-4.79738e-09-1.28967e-08
-2.00968e-08-2.58469e-08-2.97036e-08-3.13488e-08-3.06067e-08-2.74645e-08
-2.20918e-08-1.48478e-08-6.26646e-09 2.98654e-09 1.21785e-08 2.05843e-08
 2.75542e-08 3.25622e-08 3.52322e-08 3.53476e-08 3.28551e-08 2.78694e-08
 2.06811e-08 1.17590e-08 1.73654e-09-8.62590e-09-1.85041e-08-2.70881e-08
-3.36607e-08-3.76624e-08-3.87347e-08-3.67415e-08-3.17750e-08-2.41514e-08
-1.43989e-08-3.23453e-09 8.47743e-09 1.97870e-08 2.97388e-08 3.74609e-08
 4.22471e-08 4.36219e-08 4.13800e-08 3.56008e-08 2.66398e-08 1.51045e-08
 1.81477e-09-1.22511e-08-2.60241e-08-3.84251e-08-4.84522e-08-5.52640e-08
-5.82512e-08-5.70871e-08-5.17557e-08-4.25550e-08-3.00798e-08-1.51824e-08
 1.08424e-09 1.75400e-08 3.29631e-08 4.61823e-08 5.61688e-08 6.21216e-08
 6.35387e-08 6.02699e-08 5.25435e-08 4.09636e-08 2.64740e-08 1.02878e-08
-6.21163e-09-2.15860e-08-3.44636e-08-4.36553e-08-4.82575e-08-4.77364e-08
-4.19883e-08-3.13698e-08-1.66893e-08 8.45608e-10 1.97229e-08 3.82533e-08
 5.47140e-08 6.74924e-08 7.52158e-08 7.68619e-08 7.18489e-08 6.01029e-08
 4.20934e-08 1.88284e-08-8.20157e-09-3.71297e-08-6.58576e-08-9.22208e-08
-1.14158e-07-1.29870e-07-1.37965e-07-1.37588e-07-1.28523e-07-1.11256e-07
-8.69765e-08-5.75063e-08-2.51602e-08 7.45344e-09 3.76615e-08 6.29636e-08
 8.12607e-08 9.10643e-08 9.16713e-08 8.32882e-08 6.70762e-08 4.51009e-08
 2.01770e-08-4.37718e-09-2.50494e-08-3.84743e-08-4.17767e-08-3.28955e-08
-1.08664e-08 2.39637e-08 6.98221e-08 1.23525e-07 1.80639e-07 2.35781e-07
 2.83045e-07 3.16504e-07 3.30769e-07 3.21550e-07 2.86190e-07 2.24111e-07
 1.37129e-07 2.95671e-08-9.18662e-08-2.18456e-07-3.40102e-07-4.46144e-07
-5.26347e-07-5.71963e-07-5.76784e-07-5.38080e-07-4.57298e-07-3.40399e-07
-1.97738e-07-4.34153e-08 1.05939e-07 2.32948e-07 3.21848e-07 3.61541e-07
 3.49276e-07 2.93586e-07 2.13140e-07 1.29889e-07 6.07440e-08 1.38922e-08
-9.86607e-09-1.48347e-08-9.00699e-09-2.29384e-09
     0.0000e+00     0.0000e+00      0  0  0.00
     400   1.00000  0.0000e+00
-1.25435e-08 3.34148e-08 7.66380e-08 1.15063e-07 1.47279e-07 1.72474e-07
 1.90336e-07 2.00939e-07 2.04622e-07 2.01892e-07 1.93337e-07 1.79574e-07
 1.61224e-07 1.38909e-07 1.13267e-07 8.49772e-08 5.47844e-08 2.35227e-08
-7.87718e-09-3.83943e-08-6.69429e-08-9.24162e-08-1.13745e-07-1.29969e-07
-1.40310e-07-1.44241e-07-1.41549e-07-1.32370e-07-1.17208e-07-9.69224e-08
-7.26939e-08-4.59563e-08-1.83149e-08 8.55266e-09 3.30019e-08 5.35289e-08
 6.88714e-08 7.80990e-08 8.06850e-08 7.65555e-08 6.61109e-08 5.02161e-08
 3.01555e-08 7.55279e-09-1.57412e-08-3.77861e-08-5.67028e-08-7.08250e-08
-7.88386e-08-7.98944e-08-7.36867e-08-6.04881e-08-4.11383e-08-1.69898e-08
 1.01856e-08 3.83236e-08 6.52167e-08 8.86794e-08 1.06715e-07 1.17676e-07
 1.20397e-07 1.14305e-07 9.94869e-08 7.67050e-08 4.73644e-08 1.34236e-08
-2.27407e-08-5.85076e-08-9.12083e-08-1.18332e-07-1.37722e-07-1.47752e-07
-1.47456e-07-1.36620e-07-1.15815e-07-8.63708e-08-5.02991e-08-1.01551e-08
 3.11436e-08 7.05326e-08 1.05032e-07 1.31978e-07 1.49232e-07 1.55363e-07
 1.49771e-07 1.32756e-07 1.05513e-07 7.00652e-08 2.91231e-08-1.41063e-08
-5.61598e-08-9.35852e-08-1.23213e-07-1.42411e-07-1.49308e-07-1.42961e-07
-1.23460e-07-9.19608e-08-5.06310e-08-2.51838e-09 4.86553e-08 9.87606e-08
 1.43568e-07 1.79078e-07 2.01845e-07 2.09266e-07 1.99819e-07 1.73221e-07
 1.30503e-07 7.39848e-08 7.15820e-09-6.55339e-08-1.38995e-07-2.07836e-07
-2.66769e-07-3.11010e-07-3.36665e-07-3.41058e-07-3.22988e-07-2.82882e-07
-2.22825e-07-1.46472e-07-5.88307e-08 3.40638e-08 1.25575e-07 2.08955e-07
 2.77852e-07 3.26825e-07 3.51801e-07 3.50459e-07 3.22502e-07 2.69783e-07
 1.96268e-07 1.07825e-07 1.18610e-08-8.31911e-08-1.68486e-07-2.35453e-07
-2.76502e-07-2.85699e-07-2.59362e-07-1.96529e-07-9.92580e-08 2.72921e-08
 1.75007e-07 3.33212e-07 4.89287e-07 6.29474e-07 7.39832e-07 8.07285e-07
 8.20684e-07 7.71831e-07 6.56356e-07 4.74384e-07 2.30929e-07-6.40395e-08
-3.95897e-07-7.46026e-07-1.09282e-06-1.41297e-06-1.68301e-06-1.88094e-06
-1.98789e-06-1.98969e-06-1.87805e-06-1.65125e-06-1.31425e-06-8.78858e-07
-3.64163e-07 2.03675e-07 7.93538e-07 1.37239e-06 1.90751e-06 2.36773e-06
 2.72458e-06 2.95377e-06 3.03698e-06 2.96331e-06 2.73039e-06 2.34507e-06
 1.82360e-06 1.19124e-06 4.81333e-07-2.66396e-07-1.00810e-06-1.69855e-06
-2.29429e-06-2.75682e-06-3.05579e-06-3.17182e-06-3.09876e-06-2.84499e-06
-2.43328e-06-1.89833e-06-1.28282e-06-6.33450e-07 2.80041e-09 5.83370e-07
 1.07516e-06 1.45759e-06 1.72125e-06 1.86337e-06 1.88575e-06 1.79753e-06
 1.61736e-06 1.37056e-06 1.08335e-06 7.78807e-07 4.76335e-07 1.93295e-07
-5.44806e-08-2.55584e-07-4.05598e-07-5.05635e-07-5.59383e-07-5.72058e-07
-5.50515e-07-5.02782e-07-4.37081e-07-3.61107e-07-2.81640e-07-2.04283e-07
-1.33319e-07-7.17177e-08-2.12174e-08 1.75193e-08 4.47044e-08 6.11982e-08
 6.82847e-08 6.74799e-08 6.03877e-08 4.86007e-08 3.36388e-08 1.69144e-08
-2.89813e-10-1.68329e-08-3.17187e-08-4.41015e-08-5.32971e-08-5.87930e-08
-6.02580e-08-5.75521e-08-5.07387e-08-4.00905e-08-2.60894e-08-9.41673e-09
 9.06773e-09 2.83614e-08 4.73686e-08 6.49610e-08 8.00465e-08 9.16418e-08
 9.89419e-08 1.01382e-07 9.86867e-08 9.08960e-08 7.83755e-08 6.17988e-08
 4.21092e-08 2.04611e-08-1.85505e-09-2.34980e-08-4.31654e-08-5.96826e-08
-7.20836e-08-7.96774e-08-8.20940e-08-7.93087e-08-7.16429e-08-5.97405e-08
-4.45206e-08-2.71111e-08-8.76680e-09 9.21992e-09 2.56124e-08 3.93166e-08
 4.94570e-08 5.54356e-08 5.69703e-08 5.41094e-08 4.72199e-08 3.69529e-08
 2.41897e-08 9.97016e-09-4.58908e-09-1.83796e-08-3.03832e-08-3.97455e-08
-4.58368e-08-4.82931e-08-4.70363e-08-4.22738e-08-3.44774e-08-2.43416e-08
-1.27247e-08-5.79400e-10 1.11223e-08 2.14660e-08 2.96667e-08 3.51303e-08
 3.74980e-08 3.66712e-08 3.28159e-08 2.63441e-08 1.78747e-08 8.18065e-09
-1.87594e-09-1.14156e-08-1.96144e-08-2.57708e-08-2.93606e-08-3.00782e-08
-2.78610e-08-2.28942e-08-1.55952e-08-6.58131e-09 3.37949e-09 1.34302e-08
 2.26953e-08 3.03531e-08 3.57044e-08 3.82310e-08 3.76409e-08 3.38957e-08
 2.72166e-08 1.80705e-08 7.13445e-09-4.75733e-09-1.66792e-08-2.76877e-08
-3.68967e-08-4.35492e-08-4.70779e-08-4.71519e-08-4.37040e-08-3.69390e-08
-2.73210e-08-1.55404e-08-2.46473e-09 1.09259e-08 2.36136e-08 3.46215e-08
 4.30918e-08 4.83556e-08 4.99873e-08 4.78390e-08 4.20516e-08 3.30438e-08
 2.14785e-08 8.21146e-09-5.77424e-09-1.94424e-08-3.17812e-08-4.18781e-08
-4.89880e-08-5.25871e-08-5.24111e-08-4.84723e-08-4.10555e-08-3.06940e-08
-1.81271e-08-4.24461e-09 9.97893e-09 2.35560e-08 3.55582e-08 4.51809e-08
 5.17990e-08 5.50077e-08 5.46466e-08 5.08056e-08 4.38138e-08 3.42131e-08
 2.27145e-08 1.01450e-08-2.61267e-09-1.46845e-08-2.52692e-08-3.36958e-08
-3.94733e-08-4.23270e-08-4.22165e-08-3.93338e-08-3.40836e-08-2.70452e-08
-1.89151e-08-1.04402e-08-2.34628e-09 4.73053e-09 1.03019e-08 1.40675e-08
 1.59355e-08 1.60233e-08 1.46324e-08 1.21995e-08 9.23200e-09 6.23397e-09
 3.63202e-09 1.71157e-09 5.71110e-10 9.76860e-11
     0.0000e+00     0.0000e+00      0  0  0.00
     400   1.00000  0.0000e+00
 1.39520e-09 3.49892e-09 5.54749e-09 7.45699e-09 9.15800e-09 1.05996e-08
 1.17514e-08 1.26020e-08 1.31543e-08 1.34185e-08 1.34065e-08 1.31275e-08
 1.25884e-08 1.17962e-08 1.07618e-08 9.50275e-09 8.04306e-09 6.41109e-09
 4.63555e-09 2.74263e-09 7.55976e-10-1.30041e-09-3.39817e-09-5.50159e-09
-7.56754e-09-9.54857e-09-1.13985e-08-1.30781e-08-1.45587e-08-1.58233e-08
-1.68646e-08-1.76827e-08-1.82842e-08-1.86828e-08-1.88999e-08-1.89649e-08
-1.89113e-08-1.87681e-08-1.85498e-08-1.82470e-08-1.78214e-08-1.72065e-08
-1.63140e-08-1.50437e-08-1.32939e-08-1.09700e-08-7.98982e-09-4.28802e-09
 1.79122e-10 5.42878e-09 1.14471e-08 1.81871e-08 2.55689e-08 3.34831e-08
 4.17930e-08 5.03337e-08 5.89056e-08 6.72638e-08 7.51056e-08 8.20625e-08
 8.77005e-08 9.15320e-08 9.30386e-08 9.17019e-08 8.70381e-08 7.86358e-08
 6.61964e-08 4.95768e-08 2.88311e-08 4.24784e-09-2.36219e-08-5.39513e-08
-8.56418e-08-1.17346e-07-1.47510e-07-1.74435e-07-1.96362e-07-2.11587e-07
-2.18627e-07-2.16414e-07-2.04464e-07-1.82991e-07-1.52925e-07-1.15853e-07
-7.38754e-08-2.94150e-08 1.50166e-08 5.70561e-08 9.47038e-08 1.26474e-07
 1.51440e-07 1.69175e-07 1.79644e-07 1.83125e-07 1.80159e-07 1.71511e-07
 1.58111e-07 1.40982e-07 1.21171e-07 9.97038e-08 7.75569e-08 5.56295e-08
 3.47113e-08 1.54532e-08-1.64711e-09-1.62426e-08-2.81258e-08-3.72186e-08
-4.35672e-08-4.73386e-08-4.88121e-08-4.83619e-08-4.64338e-08-4.35207e-08
-4.01392e-08-3.68078e-08-3.40189e-08-3.22082e-08-3.17238e-08-3.28028e-08
-3.55574e-08-3.99698e-08-4.58927e-08-5.30544e-08-6.10663e-08-6.94337e-08
-7.75728e-08-8.48384e-08-9.05614e-08-9.40910e-08-9.48370e-08-9.23073e-08
-8.61382e-08-7.61195e-08-6.22136e-08-4.45679e-08-2.35189e-08 4.17229e-10
 2.65614e-08 5.40965e-08 8.20961e-08 1.09561e-07 1.35459e-07 1.58779e-07
 1.78574e-07 1.94008e-07 2.04401e-07 2.09244e-07 2.08221e-07 2.01210e-07
 1.88291e-07 1.69747e-07 1.46051e-07 1.17849e-07 8.59211e-08 5.11512e-08
 1.44867e-08-2.30892e-08-6.05825e-08-9.70077e-08-1.31405e-07-1.62856e-07
-1.90493e-07-2.13519e-07-2.31219e-07-2.42987e-07-2.48340e-07-2.46940e-07
-2.38603e-07-2.23320e-07-2.01289e-07-1.72952e-07-1.39031e-07-1.00557e-07
-5.88717e-08-1.56386e-08 2.71377e-08 6.72632e-08 1.02722e-07 1.31992e-07
 1.54151e-07 1.68861e-07 1.76315e-07 1.77147e-07 1.72311e-07 1.62956e-07
 1.50284e-07 1.35433e-07 1.19350e-07 1.02580e-07 8.50628e-08 6.62438e-08
 4.56037e-08 2.31082e-08-6.80234e-10-2.46181e-08-4.70541e-08-6.61018e-08
-8.00640e-08-8.78382e-08-8.91697e-08-8.45600e-08-7.47609e-08-6.02519e-08
-4.12517e-08-1.82890e-08 7.24359e-09 3.31159e-08 5.67811e-08 7.58179e-08
 8.80623e-08 9.17786e-08 8.60609e-08 7.10204e-08 4.73056e-08 1.55838e-08
-2.29133e-08-6.54620e-08-1.07976e-07-1.45634e-07-1.73245e-07-1.85993e-07
-1.80581e-07-1.56153e-07-1.15007e-07-6.28422e-08-7.86288e-09 4.12146e-08
 7.75656e-08 9.83284e-08 1.05324e-07 1.03620e-07 9.83815e-08 9.18070e-08
 8.24017e-08 6.75929e-08 4.76400e-08 2.68339e-08 1.02351e-08-6.04564e-10
-7.85911e-09-1.36112e-08-1.73497e-08-1.77481e-08-1.52068e-08-1.13640e-08
-7.23184e-09-3.05685e-09 7.74220e-10 3.73465e-09 5.59869e-09 6.33283e-09
 5.92343e-09 4.50636e-09 2.35597e-09-2.73133e-10-3.13200e-09-5.93639e-09
-8.44350e-09-1.04817e-08-1.19229e-08-1.27024e-08-1.28287e-08-1.23554e-08
-1.13721e-08-1.00026e-08-8.38329e-09-6.64900e-09-4.92600e-09-3.31769e-09
-1.89781e-09-7.12383e-10 2.20866e-10 9.09889e-10 1.38220e-09 1.68095e-09
 1.85899e-09 1.97067e-09 2.06585e-09 2.18495e-09 2.35466e-09 2.58666e-09
 2.87788e-09 3.21204e-09 3.56264e-09 3.89581e-09 4.17371e-09 4.35960e-09
 4.42244e-09 4.33991e-09 4.10076e-09 3.70622e-09 3.16969e-09 2.51531e-09
 1.77594e-09 9.91257e-10 2.04899e-10-5.39373e-10-1.20148e-09-1.74821e-09
-2.15534e-09-2.40849e-09-2.50352e-09-2.44697e-09-2.25538e-09-1.95353e-09
-1.57276e-09-1.14841e-09-7.16246e-10-3.10191e-10 3.89602e-11 3.05931e-10
 4.73594e-10 5.33638e-10 4.86442e-10 3.41304e-10 1.15552e-10-1.67368e-10
-4.79361e-10-7.89937e-10-1.06995e-09-1.29396e-09-1.44050e-09-1.49333e-09
-1.44423e-09-1.29437e-09-1.05364e-09-7.38899e-10-3.71333e-10 2.54305e-11
 4.25135e-10 7.98989e-10 1.11892e-09 1.36242e-09 1.51517e-09 1.57020e-09
 1.52529e-09 1.38191e-09 1.14745e-09 8.38655e-10 4.81013e-10 1.02828e-10
-2.70403e-10-6.16597e-10-9.14704e-10-1.14354e-09-1.28416e-09-1.32518e-09
-1.26666e-09-1.11830e-09-8.93716e-10-6.06649e-10-2.72702e-10 8.69422e-11
 4.45838e-10 7.77323e-10 1.05984e-09 1.27910e-09 1.42634e-09 1.49499e-09
 1.48044e-09 1.38335e-09 1.21236e-09 9.83041e-10 7.14166e-10 4.23947e-10
 1.28750e-10-1.55702e-10-4.13376e-10-6.29276e-10-7.92440e-10-8.98155e-10
-9.47482e-10-9.45024e-10-8.97122e-10-8.11225e-10-6.96360e-10-5.63852e-10
-4.26226e-10-2.94358e-10-1.75818e-10-7.51095e-11 5.65808e-12 6.59103e-11
 1.06315e-10 1.29844e-10 1.41766e-10 1.47214e-10 1.49513e-10 1.50573e-10
 1.51101e-10 1.50402e-10 1.46896e-10 1.38535e-10 1.23242e-10 1.00539e-10
 7.28110e-11 4.42564e-11 1.94979e-11 4.32818e-12
     0.0000e+00     0.0000e+00      0  0  0.00
     400   1.00000  0.0000e+00
-4.34843e-08-9.06528e-08-1.32570e-07-1.66362e-07-1.89892e-07-2.01820e-07
-2.01613e-07-1.89506e-07-1.66428e-07-1.33883e-07-9.38190e-08-4.84936e-08
-3.38953e-10 4.81620e-08 9.45939e-08 1.36716e-07 1.72553e-07 2.00466e-07
 2.19201e-07 2.27925e-07 2.26231e-07 2.14141e-07 1.92085e-07 1.60870e-07
 1.21645e-07 7.58501e-08 2.51584e-08-2.85935e-08-8.34762e-08-1.37532e-07
-1.88839e-07-2.35575e-07-2.76088e-07-3.08942e-07-3.32960e-07-3.47240e-07
-3.51176e-07-3.44460e-07-3.27092e-07-2.99370e-07-2.61879e-07-2.15475e-07
-1.61247e-07-1.00490e-07-3.46935e-08 3.44624e-08 1.05114e-07 1.75243e-07
 2.42717e-07 3.05353e-07 3.60983e-07 4.07528e-07 4.43059e-07 4.65876e-07
 4.74582e-07 4.68183e-07 4.46183e-07 4.08675e-07 3.56420e-07 2.90909e-07
 2.14401e-07 1.29918e-07 4.12061e-08-4.73997e-08-1.31301e-07-2.06201e-07
-2.68668e-07-3.16446e-07-3.48490e-07-3.64868e-07-3.66595e-07-3.55418e-07
-3.33576e-07-3.03557e-07-2.67872e-07-2.28858e-07-1.88502e-07-1.48237e-07
-1.08850e-07-7.06967e-08-3.40626e-08 7.05594e-10 3.32327e-08 6.30942e-08
 8.98084e-08 1.12941e-07 1.32288e-07 1.47989e-07 1.60367e-07 1.69556e-07
 1.75217e-07 1.76572e-07 1.72742e-07 1.63122e-07 1.47480e-07 1.25789e-07
 9.81174e-08 6.48201e-08 2.68336e-08-1.42879e-08-5.65087e-08-9.72678e-08
-1.33463e-07-1.61869e-07-1.79575e-07-1.84040e-07-1.73311e-07-1.46732e-07
-1.05610e-07-5.34860e-08 3.90224e-09 5.91747e-08 1.04599e-07 1.33824e-07
 1.43519e-07 1.34528e-07 1.11807e-07 8.27407e-08 5.43660e-08 3.06580e-08
 1.14216e-08-6.14460e-09-2.39748e-08-4.04425e-08-5.12342e-08-5.34289e-08
-4.85809e-08-4.10970e-08-3.37242e-08-2.58597e-08-1.64007e-08-6.42264e-09
 1.98854e-09 8.08194e-09 1.22622e-08 1.46608e-08 1.51221e-08 1.38800e-08
 1.14050e-08 8.04989e-09 4.19815e-09 3.13518e-10-3.26476e-09-6.31317e-09
-8.62515e-09-1.00792e-08-1.06723e-08-1.04536e-08-9.52040e-09-8.02936e-09
-6.15222e-09-4.05752e-09-1.91577e-09 1.22409e-10 1.93948e-09 3.44690e-09
 4.59231e-09 5.36076e-09 5.76320e-09 5.83271e-09 5.62191e-09 5.19356e-09
 4.61448e-09 3.95090e-09 3.26205e-09 2.59681e-09 1.99151e-09 1.46812e-09
 1.03633e-09 6.96070e-10 4.37939e-10 2.45271e-10 9.77922e-11-2.51946e-11
-1.42283e-10-2.68341e-10-4.13192e-10-5.80407e-10-7.67965e-10-9.70132e-10
-1.17803e-09-1.37943e-09-1.55991e-09-1.70543e-09-1.80432e-09-1.84775e-09
-1.83008e-09-1.75001e-09-1.61059e-09-1.41778e-09-1.18011e-09-9.09338e-10
-6.19783e-10-3.26425e-10-4.31818e-11 2.18113e-10 4.47671e-10 6.37405e-10
 7.81807e-10 8.79134e-10 9.30861e-10 9.40540e-10 9.13866e-10 8.58281e-10
 7.81277e-10 6.89939e-10 5.91649e-10 4.93216e-10 3.99369e-10 3.13088e-10
 2.36520e-10 1.70758e-10 1.15356e-10 6.82127e-11 2.59957e-11-1.41569e-11
-5.32817e-11-9.19238e-11-1.31815e-10-1.74579e-10-2.19450e-10-2.63183e-10
-3.01589e-10-3.30980e-10-3.48985e-10-3.54230e-10-3.44780e-10-3.17330e-10
-2.69242e-10-2.01527e-10-1.18841e-10-2.66189e-11 7.12319e-11 1.71695e-10
 2.69868e-10 3.57811e-10 4.27137e-10 4.72262e-10 4.91056e-10 4.83233e-10
 4.48375e-10 3.85849e-10 2.96922e-10 1.86384e-10 6.20670e-11-6.73074e-11
-1.94502e-10-3.13825e-10-4.19094e-10-5.03092e-10-5.59352e-10-5.84092e-10
-5.76829e-10-5.39314e-10-4.73993e-10-3.84061e-10-2.74466e-10-1.51978e-10
-2.45412e-11 9.94050e-11 2.11918e-10 3.06423e-10 3.77611e-10 4.21084e-10
 4.33847e-10 4.14950e-10 3.65507e-10 2.88671e-10 1.89535e-10 7.45171e-11
-4.90572e-11-1.72938e-10-2.88416e-10-3.87056e-10-4.60894e-10-5.02954e-10
-5.08653e-10-4.76434e-10-4.06965e-10-3.02872e-10-1.69338e-10-1.39114e-11
 1.53930e-10 3.22826e-10 4.81023e-10 6.18898e-10 7.29570e-10 8.07883e-10
 8.50069e-10 8.54161e-10 8.20462e-10 7.51695e-10 6.51546e-10 5.21697e-10
 3.60816e-10 1.67087e-10-5.88517e-11-3.13015e-10-5.88323e-10-8.74209e-10
-1.15456e-09-1.40522e-09-1.59433e-09-1.68725e-09-1.65388e-09-1.47478e-09
-1.14445e-09-6.73183e-10-8.96050e-11 5.58152e-10 1.20529e-09 1.77827e-09
 2.20691e-09 2.43630e-09 2.43476e-09 2.19759e-09 1.74786e-09 1.13484e-09
 4.28917e-10-2.88622e-10-9.39492e-10-1.46103e-09-1.81397e-09-1.98438e-09
-1.98106e-09-1.83084e-09-1.57253e-09-1.24911e-09-8.99721e-10-5.54256e-10
-2.31599e-10 5.81412e-11 3.09256e-10 5.16698e-10 6.74551e-10 7.76611e-10
 8.18272e-10 7.98923e-10 7.24376e-10 6.08474e-10 4.72545e-10 3.41990e-10
 2.40792e-10 1.85794e-10 1.82471e-10 2.23564e-10 2.91173e-10 3.61655e-10
 4.11893e-10 4.25102e-10 3.94286e-10 3.22622e-10 2.21094e-10 1.04022e-10
-1.57551e-11-1.30083e-10-2.36313e-10-3.35676e-10-4.29748e-10-5.16767e-10
-5.89650e-10-6.36680e-10-6.44832e-10-6.04449e-10-5.13348e-10-3.78866e-10
-2.17102e-10-4.93194e-11 1.03404e-10 2.25336e-10 3.09223e-10 3.56455e-10
 3.74297e-10 3.71481e-10 3.54162e-10 3.23944e-10 2.78600e-10 2.14998e-10
 1.32855e-10 3.75589e-11-5.95032e-11-1.43577e-10-2.01098e-10-2.24233e-10
-2.13597e-10-1.77898e-10-1.30564e-10-8.48703e-11-4.95603e-11-2.66697e-11
-1.23616e-11-2.37609e-13 1.45491e-11 3.23538e-11 4.88110e-11 5.74902e-11
 5.39167e-11 3.87718e-11 1.87135e-11 4.32107e-12
