      10
(6e12.5)
     0.0000e+00     0.0000e+00      0  0  0.00
     400   1.00000  0.0000e+00
 7.06024e-08 3.41108e-08-7.39297e-09-5.15302e-08-9.64450e-08-1.40683e-07
-1.82774e-07-2.20993e-07-2.52704e-07-2.73897e-07-2.80359e-07-2.69507e-07
-2.41138e-07-1.97333e-07-1.41819e-07-7.89825e-08-1.34428e-08 5.02259e-08
 1.08316e-07 1.58596e-07 2.00161e-07 2.32735e-07 2.55651e-07 2.67031e-07
 2.63947e-07 2.43709e-07 2.05895e-07 1.54196e-07 9.64212e-08 4.16454e-08
-4.16076e-09-4.07177e-08-7.14750e-08-9.82890e-08-1.18307e-07-1.27074e-07
-1.24217e-07-1.14129e-07-1.00851e-07-8.48964e-08-6.60383e-08-4.62240e-08
-2.78617e-08-1.17084e-08 1.95238e-09 1.23068e-08 1.91164e-08 2.28721e-08
 2.38128e-08 2.22193e-08 1.88695e-08 1.44028e-08 9.25560e-09 4.07486e-09
-6.33725e-10-4.62844e-09-7.60519e-09-9.39808e-09-1.00613e-08-9.61806e-09
-8.19101e-09-6.02283e-09-3.29475e-09-2.35582e-10 2.90194e-09 5.94681e-09
 8.71241e-09 1.10480e-08 1.28756e-08 1.41183e-08 1.47575e-08 1.48142e-08
 1.43141e-08 1.33266e-08 1.19238e-08 1.01832e-08 8.19814e-09 6.04774e-09
 3.81579e-09 1.57926e-09-5.96735e-10-2.64900e-09-4.52972e-09-6.19700e-09
-7.61640e-09-8.76230e-09-9.61328e-09-1.01577e-08-1.03905e-08-1.03154e-08
-9.94476e-09-9.29727e-09-8.39863e-09-7.27942e-09-5.97573e-09-4.52898e-09
-2.98597e-09-1.39804e-09 1.81355e-10 1.69877e-09 3.10322e-09 4.34838e-09
 5.39433e-09 6.20885e-09 6.76907e-09 7.06296e-09 7.08946e-09 6.85775e-09
 6.38659e-09 5.70355e-09 4.84400e-09 3.85035e-09 2.77048e-09 1.65479e-09
 5.53129e-10-4.87783e-10-1.42711e-09-2.23143e-09-2.87489e-09-3.34032e-09
-3.62164e-09-3.72425e-09-3.66257e-09-3.45784e-09-3.13730e-09-2.73383e-09
-2.28503e-09-1.83091e-09-1.40912e-09-1.05041e-09-7.77334e-10-6.05282e-10
-5.42437e-10-5.87838e-10-7.29600e-10-9.45171e-10-1.20420e-09-1.47283e-09
-1.71603e-09-1.89720e-09-1.97897e-09-1.92792e-09-1.72026e-09-1.34513e-09
-8.04693e-10-1.12263e-10 7.09180e-10 1.62738e-09 2.60122e-09 3.58282e-09
 4.52231e-09 5.37307e-09 6.09385e-09 6.64895e-09 7.00918e-09 7.15406e-09
 7.07414e-09 6.77196e-09 6.26044e-09 5.55984e-09 4.69581e-09 3.69850e-09
 2.60233e-09 1.44538e-09 2.67356e-10-8.92670e-10-1.99736e-09-3.01211e-09
-3.90666e-09-4.65640e-09-5.24327e-09-5.65663e-09-5.89309e-09-5.95565e-09
-5.85339e-09-5.60114e-09-5.21819e-09-4.72710e-09-4.15353e-09-3.52564e-09
-2.87205e-09-2.21887e-09-1.58738e-09-9.93218e-10-4.47286e-10 4.22198e-11
 4.69140e-10 8.30910e-10 1.12929e-09 1.36865e-09 1.55410e-09 1.69034e-09
 1.77993e-09 1.82201e-09 1.81191e-09 1.74089e-09 1.59716e-09 1.36941e-09
 1.04995e-09 6.35483e-10 1.27452e-10-4.66087e-10-1.12790e-09-1.82941e-09
-2.53037e-09-3.18170e-09-3.73079e-09-4.12686e-09-4.32513e-09-4.29035e-09
-4.00141e-09-3.45638e-09-2.67539e-09-1.70042e-09-5.92044e-10 5.76019e-10
 1.72280e-09 2.76561e-09 3.62688e-09 4.24240e-09 4.56818e-09 4.58449e-09
 4.29632e-09 3.73153e-09 2.93844e-09 1.98314e-09 9.45394e-10-8.68458e-11
-1.02435e-09-1.78370e-09-2.29310e-09-2.49740e-09-2.36310e-09-1.88243e-09
-1.07578e-09 8.65793e-12 1.29874e-09 2.70504e-09 4.12863e-09 5.46951e-09
 6.63532e-09 7.54905e-09 8.15427e-09 8.41697e-09 8.32450e-09 7.88311e-09
 7.11459e-09 6.05271e-09 4.74059e-09 3.22919e-09 1.57663e-09-1.52235e-10
-1.88660e-09-3.55227e-09-5.07587e-09-6.38987e-09-7.43801e-09-8.17954e-09
-8.59140e-09-8.66887e-09-8.42403e-09-7.88270e-09-7.08138e-09-6.06511e-09
-4.88645e-09-3.60514e-09-2.28769e-09-1.00548e-09 1.68745e-10 1.16624e-09
 1.92927e-09 2.41788e-09 2.61466e-09 2.52681e-09 2.18462e-09 1.63644e-09
 9.42056e-10 1.66084e-10-6.27550e-10-1.37937e-09-2.03601e-09-2.55039e-09
-2.88159e-09-2.99619e-09-2.87144e-09-2.49912e-09-1.88880e-09-1.06910e-09
-8.60218e-11 1.00155e-09 2.12806e-09 3.22757e-09 4.23901e-09 5.10866e-09
 5.79022e-09 6.24385e-09 6.43579e-09 6.34018e-09 5.94301e-09 5.24693e-09
 4.27462e-09 3.06954e-09 1.69335e-09 2.20333e-10-1.26997e-09-2.70015e-09
-4.00028e-09-5.10991e-09-5.97801e-09-6.56284e-09-6.83309e-09-6.77041e-09
-6.37285e-09-5.65749e-09-4.66108e-09-3.43800e-09-2.05528e-09-5.86050e-10
 8.96836e-10 2.32501e-09 3.63583e-09 4.77123e-09 5.67652e-09 6.30141e-09
 6.60406e-09 6.55648e-09 6.14976e-09 5.39765e-09 4.33729e-09 3.02638e-09
 1.53704e-09-5.09727e-11-1.65541e-09-3.19415e-09-4.58667e-09-5.75629e-09
-6.63449e-09-7.16721e-09-7.32120e-09-7.08786e-09-6.48309e-09-5.54308e-09
-4.31747e-09-2.86233e-09-1.23554e-09 5.03966e-10 2.29322e-09 4.06124e-09
 5.72816e-09 7.20938e-09 8.42257e-09 9.29443e-09 9.76530e-09 9.79192e-09
 9.34878e-09 8.42899e-09 7.04644e-09 5.23950e-09 3.07482e-09 6.48138e-10
-1.92021e-09-4.49525e-09-6.94009e-09-9.12700e-09-1.09436e-08-1.22942e-08
-1.30997e-08-1.32996e-08-1.28578e-08-1.17697e-08-1.00689e-08-7.83034e-09
-5.16901e-09-2.23294e-09 8.08794e-10 3.77895e-09 6.50281e-09 8.81729e-09
 1.05817e-08 1.16911e-08 1.20888e-08 1.17748e-08 1.08056e-08 9.28638e-09
 7.35616e-09 5.17242e-09 2.89745e-09 6.88390e-10-1.30999e-09-2.97172e-09
-4.19730e-09-4.92349e-09-5.13370e-09-4.86469e-09-4.20484e-09-3.28344e-09
-2.25516e-09-1.28392e-09-5.25920e-10-1.09345e-10
     0.0000e+00     0.0000e+00      0  0  0.00
     400   1.00000  0.0000e+00
 9.60084e-10 7.44918e-09 1.38249e-08 1.97176e-08 2.47858e-08 2.87259e-08
 3.12835e-08 3.22673e-08 3.15637e-08 2.91487e-08 2.50944e-08 1.95674e-08
 1.28199e-08 5.17550e-09-2.98976e-09-1.12651e-08-1.92219e-08-2.64286e-08
-3.24647e-08-3.69369e-08-3.94971e-08-3.98641e-08-3.78461e-08-3.33626e-08
-2.64631e-08-1.73394e-08-6.32854e-09 6.09278e-09 1.93223e-08 3.26549e-08
 4.53137e-08 5.64875e-08 6.53757e-08 7.12377e-08 7.34452e-08 7.15325e-08
 6.52432e-08 5.45672e-08 3.97670e-08 2.13879e-08 2.52285e-10-2.25659e-08
-4.57866e-08-6.79887e-08-8.76941e-08-1.03468e-07-1.14022e-07-1.18326e-07
-1.15697e-07-1.05881e-07-8.91042e-08-6.61003e-08-3.80975e-08-6.77385e-09
 2.58278e-08 5.74244e-08 8.56521e-08 1.08253e-07 1.23272e-07 1.29251e-07
 1.25388e-07 1.11651e-07 8.88259e-08 5.84965e-08 2.29454e-08-1.50122e-08
-5.22518e-08-8.56039e-08-1.12135e-07-1.29422e-07-1.35787e-07-1.30469e-07
-1.13708e-07-8.67273e-08-5.16241e-08-1.11705e-08 3.14377e-08 7.28619e-08
 1.09898e-07 1.39726e-07 1.60114e-07 1.69568e-07 1.67415e-07 1.53823e-07
 1.29758e-07 9.68831e-08 5.74126e-08 1.39285e-08-3.08109e-08-7.40604e-08
-1.13260e-07-1.46182e-07-1.71042e-07-1.86583e-07-1.92120e-07-1.87557e-07
-1.73367e-07-1.50535e-07-1.20480e-07-8.49428e-08-4.58686e-08-5.28697e-09
 3.48061e-08 7.25542e-08 1.06333e-07 1.34828e-07 1.57089e-07 1.72562e-07
 1.81096e-07 1.82916e-07 1.78576e-07 1.68884e-07 1.54824e-07 1.37462e-07
 1.17855e-07 9.69689e-08 7.55937e-08 5.42799e-08 3.32946e-08 1.26042e-08
-8.11222e-09-2.94169e-08-5.20359e-08-7.67531e-08-1.04282e-07-1.35128e-07
-1.69438e-07-2.06739e-07-2.45432e-07-2.82505e-07-3.13924e-07-3.35384e-07
-3.42923e-07-3.33437e-07-3.05116e-07-2.57800e-07-1.93143e-07-1.14174e-07
-2.40594e-08 7.50561e-08 1.81756e-07 2.93142e-07 4.02128e-07 4.96994e-07
 5.64197e-07 5.92143e-07 5.74080e-07 5.10611e-07 4.10986e-07 2.90518e-07
 1.64749e-07 4.49250e-08-6.22836e-08-1.52644e-07-2.23177e-07-2.72432e-07
-3.00608e-07-3.09226e-07-3.00938e-07-2.79275e-07-2.48169e-07-2.11506e-07
-1.72796e-07-1.34965e-07-1.00218e-07-6.99707e-08-4.48632e-08-2.48541e-08
-9.37602e-09 2.47285e-09 1.17311e-08 1.93978e-08 2.62991e-08 3.30084e-08
 3.98159e-08 4.67357e-08 5.35416e-08 5.98246e-08 6.50666e-08 6.87267e-08
 7.03305e-08 6.95491e-08 6.62545e-08 6.05447e-08 5.27403e-08 4.33539e-08
 3.30360e-08 2.25062e-08 1.24780e-08 3.58755e-09-3.66538e-09-8.95751e-09
-1.21596e-08-1.33319e-08-1.27006e-08-1.06208e-08-7.53263e-09-3.91453e-09
-2.37780e-10 3.07358e-09 5.67370e-09 7.31482e-09 7.85636e-09 7.26423e-09
 5.60195e-09 3.01516e-09-2.88001e-10-4.05879e-09-8.03058e-09-1.19407e-08
-1.55487e-08-1.86501e-08-2.10852e-08-2.27451e-08-2.35728e-08-2.35604e-08
-2.27431e-08-2.11922e-08-1.90059e-08-1.63007e-08-1.32022e-08-9.83866e-09
-6.33538e-09-2.80961e-09 6.32853e-10 3.89954e-09 6.91206e-09 9.60625e-09
 1.19314e-08 1.38483e-08 1.53279e-08 1.63499e-08 1.69027e-08 1.69825e-08
 1.65935e-08 1.57484e-08 1.44687e-08 1.27867e-08 1.07459e-08 8.40171e-09
 5.82055e-09 3.07824e-09 2.58708e-10-2.54746e-09-5.24551e-09-7.74006e-09
-9.93899e-09-1.17574e-08-1.31219e-08-1.39748e-08-1.42766e-08-1.40093e-08
-1.31785e-08-1.18139e-08-9.96792e-09-7.71415e-09-5.14451e-09-2.36652e-09
 5.01469e-10 3.33573e-09 6.01240e-09 8.41305e-09 1.04310e-08 1.19770e-08
 1.29831e-08 1.34058e-08 1.32280e-08 1.24606e-08 1.11413e-08 9.33245e-09
 7.11857e-09 4.60271e-09 1.90199e-09-8.58149e-10-3.55010e-09-6.05024e-09
-8.24514e-09-1.00372e-08-1.13493e-08-1.21279e-08-1.23453e-08-1.20004e-08
-1.11188e-08-9.75120e-09-7.97092e-09-5.87079e-09-3.55822e-09-1.14920e-09
 1.23814e-09 3.48932e-09 5.49880e-09 7.17521e-09 8.44585e-09 9.25975e-09
 9.58986e-09 9.43439e-09 8.81677e-09 7.78416e-09 6.40469e-09 4.76321e-09
 2.95620e-09 1.08691e-09-7.40057e-10-2.42493e-09-3.87786e-09-5.02316e-09
-5.80412e-09-6.18650e-09-6.15900e-09-5.73314e-09-4.94370e-09-3.84679e-09
-2.51582e-09-1.03804e-09 4.90203e-10 1.97055e-09 3.30837e-09 4.41654e-09
 5.22044e-09 5.66321e-09 5.70871e-09 5.34384e-09 4.58053e-09 3.45439e-09
 2.02206e-09 3.60381e-10-1.43638e-09-3.26373e-09-5.01383e-09-6.58005e-09
-7.86251e-09-8.77360e-09-9.24182e-09-9.21715e-09-8.67727e-09-7.62902e-09
-6.10594e-09-4.16679e-09-1.89437e-09 6.07275e-10 3.21701e-09 5.80268e-09
 8.22962e-09 1.03691e-08 1.21030e-08 1.33283e-08 1.39635e-08 1.39556e-08
 1.32841e-08 1.19625e-08 1.00372e-08 7.58467e-09 4.70864e-09 1.53807e-09
-1.77872e-09-5.08304e-09-8.21485e-09-1.10210e-08-1.33622e-08-1.51197e-08
-1.62018e-08-1.65508e-08-1.61468e-08-1.50091e-08-1.31943e-08-1.07938e-08
-7.92978e-09-4.74992e-09-1.41853e-09 1.89295e-09 5.01558e-09 7.79256e-09
 1.00879e-08 1.17940e-08 1.28390e-08 1.31913e-08 1.28612e-08 1.18988e-08
 1.03918e-08 8.45860e-09 6.24127e-09 3.89554e-09 1.57861e-09-5.62098e-10
-2.39906e-09-3.83400e-09-4.80469e-09-5.28936e-09-5.30878e-09-4.92335e-09
-4.22553e-09-3.33030e-09-2.36285e-09-1.44441e-09-6.78319e-10-1.36046e-10
 1.55235e-10 2.20191e-10 1.37441e-10 3.61678e-11
     0.0000e+00     0.0000e+00      0  0  0.00
     400   1.00000  0.0000e+00
-3.05460e-09-1.21329e-08-2.03942e-08-2.73654e-08-3.27184e-08-3.62721e-08
-3.79838e-08-3.79335e-08-3.63022e-08-3.33453e-08-2.93647e-08-2.46815e-08
-1.96119e-08-1.44480e-08-9.44222e-09-4.79517e-09-6.48193e-10 2.91642e-09
 5.86857e-09 8.22149e-09 1.00233e-08 1.13478e-08 1.22842e-08 1.29253e-08
 1.33577e-08 1.36540e-08 1.38694e-08 1.40392e-08 1.41764e-08 1.42711e-08
 1.42934e-08 1.41997e-08 1.39414e-08 1.34721e-08 1.27524e-08 1.17534e-08
 1.04609e-08 8.87862e-09 7.03001e-09 4.95580e-09 2.71047e-09 3.59306e-10
-2.02427e-09-4.36247e-09-6.57788e-09-8.59922e-09-1.03666e-08-1.18339e-08
-1.29695e-08-1.37550e-08-1.41845e-08-1.42647e-08-1.40141e-08-1.34613e-08
-1.26438e-08-1.16060e-08-1.03971e-08-9.06849e-09-7.67159e-09-6.25487e-09
-4.86224e-09-3.53190e-09-2.29510e-09-1.17529e-09-1.88916e-10 6.53809e-10
 1.34983e-09 1.90465e-09 2.33312e-09 2.65861e-09 2.90938e-09 3.11408e-09
 3.29923e-09 3.48869e-09 3.70362e-09 3.96239e-09 4.27958e-09 4.66360e-09
 5.11486e-09 5.62570e-09 6.18082e-09 6.75823e-09 7.33245e-09 7.87872e-09
 8.37418e-09 8.79568e-09 9.11814e-09 9.31564e-09 9.36329e-09 9.23848e-09
 8.92135e-09 8.39483e-09 7.64532e-09 6.66546e-09 5.45714e-09 4.03337e-09
 2.41891e-09 6.50802e-10-1.22065e-09-3.13248e-09-5.01319e-09-6.78989e-09
-8.39535e-09-9.77250e-09-1.08767e-08-1.16782e-08-1.21660e-08-1.23486e-08
-1.22520e-08-1.19146e-08-1.13828e-08-1.07070e-08-9.93879e-09-9.12689e-09
-8.31258e-09-7.52661e-09-6.78723e-09-6.10001e-09-5.45789e-09-4.84102e-09
-4.21834e-09-3.55169e-09-2.80125e-09-1.93154e-09-9.17031e-10 2.53467e-10
 1.57379e-09 3.01980e-09 4.55150e-09 6.11718e-09 7.65921e-09 9.12038e-09
 1.04489e-08 1.16016e-08 1.25445e-08 1.32519e-08 1.37051e-08 1.38897e-08
 1.37951e-08 1.34134e-08 1.27414e-08 1.17840e-08 1.05570e-08 9.08832e-09
 7.41885e-09 5.59961e-09 3.68844e-09 1.74617e-09-1.66751e-10-1.99238e-09
-3.67630e-09-5.16817e-09-6.42236e-09-7.39952e-09-8.07015e-09-8.41928e-09
-8.45044e-09-8.18776e-09-7.67539e-09-6.97371e-09-6.15312e-09-5.28626e-09
-4.44022e-09-3.66981e-09-3.01345e-09-2.49231e-09-2.11254e-09-1.86927e-09
-1.75032e-09-1.73858e-09-1.81323e-09-1.94965e-09-2.11852e-09-2.28559e-09
-2.41321e-09-2.46441e-09-2.40830e-09-2.22485e-09-1.90669e-09-1.45768e-09
-8.89118e-10-2.16007e-10 5.44759e-10 1.37378e-09 2.24656e-09 3.13012e-09
 3.98085e-09 4.74569e-09 5.36761e-09 5.79402e-09 5.98541e-09 5.92070e-09
 5.59830e-09 5.03398e-09 4.25747e-09 3.30906e-09 2.23655e-09 1.09250e-09
-6.78335e-11-1.18834e-09-2.21484e-09-3.09931e-09-3.80452e-09-4.30745e-09
-4.59985e-09-4.68589e-09-4.57810e-09-4.29355e-09-3.85098e-09-3.26886e-09
-2.56511e-09-1.75915e-09-8.76129e-10 4.89288e-11 9.70071e-10 1.83370e-09
 2.58476e-09 3.17323e-09 3.55936e-09 3.71705e-09 3.63525e-09 3.31754e-09
 2.78062e-09 2.05351e-09 1.17857e-09 2.12856e-10-7.73260e-10-1.70279e-09
-2.50290e-09-3.11550e-09-3.50289e-09-3.64692e-09-3.54399e-09-3.19979e-09
-2.62671e-09-1.84469e-09-8.85340e-10 2.02923e-10 1.35235e-09 2.48003e-09
 3.49890e-09 4.33044e-09 4.91299e-09 5.20289e-09 5.17180e-09 4.80578e-09
 4.10900e-09 3.10998e-09 1.86572e-09 4.60157e-10-1.00418e-09-2.41959e-09
-3.68816e-09-4.73372e-09-5.50638e-09-5.97861e-09-6.13710e-09-5.97786e-09
-5.50884e-09-4.75673e-09-3.77010e-09-2.61429e-09-1.36045e-09-7.60040e-11
 1.17925e-09 2.35181e-09 3.39123e-09 4.24794e-09 4.87442e-09 5.23110e-09
 5.29609e-09 5.07409e-09 4.59818e-09 3.92202e-09 3.10673e-09 2.21108e-09
 1.29000e-09 3.98173e-10-4.09290e-10-1.08299e-09-1.58852e-09-1.91172e-09
-2.05696e-09-2.04099e-09-1.88616e-09-1.61491e-09-1.24659e-09-7.98898e-10
-2.94378e-10 2.32682e-10 7.36064e-10 1.16611e-09 1.48059e-09 1.64970e-09
 1.65287e-09 1.47331e-09 1.09656e-09 5.13889e-10-2.74682e-10-1.26095e-09
-2.43067e-09-3.76265e-09-5.22448e-09-6.76829e-09-8.32947e-09-9.82736e-09
-1.11667e-08-1.22428e-08-1.29533e-08-1.32138e-08-1.29691e-08-1.21922e-08
-1.08769e-08-9.03094e-09-6.67112e-09-3.81997e-09-5.01029e-10 3.26157e-09
 7.43511e-09 1.19643e-08 1.67594e-08 2.16925e-08 2.66015e-08 3.12979e-08
 3.55758e-08 3.92220e-08 4.20248e-08 4.37800e-08 4.42936e-08 4.33862e-08
 4.09042e-08 3.67370e-08 3.08329e-08 2.32102e-08 1.39668e-08 3.29052e-09
-8.53255e-09-2.11175e-08-3.39907e-08-4.66061e-08-5.83657e-08-6.86474e-08
-7.68387e-08-8.23749e-08-8.47763e-08-8.36902e-08-7.89413e-08-7.05944e-08
-5.90237e-08-4.49755e-08-2.95872e-08-1.42536e-08-2.52675e-10 1.15973e-08
 2.09370e-08 2.76997e-08 3.20299e-08 3.42552e-08 3.48486e-08 3.43837e-08
 3.34825e-08 3.27614e-08 3.27761e-08 3.39713e-08 3.66368e-08 4.08716e-08
 4.65595e-08 5.33606e-08 6.07186e-08 6.78880e-08 7.39795e-08 7.80230e-08
 7.90453e-08 7.61586e-08 6.86552e-08 5.60998e-08 3.84162e-08 1.59600e-08
-1.04303e-08-3.94158e-08-6.91821e-08-9.75110e-08-1.21901e-07-1.39733e-07
-1.48501e-07-1.46141e-07-1.31467e-07-1.04729e-07-6.81648e-08-2.60879e-08
 1.57541e-08 5.12519e-08 7.52164e-08 8.47855e-08 8.03925e-08 6.55841e-08
 4.56776e-08 2.60020e-08 1.06310e-08 2.21344e-09
     0.0000e+00     0.0000e+00      0  0  0.00
     400   1.00000  0.0000e+00
 1.22751e-06 1.63694e-06 1.97293e-06 2.21273e-06 2.34139e-06 2.35242e-06
 2.24780e-06 2.03743e-06 1.73798e-06 1.37136e-06 9.62813e-07 5.38781e-07
 1.24797e-07-2.56601e-07-5.87681e-07-8.56908e-07-1.05953e-06-1.19704e-06
-1.27580e-06-1.30538e-06-1.29696e-06-1.26171e-06-1.20951e-06-1.14784e-06
-1.08111e-06-1.01001e-06-9.31354e-07-8.38898e-07-7.25434e-07-5.85316e-07
-4.16357e-07-2.20525e-07-4.30896e-09 2.20451e-07 4.36678e-07 6.25011e-07
 7.69018e-07 8.59929e-07 8.97892e-07 8.88941e-07 8.40769e-07 7.61152e-07
 6.58540e-07 5.41949e-07 4.19941e-07 2.99962e-07 1.88097e-07 8.88805e-08
 5.23802e-09-6.14350e-08-1.11130e-07-1.44971e-07-1.64924e-07-1.73488e-07
-1.73392e-07-1.67318e-07-1.57675e-07-1.46441e-07-1.35078e-07-1.24518e-07
-1.15215e-07-1.07230e-07-1.00345e-07-9.41784e-08-8.82943e-08-8.22896e-08
-7.58619e-08-6.88511e-08-6.12534e-08-5.32092e-08-4.49682e-08-3.68401e-08
-2.91398e-08-2.21355e-08-1.60075e-08-1.08215e-08-6.52107e-09-2.93881e-09
 1.75119e-10 3.11470e-09 6.17502e-09 9.61033e-09 1.35986e-08 1.82170e-08
 2.34321e-08 2.91018e-08 3.49895e-08 4.07863e-08 4.61406e-08 5.06917e-08
 5.41010e-08 5.60806e-08 5.64171e-08 5.49893e-08 5.17768e-08 4.68610e-08
 4.04189e-08 3.27116e-08 2.40668e-08 1.48564e-08 5.47296e-09-3.69283e-09
-1.22721e-08-1.99365e-08-2.64142e-08-3.15010e-08-3.50670e-08-3.70588e-08
-3.74989e-08-3.64797e-08-3.41539e-08-3.07236e-08-2.64276e-08-2.15272e-08
-1.62903e-08-1.09768e-08-5.82708e-09-1.05358e-09 3.16690e-09 6.69910e-09
 9.45208e-09 1.13792e-08 1.24763e-08 1.27792e-08 1.23595e-08 1.13172e-08
 9.77388e-09 7.86598e-09 5.73719e-09 3.52991e-09 1.37742e-09-6.01450e-10
-2.30615e-09-3.65831e-09-4.60503e-09-5.11939e-09-5.19901e-09-4.86466e-09
-4.15859e-09-3.14138e-09-1.88690e-09-4.77592e-10 9.98956e-10 2.45422e-09
 3.80407e-09 4.97332e-09 5.89854e-09 6.52988e-09 6.83388e-09 6.79594e-09
 6.42014e-09 5.72735e-09 4.75346e-09 3.54795e-09 2.17128e-09 6.91006e-10
-8.21889e-10-2.29558e-09-3.66064e-09-4.85427e-09-5.82323e-09-6.52521e-09
-6.93007e-09-7.02203e-09-6.80107e-09-6.28186e-09-5.49181e-09-4.47021e-09
-3.26711e-09-1.94054e-09-5.53041e-10 8.30949e-10 2.14744e-09 3.33660e-09
 4.34677e-09 5.13637e-09 5.67424e-09 5.94048e-09 5.92736e-09 5.63984e-09
 5.09525e-09 4.32273e-09 3.36240e-09 2.26313e-09 1.07903e-09-1.34120e-10
-1.32116e-09-2.42867e-09-3.40734e-09-4.21512e-09-4.81828e-09-5.19175e-09
-5.32122e-09-5.20477e-09-4.85233e-09-4.28423e-09-3.53012e-09-2.62747e-09
-1.61930e-09-5.52110e-10 5.26174e-10 1.56770e-09 2.52567e-09 3.35719e-09
 4.02683e-09 4.50805e-09 4.78346e-09 4.84563e-09 4.69672e-09 4.34738e-09
 3.81632e-09 3.13025e-09 2.32245e-09 1.43065e-09 4.95347e-10-4.41591e-10
-1.33884e-09-2.15809e-09-2.86653e-09-3.43779e-09-3.85137e-09-4.09300e-09
-4.15622e-09-4.04296e-09-3.76295e-09-3.33329e-09-2.77702e-09-2.12108e-09
-1.39590e-09-6.34223e-10 1.31220e-10 8.68500e-10 1.54753e-09 2.14203e-09
 2.62998e-09 2.99412e-09 3.22361e-09 3.31417e-09 3.26723e-09 3.08939e-09
 2.79222e-09 2.39254e-09 1.91138e-09 1.37159e-09 7.97251e-10 2.12962e-10
-3.57605e-10-8.91645e-10-1.36843e-09-1.77170e-09-2.08929e-09-2.31257e-09
-2.43711e-09-2.46211e-09-2.39072e-09-2.23083e-09-1.99344e-09-1.69125e-09
-1.33864e-09-9.50879e-10-5.43997e-10-1.34398e-10 2.62945e-10 6.34957e-10
 9.69935e-10 1.25810e-09 1.49178e-09 1.66531e-09 1.77568e-09 1.82229e-09
 1.80606e-09 1.72952e-09 1.59692e-09 1.41401e-09 1.18774e-09 9.25737e-10
 6.35809e-10 3.26318e-10 6.35295e-12-3.14781e-10-6.27978e-10-9.24274e-10
-1.19489e-09-1.43123e-09-1.62476e-09-1.76755e-09-1.85285e-09-1.87498e-09
-1.82945e-09-1.71324e-09-1.52507e-09-1.26608e-09-9.40434e-10-5.55135e-10
-1.20320e-10 3.50406e-10 8.39946e-10 1.32782e-09 1.79079e-09 2.20402e-09
 2.54225e-09 2.78127e-09 2.89988e-09 2.88177e-09 2.71721e-09 2.40461e-09
 1.95138e-09 1.37384e-09 6.96521e-10-4.93499e-11-8.28155e-10-1.60238e-09
-2.33512e-09-2.99232e-09-3.54391e-09-3.96415e-09-4.23122e-09-4.32614e-09
-4.23147e-09-3.93072e-09-3.40912e-09-2.65606e-09-1.66950e-09-4.61684e-10
 9.34566e-10 2.46033e-09 4.02752e-09 5.51997e-09 6.79962e-09 7.71816e-09
 8.13371e-09 7.93041e-09 7.03846e-09 5.45102e-09 3.23506e-09 5.33144e-10
-2.44506e-09-5.44143e-09-8.17625e-09-1.03796e-08-1.18227e-08-1.23449e-08
-1.18720e-08-1.04231e-08-8.10599e-09-5.10188e-09-1.64302e-09 2.01307e-09
 5.60848e-09 8.90557e-09 1.17012e-08 1.38342e-08 1.51881e-08 1.56889e-08
 1.53030e-08 1.40355e-08 1.19298e-08 9.06891e-09 5.57679e-09 1.61833e-09
-2.60406e-09-6.85802e-09-1.08934e-08-1.44580e-08-1.73154e-08-1.92626e-08
-2.01468e-08-1.98793e-08-1.84445e-08-1.59062e-08-1.24078e-08-8.16683e-09
-3.46331e-09 1.37893e-09 6.01752e-09 1.01219e-08 1.34054e-08 1.56552e-08
 1.67546e-08 1.66942e-08 1.55696e-08 1.35651e-08 1.09266e-08 7.92886e-09
 4.84207e-09 1.90516e-09-6.92464e-10-2.81857e-09-4.39706e-09-5.40163e-09
-5.84785e-09-5.78653e-09-5.29909e-09-4.49390e-09-3.50076e-09-2.46082e-09
-1.51052e-09-7.60739e-10-2.74898e-10-5.11328e-11
     0.0000e+00     0.0000e+00      0  0  0.00
     400   1.00000  0.0000e+00
 1.40056e-08 8.76050e-08 1.55649e-07 2.14374e-07 2.61046e-07 2.93993e-07
 3.12565e-07 3.17033e-07 3.08444e-07 2.88449e-07 2.59111e-07 2.22727e-07
 1.81648e-07 1.38135e-07 9.42373e-08 5.17122e-08 1.19722e-08-2.39275e-08
-5.52741e-08-8.16600e-08-1.02930e-07-1.19125e-07-1.30426e-07-1.37110e-07
-1.39511e-07-1.37993e-07-1.32942e-07-1.24761e-07-1.13869e-07-1.00711e-07
-8.57568e-08-6.95019e-08-5.24612e-08-3.51629e-08-1.81379e-08-1.90578e-09
 1.30414e-08 2.62547e-08 3.73449e-08 4.59972e-08 5.19850e-08 5.51826e-08
 5.55758e-08 5.32673e-08 4.84773e-08 4.15375e-08 3.28777e-08 2.30089e-08
 1.24993e-08 1.94742e-09-8.04910e-09-1.69241e-08-2.41746e-08-2.93883e-08
-3.22675e-08-3.26478e-08-3.05094e-08-2.59800e-08-1.93289e-08-1.09518e-08
-1.34696e-09 8.91432e-09 1.92207e-08 2.89557e-08 3.75305e-08 4.44144e-08
 4.91619e-08 5.14349e-08 5.10207e-08 4.78454e-08 4.19823e-08 3.36531e-08
 2.32229e-08 1.11843e-08-1.86649e-09-1.52632e-08-2.83073e-08-4.03104e-08
-5.06329e-08-5.87196e-08-6.41276e-08-6.65462e-08-6.58100e-08-6.19050e-08
-5.49707e-08-4.52960e-08-3.33116e-08-1.95750e-08-4.74730e-09 1.04370e-08
 2.52089e-08 3.88077e-08 5.05254e-08 5.97476e-08 6.59886e-08 6.89165e-08
 6.83697e-08 6.43645e-08 5.70937e-08 4.69183e-08 3.43519e-08 2.00370e-08
 4.71273e-09-1.08244e-08-2.57665e-08-3.93423e-08-5.08624e-08-5.97573e-08
-6.56046e-08-6.81436e-08-6.72784e-08-6.30717e-08-5.57333e-08-4.56059e-08
-3.31494e-08-1.89257e-08-3.57955e-09 1.21819e-08 2.76155e-08 4.19725e-08
 5.45321e-08 6.46368e-08 7.17266e-08 7.53701e-08 7.52916e-08 7.13911e-08
 6.37571e-08 5.26700e-08 3.85958e-08 2.21693e-08 4.16597e-09-1.45338e-08
-3.29882e-08-5.02403e-08-6.53660e-08-7.75202e-08-8.59814e-08-9.01916e-08
-8.97927e-08-8.46558e-08-7.49017e-08-6.09097e-08-4.33124e-08-2.29719e-08
-9.40858e-10 2.15944e-08 4.33822e-08 6.31820e-08 7.98427e-08 9.23764e-08
 1.00023e-07 1.02296e-07 9.90171e-08 9.03196e-08 7.66426e-08 5.87020e-08
 3.74480e-08 1.40121e-08-1.03540e-08-3.43452e-08-5.66711e-08-7.61237e-08
-9.16409e-08-1.02362e-07-1.07673e-07-1.07238e-07-1.01013e-07-8.92539e-08
-7.25018e-08-5.15625e-08-2.74695e-08-1.43681e-09 2.51997e-08 5.10499e-08
 7.47421e-08 9.49956e-08 1.10688e-07 1.20911e-07 1.25020e-07 1.22661e-07
 1.13796e-07 9.87107e-08 7.80073e-08 5.25858e-08 2.36072e-08-7.55788e-09
-3.93949e-08-7.03200e-08-9.87592e-08-1.23228e-07-1.42406e-07-1.55203e-07
-1.60822e-07-1.58799e-07-1.49040e-07-1.31831e-07-1.07835e-07-7.80613e-08
-4.38284e-08-6.70280e-09 3.15713e-08 6.91544e-08 1.04202e-07 1.34956e-07
 1.59846e-07 1.77568e-07 1.87168e-07 1.88093e-07 1.80228e-07 1.63905e-07
 1.39895e-07 1.09372e-07 7.38654e-08 3.51867e-08-4.65922e-09-4.35779e-08
-7.94976e-08-1.10485e-07-1.34853e-07-1.51262e-07-1.58801e-07-1.57046e-07
-1.46094e-07-1.26577e-07-9.96340e-08-6.68678e-08-3.02574e-08 7.94826e-09
 4.53592e-08 7.95878e-08 1.08397e-07 1.29843e-07 1.42411e-07 1.45117e-07
 1.37582e-07 1.20066e-07 9.34453e-08 5.91573e-08 1.90905e-08-2.45480e-08
-6.93839e-08-1.13023e-07-1.53180e-07-1.87780e-07-2.15019e-07-2.33398e-07
-2.41723e-07-2.39095e-07-2.24894e-07-1.98792e-07-1.60779e-07-1.11230e-07
-5.09994e-08 1.84827e-08 9.51154e-08 1.76074e-07 2.57817e-07 3.36162e-07
 4.06447e-07 4.63756e-07 5.03206e-07 5.20274e-07 5.11143e-07 4.73039e-07
 4.04536e-07 3.05808e-07 1.78793e-07 2.72719e-08-1.43171e-07-3.25295e-07
-5.10475e-07-6.89069e-07-8.50878e-07-9.85683e-07-1.08383e-06-1.13681e-06
-1.13788e-06-1.08253e-06-9.68977e-07-7.98415e-07-5.75215e-07-3.06894e-07
-3.92338e-09 3.20662e-07 6.51830e-07 9.73289e-07 1.26834e-06 1.52085e-06
 1.71619e-06 1.84221e-06 1.89012e-06 1.85512e-06 1.73691e-06 1.53989e-06
 1.27299e-06 9.49281e-07 5.85124e-07 1.99103e-07-1.89316e-07-5.61278e-07
-9.00086e-07-1.19267e-06-1.43083e-06-1.61169e-06-1.73644e-06-1.80782e-06
-1.82822e-06-1.79905e-06-1.72048e-06-1.59168e-06-1.41132e-06-1.17848e-06
-8.93709e-07-5.60222e-07-1.85280e-07 2.18340e-07 6.30996e-07 1.02557e-06
 1.36834e-06 1.62261e-06 1.75675e-06 1.75481e-06 1.62431e-06 1.39689e-06
 1.11775e-06 8.26454e-07 5.44137e-07 2.78327e-07 3.69389e-08-1.67142e-07
-3.24226e-07-4.33370e-07-4.98106e-07-5.22621e-07-5.13091e-07-4.77967e-07
-4.25938e-07-3.64900e-07-3.01783e-07-2.42118e-07-1.89742e-07-1.46828e-07
-1.14055e-07-9.08362e-08-7.56375e-08-6.63344e-08-6.05646e-08-5.60470e-08
-5.08422e-08-4.35322e-08-3.33182e-08-2.00434e-08-4.14501e-09 1.34617e-08
 3.15484e-08 4.87573e-08 6.37794e-08 7.55137e-08 8.31946e-08 8.64664e-08
 8.53997e-08 8.04574e-08 7.24186e-08 6.22691e-08 5.10769e-08 3.98703e-08
 2.95352e-08 2.07398e-08 1.38914e-08 9.12808e-09 6.33945e-09 5.21268e-09
 5.29496e-09 6.06416e-09 6.99757e-09 7.63139e-09 7.60647e-09 6.69842e-09
 4.83120e-09 2.07441e-09-1.37522e-09-5.22489e-09-9.12484e-09-1.27110e-08
-1.56474e-08-1.76642e-08-1.85880e-08-1.83610e-08-1.70468e-08-1.48230e-08
-1.19595e-08-8.78694e-09-5.65588e-09-2.89340e-09-7.58788e-10 5.95410e-10
 1.15252e-09 1.04778e-09 5.69097e-10 1.40789e-10
     0.0000e+00     0.0000e+00      0  0  0.00
     400   1.00000  0.0000e+00
 2.58791e-08 5.79698e-08 8.65516e-08 1.09927e-07 1.26928e-07 1.36936e-07
 1.39851e-07 1.36041e-07 1.26259e-07 1.11546e-07 9.31325e-08 7.23354e-08
 5.04660e-08 2.87505e-08 8.26612e-09-1.01040e-08-2.56986e-08-3.80884e-08
-4.70707e-08-5.26506e-08-5.50142e-08-5.44928e-08-5.15268e-08-4.66276e-08
-4.03412e-08-3.32165e-08-2.57774e-08-1.84998e-08-1.17940e-08-5.99231e-09
-1.33943e-09 2.01215e-09 4.00357e-09 4.66771e-09 4.12305e-09 2.56306e-09
 2.41646e-10-2.54574e-09-5.48483e-09-8.26701e-09-1.06139e-08-1.23000e-08
-1.31695e-08-1.31465e-08-1.22365e-08-1.05183e-08-8.12888e-09-5.24187e-09
-2.04467e-09 1.28386e-09 4.59026e-09 7.75626e-09 1.07004e-08 1.33717e-08
 1.57384e-08 1.77738e-08 1.94443e-08 2.07010e-08 2.14778e-08 2.16965e-08
 2.12765e-08 2.01479e-08 1.82653e-08 1.56180e-08 1.22372e-08 8.19746e-09
 3.61534e-09-1.35552e-09-6.52962e-09-1.16949e-08-1.66178e-08-2.10490e-08
-2.47324e-08-2.74176e-08-2.88782e-08-2.89349e-08-2.74804e-08-2.45032e-08
-2.01039e-08-1.45007e-08-8.02047e-09-1.07556e-09 5.87259e-09 1.23567e-08
 1.79481e-08 2.22959e-08 2.51553e-08 2.64023e-08 2.60345e-08 2.41590e-08
 2.09731e-08 1.67403e-08 1.17654e-08 6.37221e-09 8.84007e-10-4.39240e-09
-9.17991e-09-1.32421e-08-1.63918e-08-1.84976e-08-1.94872e-08-1.93481e-08
-1.81249e-08-1.59139e-08-1.28558e-08-9.12727e-09-4.93145e-09-4.87554e-10
 3.97973e-09 8.25143e-09 1.21252e-08 1.54253e-08 1.80097e-08 1.97742e-08
 2.06527e-08 2.06139e-08 1.96574e-08 1.78095e-08 1.51218e-08 1.16714e-08
 7.56315e-09 2.93089e-09-2.06422e-09-7.24015e-09-1.24050e-08-1.73702e-08
-2.19638e-08-2.60382e-08-2.94728e-08-3.21694e-08-3.40440e-08-3.50188e-08
-3.50169e-08-3.39628e-08-3.17887e-08-2.84445e-08-2.39063e-08-1.81836e-08
-1.13209e-08-3.39846e-09 5.46753e-09 1.51206e-08 2.53550e-08 3.59025e-08
 4.64209e-08 5.64876e-08 6.56054e-08 7.32207e-08 7.87555e-08 8.16482e-08
 8.13976e-08 7.76072e-08 7.00248e-08 5.85785e-08 4.34081e-08 2.48914e-08
 3.66274e-09-1.93821e-08-4.31007e-08-6.61440e-08-8.70255e-08-1.04216e-07
-1.16258e-07-1.21895e-07-1.20191e-07-1.10650e-07-9.33105e-08-6.88027e-08
-3.83794e-08-3.89125e-09 3.22889e-08 6.74006e-08 9.84870e-08 1.22632e-07
 1.37229e-07 1.40251e-07 1.30498e-07 1.07787e-07 7.30664e-08 2.84280e-08
-2.29902e-08-7.72056e-08-1.29687e-07-1.75722e-07-2.10818e-07-2.31110e-07
-2.33721e-07-2.17047e-07-1.80942e-07-1.26774e-07-5.73666e-08 2.31768e-08
 1.09746e-07 1.96567e-07 2.77585e-07 3.46866e-07 3.98991e-07 4.29399e-07
 4.34694e-07 4.12861e-07 3.63419e-07 2.87481e-07 1.87732e-07 6.83294e-08
-6.52770e-08-2.06593e-07-3.48385e-07-4.83036e-07-6.02919e-07-7.00790e-07
-7.70171e-07-8.05712e-07-8.03514e-07-7.61403e-07-6.79140e-07-5.58542e-07
-4.03516e-07-2.19966e-07-1.56039e-08 2.00364e-07 4.17651e-07 6.25385e-07
 8.12678e-07 9.69232e-07 1.08597e-06 1.15562e-06 1.17327e-06 1.13682e-06
 1.04718e-06 9.08459e-07 7.27775e-07 5.14937e-07 2.81874e-07 4.18778e-08
-1.91334e-07-4.04661e-07-5.86725e-07-7.28919e-07-8.26341e-07-8.78186e-07
-8.87089e-07-8.57862e-07-7.96686e-07-7.10711e-07-6.07546e-07-4.94697e-07
-3.79103e-07-2.66791e-07-1.62641e-07-7.02662e-08 8.01889e-09 7.11391e-08
 1.19136e-07 1.52992e-07 1.74420e-07 1.85640e-07 1.89153e-07 1.87530e-07
 1.83225e-07 1.78408e-07 1.74853e-07 1.73848e-07 1.76151e-07 1.81968e-07
 1.90974e-07 2.02349e-07 2.14846e-07 2.26886e-07 2.36667e-07 2.42295e-07
 2.41924e-07 2.33904e-07 2.16952e-07 1.90355e-07 1.54190e-07 1.09559e-07
 5.87075e-08 4.72879e-09-4.90265e-08-9.95006e-08-1.44464e-07-1.82980e-07
-2.15392e-07-2.42689e-07-2.65606e-07-2.84027e-07-2.97044e-07-3.03525e-07
-3.02676e-07-2.94100e-07-2.77380e-07-2.51806e-07-2.16739e-07-1.72466e-07
-1.20705e-07-6.38072e-08-3.01106e-09 6.18179e-08 1.29718e-07 1.96562e-07
 2.56449e-07 3.04444e-07 3.37360e-07 3.53263e-07 3.51592e-07 3.33506e-07
 3.01550e-07 2.58859e-07 2.08255e-07 1.51541e-07 8.96225e-08 2.34419e-08
-4.47955e-08-1.10579e-07-1.67179e-07-2.07557e-07-2.27470e-07-2.27954e-07
-2.14925e-07-1.95233e-07-1.71973e-07-1.43667e-07-1.08708e-07-7.01160e-08
-3.43160e-08-5.25805e-09 1.79170e-08 3.68116e-08 5.04423e-08 5.75348e-08
 5.91109e-08 5.68079e-08 5.11918e-08 4.30622e-08 3.39443e-08 2.47489e-08
 1.59193e-08 8.27745e-09 2.35127e-09-1.90320e-09-4.38702e-09-5.09544e-09
-4.43514e-09-2.70382e-09-1.65468e-10 2.69706e-09 5.55674e-09 8.18543e-09
 1.02705e-08 1.16761e-08 1.23495e-08 1.22144e-08 1.13524e-08 9.87686e-09
 7.89254e-09 5.59421e-09 3.13522e-09 6.53995e-10-1.68839e-09-3.79417e-09
-5.56710e-09-6.93390e-09-7.87738e-09-8.38463e-09-8.48419e-09-8.22616e-09
-7.66353e-09-6.87066e-09-5.91151e-09-4.85152e-09-3.75444e-09-2.67149e-09
-1.65154e-09-7.28713e-10 7.19708e-11 7.35094e-10 1.25603e-09 1.63503e-09
 1.88053e-09 2.00576e-09 2.02762e-09 1.96383e-09 1.83066e-09 1.64418e-09
 1.41982e-09 1.17251e-09 9.15303e-10 6.59343e-10 4.15671e-10 1.96254e-10
 1.23698e-11-1.28064e-10-2.21058e-10-2.66264e-10-2.67409e-10-2.32681e-10
-1.74172e-10-1.06722e-10-4.65232e-11-1.01489e-11
     0.0000e+00     0.0000e+00      0  0  0.00
     400   1.00000  0.0000e+00
 2.83014e-08 6.99860e-08 1.07301e-07 1.38087e-07 1.60875e-07 1.74896e-07
 1.80041e-07 1.76784e-07 1.66069e-07 1.49186e-07 1.27639e-07 1.03017e-07
 7.68807e-08 5.06694e-08 2.56303e-08 2.77088e-09-1.71662e-08-3.37071e-08
-4.66334e-08-5.59538e-08-6.18655e-08-6.47104e-08-6.49302e-08-6.30227e-08
-5.95013e-08-5.48599e-08-4.95442e-08-4.39315e-08-3.83188e-08-3.29197e-08
-2.78682e-08-2.32275e-08-1.90032e-08-1.51586e-08-1.16298e-08-8.33961e-09
-5.21115e-09-2.17986e-09 7.95481e-10 3.72522e-09 6.58652e-09 9.32564e-09
 1.18631e-08 1.40998e-08 1.59254e-08 1.72282e-08 1.79072e-08 1.78846e-08
 1.71179e-08 1.56095e-08 1.34131e-08 1.06356e-08 7.43321e-09 4.00179e-09
 5.65147e-10-2.63766e-09-5.36668e-09-7.39880e-09-8.54773e-09-8.68448e-09
-7.75680e-09-5.80358e-09-2.96024e-09 5.45860e-10 4.40989e-09 8.27377e-09
 1.17575e-08 1.44939e-08 1.61633e-08 1.65248e-08 1.54420e-08 1.29021e-08
 9.02491e-09 4.06088e-09-1.62325e-09-7.56983e-09-1.32670e-08-1.81959e-08
-2.18829e-08-2.39522e-08-2.41717e-08-2.24854e-08-1.90258e-08-1.41037e-08
-8.17512e-09-1.79133e-09 4.46172e-09 1.00263e-08 1.44302e-08 1.73331e-08
 1.85577e-08 1.81029e-08 1.61371e-08 1.29744e-08 9.03418e-09 4.78897e-09
 7.05181e-10-2.81455e-09-5.47781e-09-7.13140e-09-7.76934e-09-7.51927e-09
-6.60944e-09-5.32318e-09-3.94947e-09-2.73844e-09-1.86792e-09-1.42507e-09
-1.40422e-09-1.71909e-09-2.22526e-09-2.74792e-09-3.11094e-09-3.16274e-09
-2.79612e-09-1.96007e-09-6.63393e-10 1.02821e-09 2.99997e-09 5.09917e-09
 7.14860e-09 8.96166e-09 1.03581e-08 1.11792e-08 1.13021e-08 1.06538e-08
 9.22386e-09 7.07105e-09 4.32389e-09 1.17168e-09-2.15317e-09-5.39992e-09
-8.32816e-09-1.07367e-08-1.24869e-08-1.35145e-08-1.38268e-08-1.34884e-08
-1.25968e-08-1.12559e-08-9.55134e-09-7.53801e-09-5.23979e-09-2.66414e-09
 1.73562e-10 3.22307e-09 6.37910e-09 9.47518e-09 1.22944e-08 1.45961e-08
 1.61539e-08 1.67967e-08 1.64413e-08 1.51083e-08 1.29164e-08 1.00586e-08
 6.76618e-09 3.26851e-09-2.39970e-10-3.61595e-09-6.76513e-09-9.62550e-09
-1.21426e-08-1.42462e-08-1.58371e-08-1.67917e-08-1.69819e-08-1.63065e-08
-1.47228e-08-1.22694e-08-9.07273e-09-5.33539e-09-1.30818e-09 2.74631e-09
 6.58784e-09 1.00218e-08 1.29082e-08 1.51561e-08 1.67087e-08 1.75259e-08
 1.75739e-08 1.68251e-08 1.52683e-08 1.29252e-08 9.86664e-09 6.22230e-09
 2.17814e-09-2.03801e-09-6.17911e-09-1.00043e-08-1.33014e-08-1.59014e-08
-1.76847e-08-1.85791e-08-1.85546e-08-1.76184e-08-1.58120e-08-1.32109e-08
-9.92613e-09-6.10435e-09-1.92485e-09 2.40741e-09 6.67214e-09 1.06460e-08
 1.41150e-08 1.68864e-08 1.87998e-08 1.97369e-08 1.96303e-08 1.84705e-08
 1.63092e-08 1.32576e-08 9.47934e-09 5.17740e-09 5.79742e-10-4.07506e-09
-8.54915e-09-1.26132e-08-1.60524e-08-1.86732e-08-2.03138e-08-2.08594e-08
-2.02591e-08-1.85391e-08-1.58075e-08-1.22449e-08-8.08437e-09-3.58219e-09
 1.01042e-09 5.46733e-09 9.59515e-09 1.32296e-08 1.62271e-08 1.84582e-08
 1.98112e-08 2.02043e-08 1.96041e-08 1.80406e-08 1.56110e-08 1.24687e-08
 8.80089e-09 4.80272e-09 6.58155e-10-3.46652e-09-7.41613e-09-1.10343e-08
-1.41552e-08-1.66086e-08-1.82389e-08-1.89328e-08-1.86453e-08-1.74119e-08
-1.53420e-08-1.25966e-08-9.35913e-09-5.81210e-09-2.12643e-09 1.53627e-09
 5.01516e-09 8.14585e-09 1.07676e-08 1.27424e-08 1.39784e-08 1.44468e-08
 1.41823e-08 1.32673e-08 1.18055e-08 9.89662e-09 7.62415e-09 5.05861e-09
 2.27347e-09-6.37332e-10-3.55093e-09-6.32157e-09-8.79834e-09-1.08460e-08
-1.23593e-08-1.32668e-08-1.35241e-08-1.31056e-08-1.20005e-08-1.02182e-08
-7.79940e-09-4.82664e-09-1.42652e-09 2.24024e-09 5.99745e-09 9.67373e-09
 1.31168e-08 1.61982e-08 1.88096e-08 2.08557e-08 2.22494e-08 2.29119e-08
 2.27772e-08 2.17976e-08 1.99466e-08 1.72179e-08 1.36227e-08 9.18906e-09
 3.96493e-09-1.97536e-09-8.52385e-09-1.55335e-08-2.28161e-08-3.01444e-08
-3.72573e-08-4.38670e-08-4.96679e-08-5.43452e-08-5.75852e-08-5.90852e-08
-5.85648e-08-5.57785e-08-5.05294e-08-4.26893e-08-3.22229e-08-1.92179e-08
-3.91159e-09 1.32898e-08 3.18049e-08 5.08848e-08 6.96347e-08 8.70460e-08
 1.02042e-07 1.13537e-07 1.20509e-07 1.22089e-07 1.17656e-07 1.06925e-07
 9.00149e-08 6.74886e-08 4.03548e-08 1.00422e-08-2.16545e-08-5.26567e-08
-8.07145e-08-1.03554e-07-1.19056e-07-1.25447e-07-1.21495e-07-1.06673e-07
-8.12819e-08-4.65170e-08-4.47699e-09 4.18951e-08 8.89440e-08 1.32520e-07
 1.68281e-07 1.92070e-07 2.00322e-07 1.90471e-07 1.61291e-07 1.13138e-07
 4.80679e-08-3.02084e-08-1.16514e-07-2.04561e-07-2.87439e-07-3.58210e-07
-4.10544e-07-4.39323e-07-4.41139e-07-4.14629e-07-3.60620e-07-2.82077e-07
-1.83875e-07-7.24065e-08 4.49213e-08 1.60277e-07 2.66016e-07 3.55268e-07
 4.22437e-07 4.63586e-07 4.76681e-07 4.61691e-07 4.20544e-07 3.56959e-07
 2.76141e-07 1.84372e-07 8.85192e-08-4.50516e-09-8.82753e-08-1.57344e-07
-2.07655e-07-2.36851e-07-2.44452e-07-2.31874e-07-2.02288e-07-1.60305e-07
-1.11509e-07-6.18683e-08-1.70807e-08 1.80956e-08 4.04565e-08 4.88545e-08
 4.45276e-08 3.11963e-08 1.48837e-08 3.43433e-09
     0.0000e+00     0.0000e+00      0  0  0.00
     400   1.00000  0.0000e+00
-1.53572e-08 6.70462e-09 2.91428e-08 5.08419e-08 7.07783e-08 8.80600e-08
 1.01955e-07 1.11911e-07 1.17559e-07 1.18717e-07 1.15378e-07 1.07702e-07
 9.60032e-08 8.07311e-08 6.24603e-08 4.18738e-08 1.97462e-08-3.07656e-09
-2.57022e-08-4.72219e-08-6.67452e-08-8.34383e-08-9.65638e-08-1.05520e-07
-1.09874e-07-1.09395e-07-1.04069e-07-9.41100e-08-7.99595e-08-6.22696e-08
-4.18754e-08-1.97562e-08 3.01410e-09 2.53229e-08 4.60773e-08 6.42625e-08
 7.89950e-08 8.95680e-08 9.54857e-08 9.64833e-08 9.25349e-08 8.38492e-08
 7.08543e-08 5.41751e-08 3.46043e-08 1.30685e-08-9.40763e-09-3.17417e-08
-5.28382e-08-7.16367e-08-8.71629e-08-9.85790e-08-1.05229e-07-1.06678e-07
-1.02738e-07-9.34863e-08-7.92645e-08-6.06656e-08-3.85088e-08-1.38036e-08
 1.22950e-08 3.85385e-08 6.36424e-08 8.63468e-08 1.05477e-07 1.20005e-07
 1.29100e-07 1.32182e-07 1.28960e-07 1.19458e-07 1.04019e-07 8.33000e-08
 5.82385e-08 3.00120e-08-2.03357e-11-3.03854e-08-5.95686e-08-8.60892e-08
-1.08574e-07-1.25828e-07-1.36900e-07-1.41137e-07-1.38224e-07-1.28211e-07
-1.11512e-07-8.88999e-08-6.14693e-08-3.05966e-08 2.12448e-09 3.49568e-08
 6.61026e-08 9.37919e-08 1.16374e-07 1.32405e-07 1.40731e-07 1.40555e-07
 1.31496e-07 1.13622e-07 8.74773e-08 5.40823e-08 1.49103e-08-2.81595e-08
-7.29153e-08-1.16907e-07-1.57557e-07-1.92286e-07-2.18645e-07-2.34453e-07
-2.37937e-07-2.27850e-07-2.03591e-07-1.65291e-07-1.13877e-07-5.10890e-08
 2.05443e-08 9.77822e-08 1.76791e-07 2.53312e-07 3.22875e-07 3.81050e-07
 4.23727e-07 4.47407e-07 4.49481e-07 4.28482e-07 3.84281e-07 3.18202e-07
 2.33048e-07 1.32997e-07 2.33977e-08-8.95466e-08-1.99188e-07-2.98896e-07
-3.82544e-07-4.44959e-07-4.82298e-07-4.92308e-07-4.74466e-07-4.29966e-07
-3.61593e-07-2.73476e-07-1.70778e-07-5.93381e-08 5.46824e-08 1.65130e-07
 2.66148e-07 3.52417e-07 4.19341e-07 4.63179e-07 4.81148e-07 4.71494e-07
 4.33537e-07 3.67709e-07 2.75552e-07 1.59703e-07 2.38591e-08-1.27279e-07
-2.88090e-07-4.52153e-07-6.12404e-07-7.61344e-07-8.91287e-07-9.94657e-07
-1.06432e-06-1.09393e-06-1.07831e-06-1.01378e-06-8.98510e-07-7.32785e-07
-5.19256e-07-2.63054e-07 2.81929e-08 3.44479e-07 6.73670e-07 1.00190e-06
 1.31409e-06 1.59463e-06 1.82813e-06 2.00026e-06 2.09868e-06 2.11381e-06
 2.03969e-06 1.87458e-06 1.62141e-06 1.28795e-06 8.86760e-07 4.34734e-07
-4.75929e-08-5.37119e-07-1.00950e-06-1.44068e-06-1.80854e-06-2.09442e-06
-2.28396e-06-2.36759e-06-2.34098e-06-2.20557e-06-1.96878e-06-1.64391e-06
-1.24976e-06-8.10041e-07-3.52298e-07 9.39365e-08 5.00374e-07 8.44064e-07
 1.11051e-06 1.29363e-06 1.39253e-06 1.40879e-06 1.34779e-06 1.22156e-06
 1.04820e-06 8.47327e-07 6.35398e-07 4.24374e-07 2.24440e-07 4.67169e-08
-9.87919e-08-2.07521e-07-2.80313e-07-3.20189e-07-3.31253e-07-3.19065e-07
-2.90010e-07-2.50536e-07-2.06703e-07-1.63677e-07-1.25450e-07-9.47389e-08
-7.29443e-08-6.02809e-08-5.59622e-08-5.84405e-08-6.56932e-08-7.54871e-08
-8.56235e-08-9.41354e-08-9.94274e-08-1.00358e-07-9.62715e-08-8.69994e-08
-7.28195e-08-5.43892e-08-3.26639e-08-8.81258e-09 1.58670e-08 4.00365e-08
 6.24026e-08 8.17932e-08 9.72241e-08 1.07956e-07 1.13535e-07 1.13815e-07
 1.08963e-07 9.94451e-08 8.59926e-08 6.95495e-08 5.12069e-08 3.21269e-08
 1.34626e-08-3.71892e-09-1.85039e-08-3.01860e-08-3.83022e-08-4.26495e-08
-4.32832e-08-4.04963e-08-3.47844e-08-2.67997e-08-1.72981e-08-7.08539e-09
 3.03734e-09 1.23237e-08 2.01253e-08 2.59257e-08 2.93639e-08 3.02471e-08
 2.85541e-08 2.44274e-08 1.81585e-08 1.01640e-08 9.57415e-10-8.88447e-09
-1.87565e-08-2.80601e-08-3.62367e-08-4.27991e-08-4.73573e-08-4.96386e-08
-4.95011e-08-4.69392e-08-4.20821e-08-3.51839e-08-2.66072e-08-1.68017e-08
-6.27721e-09 4.42510e-09 1.47619e-08 2.42154e-08 3.23195e-08 3.86838e-08
 4.30125e-08 4.51184e-08 4.49314e-08 4.25022e-08 3.79993e-08 3.17002e-08
 2.39758e-08 1.52692e-08 6.06971e-09-3.11624e-09-1.17927e-08-1.95008e-08
-2.58440e-08-3.05093e-08-3.32822e-08-3.40560e-08-3.28342e-08-2.97295e-08
-2.49554e-08-1.88136e-08-1.16769e-08-3.96824e-09 3.86348e-09 1.13695e-08
 1.81270e-08 2.37629e-08 2.79739e-08 3.05432e-08 3.13513e-08 3.03807e-08
 2.77148e-08 2.35293e-08 1.80789e-08 1.16791e-08 4.68671e-09-2.52183e-09
-9.57148e-09-1.61089e-08-2.18193e-08-2.64398e-08-2.97699e-08-3.16784e-08
-3.21076e-08-3.10727e-08-2.86574e-08-2.50065e-08-2.03140e-08-1.48089e-08
-8.74046e-09-2.36521e-09 4.06264e-09 1.02983e-08 1.61114e-08 2.12897e-08
 2.56423e-08 2.90032e-08 3.12361e-08 3.22390e-08 3.19492e-08 3.03488e-08
 2.74693e-08 2.33949e-08 1.82657e-08 1.22784e-08 5.68279e-09-1.22454e-09
-8.11256e-09-1.46328e-08-2.04385e-08-2.52054e-08-2.86549e-08-3.05777e-08
-3.08524e-08-2.94600e-08-2.64919e-08-2.21473e-08-1.67211e-08-1.05852e-08
-4.16133e-09 2.11260e-09 7.81703e-09 1.25837e-08 1.61259e-08 1.82620e-08
 1.89271e-08 1.81760e-08 1.61776e-08 1.31964e-08 9.56800e-09 5.66958e-09
 1.88734e-09-1.42124e-09-3.96315e-09-5.54104e-09-6.08050e-09-5.64799e-09
-4.45415e-09-2.84444e-09-1.27711e-09-2.83718e-10
     0.0000e+00     0.0000e+00      0  0  0.00
     400   1.00000  0.0000e+00
 1.20862e-08 3.73305e-08 6.00049e-08 7.88007e-08 9.28282e-08 1.01624e-07
 1.05128e-07 1.03635e-07 9.77334e-08 8.82202e-08 7.60217e-08 6.21074e-08
 4.74154e-08 3.27921e-08 1.89493e-08 6.44065e-09-4.34658e-09-1.31869e-08
-2.00036e-08-2.48505e-08-2.78892e-08-2.93641e-08-2.95732e-08-2.88388e-08
-2.74773e-08-2.57736e-08-2.39621e-08-2.22166e-08-2.06498e-08-1.93177e-08
-1.82296e-08-1.73565e-08-1.66402e-08-1.60005e-08-1.53425e-08-1.45667e-08
-1.35795e-08-1.23056e-08-1.06990e-08-8.74920e-09-6.48144e-09-3.95119e-09
-1.23561e-09 1.57529e-09 4.38537e-09 7.09637e-09 9.60994e-09 1.18299e-08
 1.36659e-08 1.50402e-08 1.58934e-08 1.61906e-08 1.59226e-08 1.51036e-08
 1.37675e-08 1.19640e-08 9.75833e-09 7.23379e-09 4.49591e-09 1.67359e-09
-1.08471e-09-3.62108e-09-5.78297e-09-7.43956e-09-8.49566e-09-8.90023e-09
-8.64961e-09-7.78675e-09-6.39804e-09-4.60780e-09-2.56954e-09-4.53205e-10
 1.57151e-09 3.35363e-09 4.77712e-09 5.77043e-09 6.30677e-09 6.39602e-09
 6.07186e-09 5.37931e-09 4.36668e-09 3.08374e-09 1.58385e-09-7.33279e-11
-1.82144e-09-3.58929e-09-5.30345e-09-6.89036e-09-8.27801e-09-9.39802e-09
-1.01890e-08-1.06016e-08-1.06053e-08-1.01927e-08-9.38100e-09-8.20617e-09
-6.71507e-09-4.95753e-09-2.98334e-09-8.45119e-10 1.39489e-09 3.65906e-09
 5.85393e-09 7.87640e-09 9.62403e-09 1.10057e-08 1.19502e-08 1.24108e-08
 1.23682e-08 1.18303e-08 1.08319e-08 9.43355e-09 7.71833e-09 5.78513e-09
 3.74033e-09 1.69132e-09-2.55984e-10-1.99669e-09-3.42694e-09-4.44777e-09
-4.97431e-09-4.94842e-09-4.35049e-09-3.20553e-09-1.58169e-09 4.16918e-10
 2.65912e-09 4.99397e-09 7.25528e-09 9.26449e-09 1.08348e-08 1.17785e-08
 1.19182e-08 1.10970e-08 9.18874e-09 6.10690e-09 1.81644e-09-3.65328e-09
-1.01975e-08-1.76307e-08-2.56882e-08-3.40344e-08-4.22751e-08-4.99708e-08
-5.66478e-08-6.18093e-08-6.49525e-08-6.55946e-08-6.33081e-08-5.77593e-08
-4.87449e-08-3.62216e-08-2.03292e-08-1.40657e-09 1.99986e-08 4.31300e-08
 6.70372e-08 9.06046e-08 1.12595e-07 1.31705e-07 1.46632e-07 1.56148e-07
 1.59195e-07 1.54969e-07 1.43015e-07 1.23301e-07 9.62744e-08 6.28802e-08
 2.45508e-08-1.68379e-08-5.90422e-08-9.95613e-08-1.35786e-07-1.65181e-07
-1.85497e-07-1.95083e-07-1.93353e-07-1.81002e-07-1.59668e-07-1.31437e-07
-9.85746e-08-6.33801e-08-2.80483e-08 5.45476e-09 3.54920e-08 6.08223e-08
 8.06266e-08 9.44957e-08 1.02392e-07 1.04594e-07 1.01634e-07 9.42309e-08
 8.32345e-08 6.95672e-08 5.41759e-08 3.79881e-08 2.18737e-08 6.61549e-09
-7.11145e-09-1.87503e-08-2.78671e-08-3.41518e-08-3.74200e-08-3.76164e-08
-3.48237e-08-2.92750e-08-2.13652e-08-1.16579e-08-9.32530e-10 9.66193e-09
 1.85088e-08 2.38144e-08 2.42119e-08 1.91996e-08 9.23038e-09-4.35640e-09
-1.95027e-08-3.37989e-08-4.50049e-08-5.15404e-08-5.27354e-08-4.86570e-08
-3.95698e-08-2.55047e-08-6.42856e-09 1.71005e-08 4.34493e-08 7.00661e-08
 9.40507e-08 1.12594e-07 1.23189e-07 1.23917e-07 1.13816e-07 9.29301e-08
 6.18386e-08 2.14165e-08-2.64067e-08-7.79071e-08-1.27905e-07-1.70391e-07
-1.99081e-07-2.08526e-07-1.95459e-07-1.59870e-07-1.05752e-07-4.10338e-08
 2.39095e-08 7.88655e-08 1.16632e-07 1.35096e-07 1.37377e-07 1.29572e-07
 1.17155e-07 1.02116e-07 8.29509e-08 5.78251e-08 2.82952e-08-2.67777e-10
-2.25658e-08-3.74769e-08-4.74511e-08-5.41861e-08-5.66677e-08-5.38322e-08
-4.69215e-08-3.79748e-08-2.78675e-08-1.70948e-08-6.76130e-09 2.25803e-09
 9.73385e-09 1.53503e-08 1.87827e-08 2.02002e-08 1.98752e-08 1.79629e-08
 1.48612e-08 1.10454e-08 6.82467e-09 2.57302e-09-1.33819e-09-4.71864e-09
-7.38918e-09-9.21519e-09-1.02112e-08-1.04025e-08-9.85641e-09-8.72688e-09
-7.14561e-09-5.26234e-09-3.24874e-09-1.22976e-09 6.67718e-10 2.33627e-09
 3.71457e-09 4.74812e-09 5.41929e-09 5.73795e-09 5.72148e-09 5.41438e-09
 4.86455e-09 4.12513e-09 3.25743e-09 2.31564e-09 1.35567e-09 4.25670e-10
-4.35357e-10-1.19333e-09-1.82468e-09-2.31136e-09-2.64321e-09-2.81723e-09
-2.83613e-09-2.71012e-09-2.45402e-09-2.08692e-09-1.63084e-09-1.11031e-09
-5.52344e-10 1.48040e-11 5.62757e-10 1.06510e-09 1.49832e-09 1.84232e-09
 2.08133e-09 2.20433e-09 2.20525e-09 2.08354e-09 1.84482e-09 1.49989e-09
 1.06358e-09 5.54828e-10-3.51753e-12-5.86226e-10-1.16678e-09-1.71787e-09
-2.21269e-09-2.62630e-09-2.93655e-09-3.12580e-09-3.18280e-09-3.10237e-09
-2.88426e-09-2.53402e-09-2.06458e-09-1.49597e-09-8.53306e-10-1.64058e-10
 5.44201e-10 1.24419e-09 1.90779e-09 2.50682e-09 3.01699e-09 3.42157e-09
 3.71166e-09 3.88315e-09 3.93390e-09 3.86426e-09 3.68081e-09 3.39862e-09
 3.03774e-09 2.61670e-09 2.14975e-09 1.64939e-09 1.12983e-09 6.07345e-10
 9.63022e-11-3.95585e-10-8.67658e-10-1.32091e-09-1.75205e-09-2.15299e-09
-2.51540e-09-2.83402e-09-3.10467e-09-3.31973e-09-3.46614e-09-3.52828e-09
-3.49358e-09-3.35627e-09-3.11633e-09-2.77633e-09-2.34089e-09-1.81952e-09
-1.22995e-09-5.98656e-10 4.20834e-11 6.58392e-10 1.21737e-09 1.68746e-09
 2.03884e-09 2.24624e-09 2.29388e-09 2.18007e-09 1.91973e-09 1.54495e-09
 1.10364e-09 6.57807e-10 2.82099e-10 6.09282e-11
     0.0000e+00     0.0000e+00      0  0  0.00
     400   1.00000  0.0000e+00
-2.13730e-08-4.67154e-08-6.88736e-08-8.65811e-08-9.90583e-08-1.06008e-07
-1.07578e-07-1.04293e-07-9.69638e-08-8.65806e-08-7.42073e-08-6.08846e-08
-4.75521e-08-3.49908e-08-2.37837e-08-1.42927e-08-6.65279e-09-7.85810e-10
 3.56868e-09 6.81049e-09 9.42994e-09 1.19554e-08 1.48995e-08 1.87101e-08
 2.37282e-08 3.01523e-08 3.80090e-08 4.71351e-08 5.71789e-08 6.76209e-08
 7.78065e-08 8.69835e-08 9.43424e-08 9.90623e-08 1.00365e-07 9.75729e-08
 9.01694e-08 7.78513e-08 6.05745e-08 3.85849e-08 1.24334e-08-1.70251e-08
-4.86501e-08-8.10499e-08-1.12635e-07-1.41691e-07-1.66475e-07-1.85327e-07
-1.96775e-07-1.99648e-07-1.93174e-07-1.77078e-07-1.51651e-07-1.17783e-07
-7.69519e-08-3.11604e-08 1.71580e-08 6.52807e-08 1.10370e-07 1.49672e-07
 1.80736e-07 2.01641e-07 2.11214e-07 2.09222e-07 1.96449e-07 1.74554e-07
 1.45723e-07 1.12338e-07 7.67544e-08 4.11570e-08 7.44651e-09-2.28375e-08
-4.85577e-08-6.89871e-08-8.37897e-08-9.29774e-08-9.68536e-08-9.59481e-08
-9.09524e-08-8.26597e-08-7.19115e-08-5.95515e-08-4.63886e-08-3.31688e-08
-2.05565e-08-9.12330e-09 6.56341e-10 8.40755e-09 1.38571e-08 1.68375e-08
 1.72929e-08 1.52869e-08 1.10109e-08 4.79187e-09-2.90449e-09-1.14747e-08
-2.01417e-08-2.78678e-08-3.34022e-08-3.56084e-08-3.38083e-08-2.78621e-08
-1.80850e-08-5.18582e-09 9.81810e-09 2.58128e-08 4.18744e-08 5.74074e-08
 7.19618e-08 8.48704e-08 9.50371e-08 1.01072e-07 1.01686e-07 9.60348e-08
 8.37543e-08 6.47728e-08 3.92494e-08 7.80890e-09-2.81984e-08-6.67469e-08
-1.05300e-07-1.40745e-07-1.69473e-07-1.87931e-07-1.93075e-07-1.82440e-07
-1.54513e-07-1.09589e-07-5.04463e-08 1.74729e-08 8.63491e-08 1.46935e-07
 1.90326e-07 2.10080e-07 2.04057e-07 1.75403e-07 1.31851e-07 8.31840e-08
 3.78578e-08 2.27924e-10-2.99847e-08-5.54177e-08-7.73995e-08-9.37478e-08
-1.00351e-07-9.54247e-08-8.19963e-08-6.54368e-08-4.87032e-08-3.13235e-08
-1.29596e-08 4.27807e-09 1.80147e-08 2.79404e-08 3.45702e-08 3.76837e-08
 3.72597e-08 3.41564e-08 2.90991e-08 2.24947e-08 1.51493e-08 7.88751e-09
 1.09214e-09-4.81159e-09-9.37910e-09-1.25420e-08-1.43034e-08-1.46405e-08
-1.37817e-08-1.19913e-08-9.47113e-09-6.55079e-09-3.51965e-09-5.76423e-10
 2.03654e-09 4.16768e-09 5.74853e-09 6.70549e-09 7.05790e-09 6.86453e-09
 6.18628e-09 5.14610e-09 3.85883e-09 2.43748e-09 1.01212e-09-3.23659e-10
-1.48366e-09-2.40181e-09-3.04695e-09-3.39647e-09-3.45853e-09-3.25933e-09
-2.83561e-09-2.24144e-09-1.53110e-09-7.64305e-10 1.66729e-12 7.17266e-10
 1.33725e-09 1.82694e-09 2.16056e-09 2.32488e-09 2.31877e-09 2.14999e-09
 1.83536e-09 1.39869e-09 8.69637e-10 2.80844e-10-3.33292e-10-9.37385e-10
-1.49791e-09-1.98580e-09-2.37768e-09-2.65562e-09-2.80732e-09-2.82673e-09
-2.71490e-09-2.48000e-09-2.13592e-09-1.70091e-09-1.19730e-09-6.50475e-10
-8.69032e-11 4.66740e-10 9.84103e-10 1.44126e-09 1.81869e-09 2.10146e-09
 2.27948e-09 2.34895e-09 2.31308e-09 2.18115e-09 1.96738e-09 1.69007e-09
 1.37146e-09 1.03773e-09 7.17174e-10 4.36262e-10 2.17370e-10 7.94088e-11
 3.80402e-11 1.03558e-10 2.78213e-10 5.54703e-10 9.16330e-10 1.33913e-09
 1.79480e-09 2.25163e-09 2.67336e-09 3.01958e-09 3.25015e-09 3.33104e-09
 3.23745e-09 2.95321e-09 2.46951e-09 1.78674e-09 9.18289e-10-1.07840e-10
-1.25148e-09-2.46514e-09-3.69793e-09-4.89719e-09-6.00915e-09-6.98134e-09
-7.76713e-09-8.33041e-09-8.64784e-09-8.70763e-09-8.50743e-09-8.05444e-09
-7.36667e-09-6.47277e-09-5.40950e-09-4.21806e-09-2.94165e-09-1.62474e-09
-3.12366e-10 9.51865e-10 2.12801e-09 3.18163e-09 4.08518e-09 4.81872e-09
 5.36991e-09 5.73398e-09 5.91423e-09 5.92174e-09 5.77431e-09 5.49523e-09
 5.11212e-09 4.65516e-09 4.15540e-09 3.64308e-09 3.14589e-09 2.68740e-09
 2.28612e-09 1.95399e-09 1.69500e-09 1.50565e-09 1.37656e-09 1.29322e-09
 1.23690e-09 1.18654e-09 1.12069e-09 1.01979e-09 8.69744e-10 6.64531e-10
 4.06184e-10 1.03597e-10-2.28130e-10-5.68477e-10-8.93068e-10-1.17659e-09
-1.39749e-09-1.54226e-09-1.60610e-09-1.59056e-09-1.50153e-09-1.34871e-09
-1.14459e-09-9.01346e-10-6.26008e-10-3.16855e-10 3.56128e-11 4.43250e-10
 9.14080e-10 1.44841e-09 2.03662e-09 2.65629e-09 3.26888e-09 3.81925e-09
 4.24068e-09 4.46519e-09 4.43603e-09 4.11777e-09 3.50212e-09 2.61026e-09
 1.49256e-09 2.24949e-10-1.09997e-09-2.38717e-09-3.55480e-09-4.54581e-09
-5.33285e-09-5.91718e-09-6.32366e-09-6.59352e-09-6.77475e-09-6.91106e-09
-7.03266e-09-7.15154e-09-7.26233e-09-7.34731e-09-7.38277e-09-7.34424e-09
-7.20952e-09-6.95966e-09-6.57848e-09-6.05108e-09-5.36215e-09-4.49543e-09
-3.43617e-09-2.17632e-09-7.21227e-10 9.04595e-10 2.65455e-09 4.46111e-09
 6.24123e-09 7.90517e-09 9.36662e-09 1.05519e-08 1.14058e-08 1.18944e-08
 1.20041e-08 1.17376e-08 1.11110e-08 1.01511e-08 8.89483e-09 7.39079e-09
 5.70115e-09 3.90193e-09 2.08019e-09 3.27482e-10-1.26930e-09-2.63755e-09
-3.72668e-09-4.51213e-09-4.99490e-09-5.19671e-09-5.15263e-09-4.90371e-09
-4.49163e-09-3.95654e-09-3.33772e-09-2.67564e-09-2.01319e-09-1.39443e-09
-8.60753e-10-4.45465e-10-1.68442e-10-3.29963e-11
