      10
(6e12.5)
     0.0000e+00     0.0000e+00      0  0  0.00
     512   1.00000  0.0000e+00
-3.47338e-10-1.20957e-10-7.77344e-12-5.35187e-11-2.44441e-10-5.04706e-10
-7.23746e-10-7.97118e-10-6.60746e-10-3.06487e-10 2.21204e-10 8.39868e-10
 1.44652e-09 1.93445e-09 2.21116e-09 2.21931e-09 1.95739e-09 1.48967e-09
 9.33616e-10 4.22682e-10 5.70460e-11-1.34918e-10-2.03716e-10-2.48185e-10
-3.61725e-10-5.83815e-10-8.82257e-10-1.17335e-09-1.36646e-09-1.40781e-09
-1.30018e-09-1.09081e-09-8.38962e-10-5.84351e-10-3.33085e-10-6.46337e-11
 2.48992e-10 6.25121e-10 1.06109e-09 1.53208e-09 1.99092e-09 2.36968e-09
 2.58849e-09 2.57625e-09 2.29895e-09 1.78320e-09 1.11910e-09 4.33967e-10
-1.55926e-10-5.92552e-10-8.96511e-10-1.14765e-09-1.43568e-09-1.80866e-09
-2.24829e-09-2.68278e-09-3.02460e-09-3.20840e-09-3.20992e-09-3.04133e-09
-2.73222e-09-2.31097e-09-1.79719e-09-1.20547e-09-5.52889e-10 1.36057e-10
 8.27425e-10 1.47646e-09 2.02661e-09 2.41363e-09 2.58093e-09 2.50477e-09
 2.21599e-09 1.79978e-09 1.36629e-09 1.00411e-09 7.42216e-10 5.43020e-10
 3.31859e-10 4.62091e-11-3.24241e-10-7.28273e-10-1.07558e-09-1.27393e-09
-1.25885e-09-1.00264e-09-5.05763e-10 2.15237e-10 1.13192e-09 2.20031e-09
 3.35720e-09 4.52117e-09 5.59681e-09 6.47921e-09 7.06064e-09 7.24417e-09
 6.96615e-09 6.21989e-09 5.06474e-09 3.60837e-09 1.96557e-09 2.12887e-10
-1.63582e-09-3.61750e-09-5.77702e-09-8.11905e-09-1.05832e-08-1.30535e-08
-1.53873e-08-1.74418e-08-1.90823e-08-2.01783e-08-2.06023e-08-2.02415e-08
-1.90203e-08-1.69221e-08-1.39981e-08-1.03653e-08-6.19266e-09-1.67890e-09
 2.97711e-09 7.60585e-09 1.20873e-08 1.63506e-08 2.03496e-08 2.40217e-08
 2.72538e-08 2.98758e-08 3.16877e-08 3.25043e-08 3.21923e-08 3.06835e-08
 2.79700e-08 2.41006e-08 1.91904e-08 1.34336e-08 7.09274e-09 4.53318e-10
-6.23549e-09-1.27937e-08-1.90989e-08-2.50437e-08-3.04880e-08-3.52328e-08
-3.90232e-08-4.15794e-08-4.26423e-08-4.20152e-08-3.95862e-08-3.53290e-08
-2.92959e-08-2.16115e-08-1.24659e-08-2.10938e-09 9.14608e-09 2.09269e-08
 3.28225e-08 4.44430e-08 5.54953e-08 6.58415e-08 7.55079e-08 8.46335e-08
 9.33704e-08 1.01764e-07 1.09633e-07 1.16455e-07 1.21284e-07 1.22718e-07
 1.18960e-07 1.08000e-07 8.79448e-08 5.74767e-08 1.64201e-08-3.36898e-08
-8.92735e-08-1.44908e-07-1.94131e-07-2.30745e-07-2.50594e-07-2.53391e-07
-2.43862e-07-2.31763e-07-2.30542e-07-2.54525e-07-3.14988e-07-4.16085e-07
-5.51571e-07-7.02936e-07-8.39200e-07-9.18501e-07-8.91841e-07-7.10019e-07
-3.34722e-07 2.46500e-07 1.00371e-06 1.85124e-06 2.64733e-06 3.21892e-06
 3.40809e-06 3.11167e-06 2.30317e-06 1.05861e-06-4.27536e-07-1.87735e-06
-2.99953e-06-3.55897e-06-3.44035e-06-2.69627e-06-1.55653e-06-3.68128e-07
 5.30268e-07 9.39395e-07 8.73507e-07 5.37846e-07 2.08472e-07 7.52075e-08
 1.44052e-07 2.69216e-07 2.92639e-07 1.77579e-07 2.57051e-08-3.16381e-08
 3.73233e-08 1.42253e-07 1.74810e-07 1.22788e-07 6.67614e-08 7.10506e-08
 1.08330e-07 1.09343e-07 6.16101e-08 1.89794e-08 1.71997e-08 2.70066e-08
 1.03746e-08-1.85672e-08-2.50036e-08-1.41688e-08-1.54993e-08-2.79811e-08
-2.87892e-08-1.96850e-08-1.87985e-08-2.28650e-08-1.88485e-08-1.21773e-08
-1.09587e-08-9.05746e-09-3.69938e-09-5.88718e-10 5.05210e-10 2.33367e-09
 3.09003e-09 2.19181e-09 9.66780e-10-7.27284e-10-3.01728e-09-5.44252e-09
-7.93239e-09-1.04994e-08-1.30199e-08-1.53893e-08-1.74686e-08-1.90512e-08
-1.98991e-08-1.97570e-08-1.83852e-08-1.56202e-08-1.14459e-08-6.05382e-09
 1.53970e-10 6.62431e-09 1.27532e-08 1.79918e-08 2.19298e-08 2.43303e-08
 2.51007e-08 2.42342e-08 2.17730e-08 1.78085e-08 1.25089e-08 6.15968e-09
-8.02487e-10-7.78946e-09-1.41064e-08-1.90348e-08-2.19427e-08-2.24047e-08
-2.02939e-08-1.58090e-08-9.43119e-09-1.84361e-09 6.14322e-09 1.36600e-08
 1.98616e-08 2.40173e-08 2.55919e-08 2.43189e-08 2.02665e-08 1.38751e-08
 5.93384e-09-2.51644e-09-1.03311e-08-1.64276e-08-1.99552e-08-2.04570e-08
-1.79804e-08-1.30886e-08-6.75728e-09-1.88848e-10 5.40229e-09 8.99075e-09
 9.91347e-09 7.99758e-09 3.60543e-09-2.42629e-09-8.94300e-09-1.46887e-08
-1.85317e-08-1.96608e-08-1.77334e-08-1.29488e-08-6.01999e-09 1.96101e-09
 9.73069e-09 1.60900e-08 2.01302e-08 2.14034e-08 1.99927e-08 1.64710e-08
 1.17693e-08 6.97376e-09 3.08672e-09 8.05250e-10 3.70384e-10 1.52361e-09
 3.58531e-09 5.63410e-09 6.74052e-09 6.19992e-09 3.70820e-09-5.58439e-10
-5.97208e-09-1.15889e-08-1.63710e-08-1.94396e-08-2.02919e-08-1.89188e-08
-1.57920e-08-1.17270e-08-7.66256e-09-4.41594e-09-2.47816e-09-1.89876e-09
-2.29143e-09-2.96035e-09-3.11358e-09-2.10855e-09 3.36038e-10 4.03175e-09
 8.35998e-09 1.24446e-08 1.53928e-08 1.65384e-08 1.56317e-08 1.29116e-08
 9.02017e-09 4.79803e-09 1.04297e-09-1.69714e-09-3.25234e-09-3.84593e-09
-3.98246e-09-4.24336e-09-5.06362e-09-6.55703e-09-8.44448e-09-1.01235e-08
-1.08657e-08-1.00730e-08-7.49583e-09-3.33668e-09 1.79897e-09 7.08076e-09
 1.16964e-08 1.50766e-08 1.70245e-08 1.77070e-08 1.75195e-08 1.68827e-08
 1.60528e-08 1.50192e-08 1.35234e-08 1.11784e-08 7.64961e-09 2.83519e-09
-3.02204e-09-9.33477e-09-1.52830e-08-2.00090e-08-2.28381e-08-2.34417e-08
-2.18863e-08-1.85670e-08-1.40658e-08-8.98000e-09-3.77970e-09 1.24794e-09
 5.94539e-09 1.01590e-08 1.36190e-08 1.58957e-08 1.64644e-08 1.48687e-08
 1.09322e-08 4.92711e-09-2.38654e-09-9.88385e-09-1.63229e-08-2.06406e-08
-2.22038e-08-2.09313e-08-1.72498e-08-1.19140e-08-5.77727e-09 3.90474e-10
 5.98172e-09 1.05344e-08 1.36690e-08 1.50406e-08 1.43598e-08 1.14983e-08
 6.64695e-09 4.35250e-10-6.08288e-09-1.16173e-08-1.49545e-08-1.52895e-08
-1.24643e-08-7.03082e-09-1.09301e-10 6.91661e-09 1.27653e-08 1.65529e-08
 1.79235e-08 1.70029e-08 1.42427e-08 1.02505e-08 5.67187e-09 1.13788e-09
-2.74630e-09-5.42260e-09-6.45505e-09-5.66122e-09-3.25035e-09 1.15608e-10
 3.41587e-09 5.53456e-09 5.61562e-09 3.37407e-09-7.62240e-10-5.74977e-09
-1.02427e-08-1.30096e-08-1.33010e-08-1.10394e-08-6.77941e-09-1.48321e-09
 3.78044e-09 8.09875e-09 1.08653e-08 1.18106e-08 1.09638e-08 8.60622e-09
 5.24049e-09 1.55273e-09-1.67537e-09-3.72496e-09-4.14973e-09-2.96646e-09
-7.21211e-10 1.64161e-09 3.08879e-09 2.87655e-09 8.41469e-10-2.52326e-09
-6.24030e-09-9.19922e-09-1.05457e-08-9.95407e-09-7.67971e-09-4.39291e-09
-9.00566e-10 2.10404e-09 4.18192e-09 5.17311e-09 5.14145e-09 4.29516e-09
 2.93139e-09 1.40844e-09 1.04373e-10-6.69808e-10-7.79094e-10-3.32265e-10
 3.47651e-10 8.65845e-10 9.59252e-10 6.44641e-10 1.97509e-10-6.02401e-11
-6.84548e-11-1.44949e-11
     0.0000e+00     0.0000e+00      0  0  0.00
     512   1.00000  0.0000e+00
-2.49082e-10-3.20645e-10-3.46393e-10-3.11094e-10-2.16266e-10-8.42783e-11
 4.69848e-11 1.38234e-10 1.65763e-10 1.32524e-10 6.60564e-11 2.88107e-12
-3.22775e-11-3.98304e-11-4.27761e-11-6.98912e-11-1.35204e-10-2.25983e-10
-3.05852e-10-3.31135e-10-2.71588e-10-1.24832e-10 8.21270e-11 3.03596e-10
 4.91271e-10 6.07372e-10 6.30642e-10 5.57318e-10 4.01616e-10 1.96914e-10
-6.37751e-12-1.51275e-10-1.92904e-10-1.18056e-10 4.50380e-11 2.33956e-10
 3.75218e-10 4.13375e-10 3.32143e-10 1.57048e-10-6.13018e-11-2.72948e-10
-4.47714e-10-5.77648e-10-6.65082e-10-7.08084e-10-6.94931e-10-6.10773e-10
-4.50632e-10-2.29536e-10 1.66079e-11 2.39971e-10 3.95016e-10 4.51384e-10
 4.00751e-10 2.57097e-10 5.32872e-11-1.63463e-10-3.38480e-10-4.22132e-10
-3.87135e-10-2.43001e-10-3.76121e-11 1.58025e-10 2.75745e-10 2.74728e-10
 1.53666e-10-5.35192e-11-2.94308e-10-5.17091e-10-6.84198e-10-7.74081e-10
-7.75407e-10-6.80770e-10-4.86386e-10-1.97673e-10 1.64629e-10 5.63155e-10
 9.48971e-10 1.27149e-09 1.49112e-09 1.59190e-09 1.58979e-09 1.53101e-09
 1.47766e-09 1.48407e-09 1.57399e-09 1.72954e-09 1.89727e-09 2.00742e-09
 1.99735e-09 1.82858e-09 1.49157e-09 9.99510e-10 3.78960e-10-3.34690e-10
-1.09589e-09-1.84863e-09-2.53438e-09-3.10720e-09-3.54684e-09-3.86079e-09
-4.07535e-09-4.22381e-09-4.33897e-09-4.44995e-09-4.57807e-09-4.72847e-09
-4.87995e-09-4.98079e-09-4.95818e-09-4.74185e-09-4.29201e-09-3.61525e-09
-2.75741e-09-1.77799e-09-7.24771e-10 3.72294e-10 1.48395e-09 2.55612e-09
 3.49751e-09 4.19103e-09 4.52302e-09 4.41642e-09 3.85802e-09 2.91800e-09
 1.76505e-09 6.77887e-10 4.84056e-11 3.63902e-10 2.15005e-09 5.85982e-09
 1.17083e-08 1.94765e-08 2.83312e-08 3.67398e-08 4.26113e-08 4.37701e-08
 3.86737e-08 2.70673e-08 1.02631e-08-9.07851e-09-2.75940e-08-4.20851e-08
-5.03393e-08-5.16457e-08-4.68509e-08-3.79528e-08-2.73861e-08-1.72935e-08
-9.08194e-09-3.36605e-09-1.57697e-10 8.84168e-10 2.41499e-10-1.59166e-09
-4.13784e-09-6.90321e-09-9.35550e-09-1.09608e-08-1.12777e-08-1.00656e-08
-7.35153e-09-3.41563e-09 1.30592e-09 6.36919e-09 1.14711e-08 1.65357e-08
 2.16862e-08 2.70904e-08 3.27376e-08 3.82339e-08 4.27066e-08 4.48735e-08
 4.33454e-08 3.72093e-08 2.66998e-08 1.35254e-08 6.26212e-10-8.42903e-09
-1.01651e-08-2.01028e-09 1.68447e-08 4.47143e-08 7.70211e-08 1.06401e-07
 1.23378e-07 1.17505e-07 7.88347e-08-1.30248e-10-1.21728e-07-2.79707e-07
-4.55867e-07-6.18204e-07-7.21916e-07-7.14912e-07-5.52213e-07-2.23033e-07
 2.21936e-07 6.74204e-07 1.01504e-06 1.16931e-06 1.11840e-06 8.78199e-07
 4.85851e-07 9.99806e-09-4.44558e-07-7.61559e-07-8.56290e-07-7.12992e-07
-4.00019e-07-5.01331e-08 1.96691e-07 2.62332e-07 1.67899e-07 1.37995e-08
-8.75028e-08-8.40879e-08-1.13294e-08 4.80184e-08 3.88063e-08-2.06236e-08
-6.40731e-08-4.88420e-08 2.14386e-09 3.22016e-08 1.79228e-08-8.74413e-09
-7.58217e-09 1.76624e-08 3.07758e-08 1.75318e-08 2.61509e-09 7.74551e-09
 1.97089e-08 1.68250e-08 5.17100e-09 3.93158e-09 1.08086e-08 1.00136e-08
 2.87201e-09 2.01643e-09 5.57873e-09 3.98627e-09 3.85713e-10 1.29223e-09
 2.55328e-09 7.65316e-10-1.44049e-10 2.30416e-10-8.71509e-10-2.31462e-09
-2.93776e-09-3.70345e-09-4.46685e-09-4.75410e-09-4.87409e-09-4.90070e-09
-4.72820e-09-4.39798e-09-3.91322e-09-3.26399e-09-2.49219e-09-1.63272e-09
-6.87483e-10 3.62204e-10 1.51938e-09 2.72128e-09 3.82551e-09 4.64129e-09
 4.99727e-09 4.81990e-09 4.17297e-09 3.23150e-09 2.19522e-09 1.19189e-09
 2.28079e-10-7.89315e-10-1.96887e-09-3.33542e-09-4.77456e-09-6.04665e-09
-6.85331e-09-6.92385e-09-6.10139e-09-4.40638e-09-2.05102e-09 6.04861e-10
 3.13838e-09 5.16025e-09 6.40266e-09 6.77524e-09 6.35952e-09 5.33851e-09
 3.90779e-09 2.22781e-09 4.32679e-10-1.33685e-09-2.91419e-09-4.11442e-09
-4.76316e-09-4.73841e-09-4.01097e-09-2.66131e-09-8.64247e-10 1.13952e-09
 3.06400e-09 4.59963e-09 5.46154e-09 5.46443e-09 4.58247e-09 2.95286e-09
 8.29739e-10-1.46875e-09-3.59644e-09-5.21292e-09-6.03613e-09-5.90953e-09
-4.85594e-09-3.08737e-09-9.58049e-10 1.12245e-09 2.77562e-09 3.71133e-09
 3.76556e-09 2.94260e-09 1.45144e-09-3.10975e-10-1.85911e-09-2.76604e-09
-2.78414e-09-1.89166e-09-2.72929e-10 1.73391e-09 3.70100e-09 5.18805e-09
 5.83731e-09 5.47142e-09 4.15882e-09 2.21376e-09 1.18692e-10-1.61380e-09
-2.59107e-09-2.64106e-09-1.83221e-09-4.31450e-10 1.16421e-09 2.51043e-09
 3.21621e-09 3.04834e-09 2.00378e-09 3.16433e-10-1.60934e-09-3.31727e-09
-4.43379e-09-4.77844e-09-4.41041e-09-3.59001e-09-2.67432e-09-1.99744e-09
-1.77620e-09-2.05625e-09-2.70334e-09-3.44217e-09-3.93283e-09-3.86533e-09
-3.05687e-09-1.53132e-09 4.56357e-10 2.48109e-09 4.08320e-09 4.92521e-09
 4.90532e-09 4.17954e-09 3.08377e-09 1.99491e-09 1.19764e-09 8.09332e-10
 7.74490e-10 9.06836e-10 9.56000e-10 6.88028e-10-3.28978e-11-1.18343e-09
-2.56302e-09-3.83212e-09-4.60590e-09-4.58282e-09-3.66461e-09-2.01336e-09
-1.06297e-11 1.87169e-09 3.23699e-09 3.89755e-09 3.92065e-09 3.56994e-09
 3.17186e-09 2.96706e-09 3.00434e-09 3.11534e-09 2.98394e-09 2.28964e-09
 8.66386e-10-1.19282e-09-3.53101e-09-5.62998e-09-6.98931e-09-7.30904e-09
-6.59014e-09-5.10819e-09-3.28763e-09-1.54653e-09-1.73451e-10 7.31190e-10
 1.23762e-09 1.50479e-09 1.67593e-09 1.80312e-09 1.82907e-09 1.62539e-09
 1.07075e-09 1.43701e-10-1.00912e-09-2.07417e-09-2.66076e-09-2.44620e-09
-1.30750e-09 6.18651e-10 2.96640e-09 5.24520e-09 6.98137e-09 7.84775e-09
 7.73355e-09 6.73272e-09 5.07303e-09 3.03347e-09 8.82995e-10-1.15392e-09
-2.90869e-09-4.25375e-09-5.06669e-09-5.20681e-09-4.54683e-09-3.06369e-09
-9.31506e-10 1.46103e-09 3.59971e-09 5.00000e-09 5.35416e-09 4.61477e-09
 2.99824e-09 9.17758e-10-1.13483e-09-2.72722e-09-3.60123e-09-3.72081e-09
-3.23736e-09-2.39702e-09-1.44170e-09-5.51932e-10 1.51973e-10 5.76338e-10
 6.35333e-10 2.75267e-10-4.72905e-10-1.45560e-09-2.40836e-09-3.02314e-09
-3.05035e-09-2.40054e-09-1.20419e-09 2.08003e-10 1.41351e-09 2.05556e-09
 1.97726e-09 1.27218e-09 2.36524e-10-7.49305e-10-1.35879e-09-1.42369e-09
-9.67687e-10-1.66051e-10 7.37210e-10 1.50996e-09 1.98068e-09 2.05381e-09
 1.70897e-09 9.99906e-10 5.69579e-11-9.16048e-10-1.66816e-09-1.96266e-09
-1.66195e-09-7.99853e-10 3.97638e-10 1.56337e-09 2.30583e-09 2.35646e-09
 1.68464e-09 5.18565e-10-7.44127e-10-1.69210e-09-2.05169e-09-1.77603e-09
-1.04380e-09-1.71725e-10 5.20829e-10 8.34455e-10 7.50574e-10 4.22224e-10
 1.20854e-10 8.09345e-12
     0.0000e+00     0.0000e+00      0  0  0.00
     512   1.00000  0.0000e+00
-2.34986e-10-2.16393e-10-1.75960e-10-1.11028e-10-2.23594e-11 8.74002e-11
 2.15092e-10 3.57170e-10 5.08685e-10 6.61680e-10 8.04478e-10 9.22833e-10
 1.00227e-09 1.03059e-09 9.99462e-10 9.04662e-10 7.45991e-10 5.27687e-10
 2.58185e-10-5.10333e-11-3.85910e-10-7.29036e-10-1.05913e-09-1.35242e-09
-1.58582e-09-1.74002e-09-1.80110e-09-1.76171e-09-1.62281e-09-1.39473e-09
-1.09595e-09-7.49736e-10-3.79747e-10-5.60463e-12 3.59457e-10 7.07859e-10
 1.03502e-09 1.33671e-09 1.60722e-09 1.83800e-09 2.01686e-09 2.12920e-09
 2.16161e-09 2.10489e-09 1.95382e-09 1.70517e-09 1.35792e-09 9.16547e-10
 3.94515e-10-1.84545e-10-7.87227e-10-1.37147e-09-1.88930e-09-2.29207e-09
-2.53743e-09-2.59665e-09-2.46086e-09-2.14386e-09-1.68021e-09-1.12020e-09
-5.23851e-10 4.56939e-11 5.30660e-10 8.88386e-10 1.09834e-09 1.16303e-09
 1.10458e-09 9.60833e-10 7.81019e-10 6.17129e-10 5.11561e-10 4.86677e-10
 5.40547e-10 6.48089e-10 7.65516e-10 8.38153e-10 8.12122e-10 6.47983e-10
 3.32797e-10-1.12969e-10-6.36880e-10-1.16508e-09-1.61775e-09-1.92287e-09
-2.02500e-09-1.89057e-09-1.51119e-09-9.02850e-10-9.97005e-11 8.53121e-10
 1.90207e-09 2.98505e-09 4.03488e-09 4.98666e-09 5.78208e-09 6.36630e-09
 6.68215e-09 6.66965e-09 6.27225e-09 5.44694e-09 4.17452e-09 2.46703e-09
 3.69417e-10-2.04450e-09-4.67925e-09-7.42624e-09-1.01733e-08-1.28128e-08
-1.52439e-08-1.73714e-08-1.91043e-08-2.03597e-08-2.10666e-08-2.11631e-08
-2.05939e-08-1.93146e-08-1.73052e-08-1.45799e-08-1.11874e-08-7.20757e-09
-2.74766e-09 2.06211e-09 7.07763e-09 1.21494e-08 1.71259e-08 2.18544e-08
 2.61832e-08 2.99684e-08 3.30820e-08 3.54197e-08 3.69079e-08 3.75073e-08
 3.72172e-08 3.60786e-08 3.41776e-08 3.16385e-08 2.85971e-08 2.51601e-08
 2.13763e-08 1.72405e-08 1.27280e-08 7.84308e-09 2.65830e-09-2.67491e-09
-7.95928e-09-1.30115e-08-1.77081e-08-2.19883e-08-2.58146e-08-2.91183e-08
-3.17607e-08-3.35287e-08-3.41682e-08-3.34580e-08-3.13118e-08-2.78899e-08
-2.36996e-08-1.96667e-08-1.71473e-08-1.78345e-08-2.35283e-08-3.57622e-08
-5.53111e-08-8.16308e-08-1.12331e-07-1.42824e-07-1.66325e-07-1.74361e-07
-1.57955e-07-1.09502e-07-2.52530e-08 9.19338e-08 2.30069e-07 3.67208e-07
 4.74961e-07 5.25347e-07 4.97212e-07 3.83600e-07 1.99005e-07-2.16008e-08
-2.32140e-07-3.87566e-07-4.58128e-07-4.41777e-07-3.64612e-07-2.66331e-07
-1.79360e-07-1.13790e-07-5.78976e-08 4.63821e-09 7.45785e-08 1.32471e-07
 1.53411e-07 1.26491e-07 6.12438e-08-1.94503e-08-8.60717e-08-1.07218e-07
-6.39800e-08 3.58831e-08 1.66643e-07 3.05191e-07 4.35779e-07 5.41079e-07
 5.96210e-07 5.72444e-07 4.50301e-07 2.32139e-07-5.45772e-08-3.61799e-07
-6.31466e-07-8.10447e-07-8.65458e-07-7.93150e-07-6.20111e-07-3.90843e-07
-1.50835e-07 6.43467e-08 2.30808e-07 3.33308e-07 3.64771e-07 3.33041e-07
 2.66439e-07 2.02618e-07 1.62216e-07 1.34055e-07 9.47823e-08 4.32651e-08
 3.18511e-09-1.07836e-08-1.15270e-08-1.59519e-08-2.21987e-08-2.26319e-08
-2.04201e-08-2.01548e-08-1.91559e-08-1.66040e-08-1.57139e-08-1.55415e-08
-1.37971e-08-1.23194e-08-1.17469e-08-1.01933e-08-8.32043e-09-7.12662e-09
-5.54171e-09-3.81181e-09-2.68952e-09-1.51071e-09-4.31868e-10 1.18478e-10
 6.65079e-10 1.06594e-09 1.14651e-09 1.30303e-09 1.32902e-09 1.18183e-09
 1.09048e-09 8.31772e-10 4.88946e-10 1.83572e-10-2.17113e-10-5.68166e-10
-8.69027e-10-1.15847e-09-1.30920e-09-1.37558e-09-1.32908e-09-1.13144e-09
-8.30265e-10-3.79627e-10 1.79480e-10 8.03777e-10 1.45868e-09 2.05374e-09
 2.54907e-09 2.89372e-09 3.05782e-09 3.02578e-09 2.76034e-09 2.23996e-09
 1.44191e-09 3.74765e-10-9.12778e-10-2.33207e-09-3.75857e-09-5.06257e-09
-6.11819e-09-6.82024e-09-7.09329e-09-6.89374e-09-6.20905e-09-5.05825e-09
-3.50175e-09-1.64192e-09 3.87343e-10 2.43353e-09 4.34218e-09 5.97619e-09
 7.22703e-09 8.02355e-09 8.34387e-09 8.21363e-09 7.69185e-09 6.86345e-09
 5.83232e-09 4.70224e-09 3.56311e-09 2.48879e-09 1.52460e-09 6.75095e-10
-8.24727e-11-7.82053e-10-1.46881e-09-2.18657e-09-2.95135e-09-3.74572e-09
-4.52616e-09-5.21951e-09-5.73111e-09-5.96978e-09-5.85915e-09-5.34813e-09
-4.43945e-09-3.19975e-09-1.73968e-09-1.98561e-10 1.26728e-09 2.51795e-09
 3.46276e-09 4.05994e-09 4.30975e-09 4.26189e-09 4.00063e-09 3.60493e-09
 3.13154e-09 2.61751e-09 2.07178e-09 1.47290e-09 7.84347e-10-2.97811e-11
-9.88149e-10-2.07239e-09-3.21978e-09-4.33306e-09-5.30368e-09-6.03553e-09
-6.45368e-09-6.51291e-09-6.21498e-09-5.61248e-09-4.80063e-09-3.90060e-09
-3.02183e-09-2.23259e-09-1.56307e-09-1.01087e-09-5.47608e-10-1.39721e-10
 2.39719e-10 6.02141e-10 9.27450e-10 1.16915e-09 1.27389e-09 1.19951e-09
 9.41766e-10 5.43484e-10 7.51968e-11-3.75255e-10-7.12287e-10-8.60647e-10
-7.81128e-10-4.67897e-10 5.12970e-11 7.25787e-10 1.50959e-09 2.37586e-09
 3.31044e-09 4.30499e-09 5.35418e-09 6.44866e-09 7.56364e-09 8.65180e-09
 9.64506e-09 1.04563e-08 1.09872e-08 1.11594e-08 1.09371e-08 1.03170e-08
 9.32432e-09 8.02122e-09 6.48555e-09 4.78872e-09 3.00342e-09 1.19719e-09
-5.87332e-10-2.31573e-09-3.93882e-09-5.40532e-09-6.67184e-09-7.69823e-09
-8.46282e-09-8.98017e-09-9.29295e-09-9.45797e-09-9.53281e-09-9.55123e-09
-9.50234e-09-9.33299e-09-8.97426e-09-8.37588e-09-7.52826e-09-6.47036e-09
-5.28224e-09-4.05644e-09-2.87103e-09-1.78153e-09-8.14182e-10 3.49216e-11
 7.85269e-10 1.46294e-09 2.09447e-09 2.68669e-09 3.20809e-09 3.58545e-09
 3.71615e-09 3.49452e-09 2.83498e-09 1.68843e-09 6.15361e-11-1.96805e-09
-4.23878e-09-6.49595e-09-8.41294e-09-9.63957e-09-9.85467e-09-8.82727e-09
-6.47586e-09-2.90356e-09 1.58636e-09 6.50830e-09 1.12647e-08 1.52463e-08
 1.79405e-08 1.90283e-08 1.84334e-08 1.63169e-08 1.30389e-08 9.08469e-09
 4.97150e-09 1.16542e-09-1.98744e-09-4.30379e-09-5.75880e-09-6.45105e-09
-6.55600e-09-6.26646e-09-5.74065e-09-5.07611e-09-4.30147e-09-3.39129e-09
-2.30656e-09-1.03511e-09 3.77261e-10 1.80710e-09 3.06917e-09 3.96646e-09
 4.34300e-09 4.13068e-09 3.37972e-09 2.24837e-09 9.59062e-10-2.58776e-10
-1.23183e-09-1.88712e-09-2.25497e-09-2.44256e-09-2.58916e-09-2.80961e-09
-3.15248e-09-3.58816e-09-4.02041e-09-4.32005e-09-4.37089e-09-4.10541e-09
-3.52252e-09-2.68591e-09-1.70093e-09-6.84536e-10 2.60800e-10 1.07239e-09
 1.74211e-09 2.30686e-09 2.82251e-09 3.33300e-09 3.84167e-09 4.29815e-09
 4.60672e-09 4.64960e-09 4.32237e-09 3.57303e-09 2.42632e-09 9.87596e-10
-5.69661e-10-2.03400e-09-3.19380e-09-3.86409e-09-3.90303e-09-3.23119e-09
-1.85880e-09-5.02654e-10
     0.0000e+00     0.0000e+00      0  0  0.00
     512   1.00000  0.0000e+00
 1.76432e-09 1.49687e-09 1.16489e-09 8.21799e-10 5.08684e-10 2.37449e-10
-1.21729e-11-2.79719e-10-6.00689e-10-9.83884e-10-1.40077e-09-1.79211e-09
-2.08870e-09-2.23748e-09-2.22198e-09-2.06696e-09-1.82424e-09-1.54781e-09
-1.27056e-09-9.92639e-10-6.86478e-10-3.16650e-10 1.34721e-10 6.49824e-10
 1.17453e-09 1.63615e-09 1.97003e-09 2.14181e-09 2.15600e-09 2.04746e-09
 1.85981e-09 1.62209e-09 1.33620e-09 9.82081e-10 5.37251e-10-2.09277e-14
-5.96161e-10-1.18438e-09-1.68437e-09-2.03138e-09-2.19944e-09-2.20661e-09
-2.10076e-09-1.93476e-09-1.74313e-09-1.53052e-09-1.27653e-09-9.54095e-10
-5.50695e-10-7.94021e-11 4.27119e-10 9.34715e-10 1.42492e-09 1.89988e-09
 2.37136e-09 2.83800e-09 3.26292e-09 3.56725e-09 3.64771e-09 3.41133e-09
 2.81145e-09 1.87061e-09 6.81825e-10-6.12865e-10-1.85787e-09-2.91732e-09
-3.69327e-09-4.12762e-09-4.19672e-09-3.90855e-09-3.30628e-09-2.47381e-09
-1.53413e-09-6.32662e-10 9.58231e-11 5.67569e-10 7.78618e-10 8.04731e-10
 7.70277e-10 8.00068e-10 9.73612e-10 1.29848e-09 1.71271e-09 2.11305e-09
 2.39179e-09 2.46418e-09 2.28009e-09 1.82441e-09 1.11309e-09 1.89810e-10
-8.74158e-10-1.98125e-09-3.01882e-09-3.88408e-09-4.51357e-09-4.89890e-09
-5.07509e-09-5.08496e-09-4.93990e-09-4.59879e-09-3.97580e-09-2.97478e-09
-1.53598e-09 3.28468e-10 2.52891e-09 4.92069e-09 7.33808e-09 9.62399e-09
 1.16475e-08 1.33078e-08 1.45294e-08 1.52609e-08 1.54797e-08 1.51946e-08
 1.44328e-08 1.32153e-08 1.15347e-08 9.35240e-09 6.61647e-09 3.29260e-09
-6.08677e-10-5.02108e-09-9.83395e-09-1.49166e-08-2.01310e-08-2.53095e-08
-3.02034e-08-3.44310e-08-3.74592e-08-3.86396e-08-3.73053e-08-3.29216e-08
-2.52656e-08-1.46076e-08-1.86609e-09 1.13206e-08 2.27346e-08 3.00482e-08
 3.15442e-08 2.67855e-08 1.69223e-08 4.49619e-09-7.20839e-09-1.50733e-08
-1.70259e-08-1.25892e-08-2.91636e-09 9.68334e-09 2.25305e-08 3.33458e-08
 4.06990e-08 4.40527e-08 4.35626e-08 3.98306e-08 3.37067e-08 2.61637e-08
 1.82404e-08 1.10134e-08 5.52496e-09 2.61364e-09 2.64908e-09 5.23525e-09
 8.99912e-09 1.15909e-08 9.98397e-09 1.08444e-09-1.74284e-08-4.61909e-08
-8.33596e-08-1.24099e-07-1.60484e-07-1.81992e-07-1.76700e-07-1.34210e-07
-5.25459e-08 5.40430e-08 1.57034e-07 2.27433e-07 2.48112e-07 2.16222e-07
 1.41583e-07 4.53993e-08-4.41944e-08-1.01332e-07-1.13390e-07-8.88159e-08
-5.48361e-08-4.12673e-08-5.96591e-08-9.57514e-08-1.22556e-07-1.21685e-07
-9.33297e-08-4.83478e-08 4.90059e-09 6.47300e-08 1.33563e-07 2.17479e-07
 3.24434e-07 4.51451e-07 5.66589e-07 6.12057e-07 5.36861e-07 3.21618e-07
-2.29151e-08-4.53851e-07-8.90078e-07-1.22640e-06-1.35996e-06-1.21899e-06
-7.96777e-07-1.73885e-07 4.93349e-07 1.01746e-06 1.24487e-06 1.12197e-06
 7.27578e-07 2.44269e-07-1.26760e-07-2.70049e-07-2.16893e-07-1.10705e-07
-8.78740e-08-1.64341e-07-2.36516e-07-2.05329e-07-9.02068e-08 3.77885e-09
 2.04792e-08 4.51205e-09 1.20153e-08 3.33411e-08 3.61919e-08 2.62387e-08
 2.21533e-08 1.91330e-08 1.10666e-08 6.53046e-09 6.65102e-09 4.15642e-09
 1.39942e-09 1.74052e-09 7.73463e-10-1.54264e-09-2.02846e-09-2.92614e-09
-4.76959e-09-5.20308e-09-5.55518e-09-6.30046e-09-5.86088e-09-5.28241e-09
-4.85851e-09-3.65965e-09-2.62209e-09-1.72994e-09-4.32723e-10 5.58398e-10
 1.50861e-09 2.57640e-09 3.23620e-09 3.80779e-09 4.18208e-09 4.16642e-09
 4.07983e-09 3.75125e-09 3.25603e-09 2.72117e-09 1.98432e-09 1.20692e-09
 3.92490e-10-4.45674e-10-1.18813e-09-1.88445e-09-2.45649e-09-2.90177e-09
-3.24267e-09-3.42634e-09-3.45241e-09-3.28030e-09-2.93311e-09-2.45529e-09
-1.87034e-09-1.21820e-09-5.17481e-10 2.07401e-10 9.46293e-10 1.68073e-09
 2.35953e-09 2.92002e-09 3.31282e-09 3.52444e-09 3.55868e-09 3.41878e-09
 3.10683e-09 2.63118e-09 2.00336e-09 1.23404e-09 3.52846e-10-5.75682e-10
-1.47544e-09-2.29711e-09-3.01394e-09-3.58969e-09-3.97984e-09-4.15396e-09
-4.09530e-09-3.80233e-09-3.30872e-09-2.67614e-09-1.95965e-09-1.19923e-09
-4.34269e-10 2.99113e-10 9.75167e-10 1.57129e-09 2.06992e-09 2.46212e-09
 2.73174e-09 2.86147e-09 2.86689e-09 2.78332e-09 2.61154e-09 2.31605e-09
 1.87946e-09 1.33730e-09 7.69259e-10 2.58732e-10-1.65416e-10-5.38392e-10
-8.74654e-10-1.09023e-09-1.05138e-09-6.90775e-10-5.64010e-11 7.38778e-10
 1.61721e-09 2.60163e-09 3.75274e-09 5.02124e-09 6.20193e-09 7.07001e-09
 7.54441e-09 7.69524e-09 7.60624e-09 7.25358e-09 6.52496e-09 5.35563e-09
 3.84007e-09 2.19108e-09 5.74299e-10-1.00556e-09-2.64097e-09-4.35847e-09
-6.03712e-09-7.49008e-09-8.61990e-09-9.47840e-09-1.01654e-08-1.06902e-08
-1.09488e-08-1.08270e-08-1.03136e-08-9.51521e-09-8.56055e-09-7.49453e-09
-6.27244e-09-4.85235e-09-3.28308e-09-1.69426e-09-2.08878e-10 1.12338e-09
 2.31664e-09 3.38394e-09 4.27987e-09 4.91462e-09 5.22829e-09 5.23871e-09
 5.02101e-09 4.65704e-09 4.19224e-09 3.62519e-09 2.95045e-09 2.20975e-09
 1.48154e-09 8.29315e-10 2.72456e-10-2.09012e-10-6.42800e-10-1.02084e-09
-1.29765e-09-1.44505e-09-1.49039e-09-1.48766e-09-1.46580e-09-1.40983e-09
-1.28080e-09-1.06008e-09-7.82410e-10-5.07698e-10-2.56527e-10-6.54859e-12
 2.39503e-10 4.12377e-10 4.08111e-10 1.48202e-10-3.77161e-10-1.11487e-09
-2.01020e-09-3.04665e-09-4.19077e-09-5.31079e-09-6.19099e-09-6.63677e-09
-6.56663e-09-6.02189e-09-5.09662e-09-3.85613e-09-2.34237e-09-6.66083e-10
 9.45433e-10 2.23895e-09 3.09450e-09 3.60660e-09 4.01789e-09 4.57496e-09
 5.44057e-09 6.71948e-09 8.51932e-09 1.09188e-08 1.38203e-08 1.68301e-08
 1.93207e-08 2.06441e-08 2.03355e-08 1.82004e-08 1.42924e-08 8.87639e-09
 2.45073e-09-4.22334e-09-1.01998e-08-1.45623e-08-1.66787e-08-1.63629e-08
-1.38823e-08-9.84925e-09-5.07711e-09-4.45742e-10 3.22613e-09 5.32905e-09
 5.61884e-09 4.29911e-09 1.95614e-09-6.38283e-10-2.76920e-09-3.97056e-09
-4.10941e-09-3.36834e-09-2.16579e-09-1.03401e-09-4.65783e-10-7.64229e-10
-1.94223e-09-3.70998e-09-5.56657e-09-6.97095e-09-7.52950e-09-7.12647e-09
-5.94743e-09-4.39698e-09-2.95600e-09-2.02768e-09-1.81030e-09-2.23056e-09
-2.96068e-09-3.52083e-09-3.44199e-09-2.43506e-09-5.02810e-10 2.04683e-09
 4.69610e-09 6.89115e-09 8.22291e-09 8.54383e-09 7.99059e-09 6.91451e-09
 5.74161e-09 4.81123e-09 4.25281e-09 3.94521e-09 3.57712e-09 2.78919e-09
 1.34010e-09-7.69862e-10-3.26517e-09-5.66780e-09-7.45285e-09-8.22465e-09
-7.84302e-09-6.45698e-09-4.44069e-09-2.25851e-09-3.13332e-10 1.15915e-09
 2.11250e-09 2.63154e-09 2.83105e-09 2.76757e-09 2.42002e-09 1.76153e-09
 8.96686e-10 2.19435e-10
     0.0000e+00     0.0000e+00      0  0  0.00
     512   1.00000  0.0000e+00
 5.01834e-10 5.29583e-10 5.42612e-10 5.19676e-10 4.32234e-10 2.52365e-10
-3.44968e-11-4.18721e-10-8.63008e-10-1.30859e-09-1.69114e-09-1.96103e-09
-2.09763e-09-2.11043e-09-2.02662e-09-1.87166e-09-1.65391e-09-1.36132e-09
-9.70089e-10-4.60976e-10 1.62258e-10 8.60054e-10 1.55854e-09 2.16864e-09
 2.61528e-09 2.86085e-09 2.91098e-09 2.80255e-09 2.58231e-09 2.28622e-09
 1.92813e-09 1.50234e-09 9.96737e-10 4.09707e-10-2.37631e-10-9.01056e-10
-1.52706e-09-2.07340e-09-2.52313e-09-2.88207e-09-3.16089e-09-3.35464e-09
-3.43378e-09-3.35051e-09-3.05500e-09-2.51574e-09-1.73914e-09-7.79821e-10
 2.68127e-10 1.29763e-09 2.21846e-09 2.97522e-09 3.54750e-09 3.93609e-09
 4.14614e-09 4.17811e-09 4.03015e-09 3.70643e-09 3.22444e-09 2.61791e-09
 1.93341e-09 1.21915e-09 5.08766e-10-1.90130e-10-8.91446e-10-1.60789e-09
-2.32417e-09-2.98740e-09-3.52172e-09-3.85503e-09-3.94271e-09-3.78192e-09
-3.41286e-09-2.90386e-09-2.32462e-09-1.72228e-09-1.11429e-09-5.00562e-10
 1.14248e-10 7.04184e-10 1.22400e-09 1.62733e-09 1.88315e-09 1.97493e-09
 1.88424e-09 1.57540e-09 9.95658e-10 9.27676e-11-1.15886e-09-2.73127e-09
-4.52323e-09-6.36194e-09-8.03751e-09-9.35833e-09-1.01926e-08-1.04718e-08
-1.01655e-08-9.25486e-09-7.72306e-09-5.56379e-09-2.79596e-09 5.28814e-10
 4.33173e-09 8.51811e-09 1.29835e-08 1.76107e-08 2.22587e-08 2.67481e-08
 3.08522e-08 3.43081e-08 3.68581e-08 3.83038e-08 3.85391e-08 3.75380e-08
 3.53104e-08 3.18669e-08 2.72160e-08 2.13833e-08 1.44316e-08 6.47786e-09
-2.29609e-09-1.16468e-08-2.12876e-08-3.09092e-08-4.01891e-08-4.87972e-08
-5.64085e-08-6.27327e-08-6.75475e-08-7.07161e-08-7.21737e-08-7.18955e-08
-6.98724e-08-6.61183e-08-6.07062e-08-5.38091e-08-4.57040e-08-3.67150e-08
-2.71207e-08-1.70877e-08-6.67308e-09 4.10477e-09 1.51636e-08 2.62882e-08
 3.71458e-08 4.73715e-08 5.66540e-08 6.47649e-08 7.15221e-08 7.67192e-08
 8.00773e-08 8.12545e-08 7.99054e-08 7.57622e-08 6.87244e-08 5.89618e-08
 4.70464e-08 3.41203e-08 2.20436e-08 1.34039e-08 1.12648e-08 1.86086e-08
 3.75145e-08 6.81857e-08 1.08006e-07 1.50846e-07 1.86857e-07 2.03030e-07
 1.84764e-07 1.18581e-07-4.09917e-09-1.82539e-07-4.02326e-07-6.32460e-07
-8.26348e-07-9.28964e-07-8.91570e-07-6.92525e-07-3.52640e-07 6.68551e-08
 4.79050e-07 7.92492e-07 9.40894e-07 9.11729e-07 7.52434e-07 5.46129e-07
 3.69965e-07 2.58836e-07 1.96523e-07 1.42687e-07 7.47161e-08 6.56282e-09
-3.15258e-08-2.85816e-08-6.23590e-09-3.35389e-09-5.90581e-08-2.00524e-07
-4.17806e-07-6.49815e-07-8.17031e-07-8.66548e-07-7.87026e-07-6.04793e-07
-3.66816e-07-1.18228e-07 9.90276e-08 2.44416e-07 2.97269e-07 2.72763e-07
 2.19573e-07 2.02986e-07 2.75554e-07 4.44941e-07 6.56768e-07 8.05479e-07
 7.80172e-07 5.35153e-07 1.39969e-07-2.39949e-07-4.37268e-07-3.99635e-07
-2.35417e-07-1.23978e-07-1.50872e-07-2.33649e-07-2.33683e-07-1.28853e-07
-2.55769e-08-2.19374e-09-1.89964e-08-1.17467e-08 1.08912e-08 1.49802e-08
 9.29466e-09 1.16218e-08 1.21542e-08 5.94466e-09 4.52766e-09 6.52968e-09
 4.09237e-09 2.41408e-09 3.83779e-09 2.74478e-09 1.17309e-09 1.84281e-09
 1.13129e-09-6.08341e-11 3.91593e-10 4.87848e-11-4.07141e-10 4.67152e-10
 8.88692e-10 1.45857e-09 2.80060e-09 3.53360e-09 4.32304e-09 5.29811e-09
 5.67411e-09 6.19003e-09 6.59400e-09 6.52451e-09 6.47139e-09 6.01567e-09
 5.23813e-09 4.38653e-09 3.18688e-09 1.95795e-09 7.22714e-10-5.62331e-10
-1.70262e-09-2.85447e-09-3.92932e-09-4.85543e-09-5.60471e-09-5.99173e-09
-6.02490e-09-5.69038e-09-5.04451e-09-4.18658e-09-3.13219e-09-1.91993e-09
-5.39739e-10 9.72754e-10 2.52666e-09 4.00504e-09 5.27650e-09 6.26253e-09
 6.92720e-09 7.27857e-09 7.33838e-09 7.10956e-09 6.56688e-09 5.66965e-09
 4.40168e-09 2.79202e-09 9.16932e-10-1.11285e-09-3.17437e-09-5.15264e-09
-6.94640e-09-8.47301e-09-9.68416e-09-1.05644e-08-1.11035e-08-1.12758e-08
-1.10457e-08-1.03836e-08-9.28318e-09-7.77189e-09-5.90719e-09-3.77425e-09
-1.48906e-09 8.25336e-10 3.07497e-09 5.18786e-09 7.08078e-09 8.66278e-09
 9.86518e-09 1.06537e-08 1.10268e-08 1.10011e-08 1.05727e-08 9.70607e-09
 8.38472e-09 6.66029e-09 4.64331e-09 2.46078e-09 2.16033e-10-2.02615e-09
-4.20969e-09-6.24492e-09-8.02193e-09-9.46387e-09-1.05302e-08-1.11650e-08
-1.12771e-08-1.07766e-08-9.62169e-09-7.84691e-09-5.55836e-09-2.88920e-09
 3.56746e-11 3.08367e-09 6.08158e-09 8.82717e-09 1.11506e-08 1.29585e-08
 1.42089e-08 1.48679e-08 1.49076e-08 1.43391e-08 1.32442e-08 1.17685e-08
 1.00623e-08 8.23585e-09 6.37050e-09 4.53495e-09 2.78557e-09 1.16647e-09
-2.98150e-10-1.60141e-09-2.72387e-09-3.61751e-09-4.22897e-09-4.54131e-09
-4.59753e-09-4.47016e-09-4.21110e-09-3.85346e-09-3.44315e-09-3.03889e-09
-2.69445e-09-2.44925e-09-2.32540e-09-2.34769e-09-2.57729e-09-3.10425e-09
-3.99447e-09-5.24854e-09-6.80694e-09-8.58903e-09-1.05294e-08-1.25800e-08
-1.46774e-08-1.67050e-08-1.84913e-08-1.98544e-08-2.06333e-08-2.06793e-08
-1.98617e-08-1.81015e-08-1.53918e-08-1.18233e-08-7.60911e-09-3.03904e-09
 1.60946e-09 6.10195e-09 1.02345e-08 1.38343e-08 1.67562e-08 1.88796e-08
 2.01412e-08 2.05615e-08 2.02290e-08 1.92713e-08 1.78362e-08 1.60709e-08
 1.41019e-08 1.20253e-08 9.91154e-09 7.82649e-09 5.85534e-09 4.11390e-09
 2.72463e-09 1.75506e-09 1.17448e-09 8.76970e-10 7.45125e-10 7.11180e-10
 7.76555e-10 9.65526e-10 1.26781e-09 1.64662e-09 2.09466e-09 2.66395e-09
 3.43159e-09 4.43207e-09 5.61936e-09 6.87747e-09 8.04853e-09 8.95028e-09
 9.37409e-09 9.09332e-09 7.92144e-09 5.78593e-09 2.75671e-09-9.71661e-10
-5.12259e-09-9.38413e-09-1.34343e-08-1.69589e-08-1.96899e-08-2.14466e-08
-2.21580e-08-2.18546e-08-2.06287e-08-1.85935e-08-1.58666e-08-1.25665e-08
-8.81853e-09-4.77270e-09-6.17188e-10 3.41216e-09 7.02423e-09 9.89898e-09
 1.17538e-08 1.24088e-08 1.18311e-08 1.01554e-08 7.66675e-09 4.75364e-09
 1.83900e-09-7.11009e-10-2.66589e-09-3.95906e-09-4.67268e-09-4.98788e-09
-5.10123e-09-5.14294e-09-5.13216e-09-4.97370e-09-4.49986e-09-3.54504e-09
-2.01749e-09 4.71816e-11 2.46096e-09 4.91573e-09 7.06718e-09 8.62852e-09
 9.44771e-09 9.54670e-09 9.10073e-09 8.36721e-09 7.59319e-09 6.92848e-09
 6.37541e-09 5.79328e-09 4.95573e-09 3.65002e-09 1.78145e-09-5.71581e-10
-3.17233e-09-5.69332e-09-7.81194e-09-9.30292e-09-1.00927e-08-1.02542e-08
-9.94317e-09-9.29925e-09-8.36608e-09-7.07117e-09-5.27552e-09-2.87694e-09
 7.17280e-11 3.28943e-09 6.27637e-09 8.40085e-09 9.04474e-09 7.78546e-09
 4.56892e-09 1.24619e-09
     0.0000e+00     0.0000e+00      0  0  0.00
     512   1.00000  0.0000e+00
-1.91842e-09-1.92454e-09-1.81370e-09-1.58858e-09-1.26561e-09-8.71871e-10
-4.40109e-10-3.14132e-12 4.11549e-10 7.85645e-10 1.11066e-09 1.38503e-09
 1.60895e-09 1.77967e-09 1.89026e-09 1.93235e-09 1.89957e-09 1.78881e-09
 1.59932e-09 1.33220e-09 9.92100e-10 5.89828e-10 1.43501e-10-3.22341e-10
-7.78559e-10-1.19366e-09-1.53727e-09-1.78493e-09-1.92233e-09-1.94578e-09
-1.85917e-09-1.67032e-09-1.38987e-09-1.03259e-09-6.18693e-10-1.72360e-10
 2.82955e-10 7.29225e-10 1.15451e-09 1.54937e-09 1.90204e-09 2.19512e-09
 2.40431e-09 2.49956e-09 2.45018e-09 2.23398e-09 1.84715e-09 1.30854e-09
 6.56085e-10-6.11408e-11-7.89590e-10-1.47475e-09-2.06415e-09-2.51308e-09
-2.79281e-09-2.89798e-09-2.84868e-09-2.68567e-09-2.45970e-09-2.21797e-09
-1.99092e-09-1.78256e-09-1.56855e-09-1.30447e-09-9.41696e-10-4.43155e-10
 2.07185e-10 1.00020e-09 1.89807e-09 2.83086e-09 3.69871e-09 4.38495e-09
 4.77797e-09 4.79474e-09 4.39860e-09 3.60790e-09 2.49414e-09 1.16992e-09
-2.30364e-10-1.57139e-09-2.73319e-09-3.61967e-09-4.16150e-09-4.31830e-09
-4.08180e-09-3.47607e-09-2.54951e-09-1.35996e-09 3.72662e-11 1.58952e-09
 3.23677e-09 4.90152e-09 6.48664e-09 7.88088e-09 8.96921e-09 9.64646e-09
 9.83195e-09 9.47863e-09 8.57175e-09 7.12027e-09 5.15013e-09 2.70536e-09
-1.46856e-10-3.31680e-09-6.70234e-09-1.02012e-08-1.37136e-08-1.71325e-08
-2.03293e-08-2.31495e-08-2.54244e-08-2.69914e-08-2.77146e-08-2.75014e-08
-2.63117e-08-2.41570e-08-2.10866e-08-1.71718e-08-1.25015e-08-7.19051e-09
-1.38681e-09 4.73591e-09 1.09952e-08 1.72096e-08 2.31939e-08 2.87496e-08
 3.36656e-08 3.77352e-08 4.07768e-08 4.26513e-08 4.32717e-08 4.26062e-08
 4.06747e-08 3.75392e-08 3.32917e-08 2.80508e-08 2.19709e-08 1.52561e-08
 8.15924e-09 9.64554e-10-6.03412e-09-1.25443e-08-1.82810e-08-2.29817e-08
-2.64320e-08-2.84848e-08-2.90667e-08-2.81775e-08-2.58939e-08-2.23727e-08
-1.78422e-08-1.25807e-08-6.88722e-09-1.04665e-09 4.71424e-09 1.02754e-08
 1.56593e-08 2.10347e-08 2.66756e-08 3.28748e-08 3.98083e-08 4.73525e-08
 5.48769e-08 6.10619e-08 6.38130e-08 6.03456e-08 4.75028e-08 2.23325e-08
-1.70927e-08-7.06954e-08-1.35405e-07-2.04400e-07-2.66843e-07-3.09197e-07
-3.19177e-07-2.89605e-07-2.20294e-07-1.20850e-07-1.11442e-08 8.49364e-08
 1.46960e-07 1.64037e-07 1.39897e-07 9.23108e-08 4.54754e-08 1.91053e-08
 1.96419e-08 3.96627e-08 6.63769e-08 9.22618e-08 1.19058e-07 1.52542e-07
 1.94406e-07 2.40208e-07 2.85109e-07 3.30790e-07 3.85849e-07 4.55029e-07
 5.21775e-07 5.45034e-07 4.84811e-07 3.30286e-07 9.69260e-08-1.92111e-07
-5.08507e-07-8.11573e-07-1.05178e-06-1.18368e-06-1.17768e-06-1.02835e-06
-7.57619e-07-4.10635e-07-4.53972e-08 2.81278e-07 5.27799e-07 6.74567e-07
 7.21539e-07 6.81004e-07 5.71232e-07 4.16331e-07 2.49317e-07 1.07871e-07
 1.83459e-08-2.18825e-08-4.21554e-08-6.88781e-08-9.76335e-08-1.04059e-07
-8.20825e-08-5.49451e-08-4.25272e-08-3.80832e-08-2.90034e-08-1.90675e-08
-1.52695e-08-1.34142e-08-9.84037e-09-8.14195e-09-8.31803e-09-6.82432e-09
-5.06768e-09-4.73676e-09-3.70587e-09-2.17704e-09-1.75568e-09-1.18921e-09
-2.87999e-10-2.72665e-10-3.13725e-10-1.59259e-10-6.18735e-10-1.02508e-09
-1.25489e-09-1.86110e-09-2.31379e-09-2.66312e-09-3.21450e-09-3.53922e-09
-3.82964e-09-4.19712e-09-4.35295e-09-4.49585e-09-4.50449e-09-4.20862e-09
-3.76215e-09-3.03703e-09-2.09763e-09-1.04813e-09 1.74836e-10 1.42319e-09
 2.65998e-09 3.84331e-09 4.88304e-09 5.81348e-09 6.57598e-09 7.13908e-09
 7.46866e-09 7.49217e-09 7.19535e-09 6.55810e-09 5.62373e-09 4.46599e-09
 3.14891e-09 1.73487e-09 2.60357e-10-1.23176e-09-2.69572e-09-4.06661e-09
-5.25659e-09-6.18343e-09-6.79538e-09-7.08475e-09-7.06424e-09-6.74604e-09
-6.13657e-09-5.24626e-09-4.10878e-09-2.78446e-09-1.34437e-09 1.43340e-10
 1.61498e-09 3.01187e-09 4.27988e-09 5.36607e-09 6.22114e-09 6.80818e-09
 7.09819e-09 7.06174e-09 6.68875e-09 6.00969e-09 5.08023e-09 3.96001e-09
 2.70850e-09 1.38096e-09 2.74161e-11-1.30114e-09-2.55581e-09-3.69476e-09
-4.67137e-09-5.42980e-09-5.92978e-09-6.16019e-09-6.12183e-09-5.82363e-09
-5.29533e-09-4.58328e-09-3.74147e-09-2.82849e-09-1.89464e-09-9.73938e-10
-1.00924e-10 6.75496e-10 1.30418e-09 1.74572e-09 1.97017e-09 1.95830e-09
 1.71256e-09 1.25603e-09 6.27188e-10-1.15212e-10-9.02387e-10-1.67262e-09
-2.36753e-09-2.93499e-09-3.34212e-09-3.57143e-09-3.61478e-09-3.46814e-09
-3.12986e-09-2.61710e-09-1.96828e-09-1.22545e-09-4.30268e-10 3.81547e-10
 1.18747e-09 1.96544e-09 2.69089e-09 3.34905e-09 3.93123e-09 4.42839e-09
 4.82759e-09 5.10368e-09 5.23204e-09 5.21015e-09 5.05536e-09 4.79740e-09
 4.46840e-09 4.08801e-09 3.66987e-09 3.23435e-09 2.80230e-09 2.38919e-09
 2.00551e-09 1.65582e-09 1.34836e-09 1.10308e-09 9.32480e-10 8.22828e-10
 7.42233e-10 6.53235e-10 5.24393e-10 3.46118e-10 1.26126e-10-1.34492e-10
-4.44329e-10-8.05016e-10-1.21047e-09-1.65146e-09-2.11044e-09-2.56763e-09
-3.00582e-09-3.39587e-09-3.69368e-09-3.85988e-09-3.87374e-09-3.72773e-09
-3.42142e-09-2.96382e-09-2.36565e-09-1.63084e-09-7.69911e-10 1.90740e-10
 1.21653e-09 2.25801e-09 3.24263e-09 4.10078e-09 4.79685e-09 5.32973e-09
 5.71854e-09 5.98596e-09 6.13996e-09 6.17191e-09 6.07498e-09 5.85539e-09
 5.51613e-09 5.03626e-09 4.37175e-09 3.46499e-09 2.25854e-09 7.18170e-10
-1.15215e-09-3.29671e-09-5.58877e-09-7.83903e-09-9.82870e-09-1.13415e-08
-1.22045e-08-1.23239e-08-1.16954e-08-1.04162e-08-8.69113e-09-6.81160e-09
-5.11683e-09-3.92707e-09-3.46179e-09-3.79282e-09-4.82555e-09-6.29335e-09
-7.79390e-09-8.85950e-09-9.04277e-09-8.01677e-09-5.65177e-09-2.04761e-09
 2.46412e-09 7.36102e-09 1.20175e-08 1.58125e-08 1.82383e-08 1.89883e-08
 1.79994e-08 1.54522e-08 1.17321e-08 7.34955e-09 2.84179e-09-1.31704e-09
-4.78098e-09-7.35981e-09-9.00591e-09-9.77735e-09-9.79102e-09-9.17280e-09
-8.02278e-09-6.40980e-09-4.38445e-09-2.00232e-09 6.44623e-10 3.40895e-09
 6.08954e-09 8.44830e-09 1.02497e-08 1.13111e-08 1.15375e-08 1.09390e-08
 9.62886e-09 7.79582e-09 5.65916e-09 3.42119e-09 1.22930e-09-8.36249e-10
-2.74501e-09-4.48571e-09-6.03647e-09-7.34667e-09-8.33923e-09-8.92820e-09
-9.04276e-09-8.65217e-09-7.78283e-09-6.51691e-09-4.97184e-09-3.27201e-09
-1.52595e-09 1.82488e-10 1.79050e-09 3.24984e-09 4.51792e-09 5.54320e-09
 6.25374e-09 6.55794e-09 6.36175e-09 5.60232e-09 4.28768e-09 2.52461e-09
 5.23795e-10-1.42124e-09-2.98154e-09-3.86158e-09-3.88155e-09-3.05644e-09
-1.64415e-09-4.19693e-10
     0.0000e+00     0.0000e+00      0  0  0.00
     512   1.00000  0.0000e+00
-1.25192e-10-2.76734e-10-4.59776e-10-6.36243e-10-7.51189e-10-7.48831e-10
-5.94745e-10-2.92951e-10 1.10590e-10 5.40520e-10 9.16652e-10 1.18074e-09
 1.31379e-09 1.33673e-09 1.29459e-09 1.23135e-09 1.16722e-09 1.08894e-09
 9.58120e-10 7.34093e-10 3.99405e-10-2.58487e-11-4.87559e-10-9.16341e-10
-1.25316e-09-1.47082e-09-1.58069e-09-1.62085e-09-1.63172e-09-1.63189e-09
-1.60663e-09-1.51478e-09-1.31076e-09-9.70172e-10-5.05688e-10 3.45614e-11
 5.84736e-10 1.08524e-09 1.50073e-09 1.82403e-09 2.06527e-09 2.23252e-09
 2.31510e-09 2.28080e-09 2.09082e-09 1.72522e-09 1.20332e-09 5.86851e-10
-3.63039e-11-5.80753e-10-9.92291e-10-1.26420e-09-1.43368e-09-1.56060e-09
-1.69948e-09-1.87826e-09-2.09171e-09-2.30977e-09-2.49325e-09-2.60612e-09
-2.61637e-09-2.48784e-09-2.17417e-09-1.62562e-09-8.09991e-10 2.59984e-10
 1.50580e-09 2.78127e-09 3.89622e-09 4.66221e-09 4.94417e-09 4.69662e-09
 3.97032e-09 2.89058e-09 1.62071e-09 3.26206e-10-8.49885e-10-1.79792e-09
-2.44420e-09-2.75318e-09-2.73249e-09-2.43564e-09-1.95465e-09-1.39795e-09
-8.56847e-10-3.71875e-10 8.32985e-11 5.86893e-10 1.22576e-09 2.04501e-09
 3.01693e-09 4.04331e-09 4.98584e-09 5.70708e-09 6.10488e-09 6.12856e-09
 5.77377e-09 5.06375e-09 4.03142e-09 2.71224e-09 1.14557e-09-6.24917e-10
-2.55817e-09-4.62678e-09-6.82148e-09-9.13879e-09-1.15514e-08-1.39762e-08
-1.62633e-08-1.82182e-08-1.96480e-08-2.04086e-08-2.04322e-08-1.97242e-08
-1.83359e-08-1.63259e-08-1.37324e-08-1.05724e-08-6.86317e-09-2.64851e-09
 1.99041e-09 6.93745e-09 1.20483e-08 1.71544e-08 2.20653e-08 2.65761e-08
 3.04847e-08 3.36187e-08 3.58614e-08 3.71612e-08 3.75142e-08 3.69301e-08
 3.54017e-08 3.29003e-08 2.94016e-08 2.49354e-08 1.96295e-08 1.37116e-08
 7.45889e-09 1.12668e-09-5.09783e-09-1.10971e-08-1.67930e-08-2.21063e-08
-2.69247e-08-3.10923e-08-3.44274e-08-3.67590e-08-3.79586e-08-3.79516e-08
-3.67212e-08-3.43215e-08-3.08954e-08-2.66788e-08-2.19869e-08-1.71905e-08
-1.26825e-08-8.82288e-09-5.85989e-09-3.83632e-09-2.50955e-09-1.31941e-09
 5.63063e-10 4.09555e-09 1.01490e-08 1.92447e-08 3.12734e-08 4.52331e-08
 5.90391e-08 6.94817e-08 7.24199e-08 6.33093e-08 3.81029e-08-4.57015e-09
-5.89751e-08-1.10200e-07-1.40731e-07-1.40379e-07-1.09167e-07-5.43702e-08
 1.12118e-08 7.01473e-08 1.04865e-07 1.05805e-07 7.76896e-08 3.73433e-08
 3.40285e-09-1.40684e-08-1.64949e-08-1.05774e-08 1.41654e-09 2.52707e-08
 6.83438e-08 1.30031e-07 1.99412e-07 2.60910e-07 2.99061e-07 2.97086e-07
 2.36852e-07 1.07557e-07-8.79703e-08-3.37277e-07-6.15282e-07-8.71590e-07
-1.03434e-06-1.03370e-06-8.24918e-07-4.07127e-07 1.62204e-07 7.68040e-07
 1.26125e-06 1.49981e-06 1.39849e-06 9.72920e-07 3.50622e-07-2.67750e-07
-6.85352e-07-7.96547e-07-6.38769e-07-3.68311e-07-1.63411e-07-1.08379e-07
-1.45482e-07-1.45563e-07-4.36125e-08 9.48801e-08 1.57181e-07 1.19457e-07
 6.13310e-08 4.76179e-08 5.53434e-08 4.13157e-08 1.54459e-08 4.49311e-09
 1.47217e-09-6.49576e-09-1.04941e-08-7.19376e-09-6.89664e-09-8.56835e-09
-6.04760e-09-4.22299e-09-4.97906e-09-3.41462e-09-1.50507e-09-1.51002e-09
-1.06796e-10 1.74142e-09 2.13317e-09 3.30950e-09 4.53167e-09 4.48739e-09
 4.82521e-09 4.87373e-09 4.02836e-09 3.55421e-09 2.76797e-09 1.60829e-09
 8.56234e-10-2.07366e-10-1.31471e-09-2.11964e-09-3.07057e-09-3.69667e-09
-4.04341e-09-4.29457e-09-4.12507e-09-3.82032e-09-3.35969e-09-2.67550e-09
-1.95546e-09-1.06720e-09-1.51935e-10 7.11284e-10 1.54197e-09 2.22039e-09
 2.79170e-09 3.21860e-09 3.50292e-09 3.67149e-09 3.66550e-09 3.47835e-09
 3.08923e-09 2.53424e-09 1.86839e-09 1.12712e-09 3.56071e-10-4.15739e-10
-1.15560e-09-1.83997e-09-2.43852e-09-2.90900e-09-3.22022e-09-3.36792e-09
-3.37391e-09-3.25764e-09-3.02617e-09-2.68397e-09-2.24163e-09-1.71660e-09
-1.13774e-09-5.48036e-10 1.18487e-11 5.20557e-10 9.71612e-10 1.36109e-09
 1.67852e-09 1.89885e-09 1.99560e-09 1.97293e-09 1.86644e-09 1.70948e-09
 1.52193e-09 1.32334e-09 1.13212e-09 9.64912e-10 8.47253e-10 8.03697e-10
 8.44001e-10 9.79886e-10 1.23132e-09 1.59641e-09 2.04483e-09 2.55073e-09
 3.10455e-09 3.69999e-09 4.32906e-09 4.96106e-09 5.51822e-09 5.91813e-09
 6.14677e-09 6.24630e-09 6.22510e-09 6.01114e-09 5.50039e-09 4.63889e-09
 3.45848e-09 2.02888e-09 3.72336e-10-1.55170e-09-3.76641e-09-6.19561e-09
-8.66045e-09-1.09592e-08-1.29683e-08-1.46609e-08-1.60137e-08-1.69230e-08
-1.72495e-08-1.69469e-08-1.61165e-08-1.49221e-08-1.34760e-08-1.18153e-08
-9.96449e-09-8.00070e-09-6.05983e-09-4.27045e-09-2.68212e-09-1.26423e-09
 2.44262e-11 1.16740e-09 2.10087e-09 2.79079e-09 3.27868e-09 3.64454e-09
 3.94235e-09 4.18138e-09 4.36059e-09 4.50880e-09 4.68761e-09 4.96012e-09
 5.36258e-09 5.90217e-09 6.57458e-09 7.38396e-09 8.35095e-09 9.49951e-09
 1.08262e-08 1.22864e-08 1.38229e-08 1.53948e-08 1.69622e-08 1.84603e-08
 1.98015e-08 2.08843e-08 2.15959e-08 2.18290e-08 2.14946e-08 2.05109e-08
 1.88087e-08 1.63654e-08 1.32263e-08 9.50020e-09 5.34969e-09 9.69204e-10
-3.43396e-09-7.63057e-09-1.13820e-08-1.45027e-08-1.68965e-08-1.85258e-08
-1.93791e-08-1.94795e-08-1.89075e-08-1.78173e-08-1.64226e-08-1.49326e-08
-1.34906e-08-1.21893e-08-1.11293e-08-1.04270e-08-1.01482e-08-1.02443e-08
-1.05594e-08-1.09087e-08-1.11642e-08-1.12684e-08-1.11775e-08-1.08351e-08
-1.02339e-08-9.49165e-09-8.84273e-09-8.53416e-09-8.70049e-09-9.30913e-09
-1.01944e-08-1.11114e-08-1.17474e-08-1.17062e-08-1.05352e-08-7.84856e-09
-3.49181e-09 2.36065e-09 9.21997e-09 1.63804e-08 2.30405e-08 2.84025e-08
 3.17663e-08 3.26581e-08 3.09743e-08 2.70594e-08 2.16510e-08 1.57015e-08
 1.01637e-08 5.81605e-09 3.14361e-09 2.26117e-09 2.88659e-09 4.39496e-09
 5.97703e-09 6.86271e-09 6.52459e-09 4.80018e-09 1.91271e-09-1.60688e-09
-5.07344e-09-7.83177e-09-9.42237e-09-9.69131e-09-8.81586e-09-7.23493e-09
-5.50247e-09-4.10821e-09-3.32694e-09-3.14971e-09-3.31268e-09-3.40765e-09
-3.04095e-09-1.98942e-09-2.97198e-10 1.72142e-09 3.57342e-09 4.74013e-09
 4.84058e-09 3.75866e-09 1.69304e-09-8.97792e-10-3.43930e-09-5.41863e-09
-6.53523e-09-6.77577e-09-6.38914e-09-5.77107e-09-5.30098e-09-5.19185e-09
-5.40996e-09-5.69255e-09-5.65301e-09-4.93563e-09-3.36642e-09-1.04063e-09
 1.69312e-09 4.34551e-09 6.44902e-09 7.70856e-09 8.08450e-09 7.77491e-09
 7.10544e-09 6.37584e-09 5.72936e-09 5.09968e-09 4.25812e-09 2.94468e-09
 1.03109e-09-1.35367e-09-3.79621e-09-5.69287e-09-6.43853e-09-5.64605e-09
-3.32219e-09-9.03560e-10
     0.0000e+00     0.0000e+00      0  0  0.00
     512   1.00000  0.0000e+00
 1.76897e-09 1.47056e-09 1.07228e-09 6.40208e-10 2.43615e-10-6.54514e-11
-2.64866e-10-3.62717e-10-3.87454e-10-3.73748e-10-3.50051e-10-3.31697e-10
-3.20923e-10-3.14305e-10-3.15420e-10-3.44399e-10-4.33694e-10-6.07787e-10
-8.58300e-10-1.13241e-09-1.34542e-09-1.41263e-09-1.28380e-09-9.64665e-10
-5.17997e-10-4.39169e-11 3.54537e-10 6.08231e-10 7.04113e-10 6.79970e-10
 5.95164e-10 4.97022e-10 4.03871e-10 3.11842e-10 2.15616e-10 1.24937e-10
 6.42579e-11 5.75910e-11 1.10650e-10 2.00686e-10 2.78466e-10 2.83544e-10
 1.70282e-10-6.55915e-11-3.76214e-10-6.77296e-10-8.83317e-10-9.40857e-10
-8.42398e-10-6.19478e-10-3.26458e-10-2.50609e-11 2.28289e-10 3.94332e-10
 4.60630e-10 4.43716e-10 3.81149e-10 3.17961e-10 2.94697e-10 3.40090e-10
 4.65883e-10 6.61322e-10 8.90485e-10 1.09851e-09 1.22627e-09 1.22404e-09
 1.05727e-09 7.09819e-10 1.94624e-10-4.31454e-10-1.06602e-09-1.58533e-09
-1.88591e-09-1.92002e-09-1.70595e-09-1.31108e-09-8.19689e-10-3.01492e-10
 2.06838e-10 7.00226e-10 1.18447e-09 1.64789e-09 2.04568e-09 2.31151e-09
 2.39029e-09 2.26589e-09 1.95872e-09 1.49567e-09 8.82697e-10 1.09882e-10
-8.14494e-10-1.83236e-09-2.83455e-09-3.69185e-09-4.30105e-09-4.62586e-09
-4.71343e-09-4.67239e-09-4.61562e-09-4.59767e-09-4.58813e-09-4.49971e-09
-4.24747e-09-3.79018e-09-3.12512e-09-2.25367e-09-1.16131e-09 1.63274e-10
 1.68700e-09 3.30857e-09 4.87516e-09 6.22956e-09 7.26176e-09 7.94282e-09
 8.32690e-09 8.51532e-09 8.59576e-09 8.59786e-09 8.50516e-09 8.31624e-09
 8.09631e-09 7.96547e-09 8.03069e-09 8.31952e-09 8.76153e-09 9.21095e-09
 9.47138e-09 9.30100e-09 8.41227e-09 6.49278e-09 3.26166e-09-1.43715e-09
-7.50903e-09-1.44708e-08-2.13646e-08-2.68358e-08-2.94565e-08-2.82139e-08
-2.29329e-08-1.44321e-08-4.37195e-09 5.12881e-09 1.19997e-08 1.47311e-08
 1.27521e-08 6.53527e-09-2.62290e-09-1.30547e-08-2.31998e-08-3.19116e-08
-3.85337e-08-4.28221e-08-4.48124e-08-4.46904e-08-4.27144e-08-3.92132e-08
-3.46379e-08-2.96101e-08-2.49189e-08-2.14393e-08-1.99601e-08-2.09191e-08
-2.40697e-08-2.81399e-08-3.05870e-08-2.75748e-08-1.42955e-08 1.42853e-08
 6.22477e-08 1.31192e-07 2.18589e-07 3.16336e-07 4.09944e-07 4.79100e-07
 5.00766e-07 4.55129e-07 3.34413e-07 1.51758e-07-5.90306e-08-2.54320e-07
-3.91910e-07-4.42401e-07-4.03152e-07-3.03603e-07-1.93267e-07-1.18005e-07
-9.88778e-08-1.26830e-07-1.75495e-07-2.21929e-07-2.58872e-07-2.88979e-07
-3.09805e-07-3.09135e-07-2.78568e-07-2.32383e-07-2.08812e-07-2.36174e-07
-2.82125e-07-2.55936e-07-9.44996e-08 1.67691e-07 4.38955e-07 6.50204e-07
 7.71578e-07 7.90926e-07 7.12235e-07 5.65313e-07 4.02072e-07 2.79483e-07
 2.35141e-07 2.64730e-07 3.17790e-07 3.15641e-07 1.85535e-07-9.37381e-08
-4.58961e-07-7.74871e-07-8.98493e-07-7.69675e-07-4.67700e-07-1.72582e-07
-3.66799e-08-6.25786e-08-1.11066e-07-5.55049e-08 7.82594e-08 1.60372e-07
 1.33650e-07 7.39371e-08 6.00647e-08 7.13577e-08 5.98389e-08 3.73243e-08
 3.07892e-08 2.80868e-08 1.78559e-08 1.38175e-08 1.66443e-08 1.39669e-08
 1.04951e-08 1.20268e-08 1.10797e-08 8.15222e-09 8.65585e-09 8.20163e-09
 6.03238e-09 6.28815e-09 6.18751e-09 4.93490e-09 5.37620e-09 5.37511e-09
 4.58654e-09 4.89848e-09 4.54250e-09 3.71263e-09 3.49143e-09 2.53006e-09
 1.57564e-09 1.13702e-09 3.91246e-10 9.60469e-11-8.22455e-11-6.48328e-10
-1.04786e-09-1.70077e-09-2.45398e-09-3.05818e-09-3.82871e-09-4.40907e-09
-4.83244e-09-5.12339e-09-5.13851e-09-5.14529e-09-5.12842e-09-5.14678e-09
-5.18264e-09-5.02407e-09-4.62385e-09-3.91157e-09-2.99758e-09-2.04980e-09
-1.17430e-09-4.38013e-10 2.40243e-10 9.73704e-10 1.85112e-09 2.83523e-09
 3.76154e-09 4.46535e-09 4.86469e-09 4.99091e-09 4.92472e-09 4.73419e-09
 4.43039e-09 3.97067e-09 3.32426e-09 2.52660e-09 1.65989e-09 7.83260e-10
-9.74986e-11-9.98887e-10-1.92168e-09-2.84939e-09-3.76076e-09-4.61304e-09
-5.31193e-09-5.73827e-09-5.83613e-09-5.65454e-09-5.29145e-09-4.82774e-09
-4.31110e-09-3.75368e-09-3.12937e-09-2.39612e-09-1.53182e-09-5.51960e-10
 4.94837e-10 1.54376e-09 2.53083e-09 3.39599e-09 4.08674e-09 4.58117e-09
 4.90398e-09 5.11591e-09 5.29237e-09 5.48502e-09 5.67637e-09 5.79776e-09
 5.81875e-09 5.79459e-09 5.81057e-09 5.91264e-09 6.11473e-09 6.44047e-09
 6.91453e-09 7.51101e-09 8.12551e-09 8.60499e-09 8.81179e-09 8.65841e-09
 8.09392e-09 7.09936e-09 5.70445e-09 3.98289e-09 2.02733e-09-7.27751e-11
-2.22952e-09-4.33179e-09-6.24506e-09-7.83895e-09-9.01001e-09-9.71523e-09
-9.99517e-09-9.93810e-09-9.63438e-09-9.17639e-09-8.66979e-09-8.21882e-09
-7.87988e-09-7.62582e-09-7.39093e-09-7.15594e-09-6.96901e-09-6.90219e-09
-6.99409e-09-7.21692e-09-7.49767e-09-7.76416e-09-7.96353e-09-8.04877e-09
-7.95832e-09-7.62512e-09-7.02673e-09-6.21277e-09-5.24843e-09-4.13208e-09
-2.78621e-09-1.12604e-09 8.57912e-10 3.06985e-09 5.35980e-09 7.59955e-09
 9.70189e-09 1.15896e-08 1.31745e-08 1.43602e-08 1.50631e-08 1.52401e-08
 1.48745e-08 1.39281e-08 1.23461e-08 1.01232e-08 7.35238e-09 4.20638e-09
 8.83616e-10-2.43265e-09-5.59502e-09-8.49406e-09-1.10464e-08-1.31939e-08
-1.48991e-08-1.61057e-08-1.67169e-08-1.66580e-08-1.59663e-08-1.48086e-08
-1.34088e-08-1.19339e-08-1.04184e-08-8.79809e-09-7.02315e-09-5.12943e-09
-3.19880e-09-1.28030e-09 6.27121e-10 2.53717e-09 4.44258e-09 6.31089e-09
 8.09951e-09 9.75204e-09 1.11744e-08 1.22469e-08 1.28802e-08 1.30720e-08
 1.29371e-08 1.26757e-08 1.24890e-08 1.25199e-08 1.28555e-08 1.35515e-08
 1.46302e-08 1.60294e-08 1.75573e-08 1.89315e-08 1.98546e-08 2.00592e-08
 1.93382e-08 1.75728e-08 1.47583e-08 1.10258e-08 6.62566e-09 1.86665e-09
-2.94256e-09-7.52915e-09-1.16725e-08-1.52060e-08-1.80147e-08-2.00249e-08
-2.11815e-08-2.14338e-08-2.07405e-08-1.90908e-08-1.65377e-08-1.32266e-08
-9.40605e-09-5.41895e-09-1.66905e-09 1.44578e-09 3.61514e-09 4.67734e-09
 4.65105e-09 3.73618e-09 2.26484e-09 6.06757e-10-9.29203e-10-2.16478e-09
-3.06908e-09-3.72026e-09-4.24651e-09-4.76088e-09-5.29313e-09-5.75569e-09
-5.97107e-09-5.74288e-09-4.93477e-09-3.52806e-09-1.64362e-09 4.70171e-10
 2.48198e-09 4.05603e-09 4.94565e-09 5.06967e-09 4.54487e-09 3.65397e-09
 2.75228e-09 2.14961e-09 2.01387e-09 2.32458e-09 2.88467e-09 3.39328e-09
 3.56543e-09 3.25388e-09 2.51032e-09 1.54719e-09 6.26474e-10-5.67734e-11
-4.41743e-10-6.00128e-10-6.76638e-10-8.04062e-10-1.03153e-09-1.29748e-09
-1.46102e-09-1.38264e-09-1.01866e-09-4.74703e-10 3.04247e-11 2.86835e-10
 2.36953e-10 7.09489e-11
     0.0000e+00     0.0000e+00      0  0  0.00
     512   1.00000  0.0000e+00
-4.29647e-10-3.50895e-10-2.19659e-10-4.70161e-11 1.42579e-10 3.18822e-10
 4.56708e-10 5.45689e-10 5.92838e-10 6.18240e-10 6.44251e-10 6.83491e-10
 7.31379e-10 7.67111e-10 7.62561e-10 6.94727e-10 5.56461e-10 3.60898e-10
 1.36866e-10-8.29291e-11-2.74711e-10-4.31193e-10-5.60750e-10-6.78990e-10
-7.97047e-10-9.12357e-10-1.00629e-09-1.05039e-09-1.01896e-09-9.01310e-10
-7.07252e-10-4.63858e-10-2.05631e-10 3.78656e-11 2.51200e-10 4.34350e-10
 5.95964e-10 7.43399e-10 8.75517e-10 9.81607e-10 1.04642e-09 1.05866e-09
 1.01824e-09 9.37182e-10 8.32339e-10 7.14139e-10 5.78121e-10 4.04672e-10
 1.67615e-10-1.51781e-10-5.50992e-10-9.98702e-10-1.43809e-09-1.80048e-09
-2.02323e-09-2.06433e-09-1.90975e-09-1.57355e-09-1.09267e-09-5.19903e-10
 8.09728e-11 6.38116e-10 1.07677e-09 1.33060e-09 1.35787e-09 1.15663e-09
 7.72888e-10 2.97182e-10-1.52865e-10-4.61578e-10-5.46529e-10-3.80280e-10
 4.72382e-12 5.27567e-10 1.08040e-09 1.55270e-09 1.85229e-09 1.91936e-09
 1.73324e-09 1.31435e-09 7.23179e-10 5.35683e-11-5.82465e-10-1.07659e-09
-1.34700e-09-1.35639e-09-1.11910e-09-6.92599e-10-1.54264e-10 4.25788e-10
 1.00260e-09 1.55858e-09 2.09261e-09 2.60292e-09 3.07166e-09 3.45740e-09
 3.69889e-09 3.72746e-09 3.48100e-09 2.91403e-09 2.00420e-09 7.58001e-10
-7.84954e-10-2.55240e-09-4.44621e-09-6.35550e-09-8.17468e-09-9.82168e-09
-1.12462e-08-1.24217e-08-1.33268e-08-1.39278e-08-1.41706e-08-1.39852e-08
-1.33025e-08-1.20749e-08-1.02948e-08-7.99782e-09-5.25366e-09-2.15197e-09
 1.20780e-09 4.72264e-09 8.29090e-09 1.18155e-08 1.52037e-08 1.83643e-08
 2.12039e-08 2.36233e-08 2.55148e-08 2.67691e-08 2.72958e-08 2.70473e-08
 2.60367e-08 2.43383e-08 2.20717e-08 1.93687e-08 1.63290e-08 1.29884e-08
 9.32209e-09 5.28656e-09 8.72891e-10-3.85718e-09-8.76295e-09-1.36442e-08
-1.82824e-08-2.24885e-08-2.61317e-08-2.91339e-08-3.14385e-08-3.29738e-08
-3.36299e-08-3.32541e-08-3.16770e-08-2.87793e-08-2.45918e-08-1.93942e-08
-1.37726e-08-8.60994e-09-4.99202e-09-4.03317e-09-6.63969e-09-1.32404e-08
-2.35089e-08-3.61072e-08-4.85115e-08-5.70135e-08-5.70044e-08-4.36233e-08
-1.28019e-08 3.73503e-08 1.04994e-07 1.83156e-07 2.58857e-07 3.14207e-07
 3.31889e-07 3.02005e-07 2.23861e-07 1.05557e-07-3.45239e-08-1.70105e-07
-2.75045e-07-3.31280e-07-3.34565e-07-2.96821e-07-2.41186e-07-1.90433e-07
-1.56039e-07-1.34652e-07-1.14611e-07-8.87960e-08-6.29548e-08-5.16323e-08
-6.55808e-08-1.02006e-07-1.45022e-07-1.72633e-07-1.61854e-07-9.18929e-08
 4.77221e-08 2.47273e-07 4.79237e-07 7.11706e-07 9.12963e-07 1.04434e-06
 1.06137e-06 9.28654e-07 6.34723e-07 2.01539e-07-3.11319e-07-8.13593e-07
-1.20395e-06-1.39610e-06-1.34557e-06-1.06926e-06-6.46223e-07-1.93933e-07
 1.73147e-07 3.86202e-07 4.45097e-07 4.06663e-07 3.43186e-07 2.97629e-07
 2.66303e-07 2.20678e-07 1.47121e-07 6.51436e-08 6.80488e-09-1.65012e-08
-2.01660e-08-2.24658e-08-2.59806e-08-2.51673e-08-2.02004e-08-1.54217e-08
-1.18664e-08-8.55784e-09-6.10633e-09-4.85098e-09-3.76993e-09-2.69424e-09
-2.12013e-09-1.67392e-09-1.07359e-09-6.45698e-10-2.98353e-10 1.30324e-10
 3.57890e-10 3.40204e-10 1.76221e-10-2.66293e-10-9.23311e-10-1.63019e-09
-2.38674e-09-3.08028e-09-3.60962e-09-4.01870e-09-4.26733e-09-4.33866e-09
-4.27837e-09-4.06372e-09-3.71437e-09-3.26283e-09-2.70502e-09-2.08406e-09
-1.42267e-09-7.24420e-10-1.40998e-11 7.02099e-10 1.39728e-09 2.03253e-09
 2.57773e-09 2.99153e-09 3.25109e-09 3.34914e-09 3.29068e-09 3.09116e-09
 2.75465e-09 2.28642e-09 1.69638e-09 1.00165e-09 2.33275e-10-5.69445e-10
-1.36157e-09-2.10558e-09-2.77548e-09-3.34718e-09-3.79500e-09-4.09212e-09
-4.21143e-09-4.12996e-09-3.83866e-09-3.34744e-09-2.68000e-09-1.86578e-09
-9.38797e-10 6.24064e-11 1.09883e-09 2.13046e-09 3.11582e-09 4.01661e-09
 4.79733e-09 5.42341e-09 5.86372e-09 6.08912e-09 6.07306e-09 5.80509e-09
 5.29878e-09 4.57939e-09 3.67725e-09 2.63667e-09 1.50857e-09 3.32056e-10
-8.57774e-10-2.01301e-09-3.08072e-09-4.01520e-09-4.77774e-09-5.34214e-09
-5.69765e-09-5.83276e-09-5.73077e-09-5.38951e-09-4.82940e-09-4.08766e-09
-3.21553e-09-2.26241e-09-1.25717e-09-2.24315e-10 7.86272e-10 1.71031e-09
 2.50506e-09 3.15261e-09 3.64009e-09 3.95748e-09 4.09951e-09 4.06301e-09
 3.86159e-09 3.53465e-09 3.12317e-09 2.64712e-09 2.11150e-09 1.52237e-09
 8.97151e-10 2.60748e-10-3.71687e-10-9.99951e-10-1.62544e-09-2.23915e-09
-2.81894e-09-3.34034e-09-3.79008e-09-4.15793e-09-4.42517e-09-4.57218e-09
-4.58358e-09-4.45021e-09-4.17829e-09-3.78492e-09-3.29040e-09-2.72407e-09
-2.11951e-09-1.50609e-09-9.10064e-10-3.45444e-10 1.84639e-10 6.67758e-10
 1.08636e-09 1.43404e-09 1.71373e-09 1.93687e-09 2.11903e-09 2.26559e-09
 2.37823e-09 2.47180e-09 2.56748e-09 2.67751e-09 2.80328e-09 2.93698e-09
 3.06481e-09 3.17886e-09 3.28442e-09 3.38955e-09 3.48903e-09 3.56479e-09
 3.60390e-09 3.60675e-09 3.57835e-09 3.52812e-09 3.46985e-09 3.40623e-09
 3.33208e-09 3.25353e-09 3.17485e-09 3.07750e-09 2.93047e-09 2.69882e-09
 2.34179e-09 1.83237e-09 1.16834e-09 3.47938e-10-6.38781e-10-1.78668e-09
-3.06419e-09-4.41480e-09-5.75581e-09-6.99094e-09-8.02896e-09-8.78546e-09
-9.18036e-09-9.15044e-09-8.67271e-09-7.77893e-09-6.54745e-09-5.08652e-09
-3.52383e-09-1.99622e-09-6.41244e-10 4.16150e-10 1.10136e-09 1.42609e-09
 1.48624e-09 1.43320e-09 1.43396e-09 1.63005e-09 2.11170e-09 2.89591e-09
 3.89989e-09 4.93130e-09 5.70754e-09 5.90949e-09 5.26181e-09 3.60397e-09
 9.41013e-10-2.52029e-09-6.37233e-09-1.00518e-08-1.29200e-08-1.43820e-08
-1.40125e-08-1.16494e-08-7.44759e-09-1.88199e-09 4.31890e-09 1.02882e-08
 1.51702e-08 1.82855e-08 1.92556e-08 1.80604e-08 1.50344e-08 1.07887e-08
 6.07802e-09 1.64988e-09-1.90108e-09-4.24541e-09-5.35336e-09-5.45266e-09
-4.93090e-09-4.20338e-09-3.59405e-09-3.26557e-09-3.19716e-09-3.21713e-09
-3.08853e-09-2.60930e-09-1.69696e-09-4.37656e-10 9.31648e-10 2.10116e-09
 2.78432e-09 2.80985e-09 2.18458e-09 1.09258e-09-1.62834e-10-1.24752e-09
-1.89892e-09-2.00719e-09-1.64101e-09-1.01738e-09-4.24106e-10-1.14436e-10
-2.18977e-10-7.05918e-10-1.39507e-09-2.02581e-09-2.35569e-09-2.24627e-09
-1.70956e-09-9.01231e-10-5.78009e-11 5.93360e-10 9.14441e-10 9.06491e-10
 7.05911e-10 5.22609e-10 5.50640e-10 8.88013e-10 1.49138e-09 2.18732e-09
 2.73737e-09 2.92576e-09 2.63897e-09 1.90854e-09 8.95984e-10-1.69195e-10
-1.06717e-09-1.65540e-09-1.89998e-09-1.85495e-09-1.60581e-09-1.21095e-09
-6.70097e-10-1.79557e-10
     0.0000e+00     0.0000e+00      0  0  0.00
     512   1.00000  0.0000e+00
 1.16858e-10 2.96052e-10 4.60174e-10 5.80213e-10 6.36269e-10 6.25307e-10
 5.62401e-10 4.74685e-10 3.90172e-10 3.26320e-10 2.83848e-10 2.48504e-10
 1.99781e-10 1.22738e-10 1.72314e-11-1.00459e-10-2.04553e-10-2.71634e-10
-2.91830e-10-2.74192e-10-2.43477e-10-2.29235e-10-2.51841e-10-3.12224e-10
-3.90586e-10-4.54817e-10-4.74312e-10-4.32470e-10-3.32406e-10-1.93870e-10
-4.33669e-11 9.73168e-11 2.18191e-10 3.20365e-10 4.08867e-10 4.83697e-10
 5.34396e-10 5.41839e-10 4.87265e-10 3.63974e-10 1.84936e-10-1.82341e-11
-2.04766e-10-3.38271e-10-3.98368e-10-3.85905e-10-3.20117e-10-2.29330e-10
-1.39906e-10-6.91932e-11-2.53377e-11-1.19379e-11-3.26850e-11-9.19280e-11
-1.90018e-10-3.15686e-10-4.40333e-10-5.19288e-10-5.01972e-10-3.48143e-10
-4.42695e-11 3.86189e-10 8.82939e-10 1.36041e-09 1.72700e-09 1.90493e-09
 1.84428e-09 1.52925e-09 9.78978e-10 2.45932e-10-5.87437e-10-1.41517e-09
-2.11919e-09-2.58648e-09-2.73090e-09-2.51508e-09-1.96425e-09-1.16487e-09
-2.46003e-10 6.50999e-10 1.40477e-09 1.93730e-09 2.22149e-09 2.27337e-09
 2.13590e-09 1.86232e-09 1.50400e-09 1.10291e-09 6.87659e-10 2.71971e-10
-1.44651e-10-5.73553e-10-1.02902e-09-1.51558e-09-2.01491e-09-2.48074e-09
-2.84777e-09-3.05243e-09-3.05586e-09-2.85866e-09-2.50071e-09-2.04620e-09
-1.56091e-09-1.09238e-09-6.60891e-10-2.62898e-10 1.18147e-10 5.00443e-10
 8.96494e-10 1.31078e-09 1.74014e-09 2.17332e-09 2.58929e-09 2.95844e-09
 3.25040e-09 3.44589e-09 3.54408e-09 3.55909e-09 3.50694e-09 3.38975e-09
 3.18548e-09 2.84978e-09 2.33282e-09 1.60659e-09 6.91396e-10-3.30540e-10
-1.31826e-09-2.08820e-09-2.43721e-09-2.17090e-09-1.13963e-09 7.15367e-10
 3.30797e-09 6.35572e-09 9.35503e-09 1.16239e-08 1.24452e-08 1.12851e-08
 7.99468e-09 2.90429e-09-3.23356e-09-9.43222e-09-1.47284e-08-1.84278e-08
-2.02665e-08-2.04425e-08-1.95040e-08-1.81329e-08-1.69077e-08-1.61526e-08
-1.59163e-08-1.60432e-08-1.62794e-08-1.63796e-08-1.61953e-08-1.57280e-08
-1.51332e-08-1.46765e-08-1.46518e-08-1.52772e-08-1.65754e-08-1.82488e-08
-1.95697e-08-1.93295e-08-1.58924e-08-7.39240e-09 7.91357e-09 3.11544e-08
 6.22675e-08 9.94262e-08 1.38598e-07 1.73405e-07 1.95447e-07 1.96246e-07
 1.71621e-07 1.24099e-07 6.07337e-08-7.84183e-09-6.74677e-08-1.04933e-07
-1.13394e-07-9.51027e-08-6.09338e-08-2.56062e-08-1.47490e-09 5.91357e-09
-4.45100e-10-1.20078e-08-2.18267e-08-3.00789e-08-4.32792e-08-6.87749e-08
-1.10109e-07-1.66709e-07-2.35916e-07-3.13591e-07-3.93430e-07-4.67498e-07
-5.26230e-07-5.54120e-07-5.25903e-07-4.12722e-07-1.96131e-07 1.20822e-07
 5.09173e-07 9.14274e-07 1.26236e-06 1.47507e-06 1.48842e-06 1.27266e-06
 8.48126e-07 2.89100e-07-2.90435e-07-7.66988e-07-1.04523e-06-1.09000e-06
-9.38020e-07-6.80124e-07-4.19110e-07-2.24005e-07-1.06020e-07-3.12511e-08
 3.89230e-08 1.12238e-07 1.64811e-07 1.73311e-07 1.43943e-07 1.05750e-07
 7.95942e-08 6.33099e-08 4.71144e-08 3.07680e-08 1.93965e-08 1.29864e-08
 8.44518e-09 5.39350e-09 4.05761e-09 2.96251e-09 1.64314e-09 9.29852e-10
 5.74533e-10 1.04143e-10-1.81071e-11 2.24873e-10 4.40596e-10 8.47988e-10
 1.49378e-09 2.06455e-09 2.63665e-09 3.20894e-09 3.54838e-09 3.71466e-09
 3.72990e-09 3.51379e-09 3.20431e-09 2.85120e-09 2.43146e-09 2.04093e-09
 1.66395e-09 1.26896e-09 8.92120e-10 5.02762e-10 1.19672e-10-2.31370e-10
-5.84910e-10-9.27416e-10-1.25568e-09-1.57447e-09-1.86915e-09-2.15419e-09
-2.42422e-09-2.67103e-09-2.89921e-09-3.09155e-09-3.22688e-09-3.27953e-09
-3.24414e-09-3.14043e-09-2.97776e-09-2.75362e-09-2.45729e-09-2.08191e-09
-1.62530e-09-1.09150e-09-5.11636e-10 6.21546e-11 5.86682e-10 1.04992e-09
 1.46158e-09 1.82857e-09 2.14911e-09 2.41735e-09 2.61957e-09 2.73325e-09
 2.74097e-09 2.64377e-09 2.45804e-09 2.19608e-09 1.85556e-09 1.43836e-09
 9.67284e-10 4.73424e-10-1.95374e-11-4.88574e-10-9.06701e-10-1.26300e-09
-1.56987e-09-1.83535e-09-2.04812e-09-2.19055e-09-2.24633e-09-2.20332e-09
-2.05787e-09-1.81391e-09-1.48695e-09-1.10645e-09-6.96912e-10-2.63737e-10
 1.85371e-10 6.23004e-10 1.02900e-09 1.40947e-09 1.76957e-09 2.09661e-09
 2.37291e-09 2.57733e-09 2.68447e-09 2.68277e-09 2.58271e-09 2.40029e-09
 2.14078e-09 1.79875e-09 1.37000e-09 8.65794e-10 3.13347e-10-2.65278e-10
-8.65058e-10-1.47186e-09-2.04241e-09-2.52867e-09-2.89760e-09-3.12577e-09
-3.20158e-09-3.12322e-09-2.89207e-09-2.51932e-09-2.02469e-09-1.43368e-09
-7.81901e-10-1.03933e-10 5.69473e-10 1.19930e-09 1.74588e-09 2.18131e-09
 2.49323e-09 2.68840e-09 2.77793e-09 2.76287e-09 2.64951e-09 2.45537e-09
 2.19247e-09 1.86239e-09 1.46066e-09 9.87920e-10 4.64448e-10-8.03358e-11
-6.24319e-10-1.15062e-09-1.64984e-09-2.11938e-09-2.54814e-09-2.91786e-09
-3.21790e-09-3.44250e-09-3.58196e-09-3.62156e-09-3.54194e-09-3.33351e-09
-3.01371e-09-2.61080e-09-2.13774e-09-1.59736e-09-9.96798e-10-3.45911e-10
 3.40341e-10 1.03552e-09 1.71498e-09 2.36444e-09 2.96401e-09 3.48569e-09
 3.90901e-09 4.22305e-09 4.42009e-09 4.49124e-09 4.41948e-09 4.17707e-09
 3.74004e-09 3.10781e-09 2.29785e-09 1.33155e-09 2.45583e-10-8.98153e-10
-2.02862e-09-3.07726e-09-3.97889e-09-4.68058e-09-5.14161e-09-5.32300e-09
-5.19987e-09-4.79115e-09-4.16819e-09-3.43301e-09-2.68549e-09-1.99876e-09
-1.40856e-09-9.16793e-10-4.97847e-10-9.14396e-11 3.95065e-10 1.05401e-09
 1.94572e-09 3.07621e-09 4.37529e-09 5.69833e-09 6.84235e-09 7.55983e-09
 7.60082e-09 6.77816e-09 5.02605e-09 2.44941e-09-6.65343e-10-3.89134e-09
-6.71773e-09-8.62479e-09-9.18623e-09-8.16148e-09-5.56701e-09-1.71272e-09
 2.83381e-09 7.33753e-09 1.10147e-08 1.31791e-08 1.33758e-08 1.14741e-08
 7.71442e-09 2.67782e-09-2.82814e-09-7.92565e-09-1.18336e-08-1.40117e-08
-1.42480e-08-1.26816e-08-9.75617e-09-6.10257e-09-2.38408e-09 8.47507e-10
 3.25383e-09 4.74846e-09 5.46412e-09 5.66752e-09 5.65084e-09 5.62760e-09
 5.66565e-09 5.67975e-09 5.47785e-09 4.84695e-09 3.65523e-09 1.92255e-09
-1.65583e-10-2.29460e-09-4.10409e-09-5.29267e-09-5.70384e-09-5.37106e-09
-4.50585e-09-3.42530e-09-2.44970e-09-1.80609e-09-1.56261e-09-1.61807e-09
-1.75263e-09-1.71664e-09-1.32729e-09-5.40094e-10 5.32891e-10 1.66105e-09
 2.57540e-09 3.06481e-09 3.05125e-09 2.61369e-09 1.95412e-09 1.32063e-09
 9.14378e-10 8.16767e-10 9.66570e-10 1.19255e-09 1.28880e-09 1.10400e-09
 6.04991e-10-1.09312e-10-8.45704e-10-1.39328e-09-1.60736e-09-1.46237e-09
-1.05439e-09-5.55723e-10-1.40444e-10 8.55653e-11 1.19244e-10 4.72853e-11
-1.00069e-11-1.00890e-11
