      10
(6e12.5)
     0.0000e+00     0.0000e+00      0  0  0.00
     512   1.00000  0.0000e+00
 3.23609e-10 2.89550e-10 3.70239e-10 6.05808e-10 9.76455e-10 1.42389e-09
 1.89097e-09 2.34381e-09 2.76667e-09 3.14527e-09 3.45705e-09 3.66986e-09
 3.73803e-09 3.59254e-09 3.14053e-09 2.29653e-09 1.04676e-09-4.90436e-10
-2.06213e-09-3.36221e-09-4.16407e-09-4.42717e-09-4.30729e-09-4.06200e-09
-3.91486e-09-3.96771e-09-4.20907e-09-4.59195e-09-5.10767e-09-5.79839e-09
-6.70718e-09-7.81268e-09-9.00210e-09-1.01003e-08-1.09275e-08-1.13444e-08
-1.12688e-08-1.06719e-08-9.56729e-09-7.99315e-09-5.97954e-09-3.50729e-09
-4.87124e-10 3.20619e-09 7.64070e-09 1.27221e-08 1.81473e-08 2.34533e-08
 2.81340e-08 3.17522e-08 3.39883e-08 3.46241e-08 3.35158e-08 3.06116e-08
 2.60071e-08 1.99727e-08 1.28975e-08 5.17961e-09-2.84925e-09-1.09184e-08
-1.87550e-08-2.60245e-08-3.23221e-08-3.72264e-08-4.03799e-08-4.15561e-08
-4.06841e-08-3.78307e-08-3.31644e-08-2.69249e-08-1.93951e-08-1.08578e-08
-1.55988e-09 8.26613e-09 1.83254e-08 2.82006e-08 3.73794e-08 4.53738e-08
 5.18616e-08 5.67671e-08 6.02380e-08 6.25542e-08 6.40445e-08 6.50592e-08
 6.59731e-08 6.71491e-08 6.88034e-08 7.07667e-08 7.21958e-08 7.13433e-08
 6.55370e-08 5.15320e-08 2.63738e-08-1.13122e-08-6.01516e-08-1.15637e-07
-1.70770e-07-2.17648e-07-2.49514e-07-2.62530e-07-2.56906e-07-2.37289e-07
-2.12060e-07-1.91527e-07-1.86006e-07-2.04753e-07-2.55598e-07-3.43694e-07
-4.67037e-07-6.07933e-07-7.23579e-07-7.42828e-07-5.76466e-07-1.44483e-07
 5.81698e-07 1.53232e-06 2.51732e-06 3.26694e-06 3.52498e-06 3.13118e-06
 2.06688e-06 4.78857e-07-1.33746e-06-2.98951e-06-4.05300e-06-4.18628e-06
-3.28463e-06-1.59317e-06 3.13661e-07 1.73725e-06 2.16895e-06 1.55369e-06
 3.46039e-07-7.22802e-07-1.06839e-06-6.11104e-07 1.93851e-07 7.14470e-07
 6.30945e-07 1.57019e-07-2.01779e-07-1.38717e-07 1.84752e-07 3.61189e-07
 2.04376e-07-6.61751e-08-1.28028e-07 4.09500e-08 1.71409e-07 9.03769e-08
-5.88269e-08-6.14557e-08 4.71093e-08 7.04882e-08-2.05916e-08-6.55744e-08
-6.35328e-09 3.03095e-08-1.76755e-08-4.80940e-08-1.03306e-08 8.65808e-09
-2.24162e-08-2.85661e-08-1.71732e-09-1.73090e-09-1.46589e-08-2.89112e-09
 6.68991e-09 1.03449e-09 2.95641e-09 7.33183e-09 4.22067e-09 2.22933e-09
 1.71273e-09-7.23051e-10-2.74128e-09-4.06374e-09-5.62408e-09-7.14534e-09
-8.60992e-09-1.01310e-08-1.15907e-08-1.28616e-08-1.37605e-08-1.39745e-08
-1.31317e-08-1.09230e-08-7.29034e-09-2.54333e-09 2.67428e-09 7.55751e-09
 1.14063e-08 1.38400e-08 1.48761e-08 1.48213e-08 1.40326e-08 1.27196e-08
 1.08790e-08 8.36682e-09 5.04137e-09 9.04963e-10-3.79900e-09-8.56528e-09
-1.26916e-08-1.54358e-08-1.62288e-08-1.48532e-08-1.14986e-08-6.66706e-09
-9.91704e-10 4.91797e-09 1.05324e-08 1.53774e-08 1.89885e-08 2.09010e-08
 2.07102e-08 1.81934e-08 1.34317e-08 6.86810e-09-7.22590e-10-8.33633e-09
-1.48804e-08-1.93377e-08-2.09593e-08-1.94561e-08-1.51139e-08-8.76758e-09
-1.62731e-09 4.98785e-09 9.91223e-09 1.23269e-08 1.18711e-08 8.67998e-09
 3.36148e-09-3.07886e-09-9.38957e-09-1.43056e-08-1.68073e-08-1.63305e-08
-1.28704e-08-6.96421e-09 4.14917e-10 8.01843e-09 1.45286e-08 1.88126e-08
 2.01805e-08 1.85437e-08 1.44108e-08 8.75145e-09 2.79493e-09-2.20476e-09
-5.22131e-09-5.70329e-09-3.74489e-09-8.06972e-11 4.12123e-09 7.58068e-09
 9.22276e-09 8.41044e-09 5.06672e-09-3.01358e-10-6.67983e-09-1.27526e-08
-1.72223e-08-1.91666e-08-1.83106e-08-1.51061e-08-1.05823e-08-6.02734e-09
-2.62461e-09-1.15368e-09-1.81213e-09-4.16658e-09-7.24463e-09-9.77661e-09
-1.05533e-08-8.80929e-09-4.50280e-09 1.62252e-09 8.23128e-09 1.37791e-08
 1.69624e-08 1.71079e-08 1.43724e-08 9.66407e-09 4.32504e-09-2.80862e-10
-3.13825e-09-3.82891e-09-2.61739e-09-3.49582e-10 1.82277e-09 2.81920e-09
 2.01073e-09-5.09514e-10-3.89401e-09-6.80788e-09-7.91503e-09-6.39274e-09
-2.25882e-09 3.62165e-09 9.83645e-09 1.49057e-08 1.77698e-08 1.81165e-08
 1.64248e-08 1.37154e-08 1.11247e-08 9.48105e-09 9.03580e-09 9.42215e-09
 9.81842e-09 9.25383e-09 6.97439e-09 2.74943e-09-2.99963e-09-9.29491e-09
-1.48945e-08-1.86926e-08-2.00733e-08-1.90735e-08-1.63069e-08-1.27048e-08
-9.17616e-09-6.29751e-09-4.13970e-09-2.31164e-09-2.31509e-10 2.48147e-09
 5.68727e-09 8.64849e-09 1.02528e-08 9.45459e-09 5.75643e-09-4.82245e-10
-8.05694e-09-1.52654e-08-2.04609e-08-2.25896e-08-2.14882e-08-1.78330e-08
-1.27840e-08-7.49711e-09-2.72024e-09 1.35417e-09 4.94218e-09 8.32458e-09
 1.14903e-08 1.39568e-08 1.48843e-08 1.34634e-08 9.40969e-09 3.30505e-09
-3.42325e-09-8.92086e-09-1.15538e-08-1.05111e-08-6.10588e-09 3.52558e-10
 7.05302e-09 1.23257e-08 1.51647e-08 1.54318e-08 1.36992e-08 1.08453e-08
 7.62262e-09 4.41036e-09 1.25881e-09-1.83335e-09-4.60621e-09-6.42190e-09
-6.46230e-09-4.16954e-09 2.96194e-10 5.85719e-09 1.07523e-08 1.31502e-08
 1.18765e-08 6.93352e-09-4.22101e-10-8.09215e-09-1.38826e-08-1.62780e-08
-1.49224e-08-1.06110e-08-4.84198e-09 8.13922e-10 5.21751e-09 7.84499e-09
 8.65575e-09 7.82129e-09 5.53626e-09 2.03314e-09-2.24689e-09-6.50070e-09
-9.60754e-09-1.04493e-08-8.41530e-09-3.83246e-09 1.96474e-09 7.03886e-09
 9.59124e-09 8.71293e-09 4.78829e-09-6.48297e-10-5.54674e-09-8.18099e-09
-7.81079e-09-4.87493e-09-6.65443e-10 3.30648e-09 5.90674e-09 6.67176e-09
 5.75031e-09 3.62996e-09 8.58378e-10-2.07914e-09-4.71214e-09-6.50189e-09
-6.89190e-09-5.54552e-09-2.64675e-09 9.60804e-10 3.97584e-09 5.17159e-09
 4.01528e-09 1.02179e-09-2.39764e-09-4.56002e-09-4.31961e-09-1.65570e-09
 2.28552e-09 5.73398e-09 7.13155e-09 5.82534e-09 2.28784e-09-2.19480e-09
-6.13922e-09-8.43736e-09-8.63524e-09-6.88323e-09-3.70759e-09 1.96214e-10
 4.04753e-09 7.00342e-09 8.26893e-09 7.37039e-09 4.48121e-09 5.51041e-10
-2.95380e-09-4.65630e-09-3.93664e-09-1.28730e-09 1.88963e-09 3.98609e-09
 4.02360e-09 2.14559e-09-5.12563e-10-2.48397e-09-2.76601e-09-1.29656e-09
 1.12618e-09 3.36339e-09 4.53805e-09 4.38483e-09 3.22345e-09 1.66565e-09
 2.92060e-10-5.15222e-10-5.77199e-10 1.07025e-10 1.31003e-09 2.50348e-09
 2.92558e-09 1.88510e-09-7.97664e-10-4.48523e-09-7.82655e-09-9.32346e-09
-8.09652e-09-4.40924e-09 3.88167e-10 4.50288e-09 6.57468e-09 6.27300e-09
 4.29087e-09 1.80336e-09-2.24087e-10-1.45826e-09-2.16577e-09-2.84488e-09
-3.81911e-09-5.04997e-09-6.21475e-09-6.89947e-09-6.74650e-09-5.52668e-09
-3.20450e-09-4.06206e-11 3.33320e-09 6.00840e-09 7.13436e-09 6.36824e-09
 4.15314e-09 1.57406e-09-2.01716e-10-5.85728e-10 1.04278e-10 9.02506e-10
 8.95709e-10 3.03057e-10
     0.0000e+00     0.0000e+00      0  0  0.00
     512   1.00000  0.0000e+00
 1.24079e-09 1.28273e-09 1.23872e-09 1.11426e-09 9.37774e-10 7.37141e-10
 5.15925e-10 2.50075e-10-9.19976e-11-5.19154e-10-9.95589e-10-1.44291e-09
-1.76937e-09-1.90919e-09-1.84477e-09-1.59864e-09-1.20845e-09-7.11080e-10
-1.49234e-10 4.10577e-10 8.73010e-10 1.13309e-09 1.10580e-09 7.43225e-10
 3.30253e-11-1.00805e-09-2.33090e-09-3.83961e-09-5.37778e-09-6.73492e-09
-7.68664e-09-8.05966e-09-7.78670e-09-6.91480e-09-5.56048e-09-3.84315e-09
-1.84488e-09 3.75984e-10 2.73502e-09 5.08345e-09 7.21513e-09 8.90905e-09
 9.97181e-09 1.02566e-08 9.66334e-09 8.14391e-09 5.73495e-09 2.62930e-09
-7.32522e-10-3.59950e-09-4.94463e-09-3.66078e-09 1.05580e-09 9.18142e-09
 1.93955e-08 2.90453e-08 3.48451e-08 3.41125e-08 2.59132e-08 1.15662e-08
-5.67362e-09-2.16284e-08-3.25466e-08-3.62993e-08-3.29873e-08-2.47467e-08
-1.48274e-08-6.31461e-09-1.08892e-09 4.91817e-10-7.79411e-10-3.59201e-09
-6.67394e-09-9.16279e-09-1.07398e-08-1.15060e-08-1.16975e-08-1.14207e-08
-1.05503e-08-8.81523e-09-5.99833e-09-2.12969e-09 2.41981e-09 6.98519e-09
 1.07849e-08 1.31807e-08 1.39413e-08 1.34000e-08 1.24021e-08 1.20225e-08
 1.31576e-08 1.61474e-08 2.05166e-08 2.49160e-08 2.75079e-08 2.68705e-08
 2.27379e-08 1.58784e-08 7.53624e-09-8.57220e-10-7.79088e-09-1.18137e-08
-1.15979e-08-5.97697e-09 5.90686e-09 2.43159e-08 4.81395e-08 7.31694e-08
 8.99680e-08 8.31573e-08 3.41844e-08-7.15998e-08-2.34699e-07-4.30875e-07
-6.03670e-07-6.67143e-07-5.35672e-07-1.88816e-07 2.77211e-07 6.94343e-07
 9.43321e-07 1.00535e-06 8.96504e-07 6.12573e-07 1.65100e-07-3.59722e-07
-8.03384e-07-1.00055e-06-8.58185e-07-4.15032e-07 1.44261e-07 5.59063e-07
 6.33984e-07 3.62228e-07-6.28765e-08-3.68644e-07-3.82221e-07-1.46414e-07
 1.20075e-07 2.04424e-07 7.93170e-08-8.86794e-08-1.18571e-07-1.10393e-09
 1.08767e-07 8.37336e-08-2.72984e-08-7.57139e-08-1.24534e-08 5.76921e-08
 3.66692e-08-2.86379e-08-3.29038e-08 2.01659e-08 3.70725e-08-2.87276e-09
-2.26045e-08 7.69634e-09 2.49003e-08 4.25798e-10-1.22317e-08 7.68332e-09
 1.33933e-08-4.01924e-09-4.69491e-09 7.11230e-09 2.28147e-09-4.53276e-09
 6.95112e-10 9.61683e-10-3.77533e-09-2.92901e-09-2.18759e-09-3.54427e-09
-2.95651e-09-2.03995e-09-1.80838e-09-1.30238e-09-8.27677e-10-5.55105e-10
-2.89151e-10-1.17770e-10-1.23403e-10-2.54205e-10-3.84116e-10-3.27453e-10
 2.97786e-11 6.41874e-10 1.32044e-09 1.80224e-09 1.89622e-09 1.59752e-09
 1.10707e-09 7.28236e-10 6.76616e-10 9.52897e-10 1.32436e-09 1.43523e-09
 1.00064e-09-4.52001e-11-1.51998e-09-3.07393e-09-4.30187e-09-4.85591e-09
-4.55683e-09-3.45755e-09-1.81975e-09-1.84980e-11 1.56705e-09 2.65279e-09
 3.13868e-09 3.13894e-09 2.89071e-09 2.58491e-09 2.25974e-09 1.83102e-09
 1.20008e-09 3.43831e-10-6.54397e-10-1.62501e-09-2.36746e-09-2.72411e-09
-2.63325e-09-2.12109e-09-1.25752e-09-1.46081e-10 1.03957e-09 2.04777e-09
 2.62952e-09 2.65733e-09 2.16755e-09 1.29297e-09 1.79860e-10-1.02340e-09
-2.13254e-09-2.92445e-09-3.19356e-09-2.84008e-09-1.93476e-09-7.06708e-10
 5.47276e-10 1.56349e-09 2.14758e-09 2.15508e-09 1.50123e-09 2.47536e-10
-1.31210e-09-2.69534e-09-3.41988e-09-3.19698e-09-1.99923e-09-1.27440e-11
 2.43776e-09 4.93938e-09 7.02772e-09 8.25120e-09 8.28419e-09 7.04992e-09
 4.78493e-09 2.00504e-09-6.33746e-10-2.54496e-09-3.39165e-09-3.13682e-09
-1.98097e-09-2.87143e-10 1.46847e-09 2.77259e-09 3.20704e-09 2.58801e-09
 1.03858e-09-1.04517e-09-3.11910e-09-4.65895e-09-5.32625e-09-5.08233e-09
-4.18681e-09-3.06956e-09-2.15987e-09-1.76571e-09-2.01158e-09-2.80890e-09
-3.87416e-09-4.80689e-09-5.19069e-09-4.69840e-09-3.21698e-09-9.53632e-10
 1.57268e-09 3.69231e-09 4.82827e-09 4.71169e-09 3.48267e-09 1.62486e-09
-2.43420e-10-1.60494e-09-2.18508e-09-1.97135e-09-1.16028e-09-8.34602e-11
 8.75926e-10 1.38726e-09 1.28273e-09 6.28615e-10-2.73148e-10-9.60919e-10
-9.70753e-10-4.14307e-11 1.73024e-09 3.87798e-09 5.71789e-09 6.60646e-09
 6.19791e-09 4.58591e-09 2.26331e-09-7.69081e-11-1.80526e-09-2.58014e-09
-2.46355e-09-1.88753e-09-1.46556e-09-1.71603e-09-2.82387e-09-4.54311e-09
-6.27608e-09-7.31300e-09-7.14883e-09-5.71953e-09-3.42169e-09-9.21090e-10
 1.11874e-09 2.25978e-09 2.40947e-09 1.81901e-09 9.52287e-10 2.73014e-10
 5.63614e-11 3.07108e-10 7.89463e-10 1.13967e-09 1.03499e-09 3.72272e-10
-6.30058e-10-1.48819e-09-1.66344e-09-8.15140e-10 1.03970e-09 3.52218e-09
 6.02247e-09 7.90976e-09 8.74925e-09 8.43967e-09 7.20367e-09 5.44473e-09
 3.56958e-09 1.87093e-09 4.86962e-10-5.90149e-10-1.45799e-09-2.18962e-09
-2.70793e-09-2.75753e-09-2.04593e-09-4.86517e-10 1.63619e-09 3.71484e-09
 5.05263e-09 5.13380e-09 3.80149e-09 1.29984e-09-1.80559e-09-4.79698e-09
-7.01978e-09-8.08119e-09-7.95106e-09-6.91047e-09-5.37660e-09-3.70549e-09
-2.07826e-09-5.25830e-10 9.37591e-10 2.18647e-09 2.97479e-09 3.05678e-09
 2.34793e-09 1.01981e-09-5.24366e-10-1.78062e-09-2.33412e-09-2.04241e-09
-1.12336e-09-7.33784e-11 5.67434e-10 4.78538e-10-2.96349e-10-1.38488e-09
-2.26074e-09-2.47097e-09-1.82267e-09-4.47476e-10 1.28150e-09 2.92367e-09
 4.13261e-09 4.72613e-09 4.65962e-09 3.95993e-09 2.68240e-09 9.21600e-10
-1.13530e-09-3.16142e-09-4.71480e-09-5.36383e-09-4.86540e-09-3.30101e-09
-1.09903e-09 1.08312e-09 2.59786e-09 3.07748e-09 2.58763e-09 1.56533e-09
 5.85865e-10 1.00324e-10 2.61982e-10 8.91657e-10 1.58790e-09 1.93453e-09
 1.69467e-09 8.82045e-10-3.07801e-10-1.62624e-09-2.85989e-09-3.83625e-09
-4.38225e-09-4.30884e-09-3.46647e-09-1.85323e-09 2.94564e-10 2.50976e-09
 4.23267e-09 5.03083e-09 4.79241e-09 3.78202e-09 2.50279e-09 1.42068e-09
 7.16684e-10 2.27720e-10-3.94458e-10-1.41748e-09-2.81803e-09-4.24636e-09
-5.18050e-09-5.17643e-09-4.07413e-09-2.05845e-09 4.38129e-10 2.91552e-09
 4.95578e-09 6.27106e-09 6.67395e-09 6.06165e-09 4.47288e-09 2.17390e-09
-3.33301e-10-2.44590e-09-3.69644e-09-3.96351e-09-3.52308e-09-2.89072e-09
-2.53132e-09-2.59795e-09-2.85283e-09-2.82694e-09-2.13210e-09-7.28345e-10
 1.03426e-09 2.61926e-09 3.59594e-09 3.82388e-09 3.44203e-09 2.71358e-09
 1.84965e-09 9.18250e-10-1.30253e-10-1.36778e-09-2.79906e-09-4.33020e-09
-5.79657e-09-7.00477e-09-7.73642e-09-7.72040e-09-6.65451e-09-4.34283e-09
-8.92105e-10 3.18699e-09 7.08305e-09 9.96057e-09 1.12691e-08 1.09272e-08
 9.29689e-09 6.97998e-09 4.55747e-09 2.40338e-09 6.42940e-10-7.62395e-10
-1.89266e-09-2.80678e-09-3.55389e-09-4.17283e-09-4.59504e-09-4.46852e-09
-3.00755e-09-9.07422e-10
     0.0000e+00     0.0000e+00      0  0  0.00
     512   1.00000  0.0000e+00
 5.68251e-10 2.33399e-10-7.00082e-11-2.22987e-10-1.34554e-10 2.18783e-10
 7.78202e-10 1.42684e-09 2.03929e-09 2.51888e-09 2.80446e-09 2.86365e-09
 2.69185e-09 2.31123e-09 1.75681e-09 1.05819e-09 2.35505e-10-6.90688e-10
-1.69090e-09-2.72483e-09-3.73998e-09-4.67056e-09-5.44317e-09-5.98879e-09
-6.25695e-09-6.23520e-09-5.97505e-09-5.60406e-09-5.30129e-09-5.24566e-09
-5.57070e-09-6.33992e-09-7.53005e-09-9.02111e-09-1.06149e-08-1.20846e-08
-1.32178e-08-1.38242e-08-1.37241e-08-1.27529e-08-1.07830e-08-7.73754e-09
-3.59392e-09 1.60516e-09 7.73222e-09 1.45638e-08 2.17825e-08 2.89848e-08
 3.56972e-08 4.14187e-08 4.56862e-08 4.81393e-08 4.85705e-08 4.69608e-08
 4.34782e-08 3.84078e-08 3.20332e-08 2.45581e-08 1.61339e-08 6.95714e-09
-2.63875e-09-1.21369e-08-2.08578e-08-2.80752e-08-3.32083e-08-3.59897e-08
-3.65050e-08-3.51095e-08-3.23083e-08-2.86644e-08-2.47328e-08-2.10012e-08
-1.78517e-08-1.55508e-08-1.42319e-08-1.38598e-08-1.42267e-08-1.50269e-08
-1.60116e-08-1.71982e-08-1.91097e-08-2.29581e-08-3.06083e-08-4.41610e-08
-6.50796e-08-9.29178e-08-1.23879e-07-1.49713e-07-1.57705e-07-1.32561e-07
-6.08017e-08 6.22810e-08 2.24318e-07 3.91890e-07 5.17502e-07 5.54727e-07
 4.75398e-07 2.84479e-07 2.33381e-08-2.40647e-07-4.32001e-07-4.93538e-07
-4.17008e-07-2.55736e-07-1.00728e-07-2.90792e-08-5.50866e-08-1.19869e-07
-1.36874e-07-6.26083e-08 6.91273e-08 1.79771e-07 2.10369e-07 1.53941e-07
 3.66450e-08-1.05661e-07-2.21148e-07-2.49933e-07-1.75984e-07-4.29484e-08
 1.11351e-07 2.97507e-07 5.28411e-07 7.67067e-07 9.33741e-07 9.41579e-07
 7.30474e-07 3.00131e-07-2.73343e-07-8.53914e-07-1.28314e-06-1.42892e-06
-1.24202e-06-7.90851e-07-2.38703e-07 2.29289e-07 4.86987e-07 5.17336e-07
 4.02781e-07 2.57845e-07 1.57675e-07 1.15129e-07 1.06997e-07 1.09452e-07
 1.06486e-07 8.44590e-08 4.40154e-08 1.01626e-08 4.59626e-09 1.25759e-08
 5.38021e-09-1.38701e-08-2.24107e-08-2.07415e-08-2.28302e-08-2.43491e-08
-1.86139e-08-1.50192e-08-1.60661e-08-1.28086e-08-8.31141e-09-8.91255e-09
-8.45638e-09-5.21200e-09-4.74813e-09-4.42136e-09-1.96934e-09-1.24314e-09
-9.11074e-10 5.74820e-10 6.34441e-10 5.82472e-10 1.23804e-09 8.17444e-10
 7.25915e-10 1.02821e-09 5.56689e-10 6.28655e-10 7.39651e-10 4.31208e-10
 7.20794e-10 8.31685e-10 8.89675e-10 1.28745e-09 1.31154e-09 1.43328e-09
 1.52782e-09 1.32651e-09 1.23328e-09 8.98416e-10 4.90818e-10 1.10460e-10
-4.13678e-10-8.28268e-10-1.26674e-09-1.65485e-09-1.91748e-09-2.09847e-09
-2.06129e-09-1.87904e-09-1.55611e-09-1.16040e-09-8.12062e-10-5.79563e-10
-5.47586e-10-6.84438e-10-9.51119e-10-1.28711e-09-1.61469e-09-1.86896e-09
-2.00053e-09-1.99420e-09-1.82032e-09-1.44411e-09-8.55664e-10-8.20476e-11
 8.25162e-10 1.79709e-09 2.75018e-09 3.59990e-09 4.27144e-09 4.71248e-09
 4.89610e-09 4.81222e-09 4.46739e-09 3.89916e-09 3.18033e-09 2.39722e-09
 1.62568e-09 9.22899e-10 3.23492e-10-1.63468e-10-5.50456e-10-8.64163e-10
-1.13785e-09-1.40001e-09-1.66272e-09-1.91839e-09-2.14547e-09-2.31404e-09
-2.37733e-09-2.26102e-09-1.89783e-09-1.29278e-09-5.30332e-10 2.79256e-10
 1.03593e-09 1.65169e-09 2.04625e-09 2.14656e-09 1.90383e-09 1.34547e-09
 6.21557e-10-4.51258e-11-4.90725e-10-6.76527e-10-6.32950e-10-3.83992e-10
 5.53619e-11 6.13235e-10 1.10843e-09 1.30027e-09 1.01985e-09 2.67140e-10
-8.02369e-10-1.99354e-09-3.19417e-09-4.36862e-09-5.44096e-09-6.25264e-09
-6.66411e-09-6.67611e-09-6.44137e-09-6.14618e-09-5.87017e-09-5.56108e-09
-5.11763e-09-4.48863e-09-3.71945e-09-2.89159e-09-2.02740e-09-1.10892e-09
-1.72017e-10 6.55812e-10 1.20305e-09 1.36665e-09 1.19733e-09 8.62069e-10
 5.53580e-10 4.31808e-10 5.90006e-10 1.06544e-09 1.87548e-09 2.99711e-09
 4.32378e-09 5.69207e-09 6.94890e-09 7.99403e-09 8.79870e-09 9.39503e-09
 9.82565e-09 1.01036e-08 1.02180e-08 1.01535e-08 9.89338e-09 9.41230e-09
 8.69281e-09 7.75816e-09 6.67466e-09 5.53390e-09 4.44898e-09 3.52462e-09
 2.80493e-09 2.27157e-09 1.86689e-09 1.48643e-09 9.97444e-10 3.08467e-10
-5.95195e-10-1.67511e-09-2.87455e-09-4.15208e-09-5.49824e-09-6.91251e-09
-8.37556e-09-9.84894e-09-1.12859e-08-1.26261e-08-1.37559e-08-1.44765e-08
-1.45632e-08-1.38900e-08-1.25123e-08-1.06491e-08-8.58019e-09-6.52905e-09
-4.63280e-09-2.99155e-09-1.70266e-09-8.26883e-10-3.10456e-10 3.89949e-11
 4.52864e-10 1.06452e-09 1.86106e-09 2.73997e-09 3.60446e-09 4.39535e-09
 5.01922e-09 5.27709e-09 4.90471e-09 3.71251e-09 1.72509e-09-7.90598e-10
-3.41157e-09-5.65715e-09-7.05116e-09-7.16945e-09-5.70542e-09-2.59822e-09
 1.83028e-09 6.88001e-09 1.16468e-08 1.52649e-08 1.71262e-08 1.69956e-08
 1.50023e-08 1.15834e-08 7.41058e-09 3.27098e-09-9.65631e-11-2.17787e-09
-2.81538e-09-2.22264e-09-8.83556e-10 5.99689e-10 1.67082e-09 1.95286e-09
 1.31599e-09-9.77183e-11-1.89839e-09-3.55949e-09-4.57982e-09-4.64131e-09
-3.73649e-09-2.19160e-09-5.42234e-10 6.54879e-10 9.96060e-10 3.67024e-10
-1.01744e-09-2.69813e-09-4.12547e-09-4.83839e-09-4.62564e-09-3.59547e-09
-2.12771e-09-7.38110e-10 1.09996e-10 1.79035e-10-4.62538e-10-1.47256e-09
-2.35816e-09-2.64909e-09-2.05870e-09-5.79734e-10 1.51246e-09 3.75213e-09
 5.62590e-09 6.71233e-09 6.79995e-09 5.95157e-09 4.46669e-09 2.75714e-09
 1.19812e-09 5.00372e-12-8.19072e-10-1.44360e-09-2.10683e-09-2.98655e-09
-4.08956e-09-5.22173e-09-6.05650e-09-6.25742e-09-5.61570e-09-4.16106e-09
-2.17477e-09-8.20122e-11 1.70955e-09 2.94176e-09 3.56181e-09 3.69290e-09
 3.54501e-09 3.30246e-09 3.02929e-09 2.64839e-09 2.01885e-09 1.05606e-09
-1.86241e-10-1.50468e-09-2.60289e-09-3.19954e-09-3.14188e-09-2.46668e-09
-1.38433e-09-2.03985e-10 7.64571e-10 1.30263e-09 1.34540e-09 9.84397e-10
 3.91652e-10-2.89438e-10-1.00566e-09-1.77841e-09-2.64618e-09-3.60321e-09
-4.54858e-09-5.26139e-09-5.43663e-09-4.80006e-09-3.25084e-09-9.39849e-10
 1.75940e-09 4.36505e-09 6.44371e-09 7.74819e-09 8.26209e-09 8.12853e-09
 7.52400e-09 6.56256e-09 5.26701e-09 3.59618e-09 1.52206e-09-8.56767e-10
-3.24371e-09-5.20619e-09-6.35448e-09-6.51028e-09-5.75852e-09-4.38509e-09
-2.76431e-09-1.23625e-09 3.20149e-12 9.49967e-10 1.74123e-09 2.54190e-09
 3.44299e-09 4.41476e-09 5.31803e-09 5.96915e-09 6.23014e-09 6.05010e-09
 5.41405e-09 4.26503e-09 2.50340e-09 7.02081e-11-2.96744e-09-6.37480e-09
-9.72603e-09-1.24104e-08-1.37497e-08-1.32373e-08-1.07649e-08-6.69610e-09
-1.77631e-09 3.03962e-09 6.78899e-09 8.72297e-09 8.51695e-09 6.41498e-09
 3.28155e-09 8.01976e-10
     0.0000e+00     0.0000e+00      0  0  0.00
     512   1.00000  0.0000e+00
 1.26974e-09 1.75945e-09 2.10924e-09 2.18946e-09 1.92343e-09 1.30249e-09
 3.76217e-10-7.65952e-10-2.01098e-09-3.22830e-09-4.26545e-09-4.94986e-09
-5.11813e-09-4.67187e-09-3.63001e-09-2.13878e-09-4.26036e-10 1.27364e-09
 2.78156e-09 4.00181e-09 4.90847e-09 5.50087e-09 5.75649e-09 5.62138e-09
 5.04619e-09 4.03555e-09 2.67798e-09 1.14666e-09-3.28328e-10-1.50961e-09
-2.19840e-09-2.25001e-09-1.56784e-09-1.10869e-10 2.07138e-09 4.80105e-09
 7.76682e-09 1.05649e-08 1.27717e-08 1.40204e-08 1.40551e-08 1.27394e-08
 1.00137e-08 5.83592e-09 1.70732e-10-6.94049e-09-1.52623e-08-2.42572e-08
-3.30255e-08-4.03272e-08-4.47174e-08-4.48095e-08-3.96594e-08-2.92468e-08
-1.49203e-08 5.52872e-10 1.36585e-08 2.13607e-08 2.22648e-08 1.71770e-08
 8.87049e-09 1.14650e-09-2.50621e-09-1.75486e-10 7.78673e-09 1.89595e-08
 2.98734e-08 3.74066e-08 3.98749e-08 3.73104e-08 3.09942e-08 2.27069e-08
 1.40834e-08 6.21090e-09-4.85128e-10-6.07959e-09-1.08047e-08-1.46840e-08
-1.73078e-08-1.78585e-08-1.53937e-08-9.30100e-09 2.11779e-10 1.17363e-08
 2.25247e-08 2.86856e-08 2.57724e-08 9.80133e-09-2.12655e-08-6.55884e-08
-1.15370e-07-1.55370e-07-1.63581e-07-1.19508e-07-2.32715e-08 9.35752e-08
 1.87495e-07 2.30106e-07 2.11665e-07 1.36026e-07 2.42946e-08-8.65401e-08
-1.55845e-07-1.55016e-07-8.58803e-08 9.03103e-09 6.72175e-08 5.20439e-08
-1.74097e-08-8.26447e-08-9.52529e-08-5.39284e-08 4.90550e-09 4.53652e-08
 5.35454e-08 3.02781e-08-1.31749e-08-4.07968e-08 3.38252e-09 1.39461e-07
 3.07869e-07 4.20005e-07 4.30771e-07 3.25305e-07 9.29367e-08-2.41545e-07
-6.03278e-07-8.89494e-07-9.87886e-07-8.13996e-07-3.70402e-07 2.28277e-07
 7.84353e-07 1.08338e-06 9.89602e-07 5.34068e-07-7.21811e-08-5.28936e-07
-6.10380e-07-3.18538e-07 9.41381e-08 2.99781e-07 1.67397e-07-1.14495e-07
-2.32998e-07-9.52698e-08 8.50178e-08 8.97747e-08-2.39373e-08-6.35120e-08
-6.27882e-09 2.37818e-08-2.12536e-10-4.57356e-09 1.30574e-08 6.95169e-09
-3.64068e-09 6.83712e-09 1.02527e-08 1.04901e-09 3.91884e-09 8.07584e-09
 1.21901e-09 3.72129e-10 3.14346e-09-1.73300e-09-3.11063e-09-1.08099e-09
-4.19483e-09-4.53015e-09-2.46071e-09-3.91312e-09-2.83238e-09-8.08590e-10
-1.35904e-09 3.03154e-10 1.65608e-09 1.47276e-09 2.97928e-09 3.20958e-09
 2.75887e-09 3.06839e-09 1.86429e-09 9.29257e-10 1.76865e-10-1.25398e-09
-1.78223e-09-2.47827e-09-3.00321e-09-2.84261e-09-2.79009e-09-2.10898e-09
-1.28050e-09-4.00459e-10 7.29200e-10 1.53391e-09 2.24075e-09 2.63348e-09
 2.73540e-09 2.64152e-09 2.17103e-09 1.49199e-09 5.89789e-10-3.99570e-10
-1.35716e-09-2.17457e-09-2.67764e-09-2.84355e-09-2.67954e-09-2.25990e-09
-1.62313e-09-7.98110e-10 1.39036e-10 1.08601e-09 1.93020e-09 2.57644e-09
 2.92020e-09 2.88052e-09 2.47132e-09 1.79546e-09 9.40097e-10-5.35854e-11
-1.10612e-09-2.08291e-09-2.86790e-09-3.37798e-09-3.53380e-09-3.31447e-09
-2.80229e-09-2.10041e-09-1.27703e-09-4.17668e-10 3.71022e-10 1.01138e-09
 1.44331e-09 1.61426e-09 1.51554e-09 1.16487e-09 5.77655e-10-1.62293e-10
-8.75615e-10-1.42506e-09-1.79949e-09-2.01237e-09-2.01116e-09-1.69154e-09
-9.45446e-10 2.28939e-10 1.62621e-09 2.96406e-09 4.14603e-09 5.27676e-09
 6.41359e-09 7.41558e-09 8.02912e-09 8.07367e-09 7.61939e-09 6.98460e-09
 6.43043e-09 5.88392e-09 5.08607e-09 3.96998e-09 2.79462e-09 1.90730e-09
 1.41547e-09 1.11501e-09 7.23763e-10 1.75497e-10-3.08394e-10-4.85568e-10
-4.32833e-10-5.31351e-10-1.11709e-09-2.19635e-09-3.47759e-09-4.68020e-09
-5.80621e-09-7.04643e-09-8.45678e-09-9.81165e-09-1.07520e-08-1.10565e-08
-1.07970e-08-1.02169e-08-9.46565e-09-8.48444e-09-7.13923e-09-5.44345e-09
-3.63568e-09-2.01960e-09-7.55327e-10 1.84662e-10 9.13170e-10 1.47956e-09
 1.79826e-09 1.77082e-09 1.45279e-09 1.04158e-09 7.62015e-10 7.67950e-10
 1.06099e-09 1.53360e-09 2.13168e-09 2.89362e-09 3.83563e-09 4.87840e-09
 5.84704e-09 6.51816e-09 6.74708e-09 6.54727e-09 5.98985e-09 5.07554e-09
 3.75640e-09 2.04204e-09 5.92272e-11-1.97257e-09-3.83274e-09-5.40286e-09
-6.67052e-09-7.59705e-09-8.03865e-09-7.87809e-09-7.17905e-09-6.14959e-09
-5.01410e-09-3.92508e-09-2.92800e-09-2.04218e-09-1.40391e-09-1.21796e-09
-1.52119e-09-2.09800e-09-2.65460e-09-3.00863e-09-3.13600e-09-3.08386e-09
-2.79871e-09-2.06371e-09-7.03914e-10 1.16676e-09 3.17723e-09 4.97159e-09
 6.44595e-09 7.73010e-09 8.94402e-09 1.00174e-08 1.07716e-08 1.11606e-08
 1.14117e-08 1.18515e-08 1.25410e-08 1.31635e-08 1.32837e-08 1.26448e-08
 1.12596e-08 9.28730e-09 6.83090e-09 3.91993e-09 7.19992e-10-2.32662e-09
-4.61581e-09-5.66044e-09-5.32993e-09-3.87281e-09-1.75157e-09 5.18677e-10
 2.43802e-09 3.52279e-09 3.32132e-09 1.56235e-09-1.62597e-09-5.66396e-09
-9.69976e-09-1.28883e-08-1.46461e-08-1.47684e-08-1.33829e-08-1.08656e-08
-7.77402e-09-4.73552e-09-2.29585e-09-7.79633e-10-1.93730e-10-2.37822e-10
-4.48931e-10-4.07245e-10 8.43533e-11 9.28400e-10 1.81025e-09 2.34645e-09
 2.21599e-09 1.27540e-09-3.60457e-10-2.31568e-09-4.02703e-09-4.89615e-09
-4.49805e-09-2.74667e-09 4.84979e-11 3.24453e-09 6.06269e-09 7.85084e-09
 8.26634e-09 7.33865e-09 5.43734e-09 3.13563e-09 1.00838e-09-5.48372e-10
-1.42916e-09-1.82181e-09-2.07870e-09-2.52308e-09-3.28338e-09-4.20703e-09
-4.89786e-09-4.88348e-09-3.83377e-09-1.72822e-09 1.09044e-09 3.99731e-09
 6.27664e-09 7.35668e-09 7.00215e-09 5.38333e-09 2.99639e-09 4.78633e-10
-1.61466e-09-2.99102e-09-3.67668e-09-3.93297e-09-4.08456e-09-4.32398e-09
-4.58483e-09-4.56897e-09-3.90570e-09-2.34829e-09 6.49141e-11 2.94887e-09
 5.65988e-09 7.50927e-09 8.01445e-09 7.07695e-09 5.00220e-09 2.36480e-09
-2.10865e-10-2.28055e-09-3.71953e-09-4.68126e-09-5.41421e-09-6.06445e-09
-6.55257e-09-6.57129e-09-5.72320e-09-3.74753e-09-7.22701e-10 2.87216e-09
 6.29206e-09 8.79162e-09 9.88030e-09 9.46648e-09 7.84881e-09 5.55183e-09
 3.07740e-09 7.07788e-10-1.53532e-09-3.77075e-09-6.05993e-09-8.24408e-09
-9.90268e-09-1.04733e-08-9.50376e-09-6.90789e-09-3.06637e-09 1.28481e-09
 5.30166e-09 8.29588e-09 9.91743e-09 1.01894e-08 9.38041e-09 7.78499e-09
 5.54890e-09 2.66304e-09-8.72742e-10-4.84796e-09-8.74487e-09-1.18046e-08
-1.32513e-08-1.26052e-08-9.91870e-09-5.77984e-09-1.08479e-09 3.27491e-09
 6.66854e-09 8.84894e-09 9.90292e-09 1.00520e-08 9.43735e-09 8.05205e-09
 5.85722e-09 2.97059e-09-2.24279e-10-3.13251e-09-5.14364e-09-5.87116e-09
-5.32073e-09-3.89075e-09-2.18022e-09-7.12749e-10 2.33483e-10 6.04718e-10
 4.66639e-10 1.41425e-10
     0.0000e+00     0.0000e+00      0  0  0.00
     512   1.00000  0.0000e+00
-2.21418e-09-2.08847e-09-1.90201e-09-1.74342e-09-1.71029e-09-1.87717e-09
-2.26338e-09-2.82725e-09-3.48608e-09-4.12688e-09-4.59976e-09-4.73492e-09
-4.40594e-09-3.59057e-09-2.36730e-09-8.56416e-10 8.33398e-10 2.62026e-09
 4.43729e-09 6.21261e-09 7.85444e-09 9.25671e-09 1.03292e-08 1.10314e-08
 1.13872e-08 1.14825e-08 1.14536e-08 1.14605e-08 1.16398e-08 1.20719e-08
 1.27976e-08 1.38568e-08 1.52773e-08 1.70014e-08 1.88299e-08 2.04476e-08
 2.14943e-08 2.16111e-08 2.04658e-08 1.77909e-08 1.34227e-08 7.30521e-09
-5.26200e-10-9.93177e-09-2.06249e-08-3.21496e-08-4.39064e-08-5.52104e-08
-6.53545e-08-7.36620e-08-7.95256e-08-8.24328e-08-8.20091e-08-7.81032e-08
-7.08734e-08-6.07706e-08-4.83809e-08-3.42422e-08-1.87813e-08-2.38430e-09
 1.44743e-08 3.10993e-08 4.65142e-08 5.95844e-08 6.93254e-08 7.52041e-08
 7.72321e-08 7.58357e-08 7.16561e-08 6.54211e-08 5.79022e-08 4.98964e-08
 4.21896e-08 3.54710e-08 3.01729e-08 2.62844e-08 2.32992e-08 2.04141e-08
 1.69207e-08 1.26491e-08 8.37008e-09 6.05714e-09 8.83158e-09 2.03998e-08
 4.38531e-08 7.97952e-08 1.24012e-07 1.65367e-07 1.85088e-07 1.58761e-07
 6.22078e-08-1.18320e-07-3.72586e-07-6.54151e-07-8.80389e-07-9.57138e-07
-8.23144e-07-4.82681e-07-5.09942e-09 4.92335e-07 8.68482e-07 1.00562e-06
 8.72823e-07 5.57883e-07 2.30522e-07 4.96718e-08 6.66358e-08 1.91756e-07
 2.66864e-07 1.97227e-07 2.70979e-08-1.11407e-07-1.21036e-07-7.53754e-09
 1.57293e-07 2.90893e-07 2.98491e-07 9.88130e-08-2.74047e-07-6.64076e-07
-9.41658e-07-1.08761e-06-1.13036e-06-1.07716e-06-9.07494e-07-6.03767e-07
-1.87217e-07 2.72549e-07 6.83016e-07 9.69963e-07 1.10264e-06 1.09278e-06
 9.83406e-07 8.28431e-07 6.53301e-07 4.31229e-07 1.21369e-07-2.60001e-07
-6.01498e-07-7.35520e-07-5.66624e-07-2.00812e-07 8.62685e-08 8.16605e-08
-1.36824e-07-2.72382e-07-1.62868e-07 2.75024e-08 6.50006e-08-2.33729e-08
-5.12338e-08 6.69083e-09 3.18505e-08 9.45891e-09 1.23841e-08 2.85710e-08
 1.50422e-08 3.66102e-09 1.35154e-08 1.06451e-08-1.43056e-10 4.77833e-09
 6.18478e-09-1.33451e-09 1.15449e-09 3.17474e-09-1.99033e-09-2.42824e-10
 1.59782e-09-1.61519e-09 5.40693e-10 2.30931e-09 8.22949e-10 3.37675e-09
 4.35708e-09 3.42219e-09 5.18809e-09 4.68876e-09 3.85148e-09 4.57280e-09
 3.09714e-09 2.30336e-09 1.69402e-09-3.12881e-10-1.13358e-09-2.48004e-09
-3.85835e-09-4.18834e-09-4.89407e-09-4.68674e-09-4.16114e-09-3.68875e-09
-2.61538e-09-1.78406e-09-6.34345e-10 6.32185e-10 1.76674e-09 2.94695e-09
 3.66573e-09 4.10681e-09 4.17124e-09 3.93575e-09 3.60668e-09 3.16476e-09
 2.73804e-09 2.23180e-09 1.67928e-09 1.14601e-09 6.99337e-10 4.25564e-10
 3.34772e-10 4.16189e-10 5.51605e-10 5.91908e-10 4.30992e-10 3.97330e-11
-5.62202e-10-1.33863e-09-2.23184e-09-3.17392e-09-4.09354e-09-4.93258e-09
-5.65458e-09-6.23066e-09-6.60590e-09-6.69241e-09-6.42004e-09-5.77503e-09
-4.77262e-09-3.44508e-09-1.89124e-09-2.79765e-10 1.23359e-09 2.55805e-09
 3.64032e-09 4.42911e-09 4.86287e-09 4.88259e-09 4.49786e-09 3.83928e-09
 3.07287e-09 2.25947e-09 1.36262e-09 3.73271e-10-6.27711e-10-1.49745e-09
-2.11135e-09-2.46903e-09-2.69575e-09-2.88230e-09-2.97777e-09-2.91606e-09
-2.79575e-09-2.83571e-09-3.14856e-09-3.60577e-09-3.93755e-09-3.96181e-09
-3.70362e-09-3.26805e-09-2.62539e-09-1.57440e-09 7.20408e-11 2.25870e-09
 4.65685e-09 6.92066e-09 8.97694e-09 1.09845e-08 1.30028e-08 1.47984e-08
 1.60292e-08 1.65664e-08 1.65770e-08 1.63099e-08 1.58458e-08 1.50615e-08
 1.38051e-08 1.20953e-08 1.01582e-08 8.24542e-09 6.41858e-09 4.57092e-09
 2.65087e-09 7.92774e-10-7.94746e-10-2.04126e-09-3.08396e-09-4.13077e-09
-5.30449e-09-6.61161e-09-7.99427e-09-9.41205e-09-1.08899e-08-1.24524e-08
-1.40393e-08-1.55431e-08-1.68889e-08-1.80405e-08-1.89724e-08-1.96426e-08
-1.99716e-08-1.98950e-08-1.94520e-08-1.87783e-08-1.80115e-08-1.72364e-08
-1.64933e-08-1.57941e-08-1.51097e-08-1.43501e-08-1.33722e-08-1.20199e-08
-1.01954e-08-7.93659e-09-5.41053e-09-2.79409e-09-1.74185e-10 2.43255e-09
 5.00817e-09 7.51208e-09 9.92520e-09 1.22917e-08 1.46879e-08 1.71411e-08
 1.95786e-08 2.18468e-08 2.37952e-08 2.53447e-08 2.64283e-08 2.68720e-08
 2.64308e-08 2.49889e-08 2.27072e-08 1.99758e-08 1.72019e-08 1.45908e-08
 1.21243e-08 9.75982e-09 7.62218e-09 5.95391e-09 4.86145e-09 4.13585e-09
 3.36606e-09 2.24466e-09 7.57473e-10-9.05673e-10-2.57827e-09-4.21364e-09
-5.74700e-09-6.91484e-09-7.30435e-09-6.64398e-09-5.04921e-09-2.98247e-09
-1.00347e-09 4.35758e-10 1.01462e-09 4.52151e-10-1.51949e-09-4.99702e-09
-9.68716e-09-1.48778e-08-1.96583e-08-2.32192e-08-2.50528e-08-2.49896e-08
-2.31291e-08-1.97802e-08-1.54513e-08-1.08137e-08-6.56742e-09-3.23990e-09
-1.04065e-09 1.32836e-10 5.80079e-10 6.72767e-10 7.56293e-10 1.08986e-09
 1.81928e-09 2.94539e-09 4.31577e-09 5.68362e-09 6.78411e-09 7.40273e-09
 7.46024e-09 7.04625e-09 6.34730e-09 5.56000e-09 4.85000e-09 4.31989e-09
 3.99164e-09 3.82282e-09 3.72727e-09 3.60545e-09 3.39442e-09 3.09277e-09
 2.74953e-09 2.44570e-09 2.25645e-09 2.19640e-09 2.19733e-09 2.13379e-09
 1.86757e-09 1.29035e-09 3.61020e-10-8.70338e-10-2.27533e-09-3.69484e-09
-4.97077e-09-5.94565e-09-6.47904e-09-6.48850e-09-5.96487e-09-4.95216e-09
-3.52414e-09-1.77572e-09 1.68395e-10 2.14916e-09 3.99678e-09 5.55907e-09
 6.70983e-09 7.35833e-09 7.45918e-09 6.99580e-09 5.96976e-09 4.43459e-09
 2.52191e-09 4.08533e-10-1.72822e-09-3.71205e-09-5.35097e-09-6.45627e-09
-6.90063e-09-6.65801e-09-5.78796e-09-4.40764e-09-2.69275e-09-8.73142e-10
 8.08338e-10 2.14691e-09 3.01264e-09 3.37015e-09 3.26623e-09 2.78256e-09
 1.99278e-09 9.63902e-10-2.03003e-10-1.34086e-09-2.23656e-09-2.68638e-09
-2.53226e-09-1.68240e-09-1.67405e-10 1.79198e-09 3.80680e-09 5.45797e-09
 6.44771e-09 6.65539e-09 6.09947e-09 4.88123e-09 3.14530e-09 1.04279e-09
-1.28873e-09-3.70497e-09-6.02017e-09-7.99236e-09-9.33342e-09-9.75591e-09
-9.07226e-09-7.31129e-09-4.75431e-09-1.82216e-09 1.10396e-09 3.76313e-09
 5.97629e-09 7.61565e-09 8.63054e-09 9.04157e-09 8.85803e-09 8.01853e-09
 6.45400e-09 4.20962e-09 1.49184e-09-1.38657e-09-4.10369e-09-6.41784e-09
-8.21432e-09-9.48159e-09-1.02351e-08-1.04590e-08-1.01048e-08-9.10309e-09
-7.35014e-09-4.74167e-09-1.31283e-09 2.62023e-09 6.50281e-09 9.77072e-09
 1.20379e-08 1.30932e-08 1.28318e-08 1.12757e-08 8.61840e-09 5.18537e-09
 1.36470e-09-2.38745e-09-5.51077e-09-7.41075e-09-7.65478e-09-6.18064e-09
-3.40106e-09-8.83573e-10
     0.0000e+00     0.0000e+00      0  0  0.00
     512   1.00000  0.0000e+00
-8.03316e-10-9.26129e-10-8.93392e-10-6.25551e-10-8.76030e-11 6.93212e-10
 1.63974e-09 2.65522e-09 3.64580e-09 4.52407e-09 5.20644e-09 5.61679e-09
 5.69132e-09 5.37614e-09 4.62602e-09 3.41991e-09 1.78982e-09-1.60901e-10
-2.26612e-09-4.32517e-09-6.13345e-09-7.50895e-09-8.32017e-09-8.51822e-09
-8.16130e-09-7.41248e-09-6.50198e-09-5.66884e-09-5.11253e-09-4.97471e-09
-5.34035e-09-6.23666e-09-7.62763e-09-9.41866e-09-1.14717e-08-1.36101e-08
-1.56057e-08-1.71733e-08-1.79969e-08-1.77744e-08-1.62466e-08-1.32090e-08
-8.53448e-09-2.22801e-09 5.51868e-09 1.43161e-08 2.36219e-08 3.28142e-08
 4.12573e-08 4.83499e-08 5.35624e-08 5.64717e-08 5.67865e-08 5.43580e-08
 4.91811e-08 4.14080e-08 3.13740e-08 1.96057e-08 6.78310e-09-6.32621e-09
-1.89224e-08-3.02116e-08-3.94635e-08-4.61001e-08-4.97684e-08-5.03488e-08
-4.79131e-08-4.26856e-08-3.50295e-08-2.54334e-08-1.44837e-08-2.83848e-09
 8.78883e-09 1.96510e-08 2.90137e-08 3.62211e-08 4.07647e-08 4.23652e-08
 4.10748e-08 3.73764e-08 3.22152e-08 2.68921e-08 2.27806e-08 2.08756e-08
 2.12319e-08 2.24138e-08 2.11327e-08 1.23357e-08-9.94919e-09-5.07576e-08
-1.11346e-07-1.85742e-07-2.58095e-07-3.05105e-07-3.04893e-07-2.46134e-07
-1.34884e-07 3.16990e-09 1.30574e-07 2.10075e-07 2.16133e-07 1.48746e-07
 4.00085e-08-5.79524e-08-9.99469e-08-7.35351e-08-4.85394e-09 6.24528e-08
 1.00475e-07 1.14526e-07 1.29198e-07 1.57986e-07 1.89290e-07 2.03021e-07
 1.96844e-07 1.95317e-07 2.37305e-07 3.45465e-07 4.92032e-07 6.03890e-07
 6.17204e-07 5.11442e-07 2.84799e-07-6.46479e-08-5.12434e-07-9.86183e-07
-1.38258e-06-1.59627e-06-1.54680e-06-1.21127e-06-6.46183e-07 1.94676e-08
 6.18903e-07 1.00451e-06 1.10324e-06 9.43157e-07 6.37186e-07 3.24154e-07
 1.03169e-07 1.06832e-09-1.65601e-08-2.35975e-09 7.65081e-09-2.84437e-09
-3.62303e-08-7.66215e-08-9.31515e-08-7.25015e-08-4.30401e-08-3.87537e-08
-4.97071e-08-4.40981e-08-2.43877e-08-1.47477e-08-1.27918e-08-4.16240e-09
 3.42850e-09 2.36323e-09 2.90495e-09 6.33073e-09 4.31288e-09 1.77793e-09
 3.05280e-09 1.78754e-09-3.44134e-10 8.01629e-10 4.25090e-10-1.05829e-09
-2.84635e-10-7.99374e-10-2.08573e-09-1.66848e-09-2.40515e-09-3.41806e-09
-3.24277e-09-4.10814e-09-4.64277e-09-4.34545e-09-4.74116e-09-4.37437e-09
-3.69353e-09-3.35175e-09-2.16591e-09-1.06803e-09 4.00159e-11 1.52305e-09
 2.49670e-09 3.48200e-09 4.18605e-09 4.33629e-09 4.35683e-09 3.85453e-09
 3.17209e-09 2.40924e-09 1.50880e-09 7.80365e-10 7.47012e-11-4.44242e-10
-7.59105e-10-8.99811e-10-7.68016e-10-4.67576e-10 4.04662e-12 5.31286e-10
 1.01055e-09 1.36151e-09 1.49816e-09 1.42805e-09 1.14828e-09 6.80456e-10
 3.85657e-11-7.40491e-10-1.58454e-09-2.40075e-09-3.06633e-09-3.47517e-09
-3.58009e-09-3.38597e-09-2.89896e-09-2.12203e-09-1.09637e-09 7.96577e-11
 1.28219e-09 2.40218e-09 3.35575e-09 4.07727e-09 4.50616e-09 4.59532e-09
 4.34510e-09 3.80859e-09 3.06612e-09 2.20914e-09 1.32991e-09 5.10091e-10
-1.86593e-10-7.17997e-10-1.06080e-09-1.20889e-09-1.17715e-09-1.00351e-09
-7.45725e-10-4.73753e-10-2.67583e-10-2.11303e-10-3.66660e-10-7.54989e-10
-1.36224e-09-2.14323e-09-3.03040e-09-3.95097e-09-4.82534e-09-5.55386e-09
-6.02943e-09-6.18012e-09-6.00599e-09-5.56298e-09-4.90336e-09-4.04340e-09
-2.99771e-09-1.84512e-09-7.34766e-10 2.07838e-10 9.49644e-10 1.50394e-09
 1.86250e-09 1.97855e-09 1.80681e-09 1.37456e-09 7.87886e-10 1.71743e-10
-3.76846e-10-8.13286e-10-1.11854e-09-1.23116e-09-1.05887e-09-5.64884e-10
 1.95984e-10 1.11482e-09 2.09304e-09 3.07493e-09 4.00847e-09 4.80950e-09
 5.39218e-09 5.70657e-09 5.75773e-09 5.61100e-09 5.34948e-09 5.02798e-09
 4.68531e-09 4.37021e-09 4.13852e-09 4.03558e-09 4.07032e-09 4.20510e-09
 4.38661e-09 4.56532e-09 4.67368e-09 4.61980e-09 4.30787e-09 3.66145e-09
 2.65165e-09 1.30478e-09-3.22177e-10-2.15277e-09-4.07752e-09-5.95870e-09
-7.65296e-09-9.02044e-09-9.94010e-09-1.03309e-08-1.01429e-08-9.35163e-09
-7.98588e-09-6.14225e-09-3.95777e-09-1.57384e-09 8.67165e-10 3.21003e-09
 5.30090e-09 7.01575e-09 8.28006e-09 9.07681e-09 9.42210e-09 9.31928e-09
 8.76245e-09 7.79641e-09 6.54966e-09 5.19579e-09 3.88140e-09 2.68401e-09
 1.63381e-09 7.69540e-10 1.59830e-10-1.46132e-10-1.91569e-10-1.18292e-10
-9.98235e-11-2.80564e-10-7.68903e-10-1.67122e-09-3.09177e-09-5.04669e-09
-7.38401e-09-9.79899e-09-1.19105e-08-1.33611e-08-1.38928e-08-1.33456e-08
-1.16532e-08-8.90790e-09-5.43687e-09-1.80616e-09 1.29455e-09 3.24630e-09
 3.64083e-09 2.32762e-09-5.55703e-10-4.56882e-09-9.00075e-09-1.29554e-08
-1.55290e-08-1.60353e-08-1.41609e-08-1.00269e-08-4.17044e-09 2.56395e-09
 9.19050e-09 1.47652e-08 1.85651e-08 2.02270e-08 1.98038e-08 1.77245e-08
 1.46587e-08 1.13245e-08 8.30855e-09 5.94060e-09 4.24908e-09 3.01279e-09
 1.87531e-09 4.84432e-10-1.36117e-09-3.60980e-09-5.95606e-09-7.92703e-09
-9.01534e-09-8.84184e-09-7.29305e-09-4.57370e-09-1.17425e-09 2.24672e-09
 5.04556e-09 6.76052e-09 7.21071e-09 6.52474e-09 5.08488e-09 3.38830e-09
 1.87762e-09 8.02998e-10 1.62875e-10-2.49776e-10-7.18412e-10-1.45331e-09
-2.48237e-09-3.62352e-09-4.54318e-09-4.87398e-09-4.35698e-09-2.96266e-09
-9.38244e-10 1.24961e-09 3.05998e-09 4.04913e-09 3.99694e-09 2.95241e-09
 1.20534e-09-8.04338e-10-2.62590e-09-3.93640e-09-4.62079e-09-4.76703e-09
-4.58057e-09-4.25419e-09-3.85941e-09-3.31321e-09-2.42799e-09-1.01766e-09
 9.84696e-10 3.44249e-09 5.99588e-09 8.13345e-09 9.35666e-09 9.36893e-09
 8.18259e-09 6.09029e-09 3.53594e-09 9.57131e-10-1.33970e-09-3.23214e-09
-4.75255e-09-5.99376e-09-6.99219e-09-7.65196e-09-7.75918e-09-7.08521e-09
-5.52790e-09-3.21326e-09-4.92316e-10 2.16587e-09 4.31498e-09 5.63912e-09
 6.01024e-09 5.50023e-09 4.34395e-09 2.84878e-09 1.28047e-09-2.05441e-10
-1.54259e-09-2.67864e-09-3.51989e-09-3.93114e-09-3.77469e-09-2.96189e-09
-1.50529e-09 4.37482e-10 2.55237e-09 4.41614e-09 5.60497e-09 5.83537e-09
 5.07258e-09 3.53175e-09 1.56168e-09-5.07721e-10-2.45728e-09-4.18315e-09
-5.65180e-09-6.84126e-09-7.67596e-09-7.98009e-09-7.50772e-09-6.06766e-09
-3.66404e-09-5.37282e-10 2.93236e-09 6.38341e-09 9.57839e-09 1.23941e-08
 1.47191e-08 1.63367e-08 1.68800e-08 1.58992e-08 1.30198e-08 8.12644e-09
 1.50602e-09-6.10876e-09-1.36499e-08-1.99692e-08-2.41201e-08-2.55199e-08
-2.39601e-08-1.95731e-08-1.28544e-08-4.70951e-09 3.59070e-09 1.06033e-08
 1.50227e-08 1.60333e-08 1.36259e-08 8.76017e-09 3.23179e-09-8.35533e-10
-1.81498e-09-6.95017e-10
     0.0000e+00     0.0000e+00      0  0  0.00
     512   1.00000  0.0000e+00
 8.27627e-10 1.21412e-09 1.56174e-09 1.79826e-09 1.88222e-09 1.83619e-09
 1.75162e-09 1.74760e-09 1.90281e-09 2.20441e-09 2.54661e-09 2.77534e-09
 2.74858e-09 2.38539e-09 1.68854e-09 7.33661e-10-3.68546e-10-1.51215e-09
-2.61231e-09-3.59625e-09-4.39103e-09-4.92986e-09-5.17979e-09-5.17366e-09
-5.01979e-09-4.86974e-09-4.85368e-09-5.02414e-09-5.34794e-09-5.74910e-09
-6.16764e-09-6.59591e-09-7.07731e-09-7.67013e-09-8.38881e-09-9.15225e-09
-9.77727e-09-1.00274e-08-9.68112e-09-8.57339e-09-6.60072e-09-3.71493e-09
 7.04707e-11 4.66207e-09 9.87130e-09 1.54176e-08 2.09604e-08 2.61557e-08
 3.07078e-08 3.43830e-08 3.69808e-08 3.82929e-08 3.80898e-08 3.61584e-08
 3.23877e-08 2.68626e-08 1.98953e-08 1.19576e-08 3.55703e-09-4.86009e-09
-1.29327e-08-2.03588e-08-2.68617e-08-3.21719e-08-3.60360e-08-3.82568e-08
-3.87545e-08-3.76006e-08-3.49893e-08-3.11777e-08-2.64479e-08-2.10966e-08
-1.54165e-08-9.67024e-09-4.08643e-09 1.10634e-09 5.63820e-09 9.18487e-09
 1.13995e-08 1.19892e-08 1.08222e-08 8.03877e-09 4.14100e-09 5.80316e-11
-2.83012e-09-2.78119e-09 1.99638e-09 1.27167e-08 2.90959e-08 4.83090e-08
 6.42231e-08 6.74269e-08 4.71504e-08-1.09632e-09-6.42177e-08-1.14978e-07
-1.33355e-07-1.16007e-07-6.76990e-08 8.29660e-10 6.92777e-08 1.12283e-07
 1.11343e-07 6.85073e-08 9.72963e-09-3.07118e-08-3.38512e-08-8.67801e-09
 1.68551e-08 2.05521e-08 4.69785e-09-9.80977e-09-6.38702e-09 1.44469e-08
 4.44918e-08 8.02621e-08 1.18691e-07 1.48800e-07 1.58796e-07 1.41774e-07
 8.13028e-08-4.91303e-08-2.50328e-07-4.76542e-07-6.56659e-07-7.16003e-07
-5.92027e-07-2.66402e-07 2.07659e-07 7.07739e-07 1.07018e-06 1.14201e-06
 8.54625e-07 2.82405e-07-3.63449e-07-8.14918e-07-8.75565e-07-5.41995e-07
-3.16815e-08 3.33159e-07 3.40094e-07 5.50488e-08-2.21481e-07-2.27076e-07
-9.23990e-10 1.72596e-07 1.15414e-07-3.75862e-08-6.54185e-08 2.08871e-08
 5.57176e-08 1.29449e-08-2.96337e-09 1.89699e-08 1.24508e-08-7.37238e-09
 1.21991e-09 7.23049e-09-6.67705e-09-6.88610e-09 1.26212e-09-5.33805e-09
-7.34341e-09-8.33105e-11-2.72847e-09-4.42090e-09 1.29388e-09-3.21925e-11
-1.19622e-09 2.87532e-09 1.40220e-09 4.70979e-10 2.81576e-09 7.54568e-10
 1.97035e-10 1.33576e-09-6.15237e-10-2.94589e-10 1.85385e-10-1.17643e-09
-4.18918e-10-6.22916e-10-1.11973e-09-1.67100e-10-4.60818e-10-3.18792e-11
 6.19254e-10 3.84051e-10 8.60920e-10 6.92145e-10 5.21325e-10 6.23448e-10
 1.68492e-10 4.70093e-11-3.21007e-10-6.84304e-10-8.27680e-10-1.05359e-09
-9.16565e-10-7.15101e-10-4.01390e-10-5.03350e-11 2.18774e-10 5.51352e-10
 8.26063e-10 1.07620e-09 1.22796e-09 1.25509e-09 1.14911e-09 8.73112e-10
 4.93118e-10 7.16423e-11-3.31209e-10-7.22194e-10-1.10841e-09-1.45235e-09
-1.70139e-09-1.81716e-09-1.78116e-09-1.59174e-09-1.29515e-09-9.66135e-10
-6.53255e-10-3.66407e-10-1.03061e-10 1.34286e-10 3.15381e-10 3.82389e-10
 3.23686e-10 2.09925e-10 1.14129e-10 6.58458e-11 9.74004e-11 2.42605e-10
 5.00119e-10 8.70769e-10 1.37715e-09 2.00356e-09 2.70579e-09 3.47575e-09
 4.28977e-09 5.04587e-09 5.64347e-09 6.05139e-09 6.27210e-09 6.32762e-09
 6.24789e-09 5.98998e-09 5.45053e-09 4.64166e-09 3.75563e-09 2.97712e-09
 2.31078e-09 1.63133e-09 8.44643e-10-3.12200e-12-7.64326e-10-1.38016e-09
-2.00680e-09-2.88845e-09-4.13825e-09-5.65641e-09-7.21434e-09-8.65223e-09
-1.00074e-08-1.13793e-08-1.26926e-08-1.36805e-08-1.41268e-08-1.40884e-08
-1.38135e-08-1.34655e-08-1.30109e-08-1.23249e-08-1.13416e-08-1.01551e-08
-8.95952e-09-7.85831e-09-6.78787e-09-5.62419e-09-4.33784e-09-3.05617e-09
-1.93042e-09-9.61258e-10-2.49417e-11 9.86673e-10 2.09205e-09 3.23656e-09
 4.38219e-09 5.57304e-09 6.89013e-09 8.36995e-09 9.97553e-09 1.16187e-08
 1.32079e-08 1.46934e-08 1.60733e-08 1.73382e-08 1.84135e-08 1.91963e-08
 1.96514e-08 1.98243e-08 1.97699e-08 1.95256e-08 1.91271e-08 1.85885e-08
 1.79049e-08 1.70899e-08 1.61324e-08 1.49338e-08 1.33708e-08 1.13778e-08
 8.94530e-09 6.13107e-09 3.06334e-09-1.18220e-10-3.25718e-09-6.14033e-09
-8.59918e-09-1.06319e-08-1.23374e-08-1.37877e-08-1.50056e-08-1.59946e-08
-1.67830e-08-1.74639e-08-1.81326e-08-1.87590e-08-1.91943e-08-1.93408e-08
-1.92642e-08-1.91070e-08-1.89205e-08-1.86096e-08-1.80301e-08-1.71388e-08
-1.60444e-08-1.48710e-08-1.35852e-08-1.20506e-08-1.02391e-08-8.32495e-09
-6.58672e-09-5.21614e-09-4.20975e-09-3.45013e-09-2.84568e-09-2.36121e-09
-1.92046e-09-1.27948e-09-5.75731e-11 2.04460e-09 5.07182e-09 8.81120e-09
 1.28887e-08 1.68975e-08 2.04489e-08 2.31187e-08 2.44644e-08 2.41777e-08
 2.22536e-08 1.90546e-08 1.51897e-08 1.13042e-08 7.95938e-09 5.59277e-09
 4.46921e-09 4.60921e-09 5.72261e-09 7.23443e-09 8.46246e-09 8.84109e-09
 8.06614e-09 6.15616e-09 3.43341e-09 4.09723e-10-2.36871e-09-4.45920e-09
-5.63284e-09-5.93631e-09-5.67185e-09-5.29533e-09-5.25293e-09-5.80283e-09
-6.91524e-09-8.28899e-09-9.44407e-09-9.87603e-09-9.23866e-09-7.47453e-09
-4.85663e-09-1.92377e-09 6.81218e-10 2.39456e-09 2.88826e-09 2.18330e-09
 6.50766e-10-1.12621e-09-2.55184e-09-3.20539e-09-2.97128e-09-2.05786e-09
-8.99319e-10 1.77145e-11 3.49257e-10 2.99386e-11-7.11770e-10-1.44803e-09
-1.71360e-09-1.19691e-09 1.09146e-10 1.88064e-09 3.57395e-09 4.62232e-09
 4.64820e-09 3.61064e-09 1.82690e-09-1.42166e-10-1.70212e-09-2.44229e-09
-2.27143e-09-1.43042e-09-3.80696e-10 3.96780e-10 6.08483e-10 2.67265e-10
-3.27278e-10-7.39197e-10-6.08990e-10 1.70820e-10 1.39012e-09 2.59276e-09
 3.25976e-09 3.02595e-09 1.84285e-09 2.13705e-11-1.88061e-09-3.28769e-09
-3.83637e-09-3.49935e-09-2.56987e-09-1.51357e-09-7.44922e-10-4.39455e-10
-4.70640e-10-4.92713e-10-1.32172e-10 7.99185e-10 2.17321e-09 3.56460e-09
 4.42959e-09 4.36712e-09 3.31311e-09 1.56624e-09-3.38667e-10-1.84602e-09
-2.60803e-09-2.62195e-09-2.19584e-09-1.75923e-09-1.62261e-09-1.81168e-09
-2.06187e-09-1.97654e-09-1.26450e-09 7.23638e-11 1.70498e-09 3.11659e-09
 3.83885e-09 3.66014e-09 2.70959e-09 1.38498e-09 1.55824e-10-6.70707e-10
-1.09693e-09-1.39515e-09-1.89329e-09-2.72661e-09-3.71681e-09-4.43567e-09
-4.40324e-09-3.32634e-09-1.27220e-09 1.31639e-09 3.78549e-09 5.52899e-09
 6.20500e-09 5.80943e-09 4.58887e-09 2.85136e-09 7.90573e-10-1.55093e-09
-4.14565e-09-6.78574e-09-8.99145e-09-1.00999e-08-9.49498e-09-6.87908e-09
-2.47402e-09 2.95071e-09 8.27097e-09 1.23585e-08 1.44130e-08 1.41092e-08
 1.15405e-08 7.09504e-09 1.40376e-09-4.58742e-09-9.47859e-09-1.13702e-08
-8.13000e-09-2.48041e-09
     0.0000e+00     0.0000e+00      0  0  0.00
     512   1.00000  0.0000e+00
 1.75440e-09 2.08778e-09 2.23974e-09 2.10564e-09 1.66250e-09 9.86652e-10
 1.99118e-10-6.18142e-10-1.45658e-09-2.33729e-09-3.24061e-09-4.07459e-09
-4.69498e-09-4.95004e-09-4.73272e-09-4.03297e-09-2.96480e-09-1.73276e-09
-5.44924e-10 4.64765e-10 1.24272e-09 1.75687e-09 1.94458e-09 1.73136e-09
 1.10998e-09 2.03251e-10-7.58308e-10-1.53617e-09-1.98170e-09-2.06043e-09
-1.80651e-09-1.26142e-09-4.31726e-10 7.30507e-10 2.31134e-09 4.36080e-09
 6.79167e-09 9.34643e-09 1.16889e-08 1.35478e-08 1.47804e-08 1.53182e-08
 1.50916e-08 1.40376e-08 1.21749e-08 9.64933e-09 6.68030e-09 3.44028e-09
-5.88405e-11-4.01247e-09-8.77215e-09-1.46707e-08-2.17108e-08-2.91957e-08
-3.55612e-08-3.87060e-08-3.68004e-08-2.91384e-08-1.65574e-08-1.27858e-09
 1.36787e-08 2.52794e-08 3.12788e-08 3.08528e-08 2.47906e-08 1.50918e-08
 4.11899e-09-6.25112e-09-1.50512e-08-2.21450e-08-2.78898e-08-3.27712e-08
-3.71010e-08-4.08385e-08-4.35802e-08-4.46959e-08-4.35260e-08-3.95876e-08
-3.27811e-08-2.35783e-08-1.31263e-08-3.17816e-09 4.22893e-09 7.38661e-09
 5.76433e-09 9.37201e-10-2.66943e-09 2.38608e-09 2.56439e-08 7.62987e-08
 1.59102e-07 2.69048e-07 3.86160e-07 4.73908e-07 4.87689e-07 3.96726e-07
 2.06848e-07-3.86013e-08-2.77155e-07-4.42518e-07-4.79853e-07-3.74055e-07
-1.73120e-07 2.57856e-08 1.29887e-07 1.05188e-07-8.55830e-09-1.31865e-07
-2.05586e-07-2.29451e-07-2.43245e-07-2.70251e-07-2.86374e-07-2.51942e-07
-1.70174e-07-1.10780e-07-1.71341e-07-3.80941e-07-6.21196e-07-7.00336e-07
-5.39696e-07-2.20172e-07 1.59449e-07 5.65133e-07 9.64655e-07 1.28437e-06
 1.44857e-06 1.41632e-06 1.19048e-06 8.22689e-07 3.97080e-07-4.13712e-09
-3.27218e-07-5.66791e-07-7.54364e-07-9.10283e-07-1.00437e-06-9.54121e-07
-6.90121e-07-2.58325e-07 1.51481e-07 3.13763e-07 1.66875e-07-8.49913e-08
-1.49332e-07 3.38355e-08 2.22548e-07 1.97282e-07 5.06179e-08 7.03839e-09
 7.25231e-08 8.88426e-08 3.74187e-08 2.09972e-08 3.50415e-08 1.54428e-08
-6.41684e-09 4.56255e-09 5.57038e-09-9.62409e-09-4.49253e-09 2.68529e-09
-5.75518e-09-3.41579e-09 3.69707e-09-1.66652e-09-8.15170e-10 4.62980e-09
 9.47380e-10 1.91724e-09 5.80222e-09 2.88421e-09 4.18324e-09 6.42719e-09
 3.90886e-09 5.29512e-09 5.67303e-09 3.31375e-09 4.27951e-09 3.30422e-09
 2.03257e-09 2.85507e-09 1.20387e-09 3.47656e-10-2.39955e-10-2.22181e-09
-2.66805e-09-3.76908e-09-4.69961e-09-4.55955e-09-4.90857e-09-4.21704e-09
-3.51408e-09-2.97832e-09-2.21429e-09-2.10948e-09-1.81000e-09-1.56497e-09
-1.24989e-09-7.33350e-10-4.83650e-10-3.36386e-10-5.54665e-10-9.53568e-10
-1.27910e-09-1.32299e-09-9.12390e-10-2.76538e-10 4.09478e-10 1.00026e-09
 1.51227e-09 2.01500e-09 2.55903e-09 3.15197e-09 3.64568e-09 3.84841e-09
 3.68800e-09 3.27033e-09 2.70700e-09 1.98857e-09 1.07036e-09 4.58855e-13
-1.11779e-09-2.24167e-09-3.35869e-09-4.36894e-09-5.08824e-09-5.38932e-09
-5.30227e-09-4.96871e-09-4.53613e-09-4.10612e-09-3.73500e-09-3.42930e-09
-3.13351e-09-2.77779e-09-2.36468e-09-1.94519e-09-1.50893e-09-1.00128e-09
-4.33892e-10 1.37089e-10 7.23134e-10 1.40627e-09 2.27107e-09 3.38900e-09
 4.78522e-09 6.35768e-09 7.90418e-09 9.27065e-09 1.04226e-08 1.13644e-08
 1.20372e-08 1.23448e-08 1.23016e-08 1.20897e-08 1.18770e-08 1.16151e-08
 1.11225e-08 1.03348e-08 9.35434e-09 8.26680e-09 7.02273e-09 5.52250e-09
 3.76971e-09 1.91627e-09 1.54359e-10-1.41789e-09-2.81661e-09-4.09719e-09
-5.26173e-09-6.21660e-09-6.87266e-09-7.31346e-09-7.78032e-09-8.45279e-09
-9.30952e-09-1.02335e-08-1.11870e-08-1.22087e-08-1.32571e-08-1.41444e-08
-1.46667e-08-1.47561e-08-1.44950e-08-1.40324e-08-1.34769e-08-1.28228e-08
-1.20018e-08-1.10089e-08-9.92224e-09-8.81032e-09-7.66320e-09-6.42983e-09
-5.12737e-09-3.86334e-09-2.69804e-09-1.52426e-09-1.27151e-10 1.64094e-09
 3.75109e-09 6.05796e-09 8.42674e-09 1.07692e-08 1.30074e-08 1.50360e-08
 1.66972e-08 1.78196e-08 1.83053e-08 1.81296e-08 1.72444e-08 1.55504e-08
 1.30017e-08 9.70372e-09 5.89096e-09 1.82273e-09-2.29314e-09-6.28322e-09
-9.95986e-09-1.31524e-08-1.57886e-08-1.78956e-08-1.94933e-08-2.04834e-08
-2.06782e-08-1.99925e-08-1.86112e-08-1.69135e-08-1.52041e-08-1.35221e-08
-1.17087e-08-9.65365e-09-7.45655e-09-5.32601e-09-3.34583e-09-1.39107e-09
 7.20371e-10 3.05481e-09 5.58893e-09 8.35784e-09 1.14709e-08 1.49435e-08
 1.85464e-08 2.18376e-08 2.43552e-08 2.58256e-08 2.62086e-08 2.55562e-08
 2.38800e-08 2.12182e-08 1.78491e-08 1.43791e-08 1.15403e-08 9.87846e-09
 9.61621e-09 1.07082e-08 1.29086e-08 1.57602e-08 1.85696e-08 2.04720e-08
 2.06348e-08 1.85240e-08 1.40543e-08 7.56393e-09-2.85539e-10-8.62608e-09
-1.65226e-08-2.31183e-08-2.77798e-08-3.02158e-08-3.05061e-08-2.90270e-08
-2.63181e-08-2.29429e-08-1.93792e-08-1.59430e-08-1.27677e-08-9.85389e-09
-7.13029e-09-4.50005e-09-1.91779e-09 5.45513e-10 2.72256e-09 4.41055e-09
 5.41949e-09 5.61818e-09 4.97441e-09 3.58368e-09 1.68410e-09-3.83815e-10
-2.27544e-09-3.71707e-09-4.52499e-09-4.62856e-09-4.10328e-09-3.14602e-09
-1.98751e-09-8.05182e-10 3.19578e-10 1.38266e-09 2.39314e-09 3.31826e-09
 4.07247e-09 4.54700e-09 4.65865e-09 4.38316e-09 3.76191e-09 2.90279e-09
 1.97314e-09 1.15898e-09 5.92823e-10 3.10386e-10 2.88168e-10 5.10827e-10
 9.78300e-10 1.65435e-09 2.42691e-09 3.12121e-09 3.55150e-09 3.57899e-09
 3.15117e-09 2.30829e-09 1.16080e-09-1.42595e-10-1.44884e-09-2.64255e-09
-3.68258e-09-4.58942e-09-5.36844e-09-5.93975e-09-6.16798e-09-5.96923e-09
-5.37086e-09-4.46725e-09-3.33946e-09-2.01936e-09-5.11558e-10 1.16229e-09
 2.93170e-09 4.66652e-09 6.18124e-09 7.25779e-09 7.69927e-09 7.40937e-09
 6.45361e-09 5.03726e-09 3.38423e-09 1.60874e-09-2.90428e-10-2.29716e-09
-4.23617e-09-5.76253e-09-6.50060e-09-6.22038e-09-4.93452e-09-2.90668e-09
-6.08132e-10 1.39401e-09 2.63214e-09 2.93235e-09 2.46401e-09 1.58835e-09
 6.19439e-10-3.16404e-10-1.23506e-09-2.12970e-09-2.83679e-09-3.05910e-09
-2.53628e-09-1.21453e-09 7.08727e-10 2.84759e-09 4.72657e-09 5.90691e-09
 6.15313e-09 5.55947e-09 4.49370e-09 3.34934e-09 2.30265e-09 1.27419e-09
 8.53788e-11-1.37282e-09-3.10478e-09-5.08145e-09-7.28661e-09-9.66771e-09
-1.20393e-08-1.40319e-08-1.51378e-08-1.48305e-08-1.27023e-08-8.58767e-09
-2.67531e-09 4.41464e-09 1.16876e-08 1.80233e-08 2.24820e-08 2.44505e-08
 2.36042e-08 1.98932e-08 1.36923e-08 5.96297e-09-1.84032e-09-8.17646e-09
-1.19206e-08-1.27137e-08-1.10389e-08-8.01707e-09-4.96150e-09-2.77166e-09
-1.33654e-09-3.56944e-10
     0.0000e+00     0.0000e+00      0  0  0.00
     512   1.00000  0.0000e+00
 6.47237e-10 2.58554e-10-1.03066e-10-3.10177e-10-2.73862e-10 1.04566e-11
 4.52436e-10 9.03586e-10 1.22348e-09 1.33559e-09 1.24457e-09 1.01578e-09
 7.35235e-10 4.69086e-10 2.38798e-10 2.22205e-11-2.22267e-10-5.27902e-10
-9.08195e-10-1.36233e-09-1.88066e-09-2.44028e-09-2.99694e-09-3.48335e-09
-3.81933e-09-3.93869e-09-3.83006e-09-3.56688e-09-3.29559e-09-3.18089e-09
-3.34090e-09-3.80421e-09-4.50088e-09-5.28726e-09-5.99682e-09-6.49356e-09
-6.69689e-09-6.56702e-09-6.07402e-09-5.18196e-09-3.85414e-09-2.06349e-09
 2.01662e-10 2.93151e-09 6.08530e-09 9.58146e-09 1.32841e-08 1.69838e-08
 2.03916e-08 2.31750e-08 2.50341e-08 2.57778e-08 2.53686e-08 2.39199e-08
 2.16417e-08 1.87376e-08 1.53058e-08 1.13196e-08 6.71227e-09 1.50070e-09
-4.13352e-09-9.83731e-09-1.51438e-08-1.95775e-08-2.27789e-08-2.45968e-08
-2.50999e-08-2.45203e-08-2.31800e-08-2.14282e-08-1.95706e-08-1.77964e-08
-1.61466e-08-1.45525e-08-1.29055e-08-1.11165e-08-9.14950e-09-7.04399e-09
-4.94161e-09-3.14911e-09-2.24108e-09-3.13243e-09-6.98203e-09-1.48076e-08
-2.68038e-08-4.14941e-08-5.49818e-08-6.06963e-08-5.01174e-08-1.49019e-08
 4.94720e-08 1.38891e-07 2.36138e-07 3.12813e-07 3.41310e-07 3.05523e-07
 2.03242e-07 4.96086e-08-1.20849e-07-2.63623e-07-3.40010e-07-3.32226e-07
-2.54697e-07-1.52423e-07-7.97446e-08-6.89046e-08-1.08848e-07-1.52085e-07
-1.50415e-07-9.31829e-08-1.42723e-08 3.75983e-08 3.57521e-08-1.35258e-08
-8.65720e-08-1.55982e-07-1.88759e-07-1.50878e-07-3.25706e-08 1.40685e-07
 3.41821e-07 5.69318e-07 8.13993e-07 1.02086e-06 1.10747e-06 1.00075e-06
 6.60407e-07 1.06346e-07-5.63967e-07-1.19301e-06-1.60486e-06-1.66060e-06
-1.32105e-06-6.85189e-07 3.11751e-08 5.77621e-07 7.81336e-07 6.36174e-07
 3.06845e-07 2.74635e-08-4.86669e-08 5.61797e-08 1.84366e-07 1.95113e-07
 9.08411e-08-1.10068e-08-2.46996e-08 1.66718e-08 3.25795e-08 6.93415e-09
-1.69720e-08-1.88852e-08-1.74179e-08-2.08531e-08-1.90838e-08-1.32683e-08
-1.12572e-08-9.40074e-09-4.58035e-09-2.02668e-09-1.77953e-09-1.63275e-10
 7.14147e-10 4.46145e-11 5.30525e-10 1.07767e-09 5.76303e-10 6.82665e-10
 6.69569e-10-1.90459e-10-6.09620e-10-1.05436e-09-1.82304e-09-2.01203e-09
-2.18318e-09-2.46263e-09-2.33687e-09-2.30708e-09-2.21007e-09-1.80086e-09
-1.45818e-09-9.42942e-10-3.28731e-10 1.51641e-10 7.02934e-10 1.15793e-09
 1.53094e-09 1.91369e-09 2.13725e-09 2.26182e-09 2.21055e-09 1.93573e-09
 1.53135e-09 9.93769e-10 4.40076e-10-8.97503e-11-5.96406e-10-1.04623e-09
-1.46357e-09-1.81302e-09-2.06527e-09-2.18307e-09-2.14705e-09-2.00464e-09
-1.80428e-09-1.58933e-09-1.38044e-09-1.18204e-09-9.79298e-10-7.50098e-10
-4.99151e-10-2.49746e-10-1.51923e-11 2.15359e-10 4.56177e-10 7.16244e-10
 1.00348e-09 1.31909e-09 1.65912e-09 2.01931e-09 2.39264e-09 2.76412e-09
 3.10037e-09 3.34343e-09 3.43540e-09 3.35577e-09 3.11861e-09 2.74119e-09
 2.24329e-09 1.65763e-09 1.00682e-09 2.94229e-10-4.61034e-10-1.20750e-09
-1.88744e-09-2.45866e-09-2.90042e-09-3.21591e-09-3.41363e-09-3.48247e-09
-3.40073e-09-3.16035e-09-2.78385e-09-2.33638e-09-1.89404e-09-1.47743e-09
-1.04767e-09-5.79269e-10-1.04324e-10 3.23914e-10 6.77075e-10 9.57493e-10
 1.19504e-09 1.42701e-09 1.65011e-09 1.82249e-09 1.92946e-09 2.00889e-09
 2.10721e-09 2.22987e-09 2.32596e-09 2.32097e-09 2.17184e-09 1.87974e-09
 1.46167e-09 9.25498e-10 2.56809e-10-5.59886e-10-1.49099e-09-2.44769e-09
-3.32713e-09-4.04814e-09-4.57379e-09-4.89939e-09-5.00947e-09-4.87213e-09
-4.46915e-09-3.82530e-09-3.03072e-09-2.20413e-09-1.41839e-09-6.92985e-10
-2.57133e-11 5.84666e-10 1.10403e-09 1.47662e-09 1.69056e-09 1.78901e-09
 1.83273e-09 1.86598e-09 1.88989e-09 1.88564e-09 1.87411e-09 1.91597e-09
 2.05387e-09 2.27878e-09 2.53933e-09 2.77070e-09 2.93418e-09 3.03807e-09
 3.10774e-09 3.13649e-09 3.07847e-09 2.89363e-09 2.58809e-09 2.20217e-09
 1.78499e-09 1.39118e-09 1.06542e-09 8.34481e-10 7.39021e-10 8.28825e-10
 1.10551e-09 1.51033e-09 1.95434e-09 2.32789e-09 2.52566e-09 2.49281e-09
 2.21410e-09 1.67094e-09 8.46765e-10-2.48632e-10-1.57110e-09-3.02834e-09
-4.48462e-09-5.80360e-09-6.88209e-09-7.64796e-09-8.03957e-09-7.99671e-09
-7.48625e-09-6.53610e-09-5.23933e-09-3.73367e-09-2.16915e-09-6.87631e-10
 5.62500e-10 1.42561e-09 1.79138e-09 1.65595e-09 1.15172e-09 5.17815e-10
 9.48217e-12-1.74004e-10 9.40731e-11 8.58085e-10 2.06402e-09 3.53807e-09
 4.96775e-09 5.94269e-09 6.05885e-09 5.03355e-09 2.80683e-09-4.12967e-10
-4.18217e-09-7.88995e-09-1.08535e-08-1.24412e-08-1.21868e-08-9.90806e-09
-5.81365e-09-5.02805e-10 5.15079e-09 1.01771e-08 1.37234e-08 1.52317e-08
 1.45259e-08 1.18428e-08 7.80338e-09 3.28422e-09-7.77705e-10-3.60667e-09
-4.78864e-09-4.36380e-09-2.77623e-09-7.18983e-10 1.08232e-09 2.07582e-09
 2.00852e-09 9.73260e-10-6.20493e-10-2.18050e-09-3.13025e-09-3.09988e-09
-2.06468e-09-3.64277e-10 1.42547e-09 2.68870e-09 2.96361e-09 2.10102e-09
 3.18205e-10-1.87934e-09-3.85521e-09-5.03686e-09-5.10412e-09-4.09437e-09
-2.38592e-09-5.67985e-10 7.71420e-10 1.25773e-09 8.54557e-10-1.31033e-10
-1.16447e-09-1.68908e-09-1.33707e-09-6.78882e-11 1.80869e-09 3.74054e-09
 5.13066e-09 5.54310e-09 4.85680e-09 3.31275e-09 1.41572e-09-2.66418e-10
-1.31383e-09-1.60392e-09-1.34118e-09-9.48333e-10-8.72395e-10-1.38632e-09
-2.45865e-09-3.75500e-09-4.77401e-09-5.04854e-09-4.33819e-09-2.74443e-09
-6.85716e-10 1.26393e-09 2.59573e-09 3.05622e-09 2.73137e-09 1.98672e-09
 1.29559e-09 1.03301e-09 1.31334e-09 1.94423e-09 2.53016e-09 2.67298e-09
 2.16364e-09 1.08417e-09-2.15817e-10-1.26680e-09-1.69279e-09-1.38606e-09
-5.55972e-10 3.67700e-10 9.25926e-10 8.31445e-10 9.63717e-11-9.76320e-10
-1.94521e-09-2.44969e-09-2.37686e-09-1.89698e-09-1.36165e-09-1.11757e-09
-1.32206e-09-1.84687e-09-2.32372e-09-2.32273e-09-1.57481e-09-1.13459e-10
 1.73129e-09 3.46846e-09 4.64954e-09 5.05317e-09 4.75438e-09 4.03656e-09
 3.20697e-09 2.43209e-09 1.67512e-09 7.53591e-10-5.11684e-10-2.12644e-09
-3.83510e-09-5.19063e-09-5.75727e-09-5.32953e-09-4.04448e-09-2.33524e-09
-7.55487e-10 2.47933e-10 5.18568e-10 2.39519e-10-1.84949e-10-3.43679e-10
 2.37443e-12 8.59825e-10 2.05753e-09 3.36837e-09 4.62983e-09 5.77828e-09
 6.76003e-09 7.39842e-09 7.35175e-09 6.22011e-09 3.74598e-09 1.33697e-11
-4.44249e-09-8.69382e-09-1.16785e-08-1.25748e-08-1.11142e-08-7.68322e-09
-3.18708e-09 1.23928e-09 4.55735e-09 6.10291e-09 5.75869e-09 3.99868e-09
 1.82846e-09 3.98301e-10
     0.0000e+00     0.0000e+00      0  0  0.00
     512   1.00000  0.0000e+00
 6.66560e-10 6.13970e-10 5.14321e-10 3.62033e-10 1.52400e-10-1.13416e-10
-4.21688e-10-7.44096e-10-1.04379e-09-1.28891e-09-1.46874e-09-1.60111e-09
-1.71931e-09-1.83988e-09-1.93194e-09-1.91535e-09-1.69555e-09-1.21671e-09
-5.03607e-10 3.30224e-10 1.11397e-09 1.67754e-09 1.90885e-09 1.78376e-09
 1.35893e-09 7.39201e-10 4.12796e-11-6.30006e-10-1.18802e-09-1.56026e-09
-1.68886e-09-1.54412e-09-1.14074e-09-5.35258e-10 2.01956e-10 1.02109e-09
 1.90664e-09 2.86103e-09 3.86943e-09 4.86518e-09 5.71415e-09 6.23216e-09
 6.23637e-09 5.60805e-09 4.33359e-09 2.50725e-09 3.09803e-10-2.01028e-09
-4.14139e-09-5.71316e-09-6.33044e-09-5.66487e-09-3.60784e-09-4.38181e-10
 3.11044e-09 6.00087e-09 7.24874e-09 6.31201e-09 3.31992e-09-9.54577e-10
-5.35786e-09-8.74534e-09-1.03528e-08-1.00263e-08-8.24566e-09-5.93448e-09
-4.11168e-09-3.52391e-09-4.43880e-09-6.67190e-09-9.75438e-09-1.31097e-08
-1.61820e-08-1.85166e-08-1.97998e-08-1.98628e-08-1.86650e-08-1.62929e-08
-1.29915e-08-9.20523e-09-5.57004e-09-2.79969e-09-1.45364e-09-1.62278e-09
-2.60414e-09-2.66593e-09 9.66603e-10 1.17435e-08 3.28864e-08 6.58695e-08
 1.08461e-07 1.52740e-07 1.84521e-07 1.88569e-07 1.57823e-07 9.53962e-08
 1.20795e-08-7.24120e-08-1.33270e-07-1.51048e-07-1.20514e-07-5.55290e-08
 1.52692e-08 6.16663e-08 6.57849e-08 3.15918e-08-1.70071e-08-5.30156e-08
-6.59516e-08-6.65072e-08-7.27800e-08-9.27782e-08-1.20530e-07-1.46543e-07
-1.67517e-07-1.86485e-07-2.11690e-07-2.58996e-07-3.42283e-07-4.47347e-07
-5.21765e-07-5.00492e-07-3.37436e-07-1.81504e-08 4.32120e-07 9.39554e-07
 1.38935e-06 1.65108e-06 1.61384e-06 1.23062e-06 5.55934e-07-2.50837e-07
-9.66710e-07-1.38067e-06-1.38005e-06-1.01000e-06-4.64446e-07 3.95482e-09
 2.14326e-07 1.54697e-07-2.34851e-08-1.25764e-07-6.66859e-08 7.55408e-08
 1.57239e-07 1.23912e-07 5.06746e-08 2.87720e-08 5.54900e-08 6.90209e-08
 5.04099e-08 3.11436e-08 2.50009e-08 1.69384e-08 5.22427e-09 4.77513e-10
-1.17902e-09-6.06343e-09-8.25385e-09-6.33531e-09-6.11790e-09-5.99134e-09
-3.50152e-09-2.32361e-09-2.12452e-09-4.90272e-10 3.87425e-10 5.20497e-10
 1.68772e-09 2.28267e-09 2.29818e-09 2.91294e-09 2.94169e-09 2.70836e-09
 2.97475e-09 2.82813e-09 2.71789e-09 2.86071e-09 2.56060e-09 2.29965e-09
 1.97125e-09 1.33548e-09 8.74963e-10 3.11192e-10-3.22796e-10-8.07989e-10
-1.36536e-09-1.76151e-09-2.02067e-09-2.22940e-09-2.24968e-09-2.23528e-09
-2.14480e-09-1.96902e-09-1.74722e-09-1.41829e-09-1.10771e-09-8.74297e-10
-7.59687e-10-7.68127e-10-8.22381e-10-8.84201e-10-8.81148e-10-7.99632e-10
-6.86575e-10-5.97523e-10-5.50326e-10-4.84340e-10-3.30644e-10-5.07495e-11
 3.48358e-10 8.21264e-10 1.29626e-09 1.70131e-09 1.99829e-09 2.18758e-09
 2.28108e-09 2.25759e-09 2.07106e-09 1.70800e-09 1.20865e-09 6.35266e-10
 4.95756e-11-4.81445e-10-9.07932e-10-1.23809e-09-1.50939e-09-1.72451e-09
-1.85115e-09-1.85711e-09-1.73008e-09-1.48384e-09-1.14841e-09-7.64270e-10
-3.87849e-10-7.07787e-11 1.75128e-10 3.63405e-10 4.85327e-10 5.23817e-10
 5.08284e-10 4.98451e-10 5.32887e-10 6.28445e-10 7.83705e-10 9.64631e-10
 1.12959e-09 1.27541e-09 1.43639e-09 1.63512e-09 1.83968e-09 1.97330e-09
 1.97010e-09 1.81720e-09 1.53498e-09 1.12525e-09 5.70058e-10-1.18921e-10
-8.88771e-10-1.66309e-09-2.34440e-09-2.85182e-09-3.16009e-09-3.27267e-09
-3.19510e-09-2.92617e-09-2.45719e-09-1.81295e-09-1.06414e-09-2.89387e-10
 4.41133e-10 1.07899e-09 1.60459e-09 2.00144e-09 2.25634e-09 2.37575e-09
 2.37612e-09 2.29089e-09 2.17189e-09 2.04466e-09 1.89068e-09 1.67508e-09
 1.37728e-09 1.02015e-09 6.50894e-10 2.85752e-10-8.86617e-11-4.88875e-10
-9.31516e-10-1.41691e-09-1.92417e-09-2.44113e-09-2.96690e-09-3.47892e-09
-3.92090e-09-4.21584e-09-4.29747e-09-4.15573e-09-3.83017e-09-3.34760e-09
-2.69957e-09-1.87707e-09-8.95150e-10 2.04428e-10 1.34752e-09 2.44867e-09
 3.45021e-09 4.30703e-09 4.95651e-09 5.34191e-09 5.44101e-09 5.26858e-09
 4.86655e-09 4.27819e-09 3.52190e-09 2.59746e-09 1.52921e-09 3.83991e-10
-7.66344e-10-1.86401e-09-2.84799e-09-3.66102e-09-4.26640e-09-4.64154e-09
-4.77962e-09-4.69264e-09-4.38400e-09-3.83540e-09-3.04378e-09-2.06622e-09
-1.02730e-09-7.95412e-11 6.52874e-10 1.10841e-09 1.28877e-09 1.23316e-09
 1.00532e-09 7.05074e-10 4.59085e-10 4.03284e-10 6.70300e-10 1.33600e-09
 2.36868e-09 3.63012e-09 4.88146e-09 5.81267e-09 6.11584e-09 5.54445e-09
 3.97589e-09 1.48654e-09-1.63015e-09-4.89507e-09-7.70725e-09-9.46802e-09
-9.70890e-09-8.18466e-09-4.95797e-09-4.27115e-10 4.72249e-09 9.60716e-09
 1.33065e-08 1.50665e-08 1.44572e-08 1.14817e-08 6.60692e-09 6.67147e-10
-5.30966e-09-1.03057e-08-1.35192e-08-1.45251e-08-1.33577e-08-1.04964e-08
-6.73097e-09-2.93782e-09 1.45802e-10 2.09038e-09 2.85116e-09 2.73420e-09
 2.26651e-09 2.00957e-09 2.36525e-09 3.43440e-09 4.98171e-09 6.51086e-09
 7.42235e-09 7.22590e-09 5.72762e-09 3.10530e-09-1.30494e-10-3.27478e-09
-5.63860e-09-6.75169e-09-6.49745e-09-5.14514e-09-3.25175e-09-1.46746e-09
-3.23897e-10-6.67271e-11-5.84131e-10-1.46634e-09-2.17309e-09-2.24455e-09
-1.47982e-09-1.46446e-11 1.72372e-09 3.16664e-09 3.81552e-09 3.43589e-09
 2.15389e-09 4.16359e-10-1.16812e-09-2.04905e-09-1.93475e-09-8.93413e-10
 6.81255e-10 2.22405e-09 3.21841e-09 3.38954e-09 2.79153e-09 1.76398e-09
 7.73917e-10 2.03567e-10 1.81941e-10 5.34952e-10 8.66826e-10 7.39562e-10
-1.22245e-10-1.69129e-09-3.61921e-09-5.35017e-09-6.32898e-09-6.21836e-09
-5.02877e-09-3.10516e-09-9.83606e-10 8.17587e-10 1.98715e-09 2.51261e-09
 2.64058e-09 2.72545e-09 3.03321e-09 3.59643e-09 4.19300e-09 4.45486e-09
 4.05645e-09 2.89817e-09 1.19018e-09-6.15451e-10-2.00956e-09-2.63693e-09
-2.44253e-09-1.69073e-09-8.43532e-10-3.45775e-10-4.17722e-10-9.62384e-10
-1.63665e-09-2.04264e-09-1.93347e-09-1.33306e-09-5.17409e-10 1.32721e-10
 3.33980e-10 5.15665e-11-4.81637e-10-8.86748e-10-8.35787e-10-2.24368e-10
 7.67722e-10 1.76595e-09 2.39808e-09 2.48842e-09 2.13878e-09 1.65678e-09
 1.38142e-09 1.50244e-09 1.95891e-09 2.46110e-09 2.63005e-09 2.19008e-09
 1.10666e-09-4.13910e-10-2.05664e-09-3.57154e-09-4.88458e-09-6.08667e-09
-7.30677e-09-8.53956e-09-9.53522e-09-9.83043e-09-8.91740e-09-6.47137e-09
-2.53466e-09 2.42420e-09 7.61181e-09 1.21372e-08 1.52608e-08 1.65468e-08
 1.58777e-08 1.33829e-08 9.37704e-09 4.34815e-09-1.02708e-09-5.90204e-09
-9.37010e-09-1.06929e-08-9.60626e-09-6.56847e-09-2.76709e-09 2.26308e-10
 1.11189e-09 4.53287e-10
