      10
(6e12.5)
     0.0000e+00     0.0000e+00      0  0  0.00
     512   1.00000  0.0000e+00
 2.71645e-09 2.71427e-09 2.67821e-09 2.62445e-09 2.53189e-09 2.36001e-09
 2.08229e-09 1.70438e-09 1.25636e-09 7.73753e-10 2.83675e-10-2.01844e-10
-6.91663e-10-1.21974e-09-1.83789e-09-2.58995e-09-3.47576e-09-4.42706e-09
-5.31562e-09-5.99574e-09-6.36281e-09-6.39969e-09-6.18462e-09-5.85055e-09
-5.51559e-09-5.22836e-09-4.96291e-09-4.65886e-09-4.26961e-09-3.78261e-09
-3.20583e-09-2.54204e-09-1.77573e-09-8.79754e-10 1.67864e-10 1.36634e-09
 2.67622e-09 4.01000e-09 5.24140e-09 6.23953e-09 6.91547e-09 7.25802e-09
 7.33994e-09 7.28798e-09 7.22644e-09 7.21972e-09 7.24504e-09 7.21200e-09
 7.01552e-09 6.58430e-09 5.89017e-09 4.92008e-09 3.65045e-09 2.06369e-09
 2.03411e-10-1.77888e-09-3.63893e-09-5.13192e-09-6.13384e-09-6.70868e-09
-7.07376e-09-7.48714e-09-8.11892e-09-8.96435e-09-9.83620e-09-1.04412e-08
-1.05025e-08-9.86044e-09-8.49656e-09-6.48055e-09-3.89293e-09-7.77305e-10
 2.86462e-09 7.04675e-09 1.17530e-08 1.68930e-08 2.22901e-08 2.77153e-08
 3.29459e-08 3.78138e-08 4.22263e-08 4.61700e-08 4.97141e-08 5.30109e-08
 5.62629e-08 5.96347e-08 6.31083e-08 6.63049e-08 6.83043e-08 6.75245e-08
 6.17628e-08 4.85299e-08 2.57578e-08-7.35438e-09-4.98615e-08-9.89160e-08
-1.49544e-07-1.94977e-07-2.28364e-07-2.45147e-07-2.44798e-07-2.31424e-07
-2.13189e-07-2.00584e-07-2.04206e-07-2.32728e-07-2.90958e-07-3.77203e-07
-4.79471e-07-5.71109e-07-6.08301e-07-5.33545e-07-2.89169e-07 1.57497e-07
 7.83070e-07 1.49240e-06 2.14484e-06 2.60762e-06 2.76779e-06 2.49810e-06
 1.69524e-06 4.12267e-07-1.08445e-06-2.41414e-06-3.22735e-06-3.30682e-06
-2.62706e-06-1.39477e-06-2.32212e-08 1.01815e-06 1.40953e-06 1.12028e-06
 4.20678e-07-2.56315e-07-5.55223e-07-3.97865e-07-4.23057e-10 3.12348e-07
 3.54637e-07 1.91066e-07 3.17494e-08 2.14595e-08 1.22182e-07 1.89344e-07
 1.43555e-07 4.54254e-08 2.20052e-09 3.49722e-08 7.08373e-08 5.26635e-08
 8.57367e-09-4.84539e-09 1.26719e-08 1.73711e-08-3.77401e-09-1.99573e-08
-1.44821e-08-7.93382e-09-1.53092e-08-2.24811e-08-1.83956e-08-1.38854e-08
-1.61973e-08-1.68460e-08-1.22610e-08-8.99203e-09-7.89575e-09-4.89888e-09
-1.27749e-09 5.84444e-10 1.93857e-09 3.24722e-09 3.55513e-09 3.11620e-09
 2.42389e-09 1.40524e-09 1.70783e-10-1.08782e-09-2.38043e-09-3.74967e-09
-5.20462e-09-6.72392e-09-8.20672e-09-9.46686e-09-1.02669e-08-1.03622e-08
-9.55566e-09-7.76097e-09-5.05729e-09-1.69513e-09 1.96681e-09 5.54262e-09
 8.67076e-09 1.10573e-08 1.25244e-08 1.30146e-08 1.25401e-08 1.11418e-08
 8.88131e-09 5.83822e-09 2.12523e-09-2.06248e-09-6.40819e-09-1.04897e-08
-1.38310e-08-1.59626e-08-1.65034e-08-1.52605e-08-1.22893e-08-7.86054e-09
-2.38145e-09 3.63459e-09 9.56408e-09 1.47350e-08 1.85533e-08 2.05880e-08
 2.05773e-08 1.84340e-08 1.43021e-08 8.61597e-09 2.07523e-09-4.46172e-09
-1.00951e-08-1.39974e-08-1.55712e-08-1.46214e-08-1.14292e-08-6.66704e-09
-1.21851e-09 3.97694e-09 8.00690e-09 1.00818e-08 9.71856e-09 6.93173e-09
 2.27524e-09-3.32147e-09-8.81630e-09-1.32532e-08-1.58493e-08-1.60697e-08
-1.37651e-08-9.28720e-09-3.45341e-09 2.65137e-09 7.92680e-09 1.14748e-08
 1.27576e-08 1.16851e-08 8.62788e-09 4.36635e-09-4.90155e-11-3.54690e-09
-5.31457e-09-4.98702e-09-2.70083e-09 9.58296e-10 5.07735e-09 8.59946e-09
 1.05659e-08 1.03665e-08 7.91597e-09 3.69792e-09-1.35128e-09-6.09522e-09
-9.50002e-09-1.08865e-08-1.00742e-08-7.40298e-09-3.64598e-09 1.66472e-10
 2.99960e-09 4.10561e-09 3.26322e-09 8.56333e-10-2.24904e-09-4.97282e-09
-6.34303e-09-5.79030e-09-3.32417e-09 4.80483e-10 4.67038e-09 8.17618e-09
 1.00763e-08 9.84877e-09 7.55732e-09 3.85308e-09-2.40589e-10-3.65783e-09
-5.60650e-09-5.79838e-09-4.53959e-09-2.62010e-09-1.01432e-09-5.22530e-10
-1.49482e-09-3.70937e-09-6.43594e-09-8.67611e-09-9.49878e-09-8.34664e-09
-5.21796e-09-6.77217e-10 4.31341e-09 8.69378e-09 1.16370e-08 1.28003e-08
 1.24072e-08 1.11239e-08 9.76913e-09 8.96688e-09 8.89011e-09 9.20269e-09
 9.20817e-09 8.13763e-09 5.47153e-09 1.17451e-09-4.24349e-09-9.84707e-09
-1.45377e-08-1.73948e-08-1.79699e-08-1.63977e-08-1.32971e-08-9.53147e-09
-5.90440e-09-2.87914e-09-4.54460e-10 1.71366e-09 4.01331e-09 6.58192e-09
 9.15931e-09 1.11235e-08 1.16877e-08 1.02159e-08 6.54343e-09 1.13934e-09
-4.97624e-09-1.05070e-08-1.42436e-08-1.54143e-08-1.39072e-08-1.02609e-08
-5.40638e-09-2.85679e-10 4.44696e-09 8.50664e-09 1.18601e-08 1.45149e-08
 1.63247e-08 1.69055e-08 1.57331e-08 1.24191e-08 7.03602e-09 2.90590e-10
-6.58313e-09-1.21643e-08-1.52638e-08-1.52807e-08-1.24019e-08-7.57728e-09
-2.23064e-09 2.22344e-09 4.84950e-09 5.40925e-09 4.24314e-09 1.95277e-09
-8.86835e-10-3.84823e-09-6.61868e-09-8.90023e-09-1.03240e-08-1.04431e-08
-8.84638e-09-5.37847e-09-3.72492e-10 5.25771e-09 1.01875e-08 1.30943e-08
 1.31482e-08 1.03661e-08 5.65724e-09 5.17262e-10-3.49928e-09-5.30072e-09
-4.56952e-09-1.76716e-09 2.12561e-09 5.99220e-09 8.92667e-09 1.04197e-08
 1.03451e-08 8.82284e-09 6.09426e-09 2.49767e-09-1.47796e-09-5.15610e-09
-7.74203e-09-8.53446e-09-7.23077e-09-4.17577e-09-3.75068e-10 2.79955e-09
 4.11634e-09 2.97906e-09-3.20260e-10-4.70542e-09-8.72803e-09-1.11193e-08
-1.12562e-08-9.33595e-09-6.18428e-09-2.83680e-09-1.43624e-10 1.43802e-09
 1.85587e-09 1.34717e-09 2.81906e-10-9.41566e-10-1.91098e-09-2.19623e-09
-1.43246e-09 5.04337e-10 3.33592e-09 6.35865e-09 8.63105e-09 9.34932e-09
 8.25013e-09 5.80352e-09 3.05281e-09 1.16454e-09 9.06842e-10 2.29987e-09
 4.60263e-09 6.65018e-09 7.37942e-09 6.28113e-09 3.56406e-09-1.25806e-11
-3.50134e-09-6.11596e-09-7.42679e-09-7.38850e-09-6.26984e-09-4.55849e-09
-2.86815e-09-1.82892e-09-1.93323e-09-3.34744e-09-5.76319e-09-8.40377e-09
-1.02599e-08-1.05007e-08-8.87079e-09-5.84711e-09-2.43668e-09 2.99238e-10
 1.73853e-09 1.94539e-09 1.56197e-09 1.42873e-09 2.14366e-09 3.78540e-09
 5.92938e-09 7.91800e-09 9.20576e-09 9.58349e-09 9.19417e-09 8.39461e-09
 7.58821e-09 7.11523e-09 7.18970e-09 7.82901e-09 8.78085e-09 9.52696e-09
 9.43085e-09 8.00566e-09 5.18755e-09 1.46488e-09-2.24613e-09-4.97258e-09
-6.14390e-09-5.88663e-09-4.96180e-09-4.35569e-09-4.75849e-09-6.24287e-09
-8.31296e-09-1.02401e-08-1.14432e-08-1.17089e-08-1.11858e-08-1.02157e-08
-9.12067e-09-8.06048e-09-7.01233e-09-5.83965e-09-4.37919e-09-2.50584e-09
-1.89852e-10 2.42920e-09 4.98370e-09 6.92921e-09 7.76732e-09 7.34953e-09
 6.03964e-09 4.56818e-09 3.63157e-09 3.47868e-09 3.74411e-09 3.63762e-09
 2.38831e-09 6.99517e-10
     0.0000e+00     0.0000e+00      0  0  0.00
     512   1.00000  0.0000e+00
 1.02765e-09 7.96208e-10 4.99480e-10 2.05862e-10-1.03931e-11-1.00188e-10
-6.18978e-11 5.71116e-11 1.81317e-10 2.38968e-10 1.86905e-10 1.64607e-11
-2.57023e-10-6.09183e-10-1.01454e-09-1.44329e-09-1.85417e-09-2.19624e-09
-2.42394e-09-2.51538e-09-2.47998e-09-2.35109e-09-2.17140e-09-1.98192e-09
-1.81918e-09-1.71599e-09-1.69572e-09-1.75621e-09-1.85430e-09-1.90883e-09
-1.82952e-09-1.56047e-09-1.11293e-09-5.64227e-10-1.92906e-11 4.41766e-10
 7.95964e-10 1.07190e-09 1.31711e-09 1.56566e-09 1.82722e-09 2.09854e-09
 2.37914e-09 2.66965e-09 2.94832e-09 3.14427e-09 3.13498e-09 2.78674e-09
 2.03866e-09 1.00598e-09 5.78687e-11-1.82080e-10 1.04761e-09 4.39745e-09
 1.00454e-08 1.73124e-08 2.44842e-08 2.91367e-08 2.89920e-08 2.28959e-08
 1.13965e-08-3.31237e-09-1.80210e-08-2.94744e-08-3.53653e-08-3.50107e-08
-2.94727e-08-2.10629e-08-1.24058e-08-5.47437e-09-1.09288e-09 9.06107e-10
 1.16355e-09 3.35002e-10-1.12863e-09-2.98578e-09-5.07313e-09-7.14319e-09
-8.78558e-09-9.49477e-09-8.85562e-09-6.74745e-09-3.45311e-09 3.92887e-10
 4.00837e-09 6.74939e-09 8.36901e-09 9.14311e-09 9.81094e-09 1.13417e-08
 1.45736e-08 1.98003e-08 2.64224e-08 3.28801e-08 3.71065e-08 3.73852e-08
 3.30757e-08 2.47913e-08 1.40715e-08 2.92194e-09-6.47348e-09-1.19316e-08
-1.15093e-08-3.76405e-09 1.19702e-08 3.50455e-08 6.23975e-08 8.69105e-08
 9.60276e-08 7.22514e-08-2.70779e-09-1.39555e-07-3.30220e-07-5.37054e-07
-6.88918e-07-6.96893e-07-4.98124e-07-1.07372e-07 3.71310e-07 7.93402e-07
 1.04303e-06 1.07183e-06 8.92221e-07 5.44473e-07 8.42569e-08-3.97368e-07
-7.70122e-07-9.07323e-07-7.52096e-07-3.62647e-07 9.73075e-08 4.28591e-07
 4.96920e-07 3.05848e-07-4.99895e-09-2.43535e-07-2.87179e-07-1.57662e-07
 1.23501e-08 9.28917e-08 5.59274e-08-2.13211e-08-4.64190e-08-3.67816e-09
 4.49221e-08 4.21918e-08 7.25743e-10-2.34899e-08-6.55202e-09 1.94795e-08
 1.89685e-08 8.81848e-10-3.45311e-09 9.46360e-09 1.58684e-08 7.02469e-09
-1.73816e-10 3.99203e-09 7.87853e-09 3.45079e-09-6.46987e-10 1.34117e-09
 2.74330e-09 3.48321e-10-5.34356e-10 1.15996e-09 1.49902e-09 7.17330e-10
 8.51352e-10 7.61846e-10-2.86344e-10-1.17461e-09-1.70011e-09-2.19632e-09
-2.44922e-09-2.43845e-09-2.38283e-09-2.30730e-09-2.16868e-09-1.95754e-09
-1.66790e-09-1.32805e-09-9.80658e-10-6.16536e-10-1.55750e-10 5.02799e-10
 1.38836e-09 2.38540e-09 3.24063e-09 3.66217e-09 3.46803e-09 2.69651e-09
 1.60625e-09 5.57102e-10-1.69280e-10-5.10627e-10-6.47286e-10-8.93381e-10
-1.51705e-09-2.58960e-09-3.93585e-09-5.19347e-09-5.94139e-09-5.84583e-09
-4.77841e-09-2.86961e-09-4.79159e-10 1.90735e-09 3.82251e-09 4.95674e-09
 5.24261e-09 4.84404e-09 4.05052e-09 3.13033e-09 2.22516e-09 1.34319e-09
 4.36264e-10-5.08710e-10-1.42378e-09-2.17084e-09-2.59240e-09-2.57373e-09
-2.08212e-09-1.16849e-09 4.90927e-11 1.39395e-09 2.63478e-09 3.51427e-09
 3.81645e-09 3.44125e-09 2.43339e-09 9.50180e-10-7.93600e-10-2.55750e-09
-4.07911e-09-5.08896e-09-5.36721e-09-4.82036e-09-3.52901e-09-1.73603e-09
 2.20036e-10 1.98768e-09 3.25682e-09 3.78694e-09 3.45261e-09 2.31544e-09
 6.62934e-10-1.04688e-09-2.32776e-09-2.82488e-09-2.41144e-09-1.18848e-09
 5.75554e-10 2.50747e-09 4.18031e-09 5.18145e-09 5.21422e-09 4.20752e-09
 2.37672e-09 1.82603e-10-1.81402e-09-3.13520e-09-3.52005e-09-2.96809e-09
-1.70457e-09-1.06206e-10 1.38127e-09 2.33048e-09 2.43419e-09 1.60564e-09
 3.10237e-11-1.86480e-09-3.54096e-09-4.51428e-09-4.51974e-09-3.59249e-09
-2.04129e-09-3.33698e-10 1.05628e-09 1.78514e-09 1.72058e-09 9.54302e-10
-2.32141e-10-1.42949e-09-2.19655e-09-2.18976e-09-1.29167e-09 3.15207e-10
 2.17401e-09 3.69428e-09 4.37195e-09 3.99298e-09 2.71276e-09 9.74433e-10
-6.77905e-10-1.79840e-09-2.17180e-09-1.84109e-09-1.05194e-09-1.61484e-10
 4.61614e-10 5.34469e-10-5.57220e-11-1.19360e-09-2.53360e-09-3.58608e-09
-3.88138e-09-3.15571e-09-1.48491e-09 7.04409e-10 2.77488e-09 4.11825e-09
 4.39113e-09 3.64594e-09 2.29925e-09 9.50527e-10 1.32079e-10 9.47207e-11
 7.09022e-10 1.51930e-09 1.93562e-09 1.49253e-09 6.79538e-11-2.03352e-09
-4.17846e-09-5.65276e-09-5.95337e-09-4.98709e-09-3.08731e-09-8.54382e-10
 1.09192e-09 2.33457e-09 2.77392e-09 2.60682e-09 2.19479e-09 1.88529e-09
 1.86044e-09 2.06736e-09 2.25078e-09 2.07401e-09 1.28552e-09-1.31719e-10
-1.90025e-09-3.52341e-09-4.47239e-09-4.39732e-09-3.26599e-09-1.37629e-09
 7.55438e-10 2.58173e-09 3.71006e-09 4.01103e-09 3.60926e-09 2.77963e-09
 1.81415e-09 9.19146e-10 1.70583e-10-4.70861e-10-1.09185e-09-1.72390e-09
-2.25677e-09-2.43927e-09-1.99847e-09-8.18992e-10 9.32586e-10 2.82359e-09
 4.30837e-09 4.93702e-09 4.51655e-09 3.16484e-09 1.25860e-09-6.94788e-10
-2.22329e-09-3.04017e-09-3.11859e-09-2.65777e-09-1.95714e-09-1.26724e-09
-7.04795e-10-2.74000e-10 4.30492e-11 2.05730e-10 1.06615e-10-3.55174e-10
-1.16842e-09-2.14602e-09-2.95103e-09-3.21184e-09-2.68221e-09-1.37472e-09
 4.02246e-10 2.13762e-09 3.31082e-09 3.59856e-09 2.99948e-09 1.82109e-09
 5.39652e-10-3.95553e-10-7.22927e-10-4.32403e-10 2.78021e-10 1.11451e-09
 1.80446e-09 2.16625e-09 2.11699e-09 1.64351e-09 7.79151e-10-3.88684e-10
-1.69185e-09-2.87236e-09-3.62409e-09-3.68808e-09-2.97010e-09-1.62615e-09
-5.90132e-11 1.20086e-09 1.69553e-09 1.23186e-09-2.70851e-11-1.61666e-09
-2.95006e-09-3.54564e-09-3.20122e-09-2.04155e-09-4.32569e-10 1.18211e-09
 2.44129e-09 3.15550e-09 3.30375e-09 2.97125e-09 2.28985e-09 1.41748e-09
 5.44196e-10-1.14346e-10-3.66146e-10-1.26056e-10 5.16986e-10 1.30204e-09
 1.88826e-09 2.00977e-09 1.61541e-09 9.01186e-10 2.03061e-10-1.91810e-10
-2.09157e-10-3.17797e-11 1.01674e-11-3.58545e-10-1.18686e-09-2.25438e-09
-3.17365e-09-3.57774e-09-3.29022e-09-2.38975e-09-1.15115e-09 8.21445e-11
 1.01373e-09 1.45046e-09 1.30905e-09 6.14199e-10-4.85497e-10-1.69847e-09
-2.61812e-09-2.83732e-09-2.12258e-09-5.55835e-10 1.45077e-09 3.29947e-09
 4.45502e-09 4.67282e-09 4.08107e-09 3.07027e-09 2.06223e-09 1.30181e-09
 7.88207e-10 3.66772e-10-9.72119e-11-5.89215e-10-9.46677e-10-9.74648e-10
-5.85303e-10 1.26201e-10 9.05576e-10 1.44060e-09 1.47806e-09 8.97784e-10
-2.70981e-10-1.86224e-09-3.58848e-09-5.06893e-09-5.90107e-09-5.78232e-09
-4.64566e-09-2.73481e-09-5.49964e-10 1.33492e-09 2.49510e-09 2.80442e-09
 2.44324e-09 1.77206e-09 1.14436e-09 7.60960e-10 6.35272e-10 6.60978e-10
 7.12249e-10 7.09461e-10 6.29356e-10 4.79057e-10 2.74155e-10 5.56657e-11
-5.84456e-11-3.39741e-11
     0.0000e+00     0.0000e+00      0  0  0.00
     512   1.00000  0.0000e+00
 3.26812e-09 3.33209e-09 3.23176e-09 2.96722e-09 2.56027e-09 2.04860e-09
 1.47782e-09 8.92722e-10 3.27681e-10-2.03083e-10-7.09979e-10-1.22040e-09
-1.75993e-09-2.33354e-09-2.92008e-09-3.48433e-09-3.99655e-09-4.44446e-09
-4.83116e-09-5.16454e-09-5.44721e-09-5.67302e-09-5.82981e-09-5.90513e-09
-5.89157e-09-5.78856e-09-5.59860e-09-5.31949e-09-4.93973e-09-4.44486e-09
-3.83245e-09-3.12242e-09-2.35130e-09-1.55417e-09-7.48809e-10 6.69386e-11
 9.05679e-10 1.77886e-09 2.68965e-09 3.63022e-09 4.58221e-09 5.52090e-09
 6.42184e-09 7.26564e-09 8.03784e-09 8.72663e-09 9.32449e-09 9.83415e-09
 1.02711e-08 1.06550e-08 1.09918e-08 1.12627e-08 1.14315e-08 1.14724e-08
 1.14015e-08 1.12945e-08 1.12683e-08 1.14165e-08 1.17285e-08 1.20512e-08
 1.21364e-08 1.17490e-08 1.07759e-08 9.27494e-09 7.44053e-09 5.50491e-09
 3.62734e-09 1.82465e-09-2.59754e-11-2.12172e-09-4.65333e-09-7.75209e-09
-1.14656e-08-1.57386e-08-2.03929e-08-2.51253e-08-2.95498e-08-3.33023e-08
-3.62024e-08-3.84397e-08-4.07261e-08-4.43457e-08-5.10168e-08-6.24775e-08
-7.97430e-08-1.02091e-07-1.25986e-07-1.44365e-07-1.46852e-07-1.21547e-07
-5.87955e-08 4.30656e-08 1.72409e-07 3.06122e-07 4.17162e-07 4.75638e-07
 4.49899e-07 3.24609e-07 1.20099e-07-1.11190e-07-3.04674e-07-4.06935e-07
-3.98526e-07-3.04761e-07-1.81701e-07-8.42311e-08-3.73771e-08-2.72536e-08
-1.67816e-08 2.31636e-08 9.02824e-08 1.53454e-07 1.77073e-07 1.45403e-07
 7.10497e-08-1.11535e-08-6.07949e-08-5.50568e-08-2.72089e-09 6.35905e-08
 1.11587e-07 1.31366e-07 1.35680e-07 1.40206e-07 1.45680e-07 1.38924e-07
 1.07467e-07 4.83253e-08-3.26438e-08-1.23027e-07-2.08143e-07-2.76982e-07
-3.23482e-07-3.42034e-07-3.23583e-07-2.56525e-07-1.35869e-07 2.05333e-08
 1.65677e-07 2.42895e-07 2.24157e-07 1.38208e-07 5.57919e-08 3.25978e-08
 6.15227e-08 8.79945e-08 7.43941e-08 3.71439e-08 1.37414e-08 1.23121e-08
 1.31208e-08 5.36251e-09-3.53359e-09-8.28762e-09-1.18170e-08-1.45718e-08
-1.47347e-08-1.41837e-08-1.44073e-08-1.37735e-08-1.23643e-08-1.16443e-08
-1.09279e-08-9.64945e-09-8.63507e-09-7.70858e-09-6.43426e-09-5.26858e-09
-4.15738e-09-2.88321e-09-1.77911e-09-7.92041e-10 2.29271e-10 1.12883e-09
 2.01503e-09 2.91990e-09 3.68514e-09 4.35104e-09 4.84708e-09 5.07811e-09
 5.13064e-09 5.00322e-09 4.71083e-09 4.30340e-09 3.76321e-09 3.14621e-09
 2.48361e-09 1.75877e-09 1.00393e-09 2.48260e-10-4.46052e-10-1.01594e-09
-1.44852e-09-1.75011e-09-1.96736e-09-2.15075e-09-2.31894e-09-2.46028e-09
-2.54062e-09-2.55410e-09-2.54332e-09-2.58332e-09-2.74060e-09-3.02913e-09
-3.40408e-09-3.77878e-09-4.05759e-09-4.16686e-09-4.07428e-09-3.78735e-09
-3.32188e-09-2.67043e-09-1.80792e-09-7.27549e-10 5.37636e-10 1.91681e-09
 3.30389e-09 4.57326e-09 5.61621e-09 6.35872e-09 6.75649e-09 6.80621e-09
 6.55161e-09 6.05467e-09 5.38113e-09 4.61140e-09 3.81780e-09 3.04225e-09
 2.33171e-09 1.74183e-09 1.27338e-09 8.73270e-10 5.02431e-10 1.30960e-10
-2.99740e-10-8.42145e-10-1.51393e-09-2.32050e-09-3.23039e-09-4.14097e-09
-4.94032e-09-5.56108e-09-5.93919e-09-6.00289e-09-5.72474e-09-5.13078e-09
-4.29892e-09-3.38907e-09-2.58464e-09-1.95224e-09-1.43076e-09-9.63992e-10
-5.56829e-10-2.10728e-10 1.20725e-10 5.25767e-10 1.09542e-09 1.82928e-09
 2.58899e-09 3.20507e-09 3.60814e-09 3.83130e-09 3.91985e-09 3.85308e-09
 3.55647e-09 3.00807e-09 2.32341e-09 1.70910e-09 1.30833e-09 1.09036e-09
 9.18676e-10 7.04298e-10 4.46510e-10 1.64779e-10-1.68148e-10-6.41645e-10
-1.32729e-09-2.16135e-09-2.94849e-09-3.49454e-09-3.73668e-09-3.76706e-09
-3.72509e-09-3.67765e-09-3.62124e-09-3.54604e-09-3.46368e-09-3.39809e-09
-3.33517e-09-3.17645e-09-2.79284e-09-2.13131e-09-1.24789e-09-2.62317e-10
 7.07308e-10 1.60225e-09 2.43464e-09 3.23225e-09 3.98211e-09 4.64940e-09
 5.23401e-09 5.76953e-09 6.27494e-09 6.73641e-09 7.10546e-09 7.29252e-09
 7.21651e-09 6.86873e-09 6.28106e-09 5.47959e-09 4.51863e-09 3.48382e-09
 2.43528e-09 1.41178e-09 4.52522e-10-4.43114e-10-1.31084e-09-2.15944e-09
-2.98488e-09-3.80276e-09-4.58764e-09-5.24035e-09-5.67035e-09-5.87197e-09
-5.93056e-09-5.98962e-09-6.16318e-09-6.43474e-09-6.66838e-09-6.73163e-09
-6.57830e-09-6.21274e-09-5.62657e-09-4.80085e-09-3.74740e-09-2.53914e-09
-1.29640e-09-9.84105e-11 1.09340e-09 2.36915e-09 3.73319e-09 5.06455e-09
 6.19665e-09 7.02557e-09 7.54388e-09 7.76659e-09 7.64297e-09 7.05981e-09
 5.94267e-09 4.36460e-09 2.53186e-09 6.51444e-10-1.15735e-09-2.83479e-09
-4.30175e-09-5.40523e-09-5.95880e-09-5.86365e-09-5.17745e-09-4.07373e-09
-2.75851e-09-1.41251e-09-1.95151e-10 7.27327e-10 1.21104e-09 1.20350e-09
 7.78898e-10 1.18902e-10-5.64799e-10-1.12639e-09-1.51102e-09-1.71141e-09
-1.73001e-09-1.56298e-09-1.20441e-09-6.73157e-10-1.84937e-11 7.10104e-10
 1.48240e-09 2.28295e-09 3.09821e-09 3.89673e-09 4.62419e-09 5.22317e-09
 5.64388e-09 5.84121e-09 5.77842e-09 5.42888e-09 4.78253e-09 3.87066e-09
 2.77786e-09 1.62369e-09 5.33393e-10-3.98495e-10-1.13708e-09-1.69801e-09
-2.11825e-09-2.43845e-09-2.69090e-09-2.89487e-09-3.06469e-09-3.21123e-09
-3.33730e-09-3.44281e-09-3.52648e-09-3.57850e-09-3.58015e-09-3.50806e-09
-3.34157e-09-3.08209e-09-2.76618e-09-2.45144e-09-2.18909e-09-1.99802e-09
-1.84708e-09-1.66075e-09-1.34854e-09-8.40387e-10-1.19547e-10 7.59696e-10
 1.68669e-09 2.53381e-09 3.19946e-09 3.64137e-09 3.88556e-09 4.00762e-09
 4.10368e-09 4.26165e-09 4.53167e-09 4.90367e-09 5.30243e-09 5.60420e-09
 5.67425e-09 5.41113e-09 4.77677e-09 3.80616e-09 2.59759e-09 1.28288e-09
-1.50682e-11-1.22238e-09-2.33579e-09-3.40864e-09-4.50265e-09-5.63489e-09
-6.75120e-09-7.73946e-09-8.47777e-09-8.88973e-09-8.97470e-09-8.80462e-09
-8.49189e-09-8.13419e-09-7.76012e-09-7.30832e-09-6.65142e-09-5.65584e-09
-4.25018e-09-2.46287e-09-4.10872e-10 1.74156e-09 3.82798e-09 5.71468e-09
 7.31817e-09 8.60388e-09 9.57133e-09 1.02332e-08 1.05986e-08 1.06728e-08
 1.04760e-08 1.00608e-08 9.50613e-09 8.88646e-09 8.23890e-09 7.54826e-09
 6.75592e-09 5.78347e-09 4.56109e-09 3.05783e-09 1.30829e-09-5.81620e-10
-2.46244e-09-4.19123e-09-5.67126e-09-6.85627e-09-7.72604e-09-8.26116e-09
-8.43933e-09-8.25382e-09-7.73566e-09-6.96184e-09-6.05087e-09-5.14942e-09
-4.40250e-09-3.90551e-09-3.65952e-09-3.56438e-09-3.46499e-09-3.22134e-09
-2.75078e-09-2.02215e-09-1.02846e-09 2.22485e-10 1.68780e-09 3.25841e-09
 4.73844e-09 5.84717e-09 6.25943e-09 5.71106e-09 4.18270e-09 2.11457e-09
 5.28639e-10 1.07390e-11
     0.0000e+00     0.0000e+00      0  0  0.00
     512   1.00000  0.0000e+00
-1.65336e-09-1.50622e-09-1.29844e-09-1.06725e-09-8.40056e-10-6.27216e-10
-4.29489e-10-2.48045e-10-8.56475e-11 6.56416e-11 2.42080e-10 5.11369e-10
 9.46347e-10 1.57677e-09 2.34888e-09 3.12537e-09 3.73523e-09 4.04963e-09
 4.04226e-09 3.80263e-09 3.49520e-09 3.28305e-09 3.25465e-09 3.39303e-09
 3.59897e-09 3.74529e-09 3.72810e-09 3.49430e-09 3.04093e-09 2.39612e-09
 1.60185e-09 7.12969e-10-1.96753e-10-1.04397e-09-1.76790e-09-2.36699e-09
-2.91107e-09-3.51241e-09-4.26471e-09-5.18127e-09-6.16841e-09-7.05696e-09
-7.68462e-09-7.98798e-09-8.04864e-09-8.06454e-09-8.26331e-09-8.79810e-09
-9.65802e-09-1.06122e-08-1.11989e-08-1.07663e-08-8.58228e-09-4.04551e-09
 2.98232e-09 1.17933e-08 2.06377e-08 2.70317e-08 2.86182e-08 2.41819e-08
 1.42778e-08 1.19394e-09-1.17234e-08-2.11335e-08-2.47730e-08-2.21369e-08
-1.45179e-08-4.39871e-09 5.55797e-09 1.34688e-08 1.86510e-08 2.13669e-08
 2.22372e-08 2.17735e-08 2.01961e-08 1.74953e-08 1.36568e-08 8.94791e-09
 4.11447e-09 3.55515e-10-9.69198e-10 1.16338e-09 6.88393e-09 1.49899e-08
 2.27667e-08 2.61738e-08 2.04626e-08 1.29484e-09-3.35690e-08-8.20660e-08
-1.35551e-07-1.77254e-07-1.83981e-07-1.36441e-07-3.57763e-08 9.00313e-08
 1.98394e-07 2.52550e-07 2.35885e-07 1.54017e-07 3.09653e-08-9.41822e-08
-1.76812e-07-1.86720e-07-1.27090e-07-3.70581e-08 2.88509e-08 3.57858e-08
-7.25625e-09-5.72248e-08-7.35807e-08-4.80072e-08-2.85679e-09 3.28446e-08
 4.36560e-08 3.50335e-08 3.38630e-08 7.89763e-08 1.98858e-07 3.84680e-07
 5.76169e-07 6.86216e-07 6.44471e-07 4.10297e-07-1.98949e-08-5.83432e-07
-1.14847e-06-1.54755e-06-1.62065e-06-1.27560e-06-5.52105e-07 3.60632e-07
 1.17418e-06 1.60414e-06 1.49658e-06 9.19141e-07 1.48482e-07-4.58316e-07
-6.53953e-07-4.44897e-07-7.67496e-08 1.51445e-07 1.13334e-07-6.96408e-08
-1.79965e-07-1.29378e-07-1.65944e-08 2.81922e-08-3.26084e-09-3.18682e-08
-2.04559e-08 5.77906e-10 7.30142e-09 9.51369e-09 1.35285e-08 1.31883e-08
 1.05729e-08 1.09875e-08 1.08964e-08 8.27437e-09 6.70560e-09 5.75967e-09
 3.52765e-09 1.90136e-09 1.18892e-09-2.53602e-11-8.53804e-10-1.05471e-09
-1.57190e-09-1.83333e-09-1.68566e-09-1.74759e-09-1.68458e-09-1.55549e-09
-1.71130e-09-1.79764e-09-1.84110e-09-1.93556e-09-1.84636e-09-1.74214e-09
-1.69093e-09-1.61084e-09-1.61756e-09-1.61678e-09-1.53675e-09-1.40603e-09
-1.16260e-09-8.79830e-10-6.05413e-10-3.15823e-10-3.11403e-11 2.78479e-10
 6.08459e-10 9.41774e-10 1.26597e-09 1.52330e-09 1.69522e-09 1.80092e-09
 1.87656e-09 1.93958e-09 1.96125e-09 1.91348e-09 1.77862e-09 1.55888e-09
 1.28388e-09 1.00208e-09 7.60866e-10 5.67236e-10 3.84417e-10 1.69687e-10
-8.80375e-11-3.62826e-10-6.19185e-10-8.37935e-10-1.01667e-09-1.16669e-09
-1.31458e-09-1.47931e-09-1.64280e-09-1.76089e-09-1.80892e-09-1.80294e-09
-1.76602e-09-1.69430e-09-1.56404e-09-1.34765e-09-1.03091e-09-6.36054e-10
-2.17382e-10 1.73666e-10 5.14448e-10 8.04305e-10 1.04380e-09 1.23249e-09
 1.37608e-09 1.48439e-09 1.56524e-09 1.61363e-09 1.61744e-09 1.59177e-09
 1.58204e-09 1.60719e-09 1.61729e-09 1.53326e-09 1.33283e-09 1.08678e-09
 9.01589e-10 8.15054e-10 7.44440e-10 5.70542e-10 2.92915e-10 6.40684e-11
 4.17330e-11 2.21861e-10 4.34033e-10 5.15366e-10 4.90171e-10 5.48587e-10
 8.22684e-10 1.19784e-09 1.39511e-09 1.26151e-09 9.25725e-10 6.38833e-10
 5.02756e-10 3.71215e-10 2.00742e-11-5.81472e-10-1.20962e-09-1.60746e-09
-1.73717e-09-1.80450e-09-2.02501e-09-2.37846e-09-2.63678e-09-2.61943e-09
-2.37871e-09-2.13435e-09-2.03748e-09-2.01865e-09-1.88648e-09-1.54603e-09
-1.09657e-09-7.34043e-10-5.61203e-10-4.92935e-10-3.65772e-10-1.18657e-10
 1.63002e-10 3.50906e-10 3.98571e-10 3.81202e-10 4.09924e-10 5.07950e-10
 5.92445e-10 5.64307e-10 3.99152e-10 1.67545e-10-2.89019e-11-1.45861e-10
-2.21269e-10-3.25085e-10-4.88081e-10-6.71402e-10-8.08055e-10-8.74714e-10
-9.15014e-10-9.92537e-10-1.12468e-09-1.26081e-09-1.33131e-09-1.32472e-09
-1.29966e-09-1.31297e-09-1.35330e-09-1.34634e-09-1.22261e-09-9.89060e-10
-7.16135e-10-4.40174e-10-1.08017e-10 3.57723e-10 9.50403e-10 1.55123e-09
 2.01253e-09 2.26962e-09 2.36446e-09 2.35068e-09 2.19163e-09 1.78930e-09
 1.12732e-09 3.60435e-10-2.66120e-10-5.96014e-10-6.57659e-10-5.78467e-10
-4.20963e-10-1.33407e-10 3.21299e-10 7.97166e-10 9.74470e-10 5.88878e-10
-3.49215e-10-1.56139e-09-2.69587e-09-3.51439e-09-3.89388e-09-3.66714e-09
-2.55833e-09-3.66839e-10 2.76601e-09 6.27342e-09 9.36299e-09 1.13474e-08
 1.18330e-08 1.06856e-08 7.94447e-09 3.84212e-09-1.08600e-09-5.95344e-09
-9.70036e-09-1.14451e-08-1.07762e-08-7.84251e-09-3.25493e-09 2.10526e-09
 7.25197e-09 1.12139e-08 1.31947e-08 1.27874e-08 1.01421e-08 5.97269e-09
 1.34909e-09-2.64676e-09-5.23285e-09-6.09346e-09-5.39546e-09-3.69092e-09
-1.75153e-09-3.64764e-10-1.07574e-10-1.15658e-09-3.21944e-09-5.62048e-09
-7.52388e-09-8.23348e-09-7.44463e-09-5.34163e-09-2.52632e-09 1.83537e-10
 2.01724e-09 2.48464e-09 1.52425e-09-4.64556e-10-2.73709e-09-4.44562e-09
-4.92349e-09-3.91884e-09-1.69143e-09 1.08061e-09 3.55017e-09 5.00635e-09
 5.12138e-09 4.04993e-09 2.35440e-09 7.94181e-10 4.60645e-11 4.49200e-10
 1.87592e-09 3.77883e-09 5.39692e-09 6.05111e-09 5.41218e-09 3.62827e-09
 1.26842e-09-8.97808e-10-2.20625e-09-2.35733e-09-1.51921e-09-2.49010e-10
 7.37059e-10 8.62461e-10-7.13121e-11-1.80715e-09-3.73874e-09-5.16142e-09
-5.56763e-09-4.85748e-09-3.37705e-09-1.77157e-09-7.09524e-10-5.93390e-10
-1.38906e-09-2.64942e-09-3.71721e-09-4.01540e-09-3.29859e-09-1.75835e-09
 6.37371e-11 1.52215e-09 2.16370e-09 1.93189e-09 1.18362e-09 5.18131e-10
 4.94608e-10 1.36098e-09 2.92726e-09 4.65239e-09 5.89870e-09 6.22762e-09
 5.60048e-09 4.39243e-09 3.20975e-09 2.59433e-09 2.75657e-09 3.47245e-09
 4.20154e-09 4.36140e-09 3.61450e-09 2.02982e-09 4.55646e-11-1.75047e-09
-2.91591e-09-3.37206e-09-3.42774e-09-3.59642e-09-4.30736e-09-5.65862e-09
-7.33410e-09-8.73529e-09-9.27217e-09-8.65962e-09-7.05746e-09-4.98612e-09
-3.07280e-09-1.76240e-09-1.13539e-09-9.17768e-10-6.72847e-10-6.92769e-11
 9.29626e-10 2.07121e-09 3.00842e-09 3.55738e-09 3.85646e-09 4.32720e-09
 5.44289e-09 7.41489e-09 9.97546e-09 1.24017e-08 1.37833e-08 1.33949e-08
 1.09939e-08 6.91873e-09 1.94940e-09-3.00172e-09-7.20603e-09-1.02819e-08
-1.21550e-08-1.28963e-08-1.25741e-08-1.12205e-08-8.91452e-09-5.89217e-09
-2.57263e-09 5.54791e-10 3.12609e-09 5.01697e-09 6.20445e-09 6.36081e-09
 4.39932e-09 1.34675e-09
     0.0000e+00     0.0000e+00      0  0  0.00
     512   1.00000  0.0000e+00
-7.05738e-09-7.48117e-09-7.50371e-09-7.03997e-09-6.09228e-09-4.76624e-09
-3.25082e-09-1.76157e-09-4.64068e-10 5.90297e-10 1.48237e-09 2.38082e-09
 3.45300e-09 4.77827e-09 6.31261e-09 7.92210e-09 9.45546e-09 1.08009e-08
 1.18968e-08 1.27100e-08 1.32174e-08 1.34087e-08 1.33016e-08 1.29543e-08
 1.24599e-08 1.19181e-08 1.13839e-08 1.08189e-08 1.00881e-08 9.02115e-09
 7.51123e-09 5.58415e-09 3.39236e-09 1.13947e-09-1.01443e-09-3.01045e-09
-4.88700e-09-6.73123e-09-8.62325e-09-1.06005e-08-1.26480e-08-1.47066e-08
-1.66905e-08-1.85033e-08-2.00459e-08-2.12244e-08-2.19762e-08-2.23120e-08
-2.23380e-08-2.22149e-08-2.20626e-08-2.18761e-08-2.15125e-08-2.07621e-08
-1.94686e-08-1.76540e-08-1.55766e-08-1.36355e-08-1.21300e-08-1.10407e-08
-1.00072e-08-8.51205e-09-6.13718e-09-2.75345e-09 1.43427e-09 5.99063e-09
 1.04434e-08 1.44710e-08 1.79924e-08 2.11338e-08 2.41450e-08 2.73481e-08
 3.10898e-08 3.56168e-08 4.08866e-08 4.64311e-08 5.13864e-08 5.47310e-08
 5.56858e-08 5.41440e-08 5.09768e-08 4.81207e-08 4.84128e-08 5.51098e-08
 7.09755e-08 9.68701e-08 1.29983e-07 1.62162e-07 1.79157e-07 1.61832e-07
 9.03782e-08-4.78974e-08-2.49049e-07-4.87153e-07-7.14308e-07-8.61767e-07
-8.53817e-07-6.46569e-07-2.64961e-07 1.97318e-07 6.11246e-07 8.58905e-07
 8.80326e-07 7.02263e-07 4.26023e-07 1.74323e-07 2.93774e-08-1.40593e-09
 2.49928e-08 3.70637e-08 3.95592e-09-4.84710e-08-7.07829e-08-3.87788e-08
 2.03777e-08 3.95269e-08-4.20852e-08-2.28852e-07-4.61379e-07-6.43927e-07
-6.79931e-07-5.20582e-07-2.00422e-07 1.79967e-07 5.05650e-07 6.82259e-07
 6.44768e-07 3.76851e-07-6.05748e-08-5.29470e-07-8.50962e-07-8.66578e-07
-5.15130e-07 1.08086e-07 7.61751e-07 1.15386e-06 1.08987e-06 6.03016e-07
-3.53463e-08-4.70958e-07-5.01655e-07-2.20218e-07 7.05849e-08 1.26491e-07
-3.07867e-08-1.81722e-07-1.73092e-07-6.50512e-08-2.39104e-09-1.98777e-08
-4.54251e-08-3.72337e-08-2.06776e-08-1.45372e-08-7.77408e-09 1.37615e-09
 4.41607e-09 5.48020e-09 9.56476e-09 1.14784e-08 1.05378e-08 1.09641e-08
 1.11178e-08 9.72903e-09 9.34279e-09 9.23428e-09 8.11593e-09 7.38043e-09
 6.60714e-09 5.07481e-09 3.92869e-09 3.00346e-09 1.88233e-09 1.12955e-09
 3.14443e-10-7.95235e-10-1.78238e-09-2.85382e-09-3.84863e-09-4.48761e-09
-5.02293e-09-5.40546e-09-5.65841e-09-5.91433e-09-6.03309e-09-6.04984e-09
-5.91621e-09-5.46909e-09-4.72955e-09-3.72340e-09-2.60324e-09-1.54904e-09
-5.94975e-10 2.82910e-10 1.21649e-09 2.30620e-09 3.52424e-09 4.74571e-09
 5.77656e-09 6.50341e-09 6.94821e-09 7.23268e-09 7.47817e-09 7.69199e-09
 7.77546e-09 7.58629e-09 7.01922e-09 6.07402e-09 4.87476e-09 3.61510e-09
 2.44183e-09 1.37169e-09 3.12579e-10-8.46182e-10-2.16833e-09-3.64065e-09
-5.16053e-09-6.57430e-09-7.75099e-09-8.61766e-09-9.15003e-09-9.37765e-09
-9.38733e-09-9.26735e-09-9.04938e-09-8.71236e-09-8.19560e-09-7.42195e-09
-6.36855e-09-5.08172e-09-3.60574e-09-1.98276e-09-3.11439e-10 1.30285e-09
 2.82617e-09 4.24988e-09 5.54081e-09 6.68219e-09 7.67411e-09 8.49283e-09
 9.13247e-09 9.62504e-09 9.93957e-09 9.95062e-09 9.55790e-09 8.76637e-09
 7.67884e-09 6.47154e-09 5.28580e-09 4.08957e-09 2.73937e-09 1.19503e-09
-4.18546e-10-1.95054e-09-3.33680e-09-4.59033e-09-5.72513e-09-6.65720e-09
-7.20288e-09-7.25181e-09-6.90873e-09-6.40891e-09-5.91974e-09-5.42209e-09
-4.75724e-09-3.81054e-09-2.66213e-09-1.53726e-09-5.97130e-10 1.96648e-10
 9.79263e-10 1.78507e-09 2.50820e-09 3.03154e-09 3.36894e-09 3.69586e-09
 4.20800e-09 4.91449e-09 5.59393e-09 5.98148e-09 6.00304e-09 5.81994e-09
 5.64985e-09 5.56750e-09 5.47657e-09 5.23640e-09 4.80015e-09 4.24231e-09
 3.65300e-09 3.01134e-09 2.19644e-09 1.13861e-09-7.42192e-11-1.26001e-09
-2.29519e-09-3.21874e-09-4.21146e-09-5.43908e-09-6.88285e-09-8.35231e-09
-9.66122e-09-1.07420e-08-1.16258e-08-1.23804e-08-1.30288e-08-1.34964e-08
-1.36836e-08-1.35562e-08-1.31041e-08-1.22754e-08-1.10105e-08-9.28110e-09
-7.10403e-09-4.59075e-09-1.94487e-09 6.54506e-10 3.12858e-09 5.46654e-09
 7.69919e-09 9.85875e-09 1.18623e-08 1.34809e-08 1.44962e-08 1.48542e-08
 1.46762e-08 1.41769e-08 1.35286e-08 1.27365e-08 1.16863e-08 1.03312e-08
 8.77322e-09 7.16509e-09 5.60343e-09 4.12217e-09 2.73528e-09 1.46532e-09
 3.17225e-10-8.00296e-10-2.07491e-09-3.62251e-09-5.31982e-09-6.84917e-09
-7.91256e-09-8.40299e-09-8.38411e-09-7.92276e-09-6.96662e-09-5.40426e-09
-3.26261e-09-8.52019e-10 1.31902e-09 2.80387e-09 3.40350e-09 3.15818e-09
 2.23746e-09 8.54601e-10-7.24846e-10-2.12206e-09-2.87778e-09-2.63295e-09
-1.32528e-09 7.59044e-10 3.11128e-09 5.19662e-09 6.59105e-09 7.02669e-09
 6.39731e-09 4.78059e-09 2.48398e-09 4.24379e-11-1.91104e-09-2.86854e-09
-2.64200e-09-1.43352e-09 2.44595e-10 1.75466e-09 2.52774e-09 2.19249e-09
 6.41173e-10-1.93375e-09-5.04964e-09-8.03504e-09-1.02196e-08-1.11539e-08
-1.07683e-08-9.38847e-09-7.59982e-09-6.02965e-09-5.13494e-09-5.06209e-09
-5.61832e-09-6.35176e-09-6.69988e-09-6.16666e-09-4.49583e-09-1.78849e-09
 1.49566e-09 4.67756e-09 7.09380e-09 8.33121e-09 8.36641e-09 7.56086e-09
 6.52086e-09 5.87990e-09 6.07827e-09 7.20675e-09 8.96749e-09 1.07736e-08
 1.19581e-08 1.20224e-08 1.08315e-08 8.66629e-09 6.10553e-09 3.79472e-09
 2.19885e-09 1.42612e-09 1.19474e-09 9.64857e-10 1.80848e-10-1.47777e-09
-3.94300e-09-6.77499e-09-9.34093e-09-1.10693e-08-1.16733e-08-1.12616e-08
-1.02920e-08-9.38607e-09-9.07351e-09-9.56328e-09-1.06405e-08-1.17496e-08
-1.22277e-08-1.15777e-08-9.66502e-09-6.76328e-09-3.43161e-09-2.85574e-10
 2.23923e-09 4.04462e-09 5.38493e-09 6.71543e-09 8.43294e-09 1.06407e-08
 1.30651e-08 1.51715e-08 1.64194e-08 1.65239e-08 1.55963e-08 1.41097e-08
 1.26943e-08 1.18411e-08 1.16524e-08 1.17684e-08 1.15197e-08 1.02440e-08
 7.61688e-09 3.82205e-09-5.31255e-10-4.68564e-09-8.05534e-09-1.04325e-08
-1.20024e-08-1.31839e-08-1.43713e-08-1.57020e-08-1.69770e-08-1.77909e-08
-1.78034e-08-1.69782e-08-1.56287e-08-1.42470e-08-1.32256e-08-1.26286e-08
-1.21288e-08-1.11441e-08-9.10984e-09-5.76662e-09-1.33234e-09 3.53254e-09
 7.96921e-09 1.12673e-08 1.31391e-08 1.37730e-08 1.36564e-08 1.33015e-08
 1.30405e-08 1.29705e-08 1.30206e-08 1.30722e-08 1.30755e-08 1.30947e-08
 1.32211e-08 1.33917e-08 1.32468e-08 1.21719e-08 9.55689e-09 5.14557e-09
-7.34000e-10-7.19658e-09-1.30752e-08-1.72995e-08-1.91992e-08-1.86271e-08
-1.58952e-08-1.15921e-08-6.39863e-09-1.03304e-09 3.60488e-09 6.19963e-09
 5.00336e-09 1.60895e-09
     0.0000e+00     0.0000e+00      0  0  0.00
     512   1.00000  0.0000e+00
 3.06590e-09 3.07384e-09 2.98352e-09 2.81131e-09 2.56320e-09 2.23019e-09
 1.80303e-09 1.29280e-09 7.36401e-10 1.79211e-10-3.52717e-10-8.70144e-10
-1.41568e-09-2.03962e-09-2.76939e-09-3.58727e-09-4.42943e-09-5.20967e-09
-5.85565e-09-6.33437e-09-6.65022e-09-6.81989e-09-6.84922e-09-6.73415e-09
-6.48213e-09-6.12789e-09-5.72294e-09-5.30394e-09-4.86478e-09-4.35450e-09
-3.70278e-09-2.85803e-09-1.81822e-09-6.39733e-10 5.82247e-10 1.75467e-09
 2.82469e-09 3.78769e-09 4.66037e-09 5.44511e-09 6.11971e-09 6.65977e-09
 7.06720e-09 7.37293e-09 7.61037e-09 7.78569e-09 7.87142e-09 7.82513e-09
 7.61589e-09 7.24260e-09 6.73775e-09 6.15560e-09 5.54756e-09 4.93711e-09
 4.31394e-09 3.65582e-09 2.96249e-09 2.27257e-09 1.65095e-09 1.16163e-09
 8.51506e-10 7.51668e-10 8.80185e-10 1.23535e-09 1.78942e-09 2.49812e-09
 3.32290e-09 4.24726e-09 5.27669e-09 6.42891e-09 7.72142e-09 9.15284e-09
 1.06767e-08 1.21786e-08 1.34736e-08 1.43286e-08 1.45081e-08 1.38391e-08
 1.22982e-08 1.01035e-08 7.76050e-09 6.00188e-09 5.57713e-09 6.89703e-09
 9.58570e-09 1.20559e-08 1.12888e-08 3.04390e-09-1.72872e-08-5.30524e-08
-1.04031e-07-1.63773e-07-2.19081e-07-2.55410e-07-2.61963e-07-2.29054e-07
-1.50847e-07-3.83011e-08 7.91250e-08 1.67486e-07 2.02959e-07 1.81246e-07
 1.18979e-07 4.64471e-08-4.01719e-09-1.22455e-08 1.97222e-08 7.20618e-08
 1.22556e-07 1.58949e-07 1.79779e-07 1.86322e-07 1.75868e-07 1.45129e-07
 1.03380e-07 8.12537e-08 1.13607e-07 1.98360e-07 2.77796e-07 2.81531e-07
 1.88578e-07 3.36619e-08-1.35878e-07-2.90410e-07-4.14722e-07-4.95434e-07
-5.21089e-07-4.91257e-07-4.19136e-07-3.25237e-07-2.28610e-07-1.38910e-07
-5.31087e-08 4.05063e-08 1.51526e-07 2.72275e-07 3.70231e-07 4.01164e-07
 3.39200e-07 2.04663e-07 6.34464e-08-1.43782e-08-8.76448e-09 3.43806e-08
 4.88839e-08 1.45366e-08-3.02916e-08-4.37080e-08-2.95833e-08-1.91524e-08
-2.30565e-08-2.71589e-08-2.38794e-08-1.96999e-08-1.73456e-08-1.35753e-08
-9.59539e-09-7.90680e-09-6.55657e-09-4.58194e-09-3.71752e-09-3.52770e-09
-2.94144e-09-2.82535e-09-3.11432e-09-2.99267e-09-2.98204e-09-3.17653e-09
-3.05799e-09-2.96110e-09-2.91492e-09-2.57495e-09-2.21591e-09-1.85176e-09
-1.28256e-09-6.71342e-10 4.10814e-11 8.55401e-10 1.51966e-09 2.03789e-09
 2.39114e-09 2.55176e-09 2.68080e-09 2.81394e-09 2.95479e-09 3.09417e-09
 3.13471e-09 3.08412e-09 2.93897e-09 2.64141e-09 2.17971e-09 1.58029e-09
 9.62386e-10 4.37521e-10 2.85549e-11-2.85262e-10-5.75533e-10-9.30679e-10
-1.41138e-09-1.98440e-09-2.50759e-09-2.84593e-09-2.96468e-09-2.92591e-09
-2.82194e-09-2.72975e-09-2.68958e-09-2.66593e-09-2.55275e-09-2.26293e-09
-1.81723e-09-1.31594e-09-8.30468e-10-3.53752e-10 1.53506e-10 7.00048e-10
 1.25813e-09 1.79554e-09 2.28220e-09 2.68047e-09 2.97544e-09 3.20677e-09
 3.42267e-09 3.61895e-09 3.76441e-09 3.83766e-09 3.79367e-09 3.56611e-09
 3.14619e-09 2.59963e-09 2.00245e-09 1.40417e-09 8.22115e-10 2.43235e-10
-3.45664e-10-9.52703e-10-1.61425e-09-2.35093e-09-3.08544e-09-3.70605e-09
-4.18913e-09-4.56226e-09-4.80962e-09-4.89997e-09-4.84189e-09-4.67321e-09
-4.44666e-09-4.20160e-09-3.90517e-09-3.46900e-09-2.84908e-09-2.08815e-09
-1.27186e-09-4.81453e-10 2.47168e-10 9.44200e-10 1.63465e-09 2.26020e-09
 2.75085e-09 3.13337e-09 3.49389e-09 3.87397e-09 4.22509e-09 4.43594e-09
 4.42387e-09 4.20579e-09 3.87157e-09 3.50578e-09 3.11703e-09 2.64017e-09
 2.03289e-09 1.33436e-09 6.13752e-10-1.02977e-10-8.52690e-10-1.66549e-09
-2.46989e-09-3.12497e-09-3.54237e-09-3.73820e-09-3.79613e-09-3.78804e-09
-3.71253e-09-3.51839e-09-3.16196e-09-2.63696e-09-1.98198e-09-1.24217e-09
-4.27810e-10 4.48708e-10 1.32818e-09 2.12809e-09 2.78626e-09 3.29472e-09
 3.70575e-09 4.07159e-09 4.38129e-09 4.57858e-09 4.60679e-09 4.42281e-09
 4.02669e-09 3.48858e-09 2.89374e-09 2.27762e-09 1.65108e-09 1.03186e-09
 4.27272e-10-1.56046e-10-6.95763e-10-1.18187e-09-1.61520e-09-1.96256e-09
-2.16337e-09-2.18453e-09-2.04084e-09-1.78752e-09-1.51562e-09-1.29909e-09
-1.12164e-09-9.13786e-10-6.50480e-10-3.58114e-10-8.25451e-11 1.05571e-10
 1.41669e-10 1.91264e-11-2.26145e-10-5.43196e-10-8.54215e-10-1.07650e-09
-1.18701e-09-1.23533e-09-1.28101e-09-1.33120e-09-1.32804e-09-1.18328e-09
-8.59961e-10-4.35442e-10-4.64358e-11 2.20815e-10 3.71287e-10 4.76078e-10
 6.10175e-10 7.95680e-10 1.02625e-09 1.31943e-09 1.70546e-09 2.18456e-09
 2.69138e-09 3.09910e-09 3.28741e-09 3.18333e-09 2.73241e-09 1.88526e-09
 6.13627e-10-1.05711e-09-2.99268e-09-4.94939e-09-6.65458e-09-7.88641e-09
-8.51449e-09-8.49007e-09-7.80784e-09-6.51669e-09-4.76207e-09-2.77789e-09
-8.28595e-10 8.61398e-10 2.15200e-09 2.97620e-09 3.31550e-09 3.20533e-09
 2.74109e-09 2.05740e-09 1.29458e-09 5.69642e-10-3.80834e-11-4.80729e-10
-7.25618e-10-7.49850e-10-5.45744e-10-1.23622e-10 4.85296e-10 1.22965e-09
 2.05016e-09 2.88788e-09 3.68899e-09 4.41410e-09 5.03307e-09 5.51208e-09
 5.81462e-09 5.90479e-09 5.75177e-09 5.34269e-09 4.68776e-09 3.81832e-09
 2.78586e-09 1.65109e-09 4.71825e-10-6.94961e-10-1.79025e-09-2.75890e-09
-3.55942e-09-4.17702e-09-4.63256e-09-4.97710e-09-5.27492e-09-5.58137e-09
-5.91778e-09-6.25288e-09-6.50737e-09-6.58414e-09-6.40848e-09-5.95963e-09
-5.27346e-09-4.41120e-09-3.41989e-09-2.31140e-09-1.06843e-09 3.26474e-10
 1.85875e-09 3.46518e-09 5.03507e-09 6.42966e-09 7.51996e-09 8.22754e-09
 8.54813e-09 8.54402e-09 8.30740e-09 7.92202e-09 7.44897e-09 6.92995e-09
 6.38767e-09 5.81706e-09 5.17559e-09 4.38693e-09 3.36639e-09 2.05845e-09
 4.64578e-10-1.34981e-09-3.26687e-09-5.14337e-09-6.84699e-09-8.28802e-09
-9.42953e-09-1.02640e-08-1.07676e-08-1.08736e-08-1.04998e-08-9.61948e-09
-8.32078e-09-6.80719e-09-5.33205e-09-4.10256e-09-3.19986e-09-2.55030e-09
-1.96016e-09-1.20080e-09-1.12439e-10 1.31826e-09 2.95415e-09 4.58523e-09
 6.03601e-09 7.22948e-09 8.17216e-09 8.88409e-09 9.33751e-09 9.45678e-09
 9.17589e-09 8.50466e-09 7.55943e-09 6.54431e-09 5.68718e-09 5.14884e-09
 4.94362e-09 4.91813e-09 4.81144e-09 4.37196e-09 3.46359e-09 2.09960e-09
 4.01656e-10-1.46312e-09-3.31773e-09-4.98060e-09-6.27340e-09-7.05713e-09
-7.28486e-09-7.03530e-09-6.50499e-09-5.96228e-09-5.67657e-09-5.83607e-09
-6.47402e-09-7.43785e-09-8.43044e-09-9.10696e-09-9.16881e-09-8.40719e-09
-6.70657e-09-4.06263e-09-6.42344e-10 3.15804e-09 6.73564e-09 9.41815e-09
 1.06680e-08 1.02609e-08 8.37154e-09 5.54951e-09 2.59826e-09 3.76852e-10
-4.47416e-10-2.23552e-10
     0.0000e+00     0.0000e+00      0  0  0.00
     512   1.00000  0.0000e+00
 2.60803e-09 3.14306e-09 3.51833e-09 3.59745e-09 3.30328e-09 2.66534e-09
 1.82195e-09 9.67425e-10 2.68571e-10-2.04312e-10-4.96593e-10-7.33933e-10
-1.05612e-09-1.55443e-09-2.23946e-09-3.04900e-09-3.88466e-09-4.65105e-09
-5.27496e-09-5.70293e-09-5.89436e-09-5.82751e-09-5.51978e-09-5.04545e-09
-4.52837e-09-4.09911e-09-3.83186e-09-3.69819e-09-3.57200e-09-3.28842e-09
-2.72484e-09-1.86047e-09-7.85546e-10 3.42215e-10 1.37060e-09 2.21665e-09
 2.88730e-09 3.45145e-09 3.99036e-09 4.56126e-09 5.18775e-09 5.86607e-09
 6.57008e-09 7.24937e-09 7.82770e-09 8.21464e-09 8.33738e-09 8.18300e-09
 7.82259e-09 7.39020e-09 7.01733e-09 6.75738e-09 6.54487e-09 6.21564e-09
 5.58593e-09 4.56123e-09 3.21600e-09 1.77835e-09 5.15436e-10-4.02741e-10
-9.73726e-10-1.34086e-09-1.71054e-09-2.25630e-09-3.04993e-09-4.04717e-09
-5.13096e-09-6.18155e-09-7.12137e-09-7.90874e-09-8.50897e-09-8.88364e-09
-8.99620e-09-8.81516e-09-8.32039e-09-7.53028e-09-6.54590e-09-5.58495e-09
-4.97541e-09-5.09191e-09-6.23687e-09-8.48844e-09-1.15474e-08-1.46156e-08
-1.63463e-08-1.49411e-08-8.49966e-09 4.29213e-09 2.31498e-08 4.50389e-08
 6.33288e-08 6.77803e-08 4.74006e-08-1.04129e-09-6.52998e-08-1.21860e-07
-1.48582e-07-1.34906e-07-8.41393e-08-9.31770e-09 6.90165e-08 1.25023e-07
 1.38590e-07 1.08979e-07 5.77164e-08 1.55317e-08 1.69868e-09 1.26352e-08
 2.86968e-08 3.28261e-08 2.49771e-08 1.95630e-08 3.01795e-08 5.91358e-08
 1.01888e-07 1.56155e-07 2.15875e-07 2.54955e-07 2.37376e-07 1.46679e-07
-2.07296e-08-2.76296e-07-6.09914e-07-9.50439e-07-1.18040e-06-1.18246e-06
-8.82683e-07-2.87255e-07 4.94381e-07 1.25991e-06 1.76830e-06 1.82359e-06
 1.36750e-06 5.36429e-07-3.71302e-07-1.01423e-06-1.16668e-06-8.42753e-07
-2.93489e-07 1.41656e-07 2.49319e-07 7.63582e-08-1.36830e-07-1.79777e-07
-5.14052e-08 8.21409e-08 9.59593e-08 2.92886e-08-8.06456e-09 1.23091e-08
 3.65568e-08 3.39760e-08 2.44869e-08 2.14859e-08 1.58119e-08 7.41052e-09
 4.06932e-09 2.07465e-09-2.65722e-09-5.47062e-09-5.82818e-09-7.19630e-09
-7.86522e-09-6.76294e-09-6.24833e-09-5.68761e-09-4.12514e-09-3.04680e-09
-2.12815e-09-7.37079e-10 1.28624e-10 7.47059e-10 1.50911e-09 1.82860e-09
 2.07808e-09 2.45607e-09 2.62743e-09 2.89281e-09 3.14124e-09 3.10461e-09
 2.99002e-09 2.71162e-09 2.32077e-09 2.00441e-09 1.66696e-09 1.37441e-09
 1.11428e-09 7.84646e-10 4.56493e-10 1.37907e-10-1.26097e-10-3.21977e-10
-5.36033e-10-7.77932e-10-1.05482e-09-1.34018e-09-1.57881e-09-1.73779e-09
-1.78325e-09-1.74480e-09-1.68262e-09-1.63608e-09-1.60697e-09-1.55735e-09
-1.45948e-09-1.31006e-09-1.12739e-09-9.41046e-10-7.69961e-10-6.07188e-10
-4.20965e-10-1.83724e-10 9.60278e-11 3.72684e-10 6.00180e-10 7.64711e-10
 8.84279e-10 9.89039e-10 1.09993e-09 1.21529e-09 1.31140e-09 1.36194e-09
 1.36244e-09 1.33494e-09 1.31258e-09 1.31475e-09 1.32484e-09 1.29726e-09
 1.20019e-09 1.05113e-09 8.99400e-10 7.76772e-10 6.76207e-10 5.71346e-10
 4.48779e-10 3.20213e-10 1.98230e-10 7.64350e-11-4.92326e-11-1.59512e-10
-2.34881e-10-2.89374e-10-3.54953e-10-4.34715e-10-4.94164e-10-4.89718e-10
-4.06832e-10-2.95567e-10-2.44185e-10-2.81016e-10-3.24998e-10-2.72104e-10
-1.27344e-10-1.72845e-11-5.87529e-11-2.34021e-10-4.17128e-10-5.24193e-10
-6.17686e-10-8.46058e-10-1.27586e-09-1.79735e-09-2.21973e-09-2.45171e-09
-2.57476e-09-2.73222e-09-2.93648e-09-3.02997e-09-2.86968e-09-2.49300e-09
-2.07480e-09-1.75273e-09-1.50825e-09-1.22660e-09-8.59968e-10-4.92548e-10
-2.57260e-10-2.11806e-10-2.80622e-10-3.36306e-10-3.42583e-10-3.70950e-10
-4.96589e-10-7.08910e-10-9.09553e-10-1.01105e-09-1.01702e-09-9.78138e-10
-9.13157e-10-7.86719e-10-5.42012e-10-1.54064e-10 3.52980e-10 9.37382e-10
 1.57670e-09 2.27744e-09 3.05696e-09 3.91282e-09 4.80445e-09 5.67430e-09
 6.48788e-09 7.23661e-09 7.90513e-09 8.45524e-09 8.83931e-09 9.01831e-09
 8.97233e-09 8.69434e-09 8.17299e-09 7.39055e-09 6.33692e-09 5.03109e-09
 3.53226e-09 1.91485e-09 2.33110e-10-1.47550e-09-3.15033e-09-4.68885e-09
-5.98927e-09-7.00624e-09-7.74462e-09-8.20048e-09-8.33127e-09-8.09566e-09
-7.51807e-09-6.71143e-09-5.82153e-09-4.93665e-09-4.07464e-09-3.27134e-09
-2.64731e-09-2.34815e-09-2.41657e-09-2.73445e-09-3.09703e-09-3.35450e-09
-3.46711e-09-3.42205e-09-3.14387e-09-2.52346e-09-1.56080e-09-4.72586e-10
 3.85082e-10 7.08255e-10 3.74758e-10-5.62894e-10-1.97212e-09-3.68088e-09
-5.40380e-09-6.68442e-09-6.97886e-09-5.85459e-09-3.19102e-09 7.49365e-10
 5.41545e-09 1.01074e-08 1.40710e-08 1.65690e-08 1.69804e-08 1.49846e-08
 1.07587e-08 5.00576e-09-1.21969e-09-6.78295e-09-1.07211e-08-1.23979e-08
-1.15917e-08-8.56858e-09-4.07839e-09 7.99071e-10 4.93458e-09 7.45171e-09
 7.94305e-09 6.53900e-09 3.83604e-09 7.19453e-10-1.88239e-09-3.25065e-09
-3.06844e-09-1.50000e-09 8.70550e-10 3.23006e-09 4.80434e-09 5.10855e-09
 4.09967e-09 2.18783e-09 9.35505e-11-1.39503e-09-1.68655e-09-5.98022e-10
 1.57436e-09 4.15137e-09 6.28548e-09 7.23125e-09 6.59145e-09 4.45316e-09
 1.36492e-09-1.84427e-09-4.34861e-09-5.60454e-09-5.52274e-09-4.48247e-09
-3.17927e-09-2.35716e-09-2.52881e-09-3.78317e-09-5.74997e-09-7.73558e-09
-8.98068e-09-8.94744e-09-7.52835e-09-5.09345e-09-2.34959e-09-6.83855e-11
 1.20375e-09 1.34752e-09 7.05937e-10-6.91374e-11-2.92421e-10 4.70847e-10
 2.22226e-09 4.52481e-09 6.67963e-09 8.00907e-09 8.13217e-09 7.12110e-09
 5.46545e-09 3.86044e-09 2.91378e-09 2.89226e-09 3.61573e-09 4.54351e-09
 5.01450e-09 4.53837e-09 3.01440e-09 7.83253e-10-1.51827e-09-3.23613e-09
-3.98090e-09-3.78863e-09-3.09200e-09-2.51291e-09-2.56988e-09-3.43511e-09
-4.85399e-09-6.26461e-09-7.06230e-09-6.88678e-09-5.79742e-09-4.24991e-09
-2.87786e-09-2.18494e-09-2.30480e-09-2.94581e-09-3.53972e-09-3.52052e-09
-2.60441e-09-9.35674e-10 9.79011e-10 2.51867e-09 3.25417e-09 3.15555e-09
 2.59633e-09 2.15654e-09 2.32556e-09 3.25775e-09 4.70708e-09 6.16986e-09
 7.15247e-09 7.41911e-09 7.09220e-09 6.55802e-09 6.22747e-09 6.27772e-09
 6.52030e-09 6.48303e-09 5.67178e-09 3.86597e-09 1.28090e-09-1.49061e-09
-3.72669e-09-4.89390e-09-4.88134e-09-4.03736e-09-2.99325e-09-2.37233e-09
-2.53916e-09-3.50710e-09-5.02774e-09-6.78766e-09-8.58066e-09-1.03393e-08
-1.20059e-08-1.33461e-08-1.38620e-08-1.28990e-08-9.92532e-09-4.85667e-09
 1.74109e-09 8.69814e-09 1.45588e-08 1.80528e-08 1.85075e-08 1.60224e-08
 1.13618e-08 5.66425e-09 1.28720e-10-4.20775e-09-6.57571e-09-6.53236e-09
-4.08101e-09-1.14356e-09
     0.0000e+00     0.0000e+00      0  0  0.00
     512   1.00000  0.0000e+00
-1.14401e-11 2.09075e-10 3.84831e-10 4.54616e-10 4.09436e-10 2.97190e-10
 1.74694e-10 4.65914e-11-1.50411e-10-4.96153e-10-1.00435e-09-1.57267e-09
-2.00763e-09-2.11568e-09-1.81078e-09-1.17761e-09-4.48422e-10 1.03677e-10
 2.99991e-10 1.38654e-10-2.30022e-10-6.14716e-10-8.92571e-10-1.03478e-09
-1.04702e-09-9.00791e-10-5.30132e-10 1.02620e-10 9.34354e-10 1.78821e-09
 2.43900e-09 2.72241e-09 2.62659e-09 2.30982e-09 2.02285e-09 1.97091e-09
 2.20131e-09 2.59790e-09 2.98770e-09 3.27424e-09 3.48949e-09 3.73119e-09
 4.05680e-09 4.43712e-09 4.80348e-09 5.12724e-09 5.44535e-09 5.80227e-09
 6.14612e-09 6.24203e-09 5.65787e-09 3.86315e-09 4.50960e-10-4.56700e-09
-1.05234e-08-1.61067e-08-1.97346e-08-2.01568e-08-1.69760e-08-1.08535e-08
-3.35903e-09 3.46395e-09 7.69755e-09 8.14766e-09 4.73176e-09-1.52253e-09
-8.90373e-09-1.56965e-08-2.07852e-08-2.38892e-08-2.53969e-08-2.60010e-08
-2.63380e-08-2.67379e-08-2.71274e-08-2.70885e-08-2.60246e-08-2.33713e-08
-1.88106e-08-1.24638e-08-5.01666e-09 2.29824e-09 7.93322e-09 1.04973e-08
 9.43384e-09 5.78306e-09 2.80118e-09 6.11725e-09 2.30818e-08 6.09971e-08
 1.24105e-07 2.09505e-07 3.04167e-07 3.86497e-07 4.29224e-07 4.01307e-07
 2.81080e-07 7.92238e-08-1.55818e-07-3.57690e-07-4.68559e-07-4.60991e-07
-3.49851e-07-1.88634e-07-4.92995e-08 1.10998e-08-2.12199e-08-1.15864e-07
-2.22717e-07-3.00459e-07-3.29456e-07-3.04230e-07-2.20907e-07-8.19238e-08
 7.64752e-08 1.68403e-07 1.11427e-07-6.55922e-08-1.94834e-07-1.10903e-07
 1.83670e-07 5.28387e-07 7.48061e-07 7.53687e-07 5.45567e-07 1.79029e-07
-2.50026e-07-6.07642e-07-7.53230e-07-5.99018e-07-1.61455e-07 4.21979e-07
 9.26881e-07 1.12611e-06 8.95755e-07 2.99990e-07-4.05132e-07-8.88122e-07
-9.30361e-07-5.71814e-07-9.68461e-08 1.69292e-07 1.10651e-07-1.04880e-07
-2.12544e-07-1.20612e-07 3.19719e-08 8.21585e-08 3.33315e-08-4.42753e-09
 1.12453e-08 3.32512e-08 3.30018e-08 2.98105e-08 3.17826e-08 2.75487e-08
 2.08287e-08 1.98820e-08 1.82610e-08 1.29631e-08 1.00909e-08 8.63496e-09
 5.48373e-09 3.83252e-09 3.65267e-09 2.33358e-09 1.62032e-09 1.83786e-09
 1.30391e-09 1.15318e-09 1.55119e-09 1.41919e-09 1.59838e-09 2.00952e-09
 1.90568e-09 1.76080e-09 1.30627e-09 4.32444e-10-1.21475e-10-3.89503e-10
-3.31620e-10 9.51242e-11 3.57322e-10 3.80447e-10 1.76120e-10-2.73537e-10
-7.13694e-10-1.15729e-09-1.54298e-09-1.66953e-09-1.49079e-09-1.01406e-09
-5.02151e-10-2.62493e-10-4.03762e-10-8.69463e-10-1.36816e-09-1.56474e-09
-1.27132e-09-5.90022e-10 9.08652e-11 3.96035e-10 1.94006e-10-3.39990e-10
-8.52269e-10-1.01998e-09-7.21261e-10-1.32826e-10 3.79706e-10 5.37506e-10
 3.51871e-10 5.76241e-11-1.32113e-10-1.82595e-10-1.92675e-10-2.56313e-10
-3.80253e-10-4.93187e-10-5.03492e-10-3.62603e-10-1.16218e-10 9.88836e-11
 1.51115e-10 4.19059e-12-2.97114e-10-6.46435e-10-8.55723e-10-7.44246e-10
-3.11669e-10 2.48497e-10 7.12254e-10 9.46210e-10 9.28633e-10 7.40368e-10
 5.13059e-10 3.73207e-10 4.32737e-10 7.26128e-10 1.12862e-09 1.45645e-09
 1.63654e-09 1.67721e-09 1.55784e-09 1.26967e-09 9.02528e-10 6.21995e-10
 5.83328e-10 8.21218e-10 1.17381e-09 1.39482e-09 1.38166e-09 1.23295e-09
 1.11083e-09 1.12286e-09 1.28692e-09 1.54647e-09 1.85657e-09 2.24118e-09
 2.69127e-09 3.05575e-09 3.12969e-09 2.83137e-09 2.27041e-09 1.67326e-09
 1.21741e-09 8.95455e-10 5.41985e-10-4.62957e-12-7.52254e-10-1.54645e-09
-2.21731e-09-2.71063e-09-3.05457e-09-3.24468e-09-3.20892e-09-2.91061e-09
-2.47618e-09-2.15679e-09-2.13795e-09-2.39743e-09-2.72683e-09-2.89953e-09
-2.84859e-09-2.69364e-09-2.62350e-09-2.75018e-09-3.04714e-09-3.42985e-09
-3.85320e-09-4.28780e-09-4.65345e-09-4.81748e-09-4.66655e-09-4.21786e-09
-3.64981e-09-3.16783e-09-2.82764e-09-2.49309e-09-1.94694e-09-1.04494e-09
 1.77435e-10 1.51146e-09 2.73072e-09 3.74339e-09 4.56235e-09 5.20414e-09
 5.67382e-09 5.97741e-09 6.12462e-09 6.14237e-09 6.03091e-09 5.68762e-09
 4.95523e-09 3.77333e-09 2.24680e-09 5.98519e-10-9.17764e-10-2.14702e-09
-3.12693e-09-4.00256e-09-4.87034e-09-5.73815e-09-6.52658e-09-7.05436e-09
-7.12998e-09-6.70461e-09-5.91505e-09-5.02184e-09-4.29738e-09-3.86378e-09
-3.59119e-09-3.19599e-09-2.46730e-09-1.40846e-09-1.99358e-10 9.46133e-10
 1.92732e-09 2.80929e-09 3.71521e-09 4.66501e-09 5.52524e-09 6.08061e-09
 6.15937e-09 5.73797e-09 4.94315e-09 3.98566e-09 3.11851e-09 2.60775e-09
 2.68136e-09 3.45885e-09 4.87986e-09 6.70190e-09 8.57955e-09 1.01461e-08
 1.10762e-08 1.11286e-08 1.01542e-08 8.12347e-09 5.20114e-09 1.79481e-09
-1.50224e-09-4.09832e-09-5.61409e-09-5.97016e-09-5.34886e-09-4.11309e-09
-2.73013e-09-1.70335e-09-1.45962e-09-2.18984e-09-3.75340e-09-5.71437e-09
-7.47625e-09-8.45607e-09-8.23768e-09-6.67827e-09-3.96249e-09-5.78058e-10
 2.79286e-09 5.44697e-09 6.86112e-09 6.84725e-09 5.60394e-09 3.65253e-09
 1.66313e-09 2.22598e-10-3.61940e-10-1.49893e-10 4.82784e-10 9.99818e-10
 9.03059e-10-8.43994e-11-1.90819e-09-4.18829e-09-6.33955e-09-7.76819e-09
-8.06775e-09-7.14447e-09-5.25239e-09-2.93339e-09-8.62894e-10 3.61008e-10
 4.20606e-10-5.99309e-10-2.22553e-09-3.74948e-09-4.47076e-09-3.94714e-09
-2.15868e-09 4.73212e-10 3.22907e-09 5.36303e-09 6.39705e-09 6.30288e-09
 5.48124e-09 4.54104e-09 3.99203e-09 4.01080e-09 4.38345e-09 4.63132e-09
 4.25133e-09 2.96734e-09 8.88803e-10-1.49474e-09-3.48994e-09-4.47853e-09
-4.17618e-09-2.74564e-09-7.19928e-10 1.19929e-09 2.36822e-09 2.38512e-09
 1.19921e-09-8.74303e-10-3.24514e-09-5.23654e-09-6.31675e-09-6.27746e-09
-5.27651e-09-3.73030e-09-2.11576e-09-7.74297e-10 2.05520e-10 9.84699e-10
 1.84017e-09 2.93903e-09 4.13645e-09 4.95035e-09 4.78203e-09 3.28426e-09
 6.56104e-10-2.33121e-09-4.61496e-09-5.29210e-09-4.02374e-09-1.20176e-09
 2.20113e-09 5.03224e-09 6.43846e-09 6.20712e-09 4.78625e-09 2.96552e-09
 1.41623e-09 3.79412e-10-3.21523e-10-9.96187e-10-1.76202e-09-2.40787e-09
-2.51514e-09-1.73634e-09-6.42283e-11 2.05231e-09 3.82335e-09 4.44097e-09
 3.46609e-09 1.06799e-09-2.03084e-09-4.88014e-09-6.70809e-09-7.18045e-09
-6.41139e-09-4.80123e-09-2.84807e-09-1.01883e-09 3.29849e-10 1.01373e-09
 1.05169e-09 6.30124e-10 1.62846e-11-5.22313e-10-7.62777e-10-5.57415e-10
 1.25726e-10 1.17829e-09 2.38926e-09 3.52989e-09 4.40910e-09 4.85336e-09
 4.66688e-09 3.68230e-09 1.92591e-09-2.35465e-10-2.14599e-09-3.15502e-09
-2.98674e-09-1.92245e-09-6.52713e-10 1.18318e-10 9.13239e-11-4.13742e-10
-5.82000e-10-2.29446e-10
     0.0000e+00     0.0000e+00      0  0  0.00
     512   1.00000  0.0000e+00
 2.16905e-09 2.02295e-09 1.79143e-09 1.52535e-09 1.26914e-09 1.03929e-09
 8.17419e-10 5.62889e-10 2.37937e-10-1.70415e-10-6.43126e-10-1.13728e-09
-1.60291e-09-2.00031e-09-2.31183e-09-2.54426e-09-2.72164e-09-2.87384e-09
-3.02782e-09-3.20321e-09-3.40869e-09-3.63755e-09-3.86491e-09-4.04948e-09
-4.14144e-09-4.09688e-09-3.89538e-09-3.55106e-09-3.10758e-09-2.61908e-09
-2.12820e-09-1.65121e-09-1.17458e-09-6.63882e-10-8.28244e-11 5.85922e-10
 1.33023e-09 2.11458e-09 2.89557e-09 3.63445e-09 4.30278e-09 4.88543e-09
 5.38291e-09 5.81025e-09 6.19102e-09 6.54780e-09 6.89044e-09 7.20464e-09
 7.44773e-09 7.55892e-09 7.48266e-09 7.19440e-09 6.71864e-09 6.13314e-09
 5.55450e-09 5.09912e-09 4.82547e-09 4.68709e-09 4.53350e-09 4.16640e-09
 3.42133e-09 2.23766e-09 6.90712e-10-1.03083e-09-2.69980e-09-4.14584e-09
-5.32389e-09-6.32399e-09-7.32250e-09-8.50205e-09-9.97316e-09-1.17211e-08
-1.35950e-08-1.53470e-08-1.67051e-08-1.74484e-08-1.74641e-08-1.67877e-08
-1.56382e-08-1.44583e-08-1.39515e-08-1.50642e-08-1.88184e-08-2.59137e-08
-3.61087e-08-4.75202e-08-5.61039e-08-5.56927e-08-3.89942e-08 1.49850e-10
 6.32965e-08 1.43178e-07 2.21547e-07 2.75702e-07 2.90343e-07 2.58666e-07
 1.77240e-07 5.31825e-08-8.77429e-08-2.09539e-07-2.80954e-07-2.86962e-07
-2.37403e-07-1.65315e-07-1.08921e-07-8.94552e-08-1.00744e-07-1.15588e-07
-1.06163e-07-6.55099e-08-1.24478e-08 2.36145e-08 2.39649e-08-9.15345e-09
-5.75167e-08-9.59985e-08-9.81096e-08-4.50644e-08 6.09512e-08 1.97212e-07
 3.39279e-07 4.73524e-07 5.88527e-07 6.61565e-07 6.58500e-07 5.47749e-07
 3.18068e-07-9.47686e-09-3.79369e-07-7.11378e-07-9.21737e-07-9.50600e-07
-7.87183e-07-4.81182e-07-1.30159e-07 1.57165e-07 3.06521e-07 3.09416e-07
 2.21282e-07 1.24186e-07 7.62538e-08 8.20842e-08 1.04264e-07 1.04287e-07
 7.58387e-08 4.16461e-08 2.32805e-08 2.02499e-08 1.85318e-08 1.06879e-08
 6.25950e-10-6.57365e-09-1.06748e-08-1.28757e-08-1.32196e-08-1.20910e-08
-1.04375e-08-8.55340e-09-6.52797e-09-4.85731e-09-3.73575e-09-2.94854e-09
-2.44371e-09-2.15359e-09-1.86531e-09-1.57560e-09-1.38007e-09-1.25954e-09
-1.23756e-09-1.33859e-09-1.48600e-09-1.61808e-09-1.67384e-09-1.58113e-09
-1.35529e-09-1.03706e-09-6.40805e-10-2.04487e-10 2.36606e-10 6.61269e-10
 1.05147e-09 1.40701e-09 1.71437e-09 1.94803e-09 2.10658e-09 2.20163e-09
 2.24146e-09 2.21986e-09 2.11994e-09 1.93316e-09 1.65556e-09 1.28727e-09
 8.42387e-10 3.51172e-10-1.51083e-10-6.45040e-10-1.12553e-09-1.58622e-09
-2.01546e-09-2.39771e-09-2.71796e-09-2.96200e-09-3.11898e-09-3.18873e-09
-3.17679e-09-3.08530e-09-2.91171e-09-2.64874e-09-2.28999e-09-1.84146e-09
-1.32269e-09-7.55704e-10-1.57663e-10 4.54474e-10 1.06206e-09 1.65164e-09
 2.21035e-09 2.71931e-09 3.16564e-09 3.54506e-09 3.84812e-09 4.06460e-09
 4.18812e-09 4.20140e-09 4.08584e-09 3.84817e-09 3.50263e-09 3.04882e-09
 2.50497e-09 1.91562e-09 1.29455e-09 6.22589e-10-8.96925e-11-8.02230e-10
-1.48867e-09-2.12987e-09-2.71019e-09-3.24079e-09-3.72471e-09-4.11363e-09
-4.36016e-09-4.47056e-09-4.47099e-09-4.37875e-09-4.20285e-09-3.91970e-09
-3.49028e-09-2.94198e-09-2.36391e-09-1.79020e-09-1.16899e-09-4.65626e-10
 2.81387e-10 1.00341e-09 1.64497e-09 2.19880e-09 2.71924e-09 3.24584e-09
 3.72409e-09 4.05522e-09 4.20076e-09 4.20892e-09 4.15360e-09 4.04860e-09
 3.82662e-09 3.41754e-09 2.83655e-09 2.18306e-09 1.54495e-09 9.09357e-10
 2.05320e-10-5.77777e-10-1.36500e-09-2.05989e-09-2.60710e-09-3.02847e-09
-3.38352e-09-3.67874e-09-3.85734e-09-3.86652e-09-3.71086e-09-3.45722e-09
-3.16725e-09-2.83100e-09-2.40907e-09-1.89907e-09-1.33733e-09-7.82443e-10
-2.79632e-10 1.79368e-10 6.21132e-10 1.03608e-09 1.39468e-09 1.67789e-09
 1.87865e-09 2.00869e-09 2.09520e-09 2.14829e-09 2.15099e-09 2.09472e-09
 2.00512e-09 1.91697e-09 1.83969e-09 1.76905e-09 1.70875e-09 1.65734e-09
 1.61336e-09 1.59773e-09 1.61732e-09 1.63887e-09 1.64683e-09 1.65836e-09
 1.66459e-09 1.63524e-09 1.55334e-09 1.39314e-09 1.13304e-09 8.00192e-10
 4.19720e-10-4.43783e-11-6.30884e-10-1.32269e-09-2.07319e-09-2.83375e-09
-3.56576e-09-4.25783e-09-4.89625e-09-5.40939e-09-5.68372e-09-5.64919e-09
-5.32695e-09-4.78084e-09-4.04546e-09-3.12287e-09-2.02996e-09-8.45604e-10
 2.79057e-10 1.19941e-09 1.88473e-09 2.41111e-09 2.86427e-09 3.28330e-09
 3.67956e-09 4.09157e-09 4.60339e-09 5.27467e-09 6.04609e-09 6.71680e-09
 7.02059e-09 6.74779e-09 5.79765e-09 4.14075e-09 1.80462e-09-1.08156e-09
-4.24077e-09-7.24100e-09-9.57963e-09-1.08417e-08-1.08078e-08-9.47385e-09
-7.03244e-09-3.83732e-09-3.73025e-10 2.78834e-09 5.10463e-09 6.20839e-09
 5.99240e-09 4.63054e-09 2.52199e-09 1.69039e-10-1.92930e-09-3.35700e-09
-3.87020e-09-3.45097e-09-2.29592e-09-7.62174e-10 7.41159e-10 1.88674e-09
 2.50838e-09 2.62123e-09 2.40032e-09 2.10252e-09 1.96916e-09 2.15279e-09
 2.65918e-09 3.33362e-09 3.92035e-09 4.14737e-09 3.81182e-09 2.86601e-09
 1.44812e-09-1.63050e-10-1.62669e-09-2.64082e-09-3.04300e-09-2.85140e-09
-2.24534e-09-1.50865e-09-9.31887e-10-7.10692e-10-8.90576e-10-1.35753e-09
-1.88036e-09-2.20832e-09-2.17165e-09-1.74273e-09-1.05090e-09-3.33885e-10
 1.58628e-10 2.54337e-10-8.09511e-11-7.22738e-10-1.43388e-09-1.95760e-09
-2.10874e-09-1.84007e-09-1.25856e-09-5.73584e-10-8.09847e-12 2.88124e-10
 3.00748e-10 1.55496e-10 5.77782e-11 2.05333e-10 7.05467e-10 1.52154e-09
 2.48248e-09 3.35343e-09 3.92742e-09 4.10426e-09 3.92628e-09 3.55025e-09
 3.17340e-09 2.94758e-09 2.90943e-09 2.96132e-09 2.91905e-09 2.59877e-09
 1.90108e-09 8.59074e-10-3.72292e-10-1.58084e-09-2.58395e-09-3.30074e-09
-3.77591e-09-4.14202e-09-4.54377e-09-5.06047e-09-5.65565e-09-6.18282e-09
-6.45203e-09-6.31925e-09-5.75184e-09-4.84307e-09-3.76894e-09-2.70884e-09
-1.77048e-09-9.50255e-10-1.45979e-10 7.76383e-10 1.89562e-09 3.17979e-09
 4.48791e-09 5.62228e-09 6.40916e-09 6.77061e-09 6.74796e-09 6.46585e-09
 6.06151e-09 5.61873e-09 5.13877e-09 4.55933e-09 3.81120e-09 2.88411e-09
 1.86153e-09 8.96018e-10 1.34474e-10-3.62093e-10-6.56611e-10-9.12355e-10
-1.32160e-09-2.01696e-09-3.00066e-09-4.12691e-09-5.15248e-09-5.82917e-09
-5.98792e-09-5.57890e-09-4.66147e-09-3.36022e-09-1.81936e-09-1.87680e-10
 1.36145e-09 2.60747e-09 3.29781e-09 3.21256e-09 2.25339e-09 5.19173e-10
-1.66325e-09-3.77994e-09-5.25614e-09-5.63700e-09-4.74723e-09-2.75869e-09
-1.44153e-10 2.45422e-09 4.39501e-09 5.20902e-09 4.74637e-09 3.27515e-09
 1.50559e-09 3.30991e-10
     0.0000e+00     0.0000e+00      0  0  0.00
     512   1.00000  0.0000e+00
-8.67774e-11-1.34165e-10-1.87806e-10-2.44934e-10-2.99737e-10-3.43528e-10
-3.66883e-10-3.63688e-10-3.35096e-10-2.91434e-10-2.51580e-10-2.39043e-10
-2.73285e-10-3.57475e-10-4.69636e-10-5.65865e-10-5.96717e-10-5.28462e-10
-3.58643e-10-1.18888e-10 1.36091e-10 3.47931e-10 4.74344e-10 5.01979e-10
 4.47680e-10 3.48319e-10 2.44987e-10 1.69275e-10 1.37026e-10 1.49720e-10
 1.98498e-10 2.66230e-10 3.29236e-10 3.63980e-10 3.58924e-10 3.23720e-10
 2.88136e-10 2.91184e-10 3.66447e-10 5.28423e-10 7.63187e-10 1.02779e-09
 1.26173e-09 1.40684e-09 1.42499e-09 1.30529e-09 1.06310e-09 7.41393e-10
 4.20989e-10 2.33043e-10 3.57441e-10 9.89628e-10 2.26683e-09 4.15985e-09
 6.36593e-09 8.28407e-09 9.15369e-09 8.33263e-09 5.57660e-09 1.17941e-09
-4.08490e-09-9.18931e-09-1.31640e-08-1.53863e-08-1.57605e-08-1.47224e-08
-1.30516e-08-1.15529e-08-1.07577e-08-1.07992e-08-1.14848e-08-1.24565e-08
-1.33350e-08-1.38103e-08-1.36849e-08-1.28765e-08-1.14019e-08-9.36505e-09
-6.97200e-09-4.55648e-09-2.56888e-09-1.47648e-09-1.55787e-09-2.62181e-09
-3.72407e-09-2.99772e-09 2.25723e-09 1.50736e-08 3.78092e-08 7.06487e-08
 1.09883e-07 1.46411e-07 1.67040e-07 1.62118e-07 1.31429e-07 7.89409e-08
 1.02538e-08-6.03460e-08-1.11720e-07-1.27886e-07-1.06184e-07-5.89255e-08
-7.74223e-09 2.68231e-08 3.31223e-08 1.24617e-08-2.15763e-08-5.19552e-08
-6.97880e-08-7.81409e-08-8.58853e-08-9.88269e-08-1.15997e-07-1.32664e-07
-1.45919e-07-1.58643e-07-1.79282e-07-2.15069e-07-2.61162e-07-2.96913e-07
-2.94911e-07-2.31718e-07-9.26497e-08 1.22835e-07 3.93394e-07 6.73484e-07
 9.00626e-07 1.00998e-06 9.53335e-07 7.18915e-07 3.43904e-07-8.87021e-08
-4.71566e-07-7.08675e-07-7.52014e-07-6.21737e-07-3.97661e-07-1.81569e-07
-4.79034e-08-1.10999e-08-2.95519e-08-4.41924e-08-2.35075e-08 2.02671e-08
 5.41102e-08 6.05723e-08 5.02515e-08 4.25014e-08 4.29352e-08 4.39068e-08
 3.97342e-08 3.24680e-08 2.52830e-08 1.84706e-08 1.20479e-08 6.85916e-09
 2.92377e-09-1.82543e-10-2.22699e-09-3.14174e-09-3.39898e-09-3.19825e-09
-2.58892e-09-1.86761e-09-1.14515e-09-3.44509e-10 4.37219e-10 1.14380e-09
 1.81403e-09 2.36245e-09 2.72339e-09 2.90911e-09 2.90657e-09 2.76840e-09
 2.56875e-09 2.30864e-09 2.01324e-09 1.71570e-09 1.40355e-09 1.07155e-09
 7.19616e-10 3.60936e-10 2.06631e-11-3.10822e-10-6.38219e-10-9.32203e-10
-1.16876e-09-1.34776e-09-1.48741e-09-1.59234e-09-1.65321e-09-1.68583e-09
-1.71790e-09-1.74737e-09-1.74192e-09-1.68449e-09-1.59496e-09-1.48849e-09
-1.35060e-09-1.16767e-09-9.52260e-10-7.18073e-10-4.53053e-10-1.52501e-10
 1.46372e-10 3.98835e-10 6.02483e-10 7.84957e-10 9.55874e-10 1.10435e-09
 1.23444e-09 1.36026e-09 1.46802e-09 1.51869e-09 1.49111e-09 1.40349e-09
 1.28098e-09 1.11501e-09 8.85316e-10 6.08876e-10 3.22268e-10 3.19331e-11
-2.67694e-10-5.49902e-10-7.88116e-10-1.00233e-09-1.21660e-09-1.41439e-09
-1.57149e-09-1.67783e-09-1.72080e-09-1.68790e-09-1.57167e-09-1.37149e-09
-1.11405e-09-8.34119e-10-5.19446e-10-1.42635e-10 2.55951e-10 6.10338e-10
 9.29740e-10 1.26116e-09 1.60063e-09 1.91144e-09 2.16248e-09 2.32122e-09
 2.37534e-09 2.35248e-09 2.27402e-09 2.11913e-09 1.85682e-09 1.48489e-09
 1.03685e-09 5.67826e-10 1.06703e-10-3.84559e-10-9.45176e-10-1.52021e-09
-2.01140e-09-2.38788e-09-2.68008e-09-2.91499e-09-3.08091e-09-3.12670e-09
-3.01290e-09-2.75409e-09-2.39841e-09-1.98999e-09-1.53003e-09-9.79594e-10
-3.36795e-10 3.30253e-10 9.41643e-10 1.46387e-09 1.92735e-09 2.37469e-09
 2.77931e-09 3.07001e-09 3.21824e-09 3.24686e-09 3.18723e-09 3.04338e-09
 2.78427e-09 2.38924e-09 1.88074e-09 1.30266e-09 7.01149e-10 1.02470e-10
-5.04823e-10-1.12658e-09-1.72611e-09-2.25838e-09-2.70014e-09-3.04529e-09
-3.29657e-09-3.44063e-09-3.44235e-09-3.29468e-09-3.03180e-09-2.67461e-09
-2.22204e-09-1.69037e-09-1.10346e-09-4.73017e-10 1.74542e-10 8.00937e-10
 1.39048e-09 1.92829e-09 2.37508e-09 2.70408e-09 2.91996e-09 3.03006e-09
 3.03340e-09 2.92685e-09 2.69841e-09 2.33822e-09 1.87278e-09 1.34803e-09
 7.71050e-10 1.29262e-10-5.42903e-10-1.17874e-09-1.72857e-09-2.16026e-09
-2.46110e-09-2.63777e-09-2.67008e-09-2.50146e-09-2.11248e-09-1.56696e-09
-9.67304e-10-3.91153e-10 1.24305e-10 5.61777e-10 8.93134e-10 1.06717e-09
 1.06050e-09 9.39641e-10 8.25116e-10 8.08163e-10 9.21844e-10 1.14815e-09
 1.44831e-09 1.79017e-09 2.10567e-09 2.24762e-09 2.03306e-09 1.32484e-09
 1.09498e-10-1.47638e-09-3.21148e-09-4.84396e-09-6.08487e-09-6.63263e-09
-6.23584e-09-4.77036e-09-2.32868e-09 7.67489e-10 4.05106e-09 7.00056e-09
 9.12564e-09 1.00457e-08 9.54350e-09 7.63434e-09 4.61417e-09 1.00709e-09
-2.56028e-09-5.49829e-09-7.37555e-09-7.98242e-09-7.34657e-09-5.72846e-09
-3.56563e-09-1.35475e-09 4.75879e-10 1.66385e-09 2.16173e-09 2.11622e-09
 1.79093e-09 1.47338e-09 1.38353e-09 1.60147e-09 2.04745e-09 2.51398e-09
 2.73564e-09 2.49321e-09 1.70454e-09 4.53848e-10-1.02518e-09-2.40829e-09
-3.38186e-09-3.73899e-09-3.44125e-09-2.63547e-09-1.60224e-09-6.57082e-10
-5.32595e-11 9.64257e-11-1.44730e-10-5.70115e-10-9.11316e-10-9.35576e-10
-5.33220e-10 2.41381e-10 1.19190e-09 2.05025e-09 2.57412e-09 2.63877e-09
 2.28008e-09 1.67372e-09 1.06728e-09 6.86901e-10 6.49715e-10 9.21834e-10
 1.33583e-09 1.65662e-09 1.67637e-09 1.29854e-09 5.73997e-10-3.18460e-10
-1.14221e-09-1.70055e-09-1.91405e-09-1.84431e-09-1.66164e-09-1.56825e-09
-1.70759e-09-2.09997e-09-2.62747e-09-3.07658e-09-3.22795e-09-2.95144e-09
-2.26021e-09-1.30417e-09-3.08201e-10 5.19544e-10 1.06756e-09 1.35427e-09
 1.50556e-09 1.68645e-09 2.01448e-09 2.49755e-09 3.02642e-09 3.42324e-09
 3.52544e-09 3.26549e-09 2.70340e-09 1.99688e-09 1.32963e-09 8.32518e-10
 5.29852e-10 3.33290e-10 8.88809e-11-3.40950e-10-1.00003e-09-1.80667e-09
-2.58476e-09-3.14148e-09-3.35046e-09-3.19906e-09-2.78191e-09-2.24880e-09
-1.73187e-09-1.28663e-09-8.78060e-10-4.17651e-10 1.69320e-10 8.79470e-10
 1.60576e-09 2.17328e-09 2.42060e-09 2.27901e-09 1.80700e-09 1.16594e-09
 5.51853e-10 1.16694e-10-8.61360e-11-1.11114e-10-7.99707e-11-1.09539e-10
-2.50522e-10-4.77065e-10-7.30074e-10-9.78698e-10-1.25527e-09-1.63817e-09
-2.18947e-09-2.88285e-09-3.56539e-09-3.98013e-09-3.84586e-09-2.96424e-09
-1.31256e-09 9.18367e-10 3.36469e-09 5.59405e-09 7.22368e-09 7.99760e-09
 7.80480e-09 6.66414e-09 4.71316e-09 2.21058e-09-4.68827e-10-2.87330e-09
-4.55781e-09-5.20246e-09-4.73598e-09-3.41091e-09-1.76624e-09-4.43811e-10
 1.12711e-10 8.35867e-11
