      10
(6e12.5)
     0.0000e+00     0.0000e+00      0  0  0.00
     512   1.00000  0.0000e+00
 1.63568e-09 1.47969e-09 1.28640e-09 1.08325e-09 8.62160e-10 6.01567e-10
 3.02193e-10 2.57991e-12-2.34445e-10-3.47119e-10-2.92881e-10-5.76768e-11
 3.34287e-10 8.09281e-10 1.24573e-09 1.50716e-09 1.50495e-09 1.25669e-09
 8.92500e-10 5.88997e-10 4.61037e-10 4.76712e-10 4.54660e-10 1.51910e-10
-6.11690e-10-1.87253e-09-3.53189e-09-5.43197e-09-7.43250e-09-9.43484e-09
-1.13507e-08-1.30560e-08-1.43763e-08-1.51195e-08-1.51285e-08-1.43227e-08
-1.27113e-08-1.03888e-08-7.51571e-09-4.28569e-09-8.77558e-10 2.59632e-09
 6.11785e-09 9.73880e-09 1.35017e-08 1.73475e-08 2.10721e-08 2.43639e-08
 2.68986e-08 2.84285e-08 2.88132e-08 2.79899e-08 2.59370e-08 2.26831e-08
 1.83590e-08 1.32279e-08 7.63195e-09 1.87925e-09-3.84165e-09-9.45711e-09
-1.49304e-08-2.01703e-08-2.49818e-08-2.90804e-08-3.21542e-08-3.39390e-08
-3.42725e-08-3.31050e-08-3.04710e-08-2.64532e-08-2.11550e-08-1.46764e-08
-7.10138e-09 1.46851e-09 1.08353e-08 2.06434e-08 3.04007e-08 3.95832e-08
 4.77667e-08 5.47101e-08 6.03546e-08 6.47648e-08 6.80764e-08 7.04875e-08
 7.22652e-08 7.37054e-08 7.49990e-08 7.60037e-08 7.59697e-08 7.33184e-08
 6.56147e-08 4.98948e-08 2.34844e-08-1.48017e-08-6.36200e-08-1.18743e-07
-1.73491e-07-2.20072e-07-2.51646e-07-2.64242e-07-2.57989e-07-2.37578e-07
-2.11598e-07-1.90690e-07-1.85480e-07-2.05307e-07-2.57539e-07-3.46044e-07
-4.66874e-07-6.00516e-07-7.03701e-07-7.07306e-07-5.27191e-07-9.12331e-08
 6.19745e-07 1.52952e-06 2.45397e-06 3.14814e-06 3.38594e-06 3.01446e-06
 1.99539e-06 4.57644e-07-1.30271e-06-2.89164e-06-3.90109e-06-4.01669e-06
-3.15117e-06-1.54393e-06 2.59554e-07 1.60499e-06 2.02380e-06 1.46941e-06
 3.61336e-07-6.29834e-07-9.67450e-07-5.73036e-07 1.47270e-07 6.26378e-07
 5.73617e-07 1.69520e-07-1.47022e-07-1.05242e-07 1.63991e-07 3.16117e-07
 1.89255e-07-3.79368e-08-9.68609e-08 3.60453e-08 1.43355e-07 8.15181e-08
-3.87142e-08-4.55738e-08 3.71370e-08 5.66910e-08-1.29099e-08-4.99850e-08
-7.63988e-09 2.05761e-08-1.39600e-08-3.78516e-08-1.20836e-08 2.29904e-09
-1.91519e-08-2.47416e-08-6.46964e-09-5.01117e-09-1.32456e-08-5.42840e-09
 2.32415e-09-1.15972e-10 1.36735e-09 4.89755e-09 3.61760e-09 2.37969e-09
 2.15059e-09 7.33954e-10-6.73413e-10-1.69804e-09-2.98224e-09-4.47131e-09
-6.13296e-09-8.02234e-09-1.00179e-08-1.19350e-08-1.35215e-08-1.44171e-08
-1.42193e-08-1.26031e-08-9.48994e-09-5.14953e-09-1.61004e-10 4.74576e-09
 8.91353e-09 1.19421e-08 1.37657e-08 1.45701e-08 1.45924e-08 1.39557e-08
 1.26192e-08 1.04379e-08 7.28518e-09 3.18294e-09-1.60836e-09-6.57771e-09
-1.10314e-08-1.42357e-08-1.56082e-08-1.48868e-08-1.21914e-08-7.94343e-09
-2.70306e-09 2.95992e-09 8.50603e-09 1.34184e-08 1.71964e-08 1.93650e-08
 1.95221e-08 1.74387e-08 1.31737e-08 7.13872e-09 7.22538e-11-7.06573e-09
-1.32302e-08-1.74441e-08-1.89855e-08-1.75800e-08-1.35102e-08-7.57703e-09
-9.21761e-10 5.21949e-09 9.74023e-09 1.18356e-08 1.11312e-08 7.75439e-09
 2.32201e-09-4.15577e-09-1.04522e-08-1.53511e-08-1.78694e-08-1.74404e-08
-1.40270e-08-8.13533e-09-7.21406e-10 6.97949e-09 1.36697e-08 1.82368e-08
 1.99924e-08 1.88179e-08 1.51643e-08 9.93855e-09 4.31864e-09-4.85154e-10
-3.49058e-09-4.17738e-09-2.63195e-09 4.67803e-10 4.03925e-09 6.88398e-09
 7.98841e-09 6.76097e-09 3.16335e-09-2.26583e-09-8.49846e-09-1.42335e-08
-1.82176e-08-1.95853e-08-1.81068e-08-1.42562e-08-9.07063e-09-3.85563e-09
 1.64911e-10 2.15549e-09 1.86742e-09-3.02539e-10-3.41084e-09-6.21514e-09
-7.52404e-09-6.56453e-09-3.25040e-09 1.76272e-09 7.26834e-09 1.18671e-08
 1.43726e-08 1.41694e-08 1.14118e-08 6.96101e-09 2.08449e-09-1.94011e-09
-4.17818e-09-4.27854e-09-2.55977e-09 9.50006e-11 2.52510e-09 3.67046e-09
 2.93268e-09 4.18769e-10-3.04359e-09-6.16927e-09-7.67407e-09-6.75066e-09
-3.37147e-09 1.69914e-09 7.17588e-09 1.16948e-08 1.42692e-08 1.45997e-08
 1.31212e-08 1.07774e-08 8.62476e-09 7.42630e-09 7.38806e-09 8.12065e-09
 8.80651e-09 8.50460e-09 6.50728e-09 2.62910e-09-2.68462e-09-8.46348e-09
-1.35001e-08-1.67402e-08-1.76243e-08-1.62361e-08-1.32165e-08-9.50685e-09
-6.01414e-09-3.30221e-09-1.42376e-09 2.05009e-11 1.60239e-09 3.69223e-09
 6.17256e-09 8.37929e-09 9.31071e-09 8.03884e-09 4.15876e-09-1.93182e-09
-9.06216e-09-1.56233e-08-2.00814e-08-2.14742e-08-1.96943e-08-1.54442e-08
-9.89741e-09-4.22492e-09 7.94290e-10 4.91301e-09 8.27799e-09 1.11158e-08
 1.34103e-08 1.47407e-08 1.43887e-08 1.16998e-08 6.53896e-09-4.06954e-10
-7.67629e-09-1.34439e-08-1.61289e-08-1.49511e-08-1.02150e-08-3.20275e-09
 4.28005e-09 1.05236e-08 1.44379e-08 1.57734e-08 1.49790e-08 1.28208e-08
 9.98262e-09 6.84663e-09 3.53175e-09 1.28392e-10-3.03960e-09-5.32335e-09
-5.93199e-09-4.33098e-09-6.57799e-10 4.09663e-09 8.30682e-09 1.02832e-08
 8.94851e-09 4.32199e-09-2.40874e-09-9.28017e-09-1.42555e-08-1.59456e-08
-1.40501e-08-9.34744e-09-3.27966e-09 2.63018e-09 7.25349e-09 1.00438e-08
 1.09293e-08 1.00678e-08 7.66843e-09 3.99762e-09-4.74773e-10-4.94883e-09
-8.34679e-09-9.61190e-09-8.17323e-09-4.33954e-09 6.42296e-10 4.96993e-09
 6.97987e-09 5.84715e-09 1.95708e-09-3.23255e-09-7.78170e-09-1.00498e-08
-9.32044e-09-5.99632e-09-1.30284e-09 3.30427e-09 6.69561e-09 8.34467e-09
 8.29044e-09 6.90653e-09 4.65347e-09 1.96218e-09-7.26862e-10-2.89229e-09
-3.98975e-09-3.67979e-09-2.10024e-09 1.83367e-11 1.54552e-09 1.44295e-09
-6.66483e-10-4.18522e-09-7.70559e-09-9.60848e-09-8.81832e-09-5.34492e-09
-3.20121e-10 4.50735e-09 7.55299e-09 8.05304e-09 6.28788e-09 3.31269e-09
 4.02234e-10-1.46924e-09-1.88563e-09-9.54048e-10 8.90142e-10 3.06491e-09
 4.92459e-09 5.79646e-09 5.09186e-09 2.54836e-09-1.49671e-09-6.01910e-09
-9.57326e-09-1.08655e-08-9.36876e-09-5.63439e-09-1.08251e-09 2.66625e-09
 4.56811e-09 4.60878e-09 3.68937e-09 3.03672e-09 3.49123e-09 5.07602e-09
 7.06464e-09 8.44859e-09 8.48422e-09 7.01165e-09 4.42857e-09 1.41750e-09
-1.35755e-09-3.41729e-09-4.49202e-09-4.52218e-09-3.71535e-09-2.59959e-09
-1.93223e-09-2.39762e-09-4.19843e-09-6.78363e-09-8.95141e-09-9.37019e-09
-7.27759e-09-2.95605e-09 2.32313e-09 6.89288e-09 9.49150e-09 9.80342e-09
 8.44487e-09 6.46608e-09 4.72601e-09 3.51309e-09 2.57022e-09 1.41983e-09
-2.66214e-10-2.47958e-09-4.92328e-09-7.17246e-09-8.80733e-09-9.48586e-09
-9.01067e-09-7.43024e-09-5.12233e-09-2.73314e-09-9.03276e-10 1.04598e-10
 6.07913e-10 1.31716e-09 2.80185e-09 4.93770e-09 6.74861e-09 6.86294e-09
 4.42450e-09 1.26247e-09
     0.0000e+00     0.0000e+00      0  0  0.00
     512   1.00000  0.0000e+00
 1.46895e-10-6.60159e-11-2.87470e-10-4.34077e-10-4.18922e-10-1.91883e-10
 2.31410e-10 7.70399e-10 1.30951e-09 1.74078e-09 1.99793e-09 2.06550e-09
 1.96060e-09 1.70371e-09 1.30338e-09 7.66252e-10 1.18545e-10-5.85803e-10
-1.28197e-09-1.92246e-09-2.49177e-09-2.99661e-09-3.44558e-09-3.84007e-09
-4.18128e-09-4.47902e-09-4.74668e-09-4.98053e-09-5.13707e-09-5.12991e-09
-4.86028e-09-4.27204e-09-3.39669e-09-2.35209e-09-1.28836e-09-3.13970e-10
 5.47423e-10 1.34060e-09 2.12033e-09 2.89966e-09 3.64035e-09 4.27872e-09
 4.75313e-09 5.00865e-09 4.98238e-09 4.59425e-09 3.77156e-09 2.52256e-09
 1.04686e-09-1.64270e-10-3.09399e-10 1.58765e-09 6.35045e-09 1.41564e-08
 2.40204e-08 3.35902e-08 3.96286e-08 3.91695e-08 3.07923e-08 1.53619e-08
-4.07930e-09-2.32007e-08-3.77300e-08-4.47813e-08-4.36936e-08-3.60887e-08
-2.51295e-08-1.42588e-08-5.97421e-09-1.23151e-09 3.53154e-10-1.35915e-10
-1.54390e-09-3.06717e-09-4.40972e-09-5.66088e-09-6.99272e-09-8.37547e-09
-9.47262e-09-9.75243e-09-8.73625e-09-6.24770e-09-2.54387e-09 1.72652e-09
 5.72628e-09 8.73371e-09 1.04482e-08 1.11676e-08 1.17258e-08 1.31858e-08
 1.63996e-08 2.15903e-08 2.80591e-08 3.41374e-08 3.76472e-08 3.69125e-08
 3.15980e-08 2.26323e-08 1.15879e-08 2.79592e-10-9.37983e-09-1.55147e-08
-1.63952e-08-1.05368e-08 3.09739e-09 2.46864e-08 5.25768e-08 8.13791e-08
 9.97718e-08 8.99886e-08 3.12100e-08-9.22681e-08-2.79396e-07-5.00437e-07
-6.88965e-07-7.47278e-07-5.83841e-07-1.84713e-07 3.38356e-07 8.01401e-07
 1.07241e-06 1.12608e-06 9.83159e-07 6.51410e-07 1.53741e-07-4.13745e-07
-8.82935e-07-1.08166e-06-9.17802e-07-4.40545e-07 1.50924e-07 5.85017e-07
 6.63758e-07 3.84773e-07-5.22190e-08-3.69785e-07-3.93505e-07-1.65585e-07
 9.89482e-08 1.91569e-07 8.20471e-08-7.46542e-08-1.07651e-07-4.17943e-09
 9.65227e-08 7.78199e-08-1.96321e-08-6.49091e-08-1.24478e-08 4.91527e-08
 3.45326e-08-1.94961e-08-2.49637e-08 1.74813e-08 3.23063e-08 9.01148e-10
-1.63371e-08 5.80472e-09 1.95168e-08 1.41890e-09-9.09193e-09 4.94718e-09
 9.98179e-09-1.97880e-09-2.92089e-09 5.68764e-09 3.41230e-09-1.24733e-09
 1.88033e-09 2.19667e-09-1.40694e-09-1.83756e-09-1.92606e-09-3.39187e-09
-3.70836e-09-3.54286e-09-3.71415e-09-3.65416e-09-3.41431e-09-3.10188e-09
-2.59689e-09-1.97097e-09-1.34109e-09-7.21594e-10-4.06550e-11 8.23225e-10
 1.91575e-09 3.11658e-09 4.15576e-09 4.70662e-09 4.55164e-09 3.71531e-09
 2.48016e-09 1.25767e-09 3.71704e-10-9.76400e-11-3.39637e-10-6.92401e-10
-1.43414e-09-2.62007e-09-4.04955e-09-5.35119e-09-6.10919e-09-5.99224e-09
-4.87259e-09-2.88874e-09-4.12036e-10 2.06570e-09 4.06658e-09 5.25223e-09
 5.52634e-09 5.05832e-09 4.17169e-09 3.15164e-09 2.11935e-09 1.05345e-09
-9.91506e-11-1.32636e-09-2.51761e-09-3.48679e-09-4.03250e-09-4.01584e-09
-3.41308e-09-2.30399e-09-8.22878e-10 8.56801e-10 2.49393e-09 3.78175e-09
 4.43796e-09 4.32969e-09 3.51679e-09 2.18011e-09 5.29891e-10-1.21511e-09
-2.79970e-09-3.93496e-09-4.36631e-09-3.97424e-09-2.84329e-09-1.24565e-09
 4.58178e-10 1.92959e-09 2.89716e-09 3.14749e-09 2.54893e-09 1.15107e-09
-7.25940e-10-2.54309e-09-3.74471e-09-3.96938e-09-3.13375e-09-1.39087e-09
 9.47486e-10 3.46386e-09 5.67279e-09 7.08950e-09 7.35226e-09 6.35651e-09
 4.32760e-09 1.78416e-09-6.14706e-10-2.29142e-09-2.93193e-09-2.53196e-09
-1.32773e-09 2.89824e-10 1.83536e-09 2.80968e-09 2.83068e-09 1.77041e-09
-1.76047e-10-2.53258e-09-4.68142e-09-6.05062e-09-6.29720e-09-5.42563e-09
-3.77681e-09-1.88340e-09-2.79138e-10 6.43084e-10 7.07447e-10-1.40635e-11
-1.22396e-09-2.47927e-09-3.29967e-09-3.28955e-09-2.28068e-09-4.48163e-10
 1.69677e-09 3.47605e-09 4.30536e-09 3.92666e-09 2.51186e-09 5.84303e-10
-1.20811e-09-2.34463e-09-2.58259e-09-1.97272e-09-7.90628e-10 5.54523e-10
 1.61844e-09 2.03629e-09 1.63832e-09 5.25325e-10-9.29661e-10-2.16980e-09
-2.63428e-09-1.98659e-09-2.88376e-10 1.98269e-09 4.09677e-09 5.35340e-09
 5.36084e-09 4.18932e-09 2.32928e-09 4.78900e-10-7.38244e-10-1.01316e-09
-4.70564e-10 3.77639e-10 8.45595e-10 3.76653e-10-1.19848e-09-3.55919e-09
-5.99004e-09-7.65345e-09-7.94200e-09-6.73795e-09-4.43779e-09-1.74833e-09
 6.08297e-10 2.14046e-09 2.71727e-09 2.56260e-09 2.11329e-09 1.79804e-09
 1.84649e-09 2.20968e-09 2.59876e-09 2.61303e-09 1.92597e-09 4.75177e-10
-1.43677e-09-3.21431e-09-4.20358e-09-3.96887e-09-2.46888e-09-6.68819e-11
 2.60634e-09 4.87654e-09 6.25743e-09 6.59629e-09 6.06536e-09 5.01717e-09
 3.80606e-09 2.67139e-09 1.70011e-09 8.41995e-10-2.53715e-11-9.73152e-10
-1.88880e-09-2.44862e-09-2.27070e-09-1.17726e-09 6.20576e-10 2.55843e-09
 3.94982e-09 4.26319e-09 3.30837e-09 1.28521e-09-1.28986e-09-3.74736e-09
-5.47802e-09-6.13162e-09-5.71755e-09-4.55090e-09-3.07083e-09-1.63460e-09
-4.00016e-10 6.44769e-10 1.53928e-09 2.21566e-09 2.48412e-09 2.15036e-09
 1.17461e-09-2.36826e-10-1.66221e-09-2.60425e-09-2.68789e-09-1.84376e-09
-3.85789e-10 1.08869e-09 1.95395e-09 1.83650e-09 7.71714e-10-8.29064e-10
-2.36286e-09-3.27993e-09-3.28769e-09-2.42927e-09-1.01097e-09 5.65053e-10
 1.96035e-09 2.97247e-09 3.51391e-09 3.55265e-09 3.07649e-09 2.11015e-09
 7.72951e-10-6.72386e-10-1.84336e-09-2.36008e-09-2.01793e-09-9.17460e-10
 5.20503e-10 1.68082e-09 1.99786e-09 1.22210e-09-4.37745e-10-2.39266e-09
-3.92686e-09-4.48570e-09-3.87250e-09-2.29410e-09-2.47694e-10 1.70044e-09
 3.13091e-09 3.86956e-09 3.94417e-09 3.47353e-09 2.58856e-09 1.42996e-09
 1.89192e-10-8.78469e-10-1.51498e-09-1.57819e-09-1.14583e-09-5.22911e-10
-1.19230e-10-2.42662e-10-9.14110e-10-1.81898e-09-2.45278e-09-2.40103e-09
-1.58705e-09-3.26178e-10 8.48424e-10 1.47767e-09 1.41469e-09 8.82350e-10
 3.31926e-10 1.94051e-10 6.63750e-10 1.62766e-09 2.75176e-09 3.65599e-09
 4.06012e-09 3.82524e-09 2.91360e-09 1.35809e-09-6.98247e-10-2.93161e-09
-4.83902e-09-5.87724e-09-5.69730e-09-4.34505e-09-2.29404e-09-2.62006e-10
 1.11050e-09 1.55229e-09 1.26155e-09 7.49455e-10 5.14284e-10 7.50499e-10
 1.28019e-09 1.73291e-09 1.82272e-09 1.52494e-09 1.05656e-09 7.08318e-10
 6.55632e-10 8.61155e-10 1.10734e-09 1.11640e-09 6.76680e-10-2.88611e-10
-1.72258e-09-3.46398e-09-5.25170e-09-6.70813e-09-7.37653e-09-6.87273e-09
-5.09641e-09-2.35484e-09 7.13144e-10 3.38979e-09 5.17122e-09 5.94399e-09
 5.96029e-09 5.64031e-09 5.32052e-09 5.08420e-09 4.75563e-09 4.04514e-09
 2.74577e-09 8.62378e-10-1.37173e-09-3.53890e-09-5.07599e-09-5.31109e-09
-3.55938e-09-1.05245e-09
     0.0000e+00     0.0000e+00      0  0  0.00
     512   1.00000  0.0000e+00
 2.52502e-09 2.28644e-09 1.86299e-09 1.29918e-09 6.57643e-10-3.55027e-12
-6.46220e-10-1.24714e-09-1.77949e-09-2.20436e-09-2.48072e-09-2.57716e-09
-2.47054e-09-2.14219e-09-1.58842e-09-8.40057e-10 2.93675e-11 9.13276e-10
 1.69032e-09 2.24379e-09 2.48030e-09 2.34299e-09 1.81450e-09 9.12275e-10
-3.19072e-10-1.82019e-09-3.53453e-09-5.41789e-09-7.42783e-09-9.50364e-09
-1.15581e-08-1.34825e-08-1.51479e-08-1.63989e-08-1.70656e-08-1.69999e-08
-1.61109e-08-1.43708e-08-1.18003e-08-8.46018e-09-4.45083e-09 9.83094e-11
 5.04485e-09 1.02389e-08 1.55157e-08 2.06894e-08 2.55568e-08 2.99036e-08
 3.35136e-08 3.61845e-08 3.77515e-08 3.81095e-08 3.72349e-08 3.52078e-08
 3.22168e-08 2.85117e-08 2.43046e-08 1.96861e-08 1.46277e-08 9.06474e-09
 3.00508e-09-3.38006e-09-9.72322e-09-1.55281e-08-2.03283e-08-2.38463e-08
-2.60544e-08-2.71234e-08-2.73244e-08-2.69482e-08-2.62599e-08-2.54739e-08
-2.47420e-08-2.41532e-08-2.37214e-08-2.33567e-08-2.28677e-08-2.20424e-08
-2.08031e-08-1.94039e-08-1.86343e-08-1.99535e-08-2.54149e-08-3.72376e-08
-5.69503e-08-8.41558e-08-1.15142e-07-1.41829e-07-1.51777e-07-1.30035e-07
-6.34023e-08 5.28079e-08 2.06887e-07 3.67686e-07 4.91676e-07 5.34960e-07
 4.67293e-07 2.89002e-07 3.78648e-08-2.21232e-07-4.14405e-07-4.83781e-07
-4.17809e-07-2.64831e-07-1.10635e-07-2.98725e-08-4.06037e-08-9.30669e-08
-1.08685e-07-4.42671e-08 7.38263e-08 1.75423e-07 2.04190e-07 1.50606e-07
 3.92350e-08-9.20216e-08-1.91139e-07-2.05471e-07-1.27532e-07-2.32544e-09
 1.31343e-07 2.76117e-07 4.43163e-07 6.11715e-07 7.25484e-07 7.18049e-07
 5.46302e-07 2.14766e-07-2.17509e-07-6.50303e-07-9.70754e-07-1.08909e-06
-9.75081e-07-6.76768e-07-3.00680e-07 3.86787e-08 2.66212e-07 3.65879e-07
 3.66667e-07 3.08017e-07 2.18839e-07 1.26192e-07 6.57392e-08 6.19473e-08
 9.38175e-08 1.03959e-07 6.37099e-08 1.11046e-08-3.68871e-09 1.08209e-08
 1.14589e-08-7.33759e-09-1.80249e-08-1.63802e-08-1.80512e-08-2.04709e-08
-1.56019e-08-1.19902e-08-1.33362e-08-1.11937e-08-7.51169e-09-8.40400e-09
-8.72270e-09-6.54119e-09-6.65810e-09-6.92635e-09-5.21824e-09-4.71994e-09
-4.35883e-09-2.75152e-09-2.06491e-09-1.32775e-09 1.62784e-10 8.89458e-10
 1.84804e-09 3.09343e-09 3.59325e-09 4.25323e-09 4.68171e-09 4.44191e-09
 4.30037e-09 3.75617e-09 2.91200e-09 2.15103e-09 1.05012e-09 1.13208e-11
-9.32468e-10-1.91597e-09-2.59816e-09-3.14811e-09-3.43798e-09-3.37800e-09
-3.12123e-09-2.57390e-09-1.90276e-09-1.16979e-09-4.00555e-10 3.10739e-10
 9.99015e-10 1.57908e-09 1.99667e-09 2.17783e-09 2.03427e-09 1.55031e-09
 7.40948e-10-2.83654e-10-1.39730e-09-2.47227e-09-3.38589e-09-4.04760e-09
-4.39591e-09-4.40251e-09-4.04488e-09-3.31833e-09-2.26037e-09-9.50334e-10
 5.05159e-10 1.98407e-09 3.36408e-09 4.53680e-09 5.41349e-09 5.94175e-09
 6.11364e-09 5.94887e-09 5.48514e-09 4.78735e-09 3.94177e-09 3.03348e-09
 2.13942e-09 1.32271e-09 6.12147e-10 3.42076e-12-5.20488e-10-9.90943e-10
-1.45495e-09-1.94478e-09-2.45821e-09-2.97147e-09-3.44270e-09-3.80739e-09
-3.99071e-09-3.91128e-09-3.49143e-09-2.71092e-09-1.63875e-09-3.95766e-10
 8.82453e-10 2.04743e-09 2.95152e-09 3.48224e-09 3.57719e-09 3.23504e-09
 2.55053e-09 1.70002e-09 8.42621e-10 6.01395e-11-6.05238e-10-1.11339e-09
-1.43935e-09-1.60427e-09-1.69570e-09-1.84022e-09-2.12365e-09-2.52951e-09
-2.94960e-09-3.26020e-09-3.40415e-09-3.38661e-09-3.20300e-09-2.82406e-09
-2.25564e-09-1.59440e-09-1.02610e-09-7.35797e-10-7.95564e-10-1.15249e-09
-1.69044e-09-2.28544e-09-2.84726e-09-3.30735e-09-3.57654e-09-3.57809e-09
-3.31193e-09-2.86148e-09-2.35638e-09-1.89212e-09-1.46356e-09-9.99404e-10
-4.22015e-10 3.33076e-10 1.28978e-09 2.42032e-09 3.67207e-09 4.96303e-09
 6.16326e-09 7.13533e-09 7.79246e-09 8.11250e-09 8.13047e-09 7.92551e-09
 7.58976e-09 7.19783e-09 6.79671e-09 6.40866e-09 6.02821e-09 5.61318e-09
 5.11215e-09 4.51590e-09 3.85434e-09 3.16982e-09 2.53037e-09 2.01257e-09
 1.64640e-09 1.42128e-09 1.30969e-09 1.23720e-09 1.09369e-09 8.09056e-10
 3.73486e-10-1.94446e-10-8.58151e-10-1.58515e-09-2.38339e-09-3.29154e-09
-4.34944e-09-5.58921e-09-7.01993e-09-8.59451e-09-1.01775e-08-1.15469e-08
-1.24614e-08-1.27563e-08-1.24004e-08-1.14938e-08-1.01976e-08-8.64701e-09
-6.93211e-09-5.12913e-09-3.31610e-09-1.56584e-09 8.77786e-11 1.67611e-09
 3.24683e-09 4.78125e-09 6.16734e-09 7.24079e-09 7.85948e-09 7.94107e-09
 7.42687e-09 6.24282e-09 4.31937e-09 1.66372e-09-1.55434e-09-4.98614e-09
-8.17775e-09-1.06491e-08-1.19521e-08-1.17329e-08-9.79284e-09-6.17462e-09
-1.24924e-09 4.30770e-09 9.66155e-09 1.40087e-08 1.67603e-08 1.76477e-08
 1.67205e-08 1.43013e-08 1.09213e-08 7.21029e-09 3.77121e-09 1.05827e-09
-7.22543e-10-1.62585e-09-1.89430e-09-1.86448e-09-1.86282e-09-2.11066e-09
-2.68014e-09-3.48067e-09-4.27212e-09-4.74254e-09-4.61737e-09-3.75553e-09
-2.23220e-09-3.53160e-10 1.44278e-09 2.72213e-09 3.17986e-09 2.74116e-09
 1.58840e-09 9.04448e-11-1.31349e-09-2.25031e-09-2.53933e-09-2.23846e-09
-1.60234e-09-9.87361e-10-7.17021e-10-9.56785e-10-1.66179e-09-2.59918e-09
-3.42803e-09-3.81887e-09-3.56208e-09-2.62790e-09-1.17074e-09 5.27723e-10
 2.14830e-09 3.41405e-09 4.16002e-09 4.38241e-09 4.22362e-09 3.89785e-09
 3.60091e-09 3.43070e-09 3.34786e-09 3.19807e-09 2.77668e-09 1.91360e-09
 5.58660e-10-1.17919e-09-3.06072e-09-4.78575e-09-6.08442e-09-6.80840e-09
-6.96384e-09-6.66219e-09-6.03643e-09-5.17534e-09-4.10019e-09-2.78477e-09
-1.19983e-09 6.34030e-10 2.60052e-09 4.48807e-09 6.05322e-09 7.10342e-09
 7.54921e-09 7.41187e-09 6.79042e-09 5.80492e-09 4.54826e-09 3.06929e-09
 1.38820e-09-4.72059e-10-2.45937e-09-4.47679e-09-6.37302e-09-7.95539e-09
-9.04125e-09-9.51823e-09-9.36572e-09-8.63213e-09-7.40015e-09-5.76419e-09
-3.81401e-09-1.61535e-09 7.92957e-10 3.35945e-09 5.96021e-09 8.37267e-09
 1.03055e-08 1.14699e-08 1.16695e-08 1.08712e-08 9.21339e-09 6.94613e-09
 4.34665e-09 1.65624e-09-9.48930e-10-3.36307e-09-5.52605e-09-7.36066e-09
-8.71847e-09-9.40478e-09-9.27884e-09-8.34164e-09-6.74239e-09-4.72095e-09
-2.54168e-09-4.35844e-10 1.45291e-09 3.09833e-09 4.56912e-09 5.96615e-09
 7.35552e-09 8.72059e-09 9.94633e-09 1.08487e-08 1.12342e-08 1.09398e-08
 9.82475e-09 7.75990e-09 4.67035e-09 6.15047e-10-4.16631e-09-9.26080e-09
-1.40977e-08-1.79633e-08-2.00890e-08-1.98505e-08-1.69899e-08-1.17488e-08
-4.88517e-09 2.40169e-09 8.64427e-09 1.24205e-08 1.27993e-08 9.83888e-09
 5.00521e-09 1.20102e-09
     0.0000e+00     0.0000e+00      0  0  0.00
     512   1.00000  0.0000e+00
-1.59514e-09-1.25854e-09-7.99665e-10-2.53447e-10 3.51329e-10 9.90943e-10
 1.63328e-09 2.22725e-09 2.70532e-09 3.00410e-09 3.09625e-09 3.01029e-09
 2.81364e-09 2.56112e-09 2.24345e-09 1.77848e-09 1.05990e-09 3.42846e-11
-1.24099e-09-2.58929e-09-3.76025e-09-4.51378e-09-4.70202e-09-4.30222e-09
-3.38860e-09-2.07593e-09-4.72995e-10 1.33754e-09 3.29113e-09 5.31460e-09
 7.30776e-09 9.15674e-09 1.07654e-08 1.20664e-08 1.29947e-08 1.34496e-08
 1.32816e-08 1.23254e-08 1.04625e-08 7.68369e-09 4.11701e-09-4.51283e-12
-4.43337e-09-9.01073e-09-1.37082e-08-1.85709e-08-2.35924e-08-2.85820e-08
-3.30685e-08-3.62735e-08-3.71856e-08-3.47483e-08-2.81676e-08-1.73443e-08
-3.35147e-09 1.13525e-08 2.33746e-08 2.95211e-08 2.80818e-08 1.96195e-08
 6.93690e-09-5.76381e-09-1.42545e-08-1.57123e-08-9.66085e-09 1.96844e-09
 1.56889e-08 2.78624e-08 3.59992e-08 3.93293e-08 3.85091e-08 3.48748e-08
 2.97375e-08 2.39477e-08 1.77749e-08 1.10853e-08 3.72241e-09-4.09154e-09
-1.15243e-08-1.71957e-08-1.95437e-08-1.73965e-08-1.05817e-08-3.93489e-10
 1.02360e-08 1.69631e-08 1.47105e-08-1.16394e-09-3.31684e-08-7.94628e-08
-1.31492e-07-1.72299e-07-1.77426e-07-1.24515e-07-1.41638e-08 1.18661e-07
 2.24781e-07 2.70759e-07 2.45827e-07 1.56382e-07 2.69915e-08-1.01081e-07
-1.82228e-07-1.85002e-07-1.12163e-07-9.55055e-09 5.62634e-08 4.54241e-08
-2.35640e-08-9.02764e-08-1.03523e-07-5.99129e-08 4.08160e-09 4.98489e-08
 6.01028e-08 3.61682e-08-3.86646e-09-1.63268e-08 5.49936e-08 2.24396e-07
 4.25845e-07 5.59750e-07 5.63508e-07 4.09265e-07 8.71374e-08-3.64133e-07
-8.43440e-07-1.21215e-06-1.32416e-06-1.07763e-06-4.84163e-07 3.02802e-07
 1.02561e-06 1.41140e-06 1.29472e-06 7.22411e-07-3.76201e-08-6.14094e-07
-7.35214e-07-4.07875e-07 6.90810e-08 3.17328e-07 1.86891e-07-1.17086e-07
-2.55145e-07-1.20953e-07 7.02516e-08 9.04390e-08-1.62448e-08-6.20863e-08
-1.28839e-08 1.99855e-08 3.32886e-09-1.43798e-09 1.22614e-08 7.17442e-09
-2.47544e-09 5.00475e-09 7.80977e-09 4.00408e-10 2.25445e-09 5.85556e-09
 1.20196e-09 9.50775e-10 3.80849e-09 1.03579e-09 5.13144e-10 2.45155e-09
 4.30498e-10-5.51561e-11 9.93292e-10-7.26340e-10-1.03153e-09-7.69104e-10
-2.39260e-09-2.51985e-09-2.58455e-09-3.41479e-09-2.74464e-09-2.45272e-09
-2.28026e-09-1.26880e-09-9.57065e-10-3.38010e-10 5.25029e-10 9.45347e-10
 1.79304e-09 2.31443e-09 2.56715e-09 2.86202e-09 2.71182e-09 2.56947e-09
 2.23186e-09 1.68953e-09 1.16496e-09 4.05036e-10-3.73846e-10-1.15799e-09
-1.83899e-09-2.29396e-09-2.62901e-09-2.78212e-09-2.79473e-09-2.65321e-09
-2.34871e-09-1.88143e-09-1.21061e-09-4.00807e-10 4.42484e-10 1.19976e-09
 1.82058e-09 2.30877e-09 2.65754e-09 2.84716e-09 2.85772e-09 2.68021e-09
 2.28986e-09 1.67137e-09 8.83468e-10 4.73111e-11-7.56608e-10-1.52280e-09
-2.23426e-09-2.82370e-09-3.23087e-09-3.41783e-09-3.34345e-09-3.01033e-09
-2.50122e-09-1.90243e-09-1.25007e-09-5.77228e-10 6.93606e-11 6.61401e-10
 1.17440e-09 1.57504e-09 1.85046e-09 1.98818e-09 1.95088e-09 1.75548e-09
 1.50860e-09 1.27540e-09 9.98209e-10 6.05090e-10 1.23863e-10-3.16097e-10
-5.46650e-10-4.90925e-10-2.68648e-10-6.52935e-11 1.31404e-10 5.45064e-10
 1.34243e-09 2.44228e-09 3.57857e-09 4.51313e-09 5.24966e-09 6.02732e-09
 6.99242e-09 7.91539e-09 8.36095e-09 8.11693e-09 7.36813e-09 6.45099e-09
 5.49000e-09 4.30297e-09 2.65293e-09 5.82237e-10-1.51604e-09-3.20964e-09
-4.41336e-09-5.40026e-09-6.43936e-09-7.48108e-09-8.19956e-09-8.33914e-09
-8.00169e-09-7.53727e-09-7.17805e-09-6.84858e-09-6.31149e-09-5.46040e-09
-4.47448e-09-3.67364e-09-3.22582e-09-3.02074e-09-2.82087e-09-2.51758e-09
-2.22558e-09-2.12407e-09-2.24711e-09-2.44372e-09-2.50468e-09-2.33815e-09
-2.03804e-09-1.74815e-09-1.48562e-09-1.13572e-09-5.61430e-10 2.91838e-10
 1.32852e-09 2.36359e-09 3.29203e-09 4.13982e-09 4.94994e-09 5.68920e-09
 6.23920e-09 6.44549e-09 6.23525e-09 5.68740e-09 4.92706e-09 3.98046e-09
 2.78653e-09 1.31864e-09-3.38986e-10-2.01123e-09-3.52407e-09-4.81172e-09
-5.91461e-09-6.82804e-09-7.40904e-09-7.50763e-09-7.13457e-09-6.44439e-09
-5.60861e-09-4.71495e-09-3.74009e-09-2.65748e-09-1.59523e-09-7.86656e-10
-3.23422e-10-5.07562e-11 2.64154e-10 7.18961e-10 1.21760e-09 1.58875e-09
 1.79742e-09 2.02134e-09 2.43819e-09 2.96050e-09 3.26208e-09 3.07671e-09
 2.45981e-09 1.75778e-09 1.32176e-09 1.27807e-09 1.58864e-09 2.30235e-09
 3.68998e-09 6.03498e-09 9.24314e-09 1.27285e-08 1.57093e-08 1.75815e-08
 1.80707e-08 1.71270e-08 1.47377e-08 1.09320e-08 6.00542e-09 6.59953e-10
-4.15050e-09-7.57933e-09-9.20061e-09-9.07417e-09-7.59070e-09-5.29171e-09
-2.77840e-09-6.90209e-10 3.49332e-10-7.59599e-11-1.93135e-09-4.67042e-09
-7.43190e-09-9.36416e-09-9.91626e-09-8.96734e-09-6.77815e-09-3.88189e-09
-9.75016e-10 1.23346e-09 2.20848e-09 1.75403e-09 1.03053e-10-2.13320e-09
-4.17162e-09-5.33769e-09-5.30484e-09-4.18972e-09-2.46403e-09-7.60891e-10
 3.26722e-10 4.26031e-10-4.88556e-10-2.06925e-09-3.68200e-09-4.60220e-09
-4.27445e-09-2.52725e-09 3.42483e-10 3.64453e-09 6.53015e-09 8.29572e-09
 8.60380e-09 7.55879e-09 5.64918e-09 3.56476e-09 1.94294e-09 1.14318e-09
 1.12287e-09 1.46366e-09 1.55778e-09 8.76194e-10-7.96398e-10-3.24283e-09
-5.86387e-09-7.89525e-09-8.69938e-09-8.00400e-09-5.99894e-09-3.26139e-09
-5.37884e-10 1.53532e-09 2.66141e-09 2.96427e-09 2.89333e-09 2.99958e-09
 3.67093e-09 4.93565e-09 6.42802e-09 7.53086e-09 7.63198e-09 6.39767e-09
 3.94173e-09 7.95600e-10-2.29995e-09-4.67349e-09-5.96504e-09-6.24029e-09
-5.91941e-09-5.54712e-09-5.51072e-09-5.84256e-09-6.20583e-09-6.06169e-09
-4.93594e-09-2.67931e-09 4.04757e-10 3.65530e-09 6.32379e-09 7.87083e-09
 8.16331e-09 7.49883e-09 6.43856e-09 5.51707e-09 4.97036e-09 4.62795e-09
 4.03408e-09 2.72516e-09 5.04711e-10-2.41234e-09-5.44554e-09-7.87742e-09
-9.16523e-09-9.17296e-09-8.19924e-09-6.79344e-09-5.46339e-09-4.42266e-09
-3.49657e-09-2.24066e-09-2.28265e-10 2.64891e-09 6.05069e-09 9.29984e-09
 1.16563e-08 1.26115e-08 1.20745e-08 1.03683e-08 8.03353e-09 5.53624e-09
 3.05006e-09 4.53448e-10-2.45932e-09-5.70461e-09-8.94909e-09-1.15520e-08
-1.28082e-08-1.22947e-08-1.01270e-08-6.95045e-09-3.66942e-09-1.07678e-09
 4.37381e-10 9.89437e-10 1.07619e-09 1.26939e-09 1.90127e-09 2.93250e-09
 4.05599e-09 4.92454e-09 5.33471e-09 5.26399e-09 4.77602e-09 3.89556e-09
 2.56864e-09 7.73030e-10-1.26728e-09-2.95636e-09-3.52895e-09-2.64119e-09
-1.11063e-09-1.90937e-10
     0.0000e+00     0.0000e+00      0  0  0.00
     512   1.00000  0.0000e+00
-4.99186e-09-5.01727e-09-4.64516e-09-3.84624e-09-2.67800e-09-1.28049e-09
 1.57919e-10 1.44276e-09 2.41170e-09 2.97640e-09 3.15605e-09 3.06115e-09
 2.81539e-09 2.47550e-09 2.02181e-09 1.41938e-09 6.84804e-10-9.04531e-11
-7.63138e-10-1.18514e-09-1.24447e-09-8.75819e-10-4.11519e-11 1.29326e-09
 3.16087e-09 5.57903e-09 8.52053e-09 1.18775e-08 1.54369e-08 1.89043e-08
 2.19873e-08 2.44843e-08 2.62970e-08 2.73557e-08 2.75410e-08 2.66808e-08
 2.46047e-08 2.11926e-08 1.64025e-08 1.02928e-08 3.03048e-09-5.13957e-09
-1.39398e-08-2.30726e-08-3.21999e-08-4.09303e-08-4.88489e-08-5.55775e-08
-6.08265e-08-6.44029e-08-6.61710e-08-6.60041e-08-6.37816e-08-5.94612e-08
-5.31853e-08-4.53195e-08-3.63460e-08-2.66729e-08-1.65046e-08-5.85722e-09
 5.30178e-09 1.68480e-08 2.83399e-08 3.90459e-08 4.81810e-08 5.51876e-08
 5.98684e-08 6.23286e-08 6.28259e-08 6.16612e-08 5.91693e-08 5.57576e-08
 5.19099e-08 4.80986e-08 4.46056e-08 4.13254e-08 3.77161e-08 3.30161e-08
 2.66624e-08 1.87434e-08 1.03666e-08 3.85496e-09 2.64933e-09 1.07609e-08
 3.16358e-08 6.63543e-08 1.11334e-07 1.56171e-07 1.82722e-07 1.66733e-07
 8.32282e-08-8.37400e-08-3.27837e-07-6.08232e-07-8.47856e-07-9.52413e-07
-8.51029e-07-5.35149e-07-6.63726e-08 4.40268e-07 8.41201e-07 1.01055e-06
 9.05369e-07 6.01896e-07 2.63023e-07 4.99882e-08 2.83804e-08 1.29418e-07
 2.08120e-07 1.64448e-07 2.30834e-08-1.01354e-07-1.14264e-07-1.29587e-08
 1.36076e-07 2.46795e-07 2.24780e-07 4.99628e-09-3.61551e-07-7.19177e-07
-9.38234e-07-9.84503e-07-8.87028e-07-6.92693e-07-4.33136e-07-1.31507e-07
 1.62586e-07 3.79997e-07 4.74424e-07 4.52948e-07 3.79304e-07 3.45508e-07
 4.22035e-07 6.09372e-07 8.09947e-07 8.53171e-07 6.00359e-07 7.33783e-08
-5.04007e-07-8.14970e-07-6.76300e-07-2.22735e-07 1.60532e-07 1.72774e-07
-1.02702e-07-2.98398e-07-2.00898e-07 1.45163e-08 7.35249e-08-1.71489e-08
-6.03109e-08-1.09963e-08 1.77624e-08 6.89097e-10 3.07659e-09 1.87497e-08
 8.87616e-09-5.26718e-10 8.78186e-09 8.15176e-09-3.33360e-11 4.54082e-09
 6.96983e-09 1.86862e-09 4.46633e-09 7.06650e-09 3.67495e-09 5.07250e-09
 6.45169e-09 3.49116e-09 4.09205e-09 4.40783e-09 2.08197e-09 2.55576e-09
 2.03692e-09 8.54178e-11 1.89789e-10-9.23033e-10-1.98632e-09-1.47617e-09
-1.98971e-09-1.75647e-09-1.06951e-09-1.17103e-09-4.69744e-10-1.08687e-10
 5.43261e-11 7.22205e-10 9.29750e-10 1.37009e-09 1.66030e-09 1.47579e-09
 1.27502e-09 6.74690e-10 1.47779e-10-2.31988e-10-5.47145e-10-6.46645e-10
-8.15336e-10-9.42748e-10-1.01561e-09-9.39903e-10-5.60243e-10 6.12275e-11
 8.70336e-10 1.66831e-09 2.33992e-09 2.85091e-09 3.21421e-09 3.48928e-09
 3.68801e-09 3.77864e-09 3.65168e-09 3.19312e-09 2.35770e-09 1.18693e-09
-2.16839e-10-1.72986e-09-3.23062e-09-4.61269e-09-5.78440e-09-6.69301e-09
-7.34295e-09-7.76203e-09-7.94557e-09-7.84341e-09-7.39915e-09-6.58937e-09
-5.42703e-09-3.95365e-09-2.25695e-09-4.82826e-10 1.21588e-09 2.75215e-09
 4.09934e-09 5.21924e-09 6.03018e-09 6.45028e-09 6.46201e-09 6.14279e-09
 5.61508e-09 4.93239e-09 4.03829e-09 2.86883e-09 1.46932e-09 2.34984e-12
-1.34077e-09-2.45485e-09-3.35797e-09-4.09126e-09-4.60233e-09-4.79331e-09
-4.68112e-09-4.42002e-09-4.12952e-09-3.76034e-09-3.15909e-09-2.23590e-09
-1.06196e-09 1.90451e-10 1.40696e-09 2.61551e-09 3.89280e-09 5.19026e-09
 6.28957e-09 6.98385e-09 7.29271e-09 7.42466e-09 7.52776e-09 7.55208e-09
 7.36893e-09 6.98288e-09 6.59682e-09 6.44896e-09 6.60787e-09 6.95667e-09
 7.32882e-09 7.62697e-09 7.84853e-09 7.99277e-09 7.94691e-09 7.53460e-09
 6.68037e-09 5.47458e-09 4.07000e-09 2.52318e-09 7.64126e-10-1.26691e-09
-3.51679e-09-5.85865e-09-8.15441e-09-1.02872e-08-1.21784e-08-1.37505e-08
-1.48987e-08-1.55613e-08-1.57853e-08-1.56779e-08-1.53218e-08-1.47376e-08
-1.39060e-08-1.28477e-08-1.16880e-08-1.06149e-08-9.77177e-09-9.19603e-09
-8.85614e-09-8.70981e-09-8.68878e-09-8.66056e-09-8.45328e-09-7.90186e-09
-6.90390e-09-5.50847e-09-3.90930e-09-2.28795e-09-7.08970e-10 8.34404e-10
 2.35456e-09 3.84484e-09 5.27935e-09 6.65666e-09 8.03457e-09 9.48788e-09
 1.10496e-08 1.27033e-08 1.44104e-08 1.61270e-08 1.77615e-08 1.91168e-08
 1.99351e-08 2.00434e-08 1.94672e-08 1.84130e-08 1.71063e-08 1.56077e-08
 1.38000e-08 1.15613e-08 8.94158e-09 6.17917e-09 3.52632e-09 1.05330e-09
-1.33681e-09-3.69632e-09-5.87316e-09-7.57032e-09-8.54489e-09-8.72606e-09
-8.14378e-09-6.79642e-09-4.64570e-09-1.76991e-09 1.48915e-09 4.58060e-09
 6.96566e-09 8.28430e-09 8.36382e-09 7.13695e-09 4.58550e-09 8.03770e-10
-3.87949e-09-8.89945e-09-1.36093e-08-1.74674e-08-2.01485e-08-2.15351e-08
-2.16365e-08-2.05441e-08-1.84389e-08-1.55875e-08-1.23010e-08-8.86037e-09
-5.45782e-09-2.22324e-09 7.10975e-10 3.20155e-09 5.12354e-09 6.39998e-09
 7.03263e-09 7.10077e-09 6.73449e-09 6.10172e-09 5.37310e-09 4.66478e-09
 4.02978e-09 3.47251e-09 2.93843e-09 2.33587e-09 1.60314e-09 7.51716e-10
-1.22351e-10-8.51546e-10-1.25472e-09-1.19950e-09-6.36996e-10 3.63860e-10
 1.61014e-09 2.84495e-09 3.82378e-09 4.37143e-09 4.43116e-09 4.08119e-09
 3.49746e-09 2.88444e-09 2.39708e-09 2.08040e-09 1.84742e-09 1.49903e-09
 8.04451e-10-3.70943e-10-1.97928e-09-3.79823e-09-5.49688e-09-6.72704e-09
-7.22768e-09-6.90927e-09-5.88517e-09-4.42842e-09-2.85328e-09-1.38184e-09
-7.25550e-11 1.17387e-09 2.53845e-09 4.15112e-09 5.97760e-09 7.80314e-09
 9.29034e-09 1.00598e-08 9.79878e-09 8.39175e-09 6.00137e-09 3.02766e-09
-4.64102e-11-2.82126e-09-5.06991e-09-6.75382e-09-7.98694e-09-8.93951e-09
-9.71434e-09-1.02629e-08-1.03759e-08-9.75959e-09-8.18721e-09-5.65238e-09
-2.42927e-09 1.00399e-09 4.14630e-09 6.65819e-09 8.44666e-09 9.63283e-09
 1.04509e-08 1.11097e-08 1.16383e-08 1.17971e-08 1.11533e-08 9.31968e-09
 6.20358e-09 2.09804e-09-2.41698e-09-6.67445e-09-1.01256e-08-1.24833e-08
-1.37458e-08-1.40968e-08-1.37431e-08-1.27713e-08-1.10902e-08-8.50943e-09
-4.93452e-09-5.61312e-10 4.07941e-09 8.29545e-09 1.15156e-08 1.34750e-08
 1.42210e-08 1.40199e-08 1.32374e-08 1.21797e-08 1.09228e-08 9.26456e-09
 6.88363e-09 3.59935e-09-4.63001e-10-4.88967e-09-9.14033e-09-1.27561e-08
-1.54953e-08-1.73239e-08-1.82979e-08-1.84387e-08-1.76682e-08-1.58035e-08
-1.26160e-08-7.98301e-09-2.09801e-09 4.41615e-09 1.06489e-08 1.57468e-08
 1.91853e-08 2.07741e-08 2.05048e-08 1.84478e-08 1.47363e-08 9.58951e-09
 3.40259e-09-3.08845e-09-8.71967e-09-1.21066e-08-1.22029e-08-9.04322e-09
-4.35746e-09-9.84808e-10
     0.0000e+00     0.0000e+00      0  0  0.00
     512   1.00000  0.0000e+00
 2.06898e-09 1.96159e-09 1.72571e-09 1.36827e-09 8.97791e-10 3.20236e-10
-3.45832e-10-1.04744e-09-1.69402e-09-2.18095e-09-2.42173e-09-2.36827e-09
-2.01741e-09-1.41151e-09-6.31795e-10 2.21759e-10 1.05680e-09 1.80188e-09
 2.39931e-09 2.79194e-09 2.92260e-09 2.74709e-09 2.24277e-09 1.39808e-09
 1.90902e-10-1.41877e-09-3.46529e-09-5.93403e-09-8.73019e-09-1.16824e-08
-1.45731e-08-1.71726e-08-1.92666e-08-2.06809e-08-2.12979e-08-2.10505e-08
-1.98951e-08-1.77960e-08-1.47421e-08-1.07783e-08-6.00839e-09-5.67918e-10
 5.39853e-09 1.17238e-08 1.81841e-08 2.44860e-08 3.02942e-08 3.52812e-08
 3.91685e-08 4.17484e-08 4.28921e-08 4.25493e-08 4.07357e-08 3.75091e-08
 3.29513e-08 2.71777e-08 2.03716e-08 1.28052e-08 4.81705e-09-3.23298e-09
-1.09883e-08-1.80938e-08-2.42052e-08-2.90311e-08-3.23733e-08-3.41244e-08
-3.42364e-08-3.27007e-08-2.95555e-08-2.48974e-08-1.88835e-08-1.17402e-08
-3.78543e-09 4.55467e-09 1.27605e-08 2.02650e-08 2.65177e-08 3.10687e-08
 3.36820e-08 3.44564e-08 3.38948e-08 3.28451e-08 3.22684e-08 3.28341e-08
 3.43963e-08 3.54676e-08 3.28736e-08 2.18455e-08-3.15507e-09-4.66481e-08
-1.09419e-07-1.85227e-07-2.58468e-07-3.07172e-07-3.11210e-07-2.58812e-07
-1.52978e-07-1.69270e-08 1.12594e-07 1.98558e-07 2.14899e-07 1.59581e-07
 6.12727e-08-3.16293e-08-7.54434e-08-5.54388e-08 7.02262e-09 7.23064e-08
 1.12687e-07 1.29640e-07 1.43314e-07 1.65974e-07 1.88153e-07 1.92018e-07
 1.76217e-07 1.67591e-07 2.07993e-07 3.16129e-07 4.51527e-07 5.33634e-07
 5.09035e-07 3.78211e-07 1.56692e-07-1.48330e-07-5.12731e-07-8.77002e-07
-1.16208e-06-1.29380e-06-1.22339e-06-9.47590e-07-5.17510e-07-2.80118e-08
 4.08848e-07 7.01873e-07 8.11909e-07 7.58389e-07 6.01215e-07 4.06691e-07
 2.21681e-07 7.28814e-08-2.16362e-08-4.95999e-08-2.15663e-08 1.51697e-08
 6.81244e-09-4.85381e-08-9.27018e-08-8.06224e-08-4.09839e-08-2.86798e-08
-4.25167e-08-4.23278e-08-2.38796e-08-1.36273e-08-1.19766e-08-3.63964e-09
 4.43587e-09 3.70876e-09 4.00302e-09 7.28452e-09 5.34090e-09 2.28766e-09
 2.58133e-09 5.88068e-10-2.44311e-09-2.49813e-09-3.54479e-09-5.39068e-09
-4.97128e-09-5.14506e-09-5.67159e-09-4.44960e-09-3.81760e-09-3.30366e-09
-1.75741e-09-1.03173e-09-2.70508e-10 8.78891e-10 1.11964e-09 1.43459e-09
 1.55568e-09 1.00441e-09 7.47057e-10 2.68884e-10-3.02133e-10-5.68209e-10
-1.03896e-09-1.27168e-09-1.34597e-09-1.43729e-09-1.25191e-09-1.05373e-09
-6.64847e-10-4.71341e-11 6.60686e-10 1.54031e-09 2.36842e-09 3.09703e-09
 3.64020e-09 3.92058e-09 4.01267e-09 3.89855e-09 3.61938e-09 3.15126e-09
 2.47105e-09 1.58688e-09 5.23102e-10-6.10068e-10-1.69625e-09-2.63943e-09
-3.40546e-09-3.99467e-09-4.39707e-09-4.58333e-09-4.50123e-09-4.11965e-09
-3.46675e-09-2.61295e-09-1.62173e-09-5.37725e-10 5.92194e-10 1.70638e-09
 2.73635e-09 3.62213e-09 4.32246e-09 4.80734e-09 5.03214e-09 4.95129e-09
 4.57216e-09 3.95519e-09 3.17000e-09 2.28035e-09 1.34240e-09 3.99359e-10
-5.10942e-10-1.35178e-09-2.09400e-09-2.70892e-09-3.15492e-09-3.39656e-09
-3.43279e-09-3.28319e-09-2.97309e-09-2.54933e-09-2.07516e-09-1.60965e-09
-1.20674e-09-9.05736e-10-7.15649e-10-6.33433e-10-6.68069e-10-8.26172e-10
-1.09019e-09-1.43478e-09-1.85419e-09-2.34677e-09-2.87983e-09-3.38478e-09
-3.77514e-09-3.98526e-09-4.00144e-09-3.82121e-09-3.41363e-09-2.76022e-09
-1.89289e-09-8.90016e-10 1.53434e-10 1.17524e-09 2.14023e-09 2.99786e-09
 3.68374e-09 4.12725e-09 4.27217e-09 4.12882e-09 3.76109e-09 3.22461e-09
 2.55918e-09 1.80971e-09 1.04162e-09 3.44229e-10-2.13291e-10-6.10133e-10
-8.34691e-10-8.60162e-10-6.49762e-10-1.64512e-10 5.97498e-10 1.57965e-09
 2.70313e-09 3.89238e-09 5.07145e-09 6.16213e-09 7.07654e-09 7.72554e-09
 8.05946e-09 8.07045e-09 7.74609e-09 7.05832e-09 5.98575e-09 4.53260e-09
 2.75683e-09 7.73205e-10-1.29549e-09-3.34966e-09-5.29075e-09-7.01256e-09
-8.42093e-09-9.43425e-09-9.99146e-09-1.00721e-08-9.67421e-09-8.79041e-09
-7.43620e-09-5.68103e-09-3.63435e-09-1.41325e-09 8.61731e-10 3.06361e-09
 5.08123e-09 6.82793e-09 8.23322e-09 9.25338e-09 9.86031e-09 9.99745e-09
 9.59430e-09 8.64371e-09 7.23656e-09 5.52710e-09 3.67564e-09 1.80218e-09
-1.46574e-11-1.68937e-09-3.09322e-09-4.09096e-09-4.61772e-09-4.70253e-09
-4.43399e-09-3.92999e-09-3.32409e-09-2.77191e-09-2.44470e-09-2.45638e-09
-2.79923e-09-3.36141e-09-3.97283e-09-4.46205e-09-4.70799e-09-4.62935e-09
-4.17470e-09-3.37452e-09-2.39210e-09-1.52991e-09-1.16216e-09-1.59377e-09
-2.96459e-09-5.23583e-09-8.17324e-09-1.13453e-08-1.41718e-08-1.60007e-08
-1.62444e-08-1.45412e-08-1.08436e-08-5.44416e-09 1.04932e-09 7.81453e-09
 1.39605e-08 1.86821e-08 2.14079e-08 2.18998e-08 2.02817e-08 1.70018e-08
 1.27226e-08 8.16066e-09 3.93462e-09 4.56015e-10-2.11871e-09-3.85714e-09
-4.96940e-09-5.71168e-09-6.28176e-09-6.73767e-09-6.98790e-09-6.84212e-09
-6.08618e-09-4.58004e-09-2.34254e-09 4.22324e-10 3.34667e-09 5.97361e-09
 7.88316e-09 8.80009e-09 8.65030e-09 7.57624e-09 5.89513e-09 3.99886e-09
 2.23486e-09 8.06048e-10-2.73256e-10-1.13913e-09-1.98230e-09-2.94383e-09
-4.03895e-09-5.13942e-09-6.01555e-09-6.41303e-09-6.14363e-09-5.16449e-09
-3.61062e-09-1.75795e-09 6.68767e-11 1.58640e-09 2.63901e-09 3.19489e-09
 3.33871e-09 3.23034e-09 3.03753e-09 2.86243e-09 2.69869e-09 2.43682e-09
 1.91992e-09 1.03087e-09-2.33934e-10-1.74049e-09-3.24608e-09-4.46673e-09
-5.15962e-09-5.19672e-09-4.61109e-09-3.58467e-09-2.35926e-09-1.11761e-09
 8.40386e-11 1.29484e-09 2.58933e-09 3.98242e-09 5.37999e-09 6.58209e-09
 7.33306e-09 7.40401e-09 6.68186e-09 5.22283e-09 3.23903e-09 1.02082e-09
-1.16806e-09-3.16356e-09-4.90085e-09-6.35763e-09-7.50174e-09-8.27910e-09
-8.62678e-09-8.48276e-09-7.79050e-09-6.51959e-09-4.70348e-09-2.45858e-09
 4.12828e-11 2.61252e-09 5.08750e-09 7.30918e-09 9.12502e-09 1.04025e-08
 1.10509e-08 1.10192e-08 1.02721e-08 8.76938e-09 6.48480e-09 3.46850e-09
-8.42153e-11-3.82683e-09-7.34085e-09-1.02482e-08-1.22902e-08-1.33559e-08
-1.34773e-08-1.27975e-08-1.14987e-08-9.70949e-09-7.46184e-09-4.74349e-09
-1.59869e-09 1.82035e-09 5.29849e-09 8.65152e-09 1.17812e-08 1.46444e-08
 1.71608e-08 1.91254e-08 2.01866e-08 1.99088e-08 1.78971e-08 1.39420e-08
 8.14540e-09 9.80580e-10-6.76482e-09-1.41634e-08-2.03483e-08-2.46241e-08
-2.64765e-08-2.55807e-08-2.18918e-08-1.57731e-08-8.04199e-09 1.22292e-10
 7.38199e-09 1.24995e-08 1.46198e-08 1.35390e-08 9.89077e-09 5.17097e-09
 1.55297e-09 1.62045e-10
     0.0000e+00     0.0000e+00      0  0  0.00
     512   1.00000  0.0000e+00
 2.45733e-09 2.89110e-09 3.11333e-09 2.99600e-09 2.47902e-09 1.61801e-09
 5.86986e-10-3.79870e-10-1.08154e-09-1.42578e-09-1.44634e-09-1.26206e-09
-1.00992e-09-7.86938e-10-6.22658e-10-4.91186e-10-3.52199e-10-1.91077e-10
-2.99586e-11 9.15007e-11 1.40411e-10 9.41019e-11-8.16142e-11-4.60097e-10
-1.15688e-09-2.28806e-09-3.89791e-09-5.90232e-09-8.09226e-09-1.02002e-08
-1.19893e-08-1.33165e-08-1.41462e-08-1.45132e-08-1.44548e-08-1.39493e-08
-1.29038e-08-1.12002e-08-8.76009e-09-5.57998e-09-1.72489e-09 2.69382e-09
 7.52865e-09 1.25904e-08 1.76413e-08 2.24048e-08 2.66038e-08 3.00183e-08
 3.25296e-08 3.41142e-08 3.47853e-08 3.45194e-08 3.32184e-08 3.07378e-08
 2.69776e-08 2.19943e-08 1.60487e-08 9.54097e-09 2.87346e-09-3.65771e-09
-9.88475e-09-1.57196e-08-2.10852e-08-2.58622e-08-2.98739e-08-3.29190e-08
-3.48397e-08-3.55734e-08-3.51448e-08-3.36193e-08-3.10756e-08-2.76103e-08
-2.33396e-08-1.83903e-08-1.29079e-08-7.10085e-09-1.28987e-09 4.07585e-09
 8.45997e-09 1.13387e-08 1.23420e-08 1.14000e-08 8.86770e-09 5.62025e-09
 3.09646e-09 3.20794e-09 7.98941e-09 1.88890e-08 3.57174e-08 5.54461e-08
 7.13211e-08 7.28646e-08 4.81546e-08-7.46609e-09-7.94282e-08-1.37743e-07
-1.59181e-07-1.38898e-07-8.29942e-08-4.26174e-09 7.51100e-08 1.27009e-07
 1.30370e-07 8.69175e-08 2.46614e-08-1.94343e-08-2.48009e-08-3.37433e-10
 2.51630e-08 2.86163e-08 1.20003e-08-3.22400e-09 8.40963e-10 2.49507e-08
 6.12429e-08 1.05956e-07 1.55566e-07 1.95964e-07 2.07690e-07 1.76009e-07
 8.09305e-08-1.04264e-07-3.75875e-07-6.73347e-07-9.00788e-07-9.58738e-07
-7.70614e-07-3.20491e-07 3.15543e-07 9.72494e-07 1.43656e-06 1.51573e-06
 1.13175e-06 3.88737e-07-4.40741e-07-1.02016e-06-1.11023e-06-7.13721e-07
-9.85783e-08 3.49413e-07 3.81306e-07 7.32119e-08-2.36237e-07-2.54770e-07
-1.86758e-08 1.73569e-07 1.30038e-07-2.21907e-08-6.04248e-08 1.77515e-08
 5.74079e-08 2.34732e-08 6.27330e-09 2.21188e-08 1.63030e-08-1.39201e-09
 3.82074e-09 8.02347e-09-3.90801e-09-5.57077e-09 1.30573e-11-5.51399e-09
-7.88579e-09-2.84154e-09-4.90005e-09-6.44261e-09-2.23336e-09-2.83994e-09
-3.39772e-09 5.03639e-11-2.38122e-10-2.66680e-10 2.11003e-09 1.46717e-09
 1.68386e-09 3.07658e-09 2.26847e-09 2.75529e-09 3.22032e-09 2.15395e-09
 2.18152e-09 1.43880e-09 3.12891e-10 7.39255e-11-9.20631e-10-1.42845e-09
-1.63304e-09-2.26525e-09-2.30607e-09-2.49691e-09-2.47230e-09-2.03110e-09
-1.74986e-09-1.17396e-09-6.68402e-10-1.76518e-10 4.10129e-10 8.77657e-10
 1.45650e-09 1.94964e-09 2.30609e-09 2.46320e-09 2.36073e-09 2.13540e-09
 1.78025e-09 1.35497e-09 8.67609e-10 3.34043e-10-2.23187e-10-8.00433e-10
-1.32580e-09-1.72808e-09-1.96875e-09-2.08070e-09-2.10996e-09-2.06124e-09
-1.91816e-09-1.67208e-09-1.32748e-09-9.02472e-10-4.52702e-10-5.17599e-11
 2.63541e-10 5.03457e-10 6.93096e-10 8.48063e-10 9.48573e-10 9.39498e-10
 8.05175e-10 6.13130e-10 4.39821e-10 3.14010e-10 2.54259e-10 2.79762e-10
 3.86531e-10 5.80001e-10 8.88608e-10 1.30960e-09 1.81978e-09 2.43229e-09
 3.14484e-09 3.87642e-09 4.53823e-09 5.10180e-09 5.56811e-09 5.94949e-09
 6.25032e-09 6.38424e-09 6.19597e-09 5.65221e-09 4.91699e-09 4.16223e-09
 3.37884e-09 2.42030e-09 1.18698e-09-2.42381e-10-1.65632e-09-2.92327e-09
-4.13531e-09-5.48537e-09-7.03514e-09-8.62367e-09-9.97260e-09-1.09170e-08
-1.15438e-08-1.20362e-08-1.23972e-08-1.24140e-08-1.19196e-08-1.10353e-08
-1.00862e-08-9.30177e-09-8.67669e-09-8.07917e-09-7.43085e-09-6.81184e-09
-6.38351e-09-6.19125e-09-6.08598e-09-5.84418e-09-5.35545e-09-4.69495e-09
-3.98091e-09-3.19352e-09-2.19628e-09-8.90666e-10 6.93739e-10 2.43375e-09
 4.22317e-09 6.04043e-09 7.90474e-09 9.79750e-09 1.16361e-08 1.33049e-08
 1.47100e-08 1.58243e-08 1.66866e-08 1.73389e-08 1.77588e-08 1.78927e-08
 1.77526e-08 1.74235e-08 1.69849e-08 1.64819e-08 1.59412e-08 1.53602e-08
 1.47162e-08 1.40030e-08 1.31958e-08 1.21978e-08 1.08965e-08 9.23972e-09
 7.23394e-09 4.94066e-09 2.46455e-09-9.64613e-11-2.62985e-09-4.95785e-09
-6.92945e-09-8.54266e-09-9.88884e-09-1.10265e-08-1.19605e-08-1.26893e-08
-1.32622e-08-1.38136e-08-1.44853e-08-1.52808e-08-1.60624e-08-1.67241e-08
-1.73148e-08-1.79498e-08-1.86308e-08-1.91797e-08-1.93507e-08-1.90111e-08
-1.82089e-08-1.70323e-08-1.54356e-08-1.32971e-08-1.06439e-08-7.75970e-09
-5.07207e-09-2.92162e-09-1.42060e-09-5.21007e-10-1.60951e-10-2.96247e-10
-7.86988e-10-1.26597e-09-1.18917e-09-9.03801e-11 2.19871e-09 5.51740e-09
 9.48138e-09 1.36262e-08 1.74665e-08 2.04610e-08 2.20543e-08 2.18649e-08
 1.98920e-08 1.65842e-08 1.26894e-08 8.99925e-09 6.17722e-09 4.68662e-09
 4.73260e-09 6.18988e-09 8.55440e-09 1.10166e-08 1.26954e-08 1.29119e-08
 1.13703e-08 8.22086e-09 4.01036e-09-4.76524e-10-4.42856e-09-7.20652e-09
-8.49637e-09-8.38580e-09-7.32855e-09-5.99596e-09-5.05122e-09-4.91621e-09
-5.63387e-09-6.87340e-09-8.04783e-09-8.51590e-09-7.81744e-09-5.84978e-09
-2.92549e-09 3.08996e-10 3.07199e-09 4.68127e-09 4.75989e-09 3.37095e-09
 1.00944e-09-1.57028e-09-3.61068e-09-4.59558e-09-4.41037e-09-3.35915e-09
-2.03207e-09-1.07202e-09-9.20891e-10-1.64591e-09-2.91620e-09-4.12689e-09
-4.62171e-09-3.94950e-09-2.06146e-09 6.47442e-10 3.47466e-09 5.66160e-09
 6.66618e-09 6.35520e-09 5.03932e-09 3.33433e-09 1.90366e-09 1.19186e-09
 1.25850e-09 1.77065e-09 2.15575e-09 1.86072e-09 6.10937e-10-1.44635e-09
-3.77988e-09-5.67990e-09-6.54246e-09-6.10979e-09-4.56913e-09-2.47091e-09
-5.00299e-10 7.99815e-10 1.24189e-09 1.05455e-09 7.52490e-10 8.68358e-10
 1.68344e-09 3.08355e-09 4.59364e-09 5.57913e-09 5.53266e-09 4.31089e-09
 2.20959e-09-1.54033e-10-2.10143e-09-3.18110e-09-3.35266e-09-2.97798e-09
-2.61222e-09-2.69424e-09-3.31010e-09-4.15240e-09-4.67130e-09-4.33976e-09
-2.92624e-09-6.43378e-10 1.91825e-09 4.04633e-09 5.22273e-09 5.34112e-09
 4.71926e-09 3.90183e-09 3.35860e-09 3.23891e-09 3.31200e-09 3.11919e-09
 2.24774e-09 5.75924e-10-1.63368e-09-3.83521e-09-5.45038e-09-6.15229e-09
-6.02908e-09-5.51705e-09-5.12645e-09-5.12691e-09-5.38254e-09-5.41609e-09
-4.65283e-09-2.72408e-09 3.10991e-10 3.94007e-09 7.39055e-09 9.93783e-09
 1.11645e-08 1.10481e-08 9.85395e-09 7.90849e-09 5.39684e-09 2.32777e-09
-1.30105e-09-5.26652e-09-9.00023e-09-1.16838e-08-1.25237e-08-1.10835e-08
-7.52243e-09-2.61618e-09 2.48609e-09 6.66979e-09 9.21437e-09 9.91188e-09
 8.92848e-09 6.57160e-09 3.16177e-09-8.81594e-10-4.76667e-09-7.04037e-09
-5.55514e-09-1.78310e-09
     0.0000e+00     0.0000e+00      0  0  0.00
     512   1.00000  0.0000e+00
 1.27990e-10 4.48409e-10 7.23754e-10 8.87298e-10 9.40389e-10 9.59804e-10
 1.03163e-09 1.16231e-09 1.25257e-09 1.16371e-09 8.17484e-10 2.49870e-10
-4.07728e-10-9.93501e-10-1.39258e-09-1.59887e-09-1.72631e-09-1.94340e-09
-2.35844e-09-2.93759e-09-3.52630e-09-3.95921e-09-4.16244e-09-4.15859e-09
-3.97991e-09-3.58314e-09-2.85453e-09-1.70350e-09-1.59061e-10 1.61310e-09
 3.37747e-09 4.92477e-09 6.14838e-09 7.07730e-09 7.84405e-09 8.57904e-09
 9.28679e-09 9.81352e-09 9.95714e-09 9.62765e-09 8.90618e-09 7.95738e-09
 6.90229e-09 5.78164e-09 4.62010e-09 3.49105e-09 2.49506e-09 1.65997e-09
 8.32718e-10-3.72938e-10-2.53304e-09-6.23788e-09-1.17632e-08-1.86628e-08
-2.55361e-08-3.02887e-08-3.09114e-08-2.63659e-08-1.70807e-08-4.87383e-09
 7.55948e-09 1.73817e-08 2.24042e-08 2.17424e-08 1.60695e-08 7.29069e-09
-2.25913e-09-1.06922e-08-1.70739e-08-2.14060e-08-2.42873e-08-2.65020e-08
-2.86616e-08-3.09711e-08-3.31784e-08-3.46929e-08-3.47897e-08-3.28281e-08
-2.84716e-08-2.18966e-08-1.39350e-08-6.05815e-09-1.12478e-10 2.24380e-09
 3.62534e-10-4.45933e-09-8.18970e-09-3.80751e-09 1.79239e-08 6.62227e-08
 1.46427e-07 2.54846e-07 3.73541e-07 4.68494e-07 4.96264e-07 4.22162e-07
 2.43742e-07-1.26508e-09-2.50901e-07-4.36907e-07-4.99741e-07-4.16905e-07
-2.28575e-07-2.67999e-08 9.38756e-08 9.02784e-08-9.45593e-09-1.32855e-07
-2.18061e-07-2.53912e-07-2.69423e-07-2.84721e-07-2.79583e-07-2.18893e-07
-1.09933e-07-3.20416e-08-9.33527e-08-3.13135e-07-5.39330e-07-5.59195e-07
-3.17694e-07 5.34564e-08 4.13468e-07 7.09075e-07 9.14387e-07 9.90433e-07
 9.18630e-07 7.27022e-07 4.84397e-07 2.77681e-07 1.69755e-07 1.61165e-07
 1.84581e-07 1.27676e-07-1.04714e-07-5.04690e-07-9.23309e-07-1.12571e-06
-9.39532e-07-4.17001e-07 1.43215e-07 3.89266e-07 2.13631e-07-1.21995e-07
-2.34645e-07-3.21126e-08 2.03387e-07 2.01958e-07 4.74107e-08-1.12773e-08
 5.28343e-08 8.06583e-08 3.88745e-08 2.24998e-08 3.50338e-08 1.86970e-08
-1.54918e-09 6.83958e-09 7.92737e-09-5.62200e-09-2.66018e-09 3.20874e-09
-3.53012e-09-1.86203e-09 4.34765e-09 7.65758e-10 1.55935e-09 6.16390e-09
 3.66562e-09 4.18883e-09 6.97526e-09 4.53099e-09 4.82546e-09 5.90250e-09
 3.37982e-09 3.44004e-09 2.92479e-09 4.61384e-10 5.06049e-10-3.02813e-10
-1.03578e-09-2.14112e-11-4.92558e-10-5.13264e-10-3.01512e-10-1.05466e-09
-9.13055e-10-1.25418e-09-1.69353e-09-1.55077e-09-1.77975e-09-1.46645e-09
-1.22519e-09-1.31305e-09-1.48139e-09-2.19872e-09-2.81029e-09-3.21675e-09
-3.25750e-09-2.85178e-09-2.41643e-09-2.02307e-09-1.89683e-09-1.92786e-09
-1.83877e-09-1.38986e-09-4.66976e-10 6.58166e-10 1.67159e-09 2.36479e-09
 2.75334e-09 2.98320e-09 3.19369e-09 3.43830e-09 3.59954e-09 3.50451e-09
 3.10835e-09 2.54292e-09 1.95032e-09 1.34062e-09 6.46153e-10-1.55159e-10
-1.03636e-09-1.99910e-09-3.05048e-09-4.08910e-09-4.89303e-09-5.28540e-09
-5.28348e-09-5.04373e-09-4.71329e-09-4.37172e-09-4.03992e-09-3.67635e-09
-3.18636e-09-2.48929e-09-1.59184e-09-5.71567e-10 5.01585e-10 1.57826e-09
 2.57626e-09 3.38605e-09 3.95202e-09 4.31089e-09 4.55875e-09 4.82266e-09
 5.20987e-09 5.70158e-09 6.14156e-09 6.40093e-09 6.51630e-09 6.61662e-09
 6.75797e-09 6.90499e-09 7.07248e-09 7.38850e-09 7.94899e-09 8.65479e-09
 9.26042e-09 9.57193e-09 9.53616e-09 9.13937e-09 8.31848e-09 7.01993e-09
 5.28803e-09 3.26456e-09 1.10464e-09-1.10047e-09-3.29841e-09-5.40729e-09
-7.29110e-09-8.76567e-09-9.68338e-09-1.00712e-08-1.01114e-08-9.96420e-09
-9.68335e-09-9.30132e-09-8.92589e-09-8.69507e-09-8.62228e-09-8.56142e-09
-8.37646e-09-8.08667e-09-7.83782e-09-7.78382e-09-7.97122e-09-8.30406e-09
-8.63387e-09-8.87106e-09-8.99106e-09-8.95574e-09-8.66555e-09-8.02923e-09
-7.09146e-09-6.01958e-09-4.91566e-09-3.68861e-09-2.13456e-09-1.31780e-10
 2.23189e-09 4.72352e-09 7.13757e-09 9.37264e-09 1.13798e-08 1.30960e-08
 1.44178e-08 1.52324e-08 1.54991e-08 1.52533e-08 1.44855e-08 1.30851e-08
 1.09550e-08 8.14977e-09 4.87968e-09 1.40356e-09-2.06606e-09-5.37656e-09
-8.40895e-09-1.10728e-08-1.33347e-08-1.52209e-08-1.67247e-08-1.76912e-08
-1.78666e-08-1.71266e-08-1.56443e-08-1.38113e-08-1.19746e-08-1.02144e-08
-8.36785e-09-6.28272e-09-4.03351e-09-1.86145e-09 6.49145e-11 1.76564e-09
 3.34676e-09 4.86490e-09 6.32560e-09 7.77802e-09 9.33120e-09 1.10247e-08
 1.27182e-08 1.41427e-08 1.50606e-08 1.54191e-08 1.53662e-08 1.50909e-08
 1.46677e-08 1.40927e-08 1.34503e-08 1.30041e-08 1.30692e-08 1.37794e-08
 1.50178e-08 1.65297e-08 1.80126e-08 1.91213e-08 1.94636e-08 1.86380e-08
 1.63558e-08 1.25790e-08 7.53981e-09 1.65663e-09-4.55741e-09-1.05644e-08
-1.58593e-08-2.00261e-08-2.27977e-08-2.40894e-08-2.39811e-08-2.26672e-08
-2.03999e-08-1.74452e-08-1.40655e-08-1.05076e-08-7.00221e-09-3.78275e-09
-1.07955e-09 9.28004e-10 2.13790e-09 2.52954e-09 2.19109e-09 1.32996e-09
 2.16534e-10-8.98215e-10-1.84858e-09-2.57913e-09-3.10951e-09-3.49165e-09
-3.79338e-09-4.05583e-09-4.23332e-09-4.19850e-09-3.81536e-09-3.00727e-09
-1.78304e-09-2.31737e-10 1.49094e-09 3.16882e-09 4.54361e-09 5.37096e-09
 5.49881e-09 4.93687e-09 3.88035e-09 2.65462e-09 1.60100e-09 9.67842e-10
 8.44299e-10 1.13456e-09 1.57906e-09 1.85127e-09 1.72157e-09 1.19387e-09
 5.01708e-10-3.78010e-11-2.00515e-10 3.95523e-11 5.09324e-10 9.22681e-10
 1.00999e-09 6.37167e-10-1.29770e-10-1.03627e-09-1.73133e-09-1.91987e-09
-1.51092e-09-6.68315e-10 2.81231e-10 1.00419e-09 1.25723e-09 9.06440e-10
-5.70447e-11-1.47860e-09-3.03700e-09-4.32706e-09-5.00306e-09-4.90252e-09
-4.08181e-09-2.76167e-09-1.22700e-09 2.74307e-10 1.60511e-09 2.77187e-09
 3.89432e-09 5.08480e-09 6.27647e-09 7.13770e-09 7.19473e-09 6.12159e-09
 3.99931e-09 1.34951e-09-1.08877e-09-2.68781e-09-3.17992e-09-2.74400e-09
-1.92755e-09-1.41649e-09-1.70838e-09-2.84080e-09-4.36208e-09-5.59872e-09
-6.04810e-09-5.62462e-09-4.61034e-09-3.38109e-09-2.12360e-09-7.47159e-10
 9.74407e-10 3.17536e-09 5.74288e-09 8.28282e-09 1.01986e-08 1.08892e-08
 1.00330e-08 7.80659e-09 4.84618e-09 1.93030e-09-3.92822e-10-1.97328e-09
-2.96924e-09-3.65459e-09-4.29458e-09-5.11419e-09-6.27396e-09-7.80250e-09
-9.53377e-09-1.11228e-08-1.21444e-08-1.22068e-08-1.10225e-08-8.44480e-09
-4.52464e-09 4.15187e-10 5.78240e-09 1.08601e-08 1.49942e-08 1.76586e-08
 1.84074e-08 1.69133e-08 1.31937e-08 7.84114e-09 1.97085e-09-3.16228e-09
-6.63618e-09-8.13990e-09-7.95167e-09-6.69479e-09-5.01901e-09-3.33422e-09
-1.69329e-09-4.33721e-10
     0.0000e+00     0.0000e+00      0  0  0.00
     512   1.00000  0.0000e+00
 1.65644e-09 1.26931e-09 7.97266e-10 3.39308e-10-2.22561e-11-2.60702e-10
-4.16282e-10-5.68814e-10-7.85931e-10-1.08045e-09-1.40067e-09-1.65297e-09
-1.74108e-09-1.60467e-09-1.24287e-09-7.13233e-10-1.08701e-10 4.71104e-10
 9.36430e-10 1.21095e-09 1.23522e-09 9.77321e-10 4.44548e-10-3.12663e-10
-1.20912e-09-2.14930e-09-3.06483e-09-3.94374e-09-4.82542e-09-5.76020e-09
-6.76113e-09-7.77439e-09-8.67866e-09-9.31249e-09-9.52239e-09-9.21082e-09
-8.35717e-09-7.00217e-09-5.21519e-09-3.07163e-09-6.46740e-10 1.98624e-09
 4.75999e-09 7.61401e-09 1.04895e-08 1.33208e-08 1.60223e-08 1.84679e-08
 2.04825e-08 2.18674e-08 2.24573e-08 2.21787e-08 2.10802e-08 1.93252e-08
 1.71405e-08 1.47225e-08 1.21424e-08 9.32047e-09 6.10011e-09 2.37103e-09
-1.83633e-09-6.32128e-09-1.07464e-08-1.47237e-08-1.79309e-08-2.02047e-08
-2.15645e-08-2.21671e-08-2.22362e-08-2.20000e-08-2.16287e-08-2.11760e-08
-2.05603e-08-1.96127e-08-1.81588e-08-1.60888e-08-1.33993e-08-1.02135e-08
-6.80148e-09-3.62415e-09-1.40940e-09-1.19310e-09-4.19506e-09-1.14168e-08
-2.29573e-08-3.71855e-08-5.00432e-08-5.48817e-08-4.33004e-08-7.38013e-09
 5.66303e-08 1.43567e-07 2.35329e-07 3.04091e-07 3.25116e-07 2.85575e-07
 1.84402e-07 3.60815e-08-1.26058e-07-2.59584e-07-3.28757e-07-3.18265e-07
-2.43288e-07-1.47217e-07-8.04803e-08-7.12905e-08-1.07788e-07-1.45799e-07
-1.41765e-07-8.70193e-08-1.32596e-08 3.46826e-08 3.21204e-08-1.51984e-08
-8.45301e-08-1.48677e-07-1.75630e-07-1.34180e-07-1.67233e-08 1.52370e-07
 3.46814e-07 5.61553e-07 7.85248e-07 9.68157e-07 1.03629e-06 9.24090e-07
 5.97949e-07 8.00309e-08-5.38377e-07-1.11318e-06-1.48592e-06-1.53423e-06
-1.22658e-06-6.53817e-07-8.60413e-09 4.88061e-07 6.85025e-07 5.76393e-07
 3.02603e-07 6.24596e-08-1.32911e-08 6.09162e-08 1.59919e-07 1.70275e-07
 8.97097e-08 6.23750e-09-1.25419e-08 1.34859e-08 2.57277e-08 8.06535e-09
-1.15806e-08-1.65918e-08-1.68048e-08-1.86131e-08-1.70416e-08-1.26236e-08
-1.00516e-08-7.73034e-09-3.96298e-09-1.66871e-09-1.09197e-09-1.82213e-10
 1.67054e-10-4.24952e-10-4.72511e-10-4.14490e-10-8.57246e-10-9.98173e-10
-1.14826e-09-1.67739e-09-1.93914e-09-2.08865e-09-2.26217e-09-2.03790e-09
-1.70192e-09-1.39057e-09-9.11964e-10-5.22261e-10-1.92644e-10 1.77460e-10
 4.16045e-10 6.19152e-10 7.64223e-10 7.54066e-10 7.00700e-10 5.82214e-10
 4.44046e-10 3.61582e-10 2.84294e-10 2.37645e-10 1.87129e-10 1.00314e-10
 1.06688e-11-7.63871e-11-1.11960e-10-9.37320e-11-5.76142e-11-2.94091e-11
-5.15066e-11-1.30631e-10-2.55902e-10-4.00303e-10-5.41677e-10-6.95475e-10
-8.80328e-10-1.10045e-09-1.34087e-09-1.56954e-09-1.73941e-09-1.80609e-09
-1.75407e-09-1.59330e-09-1.33569e-09-9.84905e-10-5.48656e-10-3.95681e-11
 5.28402e-10 1.13383e-09 1.75280e-09 2.36426e-09 2.94454e-09 3.46596e-09
 3.89191e-09 4.16908e-09 4.24888e-09 4.12159e-09 3.80731e-09 3.32479e-09
 2.70013e-09 1.97750e-09 1.18524e-09 3.27080e-10-5.74210e-10-1.46378e-09
-2.28510e-09-2.99302e-09-3.55756e-09-3.97471e-09-4.24457e-09-4.33997e-09
-4.22789e-09-3.90348e-09-3.39481e-09-2.76589e-09-2.09234e-09-1.40160e-09
-6.72191e-10 8.83802e-11 8.09333e-10 1.41721e-09 1.88469e-09 2.21106e-09
 2.40585e-09 2.48442e-09 2.44096e-09 2.25978e-09 1.97107e-09 1.64885e-09
 1.35170e-09 1.09243e-09 8.49695e-10 6.01064e-10 3.52924e-10 1.26590e-10
-7.55909e-11-2.74267e-10-5.00794e-10-7.77012e-10-1.09544e-09-1.43458e-09
-1.77764e-09-2.10604e-09-2.40714e-09-2.67579e-09-2.89061e-09-3.02084e-09
-3.04647e-09-2.96110e-09-2.78873e-09-2.57256e-09-2.32962e-09-2.05153e-09
-1.71914e-09-1.30643e-09-8.20775e-10-3.08111e-10 2.02453e-10 7.11271e-10
 1.22684e-09 1.75222e-09 2.25871e-09 2.69511e-09 3.04389e-09 3.32915e-09
 3.56974e-09 3.75526e-09 3.85384e-09 3.82733e-09 3.66043e-09 3.38371e-09
 3.05228e-09 2.69783e-09 2.31169e-09 1.88098e-09 1.42631e-09 9.88306e-10
 6.06878e-10 3.25401e-10 1.70116e-10 1.37031e-10 2.35582e-10 4.93404e-10
 8.97717e-10 1.38832e-09 1.89047e-09 2.31416e-09 2.57619e-09 2.64705e-09
 2.52409e-09 2.17706e-09 1.56715e-09 6.83988e-10-4.49169e-10-1.76443e-09
-3.15417e-09-4.51170e-09-5.75077e-09-6.78827e-09-7.53082e-09-7.88927e-09
-7.81411e-09-7.31346e-09-6.43944e-09-5.27288e-09-3.91228e-09-2.47231e-09
-1.10231e-09 3.08796e-11 8.14113e-10 1.23727e-09 1.39400e-09 1.44630e-09
 1.55851e-09 1.85614e-09 2.42249e-09 3.27952e-09 4.35682e-09 5.47055e-09
 6.32439e-09 6.56962e-09 5.89963e-09 4.13006e-09 1.27362e-09-2.41813e-09
-6.47831e-09-1.02821e-08-1.31437e-08-1.44551e-08-1.38039e-08-1.10725e-08
-6.51785e-09-7.58334e-10 5.33289e-09 1.07854e-08 1.47370e-08 1.66146e-08
 1.62257e-08 1.37874e-08 9.89006e-09 5.36551e-09 1.10552e-09-2.13442e-09
-3.92116e-09-4.23380e-09-3.42179e-09-2.07237e-09-8.17372e-10-1.40642e-10
-2.63911e-10-1.10658e-09-2.31210e-09-3.37070e-09-3.79743e-09-3.29666e-09
-1.88324e-09 1.00973e-10 2.10678e-09 3.55633e-09 4.01754e-09 3.35023e-09
 1.75474e-09-3.02640e-10-2.23245e-09-3.50068e-09-3.80402e-09-3.16302e-09
-1.90488e-09-5.49393e-10 3.81738e-10 5.57975e-10-4.87849e-11-1.15781e-09
-2.28047e-09-2.90604e-09-2.69187e-09-1.58673e-09 1.45287e-10 2.01905e-09
 3.50601e-09 4.21591e-09 4.03060e-09 3.14637e-09 1.98624e-09 1.02087e-09
 5.83205e-10 7.38632e-10 1.26118e-09 1.73610e-09 1.73747e-09 1.00768e-09
-4.22746e-10-2.23445e-09-3.94183e-09-5.07405e-09-5.34884e-09-4.78056e-09
-3.66436e-09-2.43914e-09-1.49940e-09-1.03319e-09-9.51560e-10-9.44934e-10
-6.35492e-10 2.43284e-10 1.70727e-09 3.48779e-09 5.13225e-09 6.18954e-09
 6.38794e-09 5.73474e-09 4.50205e-09 3.09986e-09 1.89022e-09 1.03167e-09
 4.30440e-10-1.81902e-10-1.08959e-09-2.42706e-09-4.07717e-09-5.68834e-09
-6.81680e-09-7.12352e-09-6.52216e-09-5.21001e-09-3.57417e-09-2.01938e-09
-7.97037e-10 8.87509e-11 8.51948e-10 1.77769e-09 3.03484e-09 4.55712e-09
 6.05036e-09 7.10965e-09 7.39345e-09 6.77904e-09 5.41523e-09 3.63793e-09
 1.80234e-09 1.32367e-10-1.33974e-09-2.72678e-09-4.15895e-09-5.63666e-09
-6.95406e-09-7.75712e-09-7.71458e-09-6.70132e-09-4.88955e-09-2.70302e-09
-6.60285e-10 8.25233e-10 1.60544e-09 1.83908e-09 1.88617e-09 2.11761e-09
 2.75374e-09 3.80492e-09 5.11297e-09 6.45343e-09 7.63960e-09 8.55617e-09
 9.09282e-09 9.04484e-09 8.09252e-09 5.90633e-09 2.32937e-09-2.44766e-09
-7.79668e-09-1.27169e-08-1.60826e-08-1.70018e-08-1.51300e-08-1.08037e-08
-4.95706e-09 1.11698e-09 6.08004e-09 8.87212e-09 9.00055e-09 6.75964e-09
 3.36093e-09 7.91736e-10
     0.0000e+00     0.0000e+00      0  0  0.00
     512   1.00000  0.0000e+00
-1.11875e-10-2.29622e-10-3.31372e-10-3.92281e-10-3.96958e-10-3.41286e-10
-2.28769e-10-6.73807e-11 1.29326e-10 3.36473e-10 5.10844e-10 5.91374e-10
 5.16338e-10 2.55400e-10-1.61868e-10-6.44318e-10-1.07127e-09-1.34209e-09
-1.41754e-09-1.33280e-09-1.17603e-09-1.04353e-09-9.94848e-10-1.03038e-09
-1.09964e-09-1.13006e-09-1.05740e-09-8.43754e-10-4.79315e-10 2.57563e-11
 6.46642e-10 1.33901e-09 2.03253e-09 2.63994e-09 3.08636e-09 3.34121e-09
 3.42936e-09 3.41340e-09 3.35741e-09 3.28973e-09 3.18135e-09 2.95282e-09
 2.51014e-09 1.79149e-09 7.97533e-10-4.07126e-10-1.70868e-09-2.95247e-09
-3.93638e-09-4.40366e-09-4.06367e-09-2.66735e-09-1.44291e-10 3.23477e-09
 6.77073e-09 9.44909e-09 1.02719e-08 8.65773e-09 4.70671e-09-7.88680e-10
-6.58209e-09-1.13641e-08-1.41631e-08-1.46270e-08-1.31014e-08-1.04778e-08
-7.84881e-09-6.10601e-09-5.67924e-09-6.52525e-09-8.28768e-09-1.04821e-08
-1.26316e-08-1.43478e-08-1.53675e-08-1.55504e-08-1.48577e-08-1.33458e-08
-1.11938e-08-8.74581e-09-6.50991e-09-5.05457e-09-4.78758e-09-5.65312e-09
-6.81949e-09-6.46402e-09-1.79203e-09 1.05482e-08 3.35136e-08 6.81239e-08
 1.11542e-07 1.55197e-07 1.84622e-07 1.85536e-07 1.52887e-07 9.08864e-08
 9.78682e-09-7.14748e-08-1.28734e-07-1.43777e-07-1.12905e-07-5.07444e-08
 1.49616e-08 5.64534e-08 5.82852e-08 2.50245e-08-2.09036e-08-5.46734e-08
-6.68762e-08-6.74692e-08-7.31836e-08-9.19075e-08-1.19033e-07-1.46107e-07
-1.69122e-07-1.89491e-07-2.14247e-07-2.57825e-07-3.32098e-07-4.23205e-07
-4.83534e-07-4.54189e-07-2.93062e-07 1.18549e-08 4.34420e-07 9.04139e-07
 1.31443e-06 1.54629e-06 1.50102e-06 1.14001e-06 5.16731e-07-2.22304e-07
-8.75888e-07-1.25641e-06-1.26581e-06-9.45628e-07-4.66497e-07-4.84353e-08
 1.51675e-07 1.21189e-07-1.53602e-08-9.74944e-08-5.26841e-08 6.06530e-08
 1.30764e-07 1.12155e-07 5.78774e-08 3.70132e-08 5.26609e-08 6.24905e-08
 4.98223e-08 3.37000e-08 2.52700e-08 1.68805e-08 6.92635e-09 1.38595e-09
-1.58094e-09-5.65730e-09-7.74762e-09-6.93504e-09-6.48318e-09-5.86612e-09
-3.85551e-09-2.42197e-09-1.56182e-09-3.72459e-11 1.07373e-09 1.68481e-09
 2.66942e-09 3.24672e-09 3.33897e-09 3.52171e-09 3.28072e-09 2.79575e-09
 2.50622e-09 2.04918e-09 1.64670e-09 1.43893e-09 1.10940e-09 8.48968e-10
 6.24691e-10 3.34933e-10 1.93214e-10 6.81885e-11-6.99445e-11-1.46233e-10
-2.67312e-10-3.62674e-10-4.60395e-10-6.16400e-10-7.78469e-10-1.00594e-09
-1.27693e-09-1.54862e-09-1.78467e-09-1.92646e-09-2.02222e-09-2.10721e-09
-2.18519e-09-2.23102e-09-2.19019e-09-2.03021e-09-1.71450e-09-1.25748e-09
-7.42602e-10-2.65496e-10 1.29625e-10 4.70849e-10 7.99665e-10 1.13236e-09
 1.46219e-09 1.76349e-09 1.98979e-09 2.09616e-09 2.07389e-09 1.95608e-09
 1.78256e-09 1.55248e-09 1.23804e-09 8.42603e-10 4.09183e-10-1.91298e-11
-4.09716e-10-7.20945e-10-9.26181e-10-1.05771e-09-1.17057e-09-1.27678e-09
-1.35253e-09-1.37056e-09-1.31134e-09-1.17081e-09-9.56455e-10-6.86617e-10
-4.03039e-10-1.49393e-10 7.24876e-11 2.83880e-10 4.68762e-10 5.93661e-10
 6.76976e-10 7.67321e-10 8.82055e-10 1.01538e-09 1.15232e-09 1.25497e-09
 1.28863e-09 1.26507e-09 1.23069e-09 1.21630e-09 1.20702e-09 1.15644e-09
 1.03170e-09 8.43732e-10 6.18702e-10 3.43940e-10-1.68388e-11-4.56422e-10
-9.26692e-10-1.38244e-09-1.77956e-09-2.08555e-09-2.29874e-09-2.42191e-09
-2.45138e-09-2.37904e-09-2.18683e-09-1.87625e-09-1.47276e-09-9.97204e-10
-4.76732e-10 5.38202e-11 5.70867e-10 1.05522e-09 1.49874e-09 1.90634e-09
 2.26663e-09 2.56500e-09 2.80887e-09 2.99451e-09 3.08567e-09 3.03263e-09
 2.79701e-09 2.38781e-09 1.85406e-09 1.23286e-09 5.45037e-10-1.90382e-10
-9.62403e-10-1.74735e-09-2.49739e-09-3.17522e-09-3.76431e-09-4.24127e-09
-4.56563e-09-4.68438e-09-4.55453e-09-4.19125e-09-3.66181e-09-3.01607e-09
-2.26407e-09-1.41311e-09-4.83876e-10 4.92194e-10 1.45955e-09 2.35455e-09
 3.14455e-09 3.80828e-09 4.30366e-09 4.59431e-09 4.67488e-09 4.56494e-09
 4.29774e-09 3.89964e-09 3.36773e-09 2.67968e-09 1.83991e-09 8.94377e-10
-1.10677e-10-1.13832e-09-2.13059e-09-3.01966e-09-3.75514e-09-4.29830e-09
-4.62398e-09-4.72468e-09-4.57865e-09-4.13902e-09-3.38534e-09-2.37500e-09
-1.23993e-09-1.38095e-10 7.99465e-10 1.49542e-09 1.92160e-09 2.07442e-09
 1.97674e-09 1.70684e-09 1.38631e-09 1.14763e-09 1.11834e-09 1.37752e-09
 1.91965e-09 2.66120e-09 3.43126e-09 3.97910e-09 4.03984e-09 3.39829e-09
 1.95749e-09-1.93849e-10-2.78574e-09-5.40540e-09-7.54106e-09-8.68309e-09
-8.43769e-09-6.61446e-09-3.31267e-09 1.05719e-09 5.83580e-09 1.02057e-08
 1.33380e-08 1.45732e-08 1.35566e-08 1.03388e-08 5.40518e-09-4.19341e-10
-6.14424e-09-1.08097e-08-1.36802e-08-1.43861e-08-1.29890e-08-9.96499e-09
-6.08133e-09-2.18647e-09 1.00265e-09 3.05940e-09 3.92246e-09 3.86422e-09
 3.36878e-09 2.96229e-09 3.03652e-09 3.71629e-09 4.82292e-09 5.93848e-09
 6.54456e-09 6.21384e-09 4.77879e-09 2.39666e-09-4.84585e-10-3.24741e-09
-5.29329e-09-6.22228e-09-5.95011e-09-4.73504e-09-3.08588e-09-1.58390e-09
-6.93939e-10-6.15882e-10-1.22237e-09-2.11728e-09-2.78996e-09-2.80643e-09
-1.97413e-09-4.15697e-10 1.47118e-09 3.14939e-09 4.13408e-09 4.17101e-09
 3.32768e-09 1.96233e-09 5.87779e-10-3.20405e-10-5.01764e-10-2.62679e-13
 8.66144e-10 1.64040e-09 1.91924e-09 1.52048e-09 5.53091e-10-6.28791e-10
-1.57267e-09-1.92165e-09-1.56659e-09-6.90028e-10 3.08487e-10 9.76451e-10
 9.96241e-10 3.15274e-10-8.30632e-10-2.01021e-09-2.77498e-09-2.84613e-09
-2.22526e-09-1.18276e-09-1.35309e-10 5.33420e-10 6.33403e-10 2.41313e-10
-3.42493e-10-7.34955e-10-6.50168e-10-3.24324e-11 9.20872e-10 1.85291e-09
 2.41546e-09 2.43656e-09 2.00240e-09 1.40785e-09 1.00480e-09 1.02564e-09
 1.46151e-09 2.05107e-09 2.39151e-09 2.12845e-09 1.13524e-09-4.12294e-10
-2.10739e-09-3.49156e-09-4.24800e-09-4.31771e-09-3.89078e-09-3.28164e-09
-2.75276e-09-2.37963e-09-2.02927e-09-1.45974e-09-4.82239e-10 9.00040e-10
 2.45073e-09 3.78825e-09 4.56333e-09 4.62814e-09 4.10210e-09 3.30294e-09
 2.58740e-09 2.18599e-09 2.10771e-09 2.15321e-09 2.03035e-09 1.51598e-09
 5.72233e-10-6.53250e-10-1.93597e-09-3.11532e-09-4.17984e-09-5.24820e-09
-6.45338e-09-7.79191e-09-9.02910e-09-9.72686e-09-9.39139e-09-7.67364e-09
-4.53594e-09-3.14219e-10 4.35631e-09 8.72530e-09 1.21337e-08 1.41435e-08
 1.45549e-08 1.33553e-08 1.06806e-08 6.82251e-09 2.26343e-09-2.31458e-09
-6.09960e-09-8.32911e-09-8.55492e-09-6.88988e-09-4.08798e-09-1.35887e-09
 6.76987e-11 1.58646e-10
