      10
(6e12.5)
     0.0000e+00     0.0000e+00      0  0  0.00
     401   1.00000  0.0000e+00
 3.98208e-08 7.71008e-08 1.09525e-07 1.35046e-07 1.52303e-07 1.60653e-07
 1.60151e-07 1.51471e-07 1.35804e-07 1.14721e-07 9.00210e-08 6.35851e-08
 3.72323e-08 1.25945e-08-8.98271e-09-2.65074e-08-3.93781e-08-4.73923e-08
-5.07246e-08-4.98797e-08-4.56253e-08-3.89090e-08-3.07689e-08-2.22473e-08
-1.43107e-08-7.77730e-09-3.25875e-09-1.12412e-09-1.48703e-09-4.21278e-09
-8.94211e-09-1.51289e-08-2.20901e-08-2.90673e-08-3.52943e-08-4.00646e-08
-4.27876e-08-4.30335e-08-4.05673e-08-3.53722e-08-2.76579e-08-1.78459e-08
-6.53575e-09 5.54529e-09 1.75979e-08 2.88064e-08 3.83953e-08 4.56912e-08
 5.01808e-08 5.15530e-08 4.97212e-08 4.48282e-08 3.72328e-08 2.74853e-08
 1.62915e-08 4.46286e-09-7.14593e-09-1.77040e-08-2.64674e-08-3.28325e-08
-3.63797e-08-3.69016e-08-3.44181e-08-2.91757e-08-2.16319e-08-1.24194e-08
-2.29524e-09 7.91825e-09 1.73999e-08 2.53921e-08 3.12547e-08 3.45118e-08
 3.48896e-08 3.23424e-08 2.70580e-08 1.94407e-08 1.00747e-08-3.22589e-10
-1.09527e-08-2.09916e-08-2.96488e-08-3.62309e-08-4.02013e-08-4.12247e-08
-3.91890e-08-3.42124e-08-2.66349e-08-1.69986e-08-6.01423e-09 5.49158e-09
 1.66434e-08 2.65892e-08 3.45668e-08 3.99601e-08 4.23437e-08 4.15175e-08
 3.75259e-08 3.06593e-08 2.14324e-08 1.05430e-08-1.18257e-09-1.28507e-08
-2.35648e-08-3.24909e-08-3.89218e-08-4.23340e-08-4.24317e-08-3.91724e-08
-3.27716e-08-2.36886e-08-1.25945e-08-3.24448e-10 1.21841e-08 2.39625e-08
 3.40869e-08 4.17513e-08 4.63303e-08 4.74282e-08 4.49106e-08 3.89165e-08
 2.98514e-08 1.83600e-08 5.27983e-09-8.42051e-09-2.17138e-08-3.35914e-08
-4.31390e-08-4.96062e-08-5.24644e-08-5.14493e-08-4.65839e-08-3.81797e-08
-2.68162e-08-1.33004e-08 1.38950e-09 1.61741e-08 2.99493e-08 4.16670e-08
 5.04130e-08 5.54776e-08 5.64129e-08 5.30729e-08 4.56332e-08 3.45862e-08
 2.07144e-08 5.03807e-09-1.12567e-08-2.69074e-08-4.06743e-08-5.14423e-08
-5.83156e-08-6.06976e-08-5.83460e-08-5.13996e-08-4.03710e-08-2.61059e-08
-9.71403e-09 7.52436e-09 2.42642e-08 3.92047e-08 5.11919e-08 5.93050e-08
 6.29220e-08 6.17601e-08 5.58900e-08 4.57259e-08 3.19932e-08 1.56768e-08
-2.04557e-09-1.98829e-08-3.65176e-08-5.06966e-08-6.13214e-08-6.75307e-08
-6.87707e-08-6.48448e-08-5.59397e-08-4.26226e-08-2.58078e-08-6.69521e-09
 1.33154e-08 3.27283e-08 5.00650e-08 6.39763e-08 7.33473e-08 7.73850e-08
 7.56837e-08 6.82646e-08 5.55855e-08 3.85198e-08 1.83024e-08-3.55295e-09
-2.53653e-08-4.54178e-08-6.20995e-08-7.40432e-08-8.02465e-08-8.01614e-08
-7.37424e-08-6.14497e-08-4.42071e-08-2.33230e-08-3.84992e-10 2.28616e-08
 4.46401e-08 6.32664e-08 7.72641e-08 8.54686e-08 8.71148e-08 8.19045e-08
 7.00458e-08 5.22598e-08 2.97467e-08 4.11108e-09-2.27536e-08-4.88106e-08
-7.20432e-08-9.06184e-08-1.03036e-07-1.08247e-07-1.05735e-07-9.55551e-08
-7.83263e-08-5.51911e-08-2.77388e-08 2.10010e-09 3.21845e-08 6.03113e-08
 8.43775e-08 1.02544e-07 1.13387e-07 1.16025e-07 1.10201e-07 9.63215e-08
 7.54348e-08 4.91560e-08 1.95472e-08-1.10387e-08-4.01365e-08-6.53574e-08
-8.45749e-08-9.60947e-08-9.87963e-08-9.22377e-08-7.67120e-08-5.32500e-08
-2.35642e-08 1.00624e-08 4.49346e-08 7.81411e-08 1.06774e-07 1.28153e-07
 1.40045e-07 1.40850e-07 1.29756e-07 1.06834e-07 7.30668e-08 3.03175e-08
-1.87836e-08-7.10080e-08-1.22754e-07-1.70302e-07-2.10088e-07-2.38969e-07
-2.54463e-07-2.54958e-07-2.39859e-07-2.09677e-07-1.66022e-07-1.11532e-07
-4.96958e-08 1.53849e-08 7.93048e-08 1.37687e-07 1.86522e-07 2.22477e-07
 2.43168e-07 2.47357e-07 2.35083e-07 2.07698e-07 1.67818e-07 1.19166e-07
 6.63134e-08 1.43400e-08-3.15722e-08-6.65762e-08-8.65884e-08-8.86696e-08
-7.13273e-08-3.47185e-08 1.92614e-08 8.70129e-08 1.63396e-07 2.42025e-07
 3.15674e-07 3.76799e-07 4.18110e-07 4.33180e-07 4.17016e-07 3.66547e-07
 2.80992e-07 1.62075e-07 1.40538e-08-1.56417e-07-3.40611e-07-5.28218e-07
-7.07983e-07-8.68452e-07-9.98779e-07-1.08953e-06-1.13339e-06-1.12579e-06
-1.06523e-06-9.53501e-07-7.95531e-07-5.99080e-07-3.74156e-07-1.32248e-07
 1.14573e-07 3.54616e-07 5.77475e-07 7.74783e-07 9.40630e-07 1.07136e-06
 1.16444e-06 1.21684e-06 1.22523e-06 1.18940e-06 1.11552e-06 1.01488e-06
 8.98750e-07 7.74730e-07 6.46704e-07 5.16536e-07 3.85228e-07 2.53141e-07
 1.20018e-07-1.46688e-08-1.51136e-07-2.88815e-07-4.26154e-07-5.60647e-07
-6.88939e-07-8.06933e-07-9.09962e-07-9.92963e-07-1.05036e-06-1.07600e-06
-1.06456e-06-1.01404e-06-9.26914e-07-8.09046e-07-6.67953e-07-5.11424e-07
-3.46629e-07-1.79716e-07-1.56822e-08 1.41630e-07 2.89276e-07 4.24648e-07
 5.44856e-07 6.46006e-07 7.21816e-07 7.62918e-07 7.60193e-07 7.11808e-07
 6.27701e-07 5.25574e-07 4.20532e-07 3.18559e-07 2.20287e-07 1.28210e-07
 4.73084e-08-1.92848e-08-7.15110e-08-1.10091e-07-1.35737e-07-1.50167e-07
-1.55981e-07-1.55545e-07-1.50675e-07-1.42891e-07-1.33375e-07-1.22809e-07
-1.11472e-07-9.94148e-08-8.65744e-08-7.28757e-08-5.83505e-08-4.32339e-08
-2.80079e-08-1.33925e-08-2.92637e-10 1.03212e-08 1.76064e-08 2.10547e-08
 2.06510e-08 1.69689e-08 1.12064e-08 5.16670e-09 1.16964e-09
     0.0000e+00     0.0000e+00      0  0  0.00
     401   1.00000  0.0000e+00
 1.49787e-06 1.95135e-06 2.30916e-06 2.54845e-06 2.65682e-06 2.63266e-06
 2.48457e-06 2.22985e-06 1.89229e-06 1.49965e-06 1.08105e-06 6.64348e-07
 2.73488e-07-7.39921e-08-3.68069e-07-6.05734e-07-7.90252e-07-9.30008e-07
-1.03495e-06-1.11237e-06-1.16558e-06-1.19448e-06-1.19667e-06-1.17011e-06
-1.11733e-06-1.04787e-06-9.74045e-07-9.01798e-07-8.27489e-07-7.45634e-07
-6.57223e-07-5.67169e-07-4.75001e-07-3.71565e-07-2.46790e-07-1.01207e-07
 5.20414e-08 1.98218e-07 3.30572e-07 4.47648e-07 5.47086e-07 6.25308e-07
 6.79926e-07 7.10257e-07 7.16761e-07 7.00823e-07 6.64603e-07 6.10810e-07
 5.42609e-07 4.63516e-07 3.77210e-07 2.87387e-07 1.97657e-07 1.11426e-07
 3.17603e-08-3.87435e-08-9.80966e-08-1.45011e-07-1.78935e-07-2.00038e-07
-2.09128e-07-2.07565e-07-1.97164e-07-1.80077e-07-1.58634e-07-1.35179e-07
-1.11914e-07-9.07674e-08-7.32808e-08-6.05285e-08-5.30623e-08-5.08967e-08
-5.35336e-08-6.00262e-08-6.90784e-08-7.91669e-08-8.86779e-08-9.60448e-08
-9.98782e-08-9.90809e-08-9.29387e-08-8.11827e-08-6.40135e-08-4.20884e-08
-1.64708e-08 1.14501e-08 4.00625e-08 6.76504e-08 9.25195e-08 1.13124e-07
 1.28183e-07 1.36777e-07 1.38414e-07 1.33062e-07 1.21151e-07 1.03544e-07
 8.14674e-08 5.64246e-08 3.00835e-08 4.15608e-09-1.97241e-08-4.01150e-08
-5.58639e-08-6.61826e-08-7.06968e-08-6.94621e-08-6.29497e-08-5.20016e-08
-3.77600e-08-2.15737e-08-4.88936e-09 1.08612e-08 2.43697e-08 3.45497e-08
 4.06172e-08 4.21427e-08 3.90768e-08 3.17471e-08 2.08279e-08 7.28217e-09
-7.72045e-09-2.28972e-08-3.69515e-08-4.86737e-08-5.70382e-08-6.12856e-08
-6.09819e-08-5.60528e-08-4.67882e-08-3.38180e-08-1.80613e-08-6.57085e-10
 1.71215e-08 3.39642e-08 4.86259e-08 6.00195e-08 6.72957e-08 6.99059e-08
 6.76458e-08 6.06721e-08 4.94906e-08 3.49168e-08 1.80147e-08 1.64946e-11
-1.77723e-08-3.40715e-08-4.77207e-08-5.77619e-08-6.35085e-08-6.45944e-08
-6.10014e-08-5.30577e-08-4.14108e-08-2.69764e-08-1.08693e-08 5.68237e-09
 2.14310e-08 3.52058e-08 4.60011e-08 5.30509e-08 5.58837e-08 5.43556e-08
 4.86557e-08 3.92890e-08 2.70358e-08 1.28924e-08-2.00593e-09-1.64715e-08
-2.93580e-08-3.96516e-08-4.65507e-08-4.95262e-08-4.83600e-08-4.31593e-08
-3.43479e-08-2.26326e-08-8.94893e-09 5.61036e-09 1.98788e-08 3.27061e-08
 4.30486e-08 5.00525e-08 5.31215e-08 5.19633e-08 4.66117e-08 3.74249e-08
 2.50596e-08 1.04248e-08-5.38543e-09-2.11751e-08-3.57385e-08-4.79520e-08
-5.68606e-08-6.17491e-08-6.21958e-08-5.81067e-08-4.97264e-08-3.76241e-08
-2.26517e-08-5.88070e-09 1.14797e-08 2.81733e-08 4.29885e-08 5.48462e-08
 6.28810e-08 6.65077e-08 6.54644e-08 5.98305e-08 5.00222e-08 3.67638e-08
 2.10349e-08 3.99628e-09-1.31004e-08-2.90105e-08-4.25872e-08-5.28604e-08
-5.91064e-08-6.09054e-08-5.81767e-08-5.11855e-08-4.05199e-08-2.70395e-08
-1.18058e-08 3.99511e-09 1.91364e-08 3.24447e-08 4.28970e-08 4.97031e-08
 5.23640e-08 5.07030e-08 4.48758e-08 3.53615e-08 2.29333e-08 8.60234e-09
-6.46713e-09-2.10567e-08-3.39891e-08-4.42127e-08-5.08782e-08-5.34057e-08
-5.15399e-08-4.53781e-08-3.53638e-08-2.22463e-08-7.01904e-09 9.15065e-09
 2.50024e-08 3.92766e-08 5.08179e-08 5.86736e-08 6.21700e-08 6.09617e-08
 5.50559e-08 4.48165e-08 3.09468e-08 1.44450e-08-3.47120e-09-2.14613e-08
-3.81649e-08-5.23029e-08-6.27707e-08-6.87222e-08-6.96400e-08-6.53829e-08
-5.62010e-08-4.27183e-08-2.58869e-08-6.91868e-09 1.28004e-08 3.18106e-08
 4.86886e-08 6.21564e-08 7.11799e-08 7.50483e-08 7.34287e-08 6.63933e-08
 5.44184e-08 3.83534e-08 1.93598e-08-1.17359e-09-2.17334e-08-4.07949e-08
-5.69359e-08-6.89434e-08-7.59064e-08-7.72858e-08-7.29581e-08-6.32270e-08
-4.88040e-08-3.07558e-08-1.04270e-08 1.06598e-08 3.09184e-08 4.88180e-08
 6.29988e-08 7.23768e-08 7.62277e-08 7.42433e-08 6.65582e-08 5.37411e-08
 3.67539e-08 1.68811e-08-4.36629e-09-2.53650e-08-4.45024e-08-6.02994e-08
-7.15242e-08-7.72866e-08-7.71076e-08-7.09578e-08-5.92625e-08-4.28711e-08
-2.29962e-08-1.12385e-09 2.10967e-08 4.19759e-08 5.99102e-08 7.35034e-08
 8.16731e-08 8.37356e-08 7.94615e-08 6.90991e-08 5.33620e-08 3.33826e-08
 1.06334e-08-1.31795e-08-3.62416e-08-5.67670e-08-7.31361e-08-8.40238e-08
-8.85083e-08-8.61503e-08-7.70374e-08-6.17869e-08-4.15076e-08-1.77217e-08
 7.74780e-09 3.29153e-08 5.57866e-08 7.45162e-08 8.75550e-08 9.37776e-08
 9.25776e-08 8.39246e-08 6.83758e-08 4.70422e-08 2.15095e-08-6.27808e-09
-3.41661e-08-5.99562e-08-8.15801e-08-9.72654e-08-1.05681e-07-1.06046e-07
-9.82053e-08-8.26407e-08-6.04458e-08-3.32413e-08-3.05138e-09 2.78537e-08
 5.71353e-08 8.25693e-08 1.02221e-07 1.14597e-07 1.18761e-07 1.14410e-07
 1.01892e-07 8.21856e-08 5.68150e-08 2.77308e-08-2.84840e-09-3.26158e-08
-5.93622e-08-8.11535e-08-9.64833e-08-1.04389e-07-1.04524e-07-9.71704e-08
-8.32074e-08-6.40242e-08-4.13929e-08-1.73102e-08 6.17899e-09 2.71620e-08
 4.40257e-08 5.55979e-08 6.12485e-08 6.09398e-08 5.52204e-08 4.51605e-08
 3.22308e-08 1.81353e-08 4.61379e-09-6.76735e-09-1.48125e-08-1.88602e-08
-1.88938e-08-1.55803e-08-1.02299e-08-4.67120e-09-1.04775e-09
     0.0000e+00     0.0000e+00      0  0  0.00
     401   1.00000  0.0000e+00
 2.45384e-08 8.96329e-08 1.48094e-07 1.96754e-07 2.33590e-07 2.57688e-07
 2.69131e-07 2.68816e-07 2.58248e-07 2.39313e-07 2.14073e-07 1.84573e-07
 1.52694e-07 1.20051e-07 8.79294e-08 5.72699e-08 2.86883e-08 2.52423e-09
-2.10917e-08-4.21626e-08-6.07522e-08-7.69213e-08-9.06811e-08-1.01967e-07
-1.10634e-07-1.16474e-07-1.19253e-07-1.18755e-07-1.14837e-07-1.07477e-07
-9.68199e-08-8.32019e-08-6.71563e-08-4.93993e-08-3.07922e-08-1.22869e-08
 5.14377e-09 2.05794e-08 3.32254e-08 4.24753e-08 4.79587e-08 4.95682e-08
 4.74646e-08 4.20605e-08 3.39857e-08 2.40370e-08 1.31194e-08 2.18148e-09
-7.84938e-09-1.61290e-08-2.19532e-08-2.48068e-08-2.44024e-08-2.07067e-08
-1.39518e-08-4.62828e-09 6.54243e-09 1.86553e-08 3.06885e-08 4.15851e-08
 5.03412e-08 5.60949e-08 5.82028e-08 5.63001e-08 5.03334e-08 4.05673e-08
 2.75628e-08 1.21334e-08-4.71732e-09-2.18673e-08-3.81527e-08-5.24440e-08
-6.37176e-08-7.11229e-08-7.40411e-08-7.21365e-08-6.53937e-08-5.41395e-08
-3.90408e-08-2.10767e-08-1.48112e-09 1.83423e-08 3.69269e-08 5.28628e-08
 6.49174e-08 7.21432e-08 7.39628e-08 7.02214e-08 6.12038e-08 4.76138e-08
 3.05197e-08 1.12719e-08-8.60157e-09-2.75126e-08-4.39362e-08-5.65301e-08
-6.42430e-08-6.64020e-08-6.27729e-08-5.35859e-08-3.95259e-08-2.16857e-08
-1.48695e-09 1.94259e-08 3.93090e-08 5.64517e-08 6.93089e-08 7.66241e-08
 7.75356e-08 7.16579e-08 5.91299e-08 4.06238e-08 1.73117e-08-9.21224e-09
-3.70479e-08-6.41345e-08-8.84113e-08-1.07978e-07-1.21243e-07-1.27039e-07
-1.24714e-07-1.14181e-07-9.59302e-08-7.10074e-08-4.09538e-08-7.71071e-09
 2.65112e-08 5.93904e-08 8.86739e-08 1.12359e-07 1.28863e-07 1.37156e-07
 1.36849e-07 1.28225e-07 1.12215e-07 9.03181e-08 6.44867e-08 3.69790e-08
 1.01910e-08-1.35239e-08-3.20395e-08-4.36381e-08-4.71719e-08-4.21918e-08
-2.90233e-08-8.77774e-09 1.67074e-08 4.49963e-08 7.32375e-08 9.83851e-08
 1.17438e-07 1.27676e-07 1.26887e-07 1.13555e-07 8.70230e-08 4.75973e-08
-3.40448e-09-6.36813e-08-1.30055e-07-1.98657e-07-2.65175e-07-3.25153e-07
-3.74309e-07-4.08850e-07-4.25756e-07-4.23020e-07-3.99823e-07-3.56634e-07
-2.95223e-07-2.18590e-07-1.30795e-07-3.66951e-08 5.83821e-08 1.49027e-07
 2.30149e-07 2.97379e-07 3.47419e-07 3.78336e-07 3.89756e-07 3.82950e-07
 3.60799e-07 3.27624e-07 2.88898e-07 2.50834e-07 2.19893e-07 2.02224e-07
 2.03081e-07 2.26261e-07 2.73599e-07 3.44570e-07 4.36019e-07 5.42083e-07
 6.54302e-07 7.61945e-07 8.52553e-07 9.12670e-07 9.28747e-07 8.88151e-07
 7.80243e-07 5.97457e-07 3.36304e-07-1.76534e-09-4.09730e-07-8.74663e-07
-1.37777e-06-1.89481e-06-2.39701e-06-2.85230e-06-3.22703e-06-3.48793e-06
-3.60442e-06-3.55097e-06-3.30949e-06-2.87208e-06-2.24449e-06-1.45001e-06
-5.29996e-07 4.62208e-07 1.47059e-06 2.44234e-06 3.32887e-06 4.08565e-06
 4.67356e-06 5.06129e-06 5.22740e-06 5.16144e-06 4.86438e-06 4.34872e-06
 3.63830e-06 2.76760e-06 1.78025e-06 7.26980e-07-3.37134e-07-1.35571e-06
-2.27444e-06-3.04452e-06-3.62619e-06-3.99169e-06-4.12775e-06-4.03756e-06
-3.74181e-06-3.27661e-06-2.68766e-06-2.02432e-06-1.33608e-06-6.70579e-07
-7.08346e-08 4.29289e-07 8.08888e-07 1.05934e-06 1.18096e-06 1.18282e-06
 1.08623e-06 9.25348e-07 7.40504e-07 5.66063e-07 4.19987e-07 3.04601e-07
 2.18328e-07 1.64258e-07 1.46572e-07 1.63287e-07 2.05903e-07 2.63975e-07
 3.27843e-07 3.88811e-07 4.39187e-07 4.72755e-07 4.85210e-07 4.74396e-07
 4.40305e-07 3.84809e-07 3.11297e-07 2.24306e-07 1.29116e-07 3.13402e-08
-6.35059e-08-1.50424e-07-2.25277e-07-2.85016e-07-3.27799e-07-3.53001e-07
-3.61117e-07-3.53601e-07-3.32673e-07-3.01104e-07-2.61994e-07-2.18542e-07
-1.73819e-07-1.30573e-07-9.10760e-08-5.70207e-08-2.94645e-08-8.82482e-09
 5.07767e-09 1.29377e-08 1.58519e-08 1.51856e-08 1.24318e-08 9.07278e-09
 6.45289e-09 5.67308e-09 7.51426e-09 1.23906e-08 2.03326e-08 3.10022e-08
 4.37408e-08 5.76418e-08 7.16380e-08 8.45967e-08 9.54163e-08 1.03120e-07
 1.06936e-07 1.06361e-07 1.01202e-07 9.15894e-08 7.79666e-08 6.10573e-08
 4.18108e-08 2.13316e-08 8.00465e-10-1.86122e-08-3.58305e-08-4.99467e-08
-6.02801e-08-6.64174e-08-6.82363e-08-6.59090e-08-5.98826e-08-5.08388e-08
-3.96360e-08-2.72438e-08-1.46696e-08-2.88480e-09 7.24586e-09 1.50257e-08
 1.99739e-08 2.18572e-08 2.06995e-08 1.67710e-08 1.05592e-08 2.72675e-09
-5.94279e-09-1.46099e-08-2.24483e-08-2.87106e-08-3.27855e-08-3.42436e-08
-3.28706e-08-2.86821e-08-2.19210e-08-1.30374e-08-2.65400e-09 8.48091e-09
 1.95519e-08 2.97406e-08 3.82884e-08 4.45525e-08 4.80544e-08 4.85158e-08
 4.58811e-08 4.03200e-08 3.22140e-08 2.21257e-08 1.07562e-08-1.10906e-09
-1.26581e-08-2.31114e-08-3.17798e-08-3.81160e-08-4.17526e-08-4.25239e-08
-4.04731e-08-3.58465e-08-2.90718e-08-2.07200e-08-1.14567e-08-1.98839e-09
 6.99249e-09 1.48612e-08 2.11085e-08 2.53782e-08 2.74898e-08 2.74473e-08
 2.54297e-08 2.17683e-08 1.69100e-08 1.13732e-08 5.69803e-09 3.95026e-10
-4.10197e-09-7.47552e-09-9.55129e-09-1.03088e-08-9.87596e-09-8.50883e-09
-6.55532e-09-4.40643e-09-2.44087e-09-9.71317e-10-1.96952e-10
     0.0000e+00     0.0000e+00      0  0  0.00
     401   1.00000  0.0000e+00
 2.84242e-08 8.74796e-08 1.40764e-07 1.85244e-07 2.18848e-07 2.40470e-07
 2.49912e-07 2.47775e-07 2.35304e-07 2.14212e-07 1.86504e-07 1.54297e-07
 1.19670e-07 8.45428e-08 5.05811e-08 1.91387e-08-8.77198e-09-3.24868e-08
-5.16719e-08-6.62836e-08-7.65150e-08-8.27397e-08-8.54588e-08-8.52469e-08
-8.27016e-08-7.83997e-08-7.28681e-08-6.65639e-08-5.98654e-08-5.30698e-08
-4.63971e-08-3.99965e-08-3.39551e-08-2.83110e-08-2.30710e-08-1.82241e-08
-1.37490e-08-9.61626e-09-5.79378e-09-2.25313e-09 1.02635e-09 4.05873e-09
 6.85417e-09 9.41959e-09 1.17579e-08 1.38686e-08 1.57484e-08 1.73908e-08
 1.87869e-08 1.99269e-08 2.07995e-08 2.13909e-08 2.16830e-08 2.16562e-08
 2.12917e-08 2.05739e-08 1.94916e-08 1.80431e-08 1.62410e-08 1.41121e-08
 1.16936e-08 9.03070e-09 6.18020e-09 3.21513e-09 2.25211e-10-2.68819e-09
-5.42162e-09-7.88051e-09-9.98637e-09-1.16772e-08-1.29049e-08-1.36370e-08
-1.38626e-08-1.35969e-08-1.28786e-08-1.17671e-08-1.03406e-08-8.69412e-09
-6.93253e-09-5.15957e-09-3.46879e-09-1.93816e-09-6.27491e-10 4.21576e-10
 1.18518e-09 1.65918e-09 1.86174e-09 1.83305e-09 1.63245e-09 1.33331e-09
 1.01410e-09 7.46977e-10 5.90353e-10 5.87390e-10 7.65903e-10 1.13652e-09
 1.69044e-09 2.39897e-09 3.21497e-09 4.07549e-09 4.90492e-09 5.62066e-09
 6.14247e-09 6.40355e-09 6.35783e-09 5.98057e-09 5.26574e-09 4.22663e-09
 2.90008e-09 1.34903e-09-3.41678e-10-2.07392e-09-3.74441e-09-5.25062e-09
-6.49680e-09-7.40081e-09-7.90103e-09-7.96189e-09-7.57531e-09-6.75986e-09
-5.56053e-09-4.04802e-09-2.31472e-09-4.67568e-10 1.38000e-09 3.11523e-09
 4.63256e-09 5.84126e-09 6.67191e-09 7.08032e-09 7.05001e-09 6.59246e-09
 5.74543e-09 4.57152e-09 3.15413e-09 1.59033e-09-1.62403e-11-1.56255e-09
-2.95417e-09-4.11105e-09-4.97112e-09-5.49366e-09-5.66254e-09-5.48832e-09
-5.00625e-09-4.26990e-09-3.34526e-09-2.30711e-09-1.23452e-09-2.04719e-10
 7.14088e-10 1.46976e-09 2.02930e-09 2.37811e-09 2.51914e-09 2.47272e-09
 2.27516e-09 1.97545e-09 1.62880e-09 1.28898e-09 1.00311e-09 8.08989e-10
 7.31895e-10 7.81137e-10 9.47935e-10 1.20560e-09 1.51268e-09 1.81790e-09
 2.06501e-09 2.19747e-09 2.16410e-09 1.92511e-09 1.45754e-09 7.59703e-10
-1.47272e-10-1.21989e-09-2.39397e-09-3.58793e-09-4.70820e-09-5.65649e-09
-6.33801e-09-6.66965e-09-6.58735e-09-6.05268e-09-5.05827e-09-3.63072e-09
-1.83099e-09 2.48075e-10 2.48663e-09 4.74482e-09 6.87131e-09 8.71348e-09
 1.01282e-08 1.09919e-08 1.12103e-08 1.07260e-08 9.52414e-09 7.63583e-09
 5.13934e-09 2.15793e-09-1.14506e-09-4.57400e-09-7.91109e-09-1.09288e-08
-1.34044e-08-1.51361e-08-1.59591e-08-1.57608e-08-1.44935e-08-1.21844e-08
-8.93936e-09-4.94142e-09-4.42095e-10 4.25410e-09 8.81118e-09 1.28877e-08
 1.61649e-08 1.83749e-08 1.93250e-08 1.89167e-08 1.71563e-08 1.41562e-08
 1.01271e-08 5.36111e-09 2.08065e-10-4.95289e-09-9.74384e-09-1.38179e-08
-1.68852e-08-1.87344e-08-1.92465e-08-1.84021e-08-1.62800e-08-1.30497e-08
-8.95581e-09-4.29883e-09 5.88101e-10 5.36252e-09 9.69564e-09 1.32936e-08
 1.59158e-08 1.73898e-08 1.76208e-08 1.65968e-08 1.43887e-08 1.11466e-08
 7.09070e-09 2.49919e-09-2.30882e-09-6.99235e-09-1.12104e-08-1.46461e-08
-1.70317e-08-1.81729e-08-1.79684e-08-1.64207e-08-1.36376e-08-9.82346e-09
-5.26220e-09-2.93739e-10 4.71457e-09 9.39816e-09 1.34234e-08 1.65109e-08
 1.84540e-08 1.91327e-08 1.85211e-08 1.66894e-08 1.37967e-08 1.00787e-08
 5.83011e-09 1.38344e-09-2.91582e-09-6.73804e-09-9.79914e-09-1.18868e-08
-1.28788e-08-1.27513e-08-1.15773e-08-9.51628e-09-6.79638e-09-3.69190e-09
-4.98918e-10 2.48610e-09 4.98398e-09 6.74972e-09 7.59125e-09 7.38867e-09
 6.10868e-09 3.81037e-09 6.41527e-10-3.17327e-09-7.35160e-09-1.15780e-08
-1.55317e-08-1.89127e-08-2.14623e-08-2.29760e-08-2.33112e-08-2.23916e-08
-2.02107e-08-1.68302e-08-1.23749e-08-7.02349e-09-1.00170e-09 5.42472e-09
 1.19598e-08 1.82946e-08 2.41290e-08 2.91935e-08 3.32664e-08 3.61874e-08
 3.78678e-08 3.82945e-08 3.75286e-08 3.56959e-08 3.29756e-08 2.95888e-08
 2.57829e-08 2.18113e-08 1.79058e-08 1.42466e-08 1.09419e-08 8.01906e-09
 5.42954e-09 3.05780e-09 7.33057e-10-1.75583e-09-4.64051e-09-8.15073e-09
-1.24921e-08-1.78229e-08-2.42288e-08-3.16973e-08-4.01052e-08-4.92233e-08
-5.87362e-08-6.82657e-08-7.73889e-08-8.56508e-08-9.25777e-08-9.77007e-08
-1.00586e-07-1.00868e-07-9.82831e-08-9.26878e-08-8.40694e-08-7.25370e-08
-5.82962e-08-4.16146e-08-2.27938e-08-2.15415e-09 1.99734e-08 4.32615e-08
 6.74064e-08 9.21445e-08 1.17253e-07 1.42535e-07 1.67789e-07 1.92775e-07
 2.17171e-07 2.40527e-07 2.62222e-07 2.81433e-07 2.97129e-07 3.08073e-07
 3.12853e-07 3.09931e-07 2.97731e-07 2.74765e-07 2.39782e-07 1.91931e-07
 1.30920e-07 5.71735e-08-2.80233e-08-1.22419e-07-2.22764e-07-3.24860e-07
-4.23713e-07-5.13752e-07-5.89130e-07-6.44096e-07-6.73414e-07-6.72819e-07
-6.39474e-07-5.72406e-07-4.72879e-07-3.44668e-07-1.94164e-07-3.03100e-08
 1.35609e-07 2.90146e-07 4.17647e-07 5.00817e-07 5.24633e-07 4.84393e-07
 3.91839e-07 2.72200e-07 1.54380e-07 6.25900e-08 1.28788e-08
     0.0000e+00     0.0000e+00      0  0  0.00
     401   1.00000  0.0000e+00
-1.33014e-09 4.25223e-09 9.69415e-09 1.47199e-08 1.91027e-08 2.26623e-08
 2.52599e-08 2.67919e-08 2.71866e-08 2.64053e-08 2.44496e-08 2.13708e-08
 1.72806e-08 1.23589e-08 6.85335e-09 1.07020e-09-4.64481e-09-9.93424e-09
-1.44611e-08-1.79408e-08-2.01669e-08-2.10284e-08-2.05145e-08-1.87085e-08
-1.57735e-08-1.19319e-08-7.44627e-09-2.60196e-09 2.30539e-09 6.97822e-09
 1.11237e-08 1.44617e-08 1.67368e-08 1.77359e-08 1.73108e-08 1.54018e-08
 1.20596e-08 7.45813e-09 1.89548e-09-4.21970e-09-1.03971e-08-1.61052e-08
-2.08199e-08-2.40746e-08-2.55073e-08-2.48981e-08-2.21953e-08-1.75260e-08
-1.11912e-08-3.64633e-09 4.53272e-09 1.26946e-08 2.01652e-08 2.63041e-08
 3.05594e-08 3.25166e-08 3.19364e-08 2.87780e-08 2.32063e-08 1.55828e-08
 6.44141e-09-3.54951e-09-1.36338e-08-2.30223e-08-3.09512e-08-3.67426e-08
-3.98621e-08-3.99683e-08-3.69506e-08-3.09479e-08-2.23460e-08-1.17506e-08
 6.05156e-11 1.22020e-08 2.37535e-08 3.38322e-08 4.16596e-08 4.66170e-08
 4.82873e-08 4.64845e-08 4.12708e-08 3.29599e-08 2.21059e-08 9.47498e-09
-4.00210e-09-1.72960e-08-2.93600e-08-3.92180e-08-4.60495e-08-4.92626e-08
-4.85450e-08-4.38917e-08-3.56058e-08-2.42776e-08-1.07460e-08 3.95576e-09
 1.86660e-08 3.21726e-08 4.33002e-08 5.10040e-08 5.44628e-08 5.31617e-08
 4.69525e-08 3.60843e-08 2.11976e-08 3.28383e-09-1.63855e-08-3.63507e-08
-5.50680e-08-7.10178e-08-8.28130e-08-8.93024e-08-8.96657e-08-8.34921e-08
-7.08364e-08-5.22432e-08-2.87318e-08-1.74099e-09 2.69649e-08 5.54191e-08
 8.15939e-08 1.03550e-07 1.19581e-07 1.28348e-07 1.28996e-07 1.21237e-07
 1.05407e-07 8.24753e-08 5.40048e-08 2.20641e-08-1.09118e-08-4.22983e-08
-6.94857e-08-9.00929e-08-1.02174e-07-1.04405e-07-9.62271e-08-7.79527e-08
-5.07988e-08-1.68598e-08 2.09943e-08 5.92909e-08 9.41935e-08 1.21792e-07
 1.38427e-07 1.41023e-07 1.27408e-07 9.65915e-08 4.89709e-08-1.35470e-08
-8.75406e-08-1.68190e-07-2.49519e-07-3.24764e-07-3.86846e-07-4.28919e-07
-4.44969e-07-4.30411e-07-3.82636e-07-3.01458e-07-1.89413e-07-5.18549e-08
 1.03173e-07 2.65329e-07 4.22610e-07 5.62224e-07 6.71641e-07 7.39780e-07
 7.58216e-07 7.22343e-07 6.32343e-07 4.93869e-07 3.18307e-07 1.22450e-07
-7.27335e-08-2.44844e-07-3.74462e-07-4.49726e-07-4.68474e-07-4.36965e-07
-3.66923e-07-2.72885e-07-1.70363e-07-7.43032e-08 2.43399e-09 5.03855e-08
 6.43116e-08 4.34343e-08-8.81560e-09-8.54137e-08-1.76638e-07-2.71149e-07
-3.57067e-07-4.23099e-07-4.60115e-07-4.62814e-07-4.30151e-07-3.64071e-07
-2.68300e-07-1.48577e-07-1.29097e-08 1.29799e-07 2.71871e-07 4.07495e-07
 5.30658e-07 6.32068e-07 6.99049e-07 7.19739e-07 6.88136e-07 6.06980e-07
 4.88040e-07 3.48879e-07 2.06460e-07 7.23134e-08-4.72784e-08-1.48605e-07
-2.29188e-07-2.88077e-07-3.26032e-07-3.44947e-07-3.47198e-07-3.35399e-07
-3.12350e-07-2.80902e-07-2.43739e-07-2.03220e-07-1.61325e-07-1.19674e-07
-7.95526e-08-4.19539e-08-7.62299e-09 2.28744e-08 4.90906e-08 7.06505e-08
 8.72355e-08 9.85984e-08 1.04603e-07 1.05272e-07 1.00838e-07 9.17628e-08
 7.87453e-08 6.26971e-08 4.47022e-08 2.59576e-08 7.70137e-09-8.86702e-09
-2.26688e-08-3.28229e-08-3.87099e-08-4.00175e-08-3.67678e-08-2.93220e-08
-1.83586e-08-4.82536e-09 1.01313e-08 2.52524e-08 3.92632e-08 5.09704e-08
 5.93550e-08 6.36495e-08 6.33982e-08 5.84930e-08 4.91827e-08 3.60533e-08
 1.99829e-08 2.07611e-09-1.64190e-08-3.42043e-08-5.00294e-08-6.27835e-08
-7.15774e-08-7.58097e-08-7.52108e-08-6.98605e-08-6.01783e-08-4.68905e-08
-3.09737e-08-1.35806e-08 4.04774e-09 2.06739e-08 3.51539e-08 4.65205e-08
 5.40532e-08 5.73281e-08 5.62432e-08 5.10202e-08 4.21832e-08 3.05149e-08
 1.69934e-08 2.71557e-09-1.11875e-08-2.36368e-08-3.36877e-08-4.05989e-08
-4.38860e-08-4.33535e-08-3.91071e-08-3.15418e-08-2.13081e-08-9.25862e-09
 3.62025e-09 1.62856e-08 2.77184e-08 3.70014e-08 4.33896e-08 4.63665e-08
 4.56830e-08 4.13738e-08 3.37537e-08 2.33923e-08 1.10700e-08-2.28226e-09
-1.56541e-08-2.80333e-08-3.84828e-08-4.62119e-08-5.06349e-08-5.14139e-08
-4.84838e-08-4.20570e-08-3.26068e-08-2.08293e-08-7.59093e-09 6.13764e-09
 1.93538e-08 3.10984e-08 4.05274e-08 4.69738e-08 4.99967e-08 4.94133e-08
 4.53111e-08 3.80386e-08 2.81767e-08 1.64929e-08 3.88327e-09-8.69686e-09
-2.03054e-08-3.00849e-08-3.73259e-08-4.15204e-08-4.23983e-08-3.99473e-08
-3.44109e-08-2.62680e-08-1.61946e-08-5.01006e-09 6.38694e-09 1.70884e-08
 2.62470e-08 3.31411e-08 3.72301e-08 3.81950e-08 3.59617e-08 3.07071e-08
 2.28452e-08 1.29945e-08 1.92936e-09-9.48133e-09-2.03416e-08-2.97982e-08
-3.71061e-08-4.16860e-08-4.31695e-08-4.14263e-08-3.65742e-08-2.89698e-08
-1.91810e-08-7.94169e-09 3.90562e-09 1.54763e-08 2.59132e-08 3.44541e-08
 4.04905e-08 4.36135e-08 4.36447e-08 4.06483e-08 3.49230e-08 2.69753e-08
 1.74765e-08 7.20501e-09-3.01965e-09-1.24054e-08-2.02554e-08-2.60266e-08
-2.93734e-08-3.01738e-08-2.85355e-08-2.47816e-08-1.94156e-08-1.30707e-08
-6.44433e-09-2.24685e-10 4.98312e-09 8.72230e-09 1.07357e-08 1.09992e-08
 9.73099e-09 7.37330e-09 4.54751e-09 1.98376e-09 4.31460e-10
     0.0000e+00     0.0000e+00      0  0  0.00
     401   1.00000  0.0000e+00
-7.32361e-08-2.04973e-07-3.18342e-07-4.07063e-07-4.67821e-07-5.00101e-07
-5.05813e-07-4.88750e-07-4.53958e-07-4.07093e-07-3.53799e-07-2.99177e-07
-2.47376e-07-2.01320e-07-1.62589e-07-1.31450e-07-1.07025e-07-8.75595e-08
-7.07639e-08-5.41858e-08-3.55717e-08-1.31828e-08 1.39669e-08 4.59674e-08
 8.19746e-08 1.20274e-07 1.58440e-07 1.93569e-07 2.22572e-07 2.42497e-07
 2.50858e-07 2.45928e-07 2.26985e-07 1.94469e-07 1.50036e-07 9.65007e-08
 3.76604e-08-2.19728e-08-7.75188e-08-1.24118e-07-1.57331e-07-1.73526e-07
-1.70214e-07-1.46313e-07-1.02313e-07-4.03298e-08 3.59692e-08 1.21564e-07
 2.10408e-07 2.95843e-07 3.71091e-07 4.29763e-07 4.66359e-07 4.76712e-07
 4.58350e-07 4.10743e-07 3.35414e-07 2.35902e-07 1.17564e-07-1.27647e-08
-1.47246e-07-2.77608e-07-3.95775e-07-4.94504e-07-5.67963e-07-6.12229e-07
-6.25637e-07-6.08966e-07-5.65429e-07-5.00465e-07-4.21333e-07-3.36536e-07
-2.55119e-07-1.85873e-07-1.36532e-07-1.13000e-07-1.18699e-07-1.54071e-07
-2.16304e-07-2.99303e-07-3.93930e-07-4.88521e-07-5.69646e-07-6.23089e-07
-6.34960e-07-5.92880e-07-4.87138e-07-3.11744e-07-6.52837e-08 2.48497e-07
 6.20446e-07 1.03612e-06 1.47629e-06 1.91781e-06 2.33481e-06 2.70017e-06
 2.98705e-06 3.17052e-06 3.22902e-06 3.14558e-06 2.90866e-06 2.51254e-06
 1.95793e-06 1.25434e-06 4.24008e-07-4.96509e-07-1.46128e-06-2.42288e-06
-3.33599e-06-4.15604e-06-4.83781e-06-5.33734e-06-5.61616e-06-5.64551e-06
-5.40944e-06-4.90696e-06-4.15351e-06-3.18143e-06-2.03924e-06-7.89305e-07
 4.96069e-07 1.73962e-06 2.86494e-06 3.80272e-06 4.49691e-06 4.91032e-06
 5.02893e-06 4.86455e-06 4.45379e-06 3.85065e-06 3.11562e-06 2.30822e-06
 1.48377e-06 6.91174e-07-2.90198e-08-6.46410e-07-1.14213e-06-1.50771e-06
-1.74132e-06-1.84490e-06-1.82428e-06-1.69051e-06-1.46175e-06-1.16726e-06
-8.47853e-07-5.45803e-07-2.89907e-07-9.03297e-08 5.28752e-08 1.40261e-07
 1.72897e-07 1.56548e-07 1.01946e-07 2.18941e-08-7.07624e-08-1.64024e-07
-2.47526e-07-3.13086e-07-3.54994e-07-3.70207e-07-3.58302e-07-3.21149e-07
-2.62467e-07-1.87342e-07-1.01675e-07-1.16575e-08 7.67094e-08 1.58036e-07
 2.27863e-07 2.82877e-07 3.21034e-07 3.41576e-07 3.44963e-07 3.32716e-07
 3.07203e-07 2.71379e-07 2.28517e-07 1.81947e-07 1.34821e-07 8.99204e-08
 4.95033e-08 1.52112e-08-1.19750e-08-3.17281e-08-4.43185e-08-5.05191e-08
-5.14836e-08-4.86105e-08-4.34035e-08-3.73370e-08-3.17355e-08-2.76742e-08
-2.59074e-08-2.68304e-08-3.04744e-08-3.65342e-08-4.44188e-08-5.33227e-08
-6.23084e-08-7.03963e-08-7.66556e-08-8.02879e-08-8.06963e-08-7.75356e-08
-7.07387e-08-6.05208e-08-4.73617e-08-3.19690e-08-1.52229e-08 1.89211e-09
 1.83621e-08 3.32200e-08 4.56164e-08 5.48799e-08 6.05630e-08 6.24704e-08
 6.06690e-08 5.54777e-08 4.74390e-08 3.72736e-08 2.58245e-08 1.39930e-08
 2.66949e-09-7.33300e-09-1.53361e-08-2.08412e-08-2.35620e-08-2.34418e-08
-2.06524e-08-1.55743e-08-8.76076e-09-8.90723e-10 7.28675e-09 1.50125e-08
 2.15766e-08 2.63729e-08 2.89474e-08 2.90338e-08 2.65723e-08 2.17101e-08
 1.47876e-08 6.31250e-09-3.07897e-09-1.26730e-08-2.17361e-08-2.95720e-08
-3.55742e-08-3.92718e-08-4.03660e-08-3.87530e-08-3.45328e-08-2.80011e-08
-1.96271e-08-1.00169e-08 1.32734e-10 1.00872e-08 1.91287e-08 2.66098e-08
 3.20023e-08 3.49370e-08 3.52309e-08 3.28993e-08 2.81530e-08 2.13825e-08
 1.31277e-08 4.03693e-09-5.18349e-09-1.38223e-08-2.12179e-08-2.68087e-08
-3.01745e-08-3.10670e-08-2.94281e-08-2.53952e-08-1.92898e-08-1.15910e-08
-2.89756e-09 6.11606e-09 1.47498e-08 2.23326e-08 2.82755e-08 3.21160e-08
 3.35516e-08 3.24618e-08 2.89190e-08 2.31823e-08 1.56776e-08 6.96433e-09
-2.30588e-09-1.14389e-08-1.97510e-08-2.66202e-08-3.15338e-08-3.41269e-08
-3.42105e-08-3.17851e-08-2.70407e-08-2.03415e-08-1.21983e-08-3.23196e-09
 5.87579e-09 1.44359e-08 2.18028e-08 2.74211e-08 3.08699e-08 3.18960e-08
 3.04322e-08 2.66007e-08 2.07046e-08 1.32050e-08 4.68585e-09-4.18881e-09
-1.27277e-08-2.02671e-08-2.62202e-08-3.01192e-08-3.16530e-08-3.06918e-08
-2.72968e-08-2.17186e-08-1.43793e-08-5.83622e-09 3.26239e-09 1.22223e-08
 2.03522e-08 2.70197e-08 3.17017e-08 3.40266e-08 3.38034e-08 3.10334e-08
 2.59065e-08 1.87905e-08 1.02108e-08 8.12258e-10-8.69487e-09-1.75934e-08
-2.52137e-08-3.09796e-08-3.44464e-08-3.53358e-08-3.35664e-08-2.92659e-08
-2.27570e-08-1.45258e-08-5.18368e-09 4.57315e-09 1.40096e-08 2.24049e-08
 2.91137e-08 3.36239e-08 3.55947e-08 3.48746e-08 3.15069e-08 2.57298e-08
 1.79681e-08 8.80498e-09-1.06637e-09-1.09038e-08-1.99746e-08-2.76054e-08
-3.32262e-08-3.64127e-08-3.69252e-08-3.47327e-08-3.00135e-08-2.31340e-08
-1.46160e-08-5.09759e-09 4.70999e-09 1.40752e-08 2.23060e-08 2.88094e-08
 3.31379e-08 3.50188e-08 3.43707e-08 3.13069e-08 2.61272e-08 1.92935e-08
 1.13894e-08 3.06723e-09-5.00936e-09-1.22206e-08-1.80397e-08-2.20752e-08
-2.41035e-08-2.40863e-08-2.21705e-08-1.86686e-08-1.40249e-08-8.76826e-09
-3.45837e-09 1.37178e-09 5.27229e-09 7.92506e-09 9.17957e-09 9.07121e-09
 7.81902e-09 5.80200e-09 3.51571e-09 1.51178e-09 3.25372e-10
     0.0000e+00     0.0000e+00      0  0  0.00
     401   1.00000  0.0000e+00
 3.53894e-08 1.11207e-07 1.78937e-07 2.34850e-07 2.76578e-07 3.03071e-07
 3.14473e-07 3.11909e-07 2.97241e-07 2.72802e-07 2.41136e-07 2.04778e-07
 1.66064e-07 1.26999e-07 8.91780e-08 5.37573e-08 2.14736e-08-7.30278e-09
-3.24908e-08-5.42101e-08-7.26899e-08-8.81872e-08-1.00922e-07-1.11033e-07
-1.18561e-07-1.23453e-07-1.25586e-07-1.24806e-07-1.20976e-07-1.14026e-07
-1.04005e-07-9.11105e-08-7.57137e-08-5.83601e-08-3.97536e-08-2.07233e-08
-2.17455e-09 1.49713e-08 2.98447e-08 4.16939e-08 4.99457e-08 5.42540e-08
 5.45325e-08 5.09681e-08 4.40128e-08 3.43559e-08 2.28754e-08 1.05750e-08
-1.49100e-09-1.22967e-08-2.09238e-08-2.66328e-08-2.89213e-08-2.75641e-08
-2.26332e-08-1.44948e-08-3.78331e-09 8.64598e-09 2.17817e-08 3.45345e-08
 4.58216e-08 5.46507e-08 6.01995e-08 6.18819e-08 5.93975e-08 5.27601e-08
 4.23007e-08 2.86475e-08 1.26824e-08-4.52198e-09-2.17801e-08-3.78815e-08
-5.16809e-08-6.21859e-08-6.86324e-08-7.05441e-08-6.77712e-08-6.05047e-08
-4.92646e-08-3.48647e-08-1.83534e-08-9.36589e-10 1.61119e-08 3.15460e-08
 4.42417e-08 5.32825e-08 5.80294e-08 5.81709e-08 5.37462e-08 4.51435e-08
 3.30689e-08 1.84922e-08 2.57078e-09-1.34398e-08-2.82834e-08-4.07995e-08
-5.00117e-08-5.52008e-08-5.59578e-08-5.22120e-08-4.42342e-08-3.26145e-08
-1.82175e-08-2.11882e-09 1.44723e-08 3.02986e-08 4.41436e-08 5.49181e-08
 6.17391e-08 6.39967e-08 6.14052e-08 5.40344e-08 4.23170e-08 2.70321e-08
 9.26047e-09-9.68417e-09-2.83482e-08-4.52476e-08-5.89878e-08-6.83824e-08
-7.25609e-08-7.10546e-08-6.38501e-08-5.14043e-08-3.46186e-08-1.47721e-08
 6.57943e-09 2.77297e-08 4.69629e-08 6.26949e-08 7.36048e-08 7.87443e-08
 7.76171e-08 7.02225e-08 5.70607e-08 3.90984e-08 1.76985e-08-5.48274e-09
-2.86240e-08-4.98823e-08-6.75413e-08-8.01523e-08-8.66545e-08-8.64643e-08
-7.95238e-08-6.63055e-08-4.77718e-08-2.52954e-08-5.48771e-10 2.46257e-08
 4.83534e-08 6.88622e-08 8.46059e-08 9.43697e-08 9.73539e-08 9.32336e-08
 8.21905e-08 6.49148e-08 4.25731e-08 1.67415e-08-1.06969e-08-3.76854e-08
-6.21502e-08-8.21669e-08-9.61203e-08-1.02843e-07-1.01718e-07-9.27341e-08
-7.64909e-08-5.41563e-08-2.73792e-08 1.83115e-09 3.12500e-08 5.85970e-08
 8.17003e-08 9.86578e-08 1.07985e-07 1.08742e-07 1.00622e-07 8.40027e-08
 5.99375e-08 3.00994e-08-3.33472e-09-3.78436e-08-7.07537e-08-9.94470e-08
-1.21567e-07-1.35204e-07-1.39052e-07-1.32516e-07-1.15773e-07-8.97733e-08
-5.61913e-08-1.73167e-08 2.41015e-08 6.50510e-08 1.02480e-07 1.33533e-07
 1.55774e-07 1.67391e-07 1.67349e-07 1.55486e-07 1.32550e-07 1.00155e-07
 6.06771e-08 1.70840e-08-2.72815e-08-6.89565e-08-1.04627e-07-1.31393e-07
-1.47011e-07-1.50084e-07-1.40201e-07-1.17995e-07-8.51258e-08-4.41777e-08
 1.51155e-09 4.80907e-08 9.14840e-08 1.27711e-07 1.53210e-07 1.65147e-07
 1.61670e-07 1.42107e-07 1.07062e-07 5.84223e-08-7.37443e-10-6.63478e-08
-1.33617e-07-1.97372e-07-2.52436e-07-2.94032e-07-3.18170e-07-3.21996e-07
-3.04064e-07-2.64516e-07-2.05133e-07-1.29259e-07-4.15973e-08 5.21098e-08
 1.45494e-07 2.32032e-07 3.05547e-07 3.60705e-07 3.93462e-07 4.01444e-07
 3.84196e-07 3.43303e-07 2.82338e-07 2.06639e-07 1.22924e-07 3.87699e-08
-3.80101e-08-1.00035e-07-1.41025e-07-1.56419e-07-1.43883e-07-1.03664e-07
-3.87639e-08 4.51277e-08 1.39929e-07 2.35701e-07 3.21393e-07 3.85739e-07
 4.18253e-07 4.10226e-07 3.55657e-07 2.52019e-07 1.00799e-07-9.22500e-08
-3.17206e-07-5.60437e-07-8.05428e-07-1.03392e-06-1.22733e-06-1.36828e-06
-1.44218e-06-1.43866e-06-1.35279e-06-1.18577e-06-9.45278e-07-6.45018e-07
-3.03722e-07 5.66190e-08 4.13275e-07 7.45982e-07 1.04017e-06 1.28854e-06
 1.48949e-06 1.64316e-06 1.74819e-06 1.80090e-06 1.79662e-06 1.73136e-06
 1.60320e-06 1.41337e-06 1.16707e-06 8.74036e-07 5.48402e-07 2.07922e-07
-1.27540e-07-4.37962e-07-7.05373e-07-9.16095e-07-1.06276e-06-1.14582e-06
-1.17431e-06-1.16471e-06-1.13615e-06-1.10463e-06-1.08036e-06-1.06753e-06
-1.06406e-06-1.06104e-06-1.04347e-06-9.93857e-07-8.99015e-07-7.55944e-07
-5.72087e-07-3.59743e-07-1.30016e-07 1.09619e-07 3.54043e-07 5.94590e-07
 8.12266e-07 9.82315e-07 1.08932e-06 1.13422e-06 1.12612e-06 1.07256e-06
 9.79305e-07 8.54438e-07 7.08593e-07 5.52553e-07 3.95981e-07 2.47001e-07
 1.11884e-07-4.98903e-09-1.01029e-07-1.75368e-07-2.28642e-07-2.62637e-07
-2.79940e-07-2.83617e-07-2.76916e-07-2.63028e-07-2.44884e-07-2.24982e-07
-2.05280e-07-1.87143e-07-1.71347e-07-1.58143e-07-1.47355e-07-1.38491e-07
-1.30855e-07-1.23666e-07-1.16156e-07-1.07660e-07-9.76710e-08-8.58749e-08
-7.21630e-08-5.66332e-08-3.95746e-08-2.14369e-08-2.78866e-09 1.57290e-08
 3.34496e-08 4.97297e-08 6.39952e-08 7.57770e-08 8.47350e-08 9.06697e-08
 9.35258e-08 9.33861e-08 9.04559e-08 8.50405e-08 7.75209e-08 6.83319e-08
 5.79375e-08 4.68088e-08 3.54040e-08 2.41528e-08 1.34426e-08 3.60629e-09
-5.08915e-09-1.24454e-08-1.83302e-08-2.26737e-08-2.54696e-08-2.67755e-08
-2.67070e-08-2.54286e-08-2.31463e-08-2.01026e-08-1.65676e-08-1.28263e-08
-9.16579e-09-5.85984e-09-3.15244e-09-1.23893e-09-2.50734e-10
     0.0000e+00     0.0000e+00      0  0  0.00
     401   1.00000  0.0000e+00
 1.52426e-07 1.89824e-07 2.07511e-07 2.03271e-07 1.77320e-07 1.32208e-07
 7.25011e-08 4.28953e-09-6.54397e-08-1.29498e-07-1.81190e-07-2.14947e-07
-2.26848e-07-2.14996e-07-1.79708e-07-1.23528e-07-5.10200e-08 3.16146e-08
 1.17086e-07 1.97678e-07 2.65954e-07 3.15461e-07 3.41349e-07 3.40871e-07
 3.13704e-07 2.62071e-07 1.90640e-07 1.06197e-07 1.71065e-08-6.73918e-08
-1.38005e-07-1.86258e-07-2.05347e-07-1.90893e-07-1.41531e-07-5.92780e-08
 5.03766e-08 1.78683e-07 3.14145e-07 4.43317e-07 5.51848e-07 6.25693e-07
 6.52405e-07 6.22407e-07 5.30115e-07 3.74814e-07 1.61165e-07-1.00711e-07
-3.95634e-07-7.04245e-07-1.00434e-06-1.27261e-06-1.48657e-06-1.62667e-06
-1.67823e-06-1.63315e-06-1.49105e-06-1.25981e-06-9.55275e-07-6.00137e-07
-2.21860e-07 1.50279e-07 4.89141e-07 7.74758e-07 9.99559e-07 1.17002e-06
 1.30074e-06 1.40408e-06 1.48414e-06 1.53799e-06 1.55906e-06 1.53895e-06
 1.46914e-06 1.34373e-06 1.16187e-06 9.28767e-07 6.55450e-07 3.58087e-07
 5.64845e-08-2.28372e-07-4.77341e-07-6.76080e-07-8.17565e-07-9.03953e-07
-9.47481e-07-9.67713e-07-9.82322e-07-9.98515e-07-1.01380e-06-1.02099e-06
-1.01037e-06-9.70890e-07-8.92727e-07-7.70349e-07-6.04609e-07-4.02975e-07
-1.79106e-07 4.76322e-08 2.54931e-07 4.23653e-07 5.43589e-07 6.14403e-07
 6.41760e-07 6.32729e-07 5.94151e-07 5.33390e-07 4.58579e-07 3.77608e-07
 2.97102e-07 2.22079e-07 1.56035e-07 1.01092e-07 5.81098e-08 2.68308e-08
 6.08402e-09-5.93421e-09-1.13737e-08-1.24778e-08-1.13652e-08-9.85469e-09
-9.34162e-09-1.07305e-08-1.44274e-08-2.03899e-08-2.82175e-08-3.72646e-08
-4.67572e-08-5.59019e-08-6.39757e-08-7.03918e-08-7.47415e-08-7.68143e-08
-7.65969e-08-7.42535e-08-7.00914e-08-6.45179e-08-5.79911e-08-5.09720e-08
-4.38809e-08-3.70617e-08-3.07566e-08-2.50950e-08-2.00951e-08-1.56779e-08
-1.16903e-08-7.93528e-09-4.20281e-09-3.02036e-10 3.91123e-09 8.51278e-09
 1.34965e-08 1.87699e-08 2.41597e-08 2.94257e-08 3.42818e-08 3.84212e-08
 4.15435e-08 4.33828e-08 4.37336e-08 4.24738e-08 3.95798e-08 3.51332e-08
 2.93189e-08 2.24152e-08 1.47766e-08 6.81045e-09-1.05062e-09-8.37862e-09
-1.47803e-08-1.99247e-08-2.35657e-08-2.55570e-08-2.58609e-08-2.45506e-08
-2.18044e-08-1.78927e-08-1.31571e-08-7.98474e-09-2.77933e-09 2.06804e-09
 6.20752e-09 9.35519e-09 1.13123e-08 1.19781e-08 1.13546e-08 9.54309e-09
 6.73400e-09 3.18971e-09-7.75949e-10-4.82163e-09-8.60459e-09-1.18069e-08
-1.41597e-08-1.54630e-08-1.56007e-08-1.45492e-08-1.23795e-08-9.24976e-09
-5.39262e-09-1.09628e-09 3.31742e-09 7.51802e-09 1.11923e-08 1.40676e-08
 1.59314e-08 1.66467e-08 1.61630e-08 1.45208e-08 1.18476e-08 8.34816e-09
 4.28938e-09-2.00014e-11-4.25367e-09-8.09260e-09-1.12485e-08-1.34848e-08
-1.46347e-08-1.46134e-08-1.34234e-08-1.11541e-08-7.97636e-09-4.13051e-09
 9.19742e-11 4.37112e-09 8.38241e-09 1.18206e-08 1.44229e-08 1.59893e-08
 1.63977e-08 1.56120e-08 1.36838e-08 1.07484e-08 7.01527e-09 2.75208e-09
-1.73452e-09-6.12093e-09-1.00901e-08-1.33558e-08-1.56848e-08-1.69137e-08
-1.69603e-08-1.58289e-08-1.36102e-08-1.04741e-08-6.65525e-09-2.43658e-09
 1.87104e-09 5.95165e-09 9.50870e-09 1.22874e-08 1.40933e-08 1.48060e-08
 1.43879e-08 1.28864e-08 1.04295e-08 7.21608e-09 3.50072e-09-4.24991e-10
-4.25556e-09-7.69590e-09-1.04829e-08-1.24041e-08-1.33149e-08-1.31490e-08
-1.19227e-08-9.73396e-09-6.75595e-09-3.22344e-09 5.86245e-10 4.37402e-09
 7.84240e-09 1.07190e-08 1.27761e-08 1.38481e-08 1.38447e-08 1.27575e-08
 1.06604e-08 7.70628e-09 4.11700e-09 1.64347e-10-3.85179e-09-7.62464e-09
-1.08635e-08-1.33163e-08-1.47886e-08-1.51579e-08-1.43857e-08-1.25203e-08
-9.69215e-09-6.10500e-09-2.02199e-09 2.25448e-09 6.40468e-09 1.01157e-08
 1.31068e-08 1.51507e-08 1.60885e-08 1.58421e-08 1.44217e-08 1.19257e-08
 8.53475e-09 4.49754e-09 1.12454e-10-4.29511e-09-8.39691e-09-1.18851e-08
-1.44955e-08-1.60285e-08-1.63648e-08-1.54743e-08-1.34193e-08-1.03492e-08
-6.48964e-09-2.12775e-09 2.40997e-09 6.78229e-09 1.06583e-08 1.37426e-08
 1.57979e-08 1.66627e-08 1.62641e-08 1.46240e-08 1.18578e-08 8.16617e-09
 3.82122e-09-8.53993e-10-5.50925e-09-9.79301e-09-1.33797e-08-1.59943e-08
-1.74323e-08-1.75760e-08-1.64039e-08-1.39931e-08-1.05150e-08-6.22232e-09
-1.43005e-09 3.50727e-09 8.22145e-09 1.23584e-08 1.56042e-08 1.77090e-08
 1.85071e-08 1.79294e-08 1.60083e-08 1.28765e-08 8.75725e-09 3.94866e-09
-1.19772e-09-6.30317e-09-1.09905e-08-1.49116e-08-1.77734e-08-1.93596e-08
-1.95472e-08-1.83150e-08-1.57465e-08-1.20230e-08-7.41021e-09-2.23830e-09
 3.12236e-09 8.28888e-09 1.28938e-08 1.66121e-08 1.91858e-08 2.04415e-08
 2.03032e-08 1.87973e-08 1.60494e-08 1.22740e-08 7.75816e-09 2.83891e-09
-2.12267e-09-6.76891e-09-1.07732e-08-1.38650e-08-1.58506e-08-1.66278e-08
-1.61933e-08-1.46421e-08-1.21583e-08-8.99784e-09-5.46522e-09-1.88431e-09
 1.43221e-09 4.21318e-09 6.25526e-09 7.44216e-09 7.75472e-09 7.26996e-09
 6.14856e-09 4.61211e-09 2.91264e-09 1.29790e-09-2.29752e-11-9.08761e-10
-1.30633e-09-1.25854e-09-8.98393e-10-4.30048e-10-9.90059e-11
     0.0000e+00     0.0000e+00      0  0  0.00
     401   1.00000  0.0000e+00
 1.61929e-07 2.53945e-07 3.43563e-07 4.24828e-07 4.91789e-07 5.38893e-07
 5.61412e-07 5.55860e-07 5.20365e-07 4.54947e-07 3.61683e-07 2.44721e-07
 1.10129e-07-3.44213e-08-1.80131e-07-3.17701e-07-4.38056e-07-5.33135e-07
-5.96661e-07-6.24816e-07-6.16759e-07-5.74905e-07-5.04926e-07-4.15440e-07
-3.17362e-07-2.22948e-07-1.44565e-07-9.32756e-08-7.73549e-08-1.00881e-07
-1.62564e-07-2.54961e-07-3.64248e-07-4.70689e-07-5.50039e-07-5.76476e-07
-5.27695e-07-3.91291e-07-1.68927e-07 1.24613e-07 4.65839e-07 8.26658e-07
 1.17697e-06 1.48707e-06 1.73036e-06 1.88546e-06 1.93759e-06 1.87912e-06
 1.71003e-06 1.43782e-06 1.07680e-06 6.47014e-07 1.72886e-07-3.18247e-07
-7.97868e-07-1.23798e-06-1.61232e-06-1.89751e-06-2.07536e-06-2.13617e-06
-2.08007e-06-1.91516e-06-1.65502e-06-1.31748e-06-9.24085e-07-4.99763e-07
-7.23547e-08 3.28619e-07 6.74875e-07 9.43706e-07 1.12165e-06 1.20539e-06
 1.20030e-06 1.11892e-06 9.79058e-07 8.00931e-07 6.04515e-07 4.08581e-07
 2.29026e-07 7.60519e-08-4.63480e-08-1.37793e-07-1.99062e-07-2.31949e-07
-2.39970e-07-2.28020e-07-2.01420e-07-1.65360e-07-1.24580e-07-8.31201e-08
-4.42041e-08-1.02157e-08 1.72915e-08 3.75125e-08 5.02561e-08 5.58040e-08
 5.47762e-08 4.80113e-08 3.64795e-08 2.12191e-08 3.29314e-09-1.62352e-08
-3.63205e-08-5.59497e-08-7.41556e-08-9.00332e-08-1.02764e-07-1.11642e-07
-1.16110e-07-1.15788e-07-1.10507e-07-1.00336e-07-8.55928e-08-6.68543e-08
-4.49351e-08-2.08574e-08 4.19896e-09 2.89594e-08 5.21307e-08 7.24819e-08
 8.89236e-08 1.00581e-07 1.06856e-07 1.07469e-07 1.02488e-07 9.23200e-08
 7.76948e-08 5.96129e-08 3.92824e-08 1.80369e-08-2.75573e-09-2.17867e-08
-3.78957e-08-5.01502e-08-5.79074e-08-6.08547e-08-5.90264e-08-5.27941e-08
-4.28341e-08-3.00729e-08-1.56155e-08-6.59531e-10 1.35949e-08 2.60342e-08
 3.57114e-08 4.19141e-08 4.42143e-08 4.24960e-08 3.69593e-08 2.80992e-08
 1.66644e-08 3.59620e-09-1.00458e-08-2.31655e-08-3.47146e-08-4.37724e-08
-4.96160e-08-5.17750e-08-5.00654e-08-4.46015e-08-3.57847e-08-2.42722e-08
-1.09258e-08 3.25482e-09 1.72085e-08 2.98946e-08 4.03709e-08 4.78641e-08
 5.18260e-08 5.19739e-08 4.83109e-08 4.11253e-08 3.09673e-08 1.86064e-08
 4.97191e-09-8.91730e-09-2.20288e-08-3.33930e-08-4.21758e-08-4.77411e-08
-4.96976e-08-4.79259e-08-4.25850e-08-3.40983e-08-2.31208e-08-1.04894e-08
 2.84100e-09 1.58705e-08 2.76302e-08 3.72548e-08 4.40458e-08 4.75218e-08
 4.74532e-08 4.38785e-08 3.71000e-08 2.76590e-08 1.62926e-08 3.87677e-09
-8.64090e-09-2.03125e-08-3.02622e-08-3.77522e-08-4.22390e-08-4.34129e-08
-4.12198e-08-3.58637e-08-2.77898e-08-1.76495e-08-6.24942e-09 5.51068e-09
 1.67071e-08 2.64631e-08 3.40156e-08 3.87739e-08 4.03657e-08 3.86665e-08
 3.38085e-08 2.61683e-08 1.63381e-08 5.08017e-09-6.72992e-09-1.81686e-08
-2.83350e-08-3.64211e-08-4.17755e-08-4.39539e-08-4.27521e-08-3.82229e-08
-3.06731e-08-2.06414e-08-8.85890e-09 3.80605e-09 1.64128e-08 2.80181e-08
 3.77469e-08 4.48576e-08 4.87991e-08 4.92532e-08 4.61609e-08 3.97264e-08
 3.04020e-08 1.88548e-08 5.91812e-09-7.47139e-09-2.03431e-08-3.17631e-08
-4.09027e-08-4.71018e-08-4.99184e-08-4.91610e-08-4.49024e-08-3.74747e-08
-2.74432e-08-1.55638e-08-2.72466e-09 1.01204e-08 2.20227e-08 3.21084e-08
 3.96443e-08 4.40939e-08 4.51581e-08 4.27969e-08 3.72307e-08 2.89213e-08
 1.85364e-08 6.89944e-09-5.07386e-09-1.64471e-08-2.63354e-08-3.39730e-08
-3.87722e-08-4.03678e-08-3.86458e-08-3.37541e-08-2.60905e-08-1.62713e-08
-5.08344e-09 6.57519e-09 1.77655e-08 2.75801e-08 3.52153e-08 4.00336e-08
 4.16147e-08 3.97908e-08 3.46609e-08 2.65859e-08 1.61638e-08 4.18454e-09
-8.42976e-09-2.06934e-08-3.16338e-08-4.03663e-08-4.61638e-08-4.85143e-08
-4.71644e-08-4.21415e-08-3.37556e-08-2.25792e-08-9.40651e-09 4.80234e-09
 1.89920e-08 3.20911e-08 4.30938e-08 5.11361e-08 5.55632e-08 5.59805e-08
 5.22867e-08 4.46857e-08 3.36762e-08 2.00167e-08 4.67245e-09-1.12547e-08
-2.66067e-08-4.02540e-08-5.11792e-08-5.85545e-08-6.18051e-08-6.06537e-08
-5.51434e-08-4.56372e-08-3.27930e-08-1.75184e-08-9.04621e-10 1.58524e-08
 3.15400e-08 4.50183e-08 5.53047e-08 6.16468e-08 6.35788e-08 6.09574e-08
 5.39731e-08 4.31373e-08 2.92453e-08 1.33177e-08-3.47454e-09-1.98969e-08
-3.47431e-08-4.69247e-08-5.55523e-08-6.00027e-08-5.99652e-08-5.54655e-08
-4.68642e-08-3.48296e-08-2.02876e-08-4.35163e-09 1.17617e-08 2.68254e-08
 3.96955e-08 4.93994e-08 5.52101e-08 5.67024e-08 5.37847e-08 4.67060e-08
 3.60346e-08 2.26128e-08 7.48910e-09-8.16456e-09-2.31460e-08-3.63167e-08
-4.66892e-08-5.35022e-08-5.62751e-08-5.48407e-08-4.93514e-08-4.02615e-08
-2.82865e-08-1.43436e-08 5.20195e-10 1.52081e-08 2.86544e-08 3.99015e-08
 4.81670e-08 5.28982e-08 5.38103e-08 5.09052e-08 4.44710e-08 3.50609e-08
 2.34520e-08 1.05863e-08-2.50348e-09-1.47784e-08-2.52814e-08-3.32218e-08
-3.80483e-08-3.95017e-08-3.76412e-08-3.28392e-08-2.57433e-08-1.72083e-08
-8.20317e-09 2.97122e-10 7.42372e-09 1.25164e-08 1.52044e-08 1.54559e-08
 1.35882e-08 1.02355e-08 6.27613e-09 2.72320e-09 5.89758e-10
     0.0000e+00     0.0000e+00      0  0  0.00
     401   1.00000  0.0000e+00
 4.98853e-08 9.12829e-08 1.26278e-07 1.52702e-07 1.69297e-07 1.75702e-07
 1.72382e-07 1.60500e-07 1.41740e-07 1.18116e-07 9.17755e-08 6.48094e-08
 3.90964e-08 1.61778e-08-2.82780e-09-1.72678e-08-2.69548e-08-3.21249e-08
-3.33676e-08-3.15346e-08-2.76355e-08-2.27302e-08-1.78278e-08-1.38017e-08
-1.13229e-08-1.08158e-08-1.24365e-08-1.60759e-08-2.13851e-08-2.78191e-08
-3.46967e-08-4.12703e-08-4.68005e-08-5.06259e-08-5.22224e-08-5.12487e-08
-4.75748e-08-4.12932e-08-3.27117e-08-2.23270e-08-1.07823e-08 1.18792e-09
 1.28179e-08 2.33707e-08 3.21918e-08 3.87556e-08 4.27015e-08 4.38588e-08
 4.22583e-08 3.81264e-08 3.18650e-08 2.40186e-08 1.52318e-08 6.20046e-09
-2.38049e-09-9.86867e-09-1.57230e-08-1.95461e-08-2.11167e-08-2.04051e-08
-1.75704e-08-1.29412e-08-6.98411e-09-2.63764e-10 6.60253e-09 1.29944e-08
 1.83390e-08 2.21576e-08 2.41033e-08 2.39845e-08 2.17753e-08 1.76142e-08
 1.17934e-08 4.73978e-09-3.01356e-09-1.08661e-08-1.81970e-08-2.44165e-08
-2.90149e-08-3.16053e-08-3.19555e-08-3.00069e-08-2.58804e-08-1.98684e-08
-1.24127e-08-4.07050e-09 4.53151e-09 1.27478e-08 1.99657e-08 2.56522e-08
 2.93922e-08 3.09168e-08 3.01203e-08 2.70672e-08 2.19884e-08 1.52670e-08
 7.41362e-09-9.67892e-10-9.22528e-09-1.67094e-08-2.28282e-08-2.70985e-08
-2.91884e-08-2.89459e-08-2.64091e-08-2.17960e-08-1.54809e-08-7.96120e-09
 1.82248e-10 8.32721e-09 1.58541e-08 2.21896e-08 2.68503e-08 2.94806e-08
 2.98822e-08 2.80290e-08 2.40670e-08 1.82993e-08 1.11620e-08 3.19048e-09
-5.02078e-09-1.28627e-08-1.97572e-08-2.52013e-08-2.88043e-08-3.03166e-08
-2.96444e-08-2.68516e-08-2.21508e-08-1.58855e-08-8.50489e-09-5.33671e-10
 7.46170e-09 1.49085e-08 2.12649e-08 2.60580e-08 2.89211e-08 2.96265e-08
 2.81089e-08 2.44737e-08 1.89899e-08 1.20699e-08 4.23917e-09-3.90218e-09
-1.17275e-08-1.86349e-08-2.40954e-08-2.76927e-08-2.91543e-08-2.83740e-08
-2.54211e-08-2.05351e-08-1.41042e-08-6.63131e-09 1.31049e-09 9.12626e-09
 1.62456e-08 2.21621e-08 2.64643e-08 2.88601e-08 2.91925e-08 2.74473e-08
 2.37484e-08 1.83453e-08 1.15969e-08 3.95561e-09-4.05378e-09-1.18641e-08
-1.89039e-08-2.46398e-08-2.86180e-08-3.05015e-08-3.01014e-08-2.74011e-08
-2.25689e-08-1.59533e-08-8.05865e-09 4.97939e-10 9.04090e-09 1.68937e-08
 2.34340e-08 2.81455e-08 3.06606e-08 3.07910e-08 2.85380e-08 2.40864e-08
 1.77839e-08 1.01116e-08 1.64726e-09-6.97565e-09-1.51120e-08-2.21505e-08
-2.75578e-08-3.09172e-08-3.19594e-08-3.05837e-08-2.68695e-08-2.10742e-08
-1.36184e-08-5.05590e-09 3.96854e-09 1.27685e-08 2.06686e-08 2.70564e-08
 3.14288e-08 3.34314e-08 3.28874e-08 2.98127e-08 2.44175e-08 1.70931e-08
 8.38452e-09-1.04978e-09-1.04874e-08-1.91981e-08-2.65021e-08-3.18255e-08
-3.47463e-08-3.50268e-08-3.26298e-08-2.77197e-08-2.06478e-08-1.19248e-08
-2.18417e-09 7.86092e-09 1.74657e-08 2.59050e-08 3.25252e-08 3.67940e-08
 3.83451e-08 3.70143e-08 3.28603e-08 2.61671e-08 1.74247e-08 7.29010e-09
-3.46729e-09-1.40306e-08-2.36017e-08-3.14627e-08-3.70260e-08-3.98733e-08
-3.97807e-08-3.67325e-08-3.09239e-08-2.27527e-08-1.27992e-08-1.79114e-09
 9.44486e-09 2.00460e-08 2.91836e-08 3.61346e-08 4.03443e-08 4.14734e-08
 3.94239e-08 3.43421e-08 2.66013e-08 1.67698e-08 5.56753e-09-6.18237e-09
-1.76075e-08-2.78431e-08-3.60922e-08-4.16867e-08-4.41450e-08-4.32195e-08
-3.89267e-08-3.15537e-08-2.16391e-08-9.92938e-09 2.68207e-09 1.52280e-08
 2.67423e-08 3.63320e-08 4.32417e-08 4.69082e-08 4.70039e-08 4.34658e-08
 3.65076e-08 2.66122e-08 1.45010e-08 1.08277e-09-1.26164e-08-2.55342e-08
-3.66566e-08-4.50976e-08-5.01675e-08-5.14249e-08-4.87112e-08-4.21657e-08
-3.22203e-08-1.95751e-08-5.15282e-09 9.96565e-09 2.46210e-08 3.76660e-08
 4.80572e-08 5.49409e-08 5.77230e-08 5.61192e-08 5.01796e-08 4.02891e-08
 2.71415e-08 1.16905e-08-4.91984e-09-2.14406e-08-3.66117e-08-4.92580e-08
-5.83790e-08-6.32253e-08-6.33566e-08-5.86793e-08-4.94594e-08-3.63116e-08
-2.01612e-08-2.18103e-09 1.62952e-08 3.38741e-08 4.92106e-08 6.11114e-08
 6.86253e-08 7.11144e-08 6.83034e-08 6.03054e-08 4.76231e-08 3.11238e-08
 1.19859e-08-8.38342e-09-2.84540e-08-4.66931e-08-6.16874e-08-7.22535e-08
-7.75292e-08-7.70391e-08-7.07338e-08-5.90011e-08-4.26490e-08-2.28596e-08
-1.11050e-09 2.09329e-08 4.15470e-08 5.90888e-08 7.21296e-08 7.95698e-08
 8.07267e-08 7.53915e-08 6.38517e-08 4.68813e-08 2.56952e-08 1.86975e-09
-2.27692e-08-4.62844e-08-6.67796e-08-8.25518e-08-9.22266e-08-9.48685e-08
-9.00564e-08-7.79254e-08-5.91699e-08-3.50076e-08-7.10466e-09 2.25388e-08
 5.17350e-08 7.82773e-08 1.00115e-07 1.15518e-07 1.23214e-07 1.22493e-07
 1.13265e-07 9.60746e-08 7.20754e-08 4.29486e-08 1.07834e-08-2.20828e-08
-5.32490e-08-8.04455e-08-1.01720e-07-1.15597e-07-1.21200e-07-1.18316e-07
-1.07415e-07-8.96041e-08-6.65352e-08-4.02569e-08-1.30345e-08 1.28552e-08
 3.53310e-08 5.26989e-08 6.38084e-08 6.81583e-08 6.59378e-08 5.79970e-08
 4.57477e-08 3.09999e-08 1.57490e-08 1.93234e-09-8.82014e-09-1.54150e-08
-1.74754e-08-1.54477e-08-1.06143e-08-4.99612e-09-1.14241e-09
