      10
(6e12.5)
     0.0000e+00     0.0000e+00      0  0  0.00
     512   1.00000  0.0000e+00
-3.51824e-10-6.46757e-10-8.56682e-10-9.10527e-10-7.75455e-10-4.83872e-10
-1.32636e-10 1.52479e-10 2.73144e-10 2.06727e-10 1.89112e-11-1.68196e-10
-2.36040e-10-1.25438e-10 1.40366e-10 4.73552e-10 7.65103e-10 9.27270e-10
 9.16440e-10 7.35278e-10 4.25001e-10 5.76215e-11-2.71482e-10-4.58426e-10
-4.19959e-10-1.31674e-10 3.44165e-10 8.63661e-10 1.24765e-09 1.35330e-09
 1.13555e-09 6.65220e-10 9.49560e-11-4.06973e-10-7.19406e-10-7.99332e-10
-6.75219e-10-4.17555e-10-1.08381e-10 1.76371e-10 3.72945e-10 4.35170e-10
 3.45803e-10 1.27160e-10-1.62917e-10-4.55830e-10-7.05857e-10-9.09334e-10
-1.09333e-09-1.27972e-09-1.45055e-09-1.54224e-09-1.47747e-09-1.21722e-09
-7.99605e-10-3.39165e-10 1.57017e-11 1.43750e-10-1.94078e-12-3.80933e-10
-8.84554e-10-1.37018e-09-1.69552e-09-1.74887e-09-1.47654e-09-9.04273e-10
-1.40955e-10 6.46877e-10 1.28803e-09 1.66628e-09 1.75696e-09 1.62168e-09
 1.36725e-09 1.09583e-09 8.75735e-10 7.43442e-10 7.23919e-10 8.45483e-10
 1.13456e-09 1.59472e-09 2.18713e-09 2.82726e-09 3.40027e-09 3.78642e-09
 3.88644e-09 3.64455e-09 3.07032e-09 2.25384e-09 1.35935e-09 5.85414e-10
 9.85088e-11-3.15594e-11 1.39778e-10 4.55488e-10 7.19366e-10 7.63064e-10
 4.85992e-10-1.41066e-10-1.09363e-09-2.31004e-09-3.69619e-09-5.12615e-09
-6.45324e-09-7.53512e-09-8.26181e-09-8.57350e-09-8.46651e-09-7.99648e-09
-7.28329e-09-6.50797e-09-5.88428e-09-5.59964e-09-5.74505e-09-6.26964e-09
-6.98696e-09-7.63021e-09-7.92557e-09-7.64767e-09-6.64032e-09-4.81234e-09
-2.13185e-09 1.36665e-09 5.56683e-09 1.02611e-08 1.51569e-08 1.99001e-08
 2.41109e-08 2.74304e-08 2.95740e-08 3.03822e-08 2.98496e-08 2.81143e-08
 2.54115e-08 2.20112e-08 1.81675e-08 1.40905e-08 9.93417e-09 5.78876e-09
 1.66954e-09-2.48635e-09-6.79812e-09-1.13914e-08-1.63378e-08-2.16094e-08
-2.70624e-08-3.24465e-08-3.74305e-08-4.16381e-08-4.46933e-08-4.62721e-08
-4.61528e-08-4.42521e-08-4.06374e-08-3.55144e-08-2.92046e-08-2.21180e-08
-1.47159e-08-7.44881e-09-6.76436e-10 5.40570e-09 1.07989e-08 1.56805e-08
 2.03393e-08 2.50938e-08 3.02132e-08 3.58596e-08 4.20630e-08 4.87367e-08
 5.57274e-08 6.28748e-08 7.00474e-08 7.71376e-08 8.40217e-08 9.05083e-08
 9.62873e-08 1.00873e-07 1.03539e-07 1.03258e-07 9.87233e-08 8.84829e-08
 7.12533e-08 4.63508e-08 1.41098e-08-2.39192e-08-6.50885e-08-1.06013e-07
-1.43041e-07-1.72746e-07-1.92485e-07-2.01022e-07-1.99015e-07-1.89151e-07
-1.75839e-07-1.64562e-07-1.61138e-07-1.71109e-07-1.99285e-07-2.49101e-07
-3.21351e-07-4.12117e-07-5.10364e-07-5.96265e-07-6.41600e-07-6.12996e-07
-4.77959e-07-2.12973e-07 1.87274e-07 7.01506e-07 1.27841e-06 1.84101e-06
 2.29732e-06 2.55684e-06 2.55031e-06 2.24129e-06 1.62645e-06 7.38828e-07
-3.42900e-07-1.48786e-06-2.51551e-06-3.22281e-06-3.43971e-06-3.08758e-06
-2.21853e-06-1.02409e-06 2.00501e-07 1.13961e-06 1.56893e-06 1.44749e-06
 9.38828e-07 3.40453e-07-5.92316e-08-1.24832e-07 6.88779e-08 3.04015e-07
 3.73442e-07 2.23299e-07-1.85716e-08-1.54590e-07-8.44926e-08 1.11745e-07
 2.50725e-07 2.16031e-07 6.20573e-08-5.20354e-08-3.15122e-08 6.12027e-08
 9.11546e-08 1.31839e-08-8.14507e-08-8.82257e-08-2.22169e-08 1.24511e-08
-2.98950e-08-7.97001e-08-6.27501e-08-9.33726e-09 1.38971e-09-3.21486e-08
-4.01701e-08-2.90698e-09 2.10599e-08 2.05481e-09-1.30763e-08 6.43533e-09
 2.11863e-08 3.72903e-09-1.04265e-08 3.92008e-10 3.44016e-09-1.38930e-08
-2.05101e-08-1.31421e-08-1.74462e-08-2.55460e-08-1.92077e-08-1.23974e-08
-1.16287e-08-3.88834e-09 6.29943e-09 1.14605e-08 1.71725e-08 2.22071e-08
 2.28569e-08 2.12521e-08 1.74619e-08 1.09758e-08 3.19283e-09-4.91626e-09
-1.24094e-08-1.80575e-08-2.09710e-08-2.06733e-08-1.71532e-08-1.09508e-08
-3.05898e-09 5.24781e-09 1.26133e-08 1.78342e-08 2.00781e-08 1.90522e-08
 1.50761e-08 9.01855e-09 2.12268e-09-4.24367e-09-8.85317e-09-1.08504e-08
-9.92130e-09-6.35561e-09-9.85099e-10 4.99387e-09 1.02755e-08 1.37119e-08
 1.45457e-08 1.25666e-08 8.16297e-09 2.24343e-09-3.96959e-09-9.22336e-09
-1.25221e-08-1.33408e-08-1.17224e-08-8.24878e-09-3.89407e-09 2.09551e-10
 3.04789e-09 3.97580e-09 2.87470e-09 1.71176e-10-3.28709e-09-6.46173e-09
-8.39752e-09-8.46961e-09-6.54402e-09-3.00877e-09 1.33572e-09 5.49725e-09
 8.56401e-09 9.95246e-09 9.55741e-09 7.76008e-09 5.29605e-09 3.02716e-09
 1.68446e-09 1.65158e-09 2.84906e-09 4.75757e-09 6.57813e-09 7.48397e-09
 6.88779e-09 4.63985e-09 1.08967e-09-3.01661e-09-6.77321e-09-9.40093e-09
-1.04829e-08-1.00776e-08-8.68401e-09-7.07386e-09-6.03640e-09-6.10793e-09
-7.37669e-09-9.43644e-09-1.15102e-08-1.27044e-08-1.23105e-08-1.00566e-08
-6.21881e-09-1.54385e-09 2.99613e-09 6.52419e-09 8.53735e-09 9.04463e-09
 8.52039e-09 7.69823e-09 7.28652e-09 7.70985e-09 8.96463e-09 1.06284e-08
 1.20113e-08 1.24032e-08 1.13430e-08 8.81401e-09 5.27482e-09 1.49999e-09
-1.71298e-09-3.84656e-09-4.84294e-09-5.08297e-09-5.17847e-09-5.67176e-09
-6.77286e-09-8.24578e-09-9.48891e-09-9.77277e-09-8.54071e-09-5.65615e-09
-1.49473e-09 3.16087e-09 7.37798e-09 1.03759e-08 1.17573e-08 1.15888e-08
 1.03115e-08 8.52349e-09 6.72184e-09 5.10918e-09 3.54125e-09 1.63599e-09
-1.00476e-09-4.55857e-09-8.83567e-09-1.32863e-08-1.71560e-08-1.97206e-08
-2.05062e-08-1.94118e-08-1.66951e-08-1.28334e-08-8.32559e-09-3.52752e-09
 1.39342e-09 6.36417e-09 1.12340e-08 1.56350e-08 1.89694e-08 2.05495e-08
 1.98376e-08 1.66775e-08 1.14119e-08 4.82782e-09-2.04703e-09-8.21053e-09
-1.29041e-08-1.57037e-08-1.64758e-08-1.52617e-08-1.21834e-08-7.43044e-09
-1.32937e-09 5.55757e-09 1.23821e-08 1.80805e-08 2.15880e-08 2.21390e-08
 1.95352e-08 1.42527e-08 7.33053e-09 8.06952e-11-6.26222e-09-1.08152e-08
-1.31507e-08-1.32316e-08-1.12674e-08-7.60267e-09-2.69737e-09 2.82346e-09
 8.13209e-09 1.22552e-08 1.42593e-08 1.35233e-08 9.99228e-09 4.28985e-09
-2.38696e-09-8.57978e-09-1.29846e-08-1.48113e-08-1.39491e-08-1.08918e-08
-6.49251e-09-1.68530e-09 2.70303e-09 6.01507e-09 7.75318e-09 7.59029e-09
 5.45395e-09 1.65080e-09-3.06760e-09-7.59346e-09-1.07298e-08-1.15625e-08
-9.79352e-09-5.88315e-09-9.17829e-10 3.75572e-09 6.97645e-09 8.10720e-09
 7.14201e-09 4.58216e-09 1.18949e-09-2.24353e-09-5.02661e-09-6.61917e-09
-6.66087e-09-5.04110e-09-1.99825e-09 1.82796e-09 5.48314e-09 7.95655e-09
 8.53677e-09 7.10417e-09 4.20128e-09 8.24265e-10-1.97645e-09-3.49624e-09
-3.59304e-09-2.64259e-09-1.28889e-09-1.35812e-10 4.74425e-10 5.27668e-10
 2.80081e-10 6.34220e-11
     0.0000e+00     0.0000e+00      0  0  0.00
     512   1.00000  0.0000e+00
 9.03279e-11-2.98531e-10-6.95842e-10-1.03374e-09-1.25202e-09-1.31335e-09
-1.20839e-09-9.53380e-10-5.85586e-10-1.59521e-10 2.57107e-10 5.91144e-10
 7.78618e-10 7.84149e-10 6.15945e-10 3.25943e-10-7.45166e-12-3.05407e-10
-5.10555e-10-5.96648e-10-5.64962e-10-4.32381e-10-2.20456e-10 4.69371e-11
 3.37993e-10 6.07700e-10 8.01287e-10 8.68478e-10 7.82256e-10 5.51030e-10
 2.16913e-10-1.57356e-10-5.03791e-10-7.60049e-10-8.75782e-10-8.18489e-10
-5.82161e-10-1.97531e-10 2.62859e-10 6.93409e-10 9.81016e-10 1.04052e-09
 8.45472e-10 4.39411e-10-7.85860e-11-5.87022e-10-9.77002e-10-1.17462e-09
-1.14822e-09-9.07391e-10-4.99420e-10-3.27532e-12 4.81988e-10 8.56089e-10
 1.04083e-09 1.00011e-09 7.48279e-10 3.43401e-10-1.31099e-10-5.87551e-10
-9.48781e-10-1.15298e-09-1.15481e-09-9.32485e-10-5.02397e-10 6.97360e-11
 6.73549e-10 1.17765e-09 1.46421e-09 1.46150e-09 1.16335e-09 6.31139e-10
-2.00928e-11-6.47312e-10-1.11135e-09-1.30750e-09-1.18793e-09-7.72004e-10
-1.42634e-10 5.72104e-10 1.22916e-09 1.70267e-09 1.90661e-09 1.80427e-09
 1.40911e-09 7.83008e-10 3.15486e-11-7.08585e-10-1.29404e-09-1.60649e-09
-1.58026e-09-1.21652e-09-5.83185e-10 1.94919e-10 9.53703e-10 1.51668e-09
 1.73005e-09 1.50038e-09 8.25248e-10-1.95420e-10-1.37673e-09-2.49293e-09
-3.33277e-09-3.74587e-09-3.66611e-09-3.11204e-09-2.17673e-09-1.01848e-09
 1.49689e-10 1.08478e-09 1.55969e-09 1.42037e-09 6.34146e-10-6.86913e-10
-2.29378e-09-3.83794e-09-4.93193e-09-5.22399e-09-4.47484e-09-2.62152e-09
 1.86614e-10 3.58982e-09 7.06146e-09 9.99055e-09 1.17919e-08 1.20244e-08
 1.04960e-08 7.33616e-09 3.01858e-09-1.68633e-09-5.84124e-09-8.54589e-09
-9.17718e-09-7.58981e-09-4.18065e-09 2.27924e-10 4.62883e-09 8.09485e-09
 9.99776e-09 1.01392e-08 8.75924e-09 6.41890e-09 3.79924e-09 1.48606e-09
-1.94108e-10-1.24044e-09-1.92955e-09-2.67092e-09-3.81365e-09-5.47289e-09
-7.45690e-09-9.34178e-09-1.06487e-08-1.10179e-08-1.03117e-08-8.63833e-09
-6.30936e-09-3.75113e-09-1.40022e-09 3.87056e-10 1.39704e-09 1.58839e-09
 1.08584e-09 1.37480e-10-9.55493e-10-1.91632e-09-2.55084e-09-2.76774e-09
-2.56433e-09-1.99998e-09-1.17726e-09-2.31146e-10 6.90777e-10 1.46854e-09
 2.05923e-09 2.52932e-09 3.05056e-09 3.85680e-09 5.17100e-09 7.11699e-09
 9.63319e-09 1.24151e-08 1.49507e-08 1.67017e-08 1.73042e-08 1.65831e-08
 1.44596e-08 1.09926e-08 6.51626e-09 1.70142e-09-2.50569e-09-5.06617e-09
-5.09005e-09-1.99831e-09 4.43228e-09 1.40211e-08 2.60072e-08 3.87369e-08
 4.93531e-08 5.37424e-08 4.69956e-08 2.44723e-08-1.66880e-08-7.59836e-08
-1.48296e-07-2.23188e-07-2.84949e-07-3.14537e-07-2.95527e-07-2.22380e-07
-1.03476e-07 4.31055e-08 1.93806e-07 3.25504e-07 4.26519e-07 4.94698e-07
 5.18747e-07 4.75773e-07 3.51651e-07 1.54031e-07-8.73388e-08-3.23593e-07
-4.98643e-07-5.66542e-07-5.03765e-07-3.20244e-07-7.08885e-08 1.52954e-07
 2.66839e-07 2.41638e-07 1.17039e-07-2.30539e-08-9.70196e-08-7.31226e-08
 1.19954e-08 8.19646e-08 7.91194e-08 9.08699e-09-6.54929e-08-8.00653e-08
-2.60501e-08 4.24124e-08 6.21722e-08 2.36578e-08-2.27087e-08-2.44610e-08
 1.43513e-08 4.17091e-08 2.34509e-08-1.50099e-08-2.45536e-08 1.67704e-09
 2.20814e-08 8.26705e-09-1.51291e-08-1.10467e-08 1.23719e-08 1.75737e-08
-3.98501e-10-8.83175e-09 4.33209e-09 1.17157e-08-1.37653e-09-1.13243e-08
-3.03795e-09 2.88839e-09-6.25257e-09-1.12181e-08-3.13612e-09-3.16304e-10
-6.46582e-09-4.93905e-09 1.97090e-09 1.00991e-09-6.78821e-10 3.64266e-09
 4.58446e-09 2.23434e-09 3.03278e-09 2.93083e-09 7.98258e-10 1.35764e-10
-4.38300e-10-1.52682e-09-1.94406e-09-2.16299e-09-2.35435e-09-2.23945e-09
-1.93043e-09-1.46393e-09-8.25905e-10-9.93829e-11 6.31611e-10 1.29285e-09
 1.79345e-09 2.04224e-09 1.96084e-09 1.52687e-09 8.16325e-10-2.11294e-11
-8.18244e-10-1.44191e-09-1.80070e-09-1.82075e-09-1.45579e-09-7.21809e-10
 2.72042e-10 1.33367e-09 2.25220e-09 2.86305e-09 3.08359e-09 2.91288e-09
 2.41443e-09 1.70417e-09 9.36697e-10 2.81783e-10-1.16713e-10-1.85630e-10
 5.17863e-11 4.82445e-10 9.41787e-10 1.26162e-09 1.31239e-09 1.03625e-09
 4.64041e-10-2.93538e-10-1.07890e-09-1.73190e-09-2.13450e-09-2.24655e-09
-2.11780e-09-1.86677e-09-1.63984e-09-1.57081e-09-1.74382e-09-2.15996e-09
-2.72104e-09-3.24654e-09-3.52805e-09-3.40445e-09-2.82228e-09-1.85536e-09
-6.85709e-10 4.36860e-10 1.25137e-09 1.56093e-09 1.30487e-09 5.85871e-10
-3.62096e-10-1.24043e-09-1.76126e-09-1.72352e-09-1.07839e-09 4.36331e-11
 1.36235e-09 2.52261e-09 3.19183e-09 3.16138e-09 2.41841e-09 1.14996e-09
-3.23132e-10-1.64458e-09-2.51770e-09-2.77750e-09-2.42174e-09-1.59520e-09
-5.40139e-10 4.71254e-10 1.21022e-09 1.55349e-09 1.51473e-09 1.23065e-09
 8.99868e-10 6.98572e-10 7.16223e-10 9.42079e-10 1.30028e-09 1.70772e-09
 2.12215e-09 2.55526e-09 3.04567e-09 3.61240e-09 4.22082e-09 4.77889e-09
 5.15912e-09 5.23175e-09 4.89876e-09 4.12608e-09 2.97144e-09 1.59421e-09
 2.28472e-10-8.81606e-10-1.55835e-09-1.74758e-09-1.53674e-09-1.12495e-09
-7.49429e-10-5.97160e-10-7.40732e-10-1.12342e-09-1.59686e-09-1.99315e-09
-2.19623e-09-2.17991e-09-2.00005e-09-1.74919e-09-1.49655e-09-1.24689e-09
-9.46334e-10-5.33530e-10-5.77977e-12 5.34746e-10 8.81144e-10 7.83935e-10
 6.23775e-11-1.28772e-09-3.05060e-09-4.83700e-09-6.20343e-09-6.80032e-09
-6.48698e-09-5.36138e-09-3.70162e-09-1.86212e-09-1.68749e-10 1.16030e-09
 2.04619e-09 2.52138e-09 2.65928e-09 2.50732e-09 2.06336e-09 1.30090e-09
 2.20724e-10-1.09522e-09-2.45217e-09-3.56537e-09-4.15056e-09-4.04309e-09
-3.27402e-09-2.05654e-09-6.97109e-10 5.15907e-10 1.39986e-09 1.91635e-09
 2.14990e-09 2.23782e-09 2.29040e-09 2.34529e-09 2.37471e-09 2.32945e-09
 2.18587e-09 1.97251e-09 1.77098e-09 1.68856e-09 1.80279e-09 2.10293e-09
 2.47367e-09 2.74738e-09 2.79832e-09 2.61317e-09 2.28814e-09 1.96074e-09
 1.72749e-09 1.59741e-09 1.50037e-09 1.33789e-09 1.04389e-09 6.23025e-10
 1.48685e-10-2.76510e-10-5.76706e-10-7.47548e-10-8.65398e-10-1.04843e-09
-1.38183e-09-1.85020e-09-2.32734e-09-2.63674e-09-2.64495e-09-2.32964e-09
-1.78476e-09-1.16480e-09-6.09240e-10-1.97760e-10 4.48063e-11 1.13316e-10
-1.10399e-11-3.63659e-10-9.56913e-10-1.72128e-09-2.47463e-09-2.95170e-09
-2.89127e-09-2.14924e-09-7.84562e-10 9.36787e-10 2.63273e-09 3.94201e-09
 4.63360e-09 4.64601e-09 4.06067e-09 3.04261e-09 1.78495e-09 4.76547e-10
-7.09427e-10-1.62073e-09-2.14430e-09-2.24303e-09-1.97992e-09-1.47836e-09
-8.07585e-10-2.15311e-10
     0.0000e+00     0.0000e+00      0  0  0.00
     512   1.00000  0.0000e+00
-7.79758e-11-2.45508e-10-3.94487e-10-4.99877e-10-5.51204e-10-5.55609e-10
-5.31038e-10-4.94727e-10-4.54290e-10-4.05164e-10-3.34288e-10-2.28725e-10
-8.66850e-11 7.52550e-11 2.25391e-10 3.30474e-10 3.71496e-10 3.52900e-10
 3.01231e-10 2.53912e-10 2.42547e-10 2.78188e-10 3.46154e-10 4.13577e-10
 4.45060e-10 4.17375e-10 3.27421e-10 1.91766e-10 3.72266e-11-1.13134e-10
-2.48410e-10-3.67016e-10-4.67388e-10-5.40859e-10-5.71502e-10-5.41968e-10
-4.41562e-10-2.73898e-10-6.09736e-11 1.61348e-10 3.56618e-10 5.01615e-10
 5.92330e-10 6.40615e-10 6.64934e-10 6.79731e-10 6.88281e-10 6.83334e-10
 6.55270e-10 6.00453e-10 5.22548e-10 4.27991e-10 3.20977e-10 1.99588e-10
 5.34151e-11-1.33035e-10-3.68300e-10-6.40375e-10-9.14086e-10-1.14349e-09
-1.29041e-09-1.33766e-09-1.29251e-09-1.18200e-09-1.04189e-09-9.02990e-10
-7.82013e-10-6.81911e-10-5.97349e-10-5.18254e-10-4.30441e-10-3.16081e-10
-1.54353e-10 7.67679e-11 3.92397e-10 7.85205e-10 1.21354e-09 1.60637e-09
 1.88365e-09 1.97862e-09 1.85363e-09 1.51035e-09 9.94347e-10 3.89125e-10
-2.00474e-10-6.66660e-10-9.11948e-10-8.61332e-10-4.79307e-10 2.13201e-10
 1.13321e-09 2.14592e-09 3.08788e-09 3.79905e-09 4.15689e-09 4.09917e-09
 3.62600e-09 2.78695e-09 1.66598e-09 3.67418e-10-9.99832e-10-2.33637e-09
-3.55829e-09-4.59932e-09-5.41859e-09-6.01041e-09-6.40163e-09-6.63416e-09
-6.74960e-09-6.78981e-09-6.80594e-09-6.85971e-09-7.01389e-09-7.31820e-09
-7.79090e-09-8.39614e-09-9.02852e-09-9.51946e-09-9.66325e-09-9.24927e-09
-8.09404e-09-6.07459e-09-3.15820e-09 5.80605e-10 4.95862e-09 9.69778e-09
 1.44594e-08 1.88986e-08 2.27208e-08 2.57138e-08 2.77514e-08 2.87866e-08
 2.88421e-08 2.79909e-08 2.63208e-08 2.39047e-08 2.07933e-08 1.70263e-08
 1.26489e-08 7.73697e-09 2.43533e-09-3.01647e-09-8.29901e-09-1.30617e-08
-1.69768e-08-1.97828e-08-2.13195e-08-2.15468e-08-2.05398e-08-1.84664e-08
-1.55669e-08-1.21429e-08-8.54471e-09-5.14386e-09-2.29929e-09-3.20066e-10
 5.79642e-10 3.28183e-10-9.74295e-10-3.05911e-09-5.52537e-09-7.91294e-09
-9.81501e-09-1.10078e-08-1.15567e-08-1.18737e-08-1.27271e-08-1.51862e-08
-2.04677e-08-2.96701e-08-4.34205e-08-6.14717e-08-8.23008e-08-1.02809e-07
-1.18266e-07-1.22652e-07-1.09457e-07-7.29969e-08-1.01742e-08 7.74915e-08
 1.81959e-07 2.87932e-07 3.75218e-07 4.24125e-07 4.20894e-07 3.60771e-07
 2.48481e-07 9.78334e-08-6.79874e-08-2.18641e-07-3.24421e-07-3.66774e-07
-3.46363e-07-2.83881e-07-2.11014e-07-1.54837e-07-1.24525e-07-1.09144e-07
-8.86516e-08-5.12972e-08-4.53158e-09 3.03844e-08 3.64285e-08 1.58921e-08
-1.11017e-08-2.32378e-08-1.38122e-08 8.31509e-09 2.80066e-08 2.89117e-08
-3.33194e-09-6.59898e-08-1.25326e-07-1.33240e-07-6.33042e-08 7.89719e-08
 2.78053e-07 5.16769e-07 7.57949e-07 9.43564e-07 1.01785e-06 9.36899e-07
 6.73951e-07 2.40500e-07-3.05157e-07-8.71121e-07-1.34593e-06-1.61958e-06
-1.61840e-06-1.33396e-06-8.31184e-07-2.33765e-07 3.12212e-07 6.87104e-07
 8.37503e-07 7.88020e-07 6.20755e-07 4.32065e-07 2.87462e-07 1.99288e-07
 1.38959e-07 7.20913e-08-9.89493e-09-8.47912e-08-1.23549e-07-1.18751e-07
-8.97918e-08-6.27471e-08-4.84955e-08-4.11768e-08-3.22580e-08-2.02550e-08
-9.02114e-09-2.01887e-09 6.95468e-10 1.85240e-09 3.55363e-09 5.07409e-09
 5.42891e-09 5.46978e-09 5.49275e-09 4.62424e-09 3.53900e-09 3.17614e-09
 2.27621e-09 5.03171e-10-4.89994e-10-1.12127e-09-2.69442e-09-3.99847e-09
-4.51111e-09-5.56077e-09-6.67050e-09-7.05454e-09-7.61311e-09-8.12974e-09
-7.91895e-09-7.59578e-09-6.97936e-09-5.68522e-09-4.33591e-09-2.77895e-09
-9.14154e-10 6.59547e-10 2.15091e-09 3.48921e-09 4.24607e-09 4.73774e-09
 4.84227e-09 4.45351e-09 3.98068e-09 3.30172e-09 2.56661e-09 2.05503e-09
 1.58231e-09 1.33097e-09 1.28633e-09 1.27184e-09 1.39178e-09 1.42190e-09
 1.30189e-09 1.04668e-09 5.07685e-10-1.76975e-10-9.79885e-10-1.80251e-09
-2.46025e-09-2.93078e-09-3.07679e-09-2.88325e-09-2.36285e-09-1.54728e-09
-5.90666e-10 4.21096e-10 1.36136e-09 2.14868e-09 2.73291e-09 3.08065e-09
 3.23883e-09 3.27149e-09 3.29102e-09 3.38381e-09 3.57240e-09 3.81864e-09
 4.05232e-09 4.21874e-09 4.25819e-09 4.09497e-09 3.63872e-09 2.83447e-09
 1.71586e-09 4.11149e-10-9.09403e-10-2.11364e-09-3.13861e-09-3.95956e-09
-4.54662e-09-4.86577e-09-4.92397e-09-4.80298e-09-4.62438e-09-4.46972e-09
-4.33693e-09-4.16313e-09-3.88214e-09-3.47107e-09-2.94996e-09-2.33872e-09
-1.62936e-09-8.14901e-10 6.05991e-11 8.97350e-10 1.59230e-09 2.09377e-09
 2.40640e-09 2.55541e-09 2.55299e-09 2.38966e-09 2.05093e-09 1.54387e-09
 9.06489e-10 1.90985e-10-5.59696e-10-1.31510e-09-2.03424e-09-2.65185e-09
-3.10291e-09-3.35300e-09-3.40546e-09-3.29889e-09-3.09290e-09-2.83755e-09
-2.55463e-09-2.24073e-09-1.87389e-09-1.41842e-09-8.31171e-10-7.33192e-11
 8.68859e-10 1.96690e-09 3.14996e-09 4.31529e-09 5.34541e-09 6.13492e-09
 6.61131e-09 6.73636e-09 6.50436e-09 5.94527e-09 5.11971e-09 4.11082e-09
 3.02129e-09 1.96350e-09 1.04010e-09 3.27264e-10-1.34234e-10-3.43732e-10
-3.47648e-10-2.45341e-10-1.79323e-10-3.06200e-10-7.56899e-10-1.59190e-09
-2.76586e-09-4.12593e-09-5.44225e-09-6.44425e-09-6.86121e-09-6.48268e-09
-5.22559e-09-3.17884e-09-6.09342e-10 2.07372e-09 4.38462e-09 5.83702e-09
 6.01891e-09 4.66778e-09 1.75166e-09-2.46333e-09-7.41014e-09-1.23090e-08
-1.63110e-08-1.86462e-08-1.87562e-08-1.64028e-08-1.17461e-08-5.36675e-09
 1.80324e-09 8.66249e-09 1.41905e-08 1.76671e-08 1.87841e-08 1.76502e-08
 1.47344e-08 1.07658e-08 6.59336e-09 3.00604e-09 5.44209e-10-6.23032e-10
-6.90495e-10-8.62789e-11 7.05887e-10 1.28693e-09 1.41836e-09 1.05718e-09
 3.59386e-10-3.62693e-10-7.36939e-10-4.73408e-10 4.96591e-10 1.96755e-09
 3.52902e-09 4.71086e-09 5.13388e-09 4.61365e-09 3.19738e-09 1.14584e-09
-1.12744e-09-3.16077e-09-4.57458e-09-5.18264e-09-5.03556e-09-4.37182e-09
-3.50155e-09-2.68287e-09-2.03993e-09-1.55054e-09-1.10176e-09-5.72121e-10
 9.96374e-11 8.72073e-10 1.59840e-09 2.07495e-09 2.12014e-09 1.65181e-09
 7.38376e-10-4.01957e-10-1.46477e-09-2.16399e-09-2.33821e-09-2.01543e-09
-1.40389e-09-8.12623e-10-5.38119e-10-7.59128e-10-1.47176e-09-2.48396e-09
-3.47619e-09-4.11458e-09-4.17118e-09-3.59987e-09-2.54513e-09-1.28214e-09
-1.03600e-10 7.94342e-10 1.36752e-09 1.70568e-09 1.96247e-09 2.26521e-09
 2.64628e-09 3.02659e-09 3.25201e-09 3.16851e-09 2.70521e-09 1.91502e-09
 9.50652e-10 4.55713e-12-7.53156e-10-1.21935e-09-1.36560e-09-1.20247e-09
-7.26322e-10-2.03523e-10
     0.0000e+00     0.0000e+00      0  0  0.00
     512   1.00000  0.0000e+00
 3.81625e-10 4.90734e-11-3.19250e-10-6.61553e-10-9.13776e-10-1.02568e-09
-9.75596e-10-7.78421e-10-4.80918e-10-1.46967e-10 1.59687e-10 3.89468e-10
 5.13835e-10 5.24673e-10 4.30143e-10 2.50092e-10 1.24596e-11-2.47452e-10
-4.86139e-10-6.54788e-10-7.08841e-10-6.21413e-10-3.95188e-10-6.79946e-11
 2.91735e-10 6.00957e-10 7.85511e-10 8.01929e-10 6.48619e-10 3.63686e-10
 1.26883e-11-3.29275e-10-5.96173e-10-7.43607e-10-7.51707e-10-6.21811e-10
-3.72894e-10-4.07188e-11 3.21911e-10 6.48845e-10 8.71004e-10 9.31241e-10
 8.00654e-10 4.92756e-10 6.70831e-11-3.84080e-10-7.60821e-10-9.81640e-10
-1.00298e-09-8.27819e-10-5.00218e-10-8.84081e-11 3.33145e-10 6.94069e-10
 9.33072e-10 1.00446e-09 8.87150e-10 5.92609e-10 1.68846e-10-3.02450e-10
-7.18671e-10-9.79279e-10-1.01402e-09-8.05511e-10-3.95088e-10 1.30321e-10
 6.62348e-10 1.09700e-09 1.35562e-09 1.39574e-09 1.21096e-09 8.26859e-10
 3.00231e-10-2.82468e-10-8.16158e-10-1.19777e-09-1.34950e-09-1.23972e-09
-8.96827e-10-4.07564e-10 1.05170e-10 5.16674e-10 7.30801e-10 6.96398e-10
 4.10884e-10-8.35019e-11-7.07279e-10-1.35455e-09-1.90674e-09-2.24912e-09
-2.29223e-09-1.99819e-09-1.40129e-09-6.08092e-10 2.25432e-10 9.29957e-10
 1.36148e-09 1.43459e-09 1.14008e-09 5.42526e-10-2.32440e-10-1.01079e-09
-1.58816e-09-1.76435e-09-1.39101e-09-4.16271e-10 1.08833e-09 2.92587e-09
 4.80128e-09 6.37732e-09 7.34821e-09 7.50913e-09 6.80198e-09 5.33343e-09
 3.37029e-09 1.30986e-09-3.83221e-10-1.26970e-09-1.03939e-09 3.94605e-10
 2.83336e-09 5.78870e-09 8.55293e-09 1.03255e-08 1.03653e-08 8.14347e-09
 3.48019e-09-3.36528e-09-1.16781e-08-2.03607e-08-2.80969e-08-3.35958e-08
-3.58856e-08-3.45691e-08-2.99239e-08-2.27855e-08-1.42847e-08-5.56531e-09
 2.44199e-09 9.15784e-09 1.43818e-08 1.82123e-08 2.09041e-08 2.27175e-08
 2.37912e-08 2.40714e-08 2.33344e-08 2.13138e-08 1.78884e-08 1.32451e-08
 7.92276e-09 2.69529e-09-1.65355e-09-4.54997e-09-5.76018e-09-5.41017e-09
-3.91646e-09-1.86714e-09 1.13338e-10 1.49783e-09 1.96581e-09 1.45722e-09
 1.65374e-10-1.50910e-09-3.03176e-09-3.83495e-09-3.43167e-09-1.52543e-09
 1.88324e-09 6.39388e-09 1.11414e-08 1.48290e-08 1.58901e-08 1.27636e-08
 4.24797e-09-1.00865e-08-2.94744e-08-5.16186e-08-7.25594e-08-8.68528e-08
-8.81474e-08-7.09135e-08-3.47341e-08 1.21410e-08 5.75588e-08 9.40644e-08
 1.18434e-07 1.26357e-07 1.13418e-07 7.90576e-08 2.89332e-08-2.40113e-08
-6.31810e-08-7.72472e-08-6.72246e-08-4.56280e-08-2.82986e-08-2.40668e-08
-2.90402e-08-3.00827e-08-1.57342e-08 1.29540e-08 4.10860e-08 5.13224e-08
 3.76574e-08 7.99781e-09-2.40131e-08-4.71591e-08-5.45152e-08-4.18958e-08
-1.06940e-08 2.58500e-08 4.99982e-08 6.09433e-08 7.57122e-08 1.00872e-07
 1.21123e-07 1.22609e-07 1.04339e-07 6.19353e-08-1.20268e-08-1.10416e-07
-2.14947e-07-3.04854e-07-3.52021e-07-3.28865e-07-2.26738e-07-5.96706e-08
 1.38784e-07 3.18257e-07 4.24899e-07 4.22358e-07 3.07935e-07 1.18709e-07
-7.72228e-08-2.07650e-07-2.30881e-07-1.58004e-07-4.82520e-08 2.47401e-08
 2.07447e-08-3.78175e-08-8.32720e-08-6.12963e-08 1.55200e-08 7.59731e-08
 6.48340e-08 6.46584e-09-2.53765e-08-1.94234e-09 2.87764e-08 1.97203e-08
-7.88630e-09-1.09571e-08 3.42210e-09 3.86459e-09-4.72232e-09-1.77957e-09
 4.18297e-09 1.95140e-10-2.69074e-09 1.17394e-09 4.29941e-10-3.68644e-09
-2.15315e-09-7.58126e-10-3.24931e-09-2.28696e-09 3.06249e-10-5.83669e-10
-3.15552e-11 2.15456e-09 1.33035e-09 8.67659e-10 1.74172e-09 3.54764e-10
-6.45201e-10-3.34553e-10-1.47229e-09-1.84399e-09-1.10965e-09-1.40170e-09
-8.11929e-10 2.71141e-10 3.38839e-10 1.02244e-09 1.41405e-09 8.74170e-10
 7.92494e-10 1.64178e-10-7.20544e-10-9.90387e-10-1.57012e-09-1.70704e-09
-1.34203e-09-1.09575e-09-2.78810e-10 5.20582e-10 1.17170e-09 1.93504e-09
 2.16216e-09 2.18896e-09 1.94985e-09 1.37423e-09 9.00914e-10 3.33581e-10
-2.29922e-11-9.72628e-11 2.38312e-11 5.25335e-10 1.16328e-09 1.90593e-09
 2.58577e-09 3.04449e-09 3.27079e-09 3.12009e-09 2.65347e-09 1.90319e-09
 1.00291e-09 1.45813e-10-5.50310e-10-1.01414e-09-1.28274e-09-1.34971e-09
-1.22043e-09-9.52643e-10-6.74839e-10-5.68092e-10-7.68354e-10-1.29006e-09
-2.00527e-09-2.76898e-09-3.51253e-09-4.21003e-09-4.79443e-09-5.13293e-09
-5.09002e-09-4.63206e-09-3.88172e-09-3.04891e-09-2.29985e-09-1.68878e-09
-1.21558e-09-9.23113e-10-8.91952e-10-1.14623e-09-1.59220e-09-2.03887e-09
-2.29227e-09-2.25962e-09-1.95859e-09-1.44627e-09-7.68709e-10 3.59665e-11
 8.90642e-10 1.64248e-09 2.11723e-09 2.22162e-09 1.98121e-09 1.50547e-09
 9.29711e-10 3.70671e-10-7.40240e-11-3.06866e-10-2.43759e-10 1.49956e-10
 8.32953e-10 1.68063e-09 2.51969e-09 3.19866e-09 3.62845e-09 3.77412e-09
 3.64618e-09 3.30220e-09 2.84103e-09 2.39129e-09 2.09043e-09 2.05420e-09
 2.34553e-09 2.95002e-09 3.78158e-09 4.71694e-09 5.61667e-09 6.33927e-09
 6.77275e-09 6.85097e-09 6.54966e-09 5.90073e-09 4.99976e-09 3.97448e-09
 2.95680e-09 2.07257e-09 1.41044e-09 9.91629e-10 7.79628e-10 6.97560e-10
 6.38830e-10 4.95892e-10 1.86856e-10-3.41402e-10-1.10418e-09-2.05809e-09
-3.10492e-09-4.12617e-09-5.01731e-09-5.70816e-09-6.16853e-09-6.38825e-09
-6.35306e-09-6.06250e-09-5.56618e-09-4.95011e-09-4.28650e-09-3.61259e-09
-2.94708e-09-2.31979e-09-1.80255e-09-1.50127e-09-1.48422e-09-1.72718e-09
-2.15274e-09-2.69500e-09-3.30140e-09-3.89949e-09-4.37497e-09-4.58136e-09
-4.41144e-09-3.88573e-09-3.15115e-09-2.38693e-09-1.71769e-09-1.20157e-09
-8.74503e-10-7.73463e-10-9.00459e-10-1.17013e-09-1.40003e-09-1.38349e-09
-1.02138e-09-3.90843e-10 3.18118e-10 9.13069e-10 1.26615e-09 1.32315e-09
 1.07844e-09 5.76728e-10-3.58962e-11-4.90506e-10-4.70487e-10 2.43667e-10
 1.65294e-09 3.53478e-09 5.54240e-09 7.31145e-09 8.53190e-09 8.99570e-09
 8.62420e-09 7.49705e-09 5.87237e-09 4.13479e-09 2.67284e-09 1.75923e-09
 1.47883e-09 1.72510e-09 2.26665e-09 2.83622e-09 3.19854e-09 3.19226e-09
 2.74839e-09 1.89410e-09 7.46463e-10-5.23609e-10-1.75101e-09-2.81830e-09
-3.66315e-09-4.25642e-09-4.56338e-09-4.53076e-09-4.11731e-09-3.33174e-09
-2.26154e-09-1.09118e-09-7.56306e-11 5.32699e-10 5.58670e-10-3.87163e-11
-1.13467e-09-2.45371e-09-3.63097e-09-4.30657e-09-4.23822e-09-3.38329e-09
-1.90859e-09-1.38319e-10 1.53820e-09 2.78025e-09 3.38773e-09 3.33585e-09
 2.75179e-09 1.85218e-09 8.72146e-10 1.08739e-11-6.03856e-10-9.27184e-10
-9.77159e-10-8.05034e-10-4.82630e-10-1.03012e-10 2.20945e-10 3.74065e-10
 2.83884e-10 8.67315e-11
     0.0000e+00     0.0000e+00      0  0  0.00
     512   1.00000  0.0000e+00
-5.38719e-10-2.67303e-10 3.53978e-11 3.21113e-10 5.48015e-10 6.90752e-10
 7.41273e-10 7.04037e-10 5.92272e-10 4.26060e-10 2.28573e-10 2.19531e-11
-1.72161e-10-3.29636e-10-4.26471e-10-4.48346e-10-3.99058e-10-3.01278e-10
-1.90198e-10-1.03308e-10-6.87258e-11-9.53636e-11-1.69450e-10-2.59859e-10
-3.28922e-10-3.42712e-10-2.79438e-10-1.36025e-10 7.24700e-11 3.22099e-10
 5.87856e-10 8.42597e-10 1.05327e-09 1.18373e-09 1.20413e-09 1.09943e-09
 8.72304e-10 5.43952e-10 1.55345e-10-2.37703e-10-5.78777e-10-8.26241e-10
-9.61403e-10-9.88858e-10-9.31333e-10-8.21163e-10-6.91496e-10-5.71041e-10
-4.82723e-10-4.40660e-10-4.42917e-10-4.67883e-10-4.81373e-10-4.48409e-10
-3.39450e-10-1.32901e-10 1.76552e-10 5.66065e-10 9.84034e-10 1.36577e-09
 1.65229e-09 1.80016e-09 1.78546e-09 1.60906e-09 1.30005e-09 9.10555e-10
 5.03827e-10 1.40848e-10-1.33793e-10-3.04702e-10-3.89037e-10-4.27514e-10
-4.71811e-10-5.75433e-10-7.82440e-10-1.10842e-09-1.52494e-09-1.96376e-09
-2.33736e-09-2.55783e-09-2.54986e-09-2.26917e-09-1.72693e-09-1.00119e-09
-2.21620e-10 4.60899e-10 9.01667e-10 9.85591e-10 6.52083e-10-8.53924e-11
-1.13689e-09-2.34997e-09-3.53181e-09-4.47813e-09-5.00806e-09-4.99429e-09
-4.37813e-09-3.17428e-09-1.47153e-09 5.78517e-10 2.79230e-09 4.98993e-09
 7.01232e-09 8.72259e-09 1.00166e-08 1.08464e-08 1.12317e-08 1.12479e-08
 1.10092e-08 1.06639e-08 1.03857e-08 1.03411e-08 1.06466e-08 1.13395e-08
 1.23644e-08 1.35625e-08 1.46669e-08 1.53250e-08 1.51498e-08 1.37841e-08
 1.09646e-08 6.57985e-09 7.07572e-10-6.38354e-09-1.42620e-08-2.23783e-08
-3.01273e-08-3.69322e-08-4.23275e-08-4.60060e-08-4.78301e-08-4.78308e-08
-4.62000e-08-4.32433e-08-3.92905e-08-3.46114e-08-2.93771e-08-2.36604e-08
-1.74514e-08-1.06970e-08-3.37892e-09 4.40687e-09 1.24199e-08 2.02968e-08
 2.75922e-08 3.38273e-08 3.85615e-08 4.14733e-08 4.24116e-08 4.14022e-08
 3.86412e-08 3.44905e-08 2.94621e-08 2.41728e-08 1.92722e-08 1.53516e-08
 1.28410e-08 1.19223e-08 1.24918e-08 1.41782e-08 1.63977e-08 1.84502e-08
 1.96672e-08 1.95986e-08 1.81851e-08 1.58844e-08 1.37370e-08 1.33297e-08
 1.65860e-08 2.53630e-08 4.09060e-08 6.32126e-08 9.03629e-08 1.17967e-07
 1.38986e-07 1.44177e-07 1.23276e-07 6.69910e-08-3.02732e-08-1.67204e-07
-3.32472e-07-5.02638e-07-6.43432e-07-7.18045e-07-7.00719e-07-5.84717e-07
-3.79763e-07-1.09709e-07 1.84930e-07 4.50355e-07 6.33675e-07 7.01377e-07
 6.53870e-07 5.27825e-07 3.81250e-07 2.66266e-07 2.04488e-07 1.80644e-07
 1.59685e-07 1.17192e-07 6.08335e-08 2.43527e-08 3.74332e-08 9.67784e-08
 1.64950e-07 1.98897e-07 1.79813e-07 1.15842e-07 2.59421e-08-6.51604e-08
-1.28458e-07-1.57654e-07-1.91630e-07-2.82934e-07-4.44849e-07-6.48676e-07
-8.65522e-07-1.07524e-06-1.23390e-06-1.27810e-06-1.16337e-06-8.68598e-07
-3.93857e-07 2.14986e-07 8.67234e-07 1.45817e-06 1.88523e-06 2.06251e-06
 1.94890e-06 1.56525e-06 9.90309e-07 3.42043e-07-2.52757e-07-6.94722e-07
-9.37299e-07-9.89027e-07-8.96708e-07-7.20936e-07-5.15070e-07-3.16829e-07
-1.52083e-07-3.75866e-08 2.53394e-08 5.64770e-08 8.58929e-08 1.24500e-07
 1.47341e-07 1.23518e-07 6.48772e-08 2.26562e-08 2.29693e-08 3.28063e-08
 1.55855e-08-1.20469e-08-1.70050e-08-8.72725e-09-1.27978e-08-2.08569e-08
-1.64551e-08-1.10821e-08-1.40254e-08-1.26408e-08-5.27049e-09-3.57363e-09
-3.26219e-09 2.55186e-09 5.77588e-09 5.43541e-09 8.71717e-09 1.12184e-08
 1.00875e-08 1.13799e-08 1.28723e-08 1.14043e-08 1.17018e-08 1.23719e-08
 1.06222e-08 1.02002e-08 9.87007e-09 7.60013e-09 6.51576e-09 5.24035e-09
 2.66438e-09 1.38314e-09-1.65140e-10-2.15773e-09-2.76249e-09-3.70760e-09
-4.45396e-09-4.19765e-09-4.50670e-09-4.34789e-09-3.86049e-09-3.96464e-09
-3.56199e-09-3.37011e-09-3.39729e-09-2.99340e-09-2.91534e-09-2.53116e-09
-1.89278e-09-1.35409e-09-3.86234e-10 4.77146e-10 1.34800e-09 2.19187e-09
 2.61760e-09 2.90283e-09 2.76681e-09 2.30760e-09 1.58451e-09 5.34315e-10
-5.20816e-10-1.59929e-09-2.56158e-09-3.39813e-09-4.13419e-09-4.69216e-09
-5.13025e-09-5.42409e-09-5.68737e-09-6.00586e-09-6.37567e-09-6.71456e-09
-6.88641e-09-6.84095e-09-6.55645e-09-6.01718e-09-5.14491e-09-3.84517e-09
-2.12767e-09-1.61540e-10 1.80251e-09 3.58825e-09 5.14257e-09 6.46382e-09
 7.49643e-09 8.12485e-09 8.28235e-09 8.04821e-09 7.61299e-09 7.14042e-09
 6.66311e-09 6.10740e-09 5.41013e-09 4.60180e-09 3.77559e-09 2.97395e-09
 2.12198e-09 1.10827e-09-7.14159e-11-1.28248e-09-2.35252e-09-3.17409e-09
-3.71449e-09-3.95389e-09-3.83639e-09-3.28736e-09-2.27440e-09-8.61288e-10
 7.87362e-10 2.47095e-09 4.04105e-09 5.42401e-09 6.56966e-09 7.41669e-09
 7.92067e-09 8.08683e-09 7.96502e-09 7.62900e-09 7.14626e-09 6.53912e-09
 5.77487e-09 4.79788e-09 3.56831e-09 2.07426e-09 3.15298e-10-1.70988e-09
-3.98333e-09-6.43876e-09-8.95261e-09-1.13511e-08-1.34357e-08-1.50290e-08
-1.60044e-08-1.62841e-08-1.58377e-08-1.46977e-08-1.29629e-08-1.07874e-08
-8.36889e-09-5.91331e-09-3.58492e-09-1.49029e-09 3.04380e-10 1.76779e-09
 2.91529e-09 3.81740e-09 4.59889e-09 5.41815e-09 6.41306e-09 7.63635e-09
 9.02430e-09 1.04119e-08 1.15695e-08 1.22327e-08 1.21302e-08 1.10408e-08
 8.88907e-09 5.82875e-09 2.25263e-09-1.27794e-09-4.13773e-09-5.74086e-09
-5.62838e-09-3.54166e-09 4.89362e-10 6.05205e-09 1.23479e-08 1.83405e-08
 2.29741e-08 2.53543e-08 2.48726e-08 2.13005e-08 1.48661e-08 6.29231e-09
-3.26202e-09-1.24251e-08-1.99421e-08-2.49448e-08-2.70533e-08-2.63377e-08
-2.32432e-08-1.85252e-08-1.31578e-08-8.15309e-09-4.30770e-09-1.98776e-09
-1.08702e-09-1.18869e-09-1.79710e-09-2.48959e-09-2.96983e-09-3.08629e-09
-2.85856e-09-2.49293e-09-2.32528e-09-2.66241e-09-3.59513e-09-4.91823e-09
-6.22303e-09-7.08115e-09-7.18467e-09-6.39489e-09-4.73992e-09-2.40624e-09
 2.74610e-10 2.88143e-09 5.01818e-09 6.43808e-09 7.10185e-09 7.14353e-09
 6.77947e-09 6.21210e-09 5.56549e-09 4.87516e-09 4.12744e-09 3.30873e-09
 2.43712e-09 1.58134e-09 8.65498e-10 4.43654e-10 4.46070e-10 9.18718e-10
 1.77998e-09 2.81850e-09 3.74579e-09 4.29106e-09 4.30154e-09 3.80433e-09
 2.99838e-09 2.17756e-09 1.62253e-09 1.51152e-09 1.87171e-09 2.56872e-09
 3.34213e-09 3.89151e-09 3.97729e-09 3.49072e-09 2.47687e-09 1.10531e-09
-4.06788e-10-1.87614e-09-3.19113e-09-4.30399e-09-5.20073e-09-5.86518e-09
-6.25557e-09-6.30390e-09-5.93262e-09-5.09258e-09-3.81494e-09-2.23092e-09
-5.38065e-10 1.04817e-09 2.32747e-09 3.13743e-09 3.36245e-09 2.92100e-09
 1.74873e-09 4.86298e-10
     0.0000e+00     0.0000e+00      0  0  0.00
     512   1.00000  0.0000e+00
-5.03676e-10-5.21672e-10-4.99982e-10-4.30779e-10-3.10684e-10-1.44732e-10
 4.94361e-11 2.41408e-10 3.95487e-10 4.84488e-10 5.02443e-10 4.67876e-10
 4.15402e-10 3.80445e-10 3.84255e-10 4.24807e-10 4.76732e-10 5.01137e-10
 4.62461e-10 3.44613e-10 1.57783e-10-6.70938e-11-2.92409e-10-4.88853e-10
-6.42935e-10-7.53390e-10-8.21108e-10-8.41126e-10-8.02090e-10-6.92786e-10
-5.11360e-10-2.72731e-10-1.07732e-11 2.28444e-10 4.03018e-10 4.93281e-10
 5.09567e-10 4.84634e-10 4.56406e-10 4.51648e-10 4.78250e-10 5.26976e-10
 5.79064e-10 6.15182e-10 6.21259e-10 5.88814e-10 5.11410e-10 3.80978e-10
 1.87602e-10-7.46299e-11-3.96705e-10-7.45786e-10-1.06750e-09-1.30164e-09
-1.40262e-09-1.35267e-09-1.16346e-09-8.70671e-10-5.25723e-10-1.85169e-10
 1.01225e-10 2.99046e-10 3.91249e-10 3.76539e-10 2.69704e-10 1.04702e-10
-6.47474e-11-1.72794e-10-1.58325e-10 1.42060e-11 3.39139e-10 7.66556e-10
 1.21227e-09 1.57547e-09 1.75925e-09 1.69256e-09 1.35063e-09 7.65379e-10
 2.06164e-11-7.63249e-10-1.44550e-09-1.88112e-09-1.94336e-09-1.55488e-09
-7.15995e-10 4.84383e-10 1.87990e-09 3.25512e-09 4.38409e-09 5.07341e-09
 5.20151e-09 4.74301e-09 3.77065e-09 2.43538e-09 9.32935e-10-5.31997e-10
-1.77722e-09-2.67067e-09-3.15670e-09-3.27387e-09-3.14889e-09-2.96028e-09
-2.88626e-09-3.06009e-09-3.54432e-09-4.32150e-09-5.30007e-09-6.33861e-09
-7.28416e-09-8.00751e-09-8.42200e-09-8.48977e-09-8.22691e-09-7.70715e-09
-7.05157e-09-6.39783e-09-5.85913e-09-5.49059e-09-5.27458e-09-5.12386e-09
-4.89316e-09-4.39085e-09-3.39203e-09-1.66055e-09 1.01622e-09 4.78503e-09
 9.68329e-09 1.55977e-08 2.22333e-08 2.91110e-08 3.56036e-08 4.10019e-08
 4.45888e-08 4.57207e-08 4.39199e-08 3.89704e-08 3.09824e-08 2.03992e-08
 7.94903e-09-5.43799e-09-1.87344e-08-3.09309e-08-4.11432e-08-4.86916e-08
-5.31513e-08-5.43816e-08-5.25292e-08-4.79946e-08-4.13611e-08-3.33087e-08
-2.45336e-08-1.56802e-08-7.28515e-09 2.67599e-10 6.77368e-09 1.22068e-08
 1.66821e-08 2.03923e-08 2.35377e-08 2.62739e-08 2.86858e-08 3.07893e-08
 3.25644e-08 3.40120e-08 3.52104e-08 3.63432e-08 3.76920e-08 3.95905e-08
 4.23255e-08 4.59737e-08 5.02041e-08 5.41160e-08 5.61690e-08 5.42375e-08
 4.58244e-08 2.84773e-08 4.18094e-10-3.86774e-08-8.68717e-08-1.39296e-07
-1.87853e-07-2.22117e-07-2.32379e-07-2.13335e-07-1.66029e-07-9.76479e-08
-1.97331e-08 5.35159e-08 1.06762e-07 1.27573e-07 1.11764e-07 6.59957e-08
 6.20504e-09-4.79686e-08-8.08253e-08-8.66711e-08-7.09857e-08-4.56300e-08
-2.07457e-08 1.20137e-09 2.46188e-08 5.38937e-08 8.67697e-08 1.14422e-07
 1.28581e-07 1.29060e-07 1.24777e-07 1.29015e-07 1.54138e-07 2.06416e-07
 2.80451e-07 3.59471e-07 4.26516e-07 4.76254e-07 5.08717e-07 5.08064e-07
 4.40549e-07 2.80911e-07 2.61136e-08-3.13182e-07-7.09143e-07-1.10878e-06
-1.44334e-06-1.63934e-06-1.63042e-06-1.38102e-06-9.05539e-07-2.70564e-07
 4.14130e-07 1.01617e-06 1.41468e-06 1.53755e-06 1.38524e-06 1.03098e-06
 5.95087e-07 2.00556e-07-7.14783e-08-2.05556e-07-2.42927e-07-2.45391e-07
-2.54401e-07-2.70476e-07-2.66598e-07-2.22315e-07-1.47153e-07-7.37114e-08
-2.84360e-08-1.15217e-08-5.29270e-09 3.90941e-09 1.54768e-08 2.23194e-08
 2.16145e-08 1.68094e-08 1.30544e-08 1.18221e-08 1.04925e-08 7.48210e-09
 4.83616e-09 3.71338e-09 2.18472e-09 9.04504e-12-9.20824e-10-1.27563e-09
-2.50552e-09-3.27464e-09-3.10838e-09-3.54405e-09-3.97734e-09-3.44799e-09
-3.22712e-09-3.23586e-09-2.47018e-09-1.92725e-09-1.73849e-09-9.98910e-10
-5.37559e-10-4.96924e-10-1.04603e-10-7.71942e-11-3.94691e-10-3.79749e-10
-6.35866e-10-9.41157e-10-8.27679e-10-8.64459e-10-7.14081e-10-2.14061e-10
 1.59998e-10 8.06017e-10 1.57018e-09 2.13540e-09 2.83327e-09 3.33205e-09
 3.61533e-09 3.88280e-09 3.83069e-09 3.70038e-09 3.51177e-09 3.14714e-09
 2.84330e-09 2.43318e-09 1.99637e-09 1.60011e-09 1.08860e-09 5.81308e-10
-3.67589e-11-7.60582e-10-1.53632e-09-2.41951e-09-3.27236e-09-4.08818e-09
-4.78658e-09-5.29151e-09-5.58895e-09-5.60740e-09-5.37968e-09-4.91303e-09
-4.25119e-09-3.44325e-09-2.52775e-09-1.58287e-09-6.60229e-10 2.00624e-10
 1.00998e-09 1.79516e-09 2.56848e-09 3.31519e-09 3.99888e-09 4.60093e-09
 5.11884e-09 5.54495e-09 5.83691e-09 5.92527e-09 5.75412e-09 5.31669e-09
 4.65550e-09 3.83140e-09 2.89202e-09 1.86924e-09 8.14821e-10-1.78143e-10
-1.00724e-09-1.61112e-09-1.98696e-09-2.16361e-09-2.16384e-09-1.99959e-09
-1.69344e-09-1.28829e-09-8.36837e-10-3.80602e-10 6.93826e-11 5.30334e-10
 1.02200e-09 1.54237e-09 2.06704e-09 2.56911e-09 3.02726e-09 3.40695e-09
 3.64915e-09 3.68729e-09 3.46865e-09 2.96485e-09 2.17568e-09 1.12898e-09
-1.22441e-10-1.50667e-09-2.93945e-09-4.33012e-09-5.58986e-09-6.64781e-09
-7.46439e-09-8.02673e-09-8.33885e-09-8.41980e-09-8.29853e-09-8.00287e-09
-7.55253e-09-6.95411e-09-6.20016e-09-5.27698e-09-4.17373e-09-2.89131e-09
-1.45542e-09 7.54241e-11 1.61312e-09 3.04720e-09 4.25437e-09 5.11416e-09
 5.52929e-09 5.44770e-09 4.88014e-09 3.90280e-09 2.64703e-09 1.28531e-09
 7.34646e-12-1.01749e-09-1.67490e-09-1.92886e-09-1.83555e-09-1.53755e-09
-1.22891e-09-1.10400e-09-1.31267e-09-1.92470e-09-2.89476e-09-4.03833e-09
-5.04299e-09-5.52482e-09-5.11364e-09-3.54554e-09-7.42385e-10 3.14332e-09
 7.72391e-09 1.24026e-08 1.64369e-08 1.90602e-08 1.96484e-08 1.78774e-08
 1.38146e-08 7.92798e-09 1.02262e-09-5.87857e-09-1.16914e-08-1.54551e-08
-1.65237e-08-1.47212e-08-1.03956e-08-4.33826e-09 2.39654e-09 8.69883e-09
 1.35962e-08 1.64162e-08 1.68957e-08 1.52147e-08 1.19333e-08 7.82968e-09
 3.68702e-09 1.06439e-10-2.59289e-09-4.37279e-09-5.41079e-09-6.00747e-09
-6.47404e-09-7.01934e-09-7.67413e-09-8.28234e-09-8.57427e-09-8.29526e-09
-7.32299e-09-5.72636e-09-3.75566e-09-1.77209e-09-1.43205e-10 8.62155e-10
 1.15027e-09 8.25854e-10 1.53786e-10-5.29817e-10-9.35796e-10-9.27542e-10
-5.63487e-10-5.92328e-11 3.08644e-10 3.17365e-10-1.13341e-10-8.89841e-10
-1.77436e-09-2.46340e-09-2.69556e-09-2.35275e-09-1.51232e-09-4.27846e-10
 5.57062e-10 1.13238e-09 1.13197e-09 5.88277e-10-2.83577e-10-1.16291e-09
-1.73476e-09-1.79835e-09-1.33251e-09-4.88722e-10 4.83381e-10 1.33984e-09
 1.93195e-09 2.24789e-09 2.39013e-09 2.50442e-09 2.69827e-09 2.98199e-09
 3.25859e-09 3.37048e-09 3.17944e-09 2.64186e-09 1.84653e-09 9.89675e-10
 2.90939e-10-1.02984e-10-1.76378e-10-4.63675e-11 8.73201e-11 2.82588e-11
-3.27960e-10-9.38264e-10-1.61625e-09-2.10378e-09-2.18265e-09-1.77312e-09
-9.77238e-10-2.53554e-10
     0.0000e+00     0.0000e+00      0  0  0.00
     512   1.00000  0.0000e+00
 6.46378e-10 6.20887e-10 5.33237e-10 3.90488e-10 2.15144e-10 4.15946e-11
-9.42187e-11-1.67477e-10-1.73059e-10-1.26805e-10-5.99609e-11-7.96693e-12
 3.31545e-12-3.28700e-11-1.04035e-10-1.86552e-10-2.57184e-10-3.02515e-10
-3.21687e-10-3.21945e-10-3.10939e-10-2.90498e-10-2.55080e-10-1.96316e-10
-1.11060e-10-7.60171e-12 9.35046e-11 1.65163e-10 1.85041e-10 1.47278e-10
 6.71831e-11-2.44393e-11-9.41732e-11-1.19155e-10-9.41421e-11-3.06125e-11
 4.99333e-11 1.25708e-10 1.83493e-10 2.21175e-10 2.42328e-10 2.47742e-10
 2.30959e-10 1.81342e-10 9.26074e-11-2.84816e-11-1.58848e-10-2.64901e-10
-3.15997e-10-2.97806e-10-2.17695e-10-1.01058e-10 1.79705e-11 1.08499e-10
 1.53481e-10 1.52760e-10 1.16097e-10 5.21489e-11-3.68869e-11-1.50672e-10
-2.81194e-10-4.07249e-10-4.97718e-10-5.22241e-10-4.64299e-10-3.30371e-10
-1.49938e-10 3.46160e-11 1.83237e-10 2.70374e-10 2.88966e-10 2.46769e-10
 1.58390e-10 3.82399e-11-9.94035e-11-2.32682e-10-3.25930e-10-3.35115e-10
-2.24361e-10 1.72880e-11 3.68433e-10 7.78817e-10 1.18153e-09 1.51096e-09
 1.72009e-09 1.78838e-09 1.71799e-09 1.52565e-09 1.23896e-09 8.98458e-10
 5.58650e-10 2.81002e-10 1.17911e-10 9.28405e-11 1.85875e-10 3.34516e-10
 4.52188e-10 4.55171e-10 2.84960e-10-8.01653e-11-6.23402e-10-1.29574e-09
-2.02841e-09-2.74585e-09-3.37376e-09-3.84642e-09-4.12190e-09-4.20230e-09
-4.14305e-09-4.03920e-09-3.99438e-09-4.08851e-09-4.35564e-09-4.77535e-09
-5.27741e-09-5.75708e-09-6.09283e-09-6.15955e-09-5.83870e-09-5.03219e-09
-3.68117e-09-1.78299e-09 6.02159e-10 3.35819e-09 6.33160e-09 9.35336e-09
 1.22528e-08 1.48594e-08 1.70035e-08 1.85296e-08 1.93214e-08 1.93224e-08
 1.85419e-08 1.70501e-08 1.49648e-08 1.24301e-08 9.58773e-09 6.55894e-09
 3.44006e-09 3.02953e-10-2.80850e-09-5.87481e-09-8.87766e-09-1.17660e-08
-1.44362e-08-1.67398e-08-1.85139e-08-1.96175e-08-1.99609e-08-1.95179e-08
-1.83172e-08-1.64263e-08-1.39446e-08-1.10077e-08-7.78837e-09-4.48671e-09
-1.31047e-09 1.54822e-09 3.93348e-09 5.73842e-09 6.90940e-09 7.44712e-09
 7.40539e-09 6.87820e-09 5.97000e-09 4.76924e-09 3.35331e-09 1.82605e-09
 3.62196e-10-7.64217e-10-1.17545e-09-4.20116e-10 1.94486e-09 6.22172e-09
 1.24132e-08 2.00592e-08 2.80891e-08 3.47430e-08 3.76512e-08 3.41376e-08
 2.17671e-08-1.83424e-10-2.78473e-08-5.27719e-08-6.82342e-08-7.29723e-08
-6.68883e-08-4.92283e-08-2.21037e-08 8.51866e-09 3.46159e-08 4.88000e-08
 4.79678e-08 3.50871e-08 1.76464e-08 4.05630e-09-5.83387e-10 2.85550e-09
 8.62817e-09 1.04440e-08 6.06996e-09-1.17314e-09-5.66125e-09-4.72924e-09
-6.87146e-10 2.33410e-09 2.78617e-09 2.18237e-09 2.68917e-09 7.03878e-09
 1.93827e-08 4.05265e-08 6.15465e-08 6.86473e-08 5.63233e-08 2.89574e-08
-1.15512e-08-6.81392e-08-1.35491e-07-1.98027e-07-2.40492e-07-2.47791e-07
-2.04106e-07-1.04782e-07 3.83725e-08 2.01210e-07 3.47463e-07 4.34309e-07
 4.28394e-07 3.19935e-07 1.29792e-07-9.13796e-08-2.76452e-07-3.66574e-07
-3.37093e-07-2.11290e-07-5.27948e-08 6.39823e-08 9.37106e-08 4.67770e-08
-1.80499e-08-3.57811e-08 1.30288e-08 8.31561e-08 1.04540e-07 5.34684e-08
-1.79314e-08-3.81218e-08-1.49383e-09 2.85984e-08 1.03932e-08-2.15375e-08
-1.98012e-08 1.23090e-09 2.47951e-09-9.12390e-09-6.09265e-09 2.72779e-09
-1.12834e-09-5.35285e-09 3.20608e-10 1.79709e-09-3.02099e-09-1.36723e-09
 1.92595e-09-9.68476e-10-1.27179e-09 1.96558e-09 6.40811e-10-4.05531e-10
 2.04062e-09 1.31860e-09-1.84530e-11 1.62200e-09 1.02363e-09-2.38029e-10
 9.40601e-10 3.56589e-10-5.92472e-10 4.00621e-10-1.19429e-10-5.55357e-10
 4.03797e-10-5.92696e-11-9.58835e-11 5.61917e-10-7.55696e-11-1.00328e-11
 1.45105e-10-5.68099e-10-4.39766e-10-6.78041e-10-1.17941e-09-9.67469e-10
-1.29376e-09-1.32082e-09-1.03874e-09-1.19234e-09-8.99202e-10-8.32529e-10
-9.20239e-10-7.61687e-10-9.60665e-10-9.63480e-10-9.93076e-10-1.12037e-09
-9.98102e-10-9.83485e-10-7.43334e-10-3.84975e-10-6.42025e-12 5.05723e-10
 9.33050e-10 1.42119e-09 1.84142e-09 2.17733e-09 2.47147e-09 2.66465e-09
 2.86585e-09 3.05532e-09 3.27096e-09 3.49152e-09 3.70564e-09 3.94379e-09
 4.18226e-09 4.39081e-09 4.47418e-09 4.35646e-09 4.02264e-09 3.53955e-09
 2.98439e-09 2.36902e-09 1.68287e-09 9.50073e-10 2.49080e-10-3.32581e-10
-7.64645e-10-1.09997e-09-1.41689e-09-1.75218e-09-2.08974e-09-2.39683e-09
-2.67837e-09-2.98196e-09-3.34170e-09-3.73507e-09-4.09129e-09-4.34473e-09
-4.49133e-09-4.57023e-09-4.59780e-09-4.55962e-09-4.45004e-09-4.29113e-09
-4.12739e-09-4.00191e-09-3.92833e-09-3.89314e-09-3.87212e-09-3.84035e-09
-3.78276e-09-3.68607e-09-3.52047e-09-3.25488e-09-2.88584e-09-2.43586e-09
-1.93334e-09-1.40117e-09-8.58269e-10-3.26371e-10 1.74514e-10 6.42718e-10
 1.09668e-09 1.56008e-09 2.05661e-09 2.61003e-09 3.23306e-09 3.92169e-09
 4.66365e-09 5.43661e-09 6.19971e-09 6.90304e-09 7.50353e-09 7.97208e-09
 8.29556e-09 8.47128e-09 8.49788e-09 8.37212e-09 8.09337e-09 7.66430e-09
 7.07406e-09 6.29095e-09 5.28668e-09 4.05434e-09 2.60894e-09 9.98080e-10
-6.98893e-10-2.40013e-09-4.03056e-09-5.50435e-09-6.73613e-09-7.67267e-09
-8.29636e-09-8.61650e-09-8.66834e-09-8.50168e-09-8.17751e-09-7.78784e-09
-7.44418e-09-7.22357e-09-7.13975e-09-7.15400e-09-7.18813e-09-7.13971e-09
-6.89925e-09-6.35057e-09-5.38590e-09-3.96990e-09-2.19863e-09-2.80059e-10
 1.54216e-09 3.04654e-09 4.05486e-09 4.44363e-09 4.16140e-09 3.26875e-09
 1.98132e-09 6.36774e-10-4.22100e-10-9.55576e-10-8.64277e-10-1.64254e-10
 1.04708e-09 2.59157e-09 4.21032e-09 5.61257e-09 6.56855e-09 7.00201e-09
 7.00841e-09 6.77150e-09 6.46811e-09 6.22933e-09 6.13047e-09 6.18952e-09
 6.36160e-09 6.52789e-09 6.52824e-09 6.23882e-09 5.63612e-09 4.81760e-09
 3.96006e-09 3.23277e-09 2.73474e-09 2.47413e-09 2.36704e-09 2.26062e-09
 1.97331e-09 1.33872e-09 2.66814e-10-1.19713e-09-2.86723e-09-4.47166e-09
-5.74148e-09-6.50020e-09-6.71241e-09-6.47829e-09-5.99351e-09-5.48858e-09
-5.15558e-09-5.08510e-09-5.23985e-09-5.47537e-09-5.60193e-09-5.45814e-09
-4.96327e-09-4.14465e-09-3.13181e-09-2.10226e-09-1.20921e-09-5.32667e-10
-6.42747e-11 2.70789e-10 5.65441e-10 8.86126e-10 1.24281e-09 1.57843e-09
 1.79757e-09 1.82175e-09 1.63302e-09 1.29324e-09 9.34578e-10 7.12935e-10
 7.40037e-10 1.02835e-09 1.47779e-09 1.91201e-09 2.14542e-09 2.05046e-09
 1.60492e-09 9.07201e-10 1.45126e-10-4.76589e-10-8.14516e-10-8.32776e-10
-6.01248e-10-2.54401e-10 6.60383e-11 2.63709e-10 3.15586e-10 2.57848e-10
 1.40976e-10 3.66708e-11
     0.0000e+00     0.0000e+00      0  0  0.00
     512   1.00000  0.0000e+00
 8.66478e-10 7.75262e-10 6.08419e-10 3.79287e-10 1.08860e-10-1.79270e-10
-4.59308e-10-7.01279e-10-8.73079e-10-9.50346e-10-9.28675e-10-8.27814e-10
-6.84742e-10-5.41344e-10-4.32480e-10-3.75977e-10-3.65666e-10-3.72010e-10
-3.54089e-10-2.78189e-10-1.31611e-10 7.54571e-11 3.18853e-10 5.73143e-10
 8.18418e-10 1.03663e-09 1.20395e-09 1.28945e-09 1.26324e-09 1.10813e-09
 8.27864e-10 4.50674e-10 2.93948e-11-3.66545e-10-6.71684e-10-8.48713e-10
-8.99076e-10-8.53654e-10-7.53435e-10-6.34883e-10-5.26414e-10-4.50472e-10
-4.22810e-10-4.47184e-10-5.09421e-10-5.76024e-10-6.00282e-10-5.34003e-10
-3.40900e-10-1.02031e-11 4.31536e-10 9.18053e-10 1.35841e-09 1.66612e-09
 1.78509e-09 1.69669e-09 1.41140e-09 9.62368e-10 4.08152e-10-1.66764e-10
-6.65993e-10-1.00600e-09-1.13810e-09-1.05991e-09-8.16745e-10-4.93408e-10
-1.95421e-10-2.15487e-11-3.53983e-11-2.47272e-10-6.14245e-10-1.05584e-09
-1.47257e-09-1.75690e-09-1.80156e-09-1.52031e-09-8.82831e-10 5.79986e-11
 1.16900e-09 2.26759e-09 3.15962e-09 3.67029e-09 3.67206e-09 3.11322e-09
 2.03499e-09 5.65605e-10-1.10304e-09-2.74068e-09-4.10298e-09-4.96593e-09
-5.17462e-09-4.68960e-09-3.60467e-09-2.12309e-09-5.03481e-10 9.96068e-10
 2.15480e-09 2.81123e-09 2.88695e-09 2.41213e-09 1.52984e-09 4.63691e-10
-5.37065e-10-1.24875e-09-1.51346e-09-1.27500e-09-6.00976e-10 3.34744e-10
 1.31258e-09 2.13361e-09 2.65320e-09 2.78505e-09 2.50753e-09 1.88427e-09
 1.07582e-09 3.17165e-10-1.35505e-10-6.34077e-11 6.72658e-10 2.11049e-09
 4.17627e-09 6.67979e-09 9.31942e-09 1.17030e-08 1.33796e-08 1.38739e-08
 1.27302e-08 9.58667e-09 4.27856e-09-3.06789e-09-1.19859e-08-2.16581e-08
-3.09330e-08-3.84038e-08-4.26142e-08-4.23708e-08-3.70510e-08-2.67918e-08
-1.25235e-08 4.14448e-09 2.11665e-08 3.64025e-08 4.79843e-08 5.46147e-08
 5.57460e-08 5.16260e-08 4.32090e-08 3.19296e-08 1.93809e-08 6.99496e-09
-4.16515e-09-1.34641e-08-2.06507e-08-2.57790e-08-2.91276e-08-3.11171e-08
-3.22213e-08-3.28762e-08-3.34100e-08-3.40022e-08-3.46693e-08-3.52846e-08
-3.56527e-08-3.56315e-08-3.52434e-08-3.47217e-08-3.44910e-08-3.51036e-08
-3.71056e-08-4.07951e-08-4.59007e-08-5.12924e-08-5.48219e-08-5.33466e-08
-4.30021e-08-1.98105e-08 1.93507e-08 7.55290e-08 1.46408e-07 2.25191e-07
 2.99951e-07 3.54061e-07 3.69440e-07 3.34042e-07 2.49005e-07 1.27537e-07
-1.11961e-08-1.43392e-07-2.41149e-07-2.80571e-07-2.52765e-07-1.69362e-07
-5.94226e-08 4.11012e-08 1.02650e-07 1.13095e-07 8.13116e-08 2.96794e-08
-2.04844e-08-6.04674e-08-9.43384e-08-1.28363e-07-1.59915e-07-1.76495e-07
-1.66913e-07-1.35399e-07-1.04630e-07-1.05395e-07-1.61477e-07-2.74353e-07
-4.14133e-07-5.30762e-07-5.86899e-07-5.85955e-07-5.56078e-07-4.96056e-07
-3.62046e-07-1.21075e-07 2.21526e-07 6.44461e-07 1.10818e-06 1.54315e-06
 1.86771e-06 2.00170e-06 1.88048e-06 1.48702e-06 8.66046e-07 1.10583e-07
-6.55839e-07-1.30089e-06-1.71509e-06-1.84300e-06-1.69664e-06-1.34670e-06
-8.96393e-07-4.46838e-07-7.00977e-08 2.00677e-07 3.63492e-07 4.32314e-07
 4.28433e-07 3.78743e-07 3.15317e-07 2.64526e-07 2.27223e-07 1.79001e-07
 1.02491e-07 2.07470e-08-1.97775e-08-1.01162e-08 4.45293e-09-1.20093e-08
-3.59096e-08-3.10865e-08-1.19815e-08-1.06555e-08-1.76541e-08-1.05943e-08
-1.49762e-09-4.62570e-09-5.33817e-09 2.09954e-09 2.78228e-09-8.97028e-10
 2.52884e-09 4.79862e-09 1.37739e-09 2.37535e-09 4.86621e-09 2.19399e-09
 1.76008e-09 3.58792e-09 1.33023e-09 3.26815e-10 1.59136e-09-2.75199e-10
-1.08789e-09 7.02153e-11-1.15899e-09-1.11929e-09 3.94996e-10-5.99835e-11
 7.36166e-10 1.99782e-09 1.41785e-09 1.90729e-09 1.94981e-09 6.89411e-10
 4.83846e-10-5.84718e-10-2.01002e-09-2.44246e-09-3.66965e-09-4.39683e-09
-4.63142e-09-5.38155e-09-5.23074e-09-5.13619e-09-5.10236e-09-4.47993e-09
-4.26782e-09-3.69340e-09-3.02402e-09-2.56302e-09-1.65944e-09-8.94415e-10
 1.29042e-10 1.36423e-09 2.59070e-09 4.14148e-09 5.58212e-09 7.03492e-09
 8.32861e-09 9.26793e-09 9.90509e-09 1.00082e-08 9.71367e-09 9.01854e-09
 8.03111e-09 6.84623e-09 5.45104e-09 3.96308e-09 2.42367e-09 9.11098e-10
-5.99733e-10-2.16295e-09-3.79415e-09-5.45111e-09-7.01729e-09-8.41422e-09
-9.61090e-09-1.06041e-08-1.13493e-08-1.17546e-08-1.17311e-08-1.12565e-08
-1.04033e-08-9.27467e-09-7.92640e-09-6.37290e-09-4.67625e-09-2.99986e-09
-1.54046e-09-3.99450e-10 4.49909e-10 1.07387e-09 1.49592e-09 1.69964e-09
 1.68444e-09 1.50199e-09 1.23198e-09 9.27841e-10 5.83443e-10 1.44816e-10
-4.27489e-10-1.09818e-09-1.78356e-09-2.43230e-09-3.04338e-09-3.60268e-09
-4.03268e-09-4.21953e-09-4.06959e-09-3.52746e-09-2.57251e-09-1.22475e-09
 4.54365e-10 2.37429e-09 4.42677e-09 6.48354e-09 8.40083e-09 1.00599e-08
 1.14077e-08 1.24468e-08 1.31979e-08 1.36817e-08 1.39169e-08 1.39161e-08
 1.36821e-08 1.32088e-08 1.24889e-08 1.15130e-08 1.02603e-08 8.71190e-09
 6.88376e-09 4.84393e-09 2.69906e-09 5.72655e-10-1.39775e-09-3.05187e-09
-4.22191e-09-4.78277e-09-4.70102e-09-4.04784e-09-2.99008e-09-1.76734e-09
-6.34881e-10 2.02312e-10 6.17717e-10 5.75654e-10 1.57607e-10-4.39437e-10
-9.64558e-10-1.19254e-09-9.78020e-10-2.81042e-10 8.17022e-10 2.09032e-09
 3.16366e-09 3.57039e-09 2.86384e-09 7.36034e-10-2.88728e-09-7.79905e-09
-1.35218e-08-1.93437e-08-2.43686e-08-2.76418e-08-2.83788e-08-2.61945e-08
-2.12103e-08-1.40181e-08-5.56066e-09 3.01214e-09 1.04813e-08 1.57088e-08
 1.78488e-08 1.65818e-08 1.22255e-08 5.64208e-09-1.99176e-09-9.42679e-09
-1.55329e-08-1.94549e-08-2.07536e-08-1.94925e-08-1.62014e-08-1.17011e-08
-6.84300e-09-2.28984e-09 1.56292e-09 4.55959e-09 6.73725e-09 8.28460e-09
 9.47449e-09 1.05469e-08 1.15900e-08 1.25001e-08 1.30457e-08 1.29961e-08
 1.22425e-08 1.08493e-08 9.03900e-09 7.13646e-09 5.47829e-09 4.31644e-09
 3.75301e-09 3.71905e-09 3.99795e-09 4.29657e-09 4.35570e-09 4.06091e-09
 3.48733e-09 2.84621e-09 2.37654e-09 2.24341e-09 2.47860e-09 2.97114e-09
 3.49355e-09 3.76138e-09 3.52788e-09 2.68160e-09 1.30139e-09-3.58218e-10
-1.94502e-09-3.11798e-09-3.65248e-09-3.50722e-09-2.82804e-09-1.89662e-09
-1.04469e-09-5.49889e-10-5.48537e-10-1.01024e-09-1.78154e-09-2.66824e-09
-3.51528e-09-4.24574e-09-4.84800e-09-5.33414e-09-5.69789e-09-5.88653e-09
-5.80131e-09-5.34020e-09-4.46129e-09-3.22903e-09-1.82327e-09-4.93449e-10
 5.35005e-10 1.14458e-09 1.35222e-09 1.28403e-09 1.12325e-09 1.04940e-09
 1.18247e-09 1.53896e-09 2.01254e-09 2.40379e-09 2.49484e-09 2.12664e-09
 1.24797e-09 3.41176e-10
     0.0000e+00     0.0000e+00      0  0  0.00
     512   1.00000  0.0000e+00
-8.28799e-11-2.64646e-10-4.17497e-10-5.10986e-10-5.33074e-10-4.94413e-10
-4.20789e-10-3.39032e-10-2.64379e-10-1.95282e-10-1.17789e-10-1.71564e-11
 1.09239e-10 2.45008e-10 3.59014e-10 4.19498e-10 4.10294e-10 3.40360e-10
 2.41829e-10 1.57064e-10 1.20201e-10 1.41699e-10 2.03701e-10 2.69006e-10
 2.98629e-10 2.68249e-10 1.76496e-10 4.27730e-11-1.04300e-10-2.41689e-10
-3.60561e-10-4.63782e-10-5.55517e-10-6.30628e-10-6.71136e-10-6.52413e-10
-5.55938e-10-3.82287e-10-1.57350e-10 7.37272e-11 2.63847e-10 3.83156e-10
 4.29341e-10 4.24725e-10 4.03074e-10 3.92758e-10 4.04090e-10 4.27630e-10
 4.44274e-10 4.39093e-10 4.08568e-10 3.58269e-10 2.95086e-10 2.19086e-10
 1.19870e-10-1.79683e-11-2.01200e-10-4.15223e-10-6.22742e-10-7.76630e-10
-8.39801e-10-8.00905e-10-6.78406e-10-5.12184e-10-3.46897e-10-2.14758e-10
-1.26655e-10-7.58173e-11-4.85001e-11-3.15354e-11-1.25494e-11 2.37968e-11
 9.89142e-11 2.38575e-10 4.62306e-10 7.65667e-10 1.10708e-09 1.41188e-09
 1.59407e-09 1.58408e-09 1.35063e-09 9.10509e-10 3.24662e-10-3.17158e-10
-9.15730e-10-1.37703e-09-1.61981e-09-1.58271e-09-1.23769e-09-6.06483e-10
 2.31054e-10 1.14459e-09 1.97713e-09 2.57985e-09 2.84782e-09 2.74195e-09
 2.28736e-09 1.55431e-09 6.36588e-10-3.64570e-10-1.35211e-09-2.24180e-09
-2.96833e-09-3.49140e-09-3.80324e-09-3.93088e-09-3.92521e-09-3.83952e-09
-3.71256e-09-3.56833e-09-3.42868e-09-3.32531e-09-3.30129e-09-3.40049e-09
-3.64683e-09-4.01992e-09-4.44165e-09-4.78493e-09-4.89881e-09-4.63508e-09
-3.87103e-09-2.53143e-09-6.09501e-10 1.81928e-09 4.59507e-09 7.48737e-09
 1.02298e-08 1.25730e-08 1.43367e-08 1.54381e-08 1.58881e-08 1.57666e-08
 1.51942e-08 1.43009e-08 1.31941e-08 1.19333e-08 1.05225e-08 8.92075e-09
 7.06302e-09 4.89320e-09 2.40573e-09-3.27109e-10-3.16262e-09-5.92310e-09
-8.43526e-09-1.05587e-08-1.21998e-08-1.33109e-08-1.38787e-08-1.39151e-08
-1.34609e-08-1.25974e-08-1.14527e-08-1.01910e-08-8.99613e-09-8.05216e-09
-7.51503e-09-7.47112e-09-7.89964e-09-8.65897e-09-9.50593e-09-1.01521e-08
-1.03539e-08-1.00125e-08-9.24286e-09-8.39319e-09-8.01649e-09-8.79613e-09
-1.14142e-08-1.63588e-08-2.36902e-08-3.28031e-08-4.22350e-08-4.95875e-08
-5.16389e-08-4.47180e-08-2.53675e-08 8.71646e-09 5.75444e-08 1.17672e-07
 1.81308e-07 2.36758e-07 2.71741e-07 2.77438e-07 2.49483e-07 1.87978e-07
 9.87976e-08-6.41583e-09-1.11604e-07-1.98438e-07-2.51080e-07-2.62278e-07
-2.37144e-07-1.91893e-07-1.46795e-07-1.16306e-07-1.02346e-07-9.54746e-08
-8.36437e-08-6.28116e-08-4.12629e-08-3.30891e-08-4.56626e-08-7.22204e-08
-9.60099e-08-1.01931e-07-8.54844e-08-5.28300e-08-1.54167e-08 1.42729e-08
 2.62412e-08 2.17010e-08 2.20753e-08 5.98545e-08 1.52840e-07 2.93186e-07
 4.61970e-07 6.38920e-07 7.93168e-07 8.81922e-07 8.65727e-07 7.17133e-07
 4.24510e-07 4.89999e-09-4.89059e-07-9.77138e-07-1.36344e-06-1.55497e-06
-1.49101e-06-1.16900e-06-6.53648e-07-6.56856e-08 4.51345e-07 7.78708e-07
 8.65003e-07 7.43397e-07 5.13568e-07 2.92852e-07 1.58791e-07 1.15815e-07
 1.07812e-07 6.96893e-08-1.75893e-08-1.12254e-07-1.53046e-07-1.20837e-07
-5.83921e-08-2.41247e-08-3.05587e-08-4.13895e-08-2.74396e-08-2.34373e-09
 7.50324e-09 3.57731e-09 3.64426e-09 9.14519e-09 1.01486e-08 7.85075e-09
 8.62104e-09 9.48011e-09 6.91470e-09 4.89449e-09 4.65661e-09 2.75050e-09
 1.86371e-10-7.10177e-10-1.97575e-09-4.05405e-09-4.88668e-09-5.42416e-09
-6.54013e-09-6.74032e-09-6.50054e-09-6.74803e-09-6.43924e-09-5.83524e-09
-5.64429e-09-5.02961e-09-4.19128e-09-3.63402e-09-2.72485e-09-1.75098e-09
-1.03437e-09-8.84443e-11 7.47561e-10 1.34905e-09 2.03922e-09 2.45532e-09
 2.66220e-09 2.85411e-09 2.78032e-09 2.67302e-09 2.58713e-09 2.38490e-09
 2.26698e-09 2.11271e-09 1.89620e-09 1.72410e-09 1.45369e-09 1.16421e-09
 8.44990e-10 4.27349e-10 9.16814e-12-4.52515e-10-8.87354e-10-1.22740e-09
-1.48386e-09-1.58668e-09-1.56166e-09-1.39964e-09-1.10826e-09-7.40607e-10
-3.02200e-10 1.57063e-10 6.10675e-10 1.02304e-09 1.35756e-09 1.61216e-09
 1.79238e-09 1.93553e-09 2.06692e-09 2.19338e-09 2.29636e-09 2.34194e-09
 2.31498e-09 2.21568e-09 2.04439e-09 1.77626e-09 1.37489e-09 8.26973e-10
 1.57503e-10-5.79212e-10-1.32168e-09-2.02457e-09-2.66535e-09-3.22182e-09
-3.65381e-09-3.91142e-09-3.96382e-09-3.82566e-09-3.54614e-09-3.17173e-09
-2.73031e-09-2.23809e-09-1.70718e-09-1.15475e-09-6.02400e-10-5.84254e-11
 4.91450e-10 1.06960e-09 1.68103e-09 2.29648e-09 2.86100e-09 3.31916e-09
 3.62825e-09 3.75685e-09 3.68226e-09 3.38838e-09 2.87189e-09 2.15717e-09
 1.29798e-09 3.64051e-10-5.74558e-10-1.46083e-09-2.25049e-09-2.90352e-09
-3.39065e-09-3.70278e-09-3.84806e-09-3.85032e-09-3.74359e-09-3.55463e-09
-3.29417e-09-2.96121e-09-2.54455e-09-2.02487e-09-1.38351e-09-6.11741e-10
 2.82225e-10 1.26876e-09 2.29768e-09 3.30049e-09 4.19234e-09 4.88285e-09
 5.29270e-09 5.36460e-09 5.07266e-09 4.43167e-09 3.49718e-09 2.36088e-09
 1.14556e-09-6.55587e-12-9.55019e-10-1.59202e-09-1.86948e-09-1.80455e-09
-1.47262e-09-9.98347e-10-5.32602e-10-2.19323e-10-1.71535e-10-4.49785e-10
-1.03587e-09-1.82561e-09-2.64813e-09-3.28931e-09-3.52237e-09-3.16030e-09
-2.10935e-09-4.04190e-10 1.77220e-09 4.09205e-09 6.12236e-09 7.39274e-09
 7.48040e-09 6.10683e-09 3.22930e-09-9.04591e-10-5.76793e-09-1.06326e-08
-1.46913e-08-1.71976e-08-1.76016e-08-1.56613e-08-1.15152e-08-5.69387e-09
 9.54276e-10 7.41878e-09 1.27295e-08 1.61473e-08 1.72889e-08 1.61787e-08
 1.32313e-08 9.16067e-09 4.82268e-09 1.02157e-09-1.67662e-09-3.05596e-09
-3.24867e-09-2.63802e-09-1.71110e-09-9.13549e-10-5.41170e-10-6.73321e-10
-1.16339e-09-1.70338e-09-1.94110e-09-1.61643e-09-6.75287e-10 6.95665e-10
 2.12905e-09 3.19743e-09 3.55548e-09 3.05396e-09 1.78158e-09 3.58573e-11
-1.75830e-09-3.16733e-09-3.87378e-09-3.76979e-09-2.98756e-09-1.84304e-09
-7.10505e-10 1.13248e-10 5.03169e-10 5.27200e-10 3.89447e-10 3.30644e-10
 5.28474e-10 1.02155e-09 1.68540e-09 2.27915e-09 2.53998e-09 2.28776e-09
 1.50777e-09 3.73231e-10-8.10776e-10-1.71907e-09-2.13014e-09-2.01185e-09
-1.52840e-09-9.69490e-10-6.37188e-10-7.31326e-10-1.27251e-09-2.09276e-09
-2.89910e-09-3.38730e-09-3.35804e-09-2.78576e-09-1.81975e-09-7.20623e-10
 2.49126e-10 9.31155e-10 1.31862e-09 1.53058e-09 1.73437e-09 2.04971e-09
 2.47930e-09 2.89929e-09 3.11105e-09 2.93389e-09 2.29985e-09 1.29939e-09
 1.53671e-10-8.66068e-10-1.53585e-09-1.75636e-09-1.57406e-09-1.13213e-09
-5.79073e-10-1.45260e-10
     0.0000e+00     0.0000e+00      0  0  0.00
     512   1.00000  0.0000e+00
 1.25279e-10 1.54025e-10 1.67582e-10 1.53520e-10 1.01873e-10 1.23499e-11
-1.00216e-10-2.07074e-10-2.75574e-10-2.84297e-10-2.35173e-10-1.55339e-10
-8.68242e-11-6.84285e-11-1.17895e-10-2.22344e-10-3.41412e-10-4.22334e-10
-4.20877e-10-3.18693e-10-1.29258e-10 1.09258e-10 3.49830e-10 5.53400e-10
 6.98786e-10 7.81796e-10 8.06465e-10 7.75513e-10 6.86400e-10 5.35373e-10
 3.26495e-10 7.96063e-11-1.68216e-10-3.70767e-10-4.89002e-10-5.07997e-10
-4.44734e-10-3.41658e-10-2.49128e-10-2.05531e-10-2.24078e-10-2.91255e-10
-3.76418e-10-4.47113e-10-4.81504e-10-4.71465e-10-4.16846e-10-3.16885e-10
-1.65603e-10 4.45715e-11 3.11594e-10 6.11829e-10 8.97096e-10 1.10592e-09
 1.18443e-09 1.10600e-09 8.80520e-10 5.50434e-10 1.76396e-10-1.80996e-10
-4.75269e-10-6.78353e-10-7.76138e-10-7.62735e-10-6.41107e-10-4.30931e-10
-1.76739e-10 5.29230e-11 1.80181e-10 1.43524e-10-7.59149e-11-4.40585e-10
-8.62805e-10-1.22824e-09-1.42624e-09-1.37664e-09-1.04672e-09-4.56265e-10
 3.27125e-10 1.19664e-09 2.01512e-09 2.62801e-09 2.88785e-09 2.69043e-09
 2.01132e-09 9.26181e-10-3.95747e-10-1.72497e-09-2.82242e-09-3.49230e-09
-3.62158e-09-3.19702e-09-2.30047e-09-1.08935e-09 2.30793e-10 1.43867e-09
 2.33331e-09 2.77142e-09 2.70003e-09 2.17365e-09 1.34343e-09 4.16490e-10
-4.00556e-10-9.51192e-10-1.15689e-09-1.02169e-09-6.19315e-10-6.94675e-11
 4.89659e-10 9.26107e-10 1.13439e-09 1.05419e-09 6.87412e-10 1.05589e-10
-5.61576e-10-1.15605e-09-1.52830e-09-1.56747e-09-1.21797e-09-4.83965e-10
 5.70955e-10 1.82275e-09 3.08660e-09 4.12852e-09 4.69857e-09 4.58314e-09
 3.66218e-09 1.95495e-09-3.60110e-10-2.96152e-09-5.43907e-09-7.37581e-09
-8.43670e-09-8.43866e-09-7.38154e-09-5.43468e-09-2.88580e-09-6.72457e-11
 2.71823e-09 5.24870e-09 7.39946e-09 9.12510e-09 1.04167e-08 1.12517e-08
 1.15622e-08 1.12388e-08 1.01676e-08 8.28505e-09 5.63002e-09 2.37751e-09
-1.16960e-09-4.63739e-09-7.66700e-09-9.99749e-09-1.15211e-08-1.22972e-08
-1.25210e-08-1.24556e-08-1.23533e-08-1.23958e-08-1.26697e-08-1.31741e-08
-1.38515e-08-1.46323e-08-1.54795e-08-1.64200e-08-1.75477e-08-1.89888e-08
-2.08228e-08-2.29630e-08-2.50344e-08-2.62942e-08-2.56343e-08-2.16816e-08
-1.30040e-08 1.56815e-09 2.25144e-08 4.91439e-08 7.91589e-08 1.08389e-07
 1.30872e-07 1.40174e-07 1.32346e-07 1.07461e-07 6.85026e-08 2.11572e-08
-2.61418e-08-6.42480e-08-8.53576e-08-8.48983e-08-6.35897e-08-2.78916e-08
 1.14783e-08 4.29904e-08 5.90079e-08 5.87960e-08 4.77340e-08 3.33146e-08
 2.01968e-08 7.43581e-09-9.69813e-09-3.44478e-08-6.44265e-08-9.26733e-08
-1.12939e-07-1.23645e-07-1.27350e-07-1.28443e-07-1.32728e-07-1.47586e-07
-1.78688e-07-2.25528e-07-2.82003e-07-3.39577e-07-3.85167e-07-3.96542e-07
-3.46940e-07-2.18169e-07-6.58477e-09 2.79325e-07 6.15320e-07 9.56116e-07
 1.24127e-06 1.40520e-06 1.38776e-06 1.15298e-06 7.09068e-07 1.16354e-07
-5.18927e-07-1.06583e-06-1.40409e-06-1.46305e-06-1.24832e-06-8.43517e-07
-3.82672e-07-9.55964e-11 2.22041e-07 2.82330e-07 2.48194e-07 2.07840e-07
 2.13315e-07 2.51719e-07 2.66814e-07 2.15963e-07 1.14399e-07 2.37310e-08
-8.31869e-09 5.92534e-09 1.60242e-08-3.08344e-09-2.77169e-08-2.93187e-08
-1.56936e-08-1.03212e-08-1.37749e-08-1.21872e-08-6.34476e-09-5.13623e-09
-5.66627e-09-2.50854e-09-6.39691e-11-8.46463e-10-2.00202e-10 1.75670e-09
 1.48695e-09 1.13403e-09 2.30265e-09 2.25236e-09 1.51673e-09 1.99016e-09
 1.86980e-09 9.88716e-10 1.01027e-09 7.60815e-10-8.69244e-11-1.76985e-10
-3.37343e-10-8.13430e-10-5.68524e-10-3.45427e-10-2.93623e-10 2.84746e-10
 6.65598e-10 8.71204e-10 1.33003e-09 1.41267e-09 1.34443e-09 1.30738e-09
 8.35777e-10 3.02658e-10-2.85523e-10-1.10510e-09-1.73207e-09-2.29171e-09
-2.74745e-09-2.88866e-09-2.97491e-09-2.90599e-09-2.72348e-09-2.59406e-09
-2.38326e-09-2.22699e-09-2.10449e-09-1.94476e-09-1.81589e-09-1.57958e-09
-1.23583e-09-7.52512e-10-9.23130e-11 6.54675e-10 1.48076e-09 2.28933e-09
 3.01541e-09 3.61441e-09 4.01435e-09 4.20755e-09 4.16975e-09 3.91895e-09
 3.48161e-09 2.90219e-09 2.26166e-09 1.62929e-09 1.06515e-09 5.84936e-10
 1.73256e-10-2.03061e-10-5.77621e-10-9.69928e-10-1.39543e-09-1.86497e-09
-2.37813e-09-2.90384e-09-3.37297e-09-3.69489e-09-3.79697e-09-3.65213e-09
-3.27124e-09-2.69109e-09-1.96449e-09-1.14914e-09-3.12510e-10 4.65615e-10
 1.11005e-09 1.56526e-09 1.80877e-09 1.85674e-09 1.74616e-09 1.52032e-09
 1.22702e-09 9.11760e-10 6.12822e-10 3.56317e-10 1.42945e-10-5.34465e-11
-2.74160e-10-5.62843e-10-9.45394e-10-1.41556e-09-1.93706e-09-2.44842e-09
-2.87399e-09-3.13914e-09-3.17850e-09-2.94807e-09-2.43791e-09-1.67231e-09
-7.04094e-10 3.90625e-10 1.52075e-09 2.59462e-09 3.53477e-09 4.28552e-09
 4.81467e-09 5.11188e-09 5.19034e-09 5.08929e-09 4.86217e-09 4.55678e-09
 4.20319e-09 3.80394e-09 3.32942e-09 2.73284e-09 1.97299e-09 1.02687e-09
-1.01765e-10-1.37410e-09-2.71136e-09-3.99434e-09-5.07842e-09-5.82622e-09
-6.13677e-09-5.95971e-09-5.30248e-09-4.23171e-09-2.86406e-09-1.35584e-09
 1.07937e-10 1.34277e-09 2.20929e-09 2.64839e-09 2.69353e-09 2.46522e-09
 2.14859e-09 1.95368e-09 2.06985e-09 2.61731e-09 3.59386e-09 4.84313e-09
 6.07046e-09 6.89857e-09 6.94349e-09 5.90069e-09 3.62655e-09 1.93661e-10
-4.08488e-09-8.66681e-09-1.28479e-08-1.58840e-08-1.71371e-08-1.62088e-08
-1.30392e-08-7.95547e-09-1.65096e-09 4.91032e-09 1.06587e-08 1.46288e-08
 1.61582e-08 1.50207e-08 1.14721e-08 6.19077e-09 1.33919e-10-5.64627e-09
-1.02020e-08-1.28707e-08-1.33875e-08-1.19130e-08-8.97004e-09-5.29432e-09
-1.64396e-09 1.37788e-09 3.44520e-09 4.53681e-09 4.87620e-09 4.82133e-09
 4.72823e-09 4.83079e-09 5.17348e-09 5.60539e-09 5.84928e-09 5.62589e-09
 4.77074e-09 3.30425e-09 1.43673e-09-4.95330e-10-2.13020e-09-3.18582e-09
-3.54469e-09-3.28617e-09-2.65117e-09-1.95422e-09-1.46874e-09-1.32815e-09
-1.48493e-09-1.73786e-09-1.81748e-09-1.50260e-09-7.19978e-10 4.15717e-10
 1.63502e-09 2.60375e-09 3.04050e-09 2.82315e-09 2.04193e-09 9.78351e-10
 1.18212e-11-5.18147e-10-4.34324e-10 2.19832e-10 1.19869e-09 2.14238e-09
 2.70478e-09 2.67371e-09 2.03869e-09 9.80962e-10-2.07295e-10-1.23541e-09
-1.91432e-09-2.21081e-09-2.23321e-09-2.15742e-09-2.13258e-09-2.20809e-09
-2.31461e-09-2.30602e-09-2.03969e-09-1.45971e-09-6.44944e-10 2.07366e-10
 8.61551e-10 1.14678e-09 1.03138e-09 6.38172e-10 1.93829e-10-7.14014e-11
-3.02591e-11 2.79882e-10 6.74153e-10 9.15751e-10 8.49608e-10 5.11722e-10
 1.62294e-10 1.53891e-11
