      10
(6e12.5)
     0.0000e+00     0.0000e+00      0  0  0.00
     512   1.00000  0.0000e+00
-4.45681e-09-3.80702e-09-2.74031e-09-1.18363e-09 8.80400e-10 3.39565e-09
 6.22699e-09 9.17638e-09 1.20210e-08 1.45521e-08 1.65855e-08 1.79404e-08
 1.84226e-08 1.78597e-08 1.61968e-08 1.35957e-08 1.04501e-08 7.27740e-09
 4.53491e-09 2.46592e-09 1.05205e-09 7.15649e-11-7.93652e-10-1.85941e-09
-3.37177e-09-5.46586e-09-8.14656e-09-1.12974e-08-1.47166e-08-1.81578e-08
-2.13487e-08-2.39888e-08-2.57528e-08-2.63343e-08-2.55358e-08-2.33643e-08
-2.00657e-08-1.60614e-08-1.18245e-08-7.76584e-09-4.17120e-09-1.18644e-09
 1.17645e-09 3.02515e-09 4.55949e-09 6.02483e-09 7.66000e-09 9.66256e-09
 1.21756e-08 1.52747e-08 1.89373e-08 2.30129e-08 2.72357e-08 3.13040e-08
 3.49938e-08 3.82375e-08 4.11184e-08 4.37933e-08 4.63992e-08 4.89870e-08
 5.14726e-08 5.35788e-08 5.47700e-08 5.42242e-08 5.09068e-08 4.37963e-08
 3.22424e-08 1.62980e-08-3.19320e-09-2.47798e-08-4.66903e-08-6.70728e-08
-8.41993e-08-9.68342e-08-1.04760e-07-1.09059e-07-1.11823e-07-1.15308e-07
-1.20863e-07-1.28257e-07-1.35963e-07-1.42477e-07-1.47995e-07-1.55400e-07
-1.69581e-07-1.94922e-07-2.31910e-07-2.74387e-07-3.08664e-07-3.14852e-07
-2.70218e-07-1.54735e-07 4.09696e-08 3.08643e-07 6.22483e-07 9.45708e-07
 1.23687e-06 1.45593e-06 1.57220e-06 1.56140e-06 1.38892e-06 1.00698e-06
 3.79168e-07-4.80077e-07-1.46419e-06-2.36673e-06-2.93508e-06-2.95314e-06
-2.32159e-06-1.13289e-06 3.02860e-07 1.53619e-06 2.14715e-06 1.93613e-06
 1.04391e-06-8.46214e-08-9.06095e-07-1.05566e-06-5.41599e-07 2.60362e-07
 8.32459e-07 8.42121e-07 3.56054e-07-2.22236e-07-4.63029e-07-2.40897e-07
 1.82721e-07 4.04193e-07 2.42564e-07-1.09308e-07-2.95484e-07-1.62187e-07
 9.96430e-08 1.85895e-07 2.47072e-08-1.61458e-07-1.44929e-07 2.83135e-08
 1.20818e-07 2.88399e-08-9.21514e-08-6.62714e-08 5.18262e-08 7.83087e-08
-1.33001e-08-6.69432e-08-6.36481e-09 5.09923e-08 7.11281e-09-5.38381e-08
-2.96499e-08 1.88305e-08-3.73818e-09-4.73072e-08-2.67768e-08 1.14439e-08
-3.14785e-09-2.23622e-08 4.90699e-09 2.49824e-08 7.34172e-09 4.98224e-09
 2.30676e-08 1.64858e-08 2.17838e-09 6.73943e-09 4.01172e-09-8.20628e-09
-9.63877e-09-1.05742e-08-1.51191e-08-1.38114e-08-1.04301e-08-7.26357e-09
-1.94815e-09 3.59510e-09 8.07454e-09 1.13588e-08 1.26123e-08 1.15523e-08
 8.52105e-09 4.12401e-09-7.51061e-10-5.11512e-09-8.08486e-09-9.00998e-09
-7.63120e-09-4.17106e-09 7.02282e-10 6.00903e-09 1.06710e-08 1.37229e-08
 1.45027e-08 1.28145e-08 8.99820e-09 3.88046e-09-1.40933e-09-5.71497e-09
-8.13451e-09-8.24089e-09-6.17195e-09-2.58336e-09 1.50934e-09 4.96321e-09
 6.76682e-09 6.29895e-09 3.52680e-09-9.39293e-10-5.99313e-09-1.03531e-08
-1.29276e-08-1.31004e-08-1.08739e-08-6.85949e-09-2.12447e-09 2.08134e-09
 4.66658e-09 5.01457e-09 3.17015e-09-1.64031e-10-3.82410e-09-6.52764e-09
-7.26907e-09-5.63855e-09-1.94970e-09 2.85955e-09 7.50293e-09 1.07114e-08
 1.16014e-08 9.95325e-09 6.30124e-09 1.77559e-09-2.26391e-09-4.67220e-09
-4.87816e-09-3.04237e-09 1.74867e-11 3.09636e-09 4.98423e-09 4.84929e-09
 2.51416e-09-1.46238e-09-5.94919e-09-9.62186e-09-1.14272e-08-1.09516e-08
-8.54025e-09-5.12595e-09-1.85732e-09 3.12798e-10 9.40386e-10 2.15115e-10
-1.14130e-09-2.16612e-09-2.02789e-09-3.47387e-10 2.64665e-09 6.18587e-09
 9.23968e-09 1.09089e-08 1.07843e-08 9.11622e-09 6.71730e-09 4.62700e-09
 3.66893e-09 4.08201e-09 5.39919e-09 6.64860e-09 6.79360e-09 5.20157e-09
 1.92158e-09-2.33528e-09-6.47301e-09-9.41630e-09-1.04940e-08-9.66662e-09
-7.51413e-09-4.98931e-09-3.02857e-09-2.16968e-09-2.33312e-09-2.87327e-09
-2.89114e-09-1.67282e-09 9.46897e-10 4.46235e-09 7.87243e-09 1.00801e-08
 1.03530e-08 8.65208e-09 5.67058e-09 2.53795e-09 3.06522e-10-5.42206e-10
-3.29987e-10-3.05788e-11-7.91941e-10-3.34659e-09-7.58751e-09-1.25172e-08
-1.66065e-08-1.84136e-08-1.71942e-08-1.32231e-08-7.66276e-09-2.03171e-09
 2.45822e-09 5.35559e-09 6.99997e-09 8.15483e-09 9.46618e-09 1.10357e-08
 1.23159e-08 1.23703e-08 1.03724e-08 6.10020e-09 1.73174e-10-6.09689e-09
-1.11830e-08-1.39291e-08-1.39665e-08-1.17630e-08-8.29927e-09-4.56193e-09
-1.12717e-09 1.95524e-09 4.94378e-09 8.00950e-09 1.09146e-08 1.29711e-08
 1.33240e-08 1.14113e-08 7.34623e-09 1.99941e-09-3.28742e-09-7.21958e-09
-9.02577e-09-8.65555e-09-6.63878e-09-3.73422e-09-5.77695e-10 2.49816e-09
 5.40953e-09 8.08972e-09 1.02423e-08 1.12771e-08 1.05295e-08 7.67061e-09
 3.06043e-09-2.20644e-09-6.65124e-09-9.00338e-09-8.72330e-09-6.18268e-09
-2.42967e-09 1.30583e-09 4.09414e-09 5.54571e-09 5.73663e-09 4.92801e-09
 3.30028e-09 8.94786e-10-2.20979e-09-5.64073e-09-8.62055e-09-1.01501e-08
-9.44721e-09-6.41338e-09-1.83718e-09 2.82749e-09 6.03384e-09 6.78705e-09
 5.03306e-09 1.59651e-09-2.27005e-09-5.44019e-09-7.26292e-09-7.58136e-09
-6.52541e-09-4.30304e-09-1.16294e-09 2.47002e-09 5.85202e-09 7.97560e-09
 7.90645e-09 5.27394e-09 6.28738e-10-4.60394e-09-8.63328e-09-1.00471e-08
-8.40502e-09-4.37219e-09 6.46280e-10 5.13194e-09 7.99449e-09 8.79321e-09
 7.63295e-09 4.92125e-09 1.20651e-09-2.82009e-09-6.26888e-09-8.13850e-09
-7.63960e-09-4.62922e-09 1.29932e-10 5.12989e-09 8.70023e-09 9.73253e-09
 8.14916e-09 4.85971e-09 1.25184e-09-1.47416e-09-2.75568e-09-2.70168e-09
-1.79189e-09-5.16204e-10 8.02643e-10 1.95975e-09 2.74417e-09 2.93336e-09
 2.45460e-09 1.56115e-09 8.05804e-10 7.39910e-10 1.50426e-09 2.61025e-09
 3.12512e-09 2.21097e-09-3.03686e-10-3.70186e-09-6.67410e-09-7.96560e-09
-6.98926e-09-4.06491e-09-2.05528e-10 3.35453e-09 5.59445e-09 5.92393e-09
 4.20601e-09 7.27173e-10-3.80041e-09-8.26859e-09-1.13783e-08-1.20739e-08
-1.00440e-08-5.96922e-09-1.29199e-09 2.41302e-09 4.12263e-09 3.72493e-09
 1.89072e-09-4.03269e-10-2.37261e-09-3.66633e-09-4.29492e-09-4.40466e-09
-4.10742e-09-3.45106e-09-2.45973e-09-1.13535e-09 5.86457e-10 2.81394e-09
 5.52576e-09 8.34097e-09 1.04635e-08 1.09588e-08 9.27231e-09 5.67400e-09
 1.30232e-09-2.27670e-09-3.76113e-09-2.66270e-09 5.71162e-10 4.85795e-09
 8.95289e-09 1.18207e-08 1.28058e-08 1.16857e-08 8.71376e-09 4.62522e-09
 4.70467e-10-2.76972e-09-4.60990e-09-5.22836e-09-5.22034e-09-5.09356e-09
-4.88518e-09-4.20477e-09-2.68122e-09-4.59559e-10 1.66255e-09 2.58851e-09
 1.52260e-09-1.58854e-09-6.02767e-09-1.06411e-08-1.42755e-08-1.60922e-08
-1.57080e-08-1.32319e-08-9.23669e-09-4.61842e-09-3.00230e-10 3.12604e-09
 5.59309e-09 7.40957e-09 8.84122e-09 9.74451e-09 9.57472e-09 7.79519e-09
 4.38960e-09 1.16257e-09
     0.0000e+00     0.0000e+00      0  0  0.00
     512   1.00000  0.0000e+00
-2.64284e-09-2.34648e-09-1.42683e-09 2.32364e-10 2.55576e-09 5.23777e-09
 7.78013e-09 9.59642e-09 1.01553e-08 9.12484e-09 6.48457e-09 2.58157e-09
-1.88417e-09-5.96564e-09-8.68466e-09-9.33598e-09-7.76220e-09-4.43022e-09
-2.52222e-10 3.73263e-09 6.65778e-09 8.02279e-09 7.75735e-09 6.17189e-09
 3.83588e-09 1.42220e-09-4.62220e-10-1.43865e-09-1.47035e-09-8.78828e-10
-2.35948e-10-1.45045e-10-9.74363e-10-2.66424e-09-4.74008e-09-6.54113e-09
-7.50974e-09-7.37689e-09-6.20468e-09-4.32252e-09-2.19500e-09-2.66786e-10
 1.15494e-09 1.93856e-09 2.09457e-09 1.71515e-09 9.31777e-10-9.34967e-11
-1.16402e-09-2.06628e-09-2.61784e-09-2.71640e-09-2.35727e-09-1.62026e-09
-6.51018e-10 3.53973e-10 1.17566e-09 1.62445e-09 1.59844e-09 1.12253e-09
 3.57976e-10-4.16109e-10-8.45772e-10-5.74120e-10 6.44160e-10 2.78947e-09
 5.46604e-09 8.01515e-09 9.89887e-09 1.09675e-08 1.12675e-08 1.07572e-08
 9.38850e-09 7.34615e-09 5.10276e-09 3.25313e-09 2.19883e-09 1.89046e-09
 1.90123e-09 1.84124e-09 1.82005e-09 2.60826e-09 5.31547e-09 1.06735e-08
 1.82282e-08 2.57976e-08 2.95002e-08 2.44795e-08 6.16473e-09-2.81130e-08
-7.71107e-08-1.33319e-07-1.81493e-07-2.02229e-07-1.83368e-07-1.29886e-07
-5.82072e-08 1.70680e-08 8.38826e-08 1.32944e-07 1.75039e-07 2.38020e-07
 3.23771e-07 3.91136e-07 3.91985e-07 2.99320e-07 1.11198e-07-1.42664e-07
-4.03672e-07-5.95115e-07-6.30482e-07-4.55232e-07-1.12558e-07 2.52715e-07
 4.75989e-07 4.64706e-07 2.40401e-07-7.06370e-08-2.96884e-07-3.18542e-07
-1.43876e-07 9.45370e-08 2.29258e-07 1.76851e-07-8.29530e-10-1.47892e-07
-1.45055e-07-1.10191e-08 1.19202e-07 1.24494e-07 1.41455e-08-8.74666e-08
-7.62127e-08 2.03976e-08 8.17773e-08 3.99415e-08-4.21088e-08-5.67896e-08
 7.49201e-09 5.69438e-08 2.60510e-08-3.32433e-08-3.38583e-08 1.63215e-08
 3.36148e-08-6.16909e-09-3.39633e-08-7.05086e-09 2.20789e-08 3.09445e-09
-2.47527e-08-1.03561e-08 1.54891e-08 5.16726e-09-1.41665e-08-1.34186e-09
 1.57329e-08 3.82221e-09-7.17248e-09 4.96610e-09 8.64977e-09-4.66436e-09
-4.80309e-09 3.12677e-09-2.47903e-09-6.28753e-09-5.81013e-10-1.06317e-09
-3.13237e-09 2.92773e-10 1.45569e-09 1.26833e-09 2.81477e-09 3.17347e-09
 2.69916e-09 2.37086e-09 1.49145e-09 2.93688e-10-8.34571e-10-1.75446e-09
-2.20681e-09-2.08911e-09-1.51378e-09-6.31779e-10 4.00709e-10 1.41247e-09
 2.20897e-09 2.57742e-09 2.38828e-09 1.66850e-09 5.91662e-10-5.75710e-10
-1.57622e-09-2.22164e-09-2.40556e-09-2.10628e-09-1.37809e-09-3.66747e-10
 6.90548e-10 1.50884e-09 1.83959e-09 1.56855e-09 7.47494e-10-4.34404e-10
-1.70271e-09-2.75917e-09-3.34858e-09-3.32549e-09-2.68542e-09-1.56299e-09
-2.11885e-10 1.03951e-09 1.86195e-09 2.02127e-09 1.45832e-09 3.09872e-10
-1.13514e-09-2.50404e-09-3.41934e-09-3.60791e-09-3.00573e-09-1.77713e-09
-2.35158e-10 1.25690e-09 2.35045e-09 2.77903e-09 2.44954e-09 1.49422e-09
 2.28775e-10-9.53243e-10-1.69515e-09-1.77727e-09-1.18064e-09-8.54610e-11
 1.19348e-09 2.30215e-09 2.94933e-09 3.00208e-09 2.53632e-09 1.79498e-09
 1.07129e-09 5.97173e-10 4.80869e-10 6.86449e-10 1.05476e-09 1.36727e-09
 1.42813e-09 1.13702e-09 5.36364e-10-1.85443e-10-7.48839e-10-8.89905e-10
-4.88112e-10 3.47242e-10 1.29584e-09 1.95217e-09 1.99208e-09 1.30493e-09
 4.45914e-11-1.41886e-09-2.62894e-09-3.20068e-09-2.94600e-09-1.92926e-09
-4.43959e-10 1.07503e-09 2.17509e-09 2.51951e-09 2.00375e-09 8.09162e-10
-6.48718e-10-1.87355e-09-2.48385e-09-2.36315e-09-1.68857e-09-8.22735e-10
-1.34539e-10 1.57012e-10 5.48323e-11-2.47086e-10-4.79314e-10-4.38047e-10
-8.05719e-11 4.61834e-10 9.52340e-10 1.16865e-09 1.01783e-09 5.90105e-10
 1.29290e-10-7.10372e-11 1.93810e-10 9.37234e-10 1.97429e-09 3.00312e-09
 3.71862e-09 3.91175e-09 3.53030e-09 2.67842e-09 1.54966e-09 3.36433e-10
-8.23128e-10-1.84433e-09-2.67228e-09-3.26311e-09-3.57499e-09-3.57211e-09
-3.24110e-09-2.60676e-09-1.74341e-09-7.90700e-10 4.61631e-11 5.51246e-10
 5.99830e-10 2.38018e-10-3.24864e-10-8.11290e-10-1.00215e-09-8.36272e-10
-4.44301e-10-8.89158e-11-2.27521e-11-3.48325e-10-9.74827e-10-1.68407e-09
-2.24155e-09-2.49052e-09-2.40521e-09-2.09249e-09-1.72582e-09-1.43090e-09
-1.20049e-09-9.06373e-10-3.95444e-10 3.96484e-10 1.37155e-09 2.26840e-09
 2.74061e-09 2.50373e-09 1.50170e-09-8.77931e-12-1.54194e-09-2.60353e-09
-2.90688e-09-2.45353e-09-1.45697e-09-1.95444e-10 1.10109e-09 2.28946e-09
 3.29389e-09 4.05799e-09 4.49934e-09 4.49787e-09 3.93672e-09 2.78906e-09
 1.20785e-09-4.51156e-10-1.71957e-09-2.19913e-09-1.74943e-09-5.66666e-10
 9.08727e-10 2.20236e-09 3.00042e-09 3.22243e-09 2.96223e-09 2.36525e-09
 1.53142e-09 5.01101e-10-6.80725e-10-1.88344e-09-2.86654e-09-3.34785e-09
-3.13844e-09-2.26645e-09-1.00582e-09 2.20550e-10 1.02376e-09 1.22774e-09
 9.35939e-10 4.33239e-10-1.00381e-11-2.91420e-10-4.91337e-10-7.61732e-10
-1.18012e-09-1.66972e-09-2.03193e-09-2.06353e-09-1.68288e-09-9.86735e-10
-1.93148e-10 5.02928e-10 1.04703e-09 1.50335e-09 1.91739e-09 2.20171e-09
 2.14405e-09 1.52892e-09 3.03803e-10-1.30442e-09-2.81571e-09-3.68412e-09
-3.54688e-09-2.38899e-09-5.38292e-10 1.48962e-09 3.20000e-09 4.26147e-09
 4.51909e-09 3.92810e-09 2.52085e-09 4.57904e-10-1.89735e-09-3.98581e-09
-5.19515e-09-5.09149e-09-3.62495e-09-1.19762e-09 1.46195e-09 3.58107e-09
 4.64303e-09 4.53905e-09 3.50367e-09 1.91600e-09 1.25438e-10-1.59756e-09
-3.01776e-09-3.90256e-09-4.06207e-09-3.43831e-09-2.17239e-09-5.84232e-10
 9.44579e-10 2.12045e-09 2.82739e-09 3.10106e-09 3.00880e-09 2.53168e-09
 1.56202e-09 4.35935e-11-1.85643e-09-3.70407e-09-4.94048e-09-5.11868e-09
-4.09113e-09-2.05983e-09 5.06880e-10 3.02276e-09 4.92728e-09 5.79442e-09
 5.40984e-09 3.82150e-09 1.35510e-09-1.42597e-09-3.83856e-09-5.27446e-09
-5.40993e-09-4.31347e-09-2.37471e-09-1.06623e-10 2.04073e-09 3.75806e-09
 4.85399e-09 5.20785e-09 4.76548e-09 3.57467e-09 1.80256e-09-2.95695e-10
-2.42239e-09-4.25587e-09-5.45484e-09-5.69390e-09-4.75056e-09-2.62436e-09
 3.61209e-10 3.55209e-09 6.11721e-09 7.33468e-09 6.87389e-09 4.90989e-09
 2.00064e-09-1.17917e-09-4.05584e-09-6.20807e-09-7.31331e-09-7.13752e-09
-5.62336e-09-2.98754e-09 2.86255e-10 3.57406e-09 6.27902e-09 7.94680e-09
 8.28878e-09 7.15288e-09 4.52772e-09 6.27515e-10-3.98976e-09-8.39292e-09
-1.14509e-08-1.22069e-08-1.02857e-08-6.09698e-09-7.16055e-10 4.46934e-09
 8.15580e-09 9.45077e-09 8.11385e-09 4.70239e-09 5.52732e-10-2.49742e-09
-2.68329e-09-9.33292e-10
     0.0000e+00     0.0000e+00      0  0  0.00
     512   1.00000  0.0000e+00
-4.66925e-09-4.35401e-09-3.78466e-09-2.88149e-09-1.58700e-09 1.18446e-10
 2.20525e-09 4.59607e-09 7.17536e-09 9.78692e-09 1.22212e-08 1.42288e-08
 1.55809e-08 1.61407e-08 1.58975e-08 1.49595e-08 1.35291e-08 1.18570e-08
 1.01624e-08 8.55520e-09 7.01854e-09 5.45193e-09 3.72540e-09 1.71929e-09
-6.29311e-10-3.27130e-09-6.02397e-09-8.61156e-09-1.07419e-08-1.21779e-08
-1.27874e-08-1.25645e-08-1.16063e-08-1.00559e-08-8.05800e-09-5.75641e-09
-3.30688e-09-8.74834e-10 1.37015e-09 3.24683e-09 4.56344e-09 5.14554e-09
 4.86796e-09 3.67182e-09 1.58376e-09-1.25764e-09-4.60397e-09-8.14518e-09
-1.15616e-08-1.45455e-08-1.68303e-08-1.82732e-08-1.89650e-08-1.93035e-08
-2.00145e-08-2.21196e-08-2.67773e-08-3.49112e-08-4.66350e-08-6.06022e-08
-7.34512e-08-7.96017e-08-7.18036e-08-4.28576e-08 1.13443e-08 8.79131e-08
 1.74664e-07 2.53088e-07 3.05204e-07 3.18456e-07 2.86267e-07 2.06552e-07
 8.39698e-08-6.30673e-08-2.00854e-07-2.90822e-07-3.06555e-07-2.48754e-07
-1.48842e-07-5.54392e-08-8.88920e-09-1.85909e-08-5.80216e-08-8.29587e-08
-6.37119e-08-8.96553e-09 3.94802e-08 3.97143e-08-1.48642e-08-8.76157e-08
-1.26541e-07-1.02814e-07-2.55393e-08 7.29127e-08 1.54882e-07 1.82199e-07
 1.29579e-07 1.73213e-08-8.72610e-08-1.30595e-07-1.20230e-07-8.58181e-08
-1.93560e-08 1.05919e-07 2.81807e-07 4.74117e-07 6.52654e-07 7.71643e-07
 7.65212e-07 5.90349e-07 2.43159e-07-2.44303e-07-7.84518e-07-1.24043e-06
-1.47518e-06-1.40100e-06-1.01392e-06-4.10516e-07 2.35076e-07 7.33057e-07
 9.50128e-07 8.61190e-07 5.58249e-07 2.05888e-07-3.99840e-08-1.06423e-07
-2.93227e-08 8.31529e-08 1.27913e-07 7.44657e-08-2.61861e-08-9.52360e-08
-9.44323e-08-5.02312e-08-1.59272e-08-1.67971e-08-3.60434e-08-4.50855e-08
-3.48297e-08-1.63525e-08-3.03391e-09 1.02892e-09 7.85721e-10 2.61241e-09
 6.60543e-09 8.35688e-09 7.29783e-09 6.46919e-09 5.71635e-09 3.79048e-09
 2.58962e-09 2.19824e-09 1.07548e-10-2.11880e-09-2.25802e-09-3.10374e-09
-5.25713e-09-5.39641e-09-4.72497e-09-5.47557e-09-5.19113e-09-3.70051e-09
-3.28204e-09-2.51181e-09-8.66372e-10-1.24946e-10 6.47215e-10 1.75206e-09
 1.86716e-09 1.93484e-09 2.06624e-09 1.42006e-09 1.06147e-09 8.46298e-10
 2.76055e-10 2.81458e-10 3.63844e-10 3.26692e-10 8.10610e-10 1.09858e-09
 1.28801e-09 1.62055e-09 1.45575e-09 1.21671e-09 8.80389e-10 2.33529e-10
-1.55864e-10-5.11929e-10-7.33425e-10-5.99487e-10-4.11718e-10 1.05663e-10
 7.87372e-10 1.42615e-09 2.10593e-09 2.53120e-09 2.79929e-09 2.86829e-09
 2.67232e-09 2.38015e-09 1.94113e-09 1.54901e-09 1.27505e-09 1.10552e-09
 1.02792e-09 8.87552e-10 7.10504e-10 5.01371e-10 2.69853e-10-4.88017e-11
-5.76627e-10-1.29145e-09-2.07981e-09-2.75152e-09-3.21118e-09-3.50041e-09
-3.72343e-09-3.92790e-09-4.03252e-09-3.93879e-09-3.65358e-09-3.30378e-09
-2.99839e-09-2.72562e-09-2.37987e-09-1.87157e-09-1.23482e-09-6.16806e-10
-1.51725e-10 1.42024e-10 3.42834e-10 5.26895e-10 6.88748e-10 7.71863e-10
 7.74296e-10 7.79813e-10 8.72925e-10 1.05321e-09 1.22927e-09 1.27220e-09
 1.09251e-09 6.95481e-10 1.65461e-10-4.00330e-10-9.31788e-10-1.36772e-09
-1.62494e-09-1.61699e-09-1.31230e-09-7.62303e-10-7.98374e-11 6.02047e-10
 1.17860e-09 1.61074e-09 1.92139e-09 2.15691e-09 2.35264e-09 2.53147e-09
 2.71564e-09 2.91540e-09 3.11202e-09 3.26605e-09 3.33169e-09 3.26303e-09
 3.03010e-09 2.63559e-09 2.10385e-09 1.45554e-09 7.03263e-10-1.33701e-10
-1.01625e-09-1.87615e-09-2.61223e-09-3.10046e-09-3.22207e-09-2.90374e-09
-2.14652e-09-1.03633e-09 2.52687e-10 1.48391e-09 2.42323e-09 2.89731e-09
 2.82512e-09 2.24528e-09 1.32761e-09 3.40549e-10-4.16489e-10-6.89543e-10
-3.39016e-10 6.15717e-10 1.99505e-09 3.49645e-09 4.73858e-09 5.29966e-09
 4.78463e-09 2.94414e-09-2.06828e-10-4.34931e-09-8.91118e-09-1.31684e-08
-1.63697e-08-1.78610e-08-1.71974e-08-1.42633e-08-9.38526e-09-3.33896e-09
 2.81813e-09 8.02525e-09 1.14671e-08 1.27063e-08 1.17127e-08 8.83958e-09
 4.77019e-09 4.17525e-10-3.26556e-09-5.55761e-09-6.18751e-09-5.35906e-09
-3.58636e-09-1.47063e-09 4.58910e-10 1.81682e-09 2.40024e-09 2.23362e-09
 1.59761e-09 9.67247e-10 8.10809e-10 1.34614e-09 2.43387e-09 3.66573e-09
 4.56304e-09 4.77111e-09 4.16196e-09 2.83528e-09 1.08316e-09-6.53185e-10
-1.87725e-09-2.20609e-09-1.55638e-09-2.22080e-10 1.23869e-09 2.24814e-09
 2.44793e-09 1.82717e-09 6.93266e-10-4.74883e-10-1.19517e-09-1.12612e-09
-1.79597e-10 1.43536e-09 3.26614e-09 4.75522e-09 5.43569e-09 5.11164e-09
 3.92429e-09 2.27625e-09 6.67225e-10-4.87565e-10-9.93127e-10-9.20328e-10
-5.49971e-10-2.39468e-10-2.73850e-10-7.64110e-10-1.61221e-09-2.54874e-09
-3.25135e-09-3.49891e-09-3.27992e-09-2.80566e-09-2.41377e-09-2.39488e-09
-2.83607e-09-3.56189e-09-4.19432e-09-4.31901e-09-3.68809e-09-2.34265e-09
-5.99839e-10 1.06164e-09 2.17523e-09 2.47215e-09 1.99664e-09 1.08395e-09
 2.07916e-10-2.27055e-10-4.73968e-11 6.44594e-10 1.54275e-09 2.28204e-09
 2.59785e-09 2.42936e-09 1.91407e-09 1.28665e-09 7.50957e-10 3.86753e-10
 1.18313e-10-2.36288e-10-8.39260e-10-1.70377e-09-2.65742e-09-3.41554e-09
-3.70642e-09-3.39090e-09-2.53651e-09-1.41210e-09-3.88904e-10 2.25698e-10
 3.39687e-10 1.10554e-10-1.61569e-10-1.99297e-10 1.19939e-10 7.10693e-10
 1.33482e-09 1.75329e-09 1.87690e-09 1.81035e-09 1.77734e-09 1.98540e-09
 2.49428e-09 3.14523e-09 3.60265e-09 3.51520e-09 2.71915e-09 1.34589e-09
-2.46065e-10-1.64778e-09-2.55890e-09-2.87235e-09-2.68210e-09-2.20972e-09
-1.67425e-09-1.18161e-09-7.08975e-10-1.89330e-10 3.82982e-10 9.09577e-10
 1.22317e-09 1.17944e-09 7.75350e-10 2.10242e-10-1.93669e-10-1.66193e-10
 3.77397e-10 1.31576e-09 2.38129e-09 3.25263e-09 3.66862e-09 3.53486e-09
 2.93947e-09 2.03940e-09 9.18035e-10-4.42771e-10-2.05797e-09-3.81397e-09
-5.42860e-09-6.51638e-09-6.72871e-09-5.92231e-09-4.26812e-09-2.20760e-09
-2.74041e-10 1.09359e-09 1.65474e-09 1.39762e-09 5.09960e-10-7.19114e-10
-2.01088e-09-3.11627e-09-3.74416e-09-3.54492e-09-2.24387e-09 1.72279e-10
 3.37588e-09 6.76052e-09 9.57137e-09 1.10654e-08 1.07106e-08 8.36712e-09
 4.33242e-09-7.70080e-10-6.14391e-09-1.09220e-08-1.42521e-08-1.54208e-08
-1.39984e-08-9.97487e-09-3.87396e-09 3.24167e-09 9.98743e-09 1.50475e-08
 1.75181e-08 1.70555e-08 1.38803e-08 8.71536e-09 2.62436e-09-3.25892e-09
-7.97711e-09-1.08513e-08-1.15102e-08-9.98439e-09-6.81582e-09-2.97193e-09
 4.83050e-10 2.75247e-09 3.50936e-09 2.93278e-09 1.62394e-09 3.76107e-10
-1.73515e-10-1.07872e-10
     0.0000e+00     0.0000e+00      0  0  0.00
     512   1.00000  0.0000e+00
 7.31964e-11 2.95022e-10 1.02402e-09 2.33631e-09 4.14123e-09 6.12189e-09
 7.75290e-09 8.41033e-09 7.53363e-09 4.78579e-09 1.81471e-10-5.83865e-09
-1.24220e-08-1.84385e-08-2.27278e-08-2.44069e-08-2.31380e-08-1.92344e-08
-1.35461e-08-7.18075e-09-1.18320e-09 3.70939e-09 7.18073e-09 9.32066e-09
 1.05106e-08 1.12417e-08 1.19222e-08 1.27389e-08 1.36022e-08 1.41660e-08
 1.39261e-08 1.24178e-08 9.47934e-09 5.44102e-09 1.07165e-09-2.71341e-09
-5.19166e-09-6.04608e-09-5.40738e-09-3.74311e-09-1.65028e-09 3.34603e-10
 1.82585e-09 2.60956e-09 2.65323e-09 2.08842e-09 1.13852e-09 3.34558e-11
-1.03474e-09-1.92074e-09-2.52020e-09-2.73666e-09-2.41767e-09-1.32990e-09
 7.43164e-10 3.81176e-09 7.51807e-09 1.10513e-08 1.31085e-08 1.19483e-08
 5.69506e-09-6.99858e-09-2.59954e-08-4.86226e-08-6.88309e-08-7.72623e-08
-6.48723e-08-3.19745e-08 7.82295e-09 4.10931e-08 6.76096e-08 9.09866e-08
 1.05835e-07 1.01279e-07 6.99390e-08 1.51556e-08-4.47465e-08-8.36563e-08
-8.44933e-08-5.12599e-08-7.13574e-09 1.96596e-08 1.37267e-08-1.70234e-08
-4.57315e-08-4.49549e-08-8.85255e-09 3.96613e-08 6.72055e-08 5.65047e-08
 1.62617e-08-2.92493e-08-5.78553e-08-5.99712e-08-3.60184e-08 7.79784e-09
 5.20970e-08 6.37738e-08 2.95342e-08-1.52807e-08-2.48709e-08-1.72128e-10
 2.90889e-08 5.81517e-08 9.54650e-08 1.21223e-07 1.07950e-07 5.38242e-08
-3.61638e-08-1.55146e-07-2.70129e-07-3.37644e-07-3.30896e-07-2.34984e-07
-5.28123e-08 1.76019e-07 3.82373e-07 4.91917e-07 4.51592e-07 2.59341e-07
-2.04746e-08-2.76116e-07-3.97112e-07-3.30642e-07-1.18469e-07 1.14873e-07
 2.30830e-07 1.66540e-07-1.58314e-08-1.66206e-07-1.61625e-07-1.58542e-08
 1.25221e-07 1.24176e-07-1.39487e-10-9.31321e-08-5.31463e-08 4.42449e-08
 6.29473e-08 2.17572e-10-3.33003e-08-1.02243e-09 2.20966e-08 1.10436e-09
-1.18207e-08 3.06560e-09 5.20295e-09-8.60858e-09-5.95100e-09 3.31285e-09
-2.74573e-09-6.03890e-09 2.08125e-09 1.70788e-09-3.09473e-09 1.62938e-09
 3.26301e-09-1.56074e-09 2.39923e-10 2.06302e-09-1.96147e-09-1.35506e-09
 6.25874e-10-1.90309e-09-9.83837e-10 1.18048e-09-3.33115e-10 7.47003e-10
 2.26938e-09 7.94634e-10 1.53222e-09 1.98968e-09 3.43184e-10 7.79252e-10
 4.65170e-10-7.55353e-10 3.82354e-11-1.34696e-10-2.03901e-10 1.05147e-09
 1.05050e-09 1.56298e-09 2.23299e-09 1.73866e-09 1.96900e-09 1.63002e-09
 8.05102e-10 5.55174e-10-3.76188e-10-8.97772e-10-1.08002e-09-1.42785e-09
-1.10726e-09-1.02839e-09-8.62891e-10-5.16058e-10-5.35018e-10-4.23482e-10
-6.95952e-10-1.16803e-09-1.61955e-09-2.17062e-09-2.48876e-09-2.86591e-09
-3.12133e-09-3.12095e-09-2.84406e-09-2.20045e-09-1.50186e-09-9.06025e-10
-5.72314e-10-3.94048e-10-2.14993e-10-1.14772e-10-2.33274e-10-6.80478e-10
-1.27854e-09-1.71019e-09-1.74409e-09-1.42152e-09-9.78941e-10-5.79381e-10
-1.93592e-10 3.18003e-10 9.57740e-10 1.50626e-09 1.69566e-09 1.44736e-09
 9.40723e-10 4.61154e-10 1.68440e-10 2.86991e-11-3.62755e-11-5.06778e-12
 2.44901e-10 8.13402e-10 1.62447e-09 2.43410e-09 3.01182e-09 3.27138e-09
 3.26157e-09 3.07915e-09 2.77017e-09 2.33481e-09 1.82164e-09 1.35032e-09
 1.05882e-09 1.04716e-09 1.30847e-09 1.71862e-09 2.13618e-09 2.47345e-09
 2.66907e-09 2.66470e-09 2.41565e-09 1.90129e-09 1.14958e-09 2.50204e-10
-6.71897e-10-1.48526e-09-2.08893e-09-2.44817e-09-2.56576e-09-2.45221e-09
-2.15883e-09-1.77756e-09-1.40208e-09-1.13334e-09-1.06788e-09-1.23960e-09
-1.60929e-09-2.09068e-09-2.55742e-09-2.87605e-09-2.95600e-09-2.74554e-09
-2.21472e-09-1.37964e-09-3.15510e-10 8.57160e-10 1.97894e-09 2.88631e-09
 3.47945e-09 3.73478e-09 3.65560e-09 3.25810e-09 2.61209e-09 1.85583e-09
 1.16051e-09 6.91359e-10 5.62782e-10 7.89852e-10 1.31571e-09 2.08356e-09
 3.00427e-09 3.86907e-09 4.39290e-09 4.34987e-09 3.64701e-09 2.33899e-09
 6.04155e-10-1.34300e-09-3.29616e-09-4.97951e-09-6.02844e-09-6.16448e-09
-5.38059e-09-3.94138e-09-2.24324e-09-6.51264e-10 5.88211e-10 1.29588e-09
 1.28302e-09 4.27456e-10-1.13954e-09-2.95999e-09-4.43695e-09-5.15348e-09
-5.03128e-09-4.24374e-09-3.04435e-09-1.66380e-09-3.44489e-10 5.72165e-10
 7.27285e-10-5.53091e-12-1.37647e-09-2.86645e-09-3.95475e-09-4.36047e-09
-4.08331e-09-3.27345e-09-2.11474e-09-8.01884e-10 4.23543e-10 1.27342e-09
 1.53929e-09 1.24265e-09 6.34375e-10 5.70364e-11-2.30339e-10-1.81015e-10
 6.88150e-11 3.61250e-10 6.25960e-10 8.71239e-10 1.13422e-09 1.45271e-09
 1.87954e-09 2.49261e-09 3.33351e-09 4.32084e-09 5.22768e-09 5.74331e-09
 5.61126e-09 4.77586e-09 3.42362e-09 1.91590e-09 6.72329e-10 2.18139e-11
 8.88248e-11 7.85076e-10 1.85010e-09 2.90344e-09 3.55469e-09 3.53928e-09
 2.80297e-09 1.51982e-09 2.75537e-11-1.31560e-09-2.26555e-09-2.75044e-09
-2.85006e-09-2.71336e-09-2.46481e-09-2.15423e-09-1.75535e-09-1.21207e-09
-5.16983e-10 2.38797e-10 8.69170e-10 1.13607e-09 8.43744e-10-4.82799e-11
-1.37372e-09-2.78265e-09-3.82885e-09-4.13168e-09-3.53892e-09-2.18454e-09
-4.38951e-10 1.21412e-09 2.35148e-09 2.75477e-09 2.44878e-09 1.64598e-09
 6.36950e-10-3.30661e-10-1.11953e-09-1.69379e-09-2.06719e-09-2.23403e-09
-2.11838e-09-1.59885e-09-6.06882e-10 7.72945e-10 2.26744e-09 3.47506e-09
 4.00257e-09 3.61566e-09 2.34671e-09 5.16465e-10-1.36620e-09-2.79466e-09
-3.44035e-09-3.23421e-09-2.34678e-09-1.09162e-09 2.11069e-10 1.34678e-09
 2.22581e-09 2.80981e-09 3.03514e-09 2.80375e-09 2.02790e-09 7.00075e-10
-1.02620e-09-2.79742e-09-4.12778e-09-4.57266e-09-3.92628e-09-2.32476e-09
-1.92155e-10 1.91880e-09 3.50424e-09 4.25768e-09 4.13745e-09 3.30620e-09
 1.99656e-09 4.20030e-10-1.23780e-09-2.78244e-09-3.98156e-09-4.55901e-09
-4.24660e-09-2.92312e-09-7.67409e-10 1.72090e-09 3.88098e-09 5.13004e-09
 5.15473e-09 3.98985e-09 1.97443e-09-3.87699e-10-2.60093e-09-4.30379e-09
-5.28846e-09-5.43599e-09-4.66844e-09-2.98791e-09-5.59675e-10 2.23901e-09
 4.83298e-09 6.55233e-09 6.85394e-09 5.57265e-09 3.01484e-09-1.73884e-10
-3.24223e-09-5.53406e-09-6.62482e-09-6.37982e-09-4.90591e-09-2.44490e-09
 6.71582e-10 3.96892e-09 6.79202e-09 8.41446e-09 8.28287e-09 6.25201e-09
 2.67879e-09-1.65130e-09-5.73027e-09-8.61758e-09-9.70676e-09-8.82813e-09
-6.17259e-09-2.17900e-09 2.51498e-09 7.11114e-09 1.07402e-08 1.25820e-08
 1.20230e-08 8.88910e-09 3.65058e-09-2.61228e-09-8.54043e-09-1.29151e-08
-1.49248e-08-1.42451e-08-1.10395e-08-5.93343e-09 7.26197e-11 5.75257e-09
 9.83611e-09 1.12642e-08 9.58278e-09 5.34760e-09 2.16356e-10-3.47259e-09
-3.52989e-09-1.20834e-09
     0.0000e+00     0.0000e+00      0  0  0.00
     512   1.00000  0.0000e+00
 7.35118e-09 6.63231e-09 5.42311e-09 3.56514e-09 9.43511e-10-2.46467e-09
-6.54662e-09-1.10521e-08-1.56412e-08-1.99342e-08-2.35354e-08-2.60727e-08
-2.72816e-08-2.70789e-08-2.55680e-08-2.30091e-08-1.98023e-08-1.64428e-08
-1.33831e-08-1.08609e-08-8.83074e-09-7.03587e-09-5.13157e-09-2.78373e-09
 2.43639e-10 3.99855e-09 8.30065e-09 1.27894e-08 1.70171e-08 2.05317e-08
 2.29550e-08 2.40634e-08 2.38235e-08 2.23541e-08 1.98597e-08 1.65934e-08
 1.28395e-08 8.89615e-09 5.07815e-09 1.73370e-09-7.80598e-10-2.17448e-09
-2.27717e-09-1.02835e-09 1.53553e-09 5.24683e-09 9.77423e-09 1.46532e-08
 1.93382e-08 2.32316e-08 2.57526e-08 2.65091e-08 2.54955e-08 2.32113e-08
 2.07174e-08 1.96588e-08 2.21109e-08 3.00353e-08 4.43407e-08 6.37594e-08
 8.38125e-08 9.62171e-08 8.93336e-08 5.03964e-08-3.00424e-08-1.51654e-07
-2.97636e-07-4.34032e-07-5.22508e-07-5.38931e-07-4.76157e-07-3.32773e-07
-1.15490e-07 1.44363e-07 3.87933e-07 5.47439e-07 5.75047e-07 4.69497e-07
 2.84042e-07 1.04878e-07 7.79471e-09 1.69156e-08 9.15746e-08 1.53674e-07
 1.42955e-07 6.30543e-08-1.94166e-08-2.76237e-08 5.94600e-08 1.84989e-07
 2.59608e-07 2.31446e-07 1.13666e-07-4.42834e-08-1.88169e-07-2.60315e-07
-2.21331e-07-1.09624e-07-3.37567e-08-5.92930e-08-1.44445e-07-2.27279e-07
-3.22148e-07-4.68889e-07-6.40690e-07-7.78122e-07-8.50347e-07-8.18571e-07
-6.29644e-07-2.81427e-07 1.81764e-07 7.05101e-07 1.20074e-06 1.55069e-06
 1.65864e-06 1.48202e-06 1.04582e-06 4.49387e-07-1.58462e-07-6.32994e-07
-8.83452e-07-8.97069e-07-7.33871e-07-4.93146e-07-2.65363e-07-9.96272e-08
-3.96287e-09 3.32264e-08 2.49204e-08-1.32247e-08-4.78429e-08-3.39054e-08
 4.07613e-08 1.21695e-07 1.28576e-07 5.16538e-08-1.91868e-08-4.33355e-09
 5.44637e-08 5.76615e-08 1.08417e-09-2.86128e-08-5.79525e-09 6.16454e-09
-1.46283e-08-2.05790e-08-3.88632e-09-3.37385e-09-1.33234e-08-5.22456e-09
 3.74344e-09-2.58764e-09-2.10457e-09 6.82844e-09 4.66060e-09 1.84147e-09
 8.11482e-09 8.05136e-09 4.39902e-09 8.33416e-09 8.86503e-09 5.07023e-09
 6.99634e-09 6.76785e-09 2.68091e-09 3.26703e-09 2.40798e-09-1.08743e-09
-4.23157e-10-1.04786e-09-3.11234e-09-1.66800e-09-1.86694e-09-2.61551e-09
-9.32074e-10-1.38017e-09-1.59662e-09-5.29690e-10-1.53084e-09-1.51029e-09
-1.19494e-09-2.20982e-09-1.79187e-09-1.86845e-09-2.20674e-09-1.37956e-09
-1.50833e-09-1.24072e-09-7.91976e-10-1.13203e-09-8.88497e-10-1.35005e-09
-2.11024e-09-2.61091e-09-3.59499e-09-4.06047e-09-4.55263e-09-4.94040e-09
-4.81701e-09-4.67436e-09-3.96824e-09-3.17101e-09-2.43304e-09-1.75614e-09
-1.33088e-09-7.27261e-10-1.16093e-10 4.72488e-10 9.00821e-10 1.18808e-09
 1.68835e-09 2.48713e-09 3.57047e-09 4.63764e-09 5.51460e-09 6.23949e-09
 6.94671e-09 7.68303e-09 8.19623e-09 8.19798e-09 7.62095e-09 6.71023e-09
 5.77274e-09 4.92131e-09 4.05351e-09 3.05292e-09 2.00802e-09 1.16718e-09
 6.88684e-10 4.56976e-10 1.82531e-10-3.27075e-10-1.00872e-09-1.64903e-09
-2.12039e-09-2.47699e-09-2.81989e-09-3.12780e-09-3.25105e-09-3.02902e-09
-2.41236e-09-1.51599e-09-5.39901e-10 3.83857e-10 1.23778e-09 2.01781e-09
 2.63663e-09 2.94840e-09 2.85156e-09 2.35761e-09 1.58095e-09 6.82668e-10
-1.97377e-10-9.95547e-10-1.71949e-09-2.37967e-09-2.95212e-09-3.43110e-09
-3.87855e-09-4.38145e-09-4.98064e-09-5.64970e-09-6.30049e-09-6.80096e-09
-7.03269e-09-6.94315e-09-6.52565e-09-5.77079e-09-4.67219e-09-3.27340e-09
-1.69172e-09-1.05357e-10 1.28326e-09 2.29880e-09 2.82771e-09 2.81955e-09
 2.28963e-09 1.34412e-09 1.92938e-10-8.87777e-10-1.63674e-09-1.88818e-09
-1.60980e-09-8.86837e-10 1.10731e-10 1.13783e-09 1.89439e-09 2.09722e-09
 1.57075e-09 3.23322e-10-1.41940e-09-3.27457e-09-4.80056e-09-5.52244e-09
-4.94823e-09-2.71116e-09 1.22975e-09 6.50190e-09 1.23779e-08 1.79287e-08
 2.22265e-08 2.45046e-08 2.42221e-08 2.11510e-08 1.55630e-08 8.32372e-09
 6.93495e-10-6.07035e-09-1.10408e-08-1.37315e-08-1.40264e-08-1.20950e-08
-8.42568e-09-3.89220e-09 3.72705e-10 3.36404e-09 4.61813e-09 4.31505e-09
 3.01224e-09 1.29492e-09-3.91867e-10-1.72384e-09-2.44751e-09-2.44924e-09
-1.91225e-09-1.33042e-09-1.24778e-09-1.91118e-09-3.13318e-09-4.45539e-09
-5.43605e-09-5.83152e-09-5.59939e-09-4.80840e-09-3.59057e-09-2.19003e-09
-9.92279e-10-3.93606e-10-5.68337e-10-1.33524e-09-2.24446e-09-2.82991e-09
-2.85433e-09-2.39186e-09-1.73042e-09-1.21205e-09-1.12922e-09-1.67555e-09
-2.88468e-09-4.56311e-09-6.29008e-09-7.53129e-09-7.84025e-09-7.04339e-09
-5.29749e-09-3.00665e-09-6.72178e-10 1.25799e-09 2.51575e-09 3.08330e-09
 3.16001e-09 3.04190e-09 3.00298e-09 3.22553e-09 3.75577e-09 4.48802e-09
 5.21924e-09 5.75981e-09 6.03125e-09 6.09761e-09 6.11037e-09 6.19547e-09
 6.35812e-09 6.45404e-09 6.23370e-09 5.46428e-09 4.07601e-09 2.21625e-09
 1.87087e-10-1.64435e-09-2.92944e-09-3.45052e-09-3.22665e-09-2.51939e-09
-1.71640e-09-1.16669e-09-1.06087e-09-1.39941e-09-2.02996e-09-2.72055e-09
-3.25224e-09-3.49958e-09-3.44579e-09-3.13379e-09-2.61575e-09-1.92612e-09
-1.05780e-09 3.12930e-11 1.33984e-09 2.73456e-09 3.96098e-09 4.74857e-09
 4.90861e-09 4.37692e-09 3.23448e-09 1.72215e-09 2.02117e-10-9.68729e-10
-1.58727e-09-1.66002e-09-1.34559e-09-8.65056e-10-4.29074e-10-1.75717e-10
-1.48418e-10-3.39925e-10-7.42322e-10-1.34350e-09-2.10081e-09-2.93527e-09
-3.72670e-09-4.28774e-09-4.36160e-09-3.71258e-09-2.28520e-09-2.87451e-10
 1.89765e-09 3.87262e-09 5.31560e-09 6.01164e-09 5.89440e-09 5.06872e-09
 3.76026e-09 2.22204e-09 6.70896e-10-7.11468e-10-1.75398e-09-2.30481e-09
-2.26959e-09-1.66294e-09-6.74163e-10 3.22820e-10 9.01160e-10 7.76693e-10
-1.02775e-10-1.60599e-09-3.48173e-09-5.36103e-09-6.78796e-09-7.36840e-09
-6.92298e-09-5.48424e-09-3.19793e-09-2.99990e-10 2.82762e-09 5.66499e-09
 7.67962e-09 8.47712e-09 7.89933e-09 6.07293e-09 3.39660e-09 4.34426e-10
-2.23150e-09-4.09466e-09-4.77618e-09-4.11777e-09-2.28492e-09 2.56580e-10
 2.90450e-09 5.05833e-09 6.15002e-09 5.70987e-09 3.56976e-09 3.30629e-11
-4.20353e-09-8.29785e-09-1.14250e-08-1.28182e-08-1.18766e-08-8.38658e-09
-2.67255e-09 4.44382e-09 1.17988e-08 1.80721e-08 2.20198e-08 2.27423e-08
 1.98789e-08 1.36835e-08 5.03205e-09-4.66589e-09-1.37452e-08-2.06753e-08
-2.43340e-08-2.40989e-08-1.99469e-08-1.26350e-08-3.68864e-09 5.01554e-09
 1.18203e-08 1.56168e-08 1.59178e-08 1.29300e-08 7.63055e-09 1.56991e-09
-3.62801e-09-6.74199e-09-7.19861e-09-5.20590e-09-1.84148e-09 1.11682e-09
 1.80597e-09 6.85792e-10
     0.0000e+00     0.0000e+00      0  0  0.00
     512   1.00000  0.0000e+00
-3.52681e-09-3.43818e-09-3.44156e-09-3.45386e-09-3.31789e-09-2.83823e-09
-1.82185e-09-1.14265e-10 2.36107e-09 5.56873e-09 9.35738e-09 1.34867e-08
 1.76546e-08 2.15061e-08 2.46512e-08 2.67132e-08 2.73852e-08 2.64572e-08
 2.38179e-08 1.94736e-08 1.35856e-08 6.48993e-09-1.32556e-09-9.27024e-09
-1.67092e-08-2.30378e-08-2.77704e-08-3.06107e-08-3.14756e-08-3.04801e-08
-2.79095e-08-2.41795e-08-1.97712e-08-1.51476e-08-1.06781e-08-6.59890e-09
-3.01643e-09 5.59528e-11 2.65564e-09 4.84974e-09 6.73470e-09 8.43176e-09
 1.00692e-08 1.17667e-08 1.36233e-08 1.56859e-08 1.79039e-08 2.01117e-08
 2.20662e-08 2.35095e-08 2.42248e-08 2.41000e-08 2.32151e-08 2.19021e-08
 2.07135e-08 2.02865e-08 2.11356e-08 2.33768e-08 2.63929e-08 2.85409e-08
 2.70940e-08 1.85949e-08-2.61867e-10-3.11875e-08-7.24001e-08-1.16905e-07
-1.53235e-07-1.70069e-07-1.61040e-07-1.26126e-07-7.03021e-08-1.74387e-09
 6.71844e-08 1.19081e-07 1.37279e-07 1.14538e-07 5.77379e-08-1.32247e-08
-7.27847e-08-1.00936e-07-9.27565e-08-6.07385e-08-2.72535e-08-1.02868e-08
-1.14174e-08-1.56370e-08-4.35682e-09 2.82672e-08 6.94650e-08 9.84953e-08
 1.04264e-07 9.29011e-08 8.07694e-08 8.38830e-08 1.10835e-07 1.55359e-07
 1.93223e-07 1.99531e-07 1.78001e-07 1.63732e-07 1.86154e-07 2.33239e-07
 2.65529e-07 2.58850e-07 2.04385e-07 8.18728e-08-1.24967e-07-4.05549e-07
-7.29478e-07-1.03960e-06-1.24912e-06-1.27741e-06-1.07832e-06-6.50003e-07
-5.20735e-08 5.91557e-07 1.12335e-06 1.40273e-06 1.35691e-06 1.01388e-06
 5.00550e-07-2.73199e-09-3.35456e-07-4.24101e-07-3.10357e-07-1.20824e-07
 8.53476e-09 1.07652e-08-8.09857e-08-1.72249e-07-1.85535e-07-1.18491e-07
-3.37548e-08 7.05292e-09-3.21976e-09-2.47822e-08-2.22658e-08 2.19848e-09
 2.44527e-08 2.97206e-08 2.29621e-08 1.65942e-08 1.61890e-08 1.73188e-08
 1.39701e-08 8.17920e-09 5.43232e-09 4.29463e-09 8.61275e-10-2.22980e-09
-2.42391e-09-3.38192e-09-5.78618e-09-5.94142e-09-5.27288e-09-6.24055e-09
-6.00948e-09-4.40589e-09-4.32522e-09-4.00215e-09-2.42175e-09-2.16156e-09
-2.07388e-09-8.70968e-10-7.43376e-10-8.42393e-10 1.79633e-11-2.17416e-11
-1.06671e-10 6.76032e-10 7.07141e-10 8.88645e-10 1.64345e-09 1.61166e-09
 1.83331e-09 2.26791e-09 1.97754e-09 2.04718e-09 2.02259e-09 1.53909e-09
 1.48895e-09 1.10567e-09 5.86163e-10 4.47657e-10 4.49338e-12-1.94839e-10
-2.49742e-10-5.46464e-10-5.53285e-10-7.17206e-10-9.04870e-10-8.85473e-10
-1.03134e-09-9.91867e-10-9.72309e-10-9.74549e-10-7.42527e-10-5.17245e-10
-1.09923e-10 3.43552e-10 8.07453e-10 1.38880e-09 1.90281e-09 2.41253e-09
 2.79004e-09 3.03476e-09 3.19870e-09 3.24138e-09 3.21335e-09 3.03780e-09
 2.74761e-09 2.39990e-09 2.06727e-09 1.79075e-09 1.49429e-09 1.11415e-09
 6.21854e-10 7.72427e-11-4.57264e-10-9.78472e-10-1.53298e-09-2.14766e-09
-2.75796e-09-3.24921e-09-3.53161e-09-3.60085e-09-3.51455e-09-3.30896e-09
-2.96493e-09-2.46236e-09-1.83097e-09-1.14475e-09-4.87473e-10 9.41983e-11
 6.06453e-10 1.06744e-09 1.46759e-09 1.77673e-09 1.97674e-09 2.08221e-09
 2.11846e-09 2.08216e-09 1.94324e-09 1.67591e-09 1.27074e-09 7.26244e-10
 4.60967e-11-7.52400e-10-1.63592e-09-2.55867e-09-3.45867e-09-4.26082e-09
-4.89818e-09-5.32888e-09-5.52892e-09-5.47958e-09-5.17483e-09-4.63509e-09
-3.89986e-09-3.01013e-09-2.00159e-09-9.05888e-10 2.45475e-10 1.41808e-09
 2.57414e-09 3.67141e-09 4.66724e-09 5.52273e-09 6.19344e-09 6.62299e-09
 6.75448e-09 6.54857e-09 5.99962e-09 5.14239e-09 4.04520e-09 2.80055e-09
 1.52108e-09 3.31529e-10-6.58326e-10-1.38966e-09-1.87416e-09-2.18921e-09
-2.45516e-09-2.80527e-09-3.35424e-09-4.16558e-09-5.22264e-09-6.40358e-09
-7.46895e-09-8.09808e-09-7.98108e-09-6.91110e-09-4.83261e-09-1.86259e-09
 1.68749e-09 5.31193e-09 8.37655e-09 1.02485e-08 1.04513e-08 8.80022e-09
 5.46310e-09 9.25427e-10-4.09758e-09-8.75056e-09-1.21522e-08-1.35782e-08
-1.26704e-08-9.55626e-09-4.80819e-09 7.17096e-10 6.07629e-09 1.04199e-08
 1.31245e-08 1.38897e-08 1.28187e-08 1.04202e-08 7.45679e-09 4.68227e-09
 2.60638e-09 1.39927e-09 9.39528e-10 9.17826e-10 9.39047e-10 6.31863e-10
-2.30029e-10-1.61827e-09-3.20969e-09-4.49026e-09-4.97673e-09-4.42181e-09
-2.90466e-09-7.90427e-10 1.39833e-09 3.12569e-09 3.97419e-09 3.76860e-09
 2.65314e-09 1.06611e-09-4.04621e-10-1.24044e-09-1.18349e-09-3.14651e-10
 9.91451e-10 2.20667e-09 2.84287e-09 2.62293e-09 1.56680e-09-2.34606e-11
-1.67376e-09-2.90764e-09-3.41278e-09-3.14902e-09-2.36177e-09-1.48557e-09
-9.67929e-10-1.08802e-09-1.84878e-09-2.98856e-09-4.10131e-09-4.80070e-09
-4.86387e-09-4.31253e-09-3.39991e-09-2.50429e-09-1.96746e-09-1.93768e-09
-2.29441e-09-2.70222e-09-2.76311e-09-2.19458e-09-9.65000e-10 6.77393e-10
 2.30371e-09 3.47674e-09 3.92076e-09 3.63340e-09 2.88945e-09 2.11984e-09
 1.71876e-09 1.87020e-09 2.47629e-09 3.22267e-09 3.73782e-09 3.75496e-09
 3.21161e-09 2.26481e-09 1.21502e-09 3.60890e-10-1.44647e-10-3.57899e-10
-4.96557e-10-8.08555e-10-1.42430e-09-2.27164e-09-3.10162e-09-3.60633e-09
-3.56141e-09-2.92704e-09-1.87261e-09-7.20586e-10 1.75081e-10 5.80514e-10
 4.95754e-10 1.52526e-10-1.17998e-10-6.16125e-11 3.87284e-10 1.10036e-09
 1.83318e-09 2.34431e-09 2.50804e-09 2.36982e-09 2.11146e-09 1.93540e-09
 1.92828e-09 1.98724e-09 1.86334e-09 1.30930e-09 2.49331e-10-1.13902e-09
-2.49445e-09-3.44779e-09-3.78541e-09-3.52106e-09-2.87339e-09-2.16544e-09
-1.67009e-09-1.46967e-09-1.42402e-09-1.28759e-09-9.01336e-10-3.10892e-10
 2.76389e-10 6.45973e-10 7.25687e-10 6.41300e-10 6.47913e-10 9.78262e-10
 1.70140e-09 2.66910e-09 3.56928e-09 4.05954e-09 3.92472e-09 3.18462e-09
 2.07843e-09 9.09457e-10-1.45931e-10-1.10224e-09-2.05438e-09-3.01461e-09
-3.84509e-09-4.31903e-09-4.23749e-09-3.52890e-09-2.30425e-09-8.45858e-10
 4.91654e-10 1.43331e-09 1.89474e-09 1.97873e-09 1.86709e-09 1.68946e-09
 1.46510e-09 1.16186e-09 8.19382e-10 6.12069e-10 7.72924e-10 1.44145e-09
 2.57097e-09 3.94263e-09 5.22374e-09 6.02683e-09 6.00048e-09 4.95852e-09
 2.95428e-09 2.20432e-10-2.95417e-09-6.26694e-09-9.33836e-09-1.16672e-08
-1.27146e-08-1.20863e-08-9.69286e-09-5.80838e-09-1.02022e-09 3.89277e-09
 8.10748e-09 1.09060e-08 1.18272e-08 1.07877e-08 8.09497e-09 4.32098e-09
 1.35579e-10-3.77300e-09-6.72245e-09-8.15531e-09-7.86626e-09-6.13767e-09
-3.61943e-09-1.04742e-09 9.81312e-10 2.11064e-09 2.28819e-09 1.79725e-09
 1.14710e-09 8.01051e-10 9.16537e-10 1.29131e-09 1.53280e-09 1.33081e-09
 7.27268e-10 1.80113e-10
     0.0000e+00     0.0000e+00      0  0  0.00
     512   1.00000  0.0000e+00
-3.01095e-09-2.74086e-09-2.26266e-09-1.49571e-09-3.78669e-10 1.10382e-09
 2.89836e-09 4.87135e-09 6.82383e-09 8.54209e-09 9.86336e-09 1.07122e-08
 1.10852e-08 1.10099e-08 1.05212e-08 9.66577e-09 8.51268e-09 7.15287e-09
 5.68763e-09 4.21014e-09 2.78071e-09 1.40943e-09 6.83005e-11-1.27332e-09
-2.62614e-09-3.99102e-09-5.37631e-09-6.78922e-09-8.20472e-09-9.54256e-09
-1.06732e-08-1.14504e-08-1.17518e-08-1.15055e-08-1.06904e-08-9.32530e-09
-7.47493e-09-5.27386e-09-2.93464e-09-7.15835e-10 1.13743e-09 2.45329e-09
 3.17393e-09 3.36332e-09 3.17285e-09 2.78186e-09 2.35667e-09 2.04481e-09
 1.96499e-09 2.16190e-09 2.56272e-09 2.98913e-09 3.21902e-09 3.04891e-09
 2.34367e-09 1.10563e-09-4.32607e-10-1.73770e-09-1.97984e-09-1.58331e-10
 4.59465e-09 1.25061e-08 2.25397e-08 3.18990e-08 3.59338e-08 2.90181e-08
 8.48093e-09-1.93812e-08-4.21762e-08-5.45229e-08-5.96093e-08-5.72058e-08
-4.28133e-08-1.63815e-08 1.57398e-08 4.31169e-08 5.52142e-08 4.75727e-08
 2.46633e-08-2.27592e-09-2.03240e-08-2.15873e-08-7.92322e-09 1.00893e-08
 1.96895e-08 1.47675e-08 9.00822e-10-9.11232e-09-6.40792e-09 6.34051e-09
 1.81930e-08 2.03112e-08 1.18159e-08-3.32371e-09-1.97269e-08-2.84849e-08
-1.96274e-08 4.60392e-09 2.61318e-08 3.23751e-08 3.31432e-08 4.17841e-08
 4.89758e-08 3.47423e-08-3.59450e-09-5.81203e-08-1.25878e-07-1.93045e-07
-2.30548e-07-2.17429e-07-1.43532e-07-5.84476e-09 1.73465e-07 3.44613e-07
 4.50725e-07 4.44283e-07 3.05015e-07 5.96929e-08-2.16728e-07-4.24798e-07
-4.80460e-07-3.56793e-07-1.07209e-07 1.49994e-07 2.88365e-07 2.44816e-07
 6.31227e-08-1.25462e-07-1.86589e-07-8.31902e-08 8.80048e-08 1.71387e-07
 9.46023e-08-5.34818e-08-1.12036e-07-3.10482e-08 7.01738e-08 6.26518e-08
-2.05218e-08-5.02446e-08-2.90957e-09 2.55275e-08-2.36649e-09-1.94414e-08
 1.24306e-09 8.07439e-09-8.83952e-09-7.23468e-09 6.57074e-09 5.19616e-10
-6.82563e-09 2.59244e-09 4.33313e-09-3.61142e-09 3.55580e-10 4.66060e-09
-1.51799e-09-9.91680e-10 3.27957e-09-1.10603e-09-1.92401e-09 1.82068e-09
-1.12391e-09-1.99198e-09 1.18016e-09-1.00724e-09-1.56899e-09 9.66841e-10
-8.83157e-10-9.61213e-10 8.86734e-10-9.15799e-10-6.39534e-10 3.94046e-10
-1.24533e-09-4.71446e-10 3.21513e-11-9.53455e-10 3.09788e-10 3.71018e-10
 1.09164e-10 1.36462e-09 1.03536e-09 1.35691e-09 2.09044e-09 1.56338e-09
 2.06090e-09 1.97696e-09 1.58447e-09 2.05717e-09 1.78789e-09 2.04373e-09
 2.30348e-09 2.10749e-09 2.48015e-09 2.32899e-09 2.26192e-09 2.15418e-09
 1.59916e-09 1.27826e-09 6.87157e-10 2.55596e-10-1.26950e-10-6.25130e-10
-8.95100e-10-1.17112e-09-1.20345e-09-1.19674e-09-1.27112e-09-1.38945e-09
-1.55809e-09-1.57565e-09-1.57300e-09-1.63228e-09-1.82106e-09-2.08048e-09
-2.24384e-09-2.23385e-09-2.08287e-09-1.95274e-09-1.90988e-09-1.89443e-09
-1.78478e-09-1.55568e-09-1.34127e-09-1.28237e-09-1.39498e-09-1.57355e-09
-1.70064e-09-1.75613e-09-1.81416e-09-1.91740e-09-2.01746e-09-2.03261e-09
-1.91822e-09-1.70577e-09-1.47756e-09-1.29086e-09-1.14887e-09-1.02722e-09
-9.08450e-10-8.11297e-10-7.62805e-10-7.34745e-10-6.61391e-10-5.06900e-10
-2.68873e-10 5.18724e-11 4.49634e-10 9.05098e-10 1.38529e-09 1.84569e-09
 2.25224e-09 2.59328e-09 2.86063e-09 3.05430e-09 3.19707e-09 3.31156e-09
 3.40811e-09 3.50516e-09 3.62195e-09 3.74452e-09 3.82685e-09 3.82856e-09
 3.74079e-09 3.57983e-09 3.36549e-09 3.11540e-09 2.85007e-09 2.58539e-09
 2.33213e-09 2.10078e-09 1.88852e-09 1.68074e-09 1.46643e-09 1.23002e-09
 9.57953e-10 6.66078e-10 3.79295e-10 1.01507e-10-1.57598e-10-3.71241e-10
-5.30581e-10-6.42976e-10-7.13123e-10-7.78447e-10-9.26902e-10-1.24259e-09
-1.77103e-09-2.52031e-09-3.43776e-09-4.41799e-09-5.35347e-09-6.12330e-09
-6.55989e-09-6.51282e-09-5.94533e-09-4.94684e-09-3.69337e-09-2.40614e-09
-1.29052e-09-4.94034e-10-1.34774e-10-3.17298e-10-1.04546e-09-2.13277e-09
-3.25465e-09-4.08729e-09-4.41287e-09-4.16731e-09-3.41006e-09-2.25154e-09
-8.49455e-10 5.47751e-10 1.62576e-09 2.12556e-09 1.99053e-09 1.40881e-09
 6.97687e-10 1.44335e-10-8.51656e-11 5.27168e-11 5.39556e-10 1.30905e-09
 2.18069e-09 2.86087e-09 3.06912e-09 2.69331e-09 1.88147e-09 9.74192e-10
 3.13484e-10 1.12726e-10 4.37271e-10 1.23510e-09 2.37279e-09 3.62125e-09
 4.65427e-09 5.17292e-09 5.06594e-09 4.45899e-09 3.64629e-09 2.95059e-09
 2.58974e-09 2.63246e-09 3.01141e-09 3.54490e-09 3.99166e-09 4.13403e-09
 3.85490e-09 3.18843e-09 2.31150e-09 1.46726e-09 8.61070e-10 5.70714e-10
 5.04436e-10 4.44544e-10 1.59581e-10-4.93063e-10-1.50541e-09-2.70029e-09
-3.78966e-09-4.48864e-09-4.62246e-09-4.20232e-09-3.43430e-09-2.63584e-09
-2.11423e-09-2.06132e-09-2.47788e-09-3.16599e-09-3.80863e-09-4.09692e-09
-3.85825e-09-3.12648e-09-2.11103e-09-1.09905e-09-3.43333e-10 3.14301e-11
 6.43288e-11-7.84131e-11-1.86839e-10-1.08956e-10 1.69033e-10 5.18904e-10
 7.48337e-10 7.08159e-10 3.82282e-10-8.35293e-11-4.45749e-10-4.80978e-10
-9.05547e-11 6.41854e-10 1.46724e-09 2.07245e-09 2.21559e-09 1.83156e-09
 1.06846e-09 2.24209e-10-3.95271e-10-6.11448e-10-4.35093e-10-3.73619e-11
 3.51793e-10 5.61131e-10 5.51085e-10 4.18230e-10 3.31502e-10 4.19623e-10
 6.72770e-10 9.31778e-10 9.75911e-10 6.53986e-10-1.71300e-11-8.40636e-10
-1.51885e-09-1.78613e-09-1.53521e-09-8.69084e-10-4.88604e-11 6.26918e-10
 9.49690e-10 8.85315e-10 5.74853e-10 2.38602e-10 3.41973e-11-3.22559e-11
-7.59478e-11-2.21361e-10-5.04082e-10-8.36817e-10-1.03873e-09-9.22048e-10
-4.08565e-10 3.92815e-10 1.20988e-09 1.72976e-09 1.75119e-09 1.28024e-09
 5.21283e-10-2.31564e-10-7.50264e-10-9.79010e-10-1.01415e-09-9.89169e-10
-9.68669e-10-9.15807e-10-7.27755e-10-3.11959e-10 3.24665e-10 1.02212e-09
 1.50878e-09 1.54300e-09 1.06788e-09 2.61901e-10-5.56159e-10-1.09785e-09
-1.23771e-09-1.04162e-09-6.92140e-10-3.58697e-10-9.42175e-11 1.67689e-10
 5.18099e-10 9.62773e-10 1.37932e-09 1.56335e-09 1.33850e-09 6.84293e-10
-2.00995e-10-9.85453e-10-1.40244e-09-1.40200e-09-1.13579e-09-8.16736e-10
-5.80110e-10-4.28462e-10-2.61771e-10 3.45246e-11 4.81005e-10 9.50097e-10
 1.23216e-09 1.18774e-09 8.63346e-10 4.69063e-10 2.32267e-10 2.43167e-10
 4.03196e-10 5.09623e-10 4.23118e-10 1.89853e-10 9.45147e-13 1.84529e-11
 2.31207e-10 4.58239e-10 4.65502e-10 9.67821e-11-6.34103e-10-1.51823e-09
-2.23778e-09-2.54465e-09-2.39265e-09-1.89821e-09-1.18714e-09-3.12992e-10
 6.67777e-10 1.57658e-09 2.11406e-09 2.01859e-09 1.28264e-09 2.90796e-10
-2.39396e-10-1.42182e-10
     0.0000e+00     0.0000e+00      0  0  0.00
     512   1.00000  0.0000e+00
 1.73931e-09 2.17052e-09 2.89169e-09 3.92983e-09 5.22761e-09 6.63384e-09
 7.90381e-09 8.73018e-09 8.81814e-09 7.95606e-09 6.01087e-09 2.86694e-09
-1.57903e-09-7.29760e-09-1.39515e-08-2.08048e-08-2.67919e-08-3.07203e-08
-3.15377e-08-2.86043e-08-2.18924e-08-1.20302e-08-1.84439e-10 1.21373e-08
 2.33048e-08 3.18199e-08 3.66081e-08 3.72534e-08 3.40595e-08 2.79207e-08
 2.00769e-08 1.18297e-08 4.27378e-09-1.88500e-09-6.36913e-09-9.25282e-09
-1.08393e-08-1.15345e-08-1.17391e-08-1.17859e-08-1.19248e-08-1.23296e-08
-1.31147e-08-1.43651e-08-1.61400e-08-1.84074e-08-2.09517e-08-2.33783e-08
-2.52473e-08-2.62138e-08-2.60671e-08-2.47279e-08-2.23165e-08-1.92673e-08
-1.63547e-08-1.45656e-08-1.48373e-08-1.76553e-08-2.25055e-08-2.73217e-08
-2.82205e-08-1.98045e-08 3.75322e-09 4.66697e-08 1.08580e-07 1.81083e-07
 2.45811e-07 2.79069e-07 2.64855e-07 2.03834e-07 1.06284e-07-1.60533e-08
-1.43068e-07-2.41672e-07-2.78988e-07-2.40080e-07-1.36834e-07-5.07366e-09
 1.08997e-07 1.67330e-07 1.57068e-07 9.70645e-08 2.63678e-08-2.01768e-08
-3.35683e-08-3.36104e-08-4.94959e-08-9.21534e-08-1.40452e-07-1.56978e-07
-1.23030e-07-5.79117e-08-6.66797e-09-1.42391e-08-1.00079e-07-2.35374e-07
-3.44759e-07-3.58929e-07-2.82156e-07-1.94890e-07-1.75296e-07-2.17665e-07
-2.49422e-07-2.23235e-07-1.30203e-07 5.27879e-08 3.38518e-07 6.94450e-07
 1.06654e-06 1.37230e-06 1.50634e-06 1.40511e-06 1.06474e-06 5.19491e-07
-1.48198e-07-8.06387e-07-1.30961e-06-1.54762e-06-1.48298e-06-1.16334e-06
-7.04586e-07-2.45168e-07 1.06117e-07 3.01928e-07 3.57972e-07 3.24957e-07
 2.54039e-07 1.77736e-07 1.14889e-07 8.57611e-08 1.04163e-07 1.51733e-07
 1.71405e-07 1.13584e-07 6.03105e-09-5.67006e-08-2.43747e-08 3.48018e-08
 2.31926e-08-4.27506e-08-6.46634e-08-2.49918e-08-3.10904e-09-2.50615e-08
-3.11877e-08-7.02147e-09-1.25890e-09-1.33483e-08-4.79638e-09 9.07569e-09
 2.11808e-09-6.63086e-10 1.05998e-08 9.50086e-09 2.90234e-09 9.16720e-09
 1.05192e-08 3.33341e-09 5.70258e-09 7.55249e-09 1.35133e-09 2.24376e-09
 4.45056e-09-1.27405e-10 7.34683e-10 2.95700e-09-4.53112e-10 5.81543e-10
 2.12895e-09-8.69586e-10 5.38840e-11 4.51992e-10-2.27580e-09-1.28664e-09
-1.68908e-09-3.52669e-09-2.02192e-09-2.41561e-09-2.69012e-09-9.63478e-10
-1.59458e-09-1.05826e-09-7.78377e-12-7.21127e-10 1.60669e-10 2.50429e-10
-1.37838e-10 7.03308e-10 2.76039e-10 5.33105e-10 9.97463e-10 6.18774e-10
 1.05263e-09 7.67278e-10 6.12522e-10 7.31142e-10 1.24619e-10-1.10397e-10
-7.91018e-10-1.43464e-09-1.92769e-09-2.83895e-09-3.52647e-09-4.37821e-09
-4.95724e-09-5.23364e-09-5.39594e-09-5.29441e-09-5.24431e-09-5.01527e-09
-4.65184e-09-4.18427e-09-3.71623e-09-3.39585e-09-3.06167e-09-2.60351e-09
-1.90405e-09-1.08145e-09-2.87790e-10 4.63183e-10 1.26661e-09 2.20260e-09
 3.17871e-09 4.01281e-09 4.56034e-09 4.83023e-09 4.91080e-09 4.82699e-09
 4.50168e-09 3.86586e-09 2.98999e-09 2.06880e-09 1.28743e-09 6.97790e-10
 2.18204e-10-2.37286e-10-6.48033e-10-9.40252e-10-1.10709e-09-1.21750e-09
-1.32170e-09-1.37259e-09-1.25546e-09-8.93345e-10-2.86122e-10 5.31645e-10
 1.51488e-09 2.61489e-09 3.79907e-09 5.04329e-09 6.28301e-09 7.39538e-09
 8.25893e-09 8.80781e-09 9.00782e-09 8.81975e-09 8.21935e-09 7.23275e-09
 5.92729e-09 4.37616e-09 2.64753e-09 8.13570e-10-1.06395e-09-2.95391e-09
-4.82567e-09-6.60866e-09-8.20888e-09-9.54515e-09-1.05571e-08-1.11944e-08
-1.14061e-08-1.11476e-08-1.04078e-08-9.22330e-09-7.66121e-09-5.80906e-09
-3.78868e-09-1.74327e-09 2.00361e-10 1.93918e-09 3.39831e-09 4.57341e-09
 5.55244e-09 6.47735e-09 7.49603e-09 8.71961e-09 1.01607e-08 1.16774e-08
 1.29599e-08 1.35879e-08 1.31672e-08 1.14714e-08 8.48474e-09 4.38155e-09
-4.45407e-10-5.35215e-09-9.54365e-09-1.22646e-08-1.29776e-08-1.15141e-08
-8.12353e-09-3.35654e-09 2.07823e-09 7.33459e-09 1.14335e-08 1.34493e-08
 1.28344e-08 9.63459e-09 4.46317e-09-1.71500e-09-7.86432e-09-1.30829e-08
-1.66853e-08-1.82646e-08-1.77963e-08-1.57056e-08-1.27539e-08-9.72120e-09
-7.10552e-09-5.07092e-09-3.58105e-09-2.51798e-09-1.70590e-09-8.93789e-10
 1.80441e-10 1.60829e-09 3.16253e-09 4.35189e-09 4.68481e-09 3.95621e-09
 2.33060e-09 2.13016e-10-1.92278e-09-3.63777e-09-4.57026e-09-4.51249e-09
-3.54781e-09-2.09323e-09-7.34105e-10 4.50619e-11 5.37567e-11-5.78642e-10
-1.49690e-09-2.24318e-09-2.39613e-09-1.71977e-09-2.48229e-10 1.73686e-09
 3.81209e-09 5.55474e-09 6.66565e-09 7.04951e-09 6.84517e-09 6.37384e-09
 6.00651e-09 6.00252e-09 6.40436e-09 7.05509e-09 7.69655e-09 8.06978e-09
 8.00092e-09 7.46491e-09 6.60183e-09 5.66759e-09 4.91458e-09 4.44813e-09
 4.15521e-09 3.75517e-09 2.93229e-09 1.48734e-09-5.45144e-10-2.87321e-09
-5.04716e-09-6.62743e-09-7.33329e-09-7.14126e-09-6.30437e-09-5.25050e-09
-4.39717e-09-3.97869e-09-3.97803e-09-4.20295e-09-4.42951e-09-4.49584e-09
-4.32307e-09-3.91176e-09-3.32416e-09-2.62904e-09-1.83913e-09-9.02965e-10
 2.42167e-10 1.59495e-09 3.03518e-09 4.33140e-09 5.22313e-09 5.52203e-09
 5.16379e-09 4.20111e-09 2.77941e-09 1.13500e-09-4.12031e-10-1.53959e-09
-2.06222e-09-2.01021e-09-1.57961e-09-1.02068e-09-5.64322e-10-3.85948e-10
-5.64016e-10-1.05003e-09-1.69467e-09-2.33043e-09-2.85545e-09-3.25020e-09
-3.50588e-09-3.52477e-09-3.09886e-09-2.02070e-09-2.60591e-10 1.93363e-09
 4.10716e-09 5.78089e-09 6.60709e-09 6.44710e-09 5.41226e-09 3.85357e-09
 2.23461e-09 9.18756e-10 1.99740e-11-5.55983e-10-9.22096e-10-1.06906e-09
-9.10530e-10-4.44031e-10 1.40972e-10 5.01705e-10 3.03574e-10-6.02298e-10
-2.09634e-09-3.82692e-09-5.31986e-09-6.12200e-09-5.95523e-09-4.83307e-09
-3.05158e-09-1.00503e-09 1.04455e-09 3.01249e-09 4.81447e-09 6.20258e-09
 6.83003e-09 6.48295e-09 5.23777e-09 3.41928e-09 1.44944e-09-2.89336e-10
-1.54957e-09-2.27147e-09-2.56455e-09-2.60980e-09-2.53237e-09-2.33207e-09
-1.94323e-09-1.40159e-09-9.68970e-10-1.04676e-09-1.89191e-09-3.38992e-09
-5.12567e-09-6.66771e-09-7.75009e-09-8.20468e-09-7.82284e-09-6.37191e-09
-3.73452e-09 9.45377e-12 4.57853e-09 9.44484e-09 1.37724e-08 1.65351e-08
 1.68875e-08 1.45545e-08 9.93837e-09 3.89294e-09-2.60970e-09-8.66348e-09
-1.34083e-08-1.59963e-08-1.57748e-08-1.26470e-08-7.28260e-09-9.21822e-10
 5.07833e-09 9.59773e-09 1.18981e-08 1.17386e-08 9.51097e-09 6.16103e-09
 2.77860e-09 1.61371e-10-1.27781e-09-1.36320e-09-1.75834e-10 1.70255e-09
 3.15216e-09 3.00115e-09 7.68613e-10-2.90030e-09-6.39473e-09-7.75751e-09
-5.47737e-09-1.64544e-09
     0.0000e+00     0.0000e+00      0  0  0.00
     512   1.00000  0.0000e+00
-2.33322e-09-2.13708e-09-1.77205e-09-1.18438e-09-3.49230e-10 7.23241e-10
 1.99354e-09 3.40468e-09 4.88749e-09 6.34815e-09 7.64985e-09 8.61971e-09
 9.09807e-09 9.00600e-09 8.38521e-09 7.38824e-09 6.23138e-09 5.13061e-09
 4.23744e-09 3.59995e-09 3.16772e-09 2.82529e-09 2.42274e-09 1.80229e-09
 8.43389e-10-4.79428e-10-2.06774e-09-3.72704e-09-5.23528e-09-6.41505e-09
-7.17906e-09-7.53236e-09-7.53154e-09-7.22950e-09-6.65126e-09-5.81646e-09
-4.77358e-09-3.60762e-09-2.42841e-09-1.36692e-09-5.75745e-10-2.12530e-10
-4.07501e-10-1.22727e-09-2.63919e-09-4.49209e-09-6.53923e-09-8.49995e-09
-1.01198e-08-1.11997e-08-1.16142e-08-1.13562e-08-1.05989e-08-9.73330e-09
-9.34765e-09-1.01354e-08-1.27126e-08-1.73293e-08-2.35114e-08-2.97264e-08
-3.31956e-08-3.00368e-08-1.59943e-08 1.20587e-08 5.39206e-08 1.03819e-07
 1.50924e-07 1.84695e-07 1.98867e-07 1.89127e-07 1.52016e-07 8.79710e-08
 3.25647e-09-8.83274e-08-1.65519e-07-2.06578e-07-2.00041e-07-1.52462e-07
-8.79073e-08-3.69263e-08-1.99464e-08-3.54173e-08-6.12145e-08-6.99672e-08
-4.96654e-08-1.44482e-08 5.27287e-09-1.29624e-08-6.46450e-08-1.19809e-07
-1.43817e-07-1.19785e-07-5.52624e-08 2.65516e-08 9.79318e-08 1.32650e-07
 1.14661e-07 5.57758e-08-7.03054e-10-1.47529e-08 1.41830e-08 6.43187e-08
 1.32093e-07 2.28270e-07 3.46474e-07 4.64958e-07 5.63724e-07 6.13048e-07
 5.67671e-07 3.92651e-07 8.07209e-08-3.42571e-07-8.04217e-07-1.18810e-06
-1.37323e-06-1.27705e-06-8.90398e-07-2.97855e-07 3.36153e-07 8.20407e-07
 1.00948e-06 8.67358e-07 4.90942e-07 7.09407e-08-2.00236e-07-2.27511e-07
-6.20028e-08 1.36331e-07 2.08579e-07 1.08939e-07-6.70641e-08-1.69099e-07
-1.27141e-07-1.12831e-08 4.96177e-08 8.50064e-09-6.00326e-08-6.64019e-08
-1.71922e-08 1.54710e-08 5.38308e-09-7.50994e-09 2.02679e-09 1.19424e-08
 7.35990e-09 4.07502e-09 8.30630e-09 7.39448e-09 1.88606e-09 1.93736e-09
 3.22866e-09-1.13759e-10-1.81009e-09-5.69591e-10-2.12200e-09-4.01130e-09
-3.11620e-09-3.43321e-09-4.62561e-09-3.63982e-09-3.12715e-09-3.62979e-09
-2.62167e-09-1.84196e-09-1.91296e-09-8.52855e-10-4.90724e-12 1.21747e-10
 9.74689e-10 1.39880e-09 1.24724e-09 1.63436e-09 1.57279e-09 1.25350e-09
 1.37150e-09 1.05016e-09 7.30758e-10 7.19821e-10 3.97040e-10 3.31545e-10
 4.09190e-10 2.38521e-10 2.63522e-10 1.35808e-10-1.30118e-10-2.22076e-10
-4.46343e-10-5.54980e-10-5.59883e-10-6.35917e-10-5.17543e-10-3.62269e-10
-1.23618e-10 2.64187e-10 6.28015e-10 1.06442e-09 1.44667e-09 1.73295e-09
 1.95163e-09 2.00949e-09 2.00471e-09 1.92506e-09 1.78361e-09 1.59414e-09
 1.31442e-09 1.01689e-09 7.41835e-10 5.46550e-10 4.08289e-10 2.24428e-10
-7.31950e-11-5.03997e-10-1.00343e-09-1.50524e-09-1.97224e-09-2.41520e-09
-2.85173e-09-3.23607e-09-3.47488e-09-3.48550e-09-3.27439e-09-2.92937e-09
-2.53484e-09-2.12060e-09-1.67687e-09-1.18798e-09-6.71710e-10-1.90667e-10
 1.98446e-10 4.90379e-10 7.31562e-10 9.83153e-10 1.26236e-09 1.53140e-09
 1.75405e-09 1.92723e-09 2.05604e-09 2.13071e-09 2.12025e-09 1.97647e-09
 1.66451e-09 1.19769e-09 6.36358e-10 5.56331e-11-4.88446e-10-9.65838e-10
-1.34859e-09-1.60030e-09-1.69716e-09-1.63996e-09-1.44968e-09-1.16528e-09
-8.31921e-10-4.85004e-10-1.48281e-10 1.63005e-10 4.38648e-10 6.72658e-10
 8.71816e-10 1.05779e-09 1.25715e-09 1.49249e-09 1.77003e-09 2.06254e-09
 2.30728e-09 2.42624e-09 2.35127e-09 2.04168e-09 1.49608e-09 7.54828e-10
-1.07658e-10-9.90830e-10-1.77514e-09-2.33390e-09-2.56168e-09-2.41675e-09
-1.93402e-09-1.20162e-09-3.46905e-10 4.75832e-10 1.11857e-09 1.45794e-09
 1.40374e-09 9.45793e-10 2.03125e-10-5.95056e-10-1.17728e-09-1.29637e-09
-7.92234e-10 3.59555e-10 2.03598e-09 3.96981e-09 5.75725e-09 6.91207e-09
 6.98224e-09 5.68523e-09 3.00539e-09-7.83644e-10-5.16960e-09-9.48510e-09
-1.30000e-08-1.50336e-08-1.50946e-08-1.30245e-08-9.08146e-09-3.91345e-09
 1.58040e-09 6.45083e-09 9.89200e-09 1.13830e-08 1.07870e-08 8.39540e-09
 4.86884e-09 1.07934e-09-2.11165e-09-4.08487e-09-4.60878e-09-3.84606e-09
-2.25341e-09-4.24878e-10 1.07168e-09 1.83085e-09 1.71121e-09 8.73045e-10
-2.71635e-10-1.18699e-09-1.41027e-09-7.50447e-10 6.32914e-10 2.30023e-09
 3.69852e-09 4.36328e-09 4.06585e-09 2.85839e-09 1.05246e-09-8.56365e-10
-2.32827e-09-2.95469e-09-2.61701e-09-1.54677e-09-2.27021e-10 8.09537e-10
 1.18254e-09 8.02438e-10-1.08102e-10-1.11692e-09-1.74404e-09-1.63089e-09
-6.79709e-10 8.98637e-10 2.64743e-09 4.00738e-09 4.51527e-09 3.99544e-09
 2.63955e-09 9.30089e-10-5.50985e-10-1.34799e-09-1.29603e-09-5.61898e-10
 4.37157e-10 1.20377e-09 1.35912e-09 7.84556e-10-3.42605e-10-1.62491e-09
-2.61378e-09-3.00143e-09-2.74477e-09-2.07628e-09-1.39452e-09-1.07091e-09
-1.27131e-09-1.88020e-09-2.55068e-09-2.86249e-09-2.52227e-09-1.50382e-09
-6.79446e-11 1.33488e-09 2.24645e-09 2.39732e-09 1.82450e-09 8.55995e-10
-3.12861e-11-4.22160e-10-1.44171e-10 6.68033e-10 1.64625e-09 2.36199e-09
 2.52394e-09 2.10457e-09 1.33152e-09 5.54261e-10 6.10993e-11-6.18452e-11
 3.36713e-11 4.59915e-11-2.99190e-10-1.07670e-09-2.09848e-09-2.99088e-09
-3.36744e-09-3.01780e-09-2.02152e-09-7.25348e-10 4.06025e-10 9.98993e-10
 9.43928e-10 4.33814e-10-1.56108e-10-4.65801e-10-3.16966e-10 2.17078e-10
 8.68915e-10 1.34280e-09 1.49060e-09 1.38369e-09 1.24703e-09 1.30841e-09
 1.64656e-09 2.11660e-09 2.40102e-09 2.17499e-09 1.30229e-09-6.03565e-11
-1.52367e-09-2.65002e-09-3.14962e-09-2.99599e-09-2.41517e-09-1.75261e-09
-1.28324e-09-1.07249e-09-9.76827e-10-7.80576e-10-3.64739e-10 2.06172e-10
 7.16410e-10 9.27489e-10 7.45102e-10 3.18112e-10-2.26957e-11 4.52945e-11
 6.51964e-10 1.66326e-09 2.74269e-09 3.50687e-09 3.70454e-09 3.32608e-09
 2.57162e-09 1.69382e-09 8.29496e-10-5.28806e-11-1.05880e-09-2.21149e-09
-3.35228e-09-4.16256e-09-4.30006e-09-3.59039e-09-2.16652e-09-4.44734e-10
 1.06485e-09 1.97859e-09 2.15805e-09 1.70249e-09 8.50656e-10-1.57665e-10
-1.17330e-09-2.10254e-09-2.78306e-09-2.92080e-09-2.18823e-09-4.28812e-10
 2.17322e-09 5.06368e-09 7.45358e-09 8.57140e-09 7.93595e-09 5.52524e-09
 1.74996e-09-2.73375e-09-7.21782e-09-1.10282e-08-1.35379e-08-1.42044e-08
-1.26691e-08-8.90251e-09-3.35169e-09 3.02142e-09 8.93429e-09 1.31746e-08
 1.49719e-08 1.41634e-08 1.11434e-08 6.68233e-09 1.69836e-09-2.94541e-09
-6.55276e-09-8.62197e-09-8.87946e-09-7.38430e-09-4.62657e-09-1.45467e-09
 1.21626e-09 2.75591e-09 3.02462e-09 2.35910e-09 1.36736e-09 5.94967e-10
 2.00296e-10 4.22594e-11
     0.0000e+00     0.0000e+00      0  0  0.00
     512   1.00000  0.0000e+00
-9.12019e-10-5.01471e-10 2.50742e-10 1.29504e-09 2.47916e-09 3.58575e-09
 4.38349e-09 4.66765e-09 4.29319e-09 3.20938e-09 1.49102e-09-6.49073e-10
-2.87857e-09-4.80554e-09-6.08271e-09-6.52409e-09-6.16140e-09-5.19408e-09
-3.87317e-09-2.40429e-09-9.14459e-10 5.33598e-10 1.91440e-09 3.21648e-09
 4.42524e-09 5.51102e-09 6.41794e-09 7.05048e-09 7.27165e-09 6.93504e-09
 5.95128e-09 4.35599e-09 2.33547e-09 1.85676e-10-1.78107e-09-3.32951e-09
-4.34662e-09-4.83360e-09-4.87560e-09-4.61859e-09-4.25418e-09-3.99180e-09
-4.01255e-09-4.42943e-09-5.27487e-09-6.50576e-09-8.00557e-09-9.58350e-09
-1.09883e-08-1.19500e-08-1.22504e-08-1.18128e-08-1.07788e-08-9.51558e-09
-8.52664e-09-8.28893e-09-9.06221e-09-1.06898e-08-1.24115e-08-1.27661e-08
-9.71496e-09-1.08878e-09 1.46098e-08 3.71276e-08 6.32903e-08 8.64704e-08
 9.90130e-08 9.69520e-08 8.04335e-08 5.08313e-08 1.18365e-08-2.93660e-08
-6.42033e-08-8.39918e-08-8.20983e-08-5.77017e-08-1.75469e-08 2.51286e-08
 5.53408e-08 6.37851e-08 5.18131e-08 3.05708e-08 1.46475e-08 1.28280e-08
 2.16667e-08 2.77958e-08 1.83269e-08-8.85894e-09-4.42480e-08-7.56053e-08
-9.67843e-08-1.08535e-07-1.13287e-07-1.11975e-07-1.06431e-07-1.00336e-07
-9.47284e-08-8.82429e-08-8.63827e-08-1.02424e-07-1.40292e-07-1.83135e-07
-2.07882e-07-2.03300e-07-1.62317e-07-6.80694e-08 9.47938e-08 3.24012e-07
 5.99279e-07 8.75911e-07 1.07897e-06 1.12495e-06 9.54276e-07 5.55328e-07
-1.67603e-08-6.38715e-07-1.14891e-06-1.39897e-06-1.30947e-06-9.10054e-07
-3.41442e-07 1.92646e-07 5.09665e-07 5.30901e-07 3.19214e-07 4.39987e-08
-1.16404e-07-8.14422e-08 8.57355e-08 2.31796e-07 2.35263e-07 1.04791e-07
-3.53857e-08-6.86181e-08 1.77430e-10 6.29700e-08 4.19123e-08-2.48481e-08
-5.19718e-08-2.59523e-08-3.98003e-09-1.36743e-08-2.35901e-08-1.39268e-08
-5.54532e-09-8.83641e-09-7.62215e-09 1.02231e-10 9.49200e-10-1.40763e-09
 2.34342e-09 5.21405e-09 3.21460e-09 3.99438e-09 6.29492e-09 4.57651e-09
 3.45467e-09 4.54094e-09 3.13493e-09 1.61708e-09 2.29291e-09 1.47433e-09
 3.09949e-10 9.47162e-10 5.48776e-10-1.70199e-10 5.00053e-10 2.77993e-10
-2.05799e-10 2.07777e-10-2.97761e-10-8.63737e-10-7.87409e-10-1.43066e-09
-1.77902e-09-1.70319e-09-2.17112e-09-2.17824e-09-2.03788e-09-2.16663e-09
-1.73922e-09-1.38768e-09-1.11539e-09-5.68399e-10-4.05777e-10-2.55960e-10
-1.02091e-10-1.99600e-10-6.67664e-11 2.07243e-11 1.13882e-10 4.02890e-10
 6.10310e-10 9.56877e-10 1.30066e-09 1.53413e-09 1.73967e-09 1.70239e-09
 1.53268e-09 1.19693e-09 7.03758e-10 1.99631e-10-3.35963e-10-7.80062e-10
-1.13625e-09-1.40512e-09-1.56889e-09-1.65788e-09-1.61664e-09-1.47180e-09
-1.27092e-09-1.09624e-09-1.00985e-09-9.94872e-10-1.00118e-09-9.57943e-10
-8.43035e-10-6.52320e-10-3.80345e-10-1.66762e-11 4.57778e-10 1.03136e-09
 1.63270e-09 2.15118e-09 2.49047e-09 2.61048e-09 2.53803e-09 2.31613e-09
 1.96761e-09 1.51537e-09 9.89435e-10 4.24783e-10-1.25957e-10-6.06938e-10
-9.88966e-10-1.27419e-09-1.48698e-09-1.65001e-09-1.76640e-09-1.84200e-09
-1.89784e-09-1.94922e-09-1.99204e-09-1.99717e-09-1.91382e-09-1.68627e-09
-1.26991e-09-6.51930e-10 1.34388e-10 1.01955e-09 1.91901e-09 2.75093e-09
 3.44404e-09 3.94152e-09 4.20761e-09 4.23061e-09 4.02454e-09 3.62884e-09
 3.09617e-09 2.47758e-09 1.81240e-09 1.12125e-09 4.16599e-10-2.82304e-10
-9.60969e-10-1.62345e-09-2.28340e-09-2.94481e-09-3.57857e-09-4.11602e-09
-4.47275e-09-4.57606e-09-4.38123e-09-3.88118e-09-3.11259e-09-2.15382e-09
-1.11573e-09-1.35822e-10 6.47819e-10 1.15388e-09 1.39293e-09 1.44725e-09
 1.43329e-09 1.48023e-09 1.70722e-09 2.19136e-09 2.94621e-09 3.90151e-09
 4.88127e-09 5.62278e-09 5.84187e-09 5.30014e-09 3.86152e-09 1.54747e-09
-1.42848e-09-4.66333e-09-7.60417e-09-9.64398e-09-1.02678e-08-9.18741e-09
-6.42389e-09-2.33275e-09 2.43427e-09 7.03707e-09 1.06120e-08 1.24597e-08
 1.22109e-08 9.91407e-09 6.00686e-09 1.20479e-09-3.63621e-09-7.67967e-09
-1.02713e-08-1.10720e-08-1.01493e-08-7.96624e-09-5.22363e-09-2.63415e-09
-7.23592e-10 2.89122e-10 5.00872e-10 2.49094e-10-1.10512e-11 1.29079e-10
 8.79967e-10 2.17260e-09 3.66457e-09 4.86258e-09 5.31646e-09 4.77617e-09
 3.28183e-09 1.16955e-09-1.02779e-09-2.73654e-09-3.51610e-09-3.20983e-09
-1.99741e-09-3.37729e-10 1.16738e-09 1.97111e-09 1.77674e-09 6.45553e-10
-1.01978e-09-2.62330e-09-3.60113e-09-3.61379e-09-2.64663e-09-1.01067e-09
 7.64444e-10 2.11796e-09 2.65897e-09 2.30589e-09 1.30867e-09 1.42493e-10
-6.85693e-10-8.33288e-10-2.45233e-10 8.36120e-10 1.98451e-09 2.77393e-09
 2.94852e-09 2.51789e-09 1.74106e-09 1.00584e-09 6.58176e-10 8.44944e-10
 1.43725e-09 2.08250e-09 2.36207e-09 1.97922e-09 9.01993e-10-6.06677e-10
-2.09081e-09-3.08128e-09-3.28390e-09-2.70635e-09-1.65983e-09-6.28619e-10
-6.53920e-11-2.01486e-10-9.54046e-10-1.97039e-09-2.78905e-09-3.04031e-09
-2.59864e-09-1.62556e-09-4.82556e-10 4.46156e-10 9.33690e-10 1.00606e-09
 9.07484e-10 9.53480e-10 1.34711e-09 2.05491e-09 2.80894e-09 3.23595e-09
 3.04732e-09 2.19407e-09 9.12698e-10-3.65145e-10-1.20187e-09-1.35311e-09
-8.82978e-10-1.31815e-10 4.54823e-10 5.43696e-10 6.24267e-11-7.89315e-10
-1.65890e-09-2.22308e-09-2.34212e-09-2.10989e-09-1.77519e-09-1.57752e-09
-1.59290e-09-1.68172e-09-1.56736e-09-1.00129e-09 7.27201e-11 1.44875e-09
 2.73484e-09 3.53834e-09 3.65062e-09 3.13290e-09 2.27279e-09 1.44004e-09
 9.08535e-10 7.31786e-10 7.43007e-10 6.86036e-10 3.95534e-10-9.50313e-11
-5.83893e-10-8.37044e-10-7.43753e-10-4.06071e-10-1.04508e-10-1.48083e-10
-6.95020e-10-1.65100e-09-2.70011e-09-3.44806e-09-3.60395e-09-3.10928e-09
-2.14210e-09-9.87818e-10 1.37722e-10 1.18257e-09 2.20848e-09 3.25186e-09
 4.20734e-09 4.81522e-09 4.76443e-09 3.86189e-09 2.18046e-09 9.21944e-11
-1.85684e-09-3.17491e-09-3.62537e-09-3.28671e-09-2.45540e-09-1.46774e-09
-5.52302e-10 2.00977e-10 7.49807e-10 9.82224e-10 6.97110e-10-2.83081e-10
-1.95048e-09-4.01551e-09-5.93873e-09-7.09000e-09-6.98327e-09-5.47910e-09
-2.82878e-09 4.72239e-10 3.90589e-09 7.06518e-09 9.63801e-09 1.13159e-08
 1.17527e-08 1.06406e-08 7.87706e-09 3.72731e-09-1.13638e-09-5.78106e-09
-9.29143e-09-1.10388e-08-1.08190e-08-8.82997e-09-5.54107e-09-1.53986e-09
 2.55908e-09 6.11878e-09 8.48166e-09 9.09447e-09 7.75410e-09 4.79715e-09
 1.05227e-09-2.44779e-09-4.83455e-09-5.67990e-09-5.08664e-09-3.57417e-09
-1.81145e-09-3.32079e-10 6.20143e-10 1.06942e-09 1.18049e-09 1.09579e-09
 7.31663e-10 2.23901e-10
