      10
(6e12.5)
     0.0000e+00     0.0000e+00      0  0  0.00
     512   1.00000  0.0000e+00
-3.49922e-09-4.07854e-09-4.55231e-09-4.81960e-09-4.80488e-09-4.51393e-09
-4.05953e-09-3.63379e-09-3.44154e-09-3.63131e-09-4.24904e-09-5.21364e-09
-6.30748e-09-7.19298e-09-7.47596e-09-6.81594e-09-5.04572e-09-2.23782e-09
 1.32747e-09 5.27796e-09 9.27524e-09 1.30714e-08 1.64775e-08 1.92974e-08
 2.13059e-08 2.23017e-08 2.21989e-08 2.10847e-08 1.92025e-08 1.68709e-08
 1.43757e-08 1.18749e-08 9.34776e-09 6.61137e-09 3.40424e-09-4.89313e-10
-5.11818e-09-1.02999e-08-1.56515e-08-2.07062e-08-2.50516e-08-2.84172e-08
-3.06777e-08-3.17991e-08-3.17840e-08-3.06541e-08-2.84740e-08-2.53774e-08
-2.15541e-08-1.72025e-08-1.24898e-08-7.55113e-09-2.50638e-09 2.53279e-09
 7.47520e-09 1.22595e-08 1.68460e-08 2.12048e-08 2.53214e-08 2.92237e-08
 3.29987e-08 3.67683e-08 4.06301e-08 4.46101e-08 4.86693e-08 5.27575e-08
 5.68585e-08 6.09672e-08 6.49816e-08 6.85528e-08 7.09540e-08 7.10260e-08
 6.72436e-08 5.79606e-08 4.18869e-08 1.87157e-08-1.04519e-08-4.32130e-08
-7.64406e-08-1.06996e-07-1.32248e-07-1.50427e-07-1.61043e-07-1.65241e-07
-1.65557e-07-1.64921e-07-1.65378e-07-1.67409e-07-1.70721e-07-1.76393e-07
-1.88953e-07-2.16236e-07-2.65678e-07-3.37733e-07-4.19191e-07-4.79908e-07
-4.75358e-07-3.55709e-07-8.14522e-08 3.56051e-07 9.17284e-07 1.51166e-06
 2.01473e-06 2.30678e-06 2.31075e-06 1.99297e-06 1.34414e-06 3.86472e-07
-7.94763e-07-2.01651e-06-2.99750e-06-3.43520e-06-3.12969e-06-2.09144e-06
-5.87566e-07 9.15977e-07 1.91124e-06 2.05817e-06 1.36732e-06 2.31378e-07
-7.49920e-07-1.08133e-06-6.60217e-07 1.55772e-07 7.86322e-07 8.30723e-07
 3.46880e-07-2.17123e-07-4.03427e-07-1.28099e-07 2.73801e-07 3.92106e-07
 1.45226e-07-1.65365e-07-2.06657e-07 1.76677e-08 2.02203e-07 1.28659e-07
-7.59128e-08-1.34318e-07 2.86447e-09 1.13731e-07 4.23671e-08-8.43085e-08
-7.44823e-08 2.99611e-08 4.51584e-08-4.31393e-08-7.54226e-08-8.48939e-09
 2.36900e-08-3.02961e-08-5.65411e-08-9.70993e-09 1.02041e-08-2.63856e-08
-3.00142e-08 7.44382e-09 9.26915e-09-9.55581e-09 6.40621e-09 2.19546e-08
 9.73066e-09 9.22512e-09 1.86561e-08 1.28522e-08 8.36091e-09 9.74950e-09
 4.61987e-09-1.42961e-09-5.54169e-09-1.10310e-08-1.56142e-08-1.79515e-08
-1.83855e-08-1.64341e-08-1.22511e-08-6.63169e-09-4.48242e-10 5.39539e-09
 1.01697e-08 1.34524e-08 1.50425e-08 1.48751e-08 1.29780e-08 9.49430e-09
 4.75760e-09-6.77719e-10-6.06066e-09-1.05563e-08-1.34158e-08-1.41177e-08
-1.24522e-08-8.53931e-09-2.83757e-09 3.84446e-09 1.04137e-08 1.56837e-08
 1.86651e-08 1.88152e-08 1.61340e-08 1.11121e-08 4.60868e-09-2.27477e-09
-8.33976e-09-1.24914e-08-1.39804e-08-1.26035e-08-8.77618e-09-3.44427e-09
 2.13514e-09 6.66910e-09 9.08583e-09 8.74364e-09 5.58357e-09 1.93631e-10
-6.26852e-09-1.23252e-08-1.65546e-08-1.79579e-08-1.61857e-08-1.15880e-08
-5.12446e-09 1.82780e-09 7.76249e-09 1.14059e-08 1.20618e-08 9.81424e-09
 5.50998e-09 5.25804e-10-3.60366e-09-5.59499e-09-4.75980e-09-1.18962e-09
 4.26940e-09 1.02354e-08 1.51467e-08 1.76747e-08 1.70906e-08 1.34800e-08
 7.72956e-09 1.28262e-09-4.26201e-09-7.59810e-09-8.08989e-09-5.96330e-09
-2.23303e-09 1.62682e-09 4.16144e-09 4.39233e-09 2.10523e-09-2.10203e-09
-7.01064e-09-1.11487e-08-1.32315e-08-1.25539e-08-9.21783e-09-4.12441e-09
 1.28460e-09 5.48623e-09 7.40322e-09 6.79153e-09 4.30855e-09 1.22751e-09
-1.06599e-09-1.58079e-09-4.53612e-11 3.03004e-09 6.53422e-09 9.11358e-09
 9.61382e-09 7.47644e-09 2.96266e-09-2.88455e-09-8.55815e-09-1.26017e-08
-1.41386e-08-1.31948e-08-1.06707e-08-7.97087e-09-6.44085e-09-6.83146e-09
-8.99316e-09-1.19304e-08-1.42060e-08-1.45250e-08-1.22436e-08-7.59888e-09
-1.59322e-09 4.38913e-09 9.06784e-09 1.16785e-08 1.21781e-08 1.11842e-08
 9.67649e-09 8.57229e-09 8.34150e-09 8.81810e-09 9.29526e-09 8.86786e-09
 6.86541e-09 3.18042e-09-1.63408e-09-6.51824e-09-1.02535e-08-1.18907e-08
-1.10974e-08-8.26834e-09-4.33853e-09-3.79490e-10 2.83722e-09 5.11228e-09
 6.80820e-09 8.56494e-09 1.08754e-08 1.37255e-08 1.64859e-08 1.81238e-08
 1.76442e-08 1.45628e-08 9.18721e-09 2.55506e-09-3.95561e-09-9.14390e-09
-1.23677e-08-1.36250e-08-1.33491e-08-1.20695e-08-1.01133e-08-7.47972e-09
-3.95377e-09 5.84076e-10 5.82030e-09 1.08616e-08 1.44124e-08 1.52385e-08
 1.27087e-08 7.14731e-09-1.88672e-10-7.51617e-09-1.31460e-08-1.60405e-08
-1.60608e-08-1.38161e-08-1.02320e-08-6.10276e-09-1.87463e-09 2.26813e-09
 6.14024e-09 9.32387e-09 1.11306e-08 1.08091e-08 7.92585e-09 2.74377e-09
-3.62346e-09-9.44313e-09-1.29506e-08-1.30422e-08-9.73285e-09-4.13955e-09
 2.00256e-09 7.03432e-09 9.92547e-09 1.04559e-08 9.02716e-09 6.29185e-09
 2.83370e-09-9.39808e-10-4.67553e-09-7.86353e-09-9.75313e-09-9.54075e-09
-6.78684e-09-1.82871e-09 4.10055e-09 9.19707e-09 1.17559e-08 1.08804e-08
 6.87885e-09 1.14285e-09-4.43213e-09-8.19980e-09-9.33248e-09-7.96449e-09
-4.90967e-09-1.18407e-09 2.36898e-09 5.18851e-09 6.89384e-09 7.15889e-09
 5.73237e-09 2.63792e-09-1.58321e-09-5.81811e-09-8.66908e-09-9.01571e-09
-6.57898e-09-2.16104e-09 2.62023e-09 6.01018e-09 6.87216e-09 5.13106e-09
 1.70282e-09-2.00728e-09-4.74393e-09-5.84946e-09-5.33986e-09-3.66647e-09
-1.39280e-09 9.89744e-10 3.05125e-09 4.34503e-09 4.43944e-09 3.12618e-09
 6.82416e-10-2.04709e-09-3.90210e-09-3.93188e-09-1.92692e-09 1.36862e-09
 4.54078e-09 6.17606e-09 5.56365e-09 3.03598e-09-2.38149e-10-2.86469e-09
-3.87087e-09-3.04900e-09-8.88161e-10 1.77126e-09 4.11053e-09 5.54341e-09
 5.74551e-09 4.62540e-09 2.36171e-09-5.03159e-10-3.06323e-09-4.29719e-09
-3.54075e-09-9.28638e-10 2.51820e-09 5.29751e-09 6.14507e-09 4.67495e-09
 1.57224e-09-1.77746e-09-4.00645e-09-4.41569e-09-3.20442e-09-1.20906e-09
 6.10752e-10 1.59139e-09 1.49375e-09 4.00824e-10-1.41644e-09-3.53739e-09
-5.38682e-09-6.33626e-09-5.97000e-09-4.38501e-09-2.28300e-09-6.93951e-10
-4.19018e-10-1.52405e-09-3.24533e-09-4.42505e-09-4.22896e-09-2.67814e-09
-6.34253e-10 7.47745e-10 7.23561e-10-6.35761e-10-2.55004e-09-4.00134e-09
-4.22909e-09-2.97900e-09-4.72115e-10 2.74715e-09 5.93242e-09 8.23444e-09
 8.88948e-09 7.53417e-09 4.50326e-09 8.60105e-10-1.98548e-09-2.93357e-09
-1.74317e-09 8.90996e-10 3.80079e-09 6.03642e-09 7.31409e-09 7.93831e-09
 8.32152e-09 8.51636e-09 8.11966e-09 6.57405e-09 3.59956e-09-5.46011e-10
-5.10314e-09-9.06627e-09-1.14964e-08-1.17802e-08-9.81559e-09-6.12160e-09
-1.80304e-09 1.73826e-09 3.35671e-09 2.75990e-09 7.62348e-10-1.07905e-09
-1.35474e-09-4.83847e-10
     0.0000e+00     0.0000e+00      0  0  0.00
     512   1.00000  0.0000e+00
-2.91533e-09-2.31377e-09-1.30549e-09-2.38495e-11 1.29042e-09 2.35807e-09
 2.94228e-09 2.90167e-09 2.20509e-09 9.25657e-10-7.66555e-10-2.60768e-09
-4.24889e-09-5.29083e-09-5.36024e-09-4.21830e-09-1.85902e-09 1.44860e-09
 5.19275e-09 8.70861e-09 1.12943e-08 1.23324e-08 1.14177e-08 8.48732e-09
 3.92476e-09-1.42068e-09-6.34696e-09-9.55752e-09-1.00393e-08-7.46970e-09
-2.45292e-09 3.61244e-09 9.00745e-09 1.22605e-08 1.25803e-08 1.00534e-08
 5.57506e-09 5.37964e-10-3.61949e-09-5.86421e-09-5.88897e-09-4.19971e-09
-1.91926e-09-3.48968e-10-4.33205e-10-2.35820e-09-5.50623e-09-8.78329e-09
-1.10960e-08-1.17376e-08-1.05788e-08-8.03410e-09-4.83427e-09-1.73226e-09
 7.08436e-10 2.19010e-09 2.66349e-09 2.27191e-09 1.28488e-09 3.23732e-11
-1.15648e-09-2.00918e-09-2.35282e-09-2.13233e-09-1.40041e-09-2.91131e-10
 1.00906e-09 2.29594e-09 3.40119e-09 4.25905e-09 4.94873e-09 5.67496e-09
 6.67813e-09 8.09271e-09 9.79236e-09 1.13326e-08 1.21804e-08 1.21364e-08
 1.14101e-08 1.02413e-08 8.69201e-09 6.81947e-09 4.81193e-09 2.94512e-09
 1.45149e-09 3.56066e-10-4.83075e-10-9.35751e-10-7.57101e-11 3.79974e-09
 1.22309e-08 2.49609e-08 3.84337e-08 4.54300e-08 3.64039e-08 2.39522e-09
-6.10500e-08-1.49607e-07-2.46115e-07-3.19154e-07-3.31199e-07-2.58875e-07
-1.11019e-07 7.08824e-08 2.32999e-07 3.47079e-07 4.28938e-07 4.95767e-07
 5.18196e-07 4.43324e-07 2.46707e-07-4.67356e-08-3.64349e-07-6.04108e-07
-6.73296e-07-5.33704e-07-2.26536e-07 1.39339e-07 4.18118e-07 4.79330e-07
 2.91086e-07-3.36540e-08-2.96386e-07-3.41660e-07-1.61442e-07 9.79610e-08
 2.41611e-07 1.76318e-07-1.57412e-08-1.52756e-07-1.19797e-07 2.72975e-08
 1.26290e-07 8.10349e-08-3.97775e-08-8.95781e-08-1.88797e-08 7.13612e-08
 6.53595e-08-1.74341e-08-5.77322e-08-7.25532e-09 4.85707e-08 2.57565e-08
-3.23067e-08-3.24054e-08 1.64859e-08 2.70170e-08-1.33879e-08-2.81703e-08
 5.19045e-09 2.02808e-08-6.62027e-09-1.67961e-08 8.11783e-09 1.48217e-08
-5.38599e-09-5.25123e-09 1.07363e-08 4.07073e-09-7.71020e-09-1.24819e-10
 2.47670e-09-5.34004e-09-2.64351e-09 1.70786e-09-1.03513e-09-6.10607e-10
 7.79942e-10-9.56932e-10-1.75271e-09-1.85832e-09-2.29480e-09-1.98844e-09
-1.13359e-09-1.05400e-10 1.08318e-09 2.18136e-09 2.95378e-09 3.32107e-09
 3.25840e-09 2.78872e-09 1.94785e-09 7.81417e-10-5.96698e-10-2.02210e-09
-3.29373e-09-4.18004e-09-4.46315e-09-4.00389e-09-2.83535e-09-1.17056e-09
 6.82892e-10 2.40365e-09 3.70224e-09 4.32775e-09 4.11942e-09 3.10082e-09
 1.51054e-09-2.81097e-10-1.91829e-09-3.13932e-09-3.76594e-09-3.68410e-09
-2.87155e-09-1.45073e-09 3.00513e-10 2.01042e-09 3.32354e-09 3.99643e-09
 3.93553e-09 3.18681e-09 1.90259e-09 3.11092e-10-1.29729e-09-2.59520e-09
-3.29277e-09-3.23301e-09-2.44116e-09-1.10627e-09 4.72856e-10 1.94708e-09
 2.98727e-09 3.37132e-09 3.04648e-09 2.12386e-09 8.26206e-10-5.59645e-10
-1.71860e-09-2.36700e-09-2.34032e-09-1.65562e-09-5.04778e-10 8.11087e-10
 1.96977e-09 2.70393e-09 2.85342e-09 2.40642e-09 1.51284e-09 4.32697e-10
-5.63162e-10-1.27500e-09-1.60823e-09-1.57990e-09-1.31027e-09-9.81448e-10
-7.71709e-10-8.07869e-10-1.13624e-09-1.68801e-09-2.27620e-09-2.67330e-09
-2.73033e-09-2.45037e-09-1.98265e-09-1.55700e-09-1.38260e-09-1.54903e-09
-1.98974e-09-2.52780e-09-2.94909e-09-3.04699e-09-2.65046e-09-1.67377e-09
-1.81528e-10 1.57589e-09 3.20119e-09 4.27851e-09 4.54302e-09 3.99920e-09
 2.92635e-09 1.76742e-09 9.51475e-10 7.40050e-10 1.16377e-09 2.04626e-09
 3.08362e-09 3.95022e-09 4.38991e-09 4.26655e-09 3.58695e-09 2.50222e-09
 1.26593e-09 1.49003e-10-6.52932e-10-1.08313e-09-1.23248e-09-1.28040e-09
-1.38708e-09-1.58932e-09-1.75823e-09-1.65774e-09-1.08884e-09-3.67494e-11
 1.27371e-09 2.44472e-09 3.05091e-09 2.80224e-09 1.67550e-09-3.69447e-11
-1.80674e-09-3.06546e-09-3.43410e-09-2.88530e-09-1.76728e-09-6.66111e-10
-1.55107e-10-5.50529e-10-1.78955e-09-3.47039e-09-5.02699e-09-5.96873e-09
-6.07348e-09-5.43384e-09-4.35269e-09-3.17252e-09-2.12542e-09-1.25275e-09
-4.22448e-10 5.57427e-10 1.78643e-09 3.17157e-09 4.43027e-09 5.17979e-09
 5.07571e-09 3.97262e-09 2.05320e-09-1.65852e-10-2.00323e-09-2.89050e-09
-2.59754e-09-1.28217e-09 6.25365e-10 2.60520e-09 4.22039e-09 5.23628e-09
 5.64292e-09 5.56744e-09 5.13742e-09 4.39365e-09 3.30426e-09 1.84623e-09
 8.32088e-11-1.79177e-09-3.44801e-09-4.46898e-09-4.49602e-09-3.42378e-09
-1.52386e-09 6.17812e-10 2.34148e-09 3.18695e-09 3.03876e-09 2.09059e-09
 6.93909e-10-8.00787e-10-2.13549e-09-3.16270e-09-3.81799e-09-4.06866e-09
-3.86402e-09-3.12769e-09-1.81823e-09-3.68588e-11 1.89037e-09 3.44556e-09
 4.10203e-09 3.57574e-09 1.98557e-09-1.81978e-10-2.27153e-09-3.70488e-09
-4.16413e-09-3.65118e-09-2.42121e-09-8.37129e-10 7.77070e-10 2.20335e-09
 3.28969e-09 3.87162e-09 3.76122e-09 2.83532e-09 1.15701e-09-9.56092e-10
-2.96721e-09-4.27288e-09-4.43296e-09-3.36982e-09-1.42157e-09 7.88712e-10
 2.60679e-09 3.59414e-09 3.64254e-09 2.92322e-09 1.74021e-09 3.89029e-10
-9.12357e-10-2.00881e-09-2.75389e-09-2.99138e-09-2.61184e-09-1.64351e-09
-3.02432e-10 1.04133e-09 1.98815e-09 2.28731e-09 1.96617e-09 1.30193e-09
 6.42800e-10 2.10134e-10 1.02232e-11-1.19346e-10-3.79094e-10-8.60128e-10
-1.45761e-09-1.90851e-09-1.93904e-09-1.42175e-09-4.38204e-10 7.75927e-10
 1.94238e-09 2.82718e-09 3.26195e-09 3.12044e-09 2.31504e-09 8.58877e-10
-1.04319e-09-2.96570e-09-4.34929e-09-4.68563e-09-3.73630e-09-1.68266e-09
 8.97791e-10 3.24348e-09 4.70335e-09 4.96148e-09 4.08932e-09 2.42939e-09
 4.14371e-10-1.56008e-09-3.17077e-09-4.16129e-09-4.35905e-09-3.72582e-09
-2.40220e-09-6.99146e-10 9.87249e-10 2.31560e-09 3.11634e-09 3.40216e-09
 3.26201e-09 2.72390e-09 1.70559e-09 1.15058e-10-1.95739e-09-4.11239e-09
-5.71504e-09-6.15422e-09-5.12971e-09-2.79960e-09 2.74302e-10 3.33248e-09
 5.66434e-09 6.78317e-09 6.48097e-09 4.80621e-09 2.04098e-09-1.29743e-09
-4.48216e-09-6.70980e-09-7.35552e-09-6.23775e-09-3.70959e-09-4.88627e-10
 2.66660e-09 5.21698e-09 6.90254e-09 7.62883e-09 7.31490e-09 5.84553e-09
 3.18745e-09-4.07640e-10-4.28603e-09-7.49635e-09-9.10341e-09-8.55262e-09
-5.88421e-09-1.69596e-09 3.07859e-09 7.41724e-09 1.03859e-08 1.12757e-08
 9.75495e-09 6.00540e-09 7.48818e-10-4.89513e-09-9.69611e-09-1.26459e-08
-1.32058e-08-1.13871e-08-7.67685e-09-2.88450e-09 2.02389e-09 6.07500e-09
 8.43865e-09 8.61821e-09 6.66855e-09 3.32218e-09-1.31589e-10-2.26068e-09
-2.09716e-09-6.85496e-10
     0.0000e+00     0.0000e+00      0  0  0.00
     512   1.00000  0.0000e+00
-3.25244e-09-3.73448e-09-4.13372e-09-4.40215e-09-4.52384e-09-4.54344e-09
-4.55880e-09-4.67817e-09-4.97479e-09-5.46047e-09-6.07543e-09-6.69524e-09
-7.16572e-09-7.35450e-09-7.18165e-09-6.60903e-09-5.60992e-09-4.14981e-09
-2.18645e-09 3.14635e-10 3.35302e-09 6.86803e-09 1.07329e-08 1.47637e-08
 1.87223e-08 2.23150e-08 2.52185e-08 2.71414e-08 2.78948e-08 2.74289e-08
 2.58271e-08 2.32605e-08 1.99161e-08 1.59257e-08 1.13490e-08 6.23382e-09
 7.12555e-10-4.94804e-09-1.03686e-08-1.51161e-08-1.87731e-08-2.10229e-08
-2.17309e-08-2.09741e-08-1.90001e-08-1.61560e-08-1.28317e-08-9.41761e-09
-6.26033e-09-3.62983e-09-1.71841e-09-6.59104e-10-5.35123e-10-1.37455e-09
-3.13697e-09-5.68972e-09-8.78261e-09-1.20545e-08-1.50909e-08-1.75134e-08
-1.90893e-08-1.98822e-08-2.04268e-08-2.18230e-08-2.56252e-08-3.34676e-08
-4.64102e-08-6.40389e-08-8.34858e-08-9.87549e-08-1.00872e-07-7.93718e-08
-2.54653e-08 6.30594e-08 1.76313e-07 2.90856e-07 3.76420e-07 4.06642e-07
 3.67124e-07 2.58268e-07 9.47031e-08-9.35630e-08-2.61552e-07-3.61287e-07
-3.63553e-07-2.76531e-07-1.48204e-07-4.53195e-08-1.55054e-08-5.61756e-08
-1.15760e-07-1.31110e-07-7.60165e-08 1.73866e-08 8.52865e-08 8.57412e-08
 3.03499e-08-3.30517e-08-6.35832e-08-5.05263e-08-4.20750e-09 5.17690e-08
 7.46951e-08 2.43996e-08-8.30092e-08-1.65544e-07-1.46746e-07-1.58269e-08
 2.01323e-07 4.78629e-07 7.63853e-07 9.69481e-07 1.01186e-06 8.31986e-07
 4.10016e-07-1.97772e-07-8.54793e-07-1.38902e-06-1.64355e-06-1.52601e-06
-1.05545e-06-3.72738e-07 3.04791e-07 7.66275e-07 8.93917e-07 7.14543e-07
 3.81549e-07 8.78811e-08-3.93936e-08 1.13099e-09 1.06445e-07 1.58146e-07
 1.12074e-07 1.57070e-08-5.27824e-08-5.97750e-08-3.33501e-08-1.69039e-08
-2.36027e-08-3.74917e-08-4.17424e-08-3.43697e-08-2.33146e-08-1.58590e-08
-1.20863e-08-7.75248e-09-2.54315e-09 7.72625e-10 3.40404e-09 7.02828e-09
 8.33968e-09 6.77663e-09 6.82929e-09 7.55402e-09 5.25663e-09 3.10972e-09
 3.25584e-09 1.98975e-09-8.99855e-11-1.70713e-10-5.57328e-10-1.72163e-09
-1.54823e-09-1.55633e-09-2.14471e-09-1.82981e-09-1.86479e-09-2.22126e-09
-1.88516e-09-2.08482e-09-2.44610e-09-2.40929e-09-3.01737e-09-3.51916e-09
-3.71001e-09-4.22668e-09-4.21585e-09-3.97020e-09-3.76437e-09-3.00407e-09
-2.26980e-09-1.40256e-09-2.19430e-10 7.37540e-10 1.78545e-09 2.66992e-09
 3.21403e-09 3.67245e-09 3.75069e-09 3.68808e-09 3.49989e-09 3.09736e-09
 2.72755e-09 2.27959e-09 1.90671e-09 1.63710e-09 1.43815e-09 1.39183e-09
 1.34535e-09 1.27675e-09 1.09494e-09 7.72490e-10 3.59298e-10-1.48240e-10
-7.00689e-10-1.29588e-09-1.87008e-09-2.34786e-09-2.66124e-09-2.74890e-09
-2.61380e-09-2.30256e-09-1.88249e-09-1.38866e-09-8.59739e-10-3.72841e-10
-5.85317e-12 2.21772e-10 3.55189e-10 4.56331e-10 5.63367e-10 6.73894e-10
 7.74312e-10 8.87691e-10 1.06830e-09 1.32403e-09 1.55431e-09 1.60117e-09
 1.38059e-09 9.57052e-10 4.79939e-10 4.52150e-11-3.63645e-10-7.85184e-10
-1.16508e-09-1.36273e-09-1.26225e-09-8.86442e-10-4.11820e-10-3.72245e-11
 1.82047e-10 3.55853e-10 6.13783e-10 9.62856e-10 1.31777e-09 1.64592e-09
 2.02721e-09 2.57816e-09 3.33572e-09 4.18678e-09 4.91466e-09 5.34653e-09
 5.45482e-09 5.32003e-09 5.01867e-09 4.55474e-09 3.90054e-09 3.08872e-09
 2.22457e-09 1.40127e-09 6.29134e-10-1.63627e-10-1.07984e-09-2.17030e-09
-3.38011e-09-4.59361e-09-5.71877e-09-6.71241e-09-7.55350e-09-8.21421e-09
-8.65638e-09-8.85688e-09-8.83059e-09-8.62430e-09-8.28395e-09-7.81426e-09
-7.17230e-09-6.31474e-09-5.25003e-09-4.04481e-09-2.79692e-09-1.60600e-09
-5.47637e-10 3.38683e-10 1.03574e-09 1.53157e-09 1.82435e-09 1.93577e-09
 1.90451e-09 1.75839e-09 1.49836e-09 1.11169e-09 5.93781e-10-2.26535e-11
-6.34639e-10-1.08492e-09-1.23628e-09-1.03009e-09-4.88482e-10 3.07689e-10
 1.23795e-09 2.16074e-09 2.93206e-09 3.43169e-09 3.61273e-09 3.55331e-09
 3.44813e-09 3.51578e-09 3.89542e-09 4.62165e-09 5.66517e-09 6.95737e-09
 8.36539e-09 9.64946e-09 1.04547e-08 1.03887e-08 9.17229e-09 6.75224e-09
 3.29664e-09-8.62701e-10-5.24667e-09-9.21240e-09-1.19929e-08-1.28651e-08
-1.14060e-08-7.69261e-09-2.31954e-09 3.77516e-09 9.55663e-09 1.40664e-08
 1.65221e-08 1.64435e-08 1.38078e-08 9.12740e-09 3.35939e-09-2.36735e-09
-7.09041e-09-1.02343e-08-1.16387e-08-1.14715e-08-1.01383e-08-8.21586e-09
-6.34458e-09-5.04491e-09-4.53816e-09-4.67231e-09-5.00400e-09-5.01549e-09
-4.34529e-09-2.90765e-09-8.93856e-10 1.29579e-09 3.16652e-09 4.26616e-09
 4.32251e-09 3.36105e-09 1.74229e-09 6.09602e-11-1.06903e-09-1.24947e-09
-4.46835e-10 1.00749e-09 2.55374e-09 3.61677e-09 3.81269e-09 3.06684e-09
 1.61905e-09-5.85507e-11-1.41941e-09-2.04181e-09-1.78006e-09-8.09808e-10
 4.31899e-10 1.40582e-09 1.68153e-09 1.10080e-09-1.68428e-10-1.69630e-09
-2.95903e-09-3.53910e-09-3.26380e-09-2.25098e-09-8.68393e-10 3.97240e-10
 1.13280e-09 1.16797e-09 6.40115e-10-6.89162e-11-4.96143e-10-3.02118e-10
 5.69362e-10 1.86019e-09 3.11169e-09 3.85926e-09 3.82043e-09 3.00477e-09
 1.70337e-09 3.64049e-10-5.97017e-10-9.73429e-10-8.47268e-10-5.16960e-10
-3.29836e-10-5.23858e-10-1.13100e-09-1.96489e-09-2.71283e-09-3.09497e-09
-3.00194e-09-2.54188e-09-1.97864e-09-1.59370e-09-1.54116e-09-1.76142e-09
-1.99683e-09-1.91833e-09-1.30221e-09-1.51085e-10 1.29569e-09 2.64346e-09
 3.48643e-09 3.58236e-09 2.97863e-09 1.99902e-09 1.08376e-09 5.74382e-10
 5.63173e-10 8.77311e-10 1.18485e-09 1.16257e-09 6.62569e-10-2.01967e-10
-1.12015e-09-1.76050e-09-1.94277e-09-1.72028e-09-1.34886e-09-1.14582e-09
-1.29821e-09-1.73866e-09-2.17947e-09-2.28150e-09-1.83467e-09-8.43980e-10
 4.87227e-10 1.84143e-09 2.92010e-09 3.58012e-09 3.88364e-09 4.01421e-09
 4.12192e-09 4.21827e-09 4.18450e-09 3.85886e-09 3.14004e-09 2.06783e-09
 8.38912e-10-2.75493e-10-1.06607e-09-1.47612e-09-1.59978e-09-1.61752e-09
-1.70133e-09-1.91062e-09-2.14269e-09-2.21284e-09-2.02790e-09-1.69668e-09
-1.47215e-09-1.58483e-09-2.09952e-09-2.86176e-09-3.52860e-09-3.67884e-09
-2.99426e-09-1.42992e-09 7.52162e-10 3.11345e-09 5.22238e-09 6.76667e-09
 7.56154e-09 7.48675e-09 6.41006e-09 4.18730e-09 7.99748e-10-3.45763e-09
-7.92351e-09-1.17246e-08-1.40259e-08-1.42501e-08-1.22370e-08-8.32709e-09
-3.28993e-09 1.92529e-09 6.47562e-09 9.76679e-09 1.14428e-08 1.13631e-08
 9.64496e-09 6.70344e-09 3.19831e-09-1.06672e-10-2.53133e-09-3.68062e-09
-3.58181e-09-2.64554e-09-1.44780e-09-4.74221e-10 4.27475e-11 1.56940e-10
 8.78058e-11 1.93216e-11
     0.0000e+00     0.0000e+00      0  0  0.00
     512   1.00000  0.0000e+00
-4.28981e-10 5.82328e-10 1.97602e-09 3.60253e-09 5.21476e-09 6.53290e-09
 7.31134e-09 7.37811e-09 6.65548e-09 5.18649e-09 3.16439e-09 9.30700e-10
-1.07908e-09-2.42468e-09-2.75787e-09-1.91325e-09 2.67746e-11 2.72280e-09
 5.62588e-09 8.04816e-09 9.24335e-09 8.52288e-09 5.41851e-09-1.45257e-10
-7.71973e-09-1.62850e-08-2.43441e-08-3.02104e-08-3.24690e-08-3.04713e-08
-2.46182e-08-1.62412e-08-7.13933e-09 9.79928e-10 6.95578e-09 1.04251e-08
 1.18105e-08 1.20628e-08 1.22717e-08 1.32619e-08 1.52653e-08 1.77836e-08
 1.97544e-08 2.00053e-08 1.78110e-08 1.32736e-08 7.31556e-09 1.29734e-09
-3.49274e-09-6.22711e-09-6.70079e-09-5.27165e-09-2.65738e-09 2.92771e-10
 2.78950e-09 4.26280e-09 4.46554e-09 3.47205e-09 1.59407e-09-7.09474e-10
-2.89655e-09-4.39452e-09-4.65307e-09-3.22300e-09 7.90412e-11 4.89631e-09
 1.00446e-08 1.33995e-08 1.21329e-08 3.39745e-09-1.45343e-08-4.07958e-08
-7.04618e-08-9.36341e-08-9.63870e-08-6.79967e-08-1.37743e-08 4.51843e-08
 9.18824e-08 1.22353e-07 1.33390e-07 1.17935e-07 7.31972e-08 6.32934e-09
-6.24910e-08-1.03528e-07-9.55075e-08-4.52235e-08 1.26378e-08 3.79553e-08
 1.39841e-08-3.84483e-08-7.49999e-08-6.21948e-08-4.81126e-09 5.78555e-08
 8.54720e-08 6.78766e-08 2.29372e-08-2.76754e-08-6.88397e-08-8.28880e-08
-5.27226e-08 9.99873e-09 5.99012e-08 7.07656e-08 7.18667e-08 9.62688e-08
 1.26928e-07 1.33083e-07 1.10019e-07 5.21413e-08-5.17163e-08-1.85357e-07
-3.12873e-07-3.97715e-07-3.96194e-07-2.74151e-07-4.28305e-08 2.35443e-07
 4.67655e-07 5.59760e-07 4.59509e-07 1.94729e-07-1.26279e-07-3.58768e-07
-3.92650e-07-2.21435e-07 3.84882e-08 2.12080e-07 1.86007e-07 1.93121e-09
-1.65888e-07-1.61917e-07-5.78601e-09 1.23406e-07 9.09067e-08-3.30556e-08
-7.70069e-08-6.18848e-09 5.20173e-08 2.35368e-08-1.59825e-08-2.23148e-09
 1.62654e-08 3.83046e-10-9.36688e-09 3.30286e-09 2.76032e-09-8.23706e-09
-2.34830e-09 4.34274e-09-2.40239e-09-1.86352e-09 4.58346e-09 4.01451e-10
-2.14670e-09 2.13057e-09-4.58851e-10-3.29913e-09-2.67603e-11-1.20480e-09
-2.87454e-09 2.48910e-10-9.62388e-11-6.75418e-10 2.04951e-09 1.51123e-09
 1.07811e-09 2.43333e-09 7.94078e-10 4.77987e-11 2.00702e-10-1.62712e-09
-1.66360e-09-1.47594e-09-2.14604e-09-1.02914e-09-5.64411e-10-1.71153e-10
 1.12334e-09 1.20496e-09 1.58940e-09 1.74107e-09 9.63050e-10 6.52761e-10
-2.46209e-10-1.00380e-09-1.27905e-09-1.72899e-09-1.48517e-09-1.15655e-09
-6.32355e-10 1.68082e-10 7.21955e-10 1.35858e-09 1.63123e-09 1.59037e-09
 1.27689e-09 5.93940e-10-1.31810e-10-8.74025e-10-1.38257e-09-1.62939e-09
-1.61854e-09-1.30664e-09-7.81107e-10-6.20824e-11 6.92385e-10 1.30469e-09
 1.61159e-09 1.57915e-09 1.27981e-09 7.82126e-10 1.78087e-10-4.36908e-10
-9.38501e-10-1.16446e-09-9.76019e-10-4.01097e-10 3.60303e-10 1.12777e-09
 1.85645e-09 2.53297e-09 3.04758e-09 3.22265e-09 2.93270e-09 2.23166e-09
 1.38695e-09 7.09328e-10 3.16609e-10 1.09470e-10-2.67319e-11-4.21146e-11
 2.25933e-10 8.08772e-10 1.45347e-09 1.76548e-09 1.50977e-09 7.73180e-10
-1.67729e-10-1.13581e-09-2.16486e-09-3.32717e-09-4.52842e-09-5.48032e-09
-5.86826e-09-5.61738e-09-4.98489e-09-4.32542e-09-3.81113e-09-3.40629e-09
-3.04035e-09-2.76557e-09-2.73155e-09-3.00742e-09-3.46559e-09-3.82499e-09
-3.81028e-09-3.33266e-09-2.50280e-09-1.46183e-09-2.74350e-10 1.03445e-09
 2.40205e-09 3.66945e-09 4.61405e-09 5.08686e-09 5.10116e-09 4.80071e-09
 4.37623e-09 3.97162e-09 3.64612e-09 3.44194e-09 3.43200e-09 3.66440e-09
 4.11615e-09 4.68893e-09 5.20224e-09 5.45853e-09 5.36161e-09 4.92845e-09
 4.21146e-09 3.27072e-09 2.20359e-09 1.15895e-09 3.09659e-10-1.93664e-10
-2.72891e-10 2.83644e-11 5.60155e-10 1.16050e-09 1.69308e-09 1.99771e-09
 1.91216e-09 1.36647e-09 4.00237e-10-8.69284e-10-2.26059e-09-3.59059e-09
-4.73220e-09-5.56328e-09-5.94991e-09-5.86107e-09-5.43402e-09-4.89776e-09
-4.46564e-09-4.26261e-09-4.31854e-09-4.64987e-09-5.30389e-09-6.24742e-09
-7.23421e-09-7.85945e-09-7.77913e-09-6.89093e-09-5.33898e-09-3.36880e-09
-1.18161e-09 1.04929e-09 3.03744e-09 4.36490e-09 4.69092e-09 3.99953e-09
 2.64902e-09 1.17002e-09-4.11415e-12-6.37634e-10-6.05763e-10 2.09391e-10
 1.88245e-09 4.26109e-09 6.85813e-09 9.01517e-09 1.02021e-08 1.02176e-08
 9.20338e-09 7.47671e-09 5.34066e-09 3.06924e-09 9.82421e-10-5.73641e-10
-1.35394e-09-1.36855e-09-9.15585e-10-3.96921e-10-8.01273e-11-1.37327e-11
-1.00766e-10-2.40499e-10-4.12912e-10-6.29210e-10-8.66365e-10-1.09589e-09
-1.33245e-09-1.64129e-09-2.10391e-09-2.72211e-09-3.33959e-09-3.69202e-09
-3.53413e-09-2.75709e-09-1.46705e-09 3.69811e-11 1.37975e-09 2.21385e-09
 2.29094e-09 1.53490e-09 8.69902e-11-1.69771e-09-3.31312e-09-4.25191e-09
-4.18822e-09-3.09293e-09-1.24774e-09 8.47881e-10 2.65095e-09 3.73991e-09
 3.91675e-09 3.24326e-09 1.99080e-09 5.30605e-10-7.72132e-10-1.65645e-09
-2.03588e-09-1.98088e-09-1.63925e-09-1.15594e-09-6.04727e-10 2.66383e-11
 7.69733e-10 1.59738e-09 2.38521e-09 2.90930e-09 2.91109e-09 2.22240e-09
 8.64497e-10-9.21605e-10-2.71055e-09-4.00665e-09-4.40634e-09-3.73692e-09
-2.13134e-09-1.09887e-11 2.04582e-09 3.50148e-09 4.02794e-09 3.58571e-09
 2.40028e-09 8.54867e-10-6.56334e-10-1.85393e-09-2.61907e-09-2.94963e-09
-2.88526e-09-2.45380e-09-1.64932e-09-4.61797e-10 1.03836e-09 2.62747e-09
 3.93638e-09 4.54943e-09 4.16381e-09 2.73434e-09 5.25362e-10-1.93778e-09
-4.00418e-09-5.11207e-09-4.99338e-09-3.74543e-09-1.75700e-09 4.43096e-10
 2.35544e-09 3.64611e-09 4.19850e-09 4.06074e-09 3.33635e-09 2.11843e-09
 5.09666e-10-1.32809e-09-3.13970e-09-4.56241e-09-5.17688e-09-4.65895e-09
-2.95797e-09-3.84488e-10 2.44860e-09 4.81266e-09 6.09752e-09 5.99512e-09
 4.57725e-09 2.24736e-09-4.26145e-10-2.91361e-09-4.84169e-09-5.98863e-09
-6.23037e-09-5.50954e-09-3.84100e-09-1.35642e-09 1.61682e-09 4.51426e-09
 6.63377e-09 7.36736e-09 6.42795e-09 3.95869e-09 5.11866e-10-3.09013e-09
-5.99723e-09-7.59228e-09-7.63326e-09-6.21589e-09-3.63450e-09-2.74121e-10
 3.40854e-09 6.86709e-09 9.48554e-09 1.06593e-08 9.93654e-09 7.21221e-09
 2.88441e-09-2.17060e-09-6.83031e-09-1.00336e-08-1.10452e-08-9.63764e-09
-6.14178e-09-1.30836e-09 3.94589e-09 8.72621e-09 1.22104e-08 1.36791e-08
 1.26420e-08 9.02325e-09 3.29206e-09-3.54553e-09-1.01169e-08-1.50053e-08
-1.71653e-08-1.62727e-08-1.28069e-08-7.82092e-09-2.56564e-09 1.86111e-09
 4.78342e-09 6.09299e-09 6.19086e-09 5.72611e-09 5.23472e-09 4.72380e-09
 3.19604e-09 9.87446e-10
     0.0000e+00     0.0000e+00      0  0  0.00
     512   1.00000  0.0000e+00
 6.57601e-09 7.18362e-09 7.57247e-09 7.70797e-09 7.62216e-09 7.43782e-09
 7.32853e-09 7.43869e-09 7.83496e-09 8.50900e-09 9.38578e-09 1.03144e-08
 1.10741e-08 1.14155e-08 1.11096e-08 9.97193e-09 7.87024e-09 4.73652e-09
 5.78363e-10-4.51626e-09-1.03739e-08-1.67313e-08-2.32489e-08-2.95376e-08
-3.51757e-08-3.97256e-08-4.27886e-08-4.40997e-08-4.35944e-08-4.14015e-08
-3.77864e-08-3.30790e-08-2.75798e-08-2.14604e-08-1.47344e-08-7.35195e-09
 6.46344e-10 9.03677e-09 1.74167e-08 2.52500e-08 3.19322e-08 3.69104e-08
 3.98388e-08 4.06660e-08 3.95882e-08 3.69301e-08 3.30659e-08 2.84041e-08
 2.33868e-08 1.84775e-08 1.41433e-08 1.08160e-08 8.82159e-09 8.31665e-09
 9.26664e-09 1.14484e-08 1.44517e-08 1.76992e-08 2.05079e-08 2.21893e-08
 2.22099e-08 2.04564e-08 1.75649e-08 1.51302e-08 1.56053e-08 2.18016e-08
 3.59579e-08 5.83618e-08 8.57042e-08 1.09717e-07 1.16929e-07 9.04027e-08
 1.41750e-08-1.19358e-07-2.99892e-07-4.91702e-07-6.38474e-07-6.86939e-07
-6.11573e-07-4.16074e-07-1.24738e-07 2.12202e-07 5.15110e-07 6.96850e-07
 7.02206e-07 5.41845e-07 2.98861e-07 9.41959e-08 2.01904e-08 8.22280e-08
 1.94972e-07 2.44186e-07 1.73977e-07 3.13032e-08-7.44019e-08-6.47798e-08
 4.52225e-08 1.70954e-07 2.34609e-07 2.09330e-07 1.02161e-07-5.78579e-08
-2.02393e-07-2.56834e-07-2.27334e-07-2.13231e-07-2.98980e-07-4.75464e-07
-6.95652e-07-9.25208e-07-1.10058e-06-1.13074e-06-9.58455e-07-5.66980e-07
 2.15526e-08 7.08694e-07 1.33491e-06 1.74979e-06 1.85458e-06 1.62187e-06
 1.11390e-06 4.70552e-07-1.40273e-07-5.81118e-07-7.86660e-07-7.76506e-07
-6.30918e-07-4.38740e-07-2.57908e-07-1.15067e-07-2.62967e-08-7.91149e-09
-5.45528e-08-1.07929e-07-8.73625e-08 1.85454e-08 1.14822e-07 1.03816e-07
 1.99624e-08-1.29309e-08 3.63968e-08 7.12568e-08 3.79584e-08 3.31971e-09
 1.35482e-08 2.01692e-08-1.58495e-09-9.84135e-09 6.40172e-11-6.52643e-09
-1.75478e-08-1.04642e-08-7.29407e-09-1.45355e-08-1.05421e-08-4.33909e-09
-8.16289e-09-5.99134e-09 1.08839e-10-2.01140e-09-9.95976e-10 3.58498e-09
 1.61773e-09 1.89865e-09 5.02473e-09 3.12382e-09 3.51209e-09 5.63452e-09
 3.88657e-09 4.68180e-09 5.99233e-09 4.59956e-09 5.79159e-09 6.23675e-09
 5.10915e-09 5.97827e-09 5.14854e-09 4.06703e-09 4.20772e-09 2.71043e-09
 2.10822e-09 1.67473e-09 2.89850e-10 7.16312e-11-7.60173e-10-1.49171e-09
-1.57635e-09-2.34495e-09-2.52311e-09-2.96831e-09-3.61777e-09-3.88090e-09
-4.56189e-09-4.85952e-09-5.07763e-09-5.13479e-09-4.76933e-09-4.40778e-09
-3.70940e-09-2.96550e-09-2.12483e-09-1.19788e-09-3.95088e-10 3.55786e-10
 9.15916e-10 1.37897e-09 1.72728e-09 1.98005e-09 2.17363e-09 2.28218e-09
 2.39321e-09 2.57430e-09 2.84201e-09 3.07835e-09 3.17686e-09 3.13436e-09
 3.00648e-09 2.82215e-09 2.51553e-09 1.98769e-09 1.23525e-09 4.36360e-10
-1.60450e-10-4.54075e-10-5.71184e-10-7.07101e-10-8.92529e-10-9.54830e-10
-7.51227e-10-4.08306e-10-2.40368e-10-4.25163e-10-8.34637e-10-1.19885e-09
-1.39172e-09-1.54491e-09-1.89554e-09-2.52041e-09-3.21864e-09-3.69130e-09
-3.86782e-09-3.99500e-09-4.33998e-09-4.88108e-09-5.37346e-09-5.65167e-09
-5.79187e-09-6.00960e-09-6.43305e-09-6.95656e-09-7.30992e-09-7.28829e-09
-6.91338e-09-6.35588e-09-5.71413e-09-4.90774e-09-3.80093e-09-2.39727e-09
-8.73096e-10 5.76392e-10 1.88334e-09 3.10883e-09 4.34846e-09 5.62988e-09
 6.88125e-09 8.01917e-09 9.05216e-09 1.00618e-08 1.11035e-08 1.21423e-08
 1.30614e-08 1.37317e-08 1.40857e-08 1.41218e-08 1.38559e-08 1.32863e-08
 1.24009e-08 1.12172e-08 9.82190e-09 8.34720e-09 6.90707e-09 5.57945e-09
 4.41749e-09 3.43485e-09 2.61223e-09 1.94352e-09 1.43459e-09 1.05640e-09
 7.52730e-10 4.81622e-10 2.09655e-10-8.97241e-11-3.93183e-10-6.46864e-10
-8.66538e-10-1.15922e-09-1.62925e-09-2.31039e-09-3.17428e-09-4.16422e-09
-5.23707e-09-6.36734e-09-7.47060e-09-8.35096e-09-8.79992e-09-8.78061e-09
-8.50488e-09-8.30746e-09-8.43093e-09-8.93139e-09-9.76701e-09-1.09160e-08
-1.23524e-08-1.38884e-08-1.50691e-08-1.52942e-08-1.41166e-08-1.14662e-08
-7.60969e-09-2.94980e-09 2.05563e-09 6.78903e-09 1.04112e-08 1.20435e-08
 1.11398e-08 7.78622e-09 2.67805e-09-3.20615e-09-8.92675e-09-1.36630e-08
-1.66413e-08-1.71862e-08-1.49855e-08-1.03541e-08-4.22580e-09 2.17062e-09
 7.76317e-09 1.19299e-08 1.44804e-08 1.54811e-08 1.51739e-08 1.40021e-08
 1.25676e-08 1.14274e-08 1.08259e-08 1.05675e-08 1.01511e-08 9.08448e-09
 7.15261e-09 4.47636e-09 1.40536e-09-1.60284e-09-4.06274e-09-5.54500e-09
-5.79298e-09-4.84444e-09-3.08453e-09-1.15158e-09 2.89894e-10 7.90175e-10
 2.55009e-10-1.05089e-09-2.62150e-09-3.90301e-09-4.47599e-09-4.15233e-09
-3.00367e-09-1.35045e-09 3.28579e-10 1.57085e-09 2.09686e-09 1.89493e-09
 1.21262e-09 4.54062e-10 9.70130e-12 9.53591e-11 6.71726e-10 1.47843e-09
 2.17325e-09 2.49284e-09 2.33598e-09 1.76774e-09 9.94729e-10 2.98504e-10
-9.51594e-11-1.39333e-10 1.08631e-11 7.42864e-11-2.30628e-10-1.04640e-09
-2.28125e-09-3.62636e-09-4.67928e-09-5.09822e-09-4.71898e-09-3.60303e-09
-2.01823e-09-3.65170e-10 9.54676e-10 1.70142e-09 1.88377e-09 1.70047e-09
 1.41447e-09 1.25962e-09 1.37214e-09 1.73718e-09 2.20495e-09 2.58393e-09
 2.74542e-09 2.68159e-09 2.49264e-09 2.31321e-09 2.21903e-09 2.15692e-09
 1.94395e-09 1.36482e-09 3.09852e-10-1.15522e-09-2.81025e-09-4.33053e-09
-5.35664e-09-5.62373e-09-5.09890e-09-4.00261e-09-2.68609e-09-1.46416e-09
-5.11895e-10 1.41231e-10 5.61925e-10 8.58005e-10 1.11727e-09 1.35727e-09
 1.54123e-09 1.64342e-09 1.69105e-09 1.76956e-09 2.00380e-09 2.49285e-09
 3.21086e-09 3.95642e-09 4.42263e-09 4.35302e-09 3.65136e-09 2.37022e-09
 6.60250e-10-1.23921e-09-3.02727e-09-4.44543e-09-5.37544e-09-5.82236e-09
-5.81657e-09-5.36363e-09-4.48125e-09-3.24288e-09-1.77840e-09-2.63297e-10
 1.09656e-09 2.11475e-09 2.68282e-09 2.78089e-09 2.46008e-09 1.85195e-09
 1.17313e-09 6.49011e-10 3.95136e-10 3.97087e-10 6.16855e-10 1.06602e-09
 1.73445e-09 2.48876e-09 3.09650e-09 3.33485e-09 3.03149e-09 2.02712e-09
 1.98591e-10-2.41496e-09-5.51686e-09-8.59379e-09-1.10466e-08-1.23309e-08
-1.20776e-08-1.01606e-08-6.68180e-09-1.93112e-09 3.58663e-09 9.11538e-09
 1.37609e-08 1.67459e-08 1.75956e-08 1.61532e-08 1.25741e-08 7.41270e-09
 1.63349e-09-3.64312e-09-7.52501e-09-9.55425e-09-9.66762e-09-8.11084e-09
-5.41692e-09-2.34009e-09 3.38510e-10 2.03670e-09 2.50747e-09 1.87663e-09
 5.92776e-10-7.38973e-10-1.59220e-09-1.69351e-09-1.09906e-09-2.25672e-10
 2.35976e-10 1.33235e-10
     0.0000e+00     0.0000e+00      0  0  0.00
     512   1.00000  0.0000e+00
-2.71659e-09-3.27845e-09-3.99539e-09-4.89942e-09-5.96118e-09-7.06249e-09
-8.00892e-09-8.59621e-09-8.69374e-09-8.28743e-09-7.46466e-09-6.37533e-09
-5.20330e-09-4.14426e-09-3.36951e-09-2.97345e-09-2.92435e-09-3.03979e-09
-3.00145e-09-2.41377e-09-8.94840e-10 1.82592e-09 5.82982e-09 1.09717e-08
 1.68958e-08 2.30959e-08 2.89834e-08 3.39337e-08 3.73213e-08 3.85869e-08
 3.73356e-08 3.34156e-08 2.69352e-08 1.82403e-08 7.89565e-09-3.33536e-09
-1.45513e-08-2.48160e-08-3.32671e-08-3.92098e-08-4.22053e-08-4.21480e-08
-3.92807e-08-3.41274e-08-2.73783e-08-1.97796e-08-1.20460e-08-4.78171e-09
 1.58659e-09 6.84599e-09 1.09916e-08 1.41815e-08 1.66627e-08 1.86904e-08
 2.04687e-08 2.21247e-08 2.36980e-08 2.51342e-08 2.62906e-08 2.69770e-08
 2.70347e-08 2.64426e-08 2.54191e-08 2.44526e-08 2.41789e-08 2.50756e-08
 2.70360e-08 2.89316e-08 2.83037e-08 2.13904e-08 3.76411e-09-2.82024e-08
-7.51141e-08-1.31912e-07-1.86199e-07-2.21026e-07-2.22140e-07-1.83988e-07
-1.11743e-07-1.94336e-08 7.33469e-08 1.42967e-07 1.67077e-07 1.36044e-07
 6.11101e-08-2.76424e-08-9.38498e-08-1.12806e-07-8.45518e-08-3.29684e-08
 1.06327e-08 2.93913e-08 3.16653e-08 4.07576e-08 7.15185e-08 1.15495e-07
 1.48757e-07 1.53385e-07 1.31151e-07 1.00588e-07 8.71282e-08 1.12878e-07
 1.81485e-07 2.66124e-07 3.28588e-07 3.63053e-07 3.94372e-07 4.16733e-07
 3.76919e-07 2.30740e-07-2.98043e-08-3.91882e-07-8.13701e-07-1.21384e-06
-1.49070e-06-1.54714e-06-1.31734e-06-8.04263e-07-1.00579e-07 6.30057e-07
 1.20000e-06 1.45755e-06 1.34700e-06 9.39084e-07 4.07826e-07-4.29417e-08
-2.71857e-07-2.61683e-07-1.15356e-07 1.69057e-08 3.75708e-08-4.40152e-08
-1.39844e-07-1.68507e-07-1.23261e-07-6.00767e-08-3.07498e-08-3.73200e-08
-4.77714e-08-3.98537e-08-1.81327e-08 6.21353e-10 7.21637e-09 6.62924e-09
 8.31821e-09 1.26955e-08 1.31220e-08 9.95407e-09 8.83384e-09 8.11754e-09
 4.26755e-09 1.19171e-09 7.83960e-10-1.05773e-09-3.26952e-09-2.72223e-09
-2.52002e-09-3.32270e-09-2.07757e-09-9.22823e-10-1.16698e-09-1.12076e-10
 7.82072e-10 3.03955e-10 8.14109e-10 1.12370e-09 4.43984e-10 7.97924e-10
 9.04406e-10 3.70776e-10 7.18171e-10 5.78239e-10 1.53571e-10 4.11180e-10
 1.46584e-11-3.70181e-10-4.64899e-10-1.22310e-09-1.65537e-09-2.03511e-09
-2.64178e-09-2.64748e-09-2.72031e-09-2.60211e-09-2.06909e-09-1.69016e-09
-9.72764e-10-2.41375e-10 3.96299e-10 1.15848e-09 1.60143e-09 1.99434e-09
 2.24321e-09 2.33065e-09 2.49024e-09 2.54588e-09 2.67543e-09 2.80685e-09
 2.93782e-09 3.11435e-09 3.19164e-09 3.20262e-09 3.05850e-09 2.74849e-09
 2.23752e-09 1.50144e-09 6.25246e-10-3.18818e-10-1.21702e-09-2.01434e-09
-2.67537e-09-3.17428e-09-3.48606e-09-3.59913e-09-3.56131e-09-3.44552e-09
-3.31874e-09-3.21137e-09-3.12054e-09-3.03437e-09-2.95234e-09-2.86459e-09
-2.71918e-09-2.44120e-09-1.98963e-09-1.39006e-09-7.10806e-10-1.66305e-11
 6.61178e-10 1.31558e-09 1.91031e-09 2.34514e-09 2.51749e-09 2.42640e-09
 2.18218e-09 1.90664e-09 1.64311e-09 1.36989e-09 1.09014e-09 8.80513e-10
 8.38623e-10 9.97701e-10 1.29102e-09 1.59210e-09 1.80570e-09 1.92457e-09
 1.99407e-09 2.03613e-09 2.02058e-09 1.91742e-09 1.77491e-09 1.71212e-09
 1.82162e-09 2.10790e-09 2.50528e-09 2.92275e-09 3.29026e-09 3.56967e-09
 3.71599e-09 3.65676e-09 3.32206e-09 2.68916e-09 1.80641e-09 7.71738e-10
-3.18536e-10-1.39780e-09-2.41959e-09-3.34307e-09-4.13366e-09-4.77373e-09
-5.27510e-09-5.67715e-09-6.02018e-09-6.31830e-09-6.55695e-09-6.70341e-09
-6.71904e-09-6.57244e-09-6.24239e-09-5.71080e-09-4.96039e-09-3.98509e-09
-2.81196e-09-1.50958e-09-1.68677e-10 1.11631e-09 2.25281e-09 3.15632e-09
 3.75538e-09 3.99552e-09 3.85433e-09 3.36171e-09 2.59671e-09 1.65693e-09
 6.37611e-10-3.60854e-10-1.22428e-09-1.83956e-09-2.12397e-09-2.04586e-09
-1.63073e-09-9.50211e-10-9.62244e-11 8.24908e-10 1.67216e-09 2.28374e-09
 2.54894e-09 2.47314e-09 2.18125e-09 1.87440e-09 1.78112e-09 2.12480e-09
 3.10001e-09 4.83221e-09 7.30340e-09 1.02692e-08 1.32472e-08 1.56265e-08
 1.68263e-08 1.64043e-08 1.41097e-08 9.93338e-09 4.17137e-09-2.53963e-09
-9.28348e-09-1.50371e-08-1.89103e-08-2.03628e-08-1.92972e-08-1.60291e-08
-1.12197e-08-5.79043e-09-7.70067e-10 2.92586e-09 4.72415e-09 4.53967e-09
 2.76296e-09 1.05873e-10-2.61686e-09-4.69681e-09-5.67508e-09-5.41664e-09
-4.13479e-09-2.33347e-09-6.49209e-10 3.64211e-10 4.40836e-10-2.95438e-10
-1.39670e-09-2.27375e-09-2.39326e-09-1.43969e-09 5.79189e-10 3.31079e-09
 6.13566e-09 8.34021e-09 9.34043e-09 8.87213e-09 7.07435e-09 4.43584e-09
 1.62778e-09-7.07462e-10-2.14048e-09-2.56582e-09-2.20485e-09-1.49542e-09
-9.18621e-10-8.26278e-10-1.31532e-09-2.19897e-09-3.09410e-09-3.58280e-09
-3.38882e-09-2.50351e-09-1.19286e-09 1.18902e-10 1.01942e-09 1.26779e-09
 8.98771e-10 2.20899e-10-3.06470e-10-2.68065e-10 5.21863e-10 1.92452e-09
 3.51742e-09 4.75310e-09 5.16671e-09 4.55175e-09 3.04184e-09 1.06564e-09
-8.11730e-10-2.09565e-09-2.53661e-09-2.20870e-09-1.45646e-09-7.28058e-10
-3.79881e-10-5.50197e-10-1.13895e-09-1.87570e-09-2.44510e-09-2.62837e-09
-2.40296e-09-1.94848e-09-1.54323e-09-1.39816e-09-1.52675e-09-1.72654e-09
-1.67240e-09-1.07381e-09 1.68376e-10 1.87987e-09 3.65071e-09 4.97763e-09
 5.45587e-09 4.94998e-09 3.66618e-09 2.07160e-09 6.84190e-10-1.55047e-10
-4.01522e-10-2.67000e-10-6.98134e-11-7.13125e-11-3.66020e-10-8.53768e-10
-1.31140e-09-1.54490e-09-1.53193e-09-1.45226e-09-1.57967e-09-2.09901e-09
-2.95982e-09-3.85932e-09-4.36852e-09-4.13128e-09-3.03215e-09-1.24993e-09
 8.15661e-10 2.69105e-09 3.99329e-09 4.56392e-09 4.50441e-09 4.07366e-09
 3.50961e-09 2.90516e-09 2.22217e-09 1.40407e-09 4.75344e-10-4.38115e-10
-1.15320e-09-1.50608e-09-1.43850e-09-1.05717e-09-6.21617e-10-4.46530e-10
-7.55555e-10-1.55759e-09-2.61686e-09-3.55073e-09-4.01193e-09-3.83954e-09
-3.08476e-09-1.93058e-09-5.99433e-10 7.03574e-10 1.83368e-09 2.74025e-09
 3.44480e-09 3.95293e-09 4.18840e-09 4.04311e-09 3.50913e-09 2.75847e-09
 2.08399e-09 1.73832e-09 1.77903e-09 2.00886e-09 2.04210e-09 1.46902e-09
 3.87850e-11-2.22244e-09-4.99336e-09-7.73674e-09-9.86215e-09-1.09197e-08
-1.07127e-08-9.24847e-09-6.60806e-09-2.91587e-09 1.53841e-09 6.18093e-09
 1.02124e-08 1.28385e-08 1.35236e-08 1.21562e-08 9.09636e-09 5.09057e-09
 1.04324e-09-2.27546e-09-4.42804e-09-5.31981e-09-5.07809e-09-3.94133e-09
-2.24688e-09-4.86732e-10 7.00279e-10 7.43437e-10-4.36298e-10-2.01378e-09
-2.15084e-09-7.84771e-10
     0.0000e+00     0.0000e+00      0  0  0.00
     512   1.00000  0.0000e+00
-2.08372e-09-2.42885e-09-2.72050e-09-2.95425e-09-3.14753e-09-3.31680e-09
-3.46296e-09-3.57724e-09-3.65550e-09-3.70734e-09-3.75693e-09-3.83253e-09
-3.94015e-09-4.03216e-09-3.99795e-09-3.69224e-09-2.98614e-09-1.81039e-09
-1.70153e-10 1.86824e-09 4.20262e-09 6.71194e-09 9.25557e-09 1.16683e-08
 1.37736e-08 1.54156e-08 1.64875e-08 1.69343e-08 1.67371e-08 1.58982e-08
 1.44331e-08 1.23693e-08 9.75730e-09 6.69419e-09 3.33377e-09-1.42129e-10
-3.57268e-09-6.83964e-09-9.84698e-09-1.24911e-08-1.46537e-08-1.62189e-08
-1.71003e-08-1.72702e-08-1.67723e-08-1.57004e-08-1.41510e-08-1.21971e-08
-9.90843e-09-7.38967e-09-4.79495e-09-2.30514e-09-8.83302e-11 1.73261e-09
 3.09669e-09 4.00896e-09 4.53504e-09 4.78610e-09 4.88661e-09 4.91608e-09
 4.84446e-09 4.51460e-09 3.71205e-09 2.30978e-09 4.32004e-10-1.42640e-09
-2.38022e-09-1.28124e-09 2.98486e-09 1.10398e-08 2.24220e-08 3.49483e-08
 4.42794e-08 4.40078e-08 2.74297e-08-5.90485e-09-4.38632e-08-7.05568e-08
-8.10883e-08-7.71385e-08-5.70499e-08-2.11512e-08 2.21505e-08 5.85271e-08
 7.31892e-08 5.95554e-08 2.52364e-08-1.13196e-08-3.10431e-08-2.55457e-08
-2.79059e-09 1.85961e-08 2.36280e-08 1.22101e-08-2.45866e-09-7.03824e-09
-1.35527e-10 8.96695e-09 1.19531e-08 8.13624e-09 7.64375e-11-8.60674e-09
-7.39221e-09 1.59773e-08 5.49162e-08 8.14550e-08 7.64370e-08 4.65438e-08
-1.19434e-09-7.33677e-08-1.63847e-07-2.45865e-07-2.92373e-07-2.77501e-07
-1.78204e-07 1.91505e-09 2.24124e-07 4.27109e-07 5.39384e-07 5.01985e-07
 3.02391e-07-6.11963e-09-3.15417e-07-5.01922e-07-4.83326e-07-2.69241e-07
 2.90640e-08 2.50304e-07 2.76025e-07 1.11981e-07-1.03588e-07-1.95046e-07
-9.44771e-08 8.87335e-08 1.66339e-07 6.99307e-08-6.90314e-08-8.31242e-08
 1.52969e-08 6.97017e-08 1.90871e-08-3.17738e-08-1.00099e-08 1.80913e-08
-7.44157e-10-1.55991e-08 1.57746e-09 5.23308e-09-9.92699e-09-5.43405e-09
 5.51722e-09-2.45323e-09-5.43305e-09 3.70673e-09 8.53444e-10-4.18286e-09
 2.07870e-09 1.76225e-09-2.93956e-09 1.33012e-09 1.76512e-09-2.15854e-09
 9.04222e-10 1.24064e-09-1.70838e-09 9.02153e-10 8.77151e-10-1.16013e-09
 1.07198e-09 4.00254e-10-8.60428e-10 9.14840e-10-2.20345e-10-5.72955e-10
 6.63597e-10-5.95446e-10-1.58679e-10 4.06187e-10-4.82432e-10 4.61259e-10
 3.86551e-10 8.36409e-11 7.95559e-10 1.62971e-10 2.54833e-10 3.13894e-10
-2.30709e-10 1.17074e-10-1.76597e-10-2.11259e-10-2.80490e-11-2.53700e-10
 3.79759e-11 7.84360e-12 9.84947e-11 2.42990e-10 9.85034e-11 1.24998e-10
-7.29230e-11-1.86692e-10-2.74860e-10-3.68518e-10-3.51537e-10-4.10078e-10
-4.04106e-10-4.16335e-10-3.85856e-10-2.94523e-10-2.33381e-10-2.56423e-10
-3.90000e-10-5.20387e-10-6.23547e-10-7.19168e-10-8.24292e-10-9.37436e-10
-1.03043e-09-1.05683e-09-9.91008e-10-8.84952e-10-8.01754e-10-7.39092e-10
-6.37394e-10-4.62436e-10-2.61278e-10-1.24171e-10-7.20261e-11 5.42838e-12
 2.35905e-10 6.00767e-10 9.69691e-10 1.27225e-09 1.55795e-09 1.92772e-09
 2.42710e-09 2.96957e-09 3.40039e-09 3.64743e-09 3.78639e-09 3.96763e-09
 4.24214e-09 4.47641e-09 4.51078e-09 4.33918e-09 4.08534e-09 3.86211e-09
 3.65860e-09 3.36663e-09 2.93468e-09 2.43858e-09 1.99813e-09 1.67629e-09
 1.42920e-09 1.14221e-09 7.50504e-10 3.01068e-10-1.09132e-10-4.26633e-10
-6.84772e-10-9.50266e-10-1.23235e-09-1.48553e-09-1.68096e-09-1.83723e-09
-2.00791e-09-2.25497e-09-2.60945e-09-3.05977e-09-3.58284e-09-4.16585e-09
-4.81289e-09-5.54208e-09-6.34684e-09-7.17112e-09-7.93907e-09-8.58428e-09
-9.06278e-09-9.36263e-09-9.48740e-09-9.44334e-09-9.26171e-09-8.99101e-09
-8.65928e-09-8.28711e-09-7.88938e-09-7.42077e-09-6.79870e-09-5.98827e-09
-4.99366e-09-3.81778e-09-2.49232e-09-1.08390e-09 3.52396e-10 1.76537e-09
 3.07260e-09 4.19427e-09 5.10118e-09 5.80633e-09 6.35383e-09 6.81809e-09
 7.25667e-09 7.67545e-09 8.07446e-09 8.47951e-09 8.89685e-09 9.27681e-09
 9.53107e-09 9.56524e-09 9.32019e-09 8.80909e-09 8.08814e-09 7.17921e-09
 6.06771e-09 4.79733e-09 3.53003e-09 2.50189e-09 1.92448e-09 1.88058e-09
 2.29764e-09 3.04876e-09 4.02628e-09 5.08180e-09 5.96453e-09 6.35242e-09
 5.97260e-09 4.76784e-09 2.94692e-09 8.51384e-10-1.20441e-09-2.98983e-09
-4.31372e-09-4.98217e-09-4.88789e-09-4.15357e-09-3.12812e-09-2.23408e-09
-1.78443e-09-1.87494e-09-2.43778e-09-3.35064e-09-4.44764e-09-5.49270e-09
-6.20427e-09-6.34324e-09-5.84476e-09-4.87286e-09-3.73243e-09-2.73760e-09
-2.10830e-09-1.91280e-09-2.08282e-09-2.45699e-09-2.80761e-09-2.89425e-09
-2.54908e-09-1.74380e-09-6.22737e-10 5.30225e-10 1.41085e-09 1.82196e-09
 1.72971e-09 1.25764e-09 6.43267e-10 1.57081e-10 1.06118e-11 2.83585e-10
 8.83266e-10 1.57603e-09 2.08753e-09 2.20208e-09 1.83741e-09 1.08792e-09
 2.01818e-10-5.06525e-10-7.77786e-10-5.18479e-10 1.62859e-10 1.00563e-09
 1.68922e-09 1.94747e-09 1.67333e-09 9.52677e-10 2.74678e-11-7.86766e-10
-1.22185e-09-1.16349e-09-6.88481e-10-3.27112e-11 5.05353e-10 7.01686e-10
 5.02703e-10 2.71863e-11-4.96011e-10-8.23131e-10-8.05753e-10-4.60777e-10
 3.85657e-11 4.38730e-10 5.24526e-10 2.30232e-10-3.22645e-10-8.78457e-10
-1.16056e-09-9.98939e-10-4.12598e-10 3.95487e-10 1.11934e-09 1.47406e-09
 1.32171e-09 7.36553e-10-2.91044e-11-6.60867e-10-9.23609e-10-7.61159e-10
-3.08634e-10 1.84520e-10 4.81221e-10 4.69215e-10 2.02693e-10-1.37848e-10
-3.37770e-10-2.60780e-10 6.44069e-11 4.47613e-10 6.42004e-10 4.84864e-10
-7.60517e-12-6.41598e-10-1.13614e-09-1.24915e-09-8.90344e-10-1.78291e-10
 6.07043e-10 1.16209e-09 1.29820e-09 1.01686e-09 5.03409e-10 2.80792e-11
-2.07150e-10-1.75534e-10-1.58549e-11 7.45164e-11-3.27873e-11-3.21973e-10
-6.39143e-10-7.69519e-10-5.60672e-10-3.55719e-11 5.86523e-10 9.94219e-10
 9.54429e-10 4.44183e-10-3.34278e-10-1.05899e-09-1.44829e-09-1.38948e-09
-9.75555e-10-4.33680e-10 1.35192e-11 2.65753e-10 3.73805e-10 4.76481e-10
 6.85712e-10 9.79314e-10 1.17737e-09 1.04791e-09 4.86112e-10-3.72487e-10
-1.20107e-09-1.65081e-09-1.51709e-09-8.21598e-10 2.01197e-10 1.20298e-09
 1.87537e-09 2.08053e-09 1.87613e-09 1.42440e-09 8.60277e-10 2.18755e-10
-5.28292e-10-1.35775e-09-2.09460e-09-2.42350e-09-2.04056e-09-8.51812e-10
 9.27982e-10 2.84261e-09 4.36935e-09 5.09737e-09 4.85169e-09 3.73786e-09
 2.07401e-09 2.23720e-10-1.55588e-09-3.13327e-09-4.40693e-09-5.23102e-09
-5.45774e-09-5.05491e-09-4.18643e-09-3.18059e-09-2.38159e-09-1.94760e-09
-1.71440e-09-1.23782e-09-3.83554e-11 2.03912e-09 4.49477e-09 6.01975e-09
 4.65192e-09 1.48469e-09
     0.0000e+00     0.0000e+00      0  0  0.00
     512   1.00000  0.0000e+00
-1.07554e-09-8.25209e-10-3.78968e-10 3.08554e-10 1.23141e-09 2.28596e-09
 3.26596e-09 3.94009e-09 4.16369e-09 3.93000e-09 3.33597e-09 2.53022e-09
 1.70296e-09 1.09401e-09 9.60361e-10 1.49490e-09 2.74502e-09 4.57868e-09
 6.70839e-09 8.75308e-09 1.03087e-08 1.10094e-08 1.05734e-08 8.82514e-09
 5.67743e-09 1.09330e-09-4.89930e-09-1.20787e-08-1.98367e-08-2.70870e-08
-3.24105e-08-3.43952e-08-3.20097e-08-2.49100e-08-1.36455e-08 3.16724e-10
 1.48393e-08 2.75891e-08 3.65549e-08 4.04530e-08 3.89665e-08 3.27846e-08
 2.33847e-08 1.25764e-08 1.98933e-09-7.25188e-09-1.45736e-08-1.98354e-08
-2.32002e-08-2.50304e-08-2.57841e-08-2.59122e-08-2.57791e-08-2.56334e-08
-2.56203e-08-2.57987e-08-2.61263e-08-2.64209e-08-2.63548e-08-2.55324e-08
-2.36456e-08-2.06636e-08-1.69947e-08-1.35230e-08-1.14132e-08-1.16631e-08
-1.44811e-08-1.85983e-08-2.06678e-08-1.50729e-08 5.36035e-09 4.73400e-08
 1.13782e-07 1.99675e-07 2.88199e-07 3.50603e-07 3.56385e-07 2.91778e-07
 1.67147e-07 6.01011e-09-1.61330e-07-2.93540e-07-3.46532e-07-2.97249e-07
-1.62539e-07 3.27327e-09 1.33028e-07 1.78804e-07 1.35033e-07 4.03296e-08
-4.83831e-08-9.53974e-08-1.08349e-07-1.22619e-07-1.60947e-07-2.07318e-07
-2.21069e-07-1.75912e-07-8.73597e-08-9.04510e-09-5.41821e-09-1.13489e-07
-3.03660e-07-4.72773e-07-5.19225e-07-4.56190e-07-3.88867e-07-3.48750e-07
-2.52864e-07-3.54261e-08 3.00129e-07 7.25116e-07 1.17962e-06 1.56303e-06
 1.76776e-06 1.70522e-06 1.33311e-06 6.94404e-07-7.89727e-08-8.12690e-07
-1.34588e-06-1.57407e-06-1.48208e-06-1.14760e-06-7.05742e-07-2.91674e-07
 1.09215e-08 1.82301e-07 2.45539e-07 2.33949e-07 1.72083e-07 9.32215e-08
 5.17835e-08 8.84939e-08 1.74336e-07 2.11134e-07 1.38120e-07 2.50743e-08
-6.56921e-09 4.73542e-08 7.12843e-08 1.74338e-08-2.82757e-08-1.21156e-08
 3.91745e-09-1.76728e-08-2.58983e-08-6.82045e-09-5.93398e-09-1.68432e-08
-5.74953e-09 4.58020e-09-2.99116e-09-3.27816e-10 9.19411e-09 3.67474e-09
 1.03699e-09 7.16666e-09 2.79324e-09-1.31102e-09 3.07438e-09 6.63958e-11
-3.34539e-09 2.11204e-10-1.97705e-09-3.85393e-09-4.05205e-10-2.16518e-09
-2.96405e-09-4.57241e-10-2.49229e-09-2.35457e-09-5.97559e-10-2.11548e-09
-5.92905e-10 7.31575e-10 1.29929e-10 2.17378e-09 2.47706e-09 2.47372e-09
 3.95855e-09 3.37717e-09 3.79317e-09 4.07611e-09 2.99373e-09 3.00686e-09
 1.87774e-09 8.36438e-10 2.31588e-10-1.15474e-09-1.58672e-09-2.27952e-09
-2.84928e-09-3.01237e-09-3.56764e-09-3.63183e-09-3.90805e-09-4.16592e-09
-4.40375e-09-4.86578e-09-5.02248e-09-5.10081e-09-4.84652e-09-4.33596e-09
-3.59486e-09-2.55626e-09-1.38621e-09-8.44712e-11 1.14821e-09 2.26851e-09
 3.27075e-09 4.13600e-09 4.81053e-09 5.22956e-09 5.45051e-09 5.55563e-09
 5.62992e-09 5.68511e-09 5.67548e-09 5.58660e-09 5.48697e-09 5.43974e-09
 5.38172e-09 5.15182e-09 4.61554e-09 3.76415e-09 2.72574e-09 1.67943e-09
 7.11913e-10-2.23560e-10-1.15825e-09-1.96460e-09-2.43739e-09-2.52205e-09
-2.41385e-09-2.37047e-09-2.45258e-09-2.53285e-09-2.52092e-09-2.49760e-09
-2.64654e-09-3.08109e-09-3.73970e-09-4.44545e-09-5.04509e-09-5.50014e-09
-5.85757e-09-6.11927e-09-6.18055e-09-5.95765e-09-5.55177e-09-5.22424e-09
-5.19242e-09-5.47010e-09-5.90754e-09-6.33621e-09-6.65232e-09-6.79870e-09
-6.69222e-09-6.20751e-09-5.26625e-09-3.91089e-09-2.28596e-09-5.66261e-10
 1.13129e-09 2.78082e-09 4.38615e-09 5.90896e-09 7.27348e-09 8.43698e-09
 9.43335e-09 1.03251e-08 1.11272e-08 1.17953e-08 1.22640e-08 1.24812e-08
 1.24191e-08 1.20615e-08 1.13925e-08 1.04033e-08 9.09797e-09 7.50334e-09
 5.69883e-09 3.81427e-09 1.96924e-09 2.35978e-10-1.32127e-09-2.61924e-09
-3.58415e-09-4.15466e-09-4.27426e-09-3.94168e-09-3.24098e-09-2.28862e-09
-1.19923e-09-1.15029e-10 7.94163e-10 1.37169e-09 1.49864e-09 1.12523e-09
 3.05345e-10-8.42320e-10-2.21430e-09-3.71556e-09-5.18984e-09-6.42792e-09
-7.25453e-09-7.60711e-09-7.57577e-09-7.38565e-09-7.33434e-09-7.73324e-09
-8.86402e-09-1.09183e-08-1.38778e-08-1.73790e-08-2.07149e-08-2.30434e-08
-2.36710e-08-2.21973e-08-1.84767e-08-1.25762e-08-4.83603e-09 4.05041e-09
 1.30327e-08 2.08599e-08 2.64215e-08 2.90797e-08 2.87601e-08 2.58332e-08
 2.09807e-08 1.51401e-08 9.42162e-09 4.86433e-09 2.12611e-09 1.31610e-09
 2.04235e-09 3.62829e-09 5.36763e-09 6.67586e-09 7.14503e-09 6.58797e-09
 5.09713e-09 3.06774e-09 1.09397e-09-2.68073e-10-7.46644e-10-4.70352e-10
 1.18552e-10 4.81657e-10 1.67218e-10-1.08815e-09-3.28202e-09-6.10423e-09
-8.98248e-09-1.12306e-08-1.22716e-08-1.18401e-08-1.00600e-08-7.37204e-09
-4.36616e-09-1.61323e-09 4.59401e-10 1.66723e-09 2.10323e-09 2.06770e-09
 1.93385e-09 2.00342e-09 2.40020e-09 3.03593e-09 3.64955e-09 3.91375e-09
 3.58856e-09 2.65536e-09 1.33929e-09 1.74266e-12-1.00724e-09-1.46668e-09
-1.37324e-09-9.68776e-10-6.47416e-10-7.70038e-10-1.48874e-09-2.66752e-09
-3.93805e-09-4.85498e-09-5.06468e-09-4.42890e-09-3.07270e-09-1.33522e-09
 3.59623e-10 1.65014e-09 2.34603e-09 2.48043e-09 2.27580e-09 2.01485e-09
 1.90428e-09 2.02606e-09 2.35925e-09 2.80374e-09 3.19717e-09 3.36366e-09
 3.20048e-09 2.74492e-09 2.14965e-09 1.57513e-09 1.09090e-09 6.48204e-10
 1.14816e-10-6.54237e-10-1.72911e-09-3.03749e-09-4.35454e-09-5.35255e-09
-5.70733e-09-5.25234e-09-4.10446e-09-2.64529e-09-1.32981e-09-4.51843e-10
-3.45945e-11 1.08284e-10 2.29035e-10 5.25706e-10 1.07321e-09 1.79112e-09
 2.47770e-09 2.93518e-09 3.11338e-09 3.15110e-09 3.27005e-09 3.59138e-09
 4.01296e-09 4.25007e-09 4.00761e-09 3.15137e-09 1.76873e-09 9.90777e-11
-1.58788e-09-3.06703e-09-4.18348e-09-4.88027e-09-5.20610e-09-5.24550e-09
-5.00892e-09-4.40873e-09-3.37974e-09-2.02429e-09-6.04066e-10 6.21482e-10
 1.53446e-09 2.15857e-09 2.56758e-09 2.80909e-09 2.89708e-09 2.85470e-09
 2.74943e-09 2.67516e-09 2.69614e-09 2.81607e-09 2.99370e-09 3.14662e-09
 3.11356e-09 2.66570e-09 1.65040e-09 1.59637e-10-1.48493e-09-2.95650e-09
-4.12973e-09-5.05478e-09-5.76597e-09-6.17077e-09-6.12224e-09-5.55536e-09
-4.54360e-09-3.25827e-09-1.89515e-09-6.06337e-10 5.63397e-10 1.71519e-09
 3.06970e-09 4.84760e-09 7.07179e-09 9.40860e-09 1.12281e-08 1.19144e-08
 1.11790e-08 9.08537e-09 5.82653e-09 1.58556e-09-3.34760e-09-8.40386e-09
-1.27760e-08-1.56580e-08-1.64740e-08-1.50079e-08-1.14953e-08-6.66943e-09
-1.61785e-09 2.57634e-09 5.20681e-09 6.08966e-09 5.45395e-09 3.75388e-09
 1.58323e-09-2.97360e-10-1.00757e-09 9.89879e-11 2.78864e-09 5.39761e-09
 4.83915e-09 1.65253e-09
     0.0000e+00     0.0000e+00      0  0  0.00
     512   1.00000  0.0000e+00
-2.53028e-09-2.68610e-09-2.71169e-09-2.59301e-09-2.34931e-09-2.04871e-09
-1.80238e-09-1.73002e-09-1.91244e-09-2.35284e-09-2.96229e-09-3.57937e-09
-4.02426e-09-4.16313e-09-3.94221e-09-3.37381e-09-2.49722e-09-1.34719e-09
 5.71012e-11 1.70365e-09 3.56592e-09 5.58420e-09 7.66696e-09 9.70586e-09
 1.15818e-08 1.31579e-08 1.42813e-08 1.48148e-08 1.46876e-08 1.39329e-08
 1.26830e-08 1.11159e-08 9.37797e-09 7.51984e-09 5.48787e-09 3.18392e-09
 5.58672e-10-2.32638e-09-5.29931e-09-8.11982e-09-1.05351e-08-1.23387e-08
-1.34170e-08-1.37600e-08-1.34432e-08-1.26043e-08-1.14248e-08-1.01008e-08
-8.79980e-09-7.63209e-09-6.65952e-09-5.93156e-09-5.51203e-09-5.47498e-09
-5.87079e-09-6.67501e-09-7.74608e-09-8.82987e-09-9.62548e-09-9.88264e-09
-9.49708e-09-8.60550e-09-7.67288e-09-7.50512e-09-9.10448e-09-1.33350e-08
-2.04202e-08-2.93518e-08-3.73869e-08-3.99214e-08-3.10618e-08-5.14235e-09
 4.07830e-08 1.03647e-07 1.71642e-07 2.26849e-07 2.53632e-07 2.42816e-07
 1.90553e-07 1.00633e-07-1.30908e-08-1.28500e-07-2.18447e-07-2.58282e-07
-2.38087e-07-1.71489e-07-9.32055e-08-4.27829e-08-4.13258e-08-7.69088e-08
-1.12106e-07-1.11256e-07-6.82961e-08-1.26244e-08 1.44363e-08-6.08473e-09
-5.68545e-08-1.01464e-07-1.12240e-07-8.27319e-08-2.27147e-08 4.64339e-08
 9.12587e-08 8.29406e-08 3.43638e-08 6.63737e-09 5.56011e-08 1.84511e-07
 3.64662e-07 5.68338e-07 7.54813e-07 8.59627e-07 8.20891e-07 5.98783e-07
 1.86559e-07-3.64555e-07-9.39252e-07-1.38894e-06-1.57439e-06-1.41198e-06
-9.18949e-07-2.28776e-07 4.44485e-07 8.83539e-07 9.59962e-07 6.99847e-07
 2.77747e-07-7.24878e-08-1.86955e-07-6.53958e-08 1.37673e-07 2.32924e-07
 1.46021e-07-2.87078e-08-1.28682e-07-8.82134e-08 5.74160e-09 3.22130e-08
-1.89293e-08-6.06554e-08-4.46369e-08-1.30704e-08-9.57579e-09-1.66719e-08
-9.26838e-09-1.25928e-10-1.19939e-09 5.87002e-11 6.88293e-09 7.86653e-09
 5.41319e-09 7.30759e-09 8.01809e-09 5.04188e-09 4.60725e-09 5.01593e-09
 2.70762e-09 1.71346e-09 1.96614e-09 2.92614e-10-6.68190e-10-4.71534e-10
-1.58190e-09-2.12983e-09-1.79008e-09-2.42184e-09-2.55831e-09-2.19395e-09
-2.61506e-09-2.56070e-09-2.35715e-09-2.74332e-09-2.65854e-09-2.63520e-09
-2.84580e-09-2.54203e-09-2.37922e-09-2.16905e-09-1.64286e-09-1.37511e-09
-9.70691e-10-5.10351e-10-2.20775e-10 2.34683e-10 5.46831e-10 7.93447e-10
 1.08714e-09 1.22013e-09 1.42917e-09 1.64022e-09 1.84319e-09 2.09475e-09
 2.22529e-09 2.32518e-09 2.34733e-09 2.28472e-09 2.18778e-09 1.99542e-09
 1.73499e-09 1.35345e-09 8.77306e-10 3.84878e-10-6.68990e-11-4.09610e-10
-6.57344e-10-8.33620e-10-9.65950e-10-1.06323e-09-1.12602e-09-1.16191e-09
-1.16783e-09-1.15911e-09-1.15366e-09-1.14636e-09-1.11168e-09-1.03865e-09
-9.25146e-10-7.50213e-10-5.02495e-10-2.11543e-10 7.22463e-11 3.15159e-10
 5.12923e-10 6.81452e-10 8.30206e-10 9.27971e-10 9.06822e-10 7.27463e-10
 4.31606e-10 1.14757e-10-1.38834e-10-3.06209e-10-4.28624e-10-5.44564e-10
-6.30576e-10-6.30584e-10-5.19734e-10-3.40494e-10-1.86417e-10-1.21898e-10
-1.18329e-10-8.06701e-11 7.23667e-11 3.42320e-10 6.65318e-10 9.95551e-10
 1.34473e-09 1.74968e-09 2.22421e-09 2.71577e-09 3.11492e-09 3.33644e-09
 3.37433e-09 3.27491e-09 3.07697e-09 2.77123e-09 2.31989e-09 1.72327e-09
 1.04435e-09 3.65857e-10-2.56335e-10-8.18593e-10-1.36959e-09-1.95755e-09
-2.57256e-09-3.16386e-09-3.69564e-09-4.16508e-09-4.58050e-09-4.92792e-09
-5.15880e-09-5.21311e-09-5.05290e-09-4.68726e-09-4.16953e-09-3.55395e-09
-2.86359e-09-2.11041e-09-1.32433e-09-5.55571e-10 1.38179e-10 7.16513e-10
 1.17987e-09 1.55471e-09 1.85311e-09 2.05980e-09 2.14567e-09 2.08473e-09
 1.87411e-09 1.53265e-09 1.07691e-09 5.22929e-10-8.85096e-11-6.84705e-10
-1.17372e-09-1.46953e-09-1.52691e-09-1.35660e-09-1.00131e-09-5.10902e-10
 4.67907e-11 5.73372e-10 9.63781e-10 1.14434e-09 1.09710e-09 8.71276e-10
 5.73361e-10 3.33701e-10 2.85479e-10 5.70609e-10 1.32044e-09 2.57960e-09
 4.23275e-09 5.99871e-09 7.48341e-09 8.27019e-09 8.03308e-09 6.61655e-09
 4.05616e-09 5.90254e-10-3.33015e-09-7.07631e-09-9.93545e-09-1.12635e-08
-1.06617e-08-8.10072e-09-3.95000e-09 1.09587e-09 6.16768e-09 1.03750e-08
 1.29497e-08 1.34095e-08 1.16927e-08 8.19559e-09 3.68972e-09-8.88110e-10
-4.69855e-09-7.18639e-09-8.15542e-09-7.75787e-09-6.42319e-09-4.74905e-09
-3.34387e-09-2.63501e-09-2.73053e-09-3.39209e-09-4.12626e-09-4.38511e-09
-3.78892e-09-2.26139e-09-5.31351e-11 2.33572e-09 4.31370e-09 5.37162e-09
 5.22699e-09 3.93018e-09 1.88423e-09-2.65589e-10-1.84338e-09-2.37809e-09
-1.76729e-09-2.98473e-10 1.46601e-09 2.88675e-09 3.46477e-09 3.00165e-09
 1.65137e-09-1.35742e-10-1.76697e-09-2.72246e-09-2.74056e-09-1.90572e-09
-6.19153e-10 5.58047e-10 1.13658e-09 8.88104e-10-7.84811e-11-1.36595e-09
-2.45370e-09-2.91091e-09-2.55903e-09-1.53299e-09-2.27482e-10 8.63785e-10
 1.35456e-09 1.12712e-09 3.81841e-10-4.46052e-10-8.71846e-10-5.74371e-10
 4.53649e-10 1.89045e-09 3.21597e-09 3.92474e-09 3.73069e-09 2.68554e-09
 1.15767e-09-3.22511e-10-1.27975e-09-1.48591e-09-1.04788e-09-3.42102e-10
 1.71775e-10 1.59251e-10-4.44553e-10-1.40798e-09-2.31460e-09-2.76631e-09
-2.57463e-09-1.84759e-09-9.32340e-10-2.42517e-10-5.64651e-11-3.79222e-10
-9.32219e-10-1.28716e-09-1.08371e-09-2.12850e-10 1.12438e-09 2.49828e-09
 3.43424e-09 3.62483e-09 3.07061e-09 2.07238e-09 1.07442e-09 4.42260e-10
 2.95463e-10 4.77845e-10 6.63326e-10 5.36691e-10-2.97212e-11-8.94107e-10
-1.72089e-09-2.17311e-09-2.09765e-09-1.60661e-09-1.02747e-09-7.38916e-10
-9.60814e-10-1.61701e-09-2.36343e-09-2.76775e-09-2.52981e-09-1.62307e-09
-3.00088e-10 1.03169e-09 2.00992e-09 2.49139e-09 2.59589e-09 2.59201e-09
 2.69920e-09 2.93495e-09 3.10168e-09 2.91067e-09 2.16533e-09 9.08878e-10
-5.48620e-10-1.76337e-09-2.38438e-09-2.32661e-09-1.78893e-09-1.13001e-09
-6.80009e-10-5.75367e-10-7.05380e-10-8.19864e-10-7.33106e-10-4.69613e-10
-2.45273e-10-3.10592e-10-7.67838e-10-1.46837e-09-2.04329e-09-2.06093e-09
-1.24426e-09 3.71465e-10 2.44718e-09 4.50874e-09 6.15083e-09 7.14541e-09
 7.42121e-09 6.96405e-09 5.71506e-09 3.55639e-09 4.39450e-10-3.41798e-09
-7.43866e-09-1.07986e-08-1.26887e-08-1.25929e-08-1.04748e-08-6.80120e-09
-2.37939e-09 1.92569e-09 5.43721e-09 7.75042e-09 8.67505e-09 8.16729e-09
 6.34325e-09 3.54128e-09 3.40989e-10-2.51825e-09-4.32785e-09-4.66939e-09
-3.61731e-09-1.72605e-09 2.27363e-10 1.58712e-09 2.05485e-09 1.72758e-09
 9.40055e-10 2.40087e-10
     0.0000e+00     0.0000e+00      0  0  0.00
     512   1.00000  0.0000e+00
-1.09792e-09-1.06989e-09-8.20941e-10-3.03853e-10 4.51686e-10 1.32027e-09
 2.10265e-09 2.58952e-09 2.63726e-09 2.21535e-09 1.40885e-09 3.90844e-10
-6.13976e-10-1.36706e-09-1.65670e-09-1.34151e-09-3.93049e-10 1.07110e-09
 2.78147e-09 4.35717e-09 5.39223e-09 5.56083e-09 4.70633e-09 2.88910e-09
 3.83105e-10-2.37556e-09-4.87257e-09-6.61689e-09-7.25698e-09-6.69372e-09
-5.13069e-09-3.00771e-09-8.37180e-10 9.74043e-10 2.23718e-09 2.99679e-09
 3.46322e-09 3.89335e-09 4.45759e-09 5.14323e-09 5.74078e-09 5.91900e-09
 5.35012e-09 3.83886e-09 1.41780e-09-1.63210e-09-4.86022e-09-7.78719e-09
-1.00358e-08-1.14096e-08-1.19174e-08-1.17475e-08-1.11940e-08-1.05559e-08
-1.00525e-08-9.78918e-09-9.76703e-09-9.90926e-09-1.00903e-08-1.01693e-08
-1.00353e-08-9.66411e-09-9.17172e-09-8.82234e-09-8.92607e-09-9.60638e-09
-1.04993e-08-1.05044e-08-7.71335e-09 3.55794e-10 1.60972e-08 4.06581e-08
 7.24416e-08 1.05568e-07 1.29819e-07 1.35331e-07 1.18325e-07 8.02788e-08
 2.64016e-08-3.24142e-08-8.17340e-08-1.08168e-07-1.03214e-07-6.78887e-08
-1.42065e-08 3.80962e-08 6.88372e-08 6.78408e-08 4.15102e-08 8.74507e-09
-1.17451e-08-1.40530e-08-8.58663e-09-1.30055e-08-3.71784e-08-7.51874e-08
-1.11383e-07-1.33357e-07-1.37782e-07-1.26660e-07-1.05495e-07-8.70922e-08
-8.92250e-08-1.21725e-07-1.78904e-07-2.47681e-07-3.13919e-07-3.53056e-07
-3.27924e-07-2.08727e-07 1.37380e-08 3.30481e-07 7.05927e-07 1.06808e-06
 1.32203e-06 1.37401e-06 1.15715e-06 6.66105e-07-1.67566e-08-7.29511e-07
-1.27488e-06-1.48816e-06-1.30782e-06-8.14813e-07-2.10825e-07 2.65709e-07
 4.51316e-07 3.39679e-07 8.12502e-08-1.13096e-07-1.12158e-07 4.90154e-08
 2.09007e-07 2.26665e-07 1.09391e-07-7.93792e-09-1.76695e-08 4.69132e-08
 7.63185e-08 3.54461e-08-1.04259e-08-1.20750e-08 9.78812e-10-5.99368e-09
-1.62635e-08-1.15856e-08-7.53388e-09-1.17866e-08-1.00858e-08-3.11146e-09
-2.53962e-09-2.91480e-09 1.56683e-09 3.00497e-09 1.43890e-09 3.18557e-09
 3.99424e-09 1.87315e-09 1.91302e-09 1.99095e-09-7.33222e-11-3.72427e-10
-1.71025e-10-1.37335e-09-1.16313e-09-7.59398e-10-1.52045e-09-1.21130e-09
-9.77778e-10-1.43346e-09-9.27859e-10-7.54301e-10-9.59150e-10-5.26147e-10
-6.02485e-10-5.79455e-10 4.40362e-12 2.80477e-10 9.43327e-10 1.68797e-09
 2.01536e-09 2.45740e-09 2.48305e-09 2.25754e-09 2.06797e-09 1.53577e-09
 1.04551e-09 4.82509e-10-1.65615e-10-6.10044e-10-1.05347e-09-1.29727e-09
-1.39426e-09-1.47003e-09-1.47867e-09-1.60069e-09-1.75261e-09-1.93722e-09
-2.14791e-09-2.32151e-09-2.49456e-09-2.59124e-09-2.59553e-09-2.44830e-09
-2.08176e-09-1.49477e-09-7.35707e-10 8.03188e-11 8.74953e-10 1.58030e-09
 2.14201e-09 2.53017e-09 2.73413e-09 2.76811e-09 2.67529e-09 2.52678e-09
 2.38478e-09 2.29051e-09 2.25869e-09 2.26989e-09 2.27900e-09 2.23251e-09
 2.08044e-09 1.78705e-09 1.35158e-09 8.10913e-10 2.04802e-10-4.48369e-10
-1.13002e-09-1.79431e-09-2.36455e-09-2.74916e-09-2.88952e-09-2.80303e-09
-2.55299e-09-2.19617e-09-1.77562e-09-1.32993e-09-9.09680e-10-5.84672e-10
-4.05534e-10-3.65673e-10-3.97211e-10-3.96457e-10-2.91154e-10-8.66944e-11
 1.67433e-10 4.27507e-10 6.72539e-10 8.93517e-10 1.05873e-09 1.11016e-09
 1.00658e-09 7.39111e-10 3.28387e-10-1.68845e-10-6.90081e-10-1.19708e-09
-1.65604e-09-2.01353e-09-2.19600e-09-2.14113e-09-1.84463e-09-1.36439e-09
-7.86510e-10-1.97382e-10 3.34405e-10 7.72214e-10 1.10943e-09 1.34972e-09
 1.50299e-09 1.60563e-09 1.71730e-09 1.88523e-09 2.11990e-09 2.39338e-09
 2.65211e-09 2.84392e-09 2.92975e-09 2.87106e-09 2.62573e-09 2.16041e-09
 1.46901e-09 5.85805e-10-4.13261e-10-1.41989e-09-2.32241e-09-3.03004e-09
-3.46759e-09-3.58044e-09-3.36077e-09-2.85154e-09-2.12553e-09-1.26534e-09
-3.50475e-10 5.45236e-10 1.34115e-09 1.95198e-09 2.31832e-09 2.41987e-09
 2.26557e-09 1.89666e-09 1.39080e-09 8.53270e-10 4.13841e-10 2.08872e-10
 3.16448e-10 6.99599e-10 1.22228e-09 1.70293e-09 1.95031e-09 1.77723e-09
 1.01298e-09-4.62130e-10-2.65845e-09-5.41487e-09-8.37846e-09-1.10605e-08
-1.29250e-08-1.34727e-08-1.23415e-08-9.41249e-09-4.89275e-09 6.58854e-10
 6.41692e-09 1.14666e-08 1.49911e-08 1.64313e-08 1.55872e-08 1.26482e-08
 8.18270e-09 3.05488e-09-1.75562e-09-5.36650e-09-7.19009e-09-7.07913e-09
-5.34424e-09-2.64534e-09 1.94170e-10 2.41746e-09 3.52423e-09 3.37285e-09
 2.20369e-09 5.52625e-10-9.29697e-10-1.68420e-09-1.43324e-09-2.82432e-10
 1.32616e-09 2.77021e-09 3.44671e-09 2.96844e-09 1.29630e-09-1.23369e-09
-3.99290e-09-6.24119e-09-7.35498e-09-7.02132e-09-5.33762e-09-2.78138e-09
-5.35996e-11 2.15122e-09 3.36513e-09 3.47651e-09 2.73192e-09 1.61800e-09
 6.74926e-10 3.07488e-10 6.40145e-10 1.47757e-09 2.40331e-09 2.96113e-09
 2.84329e-09 2.02017e-09 7.50388e-10-5.29470e-10-1.37999e-09-1.53962e-09
-1.04272e-09-2.12470e-10 4.67674e-10 5.49150e-10-1.88093e-10-1.62378e-09
-3.32076e-09-4.67922e-09-5.16382e-09-4.51188e-09-2.84223e-09-6.22038e-10
 1.50084e-09 2.93584e-09 3.36520e-09 2.84850e-09 1.77247e-09 6.72136e-10
 4.27419e-12-2.65997e-11 4.78553e-10 1.19262e-09 1.73571e-09 1.86227e-09
 1.57270e-09 1.09841e-09 7.68010e-10 8.16159e-10 1.23550e-09 1.75619e-09
 1.96163e-09 1.48567e-09 2.05654e-10-1.66281e-09-3.62067e-09-5.06969e-09
-5.54750e-09-4.91346e-09-3.40485e-09-1.53534e-09 1.20627e-10 1.15824e-09
 1.48009e-09 1.28074e-09 9.02377e-10 6.50203e-10 6.55928e-10 8.41711e-10
 1.00019e-09 9.53886e-10 6.98032e-10 4.32071e-10 4.57471e-10 9.97157e-10
 2.03328e-09 3.25463e-09 4.15481e-09 4.24664e-09 3.29113e-09 1.42247e-09
-8.93787e-10-3.04203e-09-4.49454e-09-5.00787e-09-4.68423e-09-3.86250e-09
-2.90782e-09-2.03139e-09-1.24147e-09-4.32922e-10 4.62326e-10 1.36447e-09
 2.04305e-09 2.23270e-09 1.80935e-09 9.19243e-10-3.36810e-11-5.55381e-10
-3.02564e-10 7.32097e-10 2.19218e-09 3.51105e-09 4.17529e-09 3.95484e-09
 2.97005e-09 1.57446e-09 1.50770e-10-1.05404e-09-1.98331e-09-2.71057e-09
-3.30855e-09-3.73433e-09-3.82678e-09-3.43673e-09-2.59314e-09-1.56590e-09
-7.60979e-10-5.05231e-10-8.47468e-10-1.49164e-09-1.91272e-09-1.60695e-09
-3.40466e-10 1.74018e-09 4.17936e-09 6.40425e-09 7.92898e-09 8.48103e-09
 8.00564e-09 6.56822e-09 4.25182e-09 1.16003e-09-2.46959e-09-6.16532e-09
-9.26425e-09-1.11073e-08-1.12783e-08-9.76588e-09-6.97867e-09-3.59950e-09
-3.31781e-10 2.33193e-09 4.19276e-09 5.25968e-09 5.59719e-09 5.23655e-09
 4.20741e-09 2.65158e-09 9.16884e-10-4.86327e-10-1.10994e-09-8.80451e-10
-3.25399e-10-3.71643e-11
