      10
(6e12.5)
     0.0000e+00     0.0000e+00      0  0  0.00
     512   1.00000  0.0000e+00
-7.29293e-10 1.10861e-09 2.53545e-09 3.13938e-09 2.82850e-09 1.96673e-09
 1.29945e-09 1.69630e-09 3.81174e-09 7.78562e-09 1.30860e-08 1.85589e-08
 2.26978e-08 2.40853e-08 2.18871e-08 1.62290e-08 8.27811e-09-5.28919e-11
-6.69811e-09-1.01003e-08-9.69248e-09-6.04088e-09-6.37808e-10 4.55253e-09
 7.64441e-09 7.33615e-09 3.25611e-09-3.93695e-09-1.27381e-08-2.12267e-08
-2.76171e-08-3.07498e-08-3.03593e-08-2.70462e-08-2.20009e-08-1.66017e-08
-1.20188e-08-8.92335e-09-7.36848e-09-6.86674e-09-6.63447e-09-5.91945e-09
-4.28631e-09-1.73753e-09 1.37978e-09 4.61636e-09 7.66767e-09 1.04946e-08
 1.32814e-08 1.62896e-08 1.97018e-08 2.35227e-08 2.75610e-08 3.14904e-08
 3.49749e-08 3.78214e-08 4.00935e-08 4.21158e-08 4.43360e-08 4.70919e-08
 5.03842e-08 5.37539e-08 5.62967e-08 5.67925e-08 5.39195e-08 4.65543e-08
 3.41480e-08 1.70337e-08-3.57909e-09-2.59536e-08-4.82309e-08-6.86350e-08
-8.55681e-08-9.78907e-08-1.05396e-07-1.09132e-07-1.11226e-07-1.14113e-07
-1.19404e-07-1.27059e-07-1.35526e-07-1.43010e-07-1.49269e-07-1.56818e-07
-1.70522e-07-1.95215e-07-2.32104e-07-2.75572e-07-3.11894e-07-3.20549e-07
-2.77952e-07-1.63366e-07 3.29841e-08 3.02278e-07 6.16409e-07 9.36161e-07
 1.22081e-06 1.43399e-06 1.54921e-06 1.54935e-06 1.40946e-06 1.08084e-06
 5.09172e-07-3.14122e-07-1.30193e-06-2.26235e-06-2.94311e-06-3.10699e-06
-2.61321e-06-1.49643e-06-1.33373e-08 1.39784e-06 2.26444e-06 2.28528e-06
 1.49206e-06 2.64503e-07-8.28973e-07-1.29779e-06-9.75561e-07-1.14108e-07
 7.49859e-07 1.10734e-06 7.89782e-07 7.27171e-08-5.19713e-07-5.92095e-07
-1.65820e-07 3.53333e-07 5.18870e-07 2.21461e-07-2.30663e-07-4.12402e-07
-1.89065e-07 1.67364e-07 2.76273e-07 5.31120e-08-2.17437e-07-2.23057e-07
 1.42112e-08 1.86048e-07 9.40203e-08-1.08815e-07-1.41488e-07 2.14729e-08
 1.33893e-07 4.38338e-08-9.43744e-08-7.12893e-08 5.61629e-08 7.37854e-08
-3.69497e-08-8.45974e-08-3.65473e-09 4.56813e-08-2.18647e-08-7.04595e-08
-1.15148e-08 3.56883e-08-7.77528e-09-3.24189e-08 1.83658e-08 3.82863e-08
-5.94476e-10-4.68713e-10 3.04733e-08 1.52945e-08-5.57904e-09 7.01922e-09
 3.89744e-09-1.29157e-08-1.21133e-08-1.19940e-08-1.70847e-08-1.45459e-08
-9.74142e-09-5.60803e-09 4.04041e-10 6.46564e-09 1.10081e-08 1.37812e-08
 1.42412e-08 1.22867e-08 8.46219e-09 3.56379e-09-1.50667e-09-5.84538e-09
-8.66789e-09-9.41355e-09-7.85218e-09-4.16359e-09 1.04349e-09 6.79972e-09
 1.19440e-08 1.53653e-08 1.62632e-08 1.43565e-08 9.97006e-09 3.97846e-09
-2.37482e-09-7.75390e-09-1.10423e-08-1.16109e-08-9.46912e-09-5.26406e-09
-1.45168e-10 4.48849e-09 7.33293e-09 7.54362e-09 4.99869e-09 3.31707e-10
-5.28157e-09-1.04706e-08-1.40118e-08-1.50851e-08-1.34417e-08-9.47169e-09
-4.12763e-09 1.30515e-09 5.53636e-09 7.60488e-09 7.13661e-09 4.45745e-09
 5.08716e-10-3.43190e-09-6.12617e-09-6.70819e-09-4.89222e-09-1.04284e-09
 3.89023e-09 8.58515e-09 1.17026e-08 1.22998e-08 1.01517e-08 5.84180e-09
 5.74978e-10-4.20680e-09-7.25197e-09-7.84583e-09-6.01697e-09-2.55607e-09
 1.19754e-09 3.78046e-09 4.11011e-09 1.87811e-09-2.32406e-09-7.19802e-09
-1.11829e-08-1.29899e-08-1.20274e-08-8.56465e-09-3.60546e-09 1.44564e-09
 5.21187e-09 6.76857e-09 5.96080e-09 3.49143e-09 6.92479e-10-9.77509e-10
-5.14554e-10 2.22599e-09 6.47608e-09 1.08652e-08 1.39507e-08 1.47438e-08
 1.30294e-08 9.38592e-09 4.93500e-09 9.40693e-10-1.60540e-09-2.29778e-09
-1.44301e-09 5.87805e-11 1.06636e-09 6.64883e-10-1.44553e-09-4.80819e-09
-8.37499e-09-1.09104e-08-1.14746e-08-9.79659e-09-6.38537e-09-2.32376e-09
 1.17599e-09 3.26249e-09 3.76859e-09 3.22788e-09 2.57834e-09 2.68821e-09
 3.92567e-09 5.97725e-09 7.99365e-09 8.97696e-09 8.22092e-09 5.61629e-09
 1.70361e-09-2.54593e-09-6.13250e-09-8.43561e-09-9.43671e-09-9.65033e-09
-9.80097e-09-1.04089e-08-1.14920e-08-1.25309e-08-1.27049e-08-1.12793e-08
-7.95976e-09-3.06494e-09 2.54200e-09 7.72474e-09 1.14466e-08 1.31188e-08
 1.27915e-08 1.10809e-08 8.83400e-09 6.69036e-09 4.78932e-09 2.78244e-09
 1.30636e-10-3.47706e-09-7.79131e-09-1.19338e-08-1.46623e-08-1.48696e-08
-1.20839e-08-6.73125e-09-4.04352e-11 6.37294e-09 1.10789e-08 1.33294e-08
 1.32503e-08 1.16338e-08 9.44808e-09 7.34081e-09 5.39422e-09 3.23347e-09
 4.04435e-10-3.18318e-09-6.98179e-09-9.87513e-09-1.06121e-08-8.42403e-09
-3.50323e-09 2.94134e-09 9.11487e-09 1.33384e-08 1.46609e-08 1.31049e-08
 9.49350e-09 5.01488e-09 7.47169e-10-2.66678e-09-5.08516e-09-6.67055e-09
-7.56116e-09-7.63518e-09-6.55084e-09-4.05592e-09-3.59116e-10 3.70894e-09
 6.90120e-09 8.05487e-09 6.62249e-09 2.94213e-09-1.89000e-09-6.46144e-09
-9.57259e-09-1.06189e-08-9.68575e-09-7.35192e-09-4.33641e-09-1.20698e-09
 1.68809e-09 4.07672e-09 5.58403e-09 5.71840e-09 4.09522e-09 7.85529e-10
-3.45056e-09-7.26691e-09-9.20957e-09-8.36600e-09-4.84634e-09 1.77280e-10
 4.92644e-09 7.76407e-09 7.87248e-09 5.52832e-09 1.85373e-09-1.78633e-09
-4.38365e-09-5.56804e-09-5.48603e-09-4.45310e-09-2.67482e-09-2.34691e-10
 2.68385e-09 5.56106e-09 7.52973e-09 7.67887e-09 5.54693e-09 1.52226e-09
-3.13576e-09-6.75023e-09-7.95327e-09-6.29335e-09-2.39469e-09 2.38470e-09
 6.56393e-09 9.07921e-09 9.51742e-09 8.02766e-09 5.08677e-09 1.32656e-09
-2.50159e-09-5.51538e-09-6.80289e-09-5.72259e-09-2.30775e-09 2.48870e-09
 6.97907e-09 9.39505e-09 8.71735e-09 5.20993e-09 3.26192e-10-3.98081e-09
-6.17278e-09-5.78308e-09-3.49709e-09-6.70746e-10 1.39566e-09 2.01861e-09
 1.27007e-09-2.80179e-10-1.96477e-09-3.28341e-09-3.93630e-09-3.75605e-09
-2.72682e-09-1.12261e-09 4.03141e-10 9.74363e-10-8.12711e-11-2.75164e-09
-6.13738e-09-8.74600e-09-9.20479e-09-7.02185e-09-2.94130e-09 1.35770e-09
 4.08357e-09 4.21346e-09 1.92906e-09-1.60206e-09-4.88756e-09-6.77306e-09
-6.77083e-09-5.01291e-09-2.01757e-09 1.51482e-09 4.80332e-09 7.07224e-09
 7.73836e-09 6.68750e-09 4.46093e-09 2.13712e-09 8.59299e-10 1.22843e-09
 2.95045e-09 5.01747e-09 6.34504e-09 6.44870e-09 5.70327e-09 5.02246e-09
 5.19772e-09 6.35193e-09 7.85373e-09 8.70364e-09 8.10631e-09 5.87805e-09
 2.50042e-09-1.12688e-09-4.03090e-09-5.43783e-09-4.94844e-09-2.67854e-09
 6.39201e-10 3.72409e-09 5.12486e-09 3.84929e-09-6.55955e-11-5.42848e-09
-1.03786e-08-1.32603e-08-1.34026e-08-1.13725e-08-8.58767e-09-6.55078e-09
-6.15051e-09-7.36383e-09-9.40294e-09-1.11161e-08-1.14115e-08-9.57435e-09
-5.45162e-09 4.90918e-10 7.25065e-09 1.34711e-08 1.75895e-08 1.77970e-08
 1.18520e-08 3.51382e-09
     0.0000e+00     0.0000e+00      0  0  0.00
     512   1.00000  0.0000e+00
 7.98040e-10 7.55523e-10 6.32922e-10 4.87870e-10 4.22351e-10 5.55571e-10
 9.80530e-10 1.71041e-09 2.62679e-09 3.45730e-09 3.81441e-09 3.30823e-09
 1.71057e-09-8.95257e-10-4.07168e-09-7.14295e-09-9.40613e-09-1.03106e-08
-9.55723e-09-7.15219e-09-3.42752e-09 1.00049e-09 5.34105e-09 8.78736e-09
 1.07026e-08 1.07940e-08 9.20314e-09 6.45575e-09 3.27757e-09 3.53347e-10
-1.86492e-09-3.21515e-09-3.74322e-09-3.58004e-09-2.89548e-09-1.92933e-09
-9.92579e-10-3.84088e-10-2.79718e-10-6.70027e-10-1.37373e-09-2.11393e-09
-2.62266e-09-2.73084e-09-2.41363e-09-1.78492e-09-1.05068e-09-4.35227e-10
-1.00388e-10-8.71655e-11-3.12038e-10-6.23984e-10-8.87006e-10-1.03671e-09
-1.08509e-09-1.08628e-09-1.09107e-09-1.11289e-09-1.12152e-09-1.06190e-09
-8.72281e-10-4.85412e-10 1.73750e-10 1.17349e-09 2.53605e-09 4.17284e-09
 5.82331e-09 7.11509e-09 7.81486e-09 7.99591e-09 7.83152e-09 7.32244e-09
 6.37362e-09 5.03991e-09 3.62406e-09 2.57266e-09 2.20228e-09 2.43916e-09
 2.84714e-09 2.96653e-09 2.72176e-09 2.63254e-09 3.66475e-09 6.70920e-09
 1.18662e-08 1.78404e-08 2.17762e-08 1.97528e-08 7.84567e-09-1.65205e-08
-5.30368e-08-9.68120e-08-1.36996e-07-1.58501e-07-1.50422e-07-1.15240e-07
-6.51907e-08-1.02765e-08 4.18491e-08 8.32288e-08 1.21867e-07 1.83936e-07
 2.74044e-07 3.54266e-07 3.77403e-07 3.14756e-07 1.57466e-07-7.48080e-08
-3.30797e-07-5.39671e-07-6.17480e-07-4.97162e-07-1.93828e-07 1.73536e-07
 4.45546e-07 5.08137e-07 3.42026e-07 3.35266e-08-2.57056e-07-3.76054e-07
-2.67512e-07-1.17739e-08 2.20698e-07 2.79241e-07 1.37835e-07-8.39827e-08
-2.10735e-07-1.49839e-07 3.24816e-08 1.69041e-07 1.41472e-07-1.08702e-08
-1.31100e-07-1.03098e-07 2.99821e-08 1.16054e-07 6.46403e-08-5.25202e-08
-9.12553e-08-1.17684e-08 7.57092e-08 5.77502e-08-3.29551e-08-6.78890e-08
-5.03783e-09 5.56038e-08 2.51099e-08-4.19024e-08-3.89100e-08 2.20544e-08
 3.65305e-08-1.46899e-08-3.83142e-08 3.50565e-09 3.03394e-08-3.08807e-09
-2.62319e-08 4.87904e-09 2.47897e-08-3.00937e-09-1.54795e-08 1.00766e-08
 1.29064e-08-1.02435e-08-5.62942e-09 8.70129e-09-2.72522e-09-8.04196e-09
 1.70768e-09-5.47336e-10-4.28305e-09 3.39184e-10 1.31354e-09 7.10922e-10
 2.56661e-09 3.27993e-09 3.03723e-09 2.87166e-09 2.14795e-09 9.76699e-10
-1.86271e-10-1.15399e-09-1.77275e-09-1.94357e-09-1.70027e-09-1.10252e-09
-2.27789e-10 7.50521e-10 1.60676e-09 2.13421e-09 2.21314e-09 1.86532e-09
 1.19130e-09 3.12081e-10-6.44097e-10-1.55963e-09-2.29687e-09-2.70661e-09
-2.68968e-09-2.23722e-09-1.46618e-09-5.87400e-10 1.76217e-10 6.48494e-10
 7.31380e-10 3.97957e-10-2.95721e-10-1.19409e-09-2.07460e-09-2.70386e-09
-2.90347e-09-2.60010e-09-1.85346e-09-8.52000e-10 1.40541e-10 8.62399e-10
 1.13555e-09 9.21335e-10 3.20838e-10-4.69858e-10-1.22038e-09-1.72417e-09
-1.84401e-09-1.53432e-09-8.47920e-10 6.14602e-11 9.59525e-10 1.60290e-09
 1.83881e-09 1.65796e-09 1.16990e-09 5.50041e-10-1.12721e-12-2.96685e-10
-2.13385e-10 2.60928e-10 1.01273e-09 1.83474e-09 2.49071e-09 2.79315e-09
 2.66904e-09 2.17974e-09 1.48512e-09 7.87535e-10 2.89483e-10 1.50268e-10
 4.23966e-10 1.01257e-09 1.68224e-09 2.14716e-09 2.18511e-09 1.73322e-09
 9.17831e-10 1.23673e-12-7.30549e-10-1.08236e-09-1.00964e-09-6.06955e-10
-5.89975e-11 4.09815e-10 5.88096e-10 3.43352e-10-3.13743e-10-1.20264e-09
-2.01862e-09-2.45176e-09-2.32572e-09-1.68356e-09-7.80130e-10 1.84849e-11
 3.91775e-10 2.05508e-10-4.35862e-10-1.24429e-09-1.87301e-09-2.05283e-09
-1.68788e-09-8.83247e-10 9.34218e-11 9.07506e-10 1.29021e-09 1.15115e-09
 6.10330e-10-5.42599e-11-5.08057e-10-4.80977e-10 1.24523e-10 1.18214e-09
 2.37570e-09 3.31448e-09 3.69112e-09 3.41144e-09 2.63067e-09 1.68546e-09
 9.59594e-10 7.28404e-10 1.03335e-09 1.65065e-09 2.18311e-09 2.23178e-09
 1.56780e-09 2.42031e-10-1.40835e-09-2.88029e-09-3.72328e-09-3.75005e-09
-3.11777e-09-2.23786e-09-1.56898e-09-1.39501e-09-1.69751e-09-2.19023e-09
-2.48483e-09-2.28331e-09-1.51106e-09-3.56069e-10 7.96599e-10 1.52162e-09
 1.54070e-09 8.47012e-10-2.99487e-10-1.49588e-09-2.37049e-09-2.73316e-09
-2.64324e-09-2.35616e-09-2.16179e-09-2.20361e-09-2.39519e-09-2.48407e-09
-2.20878e-09-1.44885e-09-3.00885e-10 9.40653e-10 1.89555e-09 2.26614e-09
 1.97687e-09 1.19715e-09 2.34784e-10-6.17484e-10-1.18079e-09-1.40522e-09
-1.33933e-09-1.08240e-09-7.18118e-10-2.50312e-10 4.03280e-10 1.32841e-09
 2.49065e-09 3.67220e-09 4.53683e-09 4.79239e-09 4.34555e-09 3.35076e-09
 2.12974e-09 1.02309e-09 2.68389e-10-4.52685e-11 3.99399e-11 3.97763e-10
 8.75577e-10 1.35108e-09 1.76837e-09 2.11963e-09 2.36834e-09 2.38574e-09
 1.98684e-09 1.05911e-09-3.11331e-10-1.81239e-09-3.00832e-09-3.52258e-09
-3.20471e-09-2.19899e-09-8.88144e-10 2.62234e-10 8.97955e-10 9.18469e-10
 4.80002e-10-1.40111e-10-7.12790e-10-1.15092e-09-1.49215e-09-1.79969e-09
-2.05323e-09-2.11461e-09-1.80408e-09-1.04029e-09 5.15078e-11 1.14303e-09
 1.83383e-09 1.84850e-09 1.18859e-09 1.44751e-10-8.43609e-10-1.40454e-09
-1.40188e-09-9.56136e-10-3.22625e-10 2.65403e-10 6.85526e-10 9.25005e-10
 1.02118e-09 9.87917e-10 7.84947e-10 3.73115e-10-1.81285e-10-6.65572e-10
-8.14175e-10-4.81808e-10 2.30337e-10 9.88052e-10 1.38201e-09 1.15106e-09
 3.45655e-10-6.75240e-10-1.42560e-09-1.54842e-09-9.96523e-10-4.11068e-11
 8.86394e-10 1.42232e-09 1.43194e-09 1.01121e-09 3.60539e-10-3.43446e-10
-9.88104e-10-1.48703e-09-1.72944e-09-1.58253e-09-9.70990e-10 1.60775e-11
 1.08577e-09 1.82807e-09 1.90547e-09 1.24639e-09 1.13586e-10-1.02050e-09
-1.72497e-09-1.82277e-09-1.42893e-09-8.16140e-10-2.28216e-10 2.31186e-10
 5.84307e-10 8.76584e-10 1.07819e-09 1.07666e-09 7.71437e-10 1.93164e-10
-4.56991e-10-8.99347e-10-9.50022e-10-6.47963e-10-2.23040e-10 8.04890e-11
 1.81018e-10 1.93079e-10 3.04452e-10 6.07324e-10 1.01023e-09 1.28855e-09
 1.23572e-09 8.08070e-10 1.60460e-10-4.49395e-10-8.17167e-10-8.96677e-10
-7.77521e-10-5.60130e-10-2.49004e-10 2.22825e-10 8.55912e-10 1.47898e-09
 1.79879e-09 1.57844e-09 8.05745e-10-2.69709e-10-1.25435e-09-1.80568e-09
-1.78528e-09-1.28929e-09-5.57757e-10 1.67671e-10 7.43245e-10 1.12002e-09
 1.26626e-09 1.11747e-09 6.29648e-10-1.15098e-10-8.82469e-10-1.39448e-09
-1.48548e-09-1.18132e-09-6.57970e-10-1.30579e-10 2.41330e-10 3.84073e-10
 2.92286e-10 4.54581e-12-4.11900e-10-8.70942e-10-1.27001e-09-1.48910e-09
-1.41183e-09-9.75519e-10-2.08802e-10 7.69813e-10 1.74038e-09 2.30034e-09
 1.77371e-09 5.67635e-10
     0.0000e+00     0.0000e+00      0  0  0.00
     512   1.00000  0.0000e+00
-3.69134e-09-2.29166e-09-9.96989e-10-1.03489e-10 2.51880e-10 2.25416e-10
 2.81877e-10 1.05444e-09 3.09237e-09 6.60488e-09 1.13118e-08 1.64559e-08
 2.09724e-08 2.37807e-08 2.41235e-08 2.18376e-08 1.74406e-08 1.19989e-08
 6.83051e-09 3.11851e-09 1.52243e-09 1.92543e-09 3.45911e-09 4.82518e-09
 4.76960e-09 2.51330e-09-1.98844e-09-8.00972e-09-1.42567e-08-1.92672e-08
-2.18669e-08-2.14994e-08-1.83350e-08-1.31815e-08-7.25321e-09-1.83117e-09
 2.11117e-09 4.16512e-09 4.51007e-09 3.72615e-09 2.51606e-09 1.44227e-09
 7.47180e-10 3.11214e-10-2.35423e-10-1.31389e-09-3.21414e-09-5.98062e-09
-9.36450e-09-1.28589e-08-1.58537e-08-1.78835e-08-1.88577e-08-1.91805e-08
-1.97400e-08-2.17650e-08-2.65342e-08-3.49382e-08-4.69426e-08-6.10205e-08
-7.36696e-08-7.92599e-08-7.06199e-08-4.07480e-08 1.42267e-08 9.12132e-08
 1.77717e-07 2.54822e-07 3.05065e-07 3.17837e-07 2.87885e-07 2.12035e-07
 9.23977e-08-5.51501e-08-1.98213e-07-2.96888e-07-3.20741e-07-2.65750e-07
-1.60575e-07-5.50651e-08 4.77868e-09 1.63413e-09-4.34929e-08-8.46468e-08
-8.22122e-08-3.27845e-08 2.60105e-08 4.34196e-08-2.83273e-09-8.47509e-08
-1.42723e-07-1.30716e-07-4.88712e-08 6.32065e-08 1.57757e-07 1.97565e-07
 1.58161e-07 4.47758e-08-8.69689e-08-1.63277e-07-1.60592e-07-1.12971e-07
-4.24931e-08 7.73325e-08 2.66968e-07 4.97047e-07 7.22532e-07 8.97867e-07
 9.49830e-07 8.04311e-07 4.35041e-07-1.32845e-07-8.12365e-07-1.44170e-06
-1.83062e-06-1.83414e-06-1.40853e-06-6.45172e-07 2.41371e-07 9.81036e-07
 1.34763e-06 1.25459e-06 7.98861e-07 2.19834e-07-2.13184e-07-3.34179e-07
-1.64525e-07 1.10658e-07 2.69477e-07 2.02824e-07-1.60097e-08-1.99602e-07
-2.09986e-07-7.60918e-08 4.79315e-08 4.52423e-08-4.76045e-08-1.02581e-07
-6.17953e-08 7.15174e-09 2.15909e-08-6.53808e-09-1.40297e-08 7.89744e-09
 1.78550e-08 6.18135e-09 2.21032e-09 1.16369e-08 1.21283e-08 2.76580e-09
 1.17319e-09 5.01451e-09 1.68914e-09-3.79388e-09-3.47865e-09-3.07472e-09
-5.59560e-09-6.00185e-09-5.08051e-09-5.84338e-09-5.66334e-09-4.25608e-09
-4.07573e-09-3.30175e-09-1.20848e-09-3.33265e-10 2.52024e-10 1.79215e-09
 2.27143e-09 1.96287e-09 2.32681e-09 2.14303e-09 1.38011e-09 1.28105e-09
 1.11221e-09 7.14214e-10 8.73746e-10 9.63229e-10 8.04648e-10 8.99475e-10
 8.26961e-10 6.28516e-10 6.85337e-10 6.77787e-10 6.29311e-10 6.50915e-10
 4.52134e-10 1.10297e-10-2.38427e-10-6.20787e-10-7.96354e-10-5.93318e-10
-7.91626e-11 6.77530e-10 1.47480e-09 2.08180e-09 2.50124e-09 2.70545e-09
 2.67503e-09 2.52400e-09 2.21835e-09 1.85588e-09 1.61510e-09 1.50006e-09
 1.50959e-09 1.43859e-09 1.17080e-09 7.81596e-10 3.22781e-10-9.47367e-11
-5.32766e-10-1.06194e-09-1.65042e-09-2.23608e-09-2.73139e-09-3.17367e-09
-3.61707e-09-4.05822e-09-4.38496e-09-4.39831e-09-4.01306e-09-3.37616e-09
-2.78929e-09-2.44426e-09-2.29386e-09-2.16527e-09-1.93292e-09-1.59338e-09
-1.19462e-09-7.31019e-10-1.37228e-10 6.09919e-10 1.40186e-09 2.01245e-09
 2.22131e-09 1.98227e-09 1.48388e-09 1.00688e-09 7.17404e-10 6.05782e-10
 5.72935e-10 5.26065e-10 4.14273e-10 2.18709e-10-6.73421e-11-4.40142e-10
-8.63068e-10-1.23876e-09-1.42188e-09-1.29791e-09-8.68393e-10-2.58634e-10
 3.59990e-10 8.66861e-10 1.23620e-09 1.51879e-09 1.79800e-09 2.13760e-09
 2.54076e-09 2.95741e-09 3.32573e-09 3.59210e-09 3.70421e-09 3.61609e-09
 3.31110e-09 2.81441e-09 2.18563e-09 1.49925e-09 8.13870e-10 1.44672e-10
-5.35316e-10-1.25770e-09-2.00432e-09-2.68631e-09-3.17744e-09-3.35473e-09
-3.12694e-09-2.47707e-09-1.48695e-09-3.04591e-10 8.99624e-10 1.94625e-09
 2.66456e-09 2.93916e-09 2.74904e-09 2.17343e-09 1.37840e-09 5.82968e-10
-3.04692e-12-2.35704e-10-4.66299e-11 5.79522e-10 1.59632e-09 2.82912e-09
 3.92620e-09 4.41938e-09 3.87430e-09 2.03652e-09-1.08667e-09-5.21741e-09
-9.84573e-09-1.42727e-08-1.76594e-08-1.91493e-08-1.81144e-08-1.44337e-08
-8.60197e-09-1.58172e-09 5.46577e-09 1.14085e-08 1.53060e-08 1.65441e-08
 1.49630e-08 1.09646e-08 5.50106e-09-1.59984e-10-4.83490e-09-7.75555e-09
-8.66081e-09-7.70377e-09-5.33692e-09-2.23556e-09 8.00983e-10 3.02768e-09
 3.98708e-09 3.68830e-09 2.59592e-09 1.39457e-09 6.74702e-10 7.39611e-10
 1.58606e-09 2.96388e-09 4.44265e-09 5.49655e-09 5.63288e-09 4.56494e-09
 2.38283e-09-3.89865e-10-2.94612e-09-4.50471e-09-4.60997e-09-3.27970e-09
-9.74233e-10 1.56586e-09 3.55511e-09 4.40355e-09 3.89587e-09 2.27509e-09
 2.00945e-10-1.45859e-09-1.96650e-09-1.03314e-09 1.04977e-09 3.52072e-09
 5.45712e-09 6.14105e-09 5.32031e-09 3.27727e-09 7.08341e-10-1.53906e-09
-2.79118e-09-2.80762e-09-1.85690e-09-5.83332e-10 2.63471e-10 1.35905e-10
-1.07097e-09-2.95592e-09-4.78326e-09-5.81653e-09-5.64686e-09-4.36671e-09
-2.51993e-09-8.59264e-10-3.09186e-11-3.14655e-10-1.50455e-09-2.98336e-09
-3.97986e-09-3.89873e-09-2.57665e-09-3.64757e-10 2.00063e-09 3.70376e-09
 4.20338e-09 3.46156e-09 1.94131e-09 3.94092e-10-4.59945e-10-2.39421e-10
 9.25092e-10 2.44644e-09 3.55337e-09 3.65037e-09 2.59419e-09 7.53078e-10
-1.17747e-09-2.49601e-09-2.80184e-09-2.17056e-09-1.11397e-09-3.18129e-10
-2.94442e-10-1.13224e-09-2.46180e-09-3.63464e-09-4.04275e-09-3.42353e-09
-1.98878e-09-3.06613e-10 9.95199e-10 1.53290e-09 1.31871e-09 7.17954e-10
 2.61255e-10 3.85295e-10 1.20573e-09 2.44866e-09 3.59712e-09 4.17170e-09
 3.97148e-09 3.13661e-09 2.03423e-09 1.07129e-09 5.21534e-10 4.16458e-10
 5.52872e-10 6.29029e-10 4.22810e-10-1.05149e-10-8.23161e-10-1.51920e-09
-2.01623e-09-2.25451e-09-2.28931e-09-2.19981e-09-1.98363e-09-1.54530e-09
-8.04689e-10 1.79401e-10 1.19079e-09 1.94846e-09 2.23195e-09 1.98898e-09
 1.40934e-09 9.05508e-10 9.24007e-10 1.64779e-09 2.80991e-09 3.79244e-09
 3.95426e-09 2.97560e-09 1.04165e-09-1.21439e-09-3.00449e-09-3.78946e-09
-3.56238e-09-2.83202e-09-2.31761e-09-2.53987e-09-3.53060e-09-4.79619e-09
-5.55751e-09-5.17754e-09-3.55526e-09-1.21705e-09 9.71915e-10 2.25459e-09
 2.28867e-09 1.21309e-09-4.43812e-10-1.94973e-09-2.62938e-09-2.11065e-09
-4.13309e-10 2.13969e-09 5.04883e-09 7.69319e-09 9.37797e-09 9.49364e-09
 7.76585e-09 4.43107e-09 1.96528e-10-4.00951e-09-7.37440e-09-9.47768e-09
-1.03643e-08-1.03371e-08-9.59794e-09-8.02404e-09-5.25171e-09-9.85048e-10
 4.64449e-09 1.08216e-08 1.60693e-08 1.86959e-08 1.75524e-08 1.26535e-08
 5.23841e-09-2.73026e-09-9.26446e-09-1.29206e-08-1.31527e-08-1.04355e-08
-6.06677e-09-1.63436e-09 1.60224e-09 3.08381e-09 2.98278e-09 1.98989e-09
 8.83475e-10 1.93679e-10
     0.0000e+00     0.0000e+00      0  0  0.00
     512   1.00000  0.0000e+00
 1.78105e-09 1.75057e-09 1.61124e-09 1.36685e-09 1.07442e-09 8.45939e-10
 8.03607e-10 9.95405e-10 1.31667e-09 1.49071e-09 1.13020e-09-1.32653e-10
-2.47631e-09-5.74013e-09-9.39718e-09-1.27091e-08-1.49648e-08-1.56352e-08
-1.44204e-08-1.12952e-08-6.57564e-09-9.15945e-10 4.81132e-09 9.70331e-09
 1.30200e-08 1.43548e-08 1.37437e-08 1.16480e-08 8.77534e-09 5.81879e-09
 3.26253e-09 1.34211e-09 1.17900e-10-4.44665e-10-4.52959e-10-9.89646e-11
 3.55074e-10 6.39025e-10 5.67764e-10 1.23709e-10-5.30455e-10-1.13617e-09
-1.46833e-09-1.42058e-09-1.01283e-09-3.63607e-10 3.40055e-10 8.96073e-10
 1.16390e-09 1.10806e-09 7.85892e-10 3.28919e-10-5.01135e-11-6.83552e-11
 5.49777e-10 1.95395e-09 4.05555e-09 6.42011e-09 8.16562e-09 7.94886e-09
 4.16955e-09-4.52835e-09-1.84850e-08-3.61036e-08-5.30227e-08-6.18920e-08
-5.48626e-08-3.10513e-08-6.99317e-10 2.57767e-08 4.91891e-08 7.30723e-08
 9.19779e-08 9.49014e-08 7.32462e-08 2.72341e-08-2.88305e-08-7.10299e-08
-8.03764e-08-5.51315e-08-1.22263e-08 2.21594e-08 2.79242e-08 3.93173e-09
-2.99069e-08-4.45923e-08-2.36669e-08 2.12309e-08 5.80144e-08 5.94628e-08
 2.32558e-08-2.73905e-08-6.20287e-08-6.57595e-08-4.35679e-08-4.91503e-09
 4.04180e-08 6.74246e-08 4.82473e-08-3.79740e-09-3.79230e-08-3.10320e-08
-1.28927e-08-9.19124e-09-3.65135e-09 1.53131e-08 2.70246e-08 2.39886e-08
 1.93090e-08 1.06342e-08-5.02903e-09-1.45319e-08-1.53443e-08-1.51258e-08
-1.08162e-08 2.40416e-09 2.07855e-08 3.60785e-08 3.82667e-08 2.08935e-08
-1.32238e-08-5.12987e-08-7.34581e-08-6.32641e-08-2.10525e-08 3.28291e-08
 6.73409e-08 5.89711e-08 1.16807e-08-3.97401e-08-5.38976e-08-1.79072e-08
 3.58381e-08 5.42280e-08 1.83465e-08-3.09689e-08-3.72465e-08 2.38301e-09
 3.21818e-08 1.42941e-08-1.88179e-08-1.77804e-08 7.50832e-09 1.19526e-08
-5.65139e-09-9.03408e-09 4.04301e-09 4.69692e-09-5.46676e-09-3.11023e-09
 4.72524e-09 1.34258e-10-4.78123e-09 1.24975e-09 3.02471e-09-2.88690e-09
-1.38999e-09 3.14769e-09-4.33626e-10-2.17966e-09 1.99661e-09 8.58236e-10
-2.00123e-09 9.39446e-10 1.33131e-09-1.38066e-09 5.58351e-10 1.54171e-09
-8.35181e-10 3.64882e-10 1.33319e-09-7.29956e-10 1.93253e-10 1.13559e-09
-4.62031e-10 5.31537e-10 1.33237e-09 1.49699e-11 9.11617e-10 1.19616e-09
 8.79080e-12 8.80174e-10 7.96703e-10-8.93929e-12 9.15402e-10 5.64392e-10
 1.72103e-10 8.25458e-10 7.01831e-11-5.17560e-11 2.24155e-10-4.63651e-10
-1.22781e-10-1.77807e-10-6.88011e-10-3.89939e-10-7.94446e-10-9.23058e-10
-8.89026e-10-1.47339e-09-1.48647e-09-1.66775e-09-1.66614e-09-1.32578e-09
-1.43740e-09-1.35994e-09-1.43263e-09-1.46436e-09-1.28275e-09-1.28381e-09
-1.23663e-09-1.31730e-09-1.27078e-09-9.72304e-10-6.64061e-10-4.61675e-10
-5.14031e-10-6.19828e-10-5.89138e-10-3.72367e-10-8.94996e-11 5.52081e-11
 5.40908e-11 2.92955e-11 1.21795e-10 3.32778e-10 5.08846e-10 5.15006e-10
 3.93667e-10 3.39707e-10 5.00651e-10 8.15911e-10 1.06909e-09 1.11772e-09
 1.01424e-09 9.09413e-10 9.15743e-10 1.03436e-09 1.17409e-09 1.26221e-09
 1.31661e-09 1.40463e-09 1.56035e-09 1.72494e-09 1.78226e-09 1.69210e-09
 1.54272e-09 1.45029e-09 1.46639e-09 1.56825e-09 1.67322e-09 1.68875e-09
 1.58622e-09 1.40011e-09 1.16939e-09 9.13292e-10 6.34807e-10 3.38022e-10
 5.43158e-11-1.82837e-10-3.83466e-10-5.89468e-10-8.44207e-10-1.16896e-09
-1.53279e-09-1.86288e-09-2.09162e-09-2.18788e-09-2.17038e-09-2.08778e-09
-1.97207e-09-1.83570e-09-1.69116e-09-1.53125e-09-1.33027e-09-1.08673e-09
-8.07084e-10-4.62758e-10-3.88960e-11 4.13855e-10 8.31295e-10 1.18056e-09
 1.44808e-09 1.65521e-09 1.85838e-09 2.08173e-09 2.29018e-09 2.44501e-09
 2.53754e-09 2.56178e-09 2.49122e-09 2.29108e-09 1.95001e-09 1.51926e-09
 1.11160e-09 8.15513e-10 6.13366e-10 4.20882e-10 1.86667e-10-7.72686e-11
-3.32096e-10-5.59672e-10-7.95780e-10-1.09335e-09-1.41651e-09-1.62848e-09
-1.64673e-09-1.55485e-09-1.51092e-09-1.59646e-09-1.76444e-09-1.88435e-09
-1.86468e-09-1.76235e-09-1.72097e-09-1.79455e-09-1.88824e-09-1.88468e-09
-1.79560e-09-1.75128e-09-1.83925e-09-1.99204e-09-2.03450e-09-1.83149e-09
-1.42923e-09-1.04416e-09-8.64416e-10-8.89596e-10-9.84619e-10-1.03627e-09
-1.04000e-09-1.05368e-09-1.08056e-09-1.03337e-09-8.24258e-10-4.69898e-10
-1.14554e-10 6.82203e-11 3.29475e-11-9.79307e-11-1.51909e-10-2.62940e-11
 2.73866e-10 6.64881e-10 1.06525e-09 1.44570e-09 1.78995e-09 2.05371e-09
 2.18804e-09 2.18675e-09 2.11550e-09 2.08628e-09 2.17953e-09 2.39377e-09
 2.65195e-09 2.83424e-09 2.84669e-09 2.68438e-09 2.40709e-09 2.07875e-09
 1.75071e-09 1.45919e-09 1.22301e-09 1.05097e-09 9.23290e-10 7.74992e-10
 5.39303e-10 2.00042e-10-2.02207e-10-5.87092e-10-8.67949e-10-9.96495e-10
-9.83635e-10-8.94167e-10-8.20301e-10-8.30482e-10-9.38396e-10-1.11611e-09
-1.30652e-09-1.43195e-09-1.42949e-09-1.28301e-09-1.02691e-09-7.38679e-10
-5.12644e-10-4.15438e-10-4.57874e-10-5.87623e-10-7.01427e-10-6.99174e-10
-5.47741e-10-2.90471e-10-1.18736e-11 1.98354e-10 2.76687e-10 2.11382e-10
 4.93961e-11-1.17260e-10-1.89534e-10-1.15979e-10 7.86553e-11 3.12552e-10
 4.83837e-10 5.07958e-10 3.60876e-10 1.02994e-10-1.49053e-10-2.84816e-10
-2.47948e-10-5.13303e-11 2.24757e-10 4.51797e-10 5.08579e-10 3.52728e-10
 5.07362e-11-2.57989e-10-4.34947e-10-4.06634e-10-1.85493e-10 1.42714e-10
 4.40307e-10 5.63860e-10 4.45465e-10 1.45136e-10-1.86274e-10-3.95974e-10
-3.96964e-10-1.95658e-10 1.11077e-10 3.75336e-10 4.70687e-10 3.56803e-10
 9.00359e-11-2.17059e-10-4.44512e-10-5.02165e-10-3.66281e-10-1.03649e-10
 1.54319e-10 2.88305e-10 2.59039e-10 1.06158e-10-1.06426e-10-3.20616e-10
-4.66026e-10-4.65837e-10-2.98287e-10-3.01654e-11 2.30930e-10 3.97017e-10
 4.13895e-10 2.64723e-10-6.16676e-12-2.88548e-10-4.55341e-10-4.30424e-10
-2.19355e-10 9.89545e-11 3.91108e-10 5.07175e-10 3.57654e-10-9.94820e-12
-4.15311e-10-6.52232e-10-6.09533e-10-3.06056e-10 1.40782e-10 5.42527e-10
 6.89929e-10 4.75957e-10 1.79701e-12-4.73552e-10-7.05526e-10-5.86832e-10
-1.53893e-10 4.47809e-10 9.97231e-10 1.26810e-09 1.14173e-09 6.86894e-10
 1.24952e-10-3.00758e-10-4.36553e-10-2.47439e-10 1.89186e-10 6.92660e-10
 1.03580e-09 1.05482e-09 7.21601e-10 1.29331e-10-5.36399e-10-1.01124e-09
-1.04768e-09-5.98461e-10 1.01261e-10 6.69695e-10 7.96326e-10 3.58112e-10
-5.72183e-10-1.73557e-09-2.72580e-09-3.14865e-09-2.85778e-09-2.04414e-09
-1.05246e-09-1.10856e-10 7.49821e-10 1.56979e-09 2.29915e-09 2.65435e-09
 1.96281e-09 6.21013e-10
     0.0000e+00     0.0000e+00      0  0  0.00
     512   1.00000  0.0000e+00
 3.46771e-09 1.72153e-09 1.85315e-10-7.95320e-10-1.10334e-09-1.00983e-09
-1.17157e-09-2.42708e-09-5.45212e-09-1.04214e-08-1.68205e-08-2.34801e-08
-2.88344e-08-3.13679e-08-3.01334e-08-2.51454e-08-1.74617e-08-8.91583e-09
-1.61344e-09 2.67406e-09 3.08619e-09 2.32268e-11-4.93652e-09-9.56797e-09
-1.17410e-08-1.00724e-08-4.32545e-09 4.50010e-09 1.44347e-08 2.31447e-08
 2.86656e-08 2.99508e-08 2.70629e-08 2.10519e-08 1.36230e-08 6.64227e-09
 1.57683e-09-9.04991e-10-9.86573e-10 5.53354e-10 2.71921e-09 4.65947e-09
 5.94225e-09 6.66250e-09 7.31842e-09 8.52484e-09 1.07253e-08 1.40053e-08
 1.80105e-08 2.19881e-08 2.50073e-08 2.63223e-08 2.57175e-08 2.37017e-08
 2.15274e-08 2.10378e-08 2.42918e-08 3.29287e-08 4.73238e-08 6.56495e-08
 8.30172e-08 9.10747e-08 7.86848e-08 3.43209e-08-4.95285e-08-1.70292e-07
-3.09651e-07-4.34449e-07-5.10462e-07-5.19215e-07-4.56574e-07-3.19681e-07
-1.11446e-07 1.41118e-07 3.82767e-07 5.46227e-07 5.80197e-07 4.78154e-07
 2.89319e-07 9.95367e-08-1.06011e-08-8.17164e-09 7.38818e-08 1.57065e-07
 1.69492e-07 9.85823e-08 3.97552e-09-2.63939e-08 5.09743e-08 1.92868e-07
 2.98229e-07 2.86388e-07 1.54847e-07-3.31199e-08-2.02844e-07-2.96451e-07
-2.75475e-07-1.52462e-07-1.90413e-08 1.80836e-08-5.66859e-08-1.72379e-07
-2.89348e-07-4.47805e-07-6.69188e-07-8.95897e-07-1.06644e-06-1.13819e-06
-1.03498e-06-6.93246e-07-1.22733e-07 6.21935e-07 1.43323e-06 2.12224e-06
 2.48086e-06 2.36619e-06 1.75106e-06 7.59607e-07-3.49114e-07-1.26243e-06
-1.72336e-06-1.63562e-06-1.11205e-06-4.25833e-07 1.15291e-07 3.15415e-07
 1.85005e-07-8.34989e-08-2.54272e-07-2.04967e-07 2.78459e-09 1.90482e-07
 2.23224e-07 1.17991e-07 3.06694e-09-1.81159e-08 3.91232e-08 8.49013e-08
 6.79166e-08 1.68815e-08-1.49471e-08-1.42565e-08-4.74355e-09-5.78350e-09
-1.49025e-08-1.93565e-08-1.47683e-08-9.33515e-09-9.62100e-09-9.82863e-09
-3.96698e-09 1.21387e-09 8.83051e-10 2.60012e-09 7.92512e-09 8.46180e-09
 6.17366e-09 8.35683e-09 9.74860e-09 6.74889e-09 6.76742e-09 8.61941e-09
 5.92755e-09 4.01526e-09 5.09220e-09 2.70434e-09-5.10025e-12 8.64576e-10
-4.46244e-10-2.53858e-09-1.25515e-09-1.68884e-09-3.24438e-09-1.94112e-09
-2.28183e-09-3.66117e-09-2.43449e-09-2.61818e-09-3.20687e-09-1.43612e-09
-1.24305e-09-1.19199e-09 2.92167e-10-2.52939e-10-4.74032e-10 1.92885e-10
-7.50795e-10-5.42476e-10-3.48335e-11-6.06717e-10 5.48504e-11-1.09924e-10
-1.02603e-09-1.15565e-09-2.25158e-09-2.77525e-09-2.78185e-09-3.42629e-09
-3.23190e-09-3.38260e-09-3.53387e-09-3.10634e-09-3.28231e-09-3.20544e-09
-3.26573e-09-3.15850e-09-2.25611e-09-1.30808e-09-1.21299e-10 7.96312e-10
 1.49660e-09 2.32975e-09 3.10063e-09 3.90888e-09 4.48674e-09 4.95544e-09
 5.52902e-09 6.26492e-09 7.08954e-09 7.54794e-09 7.34873e-09 6.59160e-09
 5.71990e-09 5.06883e-09 4.57389e-09 3.97926e-09 3.13925e-09 2.16858e-09
 1.25774e-09 4.40351e-10-4.29514e-10-1.49197e-09-2.67995e-09-3.70283e-09
-4.23644e-09-4.18699e-09-3.79101e-09-3.40592e-09-3.19143e-09-3.04109e-09
-2.77897e-09-2.32530e-09-1.69948e-09-9.55703e-10-1.34737e-10 7.39740e-10
 1.61667e-09 2.37354e-09 2.83794e-09 2.88441e-09 2.54084e-09 1.99593e-09
 1.46618e-09 1.04455e-09 6.78178e-10 2.45498e-10-3.69192e-10-1.21575e-09
-2.24188e-09-3.32347e-09-4.32770e-09-5.14067e-09-5.66894e-09-5.85713e-09
-5.71752e-09-5.33604e-09-4.83344e-09-4.29718e-09-3.72968e-09-3.04840e-09
-2.13663e-09-9.27311e-10 5.14912e-10 1.98760e-09 3.23413e-09 4.01745e-09
 4.15775e-09 3.61069e-09 2.52725e-09 1.18033e-09-1.48232e-10-1.20379e-09
-1.79589e-09-1.86775e-09-1.49139e-09-8.06486e-10-1.61789e-11 6.16331e-10
 8.65242e-10 6.30286e-10-9.12177e-11-1.27332e-09-2.86594e-09-4.70426e-09
-6.38656e-09-7.28034e-09-6.72352e-09-4.28010e-09 1.05370e-10 6.08224e-09
 1.29511e-08 1.97347e-08 2.52307e-08 2.81471e-08 2.74564e-08 2.28681e-08
 1.50447e-08 5.35116e-09-4.59982e-09-1.32802e-08-1.94299e-08-2.21798e-08
-2.11843e-08-1.68135e-08-1.02390e-08-3.13787e-09 2.91470e-09 6.94677e-09
 8.67623e-09 8.27724e-09 6.17664e-09 3.03163e-09-2.77607e-10-2.80659e-09
-3.86906e-09-3.38175e-09-1.93488e-09-4.49753e-10 3.00902e-10-4.62443e-11
-1.46102e-09-3.63649e-09-6.04933e-09-7.99037e-09-8.69976e-09-7.64500e-09
-4.83470e-09-9.60596e-10 2.82010e-09 5.37852e-09 6.05171e-09 4.80828e-09
 2.17538e-09-9.69929e-10-3.66883e-09-5.14892e-09-5.05257e-09-3.57927e-09
-1.46184e-09 2.84375e-10 7.81727e-10-3.15363e-10-2.66036e-09-5.36042e-09
-7.34360e-09-7.78526e-09-6.42054e-09-3.62591e-09-2.67129e-10 2.61535e-09
 4.19567e-09 4.18337e-09 2.91906e-09 1.22019e-09 6.46884e-11 2.03592e-10
 1.82470e-09 4.43674e-09 7.07173e-09 8.72021e-09 8.77294e-09 7.26101e-09
 4.81322e-09 2.37557e-09 8.22206e-10 6.09368e-10 1.59426e-09 3.09462e-09
 4.18370e-09 4.09628e-09 2.56373e-09-5.38849e-11-2.89853e-09-4.98711e-09
-5.66560e-09-4.89428e-09-3.22453e-09-1.52978e-09-6.34828e-10-9.64876e-10
-2.34020e-09-4.03806e-09-5.12849e-09-4.92647e-09-3.32571e-09-8.37697e-10
 1.66502e-09 3.33649e-09 3.70573e-09 2.88110e-09 1.50809e-09 4.52377e-10
 3.69692e-10 1.39659e-09 3.09332e-09 4.64910e-09 5.26706e-09 4.55569e-09
 2.72253e-09 4.55620e-10-1.43756e-09-2.40947e-09-2.36891e-09-1.66332e-09
-9.10951e-10-7.20174e-10-1.37261e-09-2.65477e-09-3.98180e-09-4.74258e-09
-4.62079e-09-3.69093e-09-2.30267e-09-8.97283e-10 1.65370e-10 7.49660e-10
 9.84419e-10 1.14575e-09 1.46763e-09 2.02133e-09 2.70987e-09 3.34233e-09
 3.74616e-09 3.86391e-09 3.76102e-09 3.51732e-09 3.09540e-09 2.34869e-09
 1.19524e-09-2.32800e-10-1.63182e-09-2.69312e-09-3.22634e-09-3.21370e-09
-2.86172e-09-2.60195e-09-2.90404e-09-3.93345e-09-5.33055e-09-6.34913e-09
-6.27132e-09-4.80115e-09-2.23085e-09 6.59973e-10 2.94176e-09 3.98182e-09
 3.75742e-09 2.83958e-09 2.06259e-09 2.07767e-09 3.01498e-09 4.38974e-09
 5.31609e-09 4.99873e-09 3.25216e-09 6.57485e-10-1.78359e-09-3.19405e-09
-3.16536e-09-1.81908e-09 2.59954e-10 2.17685e-09 3.04380e-09 2.37178e-09
 2.53598e-10-2.78580e-09-6.04749e-09-8.77021e-09-1.01598e-08-9.55429e-09
-6.72176e-09-2.05911e-09 3.49256e-09 8.78168e-09 1.28524e-08 1.52465e-08
 1.60475e-08 1.55941e-08 1.40597e-08 1.12548e-08 6.79181e-09 4.45592e-10
-7.48003e-09-1.58802e-08-2.28495e-08-2.62107e-08-2.45048e-08-1.78264e-08
-7.86623e-09 2.80797e-09 1.16463e-08 1.67641e-08 1.73651e-08 1.39825e-08
 8.30260e-09 2.43092e-09-2.01122e-09-4.36789e-09-4.83986e-09-4.03367e-09
-2.34674e-09-6.49072e-10
     0.0000e+00     0.0000e+00      0  0  0.00
     512   1.00000  0.0000e+00
-3.15979e-09-2.36646e-09-1.52579e-09-7.81248e-10-2.44425e-10 7.24236e-11
 3.02122e-10 7.17417e-10 1.65952e-09 3.41459e-09 6.08576e-09 9.52398e-09
 1.33560e-08 1.70863e-08 2.02057e-08 2.22637e-08 2.29158e-08 2.19716e-08
 1.94294e-08 1.54635e-08 1.03678e-08 4.49832e-09-1.75974e-09-8.01647e-09
-1.39004e-08-1.90603e-08-2.31423e-08-2.57965e-08-2.67562e-08-2.59529e-08
-2.35774e-08-2.00424e-08-1.58851e-08-1.16602e-08-7.83343e-09-4.68499e-09
-2.26069e-09-4.02871e-10 1.16421e-09 2.74371e-09 4.58538e-09 6.80772e-09
 9.34978e-09 1.20023e-08 1.45151e-08 1.67056e-08 1.84992e-08 1.98994e-08
 2.09363e-08 2.16291e-08 2.19750e-08 2.19675e-08 2.16458e-08 2.11576e-08
 2.07993e-08 2.09926e-08 2.21535e-08 2.44256e-08 2.73076e-08 2.92971e-08
 2.77511e-08 1.91806e-08 1.53911e-10-3.11593e-08-7.29867e-08-1.18147e-07
-1.54661e-07-1.70734e-07-1.60540e-07-1.25217e-07-6.97681e-08-1.43412e-09
 6.79144e-08 1.20881e-07 1.40434e-07 1.18349e-07 6.03375e-08-1.42271e-08
-7.90616e-08-1.12077e-07-1.05655e-07-7.07066e-08-3.09231e-08-8.74551e-09
-1.07721e-08-2.31370e-08-2.21446e-08 6.51965e-09 5.52387e-08 1.00304e-07
 1.21940e-07 1.19665e-07 1.09434e-07 1.08961e-07 1.26195e-07 1.55802e-07
 1.81108e-07 1.85281e-07 1.70516e-07 1.63701e-07 1.92891e-07 2.53382e-07
 3.05455e-07 3.15434e-07 2.75458e-07 1.68774e-07-3.57334e-08-3.42346e-07
-7.22249e-07-1.12012e-06-1.43847e-06-1.56159e-06-1.40652e-06-9.45546e-07
-2.27440e-07 6.05338e-07 1.34642e-06 1.78943e-06 1.79990e-06 1.37673e-06
 6.69182e-07-6.99324e-08-5.83608e-07-7.22214e-07-5.14061e-07-1.49362e-07
 1.28797e-07 1.65374e-07-1.75742e-08-2.45024e-07-3.27477e-07-2.09986e-07
-8.32734e-09 1.01611e-07 5.30400e-08-5.62996e-08-8.59094e-08-1.07737e-08
 6.70751e-08 6.39002e-08 1.50672e-08-1.87496e-10 2.33208e-08 3.19956e-08
 1.29359e-08 2.03468e-09 8.75120e-09 8.16499e-09-2.77676e-09-4.80390e-09
-2.67193e-10-3.74321e-09-8.78949e-09-6.05784e-09-4.18724e-09-7.17758e-09
-6.57035e-09-3.44268e-09-4.28730e-09-4.85658e-09-2.37583e-09-2.01041e-09
-2.84219e-09-1.29233e-09-5.49371e-10-1.31023e-09-4.07646e-10 4.60305e-10
 4.18234e-11 6.67826e-10 1.39539e-09 1.01724e-09 1.29165e-09 1.74412e-09
 1.47084e-09 1.74505e-09 2.14451e-09 1.94055e-09 1.99856e-09 1.98501e-09
 1.56382e-09 1.41880e-09 1.24421e-09 8.78218e-10 7.26854e-10 4.76159e-10
 8.20651e-11-1.98120e-10-5.48555e-10-8.97432e-10-1.07515e-09-1.20668e-09
-1.26551e-09-1.21751e-09-1.18950e-09-1.08850e-09-8.32731e-10-5.45667e-10
-1.87269e-10 1.56079e-10 4.06255e-10 7.52809e-10 1.15165e-09 1.61981e-09
 2.10769e-09 2.43508e-09 2.67895e-09 2.80273e-09 2.87276e-09 2.92253e-09
 2.84353e-09 2.67644e-09 2.42544e-09 2.15182e-09 1.82849e-09 1.36162e-09
 7.59517e-10 7.87526e-11-5.61528e-10-1.11963e-09-1.63388e-09-2.14681e-09
-2.64601e-09-3.04895e-09-3.28960e-09-3.36420e-09-3.33613e-09-3.27517e-09
-3.16717e-09-2.90978e-09-2.42748e-09-1.76906e-09-1.06055e-09-3.94527e-10
 2.17633e-10 8.10089e-10 1.39766e-09 1.94764e-09 2.40450e-09 2.72508e-09
 2.89352e-09 2.91685e-09 2.80382e-09 2.54191e-09 2.10215e-09 1.47508e-09
 6.97220e-10-1.65222e-10-1.04882e-09-1.90551e-09-2.70447e-09-3.43407e-09
-4.08995e-09-4.65316e-09-5.08154e-09-5.32109e-09-5.32885e-09-5.09257e-09
-4.62747e-09-3.95322e-09-3.08605e-09-2.05371e-09-9.03133e-10 3.08508e-10
 1.52622e-09 2.71119e-09 3.84593e-09 4.91444e-09 5.87298e-09 6.63866e-09
 7.10515e-09 7.18234e-09 6.83640e-09 6.09585e-09 5.02638e-09 3.71307e-09
 2.26426e-09 8.14851e-10-4.93321e-10-1.55036e-09-2.30691e-09-2.77722e-09
-3.02694e-09-3.14594e-09-3.22091e-09-3.34538e-09-3.63953e-09-4.20866e-09
-5.05813e-09-6.05097e-09-6.93603e-09-7.40784e-09-7.16617e-09-5.97250e-09
-3.71242e-09-4.71564e-10 3.40205e-09 7.30846e-09 1.05039e-08 1.22776e-08
 1.21354e-08 9.90907e-09 5.77752e-09 2.65531e-10-5.76740e-09-1.12367e-08
-1.50694e-08-1.64696e-08-1.50981e-08-1.11248e-08-5.17366e-09 1.79261e-09
 8.61631e-09 1.41231e-08 1.73599e-08 1.78613e-08 1.58032e-08 1.19167e-08
 7.21811e-09 2.72143e-09-7.67166e-10-2.77232e-09-3.22121e-09-2.46031e-09
-1.16949e-09-1.43337e-10 5.98166e-12-9.08048e-10-2.59318e-09-4.43636e-09
-5.74945e-09-5.98049e-09-4.86583e-09-2.52435e-09 5.33760e-10 3.51960e-09
 5.60549e-09 6.22158e-09 5.27445e-09 3.17669e-09 6.78921e-10-1.40344e-09
-2.45202e-09-2.22677e-09-9.32060e-10 8.59948e-10 2.41379e-09 3.09019e-09
 2.57294e-09 9.85752e-10-1.15349e-09-3.13138e-09-4.31050e-09-4.36777e-09
-3.41317e-09-1.94216e-09-6.33820e-10-7.81197e-11-5.48873e-10-1.90855e-09
-3.66657e-09-5.16065e-09-5.80607e-09-5.33108e-09-3.89507e-09-2.02263e-09
-3.79211e-10 5.06332e-10 4.48611e-10-3.36812e-10-1.33132e-09-1.92413e-09
-1.66598e-09-4.65640e-10 1.36465e-09 3.24216e-09 4.56516e-09 4.96525e-09
 4.44836e-09 3.37299e-09 2.28453e-09 1.67614e-09 1.77531e-09 2.44676e-09
 3.25164e-09 3.64423e-09 3.23111e-09 1.97096e-09 2.06547e-10-1.49074e-09
-2.58270e-09-2.80180e-09-2.25704e-09-1.37425e-09-7.03829e-10-6.69819e-10
-1.36403e-09-2.48886e-09-3.49231e-09-3.83953e-09-3.28193e-09-1.97969e-09
-4.16113e-10 8.44676e-10 1.42978e-09 1.32466e-09 8.57969e-10 5.22050e-10
 7.21451e-10 1.55941e-09 2.76085e-09 3.79105e-09 4.12990e-09 3.55555e-09
 2.27074e-09 7.92565e-10-3.23909e-10-7.56575e-10-5.44594e-10-4.43680e-11
 2.49877e-10-4.78989e-11-1.00919e-09-2.33820e-09-3.51910e-09-4.09091e-09
-3.88970e-09-3.11271e-09-2.17843e-09-1.48226e-09-1.19102e-09-1.18109e-09
-1.14139e-09-7.67435e-10 6.70677e-11 1.23659e-09 2.40977e-09 3.20470e-09
 3.39505e-09 3.04958e-09 2.49465e-09 2.10055e-09 2.03962e-09 2.19982e-09
 2.29732e-09 2.06784e-09 1.40335e-09 3.92898e-10-7.21937e-10-1.66643e-09
-2.28564e-09-2.63280e-09-2.90872e-09-3.27822e-09-3.69961e-09-3.90409e-09
-3.55159e-09-2.46779e-09-8.09851e-10 9.66240e-10 2.33939e-09 3.00160e-09
 2.99370e-09 2.63709e-09 2.33560e-09 2.35921e-09 2.69734e-09 3.05834e-09
 3.06434e-09 2.55758e-09 1.78144e-09 1.24637e-09 1.36240e-09 2.13402e-09
 3.13635e-09 3.74006e-09 3.40238e-09 1.87568e-09-7.15446e-10-3.93006e-09
-7.17755e-09-9.90854e-09-1.17069e-08-1.22519e-08-1.12553e-08-8.50382e-09
-4.03897e-09 1.63905e-09 7.53431e-09 1.24016e-08 1.51915e-08 1.54286e-08
 1.32785e-08 9.31383e-09 4.23272e-09-1.27271e-09-6.53001e-09-1.09010e-08
-1.38185e-08-1.48177e-08-1.36203e-08-1.03381e-08-5.66099e-09-7.44954e-10
 3.26507e-09 5.74528e-09 6.73781e-09 6.67480e-09 5.96814e-09 4.74226e-09
 2.76465e-09 7.68506e-10
     0.0000e+00     0.0000e+00      0  0  0.00
     512   1.00000  0.0000e+00
-7.75851e-10-6.39342e-10-5.32061e-10-4.53708e-10-3.71731e-10-2.14452e-10
 1.18169e-10 7.26315e-10 1.66923e-09 2.92161e-09 4.34766e-09 5.71315e-09
 6.73800e-09 7.17108e-09 6.86435e-09 5.83127e-09 4.27087e-09 2.52891e-09
 9.91154e-10-4.45963e-11-4.52912e-10-2.99051e-10 1.87804e-10 6.70752e-10
 7.97572e-10 3.18796e-10-8.19992e-10-2.46162e-09-4.29482e-09-5.94588e-09
-7.07684e-09-7.48031e-09-7.14140e-09-6.22392e-09-4.98322e-09-3.66773e-09
-2.46631e-09-1.49701e-09-8.02717e-10-3.52064e-10-6.66294e-11 1.33411e-10
 2.97975e-10 4.45476e-10 5.76826e-10 6.89463e-10 7.92911e-10 9.22570e-10
 1.12917e-09 1.43772e-09 1.80786e-09 2.12814e-09 2.24411e-09 2.00129e-09
 1.29691e-09 1.50067e-10-1.21744e-09-2.32602e-09-2.45217e-09-7.52769e-10
 3.46968e-09 1.03684e-08 1.90881e-08 2.73786e-08 3.14911e-08 2.67363e-08
 1.05145e-08-1.23082e-08-3.13449e-08-4.23327e-08-4.84840e-08-4.91471e-08
-3.93597e-08-1.82641e-08 9.50200e-09 3.55213e-08 4.99530e-08 4.69515e-08
 2.82215e-08 2.29318e-09-1.88734e-08-2.55566e-08-1.59570e-08 2.13622e-09
 1.54396e-08 1.38600e-08-1.26167e-09-1.73862e-08-2.11637e-08-9.94342e-09
 6.35628e-09 1.48799e-08 1.09464e-08-8.48299e-10-1.32859e-08-1.97500e-08
-1.44606e-08 1.41303e-09 1.51816e-08 1.43411e-08 4.09238e-09 3.55322e-09
 1.80510e-08 2.89360e-08 2.52034e-08 1.80201e-08 1.06472e-08-3.46457e-09
-1.72276e-08-2.46596e-08-3.05085e-08-3.03314e-08-1.77045e-08 8.93595e-10
 1.79279e-08 2.85693e-08 2.55283e-08 5.98894e-09-2.38923e-08-5.15967e-08
-6.18719e-08-4.44895e-08-2.69603e-09 4.55735e-08 7.54246e-08 6.78777e-08
 2.43229e-08-2.87149e-08-5.56263e-08-3.66690e-08 1.38595e-08 5.18120e-08
 4.08796e-08-9.17915e-09-4.71998e-08-3.21777e-08 1.55279e-08 3.53777e-08
 5.50217e-09-2.78652e-08-1.79156e-08 1.31331e-08 1.45552e-08-8.35802e-09
-1.15243e-08 5.99078e-09 7.54921e-09-6.17144e-09-4.52529e-09 6.52709e-09
 2.15503e-09-5.74122e-09 7.45255e-10 4.84429e-09-2.62248e-09-2.83992e-09
 3.54996e-09 1.84373e-10-3.58055e-09 1.55814e-09 1.65856e-09-2.91536e-09
 8.24913e-11 1.96690e-09-2.09007e-09-6.90225e-10 1.84625e-09-1.38056e-09
-8.98725e-10 1.60965e-09-1.00106e-09-9.33482e-10 1.29792e-09-8.30259e-10
-6.80150e-10 1.24245e-09-6.14091e-10-2.80607e-10 1.14049e-09-5.78698e-10
 6.40974e-11 9.99067e-10-4.24997e-10 6.02551e-10 1.02185e-09 2.49304e-11
 1.24119e-09 1.03583e-09 4.79255e-10 1.50508e-09 8.44142e-10 9.10629e-10
 1.52763e-09 7.47068e-10 1.23554e-09 1.27287e-09 8.14087e-10 1.28326e-09
 6.97656e-10 5.28864e-10 5.55925e-10 8.06898e-11 3.71830e-10 1.08546e-10
-1.17301e-10-1.58430e-10-5.11213e-10-4.23563e-10-5.95526e-10-7.65771e-10
-8.87817e-10-1.08042e-09-9.85114e-10-9.61049e-10-9.52716e-10-1.03511e-09
-1.17876e-09-1.21352e-09-1.17592e-09-1.07477e-09-1.05965e-09-1.11711e-09
-1.13383e-09-1.04979e-09-9.04758e-10-8.35944e-10-8.85027e-10-9.68033e-10
-9.80271e-10-8.94651e-10-7.65806e-10-6.76051e-10-6.63049e-10-6.89186e-10
-6.94185e-10-6.54014e-10-6.01413e-10-5.90497e-10-6.18153e-10-6.16238e-10
-5.42285e-10-4.24672e-10-3.15857e-10-2.45960e-10-2.07869e-10-1.67863e-10
-9.87181e-11 8.68364e-12 1.57822e-10 3.38661e-10 5.27359e-10 7.16595e-10
 9.12880e-10 1.10703e-09 1.28288e-09 1.43605e-09 1.57201e-09 1.70418e-09
 1.84295e-09 1.98157e-09 2.10376e-09 2.18999e-09 2.21094e-09 2.14659e-09
 2.01540e-09 1.85594e-09 1.69271e-09 1.53760e-09 1.39707e-09 1.26693e-09
 1.13455e-09 9.88166e-10 8.22307e-10 6.41245e-10 4.66900e-10 3.30976e-10
 2.42755e-10 1.87468e-10 1.55811e-10 1.33255e-10 8.27230e-11-1.79213e-11
-1.59466e-10-3.37087e-10-5.39768e-10-7.16859e-10-8.30423e-10-9.13568e-10
-1.02052e-09-1.16786e-09-1.35046e-09-1.55344e-09-1.75575e-09-1.95926e-09
-2.16817e-09-2.33837e-09-2.41141e-09-2.38443e-09-2.30777e-09-2.23739e-09
-2.19193e-09-2.12645e-09-1.96888e-09-1.71346e-09-1.44621e-09-1.24472e-09
-1.08977e-09-9.16368e-10-7.11979e-10-5.25559e-10-4.15808e-10-3.87390e-10
-3.49636e-10-1.90901e-10 9.00762e-11 3.75231e-10 5.39871e-10 5.59854e-10
 5.15066e-10 4.80313e-10 4.48630e-10 3.82600e-10 2.89827e-10 2.41853e-10
 3.31258e-10 5.70641e-10 8.54052e-10 1.05633e-09 1.13205e-09 1.12290e-09
 1.10442e-09 1.10986e-09 1.12066e-09 1.13188e-09 1.17576e-09 1.29043e-09
 1.48255e-09 1.69663e-09 1.84510e-09 1.88819e-09 1.85372e-09 1.79265e-09
 1.74726e-09 1.73568e-09 1.74808e-09 1.76767e-09 1.78271e-09 1.77684e-09
 1.72698e-09 1.60847e-09 1.40520e-09 1.12968e-09 8.23846e-10 5.27596e-10
 2.57905e-10 1.25019e-11-2.26536e-10-4.78735e-10-7.46417e-10-1.02156e-09
-1.29047e-09-1.52893e-09-1.72196e-09-1.87487e-09-1.99181e-09-2.06508e-09
-2.08301e-09-2.03854e-09-1.94141e-09-1.81524e-09-1.67388e-09-1.51727e-09
-1.34762e-09-1.17191e-09-9.96003e-10-8.21264e-10-6.42175e-10-4.55408e-10
-2.72815e-10-1.15584e-10 3.14580e-12 8.53532e-11 1.45684e-10 2.03136e-10
 2.65768e-10 3.28251e-10 3.86045e-10 4.38362e-10 4.80673e-10 5.05846e-10
 5.10468e-10 4.99544e-10 4.84743e-10 4.71117e-10 4.47522e-10 3.97753e-10
 3.18292e-10 2.22694e-10 1.33890e-10 7.21203e-11 4.69968e-11 5.80322e-11
 9.55613e-11 1.39371e-10 1.62487e-10 1.41740e-10 7.18284e-11-2.35667e-11
-9.90096e-11-1.17490e-10-7.67851e-11-6.48281e-12 5.52096e-11 8.11745e-11
 6.04445e-11-3.15395e-12-8.53044e-11-1.37358e-10-1.08557e-10 1.04362e-11
 1.66321e-10 2.72723e-10 2.64947e-10 1.35080e-10-6.91218e-11-2.67978e-10
-3.79693e-10-3.51852e-10-1.88509e-10 4.28364e-11 2.34863e-10 2.89611e-10
 1.72382e-10-6.15433e-11-2.90906e-10-3.96381e-10-3.31687e-10-1.44577e-10
 6.77128e-11 2.19529e-10 2.63239e-10 1.91020e-10 4.24987e-11-9.51999e-11
-1.29391e-10-3.05065e-11 1.39753e-10 2.77328e-10 3.13710e-10 2.47705e-10
 1.20361e-10-1.86697e-11-1.25935e-10-1.72218e-10-1.49946e-10-7.26755e-11
 3.07547e-11 1.21835e-10 1.63075e-10 1.35496e-10 4.82443e-11-7.25743e-11
-2.00562e-10-3.02798e-10-3.23800e-10-2.10865e-10 2.12813e-11 2.67352e-10
 3.96617e-10 3.44869e-10 1.45066e-10-1.11828e-10-3.23819e-10-3.96824e-10
-2.69679e-10 3.12938e-11 3.66253e-10 5.47271e-10 4.58201e-10 1.28363e-10
-2.93554e-10-6.31373e-10-7.65300e-10-6.67361e-10-3.96163e-10-6.58262e-11
 1.97861e-10 2.96775e-10 1.94891e-10-5.29759e-11-3.12514e-10-4.43485e-10
-3.85903e-10-1.78101e-10 1.03577e-10 3.96566e-10 6.31068e-10 7.06285e-10
 5.58379e-10 2.60427e-10 9.66205e-12-1.26558e-11 2.29509e-10 6.17515e-10
 9.52962e-10 1.02940e-09 6.98556e-10-2.57869e-11-8.78214e-10-1.38897e-09
-1.08981e-09-3.43823e-10
     0.0000e+00     0.0000e+00      0  0  0.00
     512   1.00000  0.0000e+00
 1.48519e-09 1.27260e-09 1.08086e-09 1.02449e-09 1.20069e-09 1.65536e-09
 2.35535e-09 3.17047e-09 3.88126e-09 4.22333e-09 3.95038e-09 2.87367e-09
 8.60750e-10-2.15177e-09-6.05875e-09-1.04401e-08-1.45314e-08-1.74078e-08
-1.82746e-08-1.66852e-08-1.26196e-08-6.48603e-09 9.23591e-10 8.55891e-09
 1.53275e-08 2.03115e-08 2.29000e-08 2.28576e-08 2.03822e-08 1.61136e-08
 1.09905e-08 5.96530e-09 1.73244e-09-1.38203e-09-3.37605e-09-4.48301e-09
-5.08209e-09-5.57955e-09-6.28834e-09-7.38060e-09-8.91307e-09-1.08509e-08
-1.30654e-08-1.53606e-08-1.75532e-08-1.95325e-08-2.12402e-08-2.26067e-08
-2.35271e-08-2.38907e-08-2.36185e-08-2.26887e-08-2.11855e-08-1.93833e-08
-1.78147e-08-1.72286e-08-1.83691e-08-2.15567e-08-2.61375e-08-2.99575e-08
-2.91134e-08-1.82907e-08 8.02019e-09 5.32985e-08 1.15965e-07 1.86279e-07
 2.45329e-07 2.70778e-07 2.50007e-07 1.86858e-07 9.19268e-08-2.46645e-08
-1.44285e-07-2.35765e-07-2.68452e-07-2.27904e-07-1.24602e-07 7.35536e-09
 1.22658e-07 1.82670e-07 1.72495e-07 1.09238e-07 3.30941e-08-1.60399e-08
-2.32433e-08-7.86545e-09-7.69840e-09-4.72826e-08-1.14454e-07-1.67856e-07
-1.73626e-07-1.36237e-07-9.42060e-08-9.04121e-08-1.43061e-07-2.31571e-07
-3.03963e-07-3.12056e-07-2.57441e-07-2.00304e-07-2.08580e-07-2.84668e-07
-3.54355e-07-3.54085e-07-2.78895e-07-1.10798e-07 1.94312e-07 6.29089e-07
 1.13729e-06 1.63644e-06 1.98973e-06 2.05238e-06 1.74600e-06 1.06152e-06
 7.77521e-08-1.00978e-06-1.93561e-06-2.45073e-06-2.40727e-06-1.82680e-06
-9.10505e-07 2.77825e-08 6.84454e-07 8.91444e-07 6.88211e-07 2.95210e-07
-1.75818e-08-8.27815e-08 7.94943e-08 2.92169e-07 3.69451e-07 2.59948e-07
 6.74942e-08-5.22792e-08-3.92433e-08 3.27459e-08 5.81885e-08 1.00566e-08
-5.13643e-08-6.82179e-08-4.68550e-08-2.57401e-08-2.37382e-08-2.92583e-08
-2.66914e-08-1.54912e-08-5.63088e-09-3.86401e-09-3.43122e-09 2.88972e-09
 8.13843e-09 6.27747e-09 5.66215e-09 1.02515e-08 1.03330e-08 6.01713e-09
 7.22144e-09 9.26104e-09 5.16291e-09 3.52096e-09 6.08974e-09 3.68312e-09
 7.92787e-10 3.18329e-09 2.51558e-09-4.73632e-10 1.44001e-09 1.62212e-09
-1.46119e-09-2.88105e-10 1.60635e-10-2.63874e-09-1.65076e-09-1.04592e-09
-3.45599e-09-2.51279e-09-2.12268e-09-4.13731e-09-2.85410e-09-2.51341e-09
-3.95847e-09-2.44642e-09-2.42840e-09-3.20762e-09-1.47311e-09-1.69764e-09
-1.65224e-09 3.82476e-11-4.17579e-10 2.66897e-10 1.36746e-09 7.47732e-10
 1.66299e-09 1.83276e-09 1.46140e-09 2.36182e-09 1.79125e-09 1.61314e-09
 1.63208e-09 7.20862e-10 8.69217e-10 3.22963e-10-3.58112e-10-7.47332e-10
-1.80887e-09-2.16094e-09-2.64860e-09-3.06061e-09-3.24247e-09-3.74860e-09
-3.79791e-09-3.74350e-09-3.49563e-09-3.18237e-09-2.95923e-09-2.45256e-09
-1.76771e-09-8.89775e-10-4.85707e-11 6.43657e-10 1.30954e-09 2.02654e-09
 2.82083e-09 3.53260e-09 4.01630e-09 4.21749e-09 4.23004e-09 4.20220e-09
 4.13590e-09 3.87853e-09 3.29841e-09 2.46862e-09 1.59238e-09 7.82210e-10
-6.53722e-12-8.57866e-10-1.76937e-09-2.63814e-09-3.35019e-09-3.85622e-09
-4.14977e-09-4.23135e-09-4.10949e-09-3.78046e-09-3.21627e-09-2.40863e-09
-1.40692e-09-2.87445e-10 9.04381e-10 2.14538e-09 3.38921e-09 4.57197e-09
 5.63533e-09 6.52857e-09 7.20188e-09 7.59634e-09 7.66774e-09 7.42611e-09
 6.91392e-09 6.15132e-09 5.13147e-09 3.85768e-09 2.36243e-09 6.96782e-10
-1.07696e-09-2.88008e-09-4.63009e-09-6.26300e-09-7.71708e-09-8.89737e-09
-9.67824e-09-9.94915e-09-9.66447e-09-8.84726e-09-7.55668e-09-5.87370e-09
-3.91734e-09-1.86398e-09 7.97690e-11 1.73930e-09 2.99649e-09 3.80515e-09
 4.23120e-09 4.42381e-09 4.53000e-09 4.70294e-09 5.15001e-09 6.03648e-09
 7.32740e-09 8.76760e-09 9.97119e-09 1.05137e-08 1.00168e-08 8.21067e-09
 4.97292e-09 4.17935e-10-4.98629e-09-1.04296e-08-1.49287e-08-1.75556e-08
-1.76629e-08-1.50013e-08-9.70366e-09-2.31471e-09 6.10018e-09 1.40215e-08
 1.98512e-08 2.23856e-08 2.11007e-08 1.61935e-08 8.47389e-09-8.11127e-10
-1.01462e-08-1.79217e-08-2.27540e-08-2.39180e-08-2.16025e-08-1.67753e-08
-1.07589e-08-4.82282e-09 1.21341e-11 3.06793e-09 4.13639e-09 3.57115e-09
 2.22183e-09 1.14380e-09 1.14477e-09 2.43376e-09 4.59755e-09 6.85590e-09
 8.39171e-09 8.57921e-09 7.10375e-09 4.07372e-09 8.35992e-11-3.89393e-09
-6.80466e-09-7.90666e-09-7.06005e-09-4.74166e-09-1.82430e-09 7.29747e-10
 2.15811e-09 2.11749e-09 7.85021e-10-1.20891e-09-3.01209e-09-3.85197e-09
-3.29919e-09-1.42734e-09 1.19436e-09 3.70782e-09 5.30259e-09 5.53517e-09
 4.49035e-09 2.73428e-09 1.08737e-09 2.96394e-10 7.52997e-10 2.36482e-09
 4.58899e-09 6.62129e-09 7.69802e-09 7.40429e-09 5.85158e-09 3.61924e-09
 1.49004e-09 1.24568e-10-1.87986e-10 3.78217e-10 1.27283e-09 1.80000e-09
 1.41307e-09-3.88460e-11-2.23418e-09-4.51835e-09-6.18522e-09-6.76908e-09
-6.22269e-09-4.91538e-09-3.46481e-09-2.47387e-09-2.28651e-09-2.85410e-09
-3.74796e-09-4.33239e-09-4.05778e-09-2.74170e-09-6.74545e-10 1.52246e-09
 3.19550e-09 3.93856e-09 3.73755e-09 2.95494e-09 2.17184e-09 1.92474e-09
 2.43205e-09 3.45325e-09 4.39139e-09 4.61151e-09 3.78822e-09 2.07962e-09
 4.49981e-11-1.63603e-09-2.49209e-09-2.47017e-09-1.92640e-09-1.42684e-09
-1.47179e-09-2.24618e-09-3.49760e-09-4.64031e-09-5.06903e-09-4.50783e-09
-3.16527e-09-1.58408e-09-3.02321e-10 4.18014e-10 6.51574e-10 7.13477e-10
 9.94583e-10 1.76410e-09 2.99934e-09 4.35247e-09 5.31517e-09 5.50369e-09
 4.88395e-09 3.77993e-09 2.66574e-09 1.89624e-09 1.54075e-09 1.39459e-09
 1.13678e-09 5.14784e-10-5.49122e-10-1.93067e-09-3.32229e-09-4.33147e-09
-4.68155e-09-4.40099e-09-3.82133e-09-3.33945e-09-3.12870e-09-3.05063e-09
-2.80852e-09-2.15598e-09-1.00808e-09 5.28111e-10 2.15933e-09 3.49161e-09
 4.22252e-09 4.33544e-09 4.12525e-09 3.99028e-09 4.12521e-09 4.35265e-09
 4.22394e-09 3.32185e-09 1.56506e-09-7.02216e-10-2.90198e-09-4.52966e-09
-5.35744e-09-5.46660e-09-5.16114e-09-4.80504e-09-4.60750e-09-4.47164e-09
-4.09544e-09-3.32689e-09-2.44735e-09-2.03494e-09-2.47854e-09-3.59778e-09
-4.69829e-09-4.95433e-09-3.79432e-09-1.09722e-09 2.79026e-09 7.16682e-09
 1.12128e-08 1.42646e-08 1.59388e-08 1.60237e-08 1.42938e-08 1.04852e-08
 4.54595e-09-2.98649e-09-1.08252e-08-1.72455e-08-2.07533e-08-2.06655e-08
-1.72048e-08-1.11665e-08-3.57661e-09 4.41738e-09 1.15958e-08 1.68604e-08
 1.94712e-08 1.91139e-08 1.58592e-08 1.02493e-08 3.45430e-09-2.90953e-09
-7.42686e-09-9.51370e-09-9.46113e-09-7.94906e-09-5.61791e-09-3.06959e-09
-1.08415e-09-1.73590e-10
     0.0000e+00     0.0000e+00      0  0  0.00
     512   1.00000  0.0000e+00
-1.53326e-09-4.95096e-10 4.29320e-10 1.01448e-09 1.15493e-09 9.65096e-10
 7.89751e-10 1.09547e-09 2.27716e-09 4.46551e-09 7.42424e-09 1.05786e-08
 1.31605e-08 1.44290e-08 1.39098e-08 1.15788e-08 7.91198e-09 3.77769e-09
 2.06210e-10-1.90679e-09-2.09564e-09-5.15522e-10 2.07608e-09 4.56547e-09
 5.85787e-09 5.23317e-09 2.56610e-09-1.64382e-09-6.43365e-09-1.06785e-08
-1.34274e-08-1.41540e-08-1.28586e-08-1.00289e-08-6.49010e-09-3.16062e-09
-7.72234e-10 3.34964e-10 2.53010e-10-6.13169e-10-1.74850e-09-2.72980e-09
-3.36158e-09-3.70256e-09-3.98374e-09-4.47493e-09-5.36707e-09-6.69534e-09
-8.29990e-09-9.84312e-09-1.09173e-08-1.12264e-08-1.07570e-08-9.86088e-09
-9.22043e-09-9.69600e-09-1.20634e-08-1.66768e-08-2.31160e-08-2.98811e-08
-3.42154e-08-3.22238e-08-1.95377e-08 7.27824e-09 4.86221e-08 9.95294e-08
 1.49469e-07 1.86933e-07 2.04451e-07 1.97802e-07 1.63884e-07 1.02102e-07
 1.68115e-08-7.96533e-08-1.65908e-07-2.17705e-07-2.19253e-07-1.72932e-07
-1.01177e-07-3.70501e-08-7.27362e-09-1.75223e-08-4.94061e-08-7.24006e-08
-6.50986e-08-3.20344e-08-1.78210e-09-5.26569e-09-5.01866e-08-1.11880e-07
-1.49256e-07-1.33901e-07-6.84046e-08 1.94326e-08 9.67785e-08 1.38852e-07
 1.30082e-07 7.28626e-08 2.74198e-09-2.92433e-08-4.62859e-09 5.20726e-08
 1.19365e-07 2.07798e-07 3.28555e-07 4.63360e-07 5.82708e-07 6.57402e-07
 6.42025e-07 4.87720e-07 1.76254e-07-2.70168e-07-7.83155e-07-1.24246e-06
-1.50622e-06-1.46491e-06-1.08674e-06-4.44546e-07 2.90050e-07 8.95796e-07
 1.18248e-06 1.07381e-06 6.50617e-07 1.23119e-07-2.64491e-07-3.57147e-07
-1.73104e-07 1.10314e-07 2.73426e-07 2.04413e-07-2.24799e-08-2.11103e-07
-2.13079e-07-5.90265e-08 7.93269e-08 7.00345e-08-4.28911e-08-1.07379e-07
-5.52993e-08 2.72371e-08 3.71278e-08-6.22779e-09-1.81972e-08 1.08255e-08
 2.25021e-08 4.57132e-09-1.23554e-09 1.13799e-08 1.06909e-08-1.55829e-09
-4.78147e-10 5.64419e-09-7.13396e-10-6.31745e-09-1.56859e-09-1.31981e-09
-6.68118e-09-4.75981e-09-1.59505e-09-4.90429e-09-5.12954e-09-1.59488e-09
-2.87352e-09-3.77227e-09-5.79955e-10-5.52768e-10-1.60636e-09 7.87996e-10
 1.11528e-09-9.60593e-11 1.49795e-09 1.72298e-09 5.33938e-10 1.66483e-09
 1.76737e-09 7.95787e-10 1.69930e-09 1.54926e-09 6.23653e-10 1.12182e-09
 5.36668e-10-2.48490e-10 2.05308e-10-2.58496e-10-4.01671e-10 2.09446e-10
-1.57308e-10-7.99704e-11 1.20191e-10-3.83044e-10-1.45145e-10 2.82440e-11
 9.19313e-11 7.74669e-10 9.84879e-10 1.24297e-09 1.61337e-09 1.53755e-09
 1.74460e-09 1.78066e-09 1.68802e-09 1.80266e-09 1.70616e-09 1.76840e-09
 1.76450e-09 1.54361e-09 1.28145e-09 7.78169e-10 2.88583e-10-1.93458e-10
-6.76905e-10-1.07607e-09-1.46933e-09-1.77070e-09-2.04891e-09-2.36239e-09
-2.73736e-09-3.17035e-09-3.52314e-09-3.67282e-09-3.54962e-09-3.22765e-09
-2.86453e-09-2.55160e-09-2.27004e-09-1.94701e-09-1.54800e-09-1.09596e-09
-6.38493e-10-1.86504e-10 2.99529e-10 8.48039e-10 1.41853e-09 1.89453e-09
 2.14339e-09 2.12496e-09 1.94076e-09 1.74566e-09 1.62227e-09 1.54698e-09
 1.43835e-09 1.22419e-09 8.86860e-10 4.60712e-10-2.73366e-12-4.62937e-10
-8.92268e-10-1.24979e-09-1.46767e-09-1.49332e-09-1.34049e-09-1.08523e-09
-8.19564e-10-5.99362e-10-4.14021e-10-1.99103e-10 1.19509e-10 5.75848e-10
 1.13386e-09 1.70605e-09 2.20718e-09 2.58636e-09 2.82033e-09 2.90392e-09
 2.85135e-09 2.68866e-09 2.44339e-09 2.14264e-09 1.80097e-09 1.40048e-09
 8.95250e-10 2.49221e-10-5.15160e-10-1.29886e-09-1.95811e-09-2.35510e-09
-2.40245e-09-2.09387e-09-1.50135e-09-7.43390e-10 4.49097e-11 7.27493e-10
 1.17858e-09 1.30889e-09 1.10822e-09 6.63982e-10 1.26891e-10-3.43767e-10
-6.14923e-10-5.96476e-10-2.41536e-10 4.70953e-10 1.52021e-09 2.77152e-09
 3.93750e-09 4.64023e-09 4.51963e-09 3.32430e-09 9.77221e-10-2.38611e-09
-6.40420e-09-1.04895e-08-1.38733e-08-1.57515e-08-1.55245e-08-1.30195e-08
-8.56752e-09-2.90606e-09 3.00709e-09 8.18479e-09 1.17766e-08 1.32183e-08
 1.23623e-08 9.53791e-09 5.48803e-09 1.16836e-09-2.52727e-09-4.98025e-09
-5.91614e-09-5.38401e-09-3.71631e-09-1.46744e-09 6.96927e-10 2.17524e-09
 2.62680e-09 2.08781e-09 9.41962e-10-2.43149e-10-9.39765e-10-8.28693e-10
 1.35574e-10 1.72147e-09 3.47048e-09 4.81903e-09 5.26136e-09 4.51870e-09
 2.67427e-09 1.94493e-10-2.20698e-09-3.81678e-09-4.17867e-09-3.24760e-09
-1.38706e-09 7.67086e-10 2.52462e-09 3.36835e-09 3.10968e-09 1.94352e-09
 4.00342e-10-8.30554e-10-1.17595e-09-4.24985e-10 1.17332e-09 3.00515e-09
 4.34582e-09 4.65389e-09 3.76870e-09 1.95477e-09-1.96564e-10-1.98172e-09
-2.85252e-09-2.63030e-09-1.57149e-09-2.56423e-10 6.44736e-10 6.36281e-10
-3.95950e-10-2.12009e-09-3.88897e-09-5.01573e-09-5.06526e-09-4.03663e-09
-2.35578e-09-6.83339e-10 3.61308e-10 4.45328e-10-3.41107e-10-1.51940e-09
-2.43381e-09-2.54327e-09-1.65905e-09-3.11914e-11 1.75544e-09 3.03793e-09
 3.37173e-09 2.72783e-09 1.49794e-09 3.11027e-10-2.50718e-10 8.49229e-11
 1.15202e-09 2.42122e-09 3.24544e-09 3.15760e-09 2.08749e-09 3.98012e-10
-1.28309e-09-2.34935e-09-2.48099e-09-1.78155e-09-7.24343e-10 8.12301e-11
 1.87726e-10-4.82246e-10-1.60794e-09-2.62757e-09-3.01254e-09-2.52781e-09
-1.34427e-09 5.31835e-11 1.11168e-09 1.47877e-09 1.15610e-09 4.77119e-10
-6.68033e-11-7.37294e-11 5.63073e-10 1.60022e-09 2.57332e-09 3.04079e-09
 2.80499e-09 1.98784e-09 9.38030e-10 4.48622e-11-4.44147e-10-5.25945e-10
-4.13753e-10-3.87114e-10-6.15689e-10-1.07259e-09-1.57688e-09-1.91856e-09
-1.98748e-09-1.83436e-09-1.62487e-09-1.51033e-09-1.50152e-09-1.44504e-09
-1.13154e-09-4.58207e-10 4.75822e-10 1.40341e-09 2.02226e-09 2.15434e-09
 1.86420e-09 1.46372e-09 1.35114e-09 1.74856e-09 2.52338e-09 3.23719e-09
 3.38855e-09 2.69473e-09 1.26567e-09-4.17608e-10-1.73169e-09-2.24290e-09
-1.94711e-09-1.26202e-09-7.75800e-10-9.06522e-10-1.66544e-09-2.64250e-09
-3.21900e-09-2.91218e-09-1.67258e-09 5.92741e-11 1.58843e-09 2.32990e-09
 2.06547e-09 9.87590e-10-4.21424e-10-1.59249e-09-2.08505e-09-1.72408e-09
-5.93128e-10 1.07023e-09 2.95606e-09 4.68501e-09 5.79936e-09 5.84354e-09
 4.54476e-09 1.98525e-09-1.36250e-09-4.77643e-09-7.54137e-09-9.21095e-09
-9.73580e-09-9.35251e-09-8.29607e-09-6.57074e-09-3.96542e-09-2.89539e-10
 4.32368e-09 9.20997e-09 1.32163e-08 1.50756e-08 1.39848e-08 1.00519e-08
 4.31504e-09-1.66443e-09-6.37418e-09-8.81252e-09-8.72167e-09-6.59085e-09
-3.43935e-09-4.25006e-10 1.56566e-09 2.17043e-09 1.60889e-09 5.78275e-10
-5.73384e-11-8.58519e-11
     0.0000e+00     0.0000e+00      0  0  0.00
     512   1.00000  0.0000e+00
 9.67950e-10 9.83312e-10 9.07879e-10 7.79563e-10 6.95443e-10 7.79017e-10
 1.11445e-09 1.68111e-09 2.32531e-09 2.78857e-09 2.78441e-09 2.09105e-09
 6.21214e-10-1.54956e-09-4.18926e-09-6.93260e-09-9.31494e-09-1.08330e-08
-1.10461e-08-9.69753e-09-6.81254e-09-2.73219e-09 1.93790e-09 6.46222e-09
 1.01501e-08 1.25017e-08 1.32792e-08 1.25136e-08 1.04768e-08 7.62641e-09
 4.51020e-09 1.64496e-09-5.87970e-10-2.00429e-09-2.63542e-09-2.69760e-09
-2.50627e-09-2.36582e-09-2.48808e-09-2.96739e-09-3.79314e-09-4.86904e-09
-6.03858e-09-7.13614e-09-8.05325e-09-8.77570e-09-9.36075e-09-9.87055e-09
-1.03091e-08-1.06048e-08-1.06505e-08-1.03824e-08-9.85371e-09-9.26038e-09
-8.90370e-09-9.10222e-09-1.00581e-08-1.16711e-08-1.33231e-08-1.37210e-08
-1.09387e-08-2.78418e-09 1.24436e-08 3.48616e-08 6.17681e-08 8.68619e-08
 1.02057e-07 1.02185e-07 8.67364e-08 5.73581e-08 1.76230e-08-2.59188e-08
-6.47469e-08-8.92925e-08-9.13327e-08-6.83798e-08-2.62099e-08 2.17681e-08
 5.89790e-08 7.32976e-08 6.31783e-08 3.85006e-08 1.54701e-08 7.06084e-09
 1.41607e-08 2.45122e-08 2.16604e-08-2.19182e-09-4.01880e-08-7.70522e-08
-1.01089e-07-1.10938e-07-1.12243e-07-1.09919e-07-1.05716e-07-1.00776e-07
-9.56766e-08-9.00293e-08-8.77565e-08-9.98004e-08-1.33371e-07-1.78585e-07
-2.12549e-07-2.17971e-07-1.87547e-07-1.07075e-07 4.53224e-08 2.76339e-07
 5.68124e-07 8.77736e-07 1.12887e-06 1.22592e-06 1.09276e-06 7.03090e-07
 1.00658e-07-5.92395e-07-1.19974e-06-1.54441e-06-1.51279e-06-1.10855e-06
-4.67914e-07 1.81723e-07 6.11003e-07 6.91083e-07 4.58059e-07 9.59391e-08
-1.64864e-07-1.81844e-07 1.35057e-08 2.42653e-07 3.16479e-07 1.84743e-07
-2.57437e-08-1.29371e-07-6.07422e-08 6.66051e-08 9.53064e-08 4.83679e-09
-8.01155e-08-6.45921e-08-8.53989e-10 1.14144e-08-2.46770e-08-3.41224e-08
-6.20683e-09 4.67213e-09-1.01470e-08-9.79259e-09 6.50326e-09 6.19026e-09
-3.40976e-09 2.55284e-09 1.00894e-08 3.39941e-09 4.60525e-10 7.07907e-09
 5.55983e-09-5.82819e-11 3.35567e-09 5.02960e-09 1.00738e-11 6.83866e-10
 3.39860e-09-2.63867e-11-5.99564e-10 2.27398e-09 1.89526e-10-1.00771e-09
 1.25522e-09-2.86593e-10-1.67330e-09 1.92712e-10-8.00327e-10-1.80661e-09
-1.74560e-10-1.03506e-09-1.83254e-09-5.97938e-10-1.49455e-09-1.87001e-09
-7.58333e-10-1.49920e-09-1.35903e-09-4.38262e-10-1.02365e-09-4.51975e-10
 1.73919e-10-2.47564e-10 4.61443e-10 5.84102e-10 2.81720e-10 8.53290e-10
 6.44537e-10 7.26723e-10 1.14187e-09 7.86508e-10 8.65836e-10 6.16579e-10
 9.38442e-11 3.61311e-11-3.86854e-10-5.53079e-10-6.81930e-10-1.05176e-09
-1.15574e-09-1.45724e-09-1.66791e-09-1.82744e-09-2.07702e-09-2.13712e-09
-2.18728e-09-2.08738e-09-1.90068e-09-1.69946e-09-1.41688e-09-1.13070e-09
-7.94111e-10-4.57807e-10-1.29165e-10 2.32406e-10 6.43981e-10 1.12224e-09
 1.60221e-09 1.99189e-09 2.21895e-09 2.28123e-09 2.23859e-09 2.16387e-09
 2.08634e-09 1.96215e-09 1.74183e-09 1.42491e-09 1.04222e-09 6.23184e-10
 1.77425e-10-3.00781e-10-8.01247e-10-1.27617e-09-1.65221e-09-1.86593e-09
-1.90881e-09-1.83389e-09-1.70270e-09-1.53491e-09-1.30372e-09-9.65873e-10
-4.95452e-10 1.02957e-10 7.91944e-10 1.51105e-09 2.20342e-09 2.83074e-09
 3.36613e-09 3.78092e-09 4.04589e-09 4.14959e-09 4.10251e-09 3.92200e-09
 3.61813e-09 3.18102e-09 2.58215e-09 1.80111e-09 8.52088e-10-2.08549e-10
-1.29688e-09-2.33987e-09-3.30024e-09-4.15733e-09-4.88238e-09-5.43537e-09
-5.77021e-09-5.84698e-09-5.64599e-09-5.16688e-09-4.41690e-09-3.41555e-09
-2.22017e-09-9.39851e-10 2.78506e-10 1.29171e-09 2.01595e-09 2.44949e-09
 2.64994e-09 2.70795e-09 2.73422e-09 2.84646e-09 3.15072e-09 3.71394e-09
 4.52076e-09 5.44024e-09 6.24728e-09 6.68216e-09 6.49877e-09 5.50597e-09
 3.62200e-09 9.25238e-10-2.32003e-09-5.66734e-09-8.54359e-09-1.03691e-08
-1.06941e-08-9.29881e-09-6.25231e-09-1.93733e-09 2.97817e-09 7.64324e-09
 1.11839e-08 1.28792e-08 1.23209e-08 9.51453e-09 4.89160e-09-7.52751e-10
-6.39490e-09-1.09916e-08-1.37155e-08-1.41674e-08-1.24864e-08-9.27922e-09
-5.41190e-09-1.77075e-09 9.52536e-10 2.39790e-09 2.57404e-09 1.82624e-09
 7.29750e-10-9.46421e-11-1.86606e-10 5.88430e-10 1.99325e-09 3.53300e-09
 4.64216e-09 4.85892e-09 3.96786e-09 2.07367e-09-4.10969e-10-2.85956e-09
-4.61467e-09-5.20880e-09-4.53240e-09-2.87794e-09-8.28293e-10 9.57398e-10
 1.95619e-09 1.93176e-09 1.00033e-09-4.11379e-10-1.71164e-09-2.34863e-09
-2.01126e-09-7.46246e-10 1.06401e-09 2.84908e-09 4.05784e-09 4.35352e-09
 3.73970e-09 2.56058e-09 1.35997e-09 6.63849e-10 7.75884e-10 1.66343e-09
 2.97576e-09 4.17432e-09 4.73394e-09 4.35547e-09 3.09773e-09 1.36245e-09
-2.67835e-10-1.27141e-09-1.39617e-09-7.48373e-10 2.56443e-10 1.05730e-09
 1.17717e-09 4.26527e-10-1.01240e-09-2.66191e-09-3.95607e-09-4.48113e-09
-4.13967e-09-3.17637e-09-2.06197e-09-1.28412e-09-1.12969e-09-1.55681e-09
-2.21939e-09-2.63327e-09-2.41045e-09-1.44971e-09 1.04823e-11 1.49573e-09
 2.50693e-09 2.74394e-09 2.23637e-09 1.32309e-09 4.95896e-10 1.76375e-10
 5.23555e-10 1.36379e-09 2.27671e-09 2.79653e-09 2.63515e-09 1.81443e-09
 6.40974e-10-4.55498e-10-1.13224e-09-1.28774e-09-1.09030e-09-8.73018e-10
-9.48807e-10-1.43549e-09-2.17854e-09-2.82035e-09-2.98898e-09-2.50461e-09
-1.48756e-09-3.05131e-10 6.13164e-10 9.88018e-10 8.20056e-10 3.78730e-10
 6.00093e-11 1.80231e-10 8.07737e-10 1.72320e-09 2.53822e-09 2.91193e-09
 2.73758e-09 2.18587e-09 1.58492e-09 1.21499e-09 1.14018e-09 1.17421e-09
 1.00185e-09 3.85028e-10-6.69119e-10-1.87719e-09-2.80690e-09-3.10088e-09
-2.68036e-09-1.81219e-09-9.82567e-10-6.28116e-10-8.81539e-10-1.49921e-09
-2.01436e-09-2.00474e-09-1.31261e-09-1.13475e-10 1.18427e-09 2.15650e-09
 2.58818e-09 2.57239e-09 2.41317e-09 2.39678e-09 2.58932e-09 2.79023e-09
 2.66209e-09 1.95488e-09 6.90026e-10-8.16938e-10-2.11890e-09-2.87608e-09
-3.01250e-09-2.70759e-09-2.26025e-09-1.92080e-09-1.77508e-09-1.73575e-09
-1.65357e-09-1.48079e-09-1.34867e-09-1.47142e-09-1.94619e-09-2.61931e-09
-3.12996e-09-3.09436e-09-2.29993e-09-7.97326e-10 1.14089e-09 3.15878e-09
 4.97426e-09 6.45439e-09 7.54777e-09 8.12619e-09 7.88109e-09 6.39669e-09
 3.39716e-09-9.67791e-10-5.98607e-09-1.05196e-08-1.33881e-08-1.38113e-08
-1.16676e-08-7.45949e-09-2.07987e-09 3.45669e-09 8.23244e-09 1.15783e-08
 1.31446e-08 1.28884e-08 1.10331e-08 8.05333e-09 4.63457e-09 1.49173e-09
-9.31481e-10-2.66118e-09-4.07584e-09-5.49705e-09-6.74680e-09-6.95600e-09
-4.75913e-09-1.43493e-09
