      10
(6e12.5)
     0.0000e+00     0.0000e+00      0  0  0.00
     512   1.00000  0.0000e+00
 1.31504e-09 1.73208e-09 1.99423e-09 2.03331e-09 1.82393e-09 1.40677e-09
 8.90633e-10 4.20679e-10 1.20961e-10 3.78434e-11 1.16551e-10 2.28340e-10
 2.37826e-10 7.57707e-11-2.23404e-10-5.41361e-10-7.40514e-10-7.34227e-10
-5.23164e-10-1.84885e-10 1.66865e-10 4.26243e-10 5.24348e-10 4.38609e-10
 1.89288e-10-1.65453e-10-5.32271e-10-7.92727e-10-8.32662e-10-5.90289e-10
-1.01465e-10 4.92127e-10 9.91214e-10 1.22475e-09 1.12594e-09 7.56818e-10
 2.71959e-10-1.55989e-10-4.09911e-10-4.64987e-10-3.74629e-10-2.23167e-10
-8.06559e-11 1.43579e-11 4.53986e-11 3.95226e-12-1.10554e-10-2.79634e-10
-4.62945e-10-6.17024e-10-7.25096e-10-8.11472e-10-9.24278e-10-1.09472e-09
-1.29899e-09-1.45259e-09-1.45082e-09-1.23652e-09-8.51322e-10-4.31807e-10
-1.46424e-10-1.09278e-10-3.23842e-10-6.88169e-10-1.05000e-09-1.27168e-09
-1.27114e-09-1.03145e-09-5.91299e-10-3.06170e-11 5.44264e-10 1.02150e-09
 1.31563e-09 1.40207e-09 1.33272e-09 1.21552e-09 1.16234e-09 1.23507e-09
 1.42554e-09 1.68304e-09 1.96655e-09 2.27880e-09 2.65340e-09 3.10552e-09
 3.58780e-09 3.98779e-09 4.17047e-09 4.03831e-09 3.57460e-09 2.85015e-09
 1.99708e-09 1.16752e-09 4.93010e-10 5.16273e-11-1.54664e-10-2.07267e-10
-2.53681e-10-4.60819e-10-9.51401e-10-1.75594e-09-2.81170e-09-4.00807e-09
-5.24254e-09-6.44715e-09-7.57503e-09-8.56935e-09-9.34876e-09-9.82746e-09
-9.95787e-09-9.76473e-09-9.34586e-09-8.83876e-09-8.37399e-09-8.03982e-09
-7.86681e-09-7.82060e-09-7.79321e-09-7.60394e-09-7.02832e-09-5.84949e-09
-3.89817e-09-1.05249e-09 2.79158e-09 7.73345e-09 1.38216e-08 2.09453e-08
 2.87107e-08 3.63646e-08 4.28094e-08 4.67233e-08 4.67888e-08 4.20360e-08
 3.22790e-08 1.85338e-08 3.18652e-09-1.03534e-08-1.86294e-08-1.95062e-08
-1.33212e-08-3.11375e-09 6.37860e-09 1.05799e-08 6.88603e-09-4.45613e-09
-2.07277e-08-3.80120e-08-5.26401e-08-6.21899e-08-6.58073e-08-6.39693e-08
-5.79668e-08-4.93560e-08-3.95378e-08-2.95327e-08-1.99378e-08-1.09962e-08
-2.70290e-09 5.09083e-09 1.25832e-08 1.99404e-08 2.72461e-08 3.44975e-08
 4.16389e-08 4.86086e-08 5.53788e-08 6.19783e-08 6.84949e-08 7.50614e-08
 8.18260e-08 8.88951e-08 9.62338e-08 1.03530e-07 1.10065e-07 1.14638e-07
 1.15605e-07 1.11030e-07 9.89593e-08 7.77999e-08 4.67998e-08 6.57980e-09
-4.04957e-08-9.04602e-08-1.38442e-07-1.79478e-07-2.09202e-07-2.24620e-07
-2.24985e-07-2.12475e-07-1.92371e-07-1.72505e-07-1.61983e-07-1.69633e-07
-2.02705e-07-2.65858e-07-3.59928e-07-4.79914e-07-6.12136e-07-7.31605e-07
-8.01545e-07-7.76907e-07-6.12477e-07-2.74508e-07 2.46083e-07 9.20777e-07
 1.67409e-06 2.38573e-06 2.91136e-06 3.11847e-06 2.92548e-06 2.32361e-06
 1.36353e-06 1.34385e-07-1.22237e-06-2.49543e-06-3.43453e-06-3.81848e-06
-3.52956e-06-2.61285e-06-1.29172e-06 8.06374e-08 1.13066e-06 1.59791e-06
 1.43861e-06 8.55680e-07 2.14796e-07-1.44753e-07-9.81933e-08 2.06027e-07
 4.64244e-07 4.42493e-07 1.51973e-07-1.66709e-07-2.52285e-07-5.49832e-08
 2.20012e-07 3.11347e-07 1.58117e-07-4.85031e-08-8.25544e-08 6.40662e-08
 1.85455e-07 1.22553e-07-4.00989e-08-9.62169e-08 1.46946e-09 8.66987e-08
 2.86739e-08-7.97798e-08-7.71001e-08 1.20328e-08 2.85272e-08-5.16684e-08
-8.68635e-08-2.60293e-08 7.95534e-09-4.48961e-08-7.48327e-08-2.54613e-08
 1.14539e-09-3.66579e-08-4.07785e-08 6.30101e-09 1.20198e-08-1.17780e-08
 9.27217e-09 3.16840e-08 1.41670e-08 1.36683e-08 2.76813e-08 1.65575e-08
 8.69930e-09 1.01145e-08 3.10426e-10-8.45055e-09-1.29560e-08-1.94307e-08
-2.32071e-08-2.34865e-08-2.15423e-08-1.67230e-08-9.70811e-09-1.66256e-09
 6.41107e-09 1.34877e-08 1.87642e-08 2.17387e-08 2.21385e-08 1.99261e-08
 1.53427e-08 8.93331e-09 1.51522e-09-5.90162e-09-1.22338e-08-1.64909e-08
-1.79574e-08-1.63257e-08-1.17451e-08-4.80216e-09 3.52098e-09 1.19323e-08
 1.90216e-08 2.35526e-08 2.47532e-08 2.24665e-08 1.71289e-08 9.65294e-09
 1.28402e-09-6.57267e-09-1.25931e-08-1.58130e-08-1.58569e-08-1.30267e-08
-8.21862e-09-2.71549e-09 2.08425e-09 4.95132e-09 5.07818e-09 2.25623e-09
-3.05244e-09-9.78257e-09-1.64923e-08-2.17082e-08-2.42877e-08-2.36829e-08
-2.00359e-08-1.41140e-08-7.13109e-09-4.91208e-10 4.53356e-09 7.13346e-09
 7.18598e-09 5.27771e-09 2.51883e-09 2.24841e-10-4.38215e-10 1.24055e-09
 5.32926e-09 1.12321e-08 1.78414e-08 2.38211e-08 2.79567e-08 2.94834e-08
 2.82892e-08 2.49229e-08 2.04129e-08 1.59603e-08 1.25981e-08 1.08949e-08
 1.07901e-08 1.16254e-08 1.23730e-08 1.19852e-08 9.75569e-09 5.57157e-09
-2.92957e-11-6.01250e-09-1.11482e-08-1.43556e-08-1.49997e-08-1.30746e-08
-9.21763e-09-4.53008e-09-2.42730e-10 2.66708e-09 3.77995e-09 3.34464e-09
 2.13107e-09 1.07909e-09 9.04770e-10 1.82648e-09 3.48701e-09 5.06752e-09
 5.54402e-09 4.01276e-09-6.49969e-12-6.38657e-09-1.43938e-08-2.28800e-08
-3.06143e-08-3.66549e-08-4.06216e-08-4.27516e-08-4.37121e-08-4.42593e-08
-4.48851e-08-4.55879e-08-4.58548e-08-4.48676e-08-4.18606e-08-3.64711e-08
-2.89208e-08-1.99624e-08-1.06401e-08-1.97011e-09 5.34572e-09 1.10792e-08
 1.54572e-08 1.89812e-08 2.21555e-08 2.52368e-08 2.81091e-08 3.03334e-08
 3.13474e-08 3.07288e-08 2.84131e-08 2.47694e-08 2.05113e-08 1.64950e-08
 1.34805e-08 1.19280e-08 1.18937e-08 1.30768e-08 1.50056e-08 1.72668e-08
 1.96534e-08 2.21710e-08 2.49082e-08 2.78330e-08 3.06221e-08 3.26335e-08
 3.30654e-08 3.12402e-08 2.68910e-08 2.03312e-08 1.24313e-08 4.38565e-09
-2.64158e-09-7.82028e-09-1.07755e-08-1.15260e-08-1.03395e-08-7.59598e-09
-3.70679e-09 8.90269e-10 5.65465e-09 9.84102e-09 1.24908e-08 1.26064e-08
 9.47174e-09 2.97184e-09-6.23865e-09-1.68064e-08-2.69886e-08-3.51072e-08
-3.99827e-08-4.11729e-08-3.89379e-08-3.39981e-08-2.72448e-08-1.95508e-08
-1.17249e-08-4.54653e-09 1.21649e-09 4.87125e-09 5.94759e-09 4.39339e-09
 7.35241e-10-3.90866e-09-8.04701e-09-1.02429e-08-9.59660e-09-6.06528e-09
-4.67088e-10 5.83103e-09 1.13903e-08 1.51278e-08 1.65319e-08 1.56382e-08
 1.28621e-08 8.81654e-09 4.19007e-09-3.01206e-10-3.92270e-09-5.96612e-09
-5.89853e-09-3.60031e-09 4.31562e-10 5.07869e-09 8.88212e-09 1.05325e-08
 9.36023e-09 5.60345e-09 3.32089e-10-4.94480e-09-8.82013e-09-1.04425e-08
-9.70224e-09-7.12026e-09-3.55341e-09 1.07668e-10 3.12123e-09 4.94749e-09
 5.25676e-09 3.97733e-09 1.38831e-09-1.81809e-09-4.60685e-09-5.86480e-09
-4.81396e-09-1.39772e-09 3.57619e-09 8.64616e-09 1.21956e-08 1.30361e-08
 1.08224e-08 6.12684e-09 1.96987e-10-5.42419e-09-9.23064e-09-9.95555e-09
-6.66250e-09-1.95833e-09
     0.0000e+00     0.0000e+00      0  0  0.00
     512   1.00000  0.0000e+00
 2.55834e-11 3.92478e-10 7.09719e-10 9.05361e-10 9.36523e-10 8.07043e-10
 5.65223e-10 2.83469e-10 3.11532e-11-1.44607e-10-2.23194e-10-2.04518e-10
-1.02262e-10 5.79102e-11 2.36117e-10 3.79664e-10 4.36660e-10 3.79202e-10
 2.20837e-10 1.47287e-11-1.67904e-10-2.68888e-10-2.68942e-10-1.93817e-10
-9.62180e-11-2.47354e-11 1.01294e-12-5.38692e-12-1.38903e-11-2.04112e-12
 3.05599e-11 6.54393e-11 8.07126e-11 6.48453e-11 1.88677e-11-4.99800e-11
-1.33659e-10-2.22506e-10-2.99551e-10-3.36728e-10-3.01822e-10-1.77737e-10
 1.72983e-11 2.24936e-10 3.65811e-10 3.76455e-10 2.44251e-10 1.71843e-11
-2.20091e-10-3.88194e-10-4.45862e-10-3.97312e-10-2.77187e-10-1.27717e-10
 1.75501e-11 1.36872e-10 2.14652e-10 2.37809e-10 2.00481e-10 1.12903e-10
 4.05807e-12-8.92220e-11-1.42698e-10-1.58898e-10-1.60238e-10-1.64076e-10
-1.61784e-10-1.22198e-10-1.74223e-11 1.49265e-10 3.33689e-10 4.67422e-10
 4.92735e-10 3.94981e-10 2.12167e-10 1.62757e-11-1.21409e-10-1.60132e-10
-9.88071e-11 3.54474e-11 2.04899e-10 3.71054e-10 4.97267e-10 5.54220e-10
 5.30946e-10 4.41818e-10 3.20517e-10 2.03086e-10 1.11048e-10 4.57522e-11
-3.07079e-12-4.26293e-11-6.87576e-11-7.03212e-11-4.22828e-11 2.56566e-12
 3.22794e-11 8.34253e-12-9.39984e-11-2.72341e-10-4.99877e-10-7.37399e-10
-9.43102e-10-1.07936e-09-1.12277e-09-1.07806e-09-9.86057e-10-9.12523e-10
-9.16485e-10-1.01682e-09-1.18283e-09-1.35667e-09-1.48841e-09-1.55671e-09
-1.56441e-09-1.51695e-09-1.39958e-09-1.17180e-09-7.88594e-10-2.36202e-10
 4.45331e-10 1.17090e-09 1.84148e-09 2.37079e-09 2.69027e-09 2.74290e-09
 2.48901e-09 1.93067e-09 1.13693e-09 2.57123e-10-4.66714e-10-6.95008e-10
-5.52956e-11 1.69048e-09 4.47075e-09 7.84569e-09 1.10789e-08 1.33024e-08
 1.37637e-08 1.20859e-08 8.40479e-09 3.31113e-09-2.32899e-09-7.56904e-09
-1.15633e-08-1.37528e-08-1.40225e-08-1.27252e-08-1.04989e-08-7.98357e-09
-5.63662e-09-3.71042e-09-2.30540e-09-1.43733e-09-1.10241e-09-1.29321e-09
-1.94708e-09-2.89842e-09-3.90300e-09-4.71076e-09-5.12660e-09-5.04062e-09
-4.44044e-09-3.41086e-09-2.11919e-09-7.88005e-10 3.46236e-10 1.08927e-09
 1.34894e-09 1.17959e-09 7.90854e-10 5.12251e-10 7.30484e-10 1.82217e-09
 4.08174e-09 7.63674e-09 1.23627e-08 1.78202e-08 2.32312e-08 2.75325e-08
 2.96227e-08 2.87707e-08 2.48195e-08 1.80722e-08 9.26000e-09-3.45691e-10
-8.99818e-09-1.47305e-08-1.56995e-08-1.06383e-08 7.46946e-10 1.76660e-08
 3.83218e-08 5.98760e-08 7.81680e-08 8.73879e-08 8.02346e-08 4.90962e-08
-1.16724e-08-1.02889e-07-2.17964e-07-3.41385e-07-4.48621e-07-5.07639e-07
-4.85102e-07-3.61098e-07-1.43735e-07 1.29466e-07 4.02288e-07 6.24879e-07
 7.77756e-07 8.52221e-07 8.17761e-07 6.42508e-07 3.31253e-07-6.73179e-08
-4.67687e-07-7.66031e-07-8.73943e-07-7.56585e-07-4.55392e-07-7.39693e-08
 2.52452e-07 3.98995e-07 3.21716e-07 9.93085e-08-1.12799e-07-1.82159e-07
-8.36485e-08 8.53601e-08 1.78862e-07 1.19830e-07-3.41159e-08-1.41817e-07
-1.09210e-07 2.06861e-08 1.12292e-07 7.93367e-08-2.42954e-08-7.03667e-08
-9.09088e-09 7.34575e-08 6.91316e-08-1.04356e-08-5.41605e-08-9.24979e-09
 4.69052e-08 2.74888e-08-3.19018e-08-3.57393e-08 1.49550e-08 3.01379e-08
-1.18219e-08-3.14825e-08 3.61141e-09 2.34952e-08-5.92637e-09-2.08188e-08
 7.48399e-09 1.83234e-08-5.91641e-09-7.95024e-09 1.32433e-08 7.02165e-09
-8.96868e-09 9.80840e-10 5.60519e-09-6.28157e-09-4.23627e-09 7.32196e-10
-4.99747e-09-5.35130e-09-3.26149e-09-5.22759e-09-4.87053e-09-3.19181e-09
-2.14071e-09-2.08958e-10 1.96891e-09 3.76644e-09 5.18937e-09 5.93869e-09
 5.86276e-09 5.03877e-09 3.59118e-09 1.69741e-09-4.20545e-10-2.51800e-09
-4.32736e-09-5.61413e-09-6.19725e-09-5.95209e-09-4.85925e-09-3.04353e-09
-7.87779e-10 1.53121e-09 3.54446e-09 4.94274e-09 5.50550e-09 5.12883e-09
 3.88170e-09 2.03421e-09-1.28643e-11-1.85182e-09-3.16589e-09-3.74906e-09
-3.50229e-09-2.45534e-09-7.88923e-10 1.17603e-09 3.04380e-09 4.44325e-09
 5.11568e-09 4.95871e-09 4.03025e-09 2.52411e-09 7.24492e-10-1.03907e-09
-2.43679e-09-3.20587e-09-3.22898e-09-2.57454e-09-1.47004e-09-2.33208e-10
 7.95620e-10 1.31579e-09 1.14329e-09 2.77537e-10-1.09746e-09-2.68290e-09
-4.15088e-09-5.20245e-09-5.61473e-09-5.30263e-09-4.36402e-09-3.06172e-09
-1.74334e-09-7.32996e-10-2.37745e-10-3.00442e-10-7.94929e-10-1.45303e-09
-1.93253e-09-1.91867e-09-1.22032e-09 1.73609e-10 2.08617e-09 4.19194e-09
 6.10436e-09 7.48496e-09 8.12329e-09 7.97291e-09 7.16443e-09 5.98266e-09
 4.77794e-09 3.84160e-09 3.31465e-09 3.15688e-09 3.16968e-09 3.08126e-09
 2.67417e-09 1.87655e-09 7.65795e-10-4.82645e-10-1.64742e-09-2.50915e-09
-2.91165e-09-2.82258e-09-2.36419e-09-1.79352e-09-1.41929e-09-1.47924e-09
-2.03704e-09-2.94855e-09-3.91776e-09-4.62341e-09-4.84905e-09-4.54966e-09
-3.84548e-09-2.96576e-09-2.16120e-09-1.61850e-09-1.41223e-09-1.49674e-09
-1.73034e-09-1.93174e-09-1.95413e-09-1.74626e-09-1.37808e-09-1.01983e-09
-8.73041e-10-1.07552e-09-1.62143e-09-2.33479e-09-2.91860e-09-3.07338e-09
-2.63377e-09-1.64908e-09-3.65044e-10 8.76047e-10 1.76645e-09 2.15053e-09
 2.09266e-09 1.85652e-09 1.78611e-09 2.14046e-09 2.96234e-09 4.04054e-09
 4.99087e-09 5.42918e-09 5.15172e-09 4.23331e-09 3.00406e-09 1.91849e-09
 1.36907e-09 1.52929e-09 2.30471e-09 3.40334e-09 4.47295e-09 5.24100e-09
 5.60765e-09 5.65516e-09 5.56355e-09 5.47494e-09 5.38776e-09 5.13760e-09
 4.45857e-09 3.09245e-09 9.18858e-10-1.93584e-09-5.07852e-09-7.96041e-09
-1.00793e-08-1.11604e-08-1.12161e-08-1.04769e-08-9.26355e-09-7.86472e-09
-6.45459e-09-5.07774e-09-3.71195e-09-2.37032e-09-1.16762e-09-2.98014e-10
 5.87096e-11-1.62411e-10-8.51247e-10-1.71445e-09-2.33251e-09-2.29492e-09
-1.37725e-09 3.36611e-10 2.47591e-09 4.54273e-09 6.10864e-09 6.94050e-09
 7.01451e-09 6.44557e-09 5.39588e-09 4.02029e-09 2.46159e-09 8.71348e-10
-5.69017e-10-1.64344e-09-2.13018e-09-1.87533e-09-8.90408e-10 5.80318e-10
 2.08403e-09 3.10332e-09 3.26787e-09 2.51084e-09 1.07829e-09-5.95764e-10
-2.06898e-09-3.03883e-09-3.40461e-09-3.24148e-09-2.71869e-09-2.00535e-09
-1.21752e-09-4.39169e-10 2.17146e-10 5.87744e-10 5.14177e-10-5.60623e-11
-9.93881e-10-1.99083e-09-2.65898e-09-2.69763e-09-2.04126e-09-9.00756e-10
 3.29913e-10 1.25708e-09 1.66791e-09 1.61373e-09 1.35631e-09 1.21504e-09
 1.40287e-09 1.93869e-09 2.67102e-09 3.36999e-09 3.80711e-09 3.78824e-09
 3.16891e-09 1.88402e-09 2.29783e-12-2.19024e-09-4.10728e-09-4.86833e-09
-3.47902e-09-1.06208e-09
     0.0000e+00     0.0000e+00      0  0  0.00
     512   1.00000  0.0000e+00
 4.19185e-11 2.23409e-11-4.91533e-11-1.73984e-10-3.27692e-10-4.59037e-10
-5.07799e-10-4.34677e-10-2.44515e-10 1.37116e-11 2.68197e-10 4.51366e-10
 5.22953e-10 4.85907e-10 3.86300e-10 2.89995e-10 2.46169e-10 2.60281e-10
 2.94161e-10 2.91828e-10 2.10658e-10 4.07787e-11-1.88334e-10-4.15870e-10
-5.77270e-10-6.38485e-10-6.12001e-10-5.44875e-10-4.88915e-10-4.71124e-10
-4.80439e-10-4.75753e-10-4.08778e-10-2.50716e-10-9.53861e-12 2.72491e-10
 5.39948e-10 7.52307e-10 9.02797e-10 1.01517e-09 1.12079e-09 1.23330e-09
 1.33627e-09 1.38896e-09 1.34589e-09 1.17986e-09 8.98156e-10 5.44721e-10
 1.82823e-10-1.36407e-10-3.96562e-10-6.10617e-10-7.96807e-10-9.60741e-10
-1.09327e-09-1.17620e-09-1.19286e-09-1.14701e-09-1.07923e-09-1.05811e-09
-1.14212e-09-1.33923e-09-1.59618e-09-1.82180e-09-1.92237e-09-1.82926e-09
-1.51598e-09-1.00529e-09-3.59941e-10 3.41641e-10 1.02531e-09 1.61922e-09
 2.03998e-09 2.19352e-09 2.00298e-09 1.45164e-09 6.16187e-10-3.32854e-10
-1.16828e-09-1.66348e-09-1.64733e-09-1.04408e-09 1.09313e-10 1.67622e-09
 3.45958e-09 5.24390e-09 6.81917e-09 7.99316e-09 8.61502e-09 8.61441e-09
 8.02971e-09 6.99781e-09 5.71038e-09 4.36217e-09 3.10300e-09 1.99501e-09
 9.95397e-10-9.84401e-12-1.13764e-09-2.45913e-09-3.99726e-09-5.74366e-09
-7.66357e-09-9.69417e-09-1.17552e-08-1.37695e-08-1.56773e-08-1.74399e-08
-1.90455e-08-2.05164e-08-2.18946e-08-2.31939e-08-2.43533e-08-2.52375e-08
-2.56923e-08-2.56083e-08-2.49469e-08-2.37206e-08-2.19477e-08-1.96095e-08
-1.66130e-08-1.27522e-08-7.68945e-09-9.98655e-10 7.73291e-09 1.87959e-08
 3.22670e-08 4.78872e-08 6.48934e-08 8.19075e-08 9.70287e-08 1.08154e-07
 1.13422e-07 1.11658e-07 1.02768e-07 8.79488e-08 6.94555e-08 4.97643e-08
 3.04543e-08 1.15645e-08-7.99207e-09-2.91551e-08-5.14892e-08-7.28845e-08
-9.03466e-08-1.01264e-07-1.04341e-07-9.98345e-08-8.92391e-08-7.47745e-08
-5.88442e-08-4.35429e-08-3.03170e-08-1.98840e-08-1.23714e-08-7.50240e-09
-4.71359e-09-3.24805e-09-2.30839e-09-1.24637e-09 2.97413e-10 2.32243e-09
 4.42223e-09 5.76132e-09 5.12390e-09 1.07074e-09-7.78683e-09-2.23977e-08
-4.27934e-08-6.75950e-08-9.36213e-08-1.15750e-07-1.27199e-07-1.20346e-07
-8.81189e-08-2.58802e-08 6.63497e-08 1.81633e-07 3.04348e-07 4.10430e-07
 4.73012e-07 4.72990e-07 4.05283e-07 2.76744e-07 1.04382e-07-8.37657e-08
-2.52297e-07-3.67614e-07-4.09017e-07-3.78899e-07-3.04939e-07-2.27541e-07
-1.77379e-07-1.57904e-07-1.45843e-07-1.11357e-07-4.44211e-08 3.38937e-08
 8.64039e-08 8.95812e-08 5.10024e-08-2.18060e-09-4.91018e-08-8.60233e-08
-1.16009e-07-1.40151e-07-1.64504e-07-1.97933e-07-2.19820e-07-1.65002e-07
 2.25861e-08 3.30553e-07 7.02573e-07 1.08446e-06 1.40265e-06 1.55285e-06
 1.45077e-06 1.05836e-06 3.85982e-07-4.77598e-07-1.36263e-06-2.06822e-06
-2.41467e-06-2.29336e-06-1.71835e-06-8.41341e-07 9.16352e-08 8.23800e-07
 1.18268e-06 1.14982e-06 8.61286e-07 5.27520e-07 3.16230e-07 2.65401e-07
 2.81403e-07 2.32491e-07 7.10694e-08-1.22190e-07-2.19156e-07-1.77661e-07
-8.35428e-08-4.55379e-08-7.18214e-08-8.67299e-08-5.25932e-08-1.26572e-08
-6.14513e-09-1.20405e-08-3.65292e-09 5.87020e-09 3.12385e-09 1.78366e-09
 8.04939e-09 9.77013e-09 6.34764e-09 6.91648e-09 8.50764e-09 6.19569e-09
 4.22713e-09 3.69012e-09 1.74243e-09-3.10102e-11-8.71860e-10-2.28829e-09
-3.12382e-09-3.25724e-09-3.99222e-09-4.21192e-09-3.84400e-09-4.04785e-09
-3.96000e-09-3.53177e-09-3.66328e-09-3.75508e-09-3.79577e-09-4.28091e-09
-4.68324e-09-5.00325e-09-5.42540e-09-5.54648e-09-5.43660e-09-5.13006e-09
-4.40619e-09-3.40946e-09-2.16316e-09-6.37891e-10 9.41828e-10 2.46961e-09
 3.86565e-09 4.97224e-09 5.77981e-09 6.24539e-09 6.32253e-09 6.11570e-09
 5.62743e-09 4.94904e-09 4.23587e-09 3.54400e-09 3.01645e-09 2.65308e-09
 2.42126e-09 2.27303e-09 2.07814e-09 1.80106e-09 1.36461e-09 7.65067e-10
 1.80833e-11-8.75876e-10-1.85666e-09-2.86105e-09-3.77079e-09-4.47996e-09
-4.89312e-09-4.97198e-09-4.76941e-09-4.36359e-09-3.81693e-09-3.16746e-09
-2.48686e-09-1.87917e-09-1.43081e-09-1.15949e-09-1.01129e-09-9.10531e-10
-8.04943e-10-6.72238e-10-4.95692e-10-2.55825e-10 4.97311e-11 3.78215e-10
 6.39630e-10 7.43148e-10 6.67475e-10 4.81195e-10 2.81391e-10 1.25235e-10
 3.49256e-11 5.24140e-11 2.63267e-10 7.53666e-10 1.54048e-09 2.53857e-09
 3.59784e-09 4.60402e-09 5.56059e-09 6.53821e-09 7.54534e-09 8.50095e-09
 9.32946e-09 1.00376e-08 1.06937e-08 1.13391e-08 1.19183e-08 1.22996e-08
 1.23653e-08 1.20871e-08 1.15228e-08 1.07456e-08 9.77980e-09 8.60705e-09
 7.22676e-09 5.69180e-09 4.07822e-09 2.41900e-09 6.76046e-10-1.22044e-09
-3.31146e-09-5.56644e-09-7.88265e-09-1.01507e-08-1.23209e-08-1.43793e-08
-1.62911e-08-1.80022e-08-1.94714e-08-2.06858e-08-2.16551e-08-2.23783e-08
-2.28157e-08-2.29009e-08-2.25672e-08-2.17817e-08-2.05733e-08-1.90143e-08
-1.71877e-08-1.51884e-08-1.31165e-08-1.10538e-08-9.07942e-09-7.28272e-09
-5.72544e-09-4.42332e-09-3.37861e-09-2.58596e-09-2.00145e-09-1.53324e-09
-1.05028e-09-3.90038e-10 6.13449e-10 2.08256e-09 4.05878e-09 6.48167e-09
 9.18191e-09 1.19051e-08 1.43736e-08 1.63511e-08 1.76782e-08 1.82961e-08
 1.82820e-08 1.78657e-08 1.73816e-08 1.71681e-08 1.74687e-08 1.83811e-08
 1.98510e-08 2.16623e-08 2.34065e-08 2.44959e-08 2.42787e-08 2.22244e-08
 1.80984e-08 1.20612e-08 4.65575e-09-3.26703e-09-1.06223e-08-1.62087e-08
-1.89281e-08-1.80650e-08-1.35321e-08-5.97563e-09 3.33024e-09 1.27602e-08
 2.06620e-08 2.56292e-08 2.67154e-08 2.36206e-08 1.68079e-08 7.43900e-09
-2.90254e-09-1.26057e-08-2.03974e-08-2.55461e-08-2.78807e-08-2.77176e-08
-2.57531e-08-2.28854e-08-1.99643e-08-1.75505e-08-1.57810e-08-1.44004e-08
-1.29372e-08-1.09422e-08-8.19469e-09-4.79970e-09-1.15413e-09 2.18024e-09
 4.64960e-09 5.88207e-09 5.81099e-09 4.72065e-09 3.19372e-09 1.92737e-09
 1.46883e-09 2.01543e-09 3.36808e-09 5.02904e-09 6.40023e-09 7.00227e-09
 6.62910e-09 5.40627e-09 3.74621e-09 2.19878e-09 1.24136e-09 1.09566e-09
 1.64862e-09 2.50246e-09 3.12499e-09 3.05001e-09 2.06477e-09 3.05718e-10
-1.78490e-09-3.62198e-09-4.69908e-09-4.77660e-09-3.94635e-09-2.57192e-09
-1.16281e-09-1.96964e-10 7.76405e-11-2.51488e-10-8.21937e-10-1.17613e-09
-9.70622e-10-1.30267e-10 1.11724e-09 2.32850e-09 3.01587e-09 2.85628e-09
 1.84546e-09 3.00753e-10-1.28263e-09-2.42779e-09-2.83700e-09-2.47214e-09
-1.53662e-09-3.66736e-10 7.15849e-10 1.50799e-09 1.92386e-09 1.89538e-09
 1.24893e-09 3.69749e-10
     0.0000e+00     0.0000e+00      0  0  0.00
     512   1.00000  0.0000e+00
-4.26876e-11-3.29675e-11-1.72742e-11-2.08233e-12 5.49002e-12 3.34993e-12
-5.93650e-12-1.83857e-11-2.89738e-11-3.23157e-11-2.55875e-11-1.06118e-11
 6.16735e-12 1.71945e-11 1.96616e-11 1.63520e-11 1.12216e-11 8.00236e-12
 1.08410e-11 2.13517e-11 3.60507e-11 4.83117e-11 5.22792e-11 4.60564e-11
 3.21538e-11 1.54811e-11 1.65854e-12-5.47114e-12-6.99447e-12-7.30002e-12
-9.59439e-12-1.56732e-11-2.68099e-11-4.10173e-11-5.22529e-11-5.50206e-11
-4.88645e-11-3.84431e-11-2.95763e-11-2.47717e-11-2.30341e-11-2.25758e-11
-2.08108e-11-1.35407e-11 1.24512e-12 1.89791e-11 3.16801e-11 3.58840e-11
 3.45784e-11 3.17913e-11 2.95063e-11 2.98482e-11 3.45301e-11 4.04646e-11
 4.10830e-11 3.39263e-11 2.33923e-11 1.57337e-11 1.44331e-11 1.97806e-11
 2.94053e-11 3.82500e-11 4.02107e-11 3.24364e-11 1.89831e-11 8.93537e-12
 9.46586e-12 2.12587e-11 4.02965e-11 6.07611e-11 7.59689e-11 8.13192e-11
 7.76269e-11 6.78691e-11 5.11833e-11 2.43933e-11-1.22002e-11-5.61759e-11
-1.08166e-10-1.68186e-10-2.27541e-10-2.72819e-10-2.99731e-10-3.17201e-10
-3.36353e-10-3.59925e-10-3.83900e-10-4.04862e-10-4.20697e-10-4.25897e-10
-4.13445e-10-3.83174e-10-3.41803e-10-2.92348e-10-2.30061e-10-1.51941e-10
-6.37085e-11 2.62206e-11 1.13917e-10 1.99211e-10 2.85556e-10 3.83152e-10
 5.05021e-10 6.57161e-10 8.35724e-10 1.03177e-09 1.23366e-09 1.42668e-09
 1.59653e-09 1.73474e-09 1.83685e-09 1.89489e-09 1.89755e-09 1.84273e-09
 1.74738e-09 1.64005e-09 1.54580e-09 1.48448e-09 1.47628e-09 1.53039e-09
 1.62357e-09 1.69862e-09 1.67779e-09 1.45850e-09 8.98139e-10-1.67247e-10
-1.86138e-09-4.20783e-09-7.10066e-09-1.02823e-08-1.33087e-08-1.55508e-08
-1.63257e-08-1.51565e-08-1.19928e-08-7.24169e-09-1.64921e-09 3.86148e-09
 8.37321e-09 1.11784e-08 1.19463e-08 1.08052e-08 8.32331e-09 5.36683e-09
 2.83099e-09 1.34311e-09 1.08861e-09 1.84451e-09 3.17740e-09 4.66093e-09
 5.98316e-09 6.95123e-09 7.46821e-09 7.49327e-09 6.98699e-09 5.90304e-09
 4.24686e-09 2.13258e-09-2.06202e-10-2.42642e-09-4.10096e-09-4.78351e-09
-4.09667e-09-1.81003e-09 2.08781e-09 7.31672e-09 1.32507e-08 1.88935e-08
 2.28869e-08 2.35790e-08 1.92064e-08 8.22660e-09-1.02108e-08-3.56987e-08
-6.59980e-08-9.66095e-08-1.20705e-07-1.29645e-07-1.14184e-07-6.87309e-08
 2.23192e-10 7.39040e-08 1.35526e-07 1.77031e-07 1.91533e-07 1.72755e-07
 1.21520e-07 4.73843e-08-3.09285e-08-8.79651e-08-1.04536e-07-8.22827e-08
-4.40699e-08-1.90532e-08-2.26430e-08-4.48454e-08-5.80432e-08-4.02791e-08
 4.82938e-09 4.93127e-08 6.46215e-08 4.55442e-08 8.51088e-09-2.85738e-08
-5.57406e-08-6.29613e-08-3.86890e-08 8.72996e-09 4.10793e-08 3.16932e-08
 4.56474e-09-4.85127e-09-2.53734e-09-5.53937e-09-3.41405e-09 9.38357e-09
 1.95211e-08 2.54750e-08 3.04613e-08 2.64126e-08 1.38490e-08 5.09367e-09
 4.89629e-09 1.01249e-08 1.71640e-08 1.90808e-08 7.61491e-09-1.78304e-08
-4.85480e-08-7.07423e-08-7.00461e-08-4.12171e-08 2.48611e-09 3.47732e-08
 3.50747e-08 6.70050e-09-2.07236e-08-1.61086e-08 1.80401e-08 4.31170e-08
 2.83541e-08-7.29787e-09-1.80959e-08 3.47513e-09 1.80320e-08 4.49051e-09
-9.42546e-09-2.23180e-09 5.75237e-09-9.24413e-10-5.00667e-09 8.88988e-10
 1.06819e-09-3.86620e-09-1.19115e-09 1.96573e-09-1.62404e-09-1.69516e-09
 1.72527e-09-2.87073e-10-1.66335e-09 1.12337e-09 3.02808e-10-1.20545e-09
 8.73112e-10 4.69859e-10-8.41523e-10 6.84069e-10 2.18392e-10-8.16672e-10
 3.60361e-10-2.72250e-10-9.25738e-10 1.47725e-11-7.27448e-10-8.94110e-10
-1.65463e-10-8.80634e-10-5.79572e-10-1.37408e-10-6.43595e-10-2.51996e-11
 6.30628e-11-1.31050e-10 4.43570e-10 1.71864e-10 2.41764e-10 4.55415e-10
 8.54650e-11 3.07629e-10 1.52443e-10-3.62391e-12 1.35584e-10-1.50469e-10
-6.51612e-11-1.08256e-10-1.70262e-10-1.41539e-11-7.34630e-11 9.09744e-11
 1.40446e-10 1.84252e-10 2.81616e-10 2.40002e-10 2.75082e-10 2.25842e-10
 2.10815e-10 1.85131e-10 1.43196e-10 1.66172e-10 2.07870e-10 3.31259e-10
 4.67177e-10 5.80688e-10 6.43943e-10 6.80564e-10 7.15107e-10 7.12449e-10
 6.53012e-10 5.17135e-10 3.31402e-10 1.62451e-10 6.43435e-11-2.43931e-12
-1.28720e-10-3.27268e-10-5.19035e-10-6.47096e-10-7.44485e-10-8.91836e-10
-1.14491e-09-1.46797e-09-1.74459e-09-1.89547e-09-1.96249e-09-2.05023e-09
-2.19710e-09-2.31561e-09-2.27802e-09-2.06093e-09-1.77163e-09-1.52826e-09
-1.32884e-09-1.04124e-09-5.40752e-10 1.50044e-10 8.92086e-10 1.56874e-09
 2.16200e-09 2.73312e-09 3.32577e-09 3.85495e-09 4.14856e-09 4.12612e-09
 3.87514e-09 3.55326e-09 3.25244e-09 2.94882e-09 2.57671e-09 2.12565e-09
 1.65467e-09 1.25187e-09 9.56922e-10 7.03177e-10 3.96045e-10 2.28535e-11
-3.62246e-10-7.00321e-10-9.71127e-10-1.22123e-09-1.51688e-09-1.87044e-09
-2.24401e-09-2.58574e-09-2.85753e-09-3.06513e-09-3.22827e-09-3.31201e-09
-3.24874e-09-3.00830e-09-2.60094e-09-2.06900e-09-1.49307e-09-9.44958e-10
-4.48782e-10-1.54468e-11 3.27865e-10 5.54957e-10 6.64906e-10 6.82799e-10
 6.37470e-10 5.51596e-10 4.40810e-10 2.95993e-10 1.00989e-10-1.20970e-10
-3.34586e-10-5.43516e-10-7.53256e-10-9.32867e-10-1.05077e-09-1.08785e-09
-1.02379e-09-8.62513e-10-6.19602e-10-2.65801e-10 2.42012e-10 8.81877e-10
 1.57416e-09 2.23883e-09 2.82574e-09 3.31980e-09 3.70947e-09 3.94067e-09
 3.94240e-09 3.71415e-09 3.35442e-09 2.98490e-09 2.65793e-09 2.33989e-09
 1.97359e-09 1.56080e-09 1.18349e-09 9.19643e-10 7.42618e-10 5.36258e-10
 2.10291e-10-2.14803e-10-6.40862e-10-1.00641e-09-1.35534e-09-1.78933e-09
-2.35622e-09-2.97962e-09-3.52035e-09-3.91880e-09-4.22951e-09-4.51577e-09
-4.75711e-09-4.84138e-09-4.64157e-09-4.13770e-09-3.43561e-09-2.65314e-09
-1.83554e-09-9.70014e-10-5.57207e-11 8.27204e-10 1.54340e-09 2.00792e-09
 2.23680e-09 2.31454e-09 2.32660e-09 2.29323e-09 2.18305e-09 1.99231e-09
 1.76473e-09 1.55237e-09 1.38676e-09 1.25278e-09 1.09814e-09 9.00873e-10
 6.95403e-10 5.29858e-10 4.33137e-10 3.99257e-10 3.89298e-10 3.72920e-10
 3.49850e-10 3.24858e-10 2.96698e-10 2.63422e-10 2.22688e-10 1.87023e-10
 1.91704e-10 2.70673e-10 4.32427e-10 6.46257e-10 8.45267e-10 9.69205e-10
 1.00055e-09 9.50718e-10 8.44078e-10 7.17054e-10 6.05377e-10 5.38491e-10
 5.38392e-10 5.99167e-10 6.86831e-10 7.64533e-10 7.91525e-10 7.20695e-10
 5.21886e-10 1.77900e-10-3.41269e-10-1.07154e-09-2.03679e-09-3.23788e-09
-4.62080e-09-6.04669e-09-7.29502e-09-8.08220e-09-8.09725e-09-7.07033e-09
-4.85776e-09-1.53422e-09 2.51390e-09 6.53651e-09 9.44792e-09 9.94101e-09
 6.68732e-09 1.98202e-09
     0.0000e+00     0.0000e+00      0  0  0.00
     512   1.00000  0.0000e+00
-9.21656e-10-8.54949e-10-6.99315e-10-4.64460e-10-1.86189e-10 7.16781e-11
 2.34706e-10 2.50054e-10 1.14991e-10-1.19930e-10-3.73948e-10-5.66503e-10
-6.43526e-10-5.97528e-10-4.70242e-10-3.28559e-10-2.26000e-10-1.72897e-10
-1.34100e-10-5.61650e-11 9.93779e-11 3.37962e-10 6.26165e-10 8.99247e-10
 1.09100e-09 1.16903e-09 1.14713e-09 1.07179e-09 9.95112e-10 9.46209e-10
 9.14843e-10 8.56955e-10 7.20571e-10 4.79371e-10 1.51081e-10-2.12616e-10
-5.52222e-10-8.24952e-10-1.02083e-09-1.16316e-09-1.28864e-09-1.41719e-09
-1.53081e-09-1.57776e-09-1.50087e-09-1.26878e-09-8.92377e-10-4.24953e-10
 5.51714e-11 4.78018e-10 8.09897e-10 1.05264e-09 1.22091e-09 1.32400e-09
 1.36238e-09 1.33066e-09 1.22510e-09 1.06212e-09 8.95255e-10 8.03049e-10
 8.45196e-10 1.02071e-09 1.26165e-09 1.46112e-09 1.50889e-09 1.31908e-09
 8.54019e-10 1.41278e-10-7.32006e-10-1.64789e-09-2.48398e-09-3.11964e-09
-3.43548e-09-3.32771e-09-2.73819e-09-1.69014e-09-3.17348e-10 1.13725e-09
 2.37107e-09 3.10113e-09 3.13221e-09 2.39381e-09 9.52204e-10-1.00054e-09
-3.18769e-09-5.30894e-09-7.09135e-09-8.31433e-09-8.82626e-09-8.57421e-09
-7.63297e-09-6.19549e-09-4.51721e-09-2.84623e-09-1.36482e-09-1.46174e-10
 8.58712e-10 1.78145e-09 2.76175e-09 3.89328e-09 5.21358e-09 6.71136e-09
 8.33233e-09 9.99538e-09 1.16207e-08 1.31477e-08 1.45343e-08 1.57596e-08
 1.68401e-08 1.78362e-08 1.88176e-08 1.98031e-08 2.07272e-08 2.14621e-08
 2.18666e-08 2.18275e-08 2.12824e-08 2.02170e-08 1.86248e-08 1.64439e-08
 1.35112e-08 9.54860e-09 4.18074e-09-3.00354e-09-1.23360e-08-2.39355e-08
-3.75922e-08-5.26578e-08-6.79432e-08-8.17125e-08-9.18946e-08-9.65373e-08
-9.43880e-08-8.54245e-08-7.11485e-08-5.44276e-08-3.87018e-08-2.66506e-08
-1.89041e-08-1.36256e-08-7.39409e-09 3.00154e-09 1.88443e-08 3.87832e-08
 5.94489e-08 7.69265e-08 8.82140e-08 9.20151e-08 8.87635e-08 8.01598e-08
 6.85255e-08 5.61721e-08 4.49266e-08 3.59199e-08 2.96062e-08 2.58707e-08
 2.41236e-08 2.34198e-08 2.26721e-08 2.09170e-08 1.75466e-08 1.24863e-08
 6.33005e-09 3.89067e-10-3.39919e-09-2.70307e-09 4.81191e-09 2.08861e-08
 4.58902e-08 7.80227e-08 1.12680e-07 1.42193e-07 1.56153e-07 1.42587e-07
 9.00767e-08-9.27253e-09-1.56279e-07-3.41048e-07-5.39923e-07-7.13500e-07
-8.12541e-07-7.99408e-07-6.65716e-07-4.26056e-07-1.10170e-07 2.32532e-07
 5.37211e-07 7.41192e-07 8.04839e-07 7.31328e-07 5.72419e-07 4.06494e-07
 2.96799e-07 2.56874e-07 2.48059e-07 2.14328e-07 1.31763e-07 3.26094e-08
-1.97425e-08 1.39387e-08 1.13388e-07 2.18648e-07 2.81319e-07 2.88333e-07
 2.41813e-07 1.43760e-07 1.61117e-08-9.97758e-08-2.06212e-07-3.82786e-07
-6.96570e-07-1.10506e-06-1.51392e-06-1.86195e-06-2.06963e-06-2.01713e-06
-1.63448e-06-9.20986e-07 7.82804e-08 1.22695e-06 2.30019e-06 3.06733e-06
 3.34748e-06 3.04984e-06 2.22543e-06 1.07475e-06-1.10864e-07-1.04173e-06
-1.52679e-06-1.54517e-06-1.24502e-06-8.54955e-07-5.61175e-07-4.20686e-07
-3.57801e-07-2.55098e-07-7.00174e-08 1.29798e-07 2.39376e-07 2.24067e-07
 1.48278e-07 9.56476e-08 8.66632e-08 8.54530e-08 6.32988e-08 2.89869e-08
 4.60977e-09-2.29259e-09-1.76299e-09-5.78030e-09-1.27330e-08-1.38950e-08
-1.18266e-08-1.43661e-08-1.66481e-08-1.33962e-08-1.19068e-08-1.32624e-08
-1.00214e-08-6.05293e-09-5.96615e-09-3.24134e-09 1.04914e-09 1.41292e-09
 3.12309e-09 6.51163e-09 6.38282e-09 7.19224e-09 9.46472e-09 8.65407e-09
 8.87557e-09 1.01367e-08 8.84460e-09 8.99242e-09 9.57063e-09 8.16866e-09
 8.44434e-09 8.30218e-09 6.89134e-09 7.07256e-09 6.15173e-09 4.96497e-09
 4.86823e-09 3.38316e-09 2.47150e-09 1.70896e-09-5.95013e-11-8.32981e-10
-2.16059e-09-3.52503e-09-4.22037e-09-5.57895e-09-6.25501e-09-6.97008e-09
-7.71347e-09-7.78436e-09-8.14217e-09-7.97747e-09-7.73032e-09-7.42979e-09
-6.72812e-09-6.11870e-09-5.14338e-09-4.14126e-09-3.02555e-09-1.79746e-09
-6.89448e-10 4.80021e-10 1.54166e-09 2.59177e-09 3.55059e-09 4.38836e-09
 5.07509e-09 5.53356e-09 5.86895e-09 6.11308e-09 6.25968e-09 6.21724e-09
 5.96944e-09 5.58419e-09 5.14997e-09 4.71637e-09 4.23987e-09 3.66811e-09
 3.02714e-09 2.42752e-09 1.95295e-09 1.57999e-09 1.20548e-09 7.56024e-10
 2.82836e-10-7.98325e-11-2.94271e-10-5.09103e-10-9.00342e-10-1.47849e-09
-2.10941e-09-2.68498e-09-3.25009e-09-3.96587e-09-4.94773e-09-6.14586e-09
-7.36682e-09-8.44704e-09-9.44363e-09-1.05520e-08-1.18155e-08-1.30506e-08
-1.40423e-08-1.47234e-08-1.51926e-08-1.55765e-08-1.58648e-08-1.59035e-08
-1.55366e-08-1.47455e-08-1.36652e-08-1.24398e-08-1.10705e-08-9.44402e-09
-7.48398e-09-5.24790e-09-2.88438e-09-4.98077e-10 1.92268e-09 4.44148e-09
 7.08499e-09 9.80388e-09 1.24768e-08 1.49988e-08 1.73722e-08 1.96449e-08
 2.17989e-08 2.37544e-08 2.54161e-08 2.67130e-08 2.76362e-08 2.82062e-08
 2.84200e-08 2.82566e-08 2.76823e-08 2.66771e-08 2.52880e-08 2.35913e-08
 2.16282e-08 1.94488e-08 1.71389e-08 1.47704e-08 1.24288e-08 1.02565e-08
 8.36845e-09 6.79150e-09 5.52021e-09 4.51960e-09 3.67512e-09 2.83200e-09
 1.84732e-09 5.64539e-10-1.18767e-09-3.51934e-09-6.41684e-09-9.73931e-09
-1.32371e-08-1.65964e-08-1.95181e-08-2.17617e-08-2.31362e-08-2.35337e-08
-2.30345e-08-2.19685e-08-2.08469e-08-2.01981e-08-2.04056e-08-2.16313e-08
-2.38328e-08-2.67701e-08-2.99262e-08-3.24642e-08-3.33816e-08-3.18121e-08
-2.73204e-08-2.00663e-08-1.07421e-08-4.01008e-10 9.61812e-09 1.77616e-08
 2.25143e-08 2.27922e-08 1.83229e-08 9.81810e-09-1.20220e-09-1.28058e-08
-2.30248e-08-3.01114e-08-3.27359e-08-3.02525e-08-2.29709e-08-1.21659e-08
 2.66015e-10 1.23288e-08 2.24260e-08 2.96247e-08 3.36310e-08 3.46830e-08
 3.34726e-08 3.09827e-08 2.82004e-08 2.57915e-08 2.38821e-08 2.20971e-08
 1.98321e-08 1.65906e-08 1.22338e-08 7.04155e-09 1.60680e-09-3.31947e-09
-7.00140e-09-8.92522e-09-8.96590e-09-7.46221e-09-5.17466e-09-3.05153e-09
-1.87034e-09-1.98202e-09-3.24740e-09-5.12462e-09-6.89106e-09-7.91394e-09
-7.84276e-09-6.69936e-09-4.86736e-09-2.95387e-09-1.55972e-09-1.04780e-09
-1.40186e-09-2.24200e-09-2.98309e-09-3.06936e-09-2.20974e-09-5.07266e-10
 1.58367e-09 3.43152e-09 4.47154e-09 4.43225e-09 3.41235e-09 1.80093e-09
 1.42564e-10-1.04924e-09-1.51633e-09-1.36191e-09-9.62749e-10-7.75821e-10
-1.11588e-09-1.97830e-09-3.01369e-09-3.66081e-09-3.36377e-09-1.81262e-09
 8.91366e-10 4.24254e-09 7.48285e-09 9.81275e-09 1.06098e-08 9.59681e-09
 6.89294e-09 2.94525e-09-1.58072e-09-5.86440e-09-8.92486e-09-9.59318e-09
-6.54069e-09-1.95529e-09
     0.0000e+00     0.0000e+00      0  0  0.00
     512   1.00000  0.0000e+00
-5.77717e-10-1.18149e-10 3.90687e-10 8.65274e-10 1.22209e-09 1.40578e-09
 1.40818e-09 1.26928e-09 1.06006e-09 8.53227e-10 6.93619e-10 5.82540e-10
 4.84611e-10 3.53779e-10 1.63319e-10-7.79823e-11-3.29863e-10-5.39151e-10
-6.64735e-10-6.98853e-10-6.71825e-10-6.35436e-10-6.33986e-10-6.78737e-10
-7.40045e-10-7.62222e-10-6.92690e-10-5.10013e-10-2.36476e-10 7.19163e-11
 3.51633e-10 5.58489e-10 6.83308e-10 7.50758e-10 8.00499e-10 8.59457e-10
 9.22341e-10 9.53502e-10 9.09483e-10 7.67029e-10 5.37668e-10 2.61891e-10
-1.05074e-11-2.43464e-10-4.30114e-10-5.91066e-10-7.54454e-10-9.29541e-10
-1.09175e-09-1.18973e-09-1.17047e-09-1.00875e-09-7.26444e-10-3.89616e-10
-8.18331e-11 1.31805e-10 2.27629e-10 2.22808e-10 1.58395e-10 7.96259e-11
 2.20013e-11 6.86631e-12 4.77669e-11 1.61062e-10 3.66705e-10 6.71124e-10
 1.04121e-09 1.39048e-09 1.59316e-09 1.52390e-09 1.10673e-09 3.51921e-10
-6.36597e-10-1.68628e-09-2.59954e-09-3.19670e-09-3.34716e-09-2.98679e-09
-2.12336e-09-8.32420e-10 7.48548e-10 2.42373e-09 3.95165e-09 5.08477e-09
 5.63340e-09 5.52371e-09 4.81771e-09 3.68909e-09 2.37164e-09 1.09931e-09
 5.27966e-11-6.71442e-10-1.06028e-09-1.15997e-09-1.05085e-09-8.32982e-10
-6.16076e-10-5.02115e-10-5.59963e-10-8.02880e-10-1.18366e-09-1.61737e-09
-2.02684e-09-2.38684e-09-2.73864e-09-3.16630e-09-3.75242e-09-4.53695e-09
-5.49324e-09-6.52883e-09-7.51321e-09-8.31935e-09-8.85336e-09-9.05925e-09
-8.91428e-09-8.43500e-09-7.68901e-09-6.78888e-09-5.85840e-09-4.98525e-09
-4.18108e-09-3.36255e-09-2.36267e-09-9.71967e-10 1.01162e-09 3.75193e-09
 7.36569e-09 1.19100e-08 1.73450e-08 2.34770e-08 2.98997e-08 3.59576e-08
 4.07693e-08 4.33520e-08 4.28454e-08 3.87571e-08 3.11109e-08 2.04297e-08
 7.58710e-09-6.36658e-09-2.03050e-08-3.30486e-08-4.34069e-08-5.03410e-08
-5.32237e-08-5.20373e-08-4.73573e-08-4.01303e-08-3.13924e-08-2.20619e-08
-1.28357e-08-4.15715e-09 3.76214e-09 1.08727e-08 1.71919e-08 2.27252e-08
 2.74308e-08 3.12335e-08 3.40744e-08 3.59749e-08 3.70795e-08 3.76596e-08
 3.80871e-08 3.87931e-08 4.02092e-08 4.26777e-08 4.63211e-08 5.08702e-08
 5.54789e-08 5.85932e-08 5.79565e-08 5.08040e-08 3.42621e-08 5.96540e-09
-3.51071e-08-8.76632e-08-1.47214e-07-2.05576e-07-2.51043e-07-2.70317e-07
-2.54040e-07-2.02670e-07-1.25617e-07-3.65771e-08 4.75990e-08 1.08326e-07
 1.31053e-07 1.11355e-07 5.81736e-08-7.77952e-09-6.19110e-08-8.66663e-08
-7.92883e-08-5.15456e-08-2.08233e-08 2.04092e-09 1.90592e-08 4.01234e-08
 7.11301e-08 1.06649e-07 1.35018e-07 1.50683e-07 1.60068e-07 1.75940e-07
 2.10819e-07 2.77124e-07 3.84022e-07 5.24405e-07 6.69130e-07 7.82692e-07
 8.36558e-07 7.94534e-07 6.07569e-07 2.49494e-07-2.61771e-07-8.78880e-07
-1.52205e-06-2.07182e-06-2.39800e-06-2.39370e-06-1.99921e-06-1.23561e-06
-2.25745e-07 8.25647e-07 1.68333e-06 2.14988e-06 2.13588e-06 1.70022e-06
 1.03271e-06 3.78312e-07-6.73406e-08-2.40571e-07-2.24186e-07-1.76646e-07
-2.13794e-07-3.28372e-07-4.10552e-07-3.61277e-07-2.00098e-07-4.96097e-08
-5.39651e-09-3.79266e-08-4.85121e-08-4.56012e-09 3.59396e-08 3.00807e-08
 8.96928e-09 9.19343e-09 1.59443e-08 9.30224e-09 2.62972e-09 5.45891e-09
 4.94608e-09-9.04311e-10-1.51069e-09-3.18402e-10-3.66019e-09-5.43290e-09
-4.16268e-09-5.27034e-09-6.20279e-09-4.38308e-09-3.67238e-09-3.38774e-09
-1.32924e-09-1.04260e-10 4.56962e-10 2.06616e-09 2.97682e-09 3.32370e-09
 4.23694e-09 4.41290e-09 4.07605e-09 3.95208e-09 3.23729e-09 2.38698e-09
 1.78545e-09 8.83089e-10 6.42417e-11-6.31078e-10-1.51021e-09-2.21599e-09
-2.77744e-09-3.27457e-09-3.48901e-09-3.55296e-09-3.51778e-09-3.28321e-09
-2.95043e-09-2.48615e-09-1.82661e-09-1.09634e-09-2.71212e-10 5.97087e-10
 1.41103e-09 2.25749e-09 3.03841e-09 3.75714e-09 4.41286e-09 4.88933e-09
 5.22433e-09 5.34902e-09 5.31382e-09 5.14779e-09 4.82419e-09 4.39819e-09
 3.82367e-09 3.11704e-09 2.27447e-09 1.32807e-09 3.37089e-10-6.72796e-10
-1.65828e-09-2.61859e-09-3.52511e-09-4.32976e-09-4.97940e-09-5.44839e-09
-5.75322e-09-5.92427e-09-5.98275e-09-5.90193e-09-5.63354e-09-5.16404e-09
-4.53521e-09-3.80062e-09-2.98806e-09-2.11272e-09-1.20111e-09-2.97812e-10
 5.44473e-10 1.29009e-09 1.93968e-09 2.50852e-09 2.98700e-09 3.33605e-09
 3.52221e-09 3.55300e-09 3.46844e-09 3.29311e-09 3.01658e-09 2.62987e-09
 2.16458e-09 1.69002e-09 1.26816e-09 9.08713e-10 5.82636e-10 2.77238e-10
 2.61857e-11-1.04539e-10-6.28760e-11 1.43327e-10 4.59959e-10 8.51079e-10
 1.32572e-09 1.89585e-09 2.52702e-09 3.14353e-09 3.67897e-09 4.10792e-09
 4.43344e-09 4.65813e-09 4.75488e-09 4.66358e-09 4.33316e-09 3.75805e-09
 2.96770e-09 1.99940e-09 8.81661e-10-3.64151e-10-1.70321e-09-3.07670e-09
-4.41850e-09-5.67242e-09-6.79593e-09-7.75722e-09-8.52102e-09-9.03807e-09
-9.26467e-09-9.18767e-09-8.82026e-09-8.18760e-09-7.31967e-09-6.24109e-09
-4.96787e-09-3.52256e-09-1.94844e-09-3.05911e-10 1.33966e-09 2.91420e-09
 4.32075e-09 5.44761e-09 6.19063e-09 6.46419e-09 6.21805e-09 5.45836e-09
 4.23716e-09 2.63468e-09 7.79422e-10-1.13365e-09-2.87275e-09-4.21559e-09
-4.98928e-09-5.11039e-09-4.60008e-09-3.56840e-09-2.20857e-09-7.96417e-10
 3.58423e-10 1.01017e-09 1.06900e-09 6.45809e-10 2.99613e-11-3.84438e-10
-1.73610e-10 1.05465e-09 3.58199e-09 7.47278e-09 1.24742e-08 1.79771e-08
 2.30798e-08 2.67513e-08 2.80415e-08 2.62687e-08 2.11675e-08 1.30053e-08
 2.62211e-09-8.65424e-09-1.92184e-08-2.74941e-08-3.22598e-08-3.28894e-08
-2.94523e-08-2.26834e-08-1.38533e-08-4.55482e-09 3.59739e-09 9.30855e-09
 1.18767e-08 1.13155e-08 8.28592e-09 3.85459e-09-8.10171e-10-4.69787e-09
-7.15000e-09-7.97059e-09-7.41973e-09-6.08033e-09-4.62139e-09-3.54223e-09
-3.00926e-09-2.83670e-09-2.59881e-09-1.81922e-09-1.61273e-10 2.42883e-09
 5.65516e-09 8.92426e-09 1.15156e-08 1.28015e-08 1.24450e-08 1.05206e-08
 7.50063e-09 4.10340e-09 1.06504e-09-1.08298e-09-2.16119e-09-2.36102e-09
-2.13653e-09-2.01872e-09-2.41044e-09-3.42989e-09-4.86690e-09-6.27026e-09
-7.12865e-09-7.07174e-09-6.01732e-09-4.21408e-09-2.15331e-09-3.77471e-10
 7.23722e-10 1.04502e-09 7.88913e-10 3.72609e-10 2.48452e-10 7.12566e-10
 1.77479e-09 3.14213e-09 4.33879e-09 4.91069e-09 4.61115e-09 3.50020e-09
 1.93241e-09 4.25592e-10-5.42760e-10-7.15820e-10-1.43079e-10 8.55595e-10
 1.83622e-09 2.42079e-09 2.43773e-09 1.95485e-09 1.20123e-09 4.22696e-10
-2.50657e-10-8.53990e-10-1.52650e-09-2.35598e-09-3.18980e-09-3.51463e-09
-2.50086e-09-7.70190e-10
     0.0000e+00     0.0000e+00      0  0  0.00
     512   1.00000  0.0000e+00
 8.69996e-11-3.63158e-11-1.42347e-10-2.17071e-10-2.56614e-10-2.65951e-10
-2.55290e-10-2.35066e-10-2.11651e-10-1.86545e-10-1.59046e-10-1.28221e-10
-9.29889e-11-5.39416e-11-1.59281e-11 1.32721e-11 2.76013e-11 2.65469e-11
 1.52120e-11 4.10240e-13-1.27454e-11-2.08305e-11-2.24193e-11-1.94383e-11
-1.53665e-11-1.19323e-11-8.53828e-12-3.13214e-12 6.70915e-12 2.14265e-11
 3.77237e-11 4.96430e-11 5.17824e-11 4.31169e-11 2.83760e-11 1.50390e-11
 9.51166e-12 1.55457e-11 3.32157e-11 5.77787e-11 8.07191e-11 9.38057e-11
 9.34573e-11 8.17949e-11 6.38044e-11 4.37970e-11 2.39290e-11 4.27145e-12
-1.62917e-11-3.78328e-11-5.75454e-11-7.12707e-11-7.68945e-11-7.53986e-11
-6.97590e-11-6.48557e-11-6.74261e-11-8.22302e-11-1.06201e-10-1.28326e-10
-1.37521e-10-1.30194e-10-1.09848e-10-8.18363e-11-5.08686e-11-2.20534e-11
-3.88459e-13 1.25027e-11 1.94669e-11 2.42331e-11 2.73750e-11 2.67526e-11
 2.17258e-11 1.64032e-11 1.89603e-11 3.71108e-11 7.21048e-11 1.16576e-10
 1.59652e-10 1.94650e-10 2.21436e-10 2.42976e-10 2.62906e-10 2.86465e-10
 3.19362e-10 3.62233e-10 4.07650e-10 4.45593e-10 4.71373e-10 4.85805e-10
 4.88540e-10 4.74331e-10 4.36083e-10 3.69488e-10 2.74943e-10 1.57822e-10
 2.76239e-11-1.06156e-10-2.39603e-10-3.75257e-10-5.17764e-10-6.70407e-10
-8.34418e-10-1.00760e-09-1.18262e-09-1.34994e-09-1.50479e-09-1.64937e-09
-1.78531e-09-1.90592e-09-1.99952e-09-2.05970e-09-2.08878e-09-2.09183e-09
-2.07088e-09-2.02415e-09-1.94603e-09-1.82533e-09-1.64554e-09-1.38770e-09
-1.03181e-09-5.55746e-10 6.46176e-11 8.52854e-10 1.82666e-09 2.98619e-09
 4.29590e-09 5.67197e-09 6.98838e-09 8.09824e-09 8.85562e-09 9.13687e-09
 8.87265e-09 8.08489e-09 6.89528e-09 5.48232e-09 4.01080e-09 2.58307e-09
 1.23190e-09-6.42144e-11-1.36084e-09-2.72063e-09-4.17904e-09-5.71357e-09
-7.22810e-09-8.56364e-09-9.54365e-09-1.00405e-08-1.00230e-08-9.55147e-09
-8.73279e-09-7.67501e-09-6.46488e-09-5.15768e-09-3.77430e-09-2.31729e-09
-8.07329e-10 6.84469e-10 2.03375e-09 3.08797e-09 3.69748e-09 3.74167e-09
 3.15238e-09 1.93617e-09 2.00979e-10-1.80636e-09-3.66266e-09-4.76012e-09
-4.35486e-09-1.68228e-09 3.86234e-09 1.24873e-08 2.37496e-08 3.63474e-08
 4.80188e-08 5.56000e-08 5.53281e-08 4.34407e-08 1.71604e-08-2.17238e-08
-6.25071e-08-9.16561e-08-1.03793e-07-9.86190e-08-7.48312e-08-3.50372e-08
 1.14779e-08 5.20348e-08 7.42115e-08 7.15010e-08 4.80548e-08 1.71442e-08
-6.04409e-09-1.30006e-08-6.79562e-09 8.70564e-10-5.70470e-10-1.18874e-08
-2.40289e-08-2.69600e-08-1.93038e-08-8.32089e-09-5.32294e-10 3.69939e-09
 4.98886e-09 1.58914e-09-3.22054e-09 1.16261e-09 1.79356e-08 3.39898e-08
 3.89466e-08 4.12039e-08 4.69548e-08 4.52681e-08 3.14313e-08 1.38619e-08
-5.34221e-09-2.56055e-08-3.80996e-08-3.91298e-08-3.32413e-08-2.32403e-08
-1.26599e-08-9.01107e-09-1.69019e-08-3.37445e-08-5.13911e-08-5.85072e-08
-4.51629e-08-1.03792e-08 3.33230e-08 6.48440e-08 6.69352e-08 3.85370e-08
 2.75609e-10-1.73567e-08-6.53774e-10 3.08924e-08 3.94241e-08 1.02569e-08
-2.50628e-08-2.55841e-08 2.94778e-09 1.56546e-08-3.03942e-09-1.76837e-08
-5.97003e-09 5.72075e-09-2.16787e-09-7.98481e-09 3.53725e-10 2.83986e-09
-3.81631e-09-1.91005e-09 3.47065e-09-3.29905e-10-2.30861e-09 2.17963e-09
 9.12023e-10-2.06898e-09 1.09154e-09 1.20160e-09-1.60950e-09 5.44628e-10
 1.01070e-09-1.45131e-09 1.21158e-10 5.19093e-10-1.44116e-09-8.49043e-12
 1.63080e-10-1.27038e-09 1.39742e-10-3.63201e-11-9.14455e-10 4.04051e-10
-1.55047e-10-4.78053e-10 5.20011e-10-3.05230e-10-8.00259e-11 4.51536e-10
-2.68507e-10 3.67323e-10 3.48747e-10-2.61441e-12 6.02804e-10 1.71921e-10
 2.84198e-10 5.01739e-10 1.00348e-10 4.61215e-10 2.52020e-10 1.84835e-10
 3.60566e-10 7.70581e-11 2.52727e-10 1.11099e-10 5.76813e-11 1.15028e-10
-7.37773e-11-9.87549e-12-1.43543e-10-1.85481e-10-2.20322e-10-3.07105e-10
-2.94147e-10-3.67731e-10-3.61552e-10-3.91526e-10-3.99949e-10-3.79989e-10
-3.93427e-10-4.16521e-10-4.53206e-10-4.27602e-10-3.76858e-10-3.27692e-10
-2.95157e-10-2.76844e-10-2.47545e-10-1.89820e-10-1.17153e-10-8.09313e-11
-9.36406e-11-1.12519e-10-8.30236e-11 2.70121e-12 9.70127e-11 1.41658e-10
 1.36323e-10 1.52390e-10 2.41734e-10 3.63850e-10 4.49139e-10 4.87333e-10
 5.26278e-10 6.23660e-10 7.85721e-10 9.46371e-10 1.03381e-09 1.03653e-09
 1.01122e-09 1.03003e-09 1.08529e-09 1.09829e-09 1.04160e-09 9.75666e-10
 9.79840e-10 1.08278e-09 1.23294e-09 1.35440e-09 1.42816e-09 1.48286e-09
 1.54272e-09 1.59843e-09 1.59933e-09 1.49914e-09 1.31280e-09 1.09752e-09
 8.97406e-10 7.13563e-10 5.12209e-10 2.74167e-10 2.27895e-11-2.14507e-10
-4.40120e-10-6.75024e-10-9.44597e-10-1.26144e-09-1.60445e-09-1.94102e-09
-2.25901e-09-2.55710e-09-2.83608e-09-3.09360e-09-3.30857e-09-3.46061e-09
-3.55353e-09-3.59948e-09-3.61339e-09-3.61316e-09-3.59825e-09-3.56008e-09
-3.50734e-09-3.44024e-09-3.33724e-09-3.19253e-09-3.00978e-09-2.77051e-09
-2.46774e-09-2.12583e-09-1.75508e-09-1.34926e-09-9.23204e-10-4.94207e-10
-5.37876e-11 4.05156e-10 8.66403e-10 1.30951e-09 1.71914e-09 2.07809e-09
 2.38243e-09 2.64602e-09 2.86646e-09 3.02288e-09 3.12234e-09 3.21021e-09
 3.32719e-09 3.47669e-09 3.62581e-09 3.72923e-09 3.76822e-09 3.76553e-09
 3.73981e-09 3.65604e-09 3.45575e-09 3.12809e-09 2.72435e-09 2.31927e-09
 1.96226e-09 1.64083e-09 1.31799e-09 1.01221e-09 7.84710e-10 6.62253e-10
 6.06666e-10 5.37539e-10 3.99434e-10 2.18053e-10 5.82492e-11-5.66460e-11
-1.63338e-10-3.12153e-10-4.94883e-10-6.36161e-10-6.82196e-10-6.60475e-10
-6.49686e-10-7.24797e-10-9.03123e-10-1.14077e-09-1.40174e-09-1.68678e-09
-1.99277e-09-2.28436e-09-2.49507e-09-2.56313e-09-2.48372e-09-2.30581e-09
-2.08783e-09-1.86997e-09-1.66098e-09-1.45024e-09-1.24159e-09-1.05066e-09
-8.76293e-10-7.01389e-10-5.06987e-10-2.85594e-10-6.00600e-11 1.28196e-10
 2.57326e-10 3.32425e-10 3.68763e-10 3.87920e-10 4.12984e-10 4.58470e-10
 5.32291e-10 6.33092e-10 7.43205e-10 8.38867e-10 8.99515e-10 9.10839e-10
 8.76330e-10 8.18424e-10 7.66763e-10 7.51091e-10 7.88004e-10 8.68422e-10
 9.66093e-10 1.04782e-09 1.08107e-09 1.05375e-09 9.77333e-10 8.68963e-10
 7.52255e-10 6.60364e-10 6.14009e-10 6.06627e-10 6.09595e-10 5.77361e-10
 4.60112e-10 2.22291e-10-1.57781e-10-6.93152e-10-1.37991e-09-2.19531e-09
-3.09828e-09-4.01272e-09-4.81501e-09-5.34074e-09-5.39998e-09-4.80767e-09
-3.44029e-09-1.31097e-09 1.35464e-09 4.07118e-09 6.10384e-09 6.54288e-09
 4.44574e-09 1.32443e-09
     0.0000e+00     0.0000e+00      0  0  0.00
     512   1.00000  0.0000e+00
 4.99629e-10 1.79509e-11-5.15870e-10-1.01547e-09-1.39326e-09-1.58887e-09
-1.58945e-09-1.43376e-09-1.19808e-09-9.64829e-10-7.85456e-10-6.58903e-10
-5.38686e-10-3.65288e-10-1.04427e-10 2.32931e-10 5.95508e-10 9.11858e-10
 1.11892e-09 1.19127e-09 1.15342e-09 1.06413e-09 9.82032e-10 9.31731e-10
 8.91207e-10 8.08761e-10 6.36824e-10 3.62498e-10 1.88063e-11-3.30932e-10
-6.24479e-10-8.26431e-10-9.39048e-10-9.97986e-10-1.05086e-09-1.12512e-09
-1.20498e-09-1.23599e-09-1.15800e-09-9.42808e-10-6.07946e-10-2.03410e-10
 2.11549e-10 5.89118e-10 9.05980e-10 1.16305e-09 1.37039e-09 1.52651e-09
 1.60729e-09 1.57370e-09 1.39357e-09 1.06609e-09 6.36268e-10 1.86816e-10
-1.93926e-10-4.48331e-10-5.65186e-10-5.70924e-10-5.12693e-10-4.45707e-10
-4.21656e-10-4.74920e-10-6.16845e-10-8.44534e-10-1.14994e-09-1.51161e-09
-1.87313e-09-2.13205e-09-2.15781e-09-1.83264e-09-1.09748e-09 1.44350e-11
 1.37096e-09 2.76512e-09 3.95760e-09 4.72304e-09 4.89307e-09 4.39166e-09
 3.25077e-09 1.59792e-09-3.69140e-10-2.39706e-09-4.18868e-09-5.44369e-09
-5.93475e-09-5.58033e-09-4.46911e-09-2.82992e-09-9.73759e-10 7.74204e-10
 2.14660e-09 2.98979e-09 3.27733e-09 3.07972e-09 2.52010e-09 1.74396e-09
 9.03020e-10 1.37725e-10-4.49370e-10-8.23263e-10-1.03119e-09-1.18012e-09
-1.37533e-09-1.65562e-09-1.97084e-09-2.21039e-09-2.25294e-09-2.01220e-09
-1.47501e-09-7.20069e-10 1.07205e-10 8.58498e-10 1.43504e-09 1.79004e-09
 1.90588e-09 1.79637e-09 1.53507e-09 1.26290e-09 1.14929e-09 1.33341e-09
 1.88212e-09 2.77439e-09 3.90979e-09 5.14140e-09 6.31590e-09 7.28784e-09
 7.89829e-09 7.94893e-09 7.20944e-09 5.46900e-09 2.61862e-09-1.25259e-09
-5.77166e-09-1.02638e-08-1.38516e-08-1.56358e-08-1.48874e-08-1.12451e-08
-4.90360e-09 3.30879e-09 1.20654e-08 1.98537e-08 2.53234e-08 2.75602e-08
 2.62519e-08 2.17258e-08 1.48223e-08 6.62213e-09-1.85695e-09-9.85843e-09
-1.69454e-08-2.29802e-08-2.80548e-08-3.23634e-08-3.60562e-08-3.91485e-08
-4.15167e-08-4.29572e-08-4.32858e-08-4.24448e-08-4.05813e-08-3.80624e-08
-3.54411e-08-3.33965e-08-3.26470e-08-3.38155e-08-3.72258e-08-4.26280e-08
-4.88912e-08-5.37732e-08-5.38988e-08-4.50230e-08-2.26020e-08 1.72911e-08
 7.66712e-08 1.54109e-07 2.43285e-07 3.32146e-07 4.02803e-07 4.32339e-07
 4.00866e-07 3.06810e-07 1.67905e-07 7.72889e-09-1.46237e-07-2.60654e-07
-3.06748e-07-2.73230e-07-1.74652e-07-4.96028e-08 5.53338e-08 1.06030e-07
 9.49954e-08 4.27912e-08-1.68488e-08-6.03520e-08-8.79229e-08-1.15710e-07
-1.53929e-07-1.92822e-07-2.12085e-07-2.04060e-07-1.85515e-07-1.87230e-07
-2.37505e-07-3.54723e-07-5.36933e-07-7.43951e-07-9.07172e-07-9.82761e-07
-9.71117e-07-8.49824e-07-5.47491e-07-3.04418e-08 6.59349e-07 1.45130e-06
 2.24017e-06 2.86833e-06 3.17592e-06 3.04426e-06 2.41726e-06 1.34535e-06
 6.97642e-09-1.33166e-06-2.38611e-06-2.93055e-06-2.87566e-06-2.30809e-06
-1.46079e-06-6.21360e-07-1.38253e-08 2.85288e-07 3.56102e-07 3.57862e-07
 4.05628e-07 4.98739e-07 5.47284e-07 4.74592e-07 3.05968e-07 1.43065e-07
 6.14585e-08 4.78676e-08 4.04013e-08 1.04643e-08-2.24527e-08-3.42013e-08
-2.57760e-08-1.42562e-08-1.11163e-08-1.28052e-08-9.03994e-09-1.82357e-09
-6.82460e-10-1.46626e-09 3.55351e-09 7.11068e-09 5.13904e-09 6.85551e-09
 1.04011e-08 7.88807e-09 6.36420e-09 8.07924e-09 4.82704e-09 1.40316e-09
 1.92631e-09-1.17416e-09-4.55724e-09-3.98900e-09-6.30743e-09-8.49189e-09
-7.16863e-09-8.50985e-09-9.00050e-09-6.71592e-09-7.05041e-09-5.93707e-09
-3.40367e-09-3.32368e-09-1.26949e-09 7.34135e-10 9.81582e-10 3.20724e-09
 4.04313e-09 4.27008e-09 5.72890e-09 5.29471e-09 5.55197e-09 5.83240e-09
 4.77585e-09 4.78825e-09 3.71237e-09 2.52229e-09 1.75875e-09 9.50040e-12
-9.32325e-10-2.31391e-09-3.72204e-09-4.63147e-09-5.95180e-09-6.57075e-09
-7.23554e-09-7.61295e-09-7.63113e-09-7.66825e-09-7.20478e-09-6.71787e-09
-5.91828e-09-4.91088e-09-3.74035e-09-2.33307e-09-8.99693e-10 6.41242e-10
 2.12141e-09 3.58842e-09 5.01491e-09 6.31879e-09 7.42674e-09 8.26114e-09
 8.84094e-09 9.17816e-09 9.31812e-09 9.21961e-09 8.79969e-09 8.04551e-09
 7.04838e-09 5.90206e-09 4.61915e-09 3.18365e-09 1.61174e-09-2.40961e-11
-1.60439e-09-3.02857e-09-4.29236e-09-5.44467e-09-6.47325e-09-7.27919e-09
-7.75809e-09-7.90778e-09-7.83864e-09-7.62610e-09-7.21392e-09-6.51189e-09
-5.51841e-09-4.34436e-09-3.13173e-09-1.93015e-09-7.00069e-10 5.74984e-10
 1.83048e-09 2.92931e-09 3.73446e-09 4.22284e-09 4.47246e-09 4.52280e-09
 4.31726e-09 3.77947e-09 2.92232e-09 1.87387e-09 7.73660e-10-3.12297e-10
-1.36775e-09-2.38029e-09-3.29079e-09-3.98599e-09-4.38385e-09-4.48072e-09
-4.31107e-09-3.90902e-09-3.28732e-09-2.43995e-09-1.38806e-09-2.08265e-10
 1.00697e-09 2.19634e-09 3.32758e-09 4.37533e-09 5.30531e-09 6.06776e-09
 6.61763e-09 6.93764e-09 7.01841e-09 6.83883e-09 6.38383e-09 5.64482e-09
 4.60520e-09 3.26038e-09 1.64860e-09-1.49978e-10-2.05005e-09-3.96496e-09
-5.76335e-09-7.28514e-09-8.38746e-09-8.92949e-09-8.78826e-09-7.93284e-09
-6.42117e-09-4.34499e-09-1.85700e-09 7.92364e-10 3.30932e-09 5.41006e-09
 6.85471e-09 7.52904e-09 7.48087e-09 6.85537e-09 5.86056e-09 4.79604e-09
 4.01211e-09 3.78753e-09 4.22328e-09 5.17009e-09 6.22668e-09 6.84713e-09
 6.46585e-09 4.57648e-09 8.12536e-10-4.92213e-09-1.22950e-08-2.04657e-08
-2.81753e-08-3.40027e-08-3.66809e-08-3.53197e-08-2.95334e-08-1.95828e-08
-6.46570e-09 8.14371e-09 2.21222e-08 3.33147e-08 4.00286e-08 4.13684e-08
 3.73417e-08 2.87992e-08 1.72844e-08 4.82558e-09-6.42026e-09-1.46587e-08
-1.88520e-08-1.88958e-08-1.55467e-08-1.00893e-08-3.94961e-09 1.58209e-09
 5.57845e-09 7.64138e-09 7.94550e-09 7.13012e-09 6.00473e-09 5.19182e-09
 4.90802e-09 4.94001e-09 4.79176e-09 3.92063e-09 1.93846e-09-1.23728e-09
-5.27479e-09-9.45984e-09-1.28983e-08-1.47874e-08-1.46690e-08-1.25896e-08
-9.08534e-09-4.99421e-09-1.19236e-09 1.65830e-09 3.29404e-09 3.88947e-09
 3.93633e-09 4.03360e-09 4.64870e-09 5.92976e-09 7.65346e-09 9.31043e-09
 1.02988e-08 1.01641e-08 8.78693e-09 6.45193e-09 3.75201e-09 1.35477e-09
-2.40903e-10-8.57516e-10-6.86403e-10-2.02769e-10 4.73134e-11-3.18089e-10
-1.35364e-09-2.75104e-09-3.97647e-09-4.52003e-09-4.11873e-09-2.87546e-09
-1.25005e-09 9.49468e-11 5.39567e-10-2.80679e-10-2.35973e-09-5.32129e-09
-8.55468e-09-1.14223e-08-1.34142e-08-1.41916e-08-1.35426e-08-1.13183e-08
-7.42417e-09-1.91375e-09 4.82190e-09 1.18085e-08 1.72751e-08 1.86329e-08
 1.28040e-08 3.84707e-09
     0.0000e+00     0.0000e+00      0  0  0.00
     512   1.00000  0.0000e+00
 6.57951e-10 7.59369e-10 7.63697e-10 6.59425e-10 4.69057e-10 2.48200e-10
 6.74221e-11-1.68682e-11 1.26115e-11 1.27765e-10 2.69998e-10 3.76503e-10
 4.06108e-10 3.55525e-10 2.58204e-10 1.64049e-10 1.10170e-10 9.97156e-11
 1.01379e-10 6.90036e-11-3.19829e-11-2.05375e-10-4.18720e-10-6.14483e-10
-7.36531e-10-7.58663e-10-6.96725e-10-5.97606e-10-5.13244e-10-4.73854e-10
-4.73766e-10-4.76719e-10-4.37075e-10-3.25535e-10-1.45872e-10 6.65074e-11
 2.63720e-10 4.11762e-10 5.08183e-10 5.79262e-10 6.58729e-10 7.62249e-10
 8.72783e-10 9.44869e-10 9.26227e-10 7.85395e-10 5.30728e-10 2.10957e-10
-1.04590e-10-3.57675e-10-5.25611e-10-6.21741e-10-6.74704e-10-7.05373e-10
-7.15994e-10-6.93404e-10-6.23515e-10-5.11380e-10-3.93239e-10-3.26398e-10
-3.58462e-10-4.95582e-10-6.91539e-10-8.64231e-10-9.28122e-10-8.25154e-10
-5.42371e-10-1.11962e-10 4.04776e-10 9.39999e-10 1.43263e-09 1.82427e-09
 2.04851e-09 2.03274e-09 1.72015e-09 1.10330e-09 2.51489e-10-6.87052e-10
-1.51556e-09-2.04081e-09-2.12556e-09-1.72284e-09-8.82388e-10 2.70276e-10
 1.56994e-09 2.84375e-09 3.92837e-09 4.67947e-09 4.98907e-09 4.81368e-09
 4.19726e-09 3.26843e-09 2.20732e-09 1.19528e-09 3.63391e-10-2.45253e-10
-6.81649e-10-1.05539e-09-1.47615e-09-2.01077e-09-2.67622e-09-3.45470e-09
-4.30808e-09-5.18569e-09-6.03153e-09-6.79470e-09-7.44106e-09-7.96360e-09
-8.39003e-09-8.78091e-09-9.20705e-09-9.70729e-09-1.02519e-08-1.07426e-08
-1.10531e-08-1.10832e-08-1.07896e-08-1.01806e-08-9.27961e-09-8.08480e-09
-6.53925e-09-4.51749e-09-1.82984e-09 1.74394e-09 6.39315e-09 1.22082e-08
 1.91190e-08 2.68273e-08 3.47357e-08 4.19299e-08 4.72860e-08 4.97205e-08
 4.85197e-08 4.36447e-08 3.58999e-08 2.68517e-08 1.84034e-08 1.20643e-08
 8.21803e-09 5.85136e-09 3.02676e-09-2.09431e-09-1.02590e-08-2.07298e-08
-3.16573e-08-4.09134e-08-4.68852e-08-4.88924e-08-4.71942e-08-4.27272e-08
-3.67318e-08-3.03874e-08-2.45627e-08-1.97363e-08-1.60530e-08-1.34197e-08
-1.15749e-08-1.01499e-08-8.75711e-09-7.09746e-09-5.04421e-09-2.69080e-09
-3.73421e-10 1.33823e-09 1.70288e-09-6.97322e-11-4.63285e-09-1.22490e-08
-2.24910e-08-3.39681e-08-4.41767e-08-4.95762e-08-4.59691e-08-2.92141e-08
 3.75697e-09 5.37097e-08 1.17827e-07 1.88618e-07 2.53429e-07 2.96460e-07
 3.04664e-07 2.72574e-07 2.01845e-07 1.00211e-07-1.80123e-08-1.33528e-07
-2.26045e-07-2.79345e-07-2.86953e-07-2.56293e-07-2.07391e-07-1.63705e-07
-1.39330e-07-1.31470e-07-1.24292e-07-1.02610e-07-6.56823e-08-2.96892e-08
-1.56611e-08-3.22772e-08-6.91703e-08-1.06666e-07-1.30326e-07-1.35857e-07
-1.24669e-07-1.00034e-07-6.83533e-08-3.53142e-08 1.23617e-08 1.13384e-07
 2.98042e-07 5.51941e-07 8.28644e-07 1.07900e-06 1.24631e-06 1.26141e-06
 1.07049e-06 6.56616e-07 4.53605e-08-6.81721e-07-1.38788e-06-1.91389e-06
-2.12064e-06-1.93166e-06-1.37168e-06-5.77227e-07 2.37798e-07 8.52045e-07
 1.11961e-06 1.03212e-06 7.20822e-07 3.86541e-07 1.90374e-07 1.66063e-07
 2.14111e-07 1.93291e-07 4.78665e-08-1.38538e-07-2.25150e-07-1.63435e-07
-5.05643e-08-1.21123e-08-5.35171e-08-7.78443e-08-3.85293e-08 5.94263e-09
 5.11633e-09-8.84814e-09 3.96441e-10 1.11284e-08 4.54385e-09 1.98401e-09
 1.01379e-08 9.90828e-09 4.47498e-09 7.55396e-09 9.46873e-09 4.57857e-09
 4.13625e-09 5.65880e-09 1.80774e-09 8.99758e-11 1.19868e-09-1.48578e-09
-3.09128e-09-2.11085e-09-3.90325e-09-4.90259e-09-3.84263e-09-4.92373e-09
-5.17359e-09-4.08880e-09-4.80889e-09-4.59584e-09-3.79364e-09-4.38388e-09
-3.86175e-09-3.33831e-09-3.63671e-09-2.86351e-09-2.58691e-09-2.51748e-09
-1.67732e-09-1.50450e-09-9.89168e-10-1.97697e-10 9.21744e-11 8.73819e-10
 1.39387e-09 1.79124e-09 2.48720e-09 2.78593e-09 3.26723e-09 3.63864e-09
 3.77088e-09 3.99211e-09 3.89656e-09 3.83386e-09 3.69747e-09 3.43169e-09
 3.19454e-09 2.76155e-09 2.29832e-09 1.72479e-09 1.09996e-09 5.16807e-10
-7.25485e-11-5.95168e-10-1.12074e-09-1.61789e-09-2.07580e-09-2.47220e-09
-2.77124e-09-2.99368e-09-3.14245e-09-3.24108e-09-3.27421e-09-3.21762e-09
-3.06389e-09-2.83917e-09-2.58447e-09-2.31950e-09-2.05248e-09-1.78786e-09
-1.53165e-09-1.28569e-09-1.04746e-09-8.13188e-10-5.85174e-10-3.78209e-10
-2.08920e-10-7.28254e-11 5.97621e-11 2.22850e-10 4.35398e-10 6.96054e-10
 9.97481e-10 1.35227e-09 1.79228e-09 2.33806e-09 2.97828e-09 3.67221e-09
 4.37384e-09 5.06755e-09 5.77316e-09 6.50563e-09 7.23226e-09 7.87641e-09
 8.37020e-09 8.69763e-09 8.88230e-09 8.94590e-09 8.88059e-09 8.65491e-09
 8.25137e-09 7.69488e-09 7.03549e-09 6.30843e-09 5.51010e-09 4.60998e-09
 3.59213e-09 2.48271e-09 1.33050e-09 1.66819e-10-1.01216e-09-2.23287e-09
-3.51635e-09-4.85107e-09-6.19239e-09-7.50010e-09-8.76986e-09-1.00142e-08
-1.12244e-08-1.23649e-08-1.33977e-08-1.42998e-08-1.50630e-08-1.56811e-08
-1.61314e-08-1.63690e-08-1.63460e-08-1.60392e-08-1.54579e-08-1.46289e-08
-1.35845e-08-1.23628e-08-1.10083e-08-9.57570e-09-8.13709e-09-6.77078e-09
-5.53866e-09-4.47786e-09-3.60394e-09-2.90648e-09-2.33800e-09-1.80893e-09
-1.19755e-09-3.77220e-10 7.50890e-10 2.23746e-09 4.07537e-09 6.19093e-09
 8.44270e-09 1.06345e-08 1.25436e-08 1.39653e-08 1.47590e-08 1.48766e-08
 1.43799e-08 1.34502e-08 1.23708e-08 1.14752e-08 1.10784e-08 1.14074e-08
 1.25332e-08 1.43132e-08 1.63733e-08 1.81571e-08 1.90383e-08 1.84704e-08
 1.61305e-08 1.20140e-08 6.45856e-09 1.20215e-10-6.09562e-09-1.11607e-08
-1.41154e-08-1.42931e-08-1.15083e-08-6.14126e-09 9.11080e-10 8.40703e-09
 1.49953e-08 1.94518e-08 2.09039e-08 1.90200e-08 1.40983e-08 7.00513e-09
-1.03432e-09-8.73355e-09-1.50268e-08-1.92556e-08-2.12412e-08-2.12541e-08
-1.98975e-08-1.79185e-08-1.59818e-08-1.44810e-08-1.34549e-08-1.26261e-08
-1.15493e-08-9.82144e-09-7.26516e-09-4.01723e-09-4.98438e-10 2.71433e-09
 5.06223e-09 6.16927e-09 5.96175e-09 4.71211e-09 2.97587e-09 1.41825e-09
 5.87805e-10 7.35820e-10 1.75185e-09 3.22492e-09 4.60044e-09 5.37829e-09
 5.28223e-09 4.34428e-09 2.88174e-09 1.37610e-09 2.91803e-10-9.84674e-11
 1.87772e-10 8.55382e-10 1.45160e-09 1.55345e-09 9.44122e-10-2.98607e-10
-1.83057e-09-3.17192e-09-3.89580e-09-3.79672e-09-2.96113e-09-1.72151e-09
-5.27574e-10 2.24715e-10 3.53517e-10-3.39719e-11-5.96592e-10-9.16600e-10
-6.84888e-10 1.65282e-10 1.42947e-09 2.71308e-09 3.58823e-09 3.77084e-09
 3.24162e-09 2.24399e-09 1.16040e-09 3.38629e-10-4.89671e-11-6.31161e-11
 4.79795e-11-1.28901e-11-4.19036e-10-1.10119e-09-1.74899e-09-1.93754e-09
-1.32335e-09-3.92153e-10
     0.0000e+00     0.0000e+00      0  0  0.00
     512   1.00000  0.0000e+00
 3.60474e-10-6.46264e-11-5.25905e-10-9.46125e-10-1.24782e-09-1.37976e-09
-1.33583e-09-1.15633e-09-9.10806e-10-6.69909e-10-4.78637e-10-3.42895e-10
-2.35487e-10-1.17989e-10 3.39656e-11 2.15614e-10 3.94653e-10 5.27583e-10
 5.83332e-10 5.62147e-10 4.97770e-10 4.40596e-10 4.31403e-10 4.79722e-10
 5.57287e-10 6.09779e-10 5.82081e-10 4.45658e-10 2.14169e-10-6.18562e-11
-3.18490e-10-5.06607e-10-6.10372e-10-6.47977e-10-6.55138e-10-6.60777e-10
-6.68898e-10-6.56971e-10-5.91651e-10-4.52637e-10-2.49541e-10-2.06160e-11
 1.85900e-10 3.36914e-10 4.31455e-10 4.98832e-10 5.77797e-10 6.88260e-10
 8.12932e-10 9.01111e-10 8.93362e-10 7.53968e-10 4.93955e-10 1.71339e-10
-1.33287e-10-3.52298e-10-4.56852e-10-4.60327e-10-4.02272e-10-3.25373e-10
-2.58536e-10-2.14761e-10-2.03273e-10-2.43321e-10-3.63387e-10-5.80748e-10
-8.73582e-10-1.16646e-09-1.34304e-09-1.28376e-09-9.13540e-10-2.38714e-10
 6.44706e-10 1.57652e-09 2.37881e-09 2.90046e-09 3.04274e-09 2.76503e-09
 2.08149e-09 1.05865e-09-1.83884e-10-1.47575e-09-2.61217e-09-3.39166e-09
-3.66893e-09-3.40128e-09-2.66500e-09-1.63252e-09-5.19773e-10 4.74316e-10
 1.21284e-09 1.63616e-09 1.74995e-09 1.60243e-09 1.26622e-09 8.27576e-10
 3.76076e-10-1.09770e-11-2.87185e-10-4.51295e-10-5.47332e-10-6.43520e-10
-7.93740e-10-1.00088e-09-1.20694e-09-1.31870e-09-1.25227e-09-9.70355e-10
-4.96650e-10 9.30100e-11 6.96032e-10 1.21391e-09 1.57499e-09 1.74180e-09
 1.70993e-09 1.51075e-09 1.21839e-09 9.46954e-10 8.26835e-10 9.65545e-10
 1.41189e-09 2.14086e-09 3.06362e-09 4.05127e-09 4.95418e-09 5.60511e-09
 5.81175e-09 5.35531e-09 4.01273e-09 1.61576e-09-1.84896e-09-6.12892e-09
-1.06537e-08-1.45978e-08-1.70485e-08-1.72277e-08-1.47097e-08-9.57230e-09
-2.43376e-09 5.64135e-09 1.33468e-08 1.94050e-08 2.28452e-08 2.32224e-08
 2.07061e-08 1.59911e-08 1.00527e-08 3.85766e-09-1.84901e-09-6.63184e-09
-1.03525e-08-1.30928e-08-1.50516e-08-1.64535e-08-1.74876e-08-1.82692e-08
-1.88253e-08-1.91144e-08-1.90838e-08-1.87391e-08-1.81803e-08-1.75912e-08
-1.72014e-08-1.72469e-08-1.79252e-08-1.93289e-08-2.13560e-08-2.36120e-08
-2.53281e-08-2.53307e-08-2.21076e-08-1.40045e-08 4.44553e-10 2.20704e-08
 5.05453e-08 8.38520e-08 1.17898e-07 1.46444e-07 1.61661e-07 1.56795e-07
 1.30295e-07 8.63474e-08 3.22725e-08-2.21843e-08-6.57066e-08-8.86085e-08
-8.61096e-08-6.03961e-08-2.04151e-08 2.05199e-08 4.90166e-08 5.75116e-08
 4.79102e-08 2.93831e-08 1.17892e-08-7.52909e-10-1.17225e-08-2.79074e-08
-5.24441e-08-8.14555e-08-1.07641e-07-1.27215e-07-1.42188e-07-1.56543e-07
-1.74472e-07-2.04359e-07-2.59313e-07-3.47115e-07-4.57784e-07-5.61136e-07
-6.16565e-07-5.84302e-07-4.31449e-07-1.42200e-07 2.71137e-07 7.68240e-07
 1.28024e-06 1.70915e-06 1.94727e-06 1.90580e-06 1.53840e-06 8.66925e-07
-1.61276e-09-8.88443e-07-1.58745e-06-1.92867e-06-1.84138e-06-1.38936e-06
-7.53924e-07-1.62563e-07 2.08539e-07 3.12398e-07 2.42697e-07 1.61857e-07
 1.84862e-07 2.97901e-07 3.80539e-07 3.26165e-07 1.56534e-07 6.61981e-09
-2.06042e-08 3.34179e-08 5.06578e-08-1.74827e-09-4.55798e-08-2.97396e-08
-1.67310e-09-7.48354e-09-1.86282e-08-7.23880e-09 1.19536e-09-6.38442e-09
-5.84405e-09 3.49665e-09 1.90549e-09-1.65701e-09 4.25347e-09 5.80964e-09
 1.85200e-09 4.46022e-09 6.22605e-09 2.23988e-09 2.42930e-09 3.32969e-09
-3.73742e-10-9.54638e-10-3.66736e-10-3.26822e-09-3.60393e-09-3.11257e-09
-5.16373e-09-4.71305e-09-3.88035e-09-4.71379e-09-3.31530e-09-2.41698e-09
-2.57735e-09-1.04277e-09-6.14519e-10-3.36834e-10 1.09889e-09 1.28455e-09
 1.94756e-09 2.81160e-09 2.62667e-09 3.15173e-09 3.16354e-09 2.84080e-09
 3.01268e-09 2.42357e-09 2.05666e-09 1.60920e-09 7.71447e-10 3.28294e-10
-4.70175e-10-1.12915e-09-1.70528e-09-2.46255e-09-2.93751e-09-3.50803e-09
-3.85476e-09-4.03807e-09-4.16503e-09-4.08137e-09-3.99890e-09-3.75524e-09
-3.42104e-09-2.96436e-09-2.35338e-09-1.67226e-09-9.04377e-10-1.29096e-10
 6.72312e-10 1.47314e-09 2.24096e-09 2.94081e-09 3.52487e-09 3.98814e-09
 4.33923e-09 4.60977e-09 4.80111e-09 4.88680e-09 4.82878e-09 4.60582e-09
 4.23005e-09 3.73447e-09 3.15612e-09 2.52507e-09 1.86920e-09 1.21660e-09
 5.90654e-10 4.38050e-12-5.36215e-10-1.02482e-09-1.44894e-09-1.79023e-09
-2.03712e-09-2.18944e-09-2.24452e-09-2.19840e-09-2.06117e-09-1.86036e-09
-1.63872e-09-1.44069e-09-1.28854e-09-1.17724e-09-1.09046e-09-1.02439e-09
-1.00367e-09-1.06637e-09-1.23320e-09-1.49504e-09-1.82332e-09-2.19362e-09
-2.59798e-09-3.02386e-09-3.43655e-09-3.79650e-09-4.07833e-09-4.27557e-09
-4.39737e-09-4.45036e-09-4.41875e-09-4.26039e-09-3.92778e-09-3.40191e-09
-2.69782e-09-1.84146e-09-8.54877e-10 2.41231e-10 1.41799e-09 2.63647e-09
 3.85345e-09 5.02291e-09 6.10047e-09 7.04964e-09 7.83105e-09 8.39165e-09
 8.68298e-09 8.68529e-09 8.41103e-09 7.89525e-09 7.17752e-09 6.28534e-09
 5.23535e-09 4.04807e-09 2.75654e-09 1.40102e-09 2.81475e-11-1.30104e-09
-2.50981e-09-3.50859e-09-4.20532e-09-4.53095e-09-4.45705e-09-3.98841e-09
-3.14958e-09-1.99144e-09-6.13267e-10 8.27563e-10 2.13448e-09 3.11412e-09
 3.61730e-09 3.55875e-09 2.92597e-09 1.79455e-09 3.41373e-10-1.16992e-09
-2.44258e-09-3.23245e-09-3.43468e-09-3.11952e-09-2.50522e-09-1.90789e-09
-1.69703e-09-2.24643e-09-3.85356e-09-6.63444e-09-1.04379e-08-1.48128e-08
-1.90492e-08-2.22899e-08-2.36822e-08-2.25484e-08-1.85570e-08-1.18500e-08
-3.08425e-09 6.64688e-09 1.60050e-08 2.36528e-08 2.84974e-08 2.98954e-08
 2.77767e-08 2.26628e-08 1.55772e-08 7.84586e-09 8.28268e-10-4.35555e-09
-7.05341e-09-7.20089e-09-5.28202e-09-2.15417e-09 1.20019e-09 3.92075e-09
 5.45459e-09 5.65624e-09 4.77733e-09 3.33665e-09 1.91692e-09 9.55740e-10
 6.03138e-10 6.96502e-10 8.44801e-10 5.84403e-10-4.38691e-10-2.31950e-09
-4.83022e-09-7.46764e-09-9.60116e-09-1.06673e-08-1.03460e-08-8.67118e-09
-6.03498e-09-3.06821e-09-4.37902e-10 1.36577e-09 2.17012e-09 2.14033e-09
 1.68862e-09 1.30934e-09 1.39305e-09 2.07783e-09 3.19448e-09 4.34119e-09
 5.05343e-09 4.98881e-09 4.06052e-09 2.47570e-09 6.60884e-10-8.99425e-10
-1.84630e-09-2.07790e-09-1.77546e-09-1.31603e-09-1.11205e-09-1.43928e-09
-2.31705e-09-3.49092e-09-4.53155e-09-5.00928e-09-4.66508e-09-3.51288e-09
-1.83808e-09-8.32840e-11 1.33356e-09 2.18473e-09 2.50944e-09 2.57145e-09
 2.71865e-09 3.20353e-09 4.04092e-09 4.96930e-09 5.54220e-09 5.31624e-09
 4.05159e-09 1.84011e-09-8.81392e-10-3.43198e-09-5.06534e-09-5.15902e-09
-3.34235e-09-9.64195e-10
