      10
(6e12.5)
     0.0000e+00     0.0000e+00      0  0  0.00
     210   1.00000  0.0000e+00
-4.67253e-08-3.26120e-08-1.44908e-08 7.17431e-09 3.15968e-08 5.77344e-08
 8.43764e-08 1.10236e-07 1.34031e-07 1.54549e-07 1.70692e-07 1.81514e-07
 1.86258e-07 1.84395e-07 1.75665e-07 1.60101e-07 1.38029e-07 1.10044e-07
 7.69527e-08 3.97268e-08-5.52930e-10-4.27254e-08-8.55658e-08-1.27795e-07
-1.68095e-07-2.05149e-07-2.37685e-07-2.64529e-07-2.84643e-07-2.97141e-07
-3.01295e-07-2.96540e-07-2.82483e-07-2.58942e-07-2.25986e-07-1.83992e-07
-1.33671e-07-7.60819e-08-1.26161e-08 5.50275e-08 1.24872e-07 1.94688e-07
 2.62029e-07 3.24282e-07 3.78756e-07 4.22808e-07 4.53980e-07 4.70157e-07
 4.69713e-07 4.51638e-07 4.15647e-07 3.62253e-07 2.92830e-07 2.09627e-07
 1.15744e-07 1.50366e-08-8.80526e-08-1.88723e-07-2.82100e-07-3.63555e-07
-4.29023e-07-4.75330e-07-5.00474e-07-5.03869e-07-4.86501e-07-4.50931e-07
-4.01001e-07-3.41207e-07-2.76025e-07-2.09465e-07-1.44856e-07-8.47374e-08
-3.08213e-08 1.59855e-08 5.55120e-08 8.82172e-08 1.15059e-07 1.37353e-07
 1.56627e-07 1.74486e-07 1.92473e-07 2.11939e-07 2.33915e-07 2.58986e-07
 2.87157e-07 3.17716e-07 3.49071e-07 3.78546e-07 4.02270e-07 4.15529e-07
 4.13871e-07 3.94479e-07 3.56701e-07 3.01330e-07 2.29536e-07 1.42427e-07
 4.12914e-08-7.19832e-08-1.94650e-07-3.22970e-07-4.52109e-07-5.76076e-07
-6.87771e-07-7.79237e-07-8.42117e-07-8.68273e-07-8.50527e-07-7.83419e-07
-6.63889e-07-4.92011e-07-2.72015e-07-1.31123e-08 2.70490e-07 5.60194e-07
 8.33569e-07 1.06490e-06 1.22707e-06 1.29622e-06 1.25757e-06 1.10854e-06
 8.58794e-07 5.31630e-07 1.66158e-07-1.87759e-07-4.85064e-07-7.01819e-07
-8.38504e-07-9.07750e-07-9.19967e-07-8.80124e-07-7.93403e-07-6.69393e-07
-5.20735e-07-3.60014e-07-1.98367e-07-4.52488e-08 9.18321e-08 2.07552e-07
 2.98749e-07 3.64266e-07 4.04707e-07 4.22050e-07 4.19206e-07 3.99647e-07
 3.67110e-07 3.25350e-07 2.77914e-07 2.27946e-07 1.78057e-07 1.30232e-07
 8.57990e-08 4.54759e-08 9.49426e-09-2.22426e-08-5.00204e-08-7.42019e-08
-9.51381e-08-1.13114e-07-1.28331e-07-1.40903e-07-1.50843e-07-1.58060e-07
-1.62395e-07-1.63655e-07-1.61643e-07-1.56198e-07-1.47232e-07-1.34764e-07
-1.18941e-07-1.00056e-07-7.85490e-08-5.50043e-08-3.01227e-08-4.69485e-09
 2.04323e-08 4.43929e-08 6.63416e-08 8.54949e-08 1.01171e-07 1.12824e-07
 1.20075e-07 1.22735e-07 1.20811e-07 1.14511e-07 1.04235e-07 9.05615e-08
 7.42232e-08 5.60711e-08 3.70325e-08 1.80612e-08 8.30407e-11-1.60550e-08
-2.96336e-08-4.01058e-08-4.71337e-08-5.06103e-08-5.06637e-08-4.76467e-08
-4.21128e-08-3.47757e-08-2.64510e-08-1.79863e-08-1.01849e-08-3.72808e-09
 9.01735e-10 3.48749e-09 4.12731e-09 3.26023e-09 1.66095e-09 3.97693e-10
     0.0000e+00     0.0000e+00      0  0  0.00
     210   1.00000  0.0000e+00
 1.03066e-07 8.53777e-08 6.39308e-08 3.92961e-08 1.21451e-08-1.67583e-08
-4.65696e-08-7.63809e-08-1.05246e-07-1.32213e-07-1.56358e-07-1.76828e-07
-1.92876e-07-2.03891e-07-2.09421e-07-2.09185e-07-2.03081e-07-1.91175e-07
-1.73702e-07-1.51051e-07-1.23754e-07-9.24773e-08-5.80057e-08-2.12271e-08
 1.68898e-08 5.53228e-08 9.30272e-08 1.28970e-07 1.62160e-07 1.91681e-07
 2.16702e-07 2.36503e-07 2.50474e-07 2.58129e-07 2.59112e-07 2.53215e-07
 2.40394e-07 2.20796e-07 1.94774e-07 1.62900e-07 1.25961e-07 8.49312e-08
 4.09339e-08-4.80854e-09-5.10301e-08-9.64703e-08-1.39912e-07-1.80205e-07
-2.16280e-07-2.47153e-07-2.71937e-07-2.89860e-07-3.00289e-07-3.02767e-07
-2.97047e-07-2.83121e-07-2.61230e-07-2.31866e-07-1.95747e-07-1.53779e-07
-1.07022e-07-5.66540e-08-3.94077e-09 4.97798e-08 1.03116e-07 1.54640e-07
 2.02918e-07 2.46545e-07 2.84201e-07 3.14704e-07 3.37064e-07 3.50522e-07
 3.54571e-07 3.48967e-07 3.33726e-07 3.09114e-07 2.75640e-07 2.34045e-07
 1.85297e-07 1.30576e-07 7.12586e-08 8.88074e-09-5.49013e-08-1.18362e-07
-1.79758e-07-2.37376e-07-2.89579e-07-3.34853e-07-3.71840e-07-3.99382e-07
-4.16550e-07-4.22673e-07-4.17369e-07-4.00560e-07-3.72484e-07-3.33688e-07
-2.85027e-07-2.27636e-07-1.62913e-07-9.24843e-08-1.81578e-08 5.81208e-08
 1.34322e-07 2.08387e-07 2.78279e-07 3.42036e-07 3.97820e-07 4.43965e-07
 4.79018e-07 5.01782e-07 5.11369e-07 5.07238e-07 4.89233e-07 4.57592e-07
 4.12952e-07 3.56318e-07 2.89040e-07 2.12761e-07 1.29377e-07 4.09891e-08
-5.01353e-08-1.41613e-07-2.31001e-07-3.15875e-07-3.93898e-07-4.62903e-07
-5.20940e-07-5.66324e-07-5.97658e-07-6.13862e-07-6.14197e-07-5.98294e-07
-5.66198e-07-5.18384e-07-4.55774e-07-3.79704e-07-2.91880e-07-1.94314e-07
-8.92741e-08 2.07551e-08 1.33092e-07 2.44884e-07 3.53145e-07 4.54813e-07
 5.46826e-07 6.26213e-07 6.90182e-07 7.36205e-07 7.62099e-07 7.66097e-07
 7.46951e-07 7.04035e-07 6.37468e-07 5.48211e-07 4.38124e-07 3.09981e-07
 1.67435e-07 1.49470e-08-1.42310e-07-2.98594e-07-4.47764e-07-5.83502e-07
-6.99585e-07-7.90212e-07-8.50362e-07-8.76153e-07-8.65172e-07-8.16739e-07
-7.32097e-07-6.14510e-07-4.69248e-07-3.03442e-07-1.25777e-07 5.39488e-08
 2.25408e-07 3.78436e-07 5.03785e-07 5.93897e-07 6.43625e-07 6.50840e-07
 6.16868e-07 5.46700e-07 4.48929e-07 3.34877e-07 2.16277e-07 1.02865e-07
 1.75320e-09-8.20935e-08-1.45640e-07-1.87728e-07-2.08903e-07-2.11154e-07
-1.97575e-07-1.72009e-07-1.38666e-07-1.01763e-07-6.52011e-08-3.22813e-08
-5.49378e-09 1.36262e-08 2.45637e-08 2.78090e-08 2.47629e-08 1.75603e-08
 8.80092e-09 1.13570e-09-3.38589e-09-4.14712e-09-2.41004e-09-5.96501e-10
     0.0000e+00     0.0000e+00      0  0  0.00
     210   1.00000  0.0000e+00
 3.20216e-08 4.49625e-08 5.50006e-08 6.13894e-08 6.37351e-08 6.19915e-08
 5.64249e-08 4.75562e-08 3.60958e-08 2.28789e-08 8.80197e-09-5.24090e-09
-1.84196e-08-3.00179e-08-3.94646e-08-4.63473e-08-5.04188e-08-5.15976e-08
-4.99615e-08-4.57292e-08-3.92292e-08-3.08693e-08-2.11112e-08-1.04492e-08
 6.13062e-10 1.15882e-08 2.20285e-08 3.15400e-08 3.97870e-08 4.64953e-08
 5.14567e-08 5.45341e-08 5.56627e-08 5.48428e-08 5.21304e-08 4.76314e-08
 4.14990e-08 3.39316e-08 2.51660e-08 1.54668e-08 5.11741e-09-5.58442e-09
-1.63301e-08-2.68056e-08-3.67008e-08-4.57196e-08-5.35873e-08-6.00556e-08
-6.49086e-08-6.79695e-08-6.91092e-08-6.82526e-08-6.53820e-08-6.05387e-08
-5.38240e-08-4.53984e-08-3.54804e-08-2.43402e-08-1.22919e-08 3.16654e-10
 1.31147e-08 2.57210e-08 3.77561e-08 4.88557e-08 5.86819e-08 6.69334e-08
 7.33539e-08 7.77383e-08 7.99380e-08 7.98639e-08 7.74884e-08 7.28472e-08
 6.60416e-08 5.72396e-08 4.66768e-08 3.46545e-08 2.15350e-08 7.73273e-09
-6.29962e-09-2.00904e-08-3.31738e-08-4.51169e-08-5.55471e-08-6.41756e-08
-7.08134e-08-7.53777e-08-7.78860e-08-7.84382e-08-7.71900e-08-7.43195e-08
-6.99953e-08-6.43512e-08-5.74716e-08-4.93931e-08-4.01205e-08-2.96563e-08
-1.80371e-08-5.37046e-09 8.13715e-09 2.21655e-08 3.62850e-08 4.99799e-08
 6.26873e-08 7.38456e-08 8.29445e-08 8.95696e-08 9.34334e-08 9.43914e-08
 9.24409e-08 8.77077e-08 8.04229e-08 7.08963e-08 5.94904e-08 4.65968e-08
 3.26176e-08 1.79489e-08 2.96816e-09-1.19776e-08-2.65795e-08-4.05700e-08
-5.37198e-08-6.58263e-08-7.66962e-08-8.61238e-08-9.38724e-08-9.96654e-08
-1.03193e-07-1.04136e-07-1.02209e-07-9.72078e-08-8.90620e-08-7.78701e-08
-6.39138e-08-4.76453e-08-2.96488e-08-1.05846e-08 8.87049e-09 2.80746e-08
 4.64536e-08 6.35127e-08 7.88285e-08 9.20330e-08 1.02798e-07 1.10828e-07
 1.15876e-07 1.17759e-07 1.16393e-07 1.11814e-07 1.04183e-07 9.37804e-08
 8.09726e-08 6.61765e-08 4.98210e-08 3.23221e-08 1.40738e-08-4.54265e-09
-2.31398e-08-4.13059e-08-5.85957e-08-7.45392e-08-8.86639e-08-1.00528e-07
-1.09753e-07-1.16046e-07-1.19217e-07-1.19169e-07-1.15893e-07-1.09456e-07
-9.99926e-08-8.77157e-08-7.29195e-08-5.59919e-08-3.74174e-08-1.77697e-08
 2.30643e-09 2.21245e-08 4.09897e-08 5.82330e-08 7.32403e-08 8.54773e-08
 9.45106e-08 1.00026e-07 1.01845e-07 9.99396e-08 9.44425e-08 8.56462e-08
 7.39984e-08 6.00859e-08 4.46098e-08 2.83519e-08 1.21340e-08-3.22765e-09
-1.69719e-08-2.84431e-08-3.71407e-08-4.27598e-08-4.52172e-08-4.46582e-08
-4.14428e-08-3.61130e-08-2.93461e-08-2.18971e-08-1.45348e-08-7.97109e-09
-2.78645e-09 6.46432e-10 2.23607e-09 2.23277e-09 1.26254e-09 3.18980e-10
     0.0000e+00     0.0000e+00      0  0  0.00
     210   1.00000  0.0000e+00
-1.44060e-07-1.96348e-07-2.38268e-07-2.66925e-07-2.80620e-07-2.78840e-07
-2.62173e-07-2.32146e-07-1.91033e-07-1.41629e-07-8.70167e-08-3.03509e-08
 2.53457e-08 7.73418e-08 1.23323e-07 1.61478e-07 1.90541e-07 2.09801e-07
 2.19073e-07 2.18653e-07 2.09241e-07 1.91868e-07 1.67798e-07 1.38447e-07
 1.05299e-07 6.98422e-08 3.35064e-08-2.38175e-09-3.66345e-08-6.82255e-08
-9.63032e-08-1.20196e-07-1.39411e-07-1.53631e-07-1.62693e-07-1.66576e-07
-1.65382e-07-1.59331e-07-1.48742e-07-1.34031e-07-1.15688e-07-9.42690e-08
-7.03883e-08-4.47057e-08-1.79171e-08 9.26363e-09 3.61217e-08 6.19572e-08
 8.60954e-08 1.07897e-07 1.26769e-07 1.42189e-07 1.53720e-07 1.61034e-07
 1.63919e-07 1.62286e-07 1.56161e-07 1.45688e-07 1.31128e-07 1.12855e-07
 9.13539e-08 6.72078e-08 4.10822e-08 1.37026e-08-1.41691e-08-4.17577e-08
-6.82961e-08-9.30468e-08-1.15320e-07-1.34488e-07-1.50008e-07-1.61433e-07
-1.68431e-07-1.70798e-07-1.68461e-07-1.61480e-07-1.50047e-07-1.34475e-07
-1.15184e-07-9.26953e-08-6.76185e-08-4.06399e-08-1.25039e-08 1.60100e-08
 4.41147e-08 7.10376e-08 9.60422e-08 1.18446e-07 1.37637e-07 1.53083e-07
 1.64353e-07 1.71128e-07 1.73218e-07 1.70562e-07 1.63233e-07 1.51430e-07
 1.35472e-07 1.15790e-07 9.29203e-08 6.74836e-08 4.01723e-08 1.17329e-08
-1.70531e-08-4.53943e-08-7.25133e-08-9.76676e-08-1.20169e-07-1.39402e-07
-1.54835e-07-1.66038e-07-1.72701e-07-1.74638e-07-1.71797e-07-1.64253e-07
-1.52211e-07-1.35997e-07-1.16052e-07-9.29218e-08-6.72424e-08-3.97172e-08
-1.10967e-08 1.78375e-08 4.62931e-08 7.34909e-08 9.86869e-08 1.21194e-07
 1.40400e-07 1.55786e-07 1.66936e-07 1.73549e-07 1.75453e-07 1.72602e-07
 1.65083e-07 1.53108e-07 1.37015e-07 1.17248e-07 9.43538e-08 6.89590e-08
 4.17574e-08 1.34888e-08-1.50799e-08-4.31768e-08-7.00479e-08-9.49785e-08
-1.17310e-07-1.36457e-07-1.51921e-07-1.63307e-07-1.70333e-07-1.72835e-07
-1.70773e-07-1.64227e-07-1.53392e-07-1.38576e-07-1.20191e-07-9.87397e-08
-7.48047e-08-4.90269e-08-2.20912e-08 5.29150e-09 3.24004e-08 5.85223e-08
 8.29710e-08 1.05105e-07 1.24345e-07 1.40185e-07 1.52206e-07 1.60087e-07
 1.63614e-07 1.62688e-07 1.57334e-07 1.47697e-07 1.34048e-07 1.16771e-07
 9.63653e-08 7.34328e-08 4.86648e-08 2.28241e-08-3.27783e-09-2.88063e-08
-5.29305e-08-7.48523e-08-9.38367e-08-1.09244e-07-1.20557e-07-1.27413e-07
-1.29616e-07-1.27157e-07-1.20221e-07-1.09184e-07-9.46042e-08-7.72069e-08
-5.78515e-08-3.74954e-08-1.71471e-08 2.18655e-09 1.95578e-08 3.41376e-08
 4.52739e-08 5.25434e-08 5.57914e-08 5.51555e-08 5.10663e-08 4.42240e-08
 3.55474e-08 2.60966e-08 1.69734e-08 9.20460e-09 3.61890e-09 7.29597e-10
     0.0000e+00     0.0000e+00      0  0  0.00
     210   1.00000  0.0000e+00
-2.87239e-08-2.90667e-08-2.85150e-08-2.70040e-08-2.45050e-08-2.10266e-08
-1.66177e-08-1.13675e-08-5.40161e-09 1.11800e-09 7.99366e-09 1.50025e-08
 2.19087e-08 2.84720e-08 3.44578e-08 3.96476e-08 4.38466e-08 4.68893e-08
 4.86472e-08 4.90309e-08 4.79925e-08 4.55317e-08 4.17007e-08 3.65961e-08
 3.03507e-08 2.31301e-08 1.51312e-08 6.57679e-09-2.28977e-09-1.12167e-08
-1.99555e-08-2.82643e-08-3.59089e-08-4.26697e-08-4.83519e-08-5.27928e-08
-5.58663e-08-5.74825e-08-5.75871e-08-5.61627e-08-5.32332e-08-4.88658e-08
-4.31689e-08-3.62853e-08-2.83875e-08-1.96741e-08-1.03672e-08-7.09071e-10
 9.04491e-09 1.86359e-08 2.78102e-08 3.63240e-08 4.39479e-08 5.04711e-08
 5.57091e-08 5.95104e-08 6.17622e-08 6.23919e-08 6.13679e-08 5.86996e-08
 5.44389e-08 4.86812e-08 4.15643e-08 3.32642e-08 2.39895e-08 1.39765e-08
 3.48418e-09-7.21093e-09-1.78209e-08-2.80552e-08-3.76293e-08-4.62731e-08
-5.37380e-08-5.98031e-08-6.42814e-08-6.70273e-08-6.79420e-08-6.69780e-08
-6.41403e-08-5.94870e-08-5.31276e-08-4.52222e-08-3.59770e-08-2.56400e-08
-1.44923e-08-2.84055e-09 8.99242e-09 2.06757e-08 3.18793e-08 4.22826e-08
 5.15840e-08 5.95094e-08 6.58189e-08 7.03144e-08 7.28451e-08 7.33138e-08
 7.16822e-08 6.79744e-08 6.22797e-08 5.47526e-08 4.56099e-08 3.51250e-08
 2.36192e-08 1.14483e-08-1.01215e-09-1.33841e-08-2.53041e-08-3.64385e-08
-4.64959e-08-5.52341e-08-6.24630e-08-6.80425e-08-7.18766e-08-7.39054e-08
-7.40988e-08-7.24510e-08-6.89804e-08-6.37331e-08-5.67907e-08-4.82791e-08
-3.83760e-08-2.73150e-08-1.53830e-08-2.91085e-09 9.74286e-09 2.22120e-08
 3.41444e-08 4.52206e-08 5.51661e-08 6.37554e-08 7.08089e-08 7.61828e-08
 7.97581e-08 8.14309e-08 8.11099e-08 7.87216e-08 7.42239e-08 6.76247e-08
 5.90023e-08 4.85197e-08 3.64301e-08 2.30709e-08 8.84577e-09-5.80163e-09
-2.04165e-08-3.45604e-08-4.78325e-08-5.98813e-08-7.04056e-08-7.91486e-08
-8.58893e-08-9.04357e-08-9.26254e-08-9.23345e-08-8.94926e-08-8.41014e-08
-7.62513e-08-6.61305e-08-5.40230e-08-4.02956e-08-2.53759e-08-9.72758e-09
 6.17334e-09 2.18582e-08 3.68803e-08 5.08259e-08 6.33227e-08 7.40450e-08
 8.27184e-08 8.91219e-08 9.30886e-08 9.45039e-08 9.33045e-08 8.94786e-08
 8.30713e-08 7.41940e-08 6.30370e-08 4.98813e-08 3.51044e-08 1.91786e-08
 2.65894e-09-1.38385e-08-2.96679e-08-4.41905e-08-5.68131e-08-6.70237e-08
-7.44184e-08-7.87211e-08-7.97942e-08-7.76439e-08-7.24217e-08-6.44243e-08
-5.40910e-08-4.19947e-08-2.88217e-08-1.53336e-08-2.31304e-09 9.50056e-09
 1.94735e-08 2.71271e-08 3.21666e-08 3.44911e-08 3.41880e-08 3.15245e-08
 2.69387e-08 2.10337e-08 1.45649e-08 8.40895e-09 3.50119e-09 7.38726e-10
     0.0000e+00     0.0000e+00      0  0  0.00
     210   1.00000  0.0000e+00
 2.46515e-07 3.19952e-07 3.78419e-07 4.19712e-07 4.43224e-07 4.49789e-07
 4.41505e-07 4.21406e-07 3.92986e-07 3.59725e-07 3.24684e-07 2.90194e-07
 2.57619e-07 2.27202e-07 1.98017e-07 1.68064e-07 1.34476e-07 9.38623e-08
 4.27367e-08-2.20129e-08-1.02643e-07-2.00038e-07-3.13050e-07-4.37846e-07
-5.68010e-07-6.95410e-07-8.09882e-07-8.96548e-07-9.34836e-07-9.03648e-07
-7.90341e-07-5.99618e-07-3.57743e-07-1.04019e-07 1.27479e-07 3.19623e-07
 4.68986e-07 5.75829e-07 6.39500e-07 6.60582e-07 6.43110e-07 5.94070e-07
 5.21897e-07 4.35283e-07 3.42417e-07 2.50487e-07 1.65352e-07 9.13032e-08
 3.09789e-08-1.45469e-08-4.55558e-08-6.34220e-08-7.03100e-08-6.88688e-08
-6.19436e-08-5.23104e-08-4.24583e-08-3.44340e-08-2.97480e-08-2.93324e-08
-3.35411e-08-4.21881e-08-5.46242e-08-6.98441e-08-8.66088e-08-1.03572e-07
-1.19396e-07-1.32861e-07-1.42936e-07-1.48835e-07-1.50051e-07-1.46368e-07
-1.37852e-07-1.24824e-07-1.07816e-07-8.75243e-08-6.47645e-08-4.04191e-08
-1.53905e-08 9.44360e-09 3.32678e-08 5.53600e-08 7.51122e-08 9.20416e-08
 1.05794e-07 1.16144e-07 1.22990e-07 1.26343e-07 1.26313e-07 1.23092e-07
 1.16936e-07 1.08155e-07 9.71027e-08 8.41584e-08 6.97158e-08 5.41748e-08
 3.79357e-08 2.13931e-08 4.92977e-09-1.10884e-08-2.63166e-08-4.04372e-08
-5.31642e-08-6.42463e-08-7.34696e-08-8.06618e-08-8.56984e-08-8.85052e-08
-8.90579e-08-8.73816e-08-8.35527e-08-7.76990e-08-6.99970e-08-6.06657e-08
-4.99624e-08-3.81776e-08-2.56268e-08-1.26425e-08 4.34169e-10 1.32619e-08
 2.55091e-08 3.68639e-08 4.70414e-08 5.57897e-08 6.28969e-08 6.81990e-08
 7.15833e-08 7.29888e-08 7.24058e-08 6.98778e-08 6.55018e-08 5.94235e-08
 5.18316e-08 4.29524e-08 3.30452e-08 2.23946e-08 1.12999e-08 6.61915e-11
-1.10021e-08-2.16088e-08-3.14750e-08-4.03465e-08-4.79995e-08-5.42457e-08
-5.89378e-08-6.19733e-08-6.32954e-08-6.28939e-08-6.08051e-08-5.71107e-08
-5.19336e-08-4.54330e-08-3.78015e-08-2.92604e-08-2.00530e-08-1.04364e-08
-6.74471e-10 8.96788e-09 1.82319e-08 2.68729e-08 3.46662e-08 4.14106e-08
 4.69334e-08 5.10966e-08 5.38009e-08 5.49878e-08 5.46408e-08 5.27863e-08
 4.94944e-08 4.48753e-08 3.90766e-08 3.22805e-08 2.46999e-08 1.65727e-08
 8.15426e-09-2.90404e-10-8.49416e-09-1.61958e-08-2.31498e-08-2.91361e-08
-3.39684e-08-3.75014e-08-3.96367e-08-4.03297e-08-3.95926e-08-3.74960e-08
-3.41685e-08-2.97915e-08-2.45896e-08-1.88206e-08-1.27669e-08-6.72257e-09
-9.76025e-10 4.21021e-09 8.61445e-09 1.20661e-08 1.44545e-08 1.57378e-08
 1.59512e-08 1.52062e-08 1.36791e-08 1.15922e-08 9.19428e-09 6.74185e-09
 4.47737e-09 2.60124e-09 1.24127e-09 4.27159e-10 7.74834e-11 7.35325e-13
     0.0000e+00     0.0000e+00      0  0  0.00
     210   1.00000  0.0000e+00
 8.94806e-08 9.30875e-08 9.33159e-08 8.97699e-08 8.22482e-08 7.07603e-08
 5.55298e-08 3.69813e-08 1.57111e-08-7.55581e-09-3.20103e-08-5.67994e-08
-8.10557e-08-1.03917e-07-1.24539e-07-1.42116e-07-1.55903e-07-1.65248e-07
-1.69638e-07-1.68742e-07-1.62441e-07-1.50849e-07-1.34302e-07-1.13323e-07
-8.85739e-08-6.08092e-08-3.08325e-08 5.29377e-10 3.24408e-08 6.40637e-08
 9.45664e-08 1.23139e-07 1.49014e-07 1.71491e-07 1.89952e-07 2.03860e-07
 2.12770e-07 2.16328e-07 2.14289e-07 2.06550e-07 1.93174e-07 1.74412e-07
 1.50701e-07 1.22648e-07 9.09901e-08 5.65527e-08 2.02149e-08-1.71134e-08
-5.45039e-08-9.10206e-08-1.25733e-07-1.57737e-07-1.86172e-07-2.10238e-07
-2.29216e-07-2.42482e-07-2.49528e-07-2.49998e-07-2.43705e-07-2.30658e-07
-2.11071e-07-1.85360e-07-1.54134e-07-1.18182e-07-7.84580e-08-3.60769e-08
 7.70226e-09 5.15039e-08 9.38772e-08 1.33345e-07 1.68455e-07 1.97819e-07
 2.20170e-07 2.34410e-07 2.39679e-07 2.35424e-07 2.21477e-07 1.98101e-07
 1.66029e-07 1.26462e-07 8.10429e-08 3.18064e-08-1.88787e-08-6.83875e-08
-1.13942e-07-1.52746e-07-1.82156e-07-1.99856e-07-2.04037e-07-1.93553e-07
-1.68040e-07-1.28099e-07-7.55801e-08-1.36474e-08 5.36922e-08 1.22190e-07
 1.87723e-07 2.46517e-07 2.95305e-07 3.31441e-07 3.52960e-07 3.58591e-07
 3.47734e-07 3.20416e-07 2.77220e-07 2.19220e-07 1.47908e-07 6.51329e-08
-2.69534e-08-1.25939e-07-2.29185e-07-3.33847e-07-4.36875e-07-5.34882e-07
-6.23715e-07-6.97761e-07-7.49650e-07-7.71262e-07-7.55847e-07-6.99785e-07
-6.02929e-07-4.68025e-07-3.00169e-07-1.06592e-07 1.03477e-07 3.19154e-07
 5.28439e-07 7.18850e-07 8.78097e-07 9.94797e-07 1.05927e-06 1.06436e-06
 1.00627e-06 8.85256e-07 7.06142e-07 4.78622e-07 2.17171e-07-5.93490e-08
-3.28486e-07-5.65486e-07-7.45632e-07-8.48498e-07-8.63533e-07-7.94099e-07
-6.57158e-07-4.78536e-07-2.86699e-07-1.08144e-07 3.59224e-08 1.35280e-07
 1.96670e-07 2.38855e-07 2.76249e-07 3.08900e-07 3.28741e-07 3.30768e-07
 3.15918e-07 2.86781e-07 2.44731e-07 1.90940e-07 1.27917e-07 5.94429e-08
-1.04735e-08-7.82986e-08-1.40975e-07-1.95853e-07-2.40801e-07-2.74342e-07
-2.95678e-07-3.04613e-07-3.01427e-07-2.86792e-07-2.61735e-07-2.27618e-07
-1.86120e-07-1.39169e-07-8.88502e-08-3.72898e-08 1.34634e-08 6.15332e-08
 1.05274e-07 1.43301e-07 1.74502e-07 1.98058e-07 2.13456e-07 2.20498e-07
 2.19295e-07 2.10258e-07 1.94084e-07 1.71744e-07 1.44447e-07 1.13587e-07
 8.06863e-08 4.73240e-08 1.50623e-08-1.46285e-08-4.04464e-08-6.13319e-08
-7.65363e-08-8.56723e-08-8.87434e-08-8.61494e-08-7.86701e-08-6.74221e-08
-5.37832e-08-3.92859e-08-2.54859e-08-1.38168e-08-5.44013e-09-1.09915e-09
     0.0000e+00     0.0000e+00      0  0  0.00
     210   1.00000  0.0000e+00
-3.68754e-08-7.85069e-08-1.25133e-07-1.76165e-07-2.30606e-07-2.87003e-07
-3.43416e-07-3.97429e-07-4.46201e-07-4.86560e-07-5.15159e-07-5.28671e-07
-5.24029e-07-4.98700e-07-4.50966e-07-3.80211e-07-2.87168e-07-1.74126e-07
-4.50573e-08 9.43574e-08 2.36803e-07 3.73530e-07 4.94807e-07 5.90994e-07
 6.54517e-07 6.82030e-07 6.75222e-07 6.39707e-07 5.83151e-07 5.13929e-07
 4.40424e-07 3.70469e-07 3.10706e-07 2.65954e-07 2.38797e-07 2.29438e-07
 2.35742e-07 2.53428e-07 2.76382e-07 2.97109e-07 3.07306e-07 2.98482e-07
 2.62761e-07 1.93925e-07 8.83507e-08-5.44390e-08-2.31453e-07-4.35979e-07
-6.57132e-07-8.79235e-07-1.08229e-06-1.24483e-06-1.34887e-06-1.38557e-06
-1.35716e-06-1.27027e-06-1.12520e-06-9.15349e-07-6.40059e-07-3.16975e-07
 1.97468e-08 3.34701e-07 6.05483e-07 8.23057e-07 9.83298e-07 1.08283e-06
 1.12104e-06 1.10219e-06 1.03486e-06 9.30031e-07 7.99296e-07 6.53802e-07
 5.03692e-07 3.57704e-07 2.22822e-07 1.04075e-07 4.55100e-09-7.44364e-08
-1.33110e-07-1.72954e-07-1.96414e-07-2.06584e-07-2.06873e-07-2.00685e-07
-1.91134e-07-1.80829e-07-1.71729e-07-1.65102e-07-1.61548e-07-1.61085e-07
-1.63257e-07-1.67255e-07-1.72046e-07-1.76489e-07-1.79448e-07-1.79893e-07
-1.76971e-07-1.70072e-07-1.58867e-07-1.43320e-07-1.23680e-07-1.00450e-07
-7.43423e-08-4.62240e-08-1.70456e-08 1.22194e-08 4.06273e-08 6.73027e-08
 9.14701e-08 1.12481e-07 1.29832e-07 1.43177e-07 1.52323e-07 1.57225e-07
 1.57974e-07 1.54785e-07 1.47969e-07 1.37915e-07 1.25061e-07 1.09877e-07
 9.28555e-08 7.45001e-08 5.53135e-08 3.57874e-08 1.63921e-08-2.43441e-09
-2.02968e-08-3.68500e-08-5.18013e-08-6.49082e-08-7.59726e-08-8.48359e-08
-9.13781e-08-9.55226e-08-9.72416e-08-9.65605e-08-9.35606e-08-8.83794e-08
-8.12072e-08-7.22800e-08-6.18673e-08-5.02592e-08-3.77587e-08-2.46807e-08
-1.13527e-08 1.88749e-09 1.47019e-08 2.67663e-08 3.77830e-08 4.74892e-08
 5.56629e-08 6.21280e-08 6.67578e-08 6.94768e-08 7.02580e-08 6.91199e-08
 6.61264e-08 6.13894e-08 5.50709e-08 4.73787e-08 3.85579e-08 2.88790e-08
 1.86252e-08 8.08362e-09-2.46010e-09-1.27227e-08-2.24255e-08-3.12989e-08
-3.90911e-08-4.55789e-08-5.05820e-08-5.39714e-08-5.56695e-08-5.56479e-08
-5.39241e-08-5.05619e-08-4.56708e-08-3.94099e-08-3.19917e-08-2.36780e-08
-1.47658e-08-5.57290e-09 3.57094e-09 1.23301e-08 2.03729e-08 2.73868e-08
 3.30963e-08 3.72821e-08 3.97939e-08 4.05567e-08 3.95728e-08 3.69238e-08
 3.27744e-08 2.73717e-08 2.10388e-08 1.41574e-08 7.14428e-09 4.22955e-10
-5.60636e-09-1.05982e-08-1.42867e-08-1.65010e-08-1.71810e-08-1.63947e-08
-1.43498e-08-1.13911e-08-7.97767e-09-4.64315e-09-1.94476e-09-4.12072e-10
     0.0000e+00     0.0000e+00      0  0  0.00
     210   1.00000  0.0000e+00
-5.46311e-09-1.52166e-08-2.64048e-08-3.87418e-08-5.18110e-08-6.50780e-08
-7.79062e-08-8.95789e-08-9.93336e-08-1.06407e-07-1.10091e-07-1.09790e-07
-1.05073e-07-9.57237e-08-8.17596e-08-6.34454e-08-4.12810e-08-1.59770e-08
 1.15828e-08 4.03852e-08 6.93370e-08 9.73161e-08 1.23223e-07 1.46028e-07
 1.64821e-07 1.78843e-07 1.87514e-07 1.90448e-07 1.87454e-07 1.78536e-07
 1.63880e-07 1.43846e-07 1.18961e-07 8.99104e-08 5.75208e-08 2.27428e-08
-1.33840e-08-4.97719e-08-8.53322e-08-1.19020e-07-1.49872e-07-1.77026e-07
-1.99735e-07-2.17366e-07-2.29393e-07-2.35406e-07-2.35116e-07-2.28379e-07
-2.15223e-07-1.95866e-07-1.70727e-07-1.40415e-07-1.05701e-07-6.74759e-08
-2.67157e-08 1.55555e-08 5.82811e-08 1.00376e-07 1.40729e-07 1.78212e-07
 2.11702e-07 2.40132e-07 2.62543e-07 2.78144e-07 2.86354e-07 2.86820e-07
 2.79418e-07 2.64230e-07 2.41524e-07 2.11739e-07 1.75488e-07 1.33570e-07
 8.69710e-08 3.68654e-08-1.54152e-08-6.84301e-08-1.20690e-07-1.70716e-07
-2.17094e-07-2.58501e-07-2.93730e-07-3.21699e-07-3.41471e-07-3.52289e-07
-3.53610e-07-3.45151e-07-3.26922e-07-2.99231e-07-2.62676e-07-2.18113e-07
-1.66616e-07-1.09446e-07-4.80213e-08 1.61065e-08 8.12709e-08 1.45723e-07
 2.07673e-07 2.65351e-07 3.17070e-07 3.61282e-07 3.96629e-07 4.21973e-07
 4.36425e-07 4.39354e-07 4.30417e-07 4.09571e-07 3.77093e-07 3.33585e-07
 2.79960e-07 2.17429e-07 1.47461e-07 7.17508e-08-7.82437e-09-8.92453e-08
-1.70393e-07-2.49091e-07-3.23157e-07-3.90447e-07-4.48916e-07-4.96668e-07
-5.32012e-07-5.53515e-07-5.60060e-07-5.50893e-07-5.25672e-07-4.84504e-07
-4.27963e-07-3.57100e-07-2.73450e-07-1.79016e-07-7.62537e-08 3.19638e-08
 1.42406e-07 2.51572e-07 3.55796e-07 4.51385e-07 5.34746e-07 6.02536e-07
 6.51802e-07 6.80120e-07 6.85746e-07 6.67746e-07 6.26119e-07 5.61875e-07
 4.77057e-07 3.74697e-07 2.58707e-07 1.33720e-07 4.88046e-09-1.22392e-07
-2.42678e-07-3.50863e-07-4.42449e-07-5.13871e-07-5.62763e-07-5.88143e-07
-5.90497e-07-5.71642e-07-5.34245e-07-4.81220e-07-4.15428e-07-3.39655e-07
-2.56622e-07-1.68998e-07-7.94420e-08 9.34917e-09 9.46033e-08 1.73468e-07
 2.43050e-07 3.00502e-07 3.43170e-07 3.68789e-07 3.75700e-07 3.63105e-07
 3.31284e-07 2.81789e-07 2.17558e-07 1.42916e-07 6.34445e-08-1.43380e-08
-8.35459e-08-1.37824e-07-1.72493e-07-1.85512e-07-1.77690e-07-1.52117e-07
-1.13319e-07-6.65917e-08-1.74396e-08 2.89736e-08 6.83159e-08 9.73975e-08
 1.14321e-07 1.18523e-07 1.10718e-07 9.27150e-08 6.71441e-08 3.71398e-08
 6.00556e-09-2.30704e-08-4.71694e-08-6.38469e-08-7.16585e-08-7.06469e-08
-6.22391e-08-4.87883e-08-3.32043e-08-1.85477e-08-7.42836e-09-1.51489e-09
     0.0000e+00     0.0000e+00      0  0  0.00
     210   1.00000  0.0000e+00
-1.38591e-08 7.13311e-09 2.86162e-08 4.95883e-08 6.91186e-08 8.63876e-08
 1.00718e-07 1.11593e-07 1.18668e-07 1.21770e-07 1.20888e-07 1.16161e-07
 1.07854e-07 9.63426e-08 8.20814e-08 6.55849e-08 4.74018e-08 2.80960e-08
 8.23056e-09-1.16456e-08-3.10077e-08-4.93635e-08-6.62594e-08-8.12870e-08
-9.40883e-08-1.04362e-07-1.11870e-07-1.16443e-07-1.17978e-07-1.16442e-07
-1.11874e-07-1.04388e-07-9.41663e-08-8.14625e-08-6.65966e-08-4.99498e-08
-3.19554e-08-1.30864e-08 6.15596e-09 2.52557e-08 4.36971e-08 6.09795e-08
 7.66321e-08 9.02273e-08 1.01394e-07 1.09827e-07 1.15296e-07 1.17651e-07
 1.16824e-07 1.12831e-07 1.05769e-07 9.58194e-08 8.32385e-08 6.83577e-08
 5.15747e-08 3.33446e-08 1.41686e-08-5.42036e-09-2.48723e-08-4.36372e-08
-6.11806e-08-7.70017e-08-9.06503e-08-1.01742e-07-1.09969e-07-1.15111e-07
-1.17037e-07-1.15717e-07-1.11213e-07-1.03681e-07-9.33559e-08-8.05375e-08
-6.55851e-08-4.89067e-08-3.09490e-08-1.21848e-08 6.90016e-09 2.58163e-08
 4.40746e-08 6.11909e-08 7.66982e-08 9.01667e-08 1.01220e-07 1.09544e-07
 1.14891e-07 1.17084e-07 1.16035e-07 1.11754e-07 1.04361e-07 9.40632e-08
 8.11453e-08 6.59545e-08 4.89028e-08 3.04640e-08 1.11581e-08-8.47683e-09
-2.79107e-08-4.66302e-08-6.41343e-08-7.99354e-08-9.35810e-08-1.04683e-07
-1.12939e-07-1.18126e-07-1.20096e-07-1.18768e-07-1.14149e-07-1.06353e-07
-9.55987e-08-8.21928e-08-6.64996e-08-4.89312e-08-2.99531e-08-1.00870e-08
 1.01055e-08 3.00554e-08 4.92168e-08 6.70793e-08 8.31634e-08 9.70221e-08
 1.08259e-07 1.16554e-07 1.21684e-07 1.23517e-07 1.22007e-07 1.17183e-07
 1.09159e-07 9.81466e-08 8.44502e-08 6.84559e-08 5.06075e-08 3.13894e-08
 1.13193e-08-9.05790e-09-2.91843e-08-4.85100e-08-6.65165e-08-8.27307e-08
-9.67316e-08-1.08153e-07-1.16693e-07-1.22124e-07-1.24309e-07-1.23203e-07
-1.18851e-07-1.11387e-07-1.01024e-07-8.80513e-08-7.28245e-08-5.57566e-08
-3.73018e-08-1.79396e-08 1.83624e-09 2.15265e-08 4.06336e-08 5.86696e-08
 7.51678e-08 8.96951e-08 1.01864e-07 1.11340e-07 1.17857e-07 1.21217e-07
 1.21307e-07 1.18104e-07 1.11679e-07 1.02200e-07 8.99294e-08 7.52188e-08
 5.84989e-08 4.02682e-08 2.10742e-08 1.49158e-09-1.78996e-08-3.65342e-08
-5.38771e-08-6.94326e-08-8.27487e-08-9.34198e-08-1.01090e-07-1.05460e-07
-1.06300e-07-1.03472e-07-9.69572e-08-8.68884e-08-7.35770e-08-5.75316e-08
-3.94588e-08-2.02415e-08-8.93722e-10 1.75066e-08 3.39013e-08 4.73434e-08
 5.70861e-08 6.26561e-08 6.39036e-08 6.10194e-08 5.45177e-08 4.51866e-08
 3.40125e-08 2.20868e-08 1.05066e-08 2.76013e-10-7.78365e-09-1.31107e-08
-1.54653e-08-1.49755e-08-1.21644e-08-7.95420e-09-3.63912e-09-8.19523e-10
