      10
(6e12.5)
     0.0000e+00     0.0000e+00      0  0  0.00
     512   1.00000  0.0000e+00
 3.66214e-09 3.65652e-09 3.57920e-09 3.50585e-09 3.48711e-09 3.49627e-09
 3.42252e-09 3.12176e-09 2.49477e-09 1.54398e-09 3.73701e-10-8.64296e-10
-2.04214e-09-3.10028e-09-4.04653e-09-4.92225e-09-5.76402e-09-6.58381e-09
-7.37183e-09-8.10812e-09-8.76998e-09-9.33581e-09-9.78896e-09-1.01139e-08
-1.02783e-08-1.02151e-08-9.82877e-09-9.03691e-09-7.82486e-09-6.27499e-09
-4.54179e-09-2.78355e-09-1.09622e-09 5.07400e-10 2.06903e-09 3.63629e-09
 5.22847e-09 6.83320e-09 8.42728e-09 9.99594e-09 1.15275e-08 1.29872e-08
 1.42957e-08 1.53339e-08 1.59716e-08 1.61026e-08 1.56743e-08 1.47012e-08
 1.32638e-08 1.14879e-08 9.50449e-09 7.40035e-09 5.19353e-09 2.85883e-09
 3.88155e-10-2.16061e-09-4.66272e-09-6.98057e-09-9.04626e-09-1.09118e-08
-1.27122e-08-1.45566e-08-1.64208e-08-1.81077e-08-1.92916e-08-1.96274e-08
-1.88794e-08-1.70045e-08-1.41456e-08-1.05406e-08-6.40963e-09-1.88548e-09
 2.99369e-09 8.25208e-09 1.39312e-08 2.00491e-08 2.65701e-08 3.33821e-08
 4.02785e-08 4.69585e-08 5.30728e-08 5.83251e-08 6.25917e-08 6.59872e-08
 6.88097e-08 7.13601e-08 7.36815e-08 7.52845e-08 7.49258e-08 7.05173e-08
 5.92870e-08 3.83530e-08 5.74240e-09-3.85725e-08-9.21622e-08-1.50001e-07
-2.04647e-07-2.47603e-07-2.72011e-07-2.75351e-07-2.60990e-07-2.38121e-07
-2.19932e-07-2.20465e-07-2.51307e-07-3.18635e-07-4.20051e-07-5.40458e-07
-6.47410e-07-6.88422e-07-5.95095e-07-2.99180e-07 2.37182e-07 9.82581e-07
 1.81381e-06 2.54630e-06 3.00269e-06 3.03907e-06 2.52928e-06 1.42311e-06
-1.31283e-07-1.77049e-06-3.05044e-06-3.61561e-06-3.30922e-06-2.22773e-06
-7.34398e-07 6.37498e-07 1.41107e-06 1.39085e-06 7.52988e-07-5.35707e-08
-5.61263e-07-5.52794e-07-1.68465e-07 2.33671e-07 3.67975e-07 2.27285e-07
 3.30701e-08-7.68109e-09 1.05572e-07 2.08386e-07 1.78291e-07 6.49918e-08
 4.07560e-09 4.08950e-08 9.25569e-08 7.92840e-08 2.84812e-08 1.30598e-08
 3.67999e-08 4.33726e-08 1.52902e-08-6.91945e-09-2.45030e-09 8.53307e-10
-1.39236e-08-2.58536e-08-2.31226e-08-2.20164e-08-2.88671e-08-3.12615e-08
-2.78474e-08-2.71430e-08-2.71109e-08-2.30320e-08-1.77796e-08-1.28889e-08
-6.70562e-09-1.69706e-10 5.16921e-09 9.23381e-09 1.17698e-08 1.24597e-08
 1.15124e-08 9.24411e-09 5.98100e-09 2.13766e-09-1.88912e-09-5.75231e-09
-9.11319e-09-1.16376e-08-1.30078e-08-1.29255e-08-1.11523e-08-7.62767e-09
-2.59420e-09 3.38217e-09 9.51899e-09 1.49775e-08 1.89897e-08 2.09475e-08
 2.04943e-08 1.75989e-08 1.25673e-08 6.00363e-09-1.25302e-09-8.21920e-09
-1.39029e-08-1.74833e-08-1.84775e-08-1.68081e-08-1.27782e-08-7.04360e-09
-5.88909e-10 5.38623e-09 9.72132e-09 1.15991e-08 1.07322e-08 7.36360e-09
 2.17674e-09-3.79649e-09-9.31292e-09-1.31548e-08-1.44207e-08-1.27629e-08
-8.47172e-09-2.38480e-09 4.31599e-09 1.03453e-08 1.45533e-08 1.61544e-08
 1.49168e-08 1.12361e-08 6.03784e-09 5.51448e-10-3.97204e-09-6.55079e-09
-6.71200e-09-4.60045e-09-9.25044e-10 3.21721e-09 6.59315e-09 8.14171e-09
 7.27428e-09 4.04003e-09-9.03882e-10-6.46848e-09-1.13958e-08-1.45594e-08
-1.52404e-08-1.33286e-08-9.38008e-09-4.45827e-09 1.97163e-10 3.52133e-09
 4.88810e-09 4.27015e-09 2.25760e-09-1.24088e-10-1.75204e-09-1.75359e-09
 2.40053e-10 3.96652e-09 8.56799e-09 1.28252e-08 1.55375e-08 1.58921e-08
 1.36876e-08 9.37991e-09 3.95516e-09-1.36555e-09-5.50879e-09-7.87372e-09
-8.48412e-09-7.93257e-09-7.14339e-09-7.02401e-09-8.12054e-09-1.04019e-08
-1.32415e-08-1.56032e-08-1.63839e-08-1.48138e-08-1.07681e-08-4.85038e-09
 1.80558e-09 7.91570e-09 1.24421e-08 1.48817e-08 1.53736e-08 1.45727e-08
 1.33295e-08 1.23291e-08 1.18299e-08 1.15715e-08 1.08913e-08 9.03477e-09
 5.52473e-09 4.27099e-10-5.58022e-09-1.13549e-08-1.56288e-08-1.74283e-08
-1.63988e-08-1.28928e-08-7.81443e-09-2.31453e-09 2.56148e-09 6.17511e-09
 8.42049e-09 9.60113e-09 1.01445e-08 1.03238e-08 1.00934e-08 9.07607e-09
 6.73308e-09 2.69465e-09-2.88855e-09-9.19091e-09-1.48839e-08-1.85539e-08
-1.91639e-08-1.63996e-08-1.08042e-08-3.63709e-09 3.52648e-09 9.30172e-09
 1.28792e-08 1.41267e-08 1.34259e-08 1.13935e-08 8.61566e-09 5.46458e-09
 2.06854e-09-1.52899e-09-5.09967e-09-8.04386e-09-9.47817e-09-8.61047e-09
-5.19181e-09 2.20381e-10 6.32800e-09 1.14625e-08 1.41118e-08 1.34115e-08
 9.43839e-09 3.20071e-09-3.69617e-09-9.59215e-09-1.33025e-08-1.44195e-08
-1.32764e-08-1.06367e-08-7.30730e-09-3.89343e-09-7.80799e-10 1.73357e-09
 3.31892e-09 3.60728e-09 2.33721e-09-4.14029e-10-4.04988e-09-7.47409e-09
-9.37698e-09-8.72205e-09-5.22457e-09 4.29046e-10 6.74818e-09 1.19356e-08
 1.45308e-08 1.39419e-08 1.06306e-08 5.86648e-09 1.19088e-09-2.14197e-09
-3.51787e-09-3.01225e-09-1.18590e-09 1.21951e-09 3.52533e-09 5.21593e-09
 5.91125e-09 5.32039e-09 3.29785e-09 5.11458e-12-3.95887e-09-7.60335e-09
-9.80945e-09-9.74628e-09-7.28806e-09-3.20540e-09 1.05094e-09 3.92078e-09
 4.37939e-09 2.35312e-09-1.26507e-09-5.00390e-09-7.43903e-09-7.76140e-09
-6.01829e-09-2.95445e-09 4.00815e-10 3.16201e-09 4.83950e-09 5.35848e-09
 4.92497e-09 3.87556e-09 2.60409e-09 1.55152e-09 1.16555e-09 1.76314e-09
 3.33594e-09 5.42380e-09 7.18101e-09 7.68189e-09 6.37358e-09 3.43898e-09
-1.79876e-10-3.16813e-09-4.45436e-09-3.73403e-09-1.62485e-09 6.25516e-10
 1.72862e-09 9.43044e-10-1.62641e-09-5.14207e-09-8.46007e-09-1.06196e-08
-1.11528e-08-1.01189e-08-7.94275e-09-5.21830e-09-2.57359e-09-5.75769e-10
 3.85777e-10 2.40362e-10-6.71887e-10-1.65359e-09-1.89735e-09-8.59891e-10
 1.42422e-09 4.29638e-09 6.77459e-09 8.07095e-09 8.03621e-09 7.24772e-09
 6.66128e-09 7.03309e-09 8.46888e-09 1.03613e-08 1.17250e-08 1.17147e-08
 1.00358e-08 7.04805e-09 3.54879e-09 4.00111e-10-1.79396e-09-2.83180e-09
-2.88263e-09-2.36932e-09-1.85064e-09-1.90608e-09-2.96915e-09-5.11620e-09
-7.94058e-09-1.06600e-08-1.24637e-08-1.29225e-08-1.22110e-08-1.09862e-08
-9.97492e-09-9.51757e-09-9.35852e-09-8.82189e-09-7.26961e-09-4.55501e-09
-1.17403e-09 1.99290e-09 4.17331e-09 5.09927e-09 5.08036e-09 4.77163e-09
 4.82716e-09 5.63177e-09 7.19910e-09 9.21418e-09 1.11539e-08 1.24443e-08
 1.26442e-08 1.16196e-08 9.62386e-09 7.21174e-09 4.99518e-09 3.34306e-09
 2.19397e-09 1.12952e-09-2.97470e-10-2.19406e-09-4.19933e-09-5.71058e-09
-6.30633e-09-6.05854e-09-5.50725e-09-5.31800e-09-5.86753e-09-7.02772e-09
-8.24681e-09-8.83432e-09-8.27778e-09-6.44575e-09-3.60992e-09-3.18951e-10
 2.78130e-09 5.11346e-09 6.30714e-09 6.29006e-09 5.27927e-09 3.65787e-09
 1.82089e-09 4.47200e-10
     0.0000e+00     0.0000e+00      0  0  0.00
     512   1.00000  0.0000e+00
 8.67123e-10 1.17625e-09 1.46191e-09 1.65927e-09 1.71855e-09 1.61276e-09
 1.33773e-09 9.10412e-10 3.66801e-10-2.40632e-10-8.44619e-10-1.36441e-09
-1.71427e-09-1.82919e-09-1.70325e-09-1.41454e-09-1.10978e-09-9.47656e-10
-1.03158e-09-1.37093e-09-1.88928e-09-2.46716e-09-2.98862e-09-3.36625e-09
-3.54198e-09-3.48020e-09-3.16962e-09-2.63665e-09-1.95798e-09-1.25351e-09
-6.52414e-10-2.47981e-10-6.93363e-11-8.29778e-11-2.12894e-10-3.60036e-10
-4.16412e-10-2.83539e-10 9.98173e-11 7.32409e-10 1.54700e-09 2.43442e-09
 3.27732e-09 3.96808e-09 4.40421e-09 4.47754e-09 4.07888e-09 3.13074e-09
 1.64863e-09-1.79719e-10-1.92059e-09-2.86378e-09-2.08436e-09 1.35627e-09
 8.04550e-09 1.77189e-08 2.87810e-08 3.82327e-08 4.24142e-08 3.84519e-08
 2.56464e-08 6.03499e-09-1.61038e-08-3.55682e-08-4.79056e-08-5.08539e-08
-4.50066e-08-3.34139e-08-2.02447e-08-9.09568e-09-1.81469e-09 1.59968e-09
 2.26006e-09 1.49779e-09 2.65907e-10-1.06401e-09-2.55503e-09-4.35431e-09
-6.36777e-09-8.14021e-09-8.98801e-09-8.31192e-09-5.92340e-09-2.19018e-09
 2.09962e-09 6.10198e-09 9.33934e-09 1.19732e-08 1.47825e-08 1.88355e-08
 2.49476e-08 3.30656e-08 4.18029e-08 4.85414e-08 5.03885e-08 4.55441e-08
 3.41628e-08 1.82898e-08 1.19949e-09-1.33089e-08-2.14584e-08-2.00300e-08
-6.90777e-09 1.84323e-08 5.42443e-08 9.52205e-08 1.30538e-07 1.42119e-07
 1.05214e-07-6.01731e-09-2.06624e-07-4.84470e-07-7.84052e-07-9.99161e-07
-9.93990e-07-6.72036e-07-6.19465e-08 6.64846e-07 1.27753e-06 1.59792e-06
 1.55976e-06 1.19350e-06 5.78378e-07-1.66849e-07-8.62762e-07-1.29426e-06
-1.30065e-06-8.73222e-07-1.90071e-07 4.45471e-07 7.49870e-07 6.18442e-07
 1.89285e-07-2.44935e-07-4.28051e-07-3.07679e-07-4.97941e-08 1.17636e-07
 9.72270e-08-2.04716e-08-7.80992e-08-2.03297e-08 6.65957e-08 7.66040e-08
 1.23901e-08-3.45263e-08-1.24997e-08 3.13113e-08 3.26957e-08 1.99200e-09
-6.75302e-09 1.41846e-08 2.35360e-08 6.60483e-09-6.00680e-09 1.56474e-09
 7.70208e-09 5.15346e-10-3.46101e-09 2.55471e-09 4.93819e-09 8.66558e-10
 2.42277e-10 2.46158e-09 1.87427e-09 1.36579e-09 3.23383e-09 4.50761e-09
 4.55989e-09 4.38841e-09 3.32085e-09 1.24076e-09-1.01164e-09-2.98949e-09
-4.45799e-09-5.29605e-09-5.71045e-09-6.00933e-09-6.34340e-09-6.63016e-09
-6.58556e-09-5.87496e-09-4.30452e-09-1.94372e-09 8.70615e-10 3.63313e-09
 5.80144e-09 6.92167e-09 6.74398e-09 5.31017e-09 2.96957e-09 2.80686e-10
-2.17364e-09-3.96424e-09-4.90203e-09-5.01172e-09-4.43417e-09-3.32042e-09
-1.78294e-09 6.71377e-11 2.04798e-09 3.88649e-09 5.28454e-09 6.02560e-09
 6.03478e-09 5.34390e-09 4.01322e-09 2.11742e-09-1.70772e-10-2.49851e-09
-4.38235e-09-5.39900e-09-5.37221e-09-4.40512e-09-2.77084e-09-7.99583e-10
 1.15057e-09 2.68314e-09 3.41214e-09 3.09406e-09 1.75111e-09-3.13408e-10
-2.60893e-09-4.59188e-09-5.78098e-09-5.84205e-09-4.65905e-09-2.39348e-09
 5.04937e-10 3.38594e-09 5.58135e-09 6.60595e-09 6.29093e-09 4.80990e-09
 2.60574e-09 2.64860e-10-1.60989e-09-2.51895e-09-2.19109e-09-6.90869e-10
 1.55119e-09 3.83005e-09 5.37261e-09 5.59829e-09 4.33075e-09 1.85815e-09
-1.18211e-09-4.02241e-09-5.99209e-09-6.68118e-09-6.00698e-09-4.20367e-09
-1.77114e-09 6.19186e-10 2.28630e-09 2.75768e-09 1.96549e-09 3.11882e-10
-1.45750e-09-2.53507e-09-2.36620e-09-8.56714e-10 1.59986e-09 4.26324e-09
 6.29789e-09 7.04601e-09 6.22924e-09 4.02304e-09 9.88574e-10-2.11319e-09
-4.55764e-09-5.86570e-09-5.92911e-09-5.01830e-09-3.67220e-09-2.51545e-09
-2.06060e-09-2.53447e-09-3.77636e-09-5.26237e-09-6.26530e-09-6.10773e-09
-4.43396e-09-1.39991e-09 2.31516e-09 5.70877e-09 7.81436e-09 8.08531e-09
 6.62838e-09 4.15977e-09 1.69191e-09 9.42511e-11-2.68164e-10 3.49346e-10
 1.24434e-09 1.62608e-09 9.83783e-10-6.82709e-10-2.84808e-09-4.66762e-09
-5.32419e-09-4.36830e-09-1.90835e-09 1.41538e-09 4.64982e-09 6.86356e-09
 7.48625e-09 6.51427e-09 4.47197e-09 2.13865e-09 1.89029e-10-1.06529e-09
-1.72166e-09-2.13148e-09-2.64833e-09-3.40555e-09-4.22263e-09-4.68382e-09
-4.34505e-09-2.95713e-09-6.08566e-10 2.24797e-09 4.89007e-09 6.53676e-09
 6.63585e-09 5.11509e-09 2.44553e-09-5.55692e-10-3.08554e-09-4.66732e-09
-5.24859e-09-5.07611e-09-4.48131e-09-3.72030e-09-2.91796e-09-2.08994e-09
-1.20842e-09-2.88554e-10 5.32973e-10 9.81047e-10 7.40991e-10-3.40785e-10
-2.06906e-09-3.87285e-09-4.99838e-09-4.83512e-09-3.20055e-09-4.34830e-10
 2.73240e-09 5.46004e-09 7.08715e-09 7.33394e-09 6.35102e-09 4.60461e-09
 2.65700e-09 9.53332e-10-2.88322e-10-1.05128e-09-1.40161e-09-1.37225e-09
-9.38291e-10-9.79029e-11 1.00947e-09 2.04900e-09 2.57088e-09 2.21355e-09
 9.25214e-10-9.32412e-10-2.67573e-09-3.56326e-09-3.12171e-09-1.37849e-09
 1.12512e-09 3.55475e-09 5.12757e-09 5.41666e-09 4.48495e-09 2.80276e-09
 1.00464e-09-3.80196e-10-1.09450e-09-1.16935e-09-8.24653e-10-3.32111e-10
 7.74845e-11 2.30568e-10-1.16103e-11-7.50208e-10-1.99058e-09-3.56003e-09
-5.07332e-09-6.00828e-09-5.89851e-09-4.56615e-09-2.26671e-09 3.46868e-10
 2.44825e-09 3.36788e-09 2.88033e-09 1.30390e-09-6.41579e-10-2.14990e-09
-2.65936e-09-2.04196e-09-5.85678e-10 1.18236e-09 2.72733e-09 3.68770e-09
 3.93828e-09 3.54400e-09 2.67344e-09 1.53411e-09 3.48062e-10-6.55893e-10
-1.28023e-09-1.44014e-09-1.23226e-09-9.15839e-10-7.89003e-10-1.01906e-09
-1.52487e-09-1.99206e-09-2.03467e-09-1.43002e-09-2.93539e-10 9.24156e-10
 1.63898e-09 1.43507e-09 3.00274e-10-1.34090e-09-2.81429e-09-3.49323e-09
-3.05071e-09-1.56133e-09 5.61901e-10 2.73865e-09 4.41497e-09 5.20996e-09
 4.98809e-09 3.87041e-09 2.20231e-09 4.72992e-10-8.20094e-10-1.33833e-09
-1.03807e-09-1.92553e-10 7.44677e-10 1.37513e-09 1.54687e-09 1.38285e-09
 1.13807e-09 9.87134e-10 8.80788e-10 5.62504e-10-2.60234e-10-1.69277e-09
-3.52038e-09-5.25295e-09-6.32496e-09-6.34033e-09-5.23264e-09-3.27476e-09
-9.72409e-10 1.08208e-09 2.35724e-09 2.52975e-09 1.60822e-09-3.08217e-11
-1.75107e-09-2.89293e-09-3.03954e-09-2.17868e-09-6.66459e-10 9.92845e-10
 2.41802e-09 3.50411e-09 4.36301e-09 5.09895e-09 5.59625e-09 5.50873e-09
 4.48938e-09 2.49624e-09-6.12296e-11-2.45158e-09-3.94145e-09-4.10554e-09
-2.96510e-09-9.23670e-10 1.41310e-09 3.41797e-09 4.56781e-09 4.52873e-09
 3.22663e-09 8.98814e-10-1.91619e-09-4.50571e-09-6.22347e-09-6.73084e-09
-6.08108e-09-4.58848e-09-2.59932e-09-3.60882e-10 1.91953e-09 3.92142e-09
 5.15930e-09 5.15310e-09 3.74605e-09 1.34432e-09-1.11843e-09-2.52073e-09
-2.05985e-09-6.50020e-10
     0.0000e+00     0.0000e+00      0  0  0.00
     512   1.00000  0.0000e+00
 2.45820e-09 2.92274e-09 3.35043e-09 3.69861e-09 3.93261e-09 4.03543e-09
 4.00663e-09 3.85361e-09 3.58363e-09 3.20170e-09 2.71222e-09 2.11931e-09
 1.42522e-09 6.32395e-10-2.48978e-10-1.19625e-09-2.17886e-09-3.16615e-09
-4.12815e-09-5.03228e-09-5.84778e-09-6.55804e-09-7.16566e-09-7.68166e-09
-8.10826e-09-8.43102e-09-8.62442e-09-8.66216e-09-8.52276e-09-8.19093e-09
-7.65995e-09-6.93562e-09-6.03604e-09-4.98651e-09-3.81532e-09-2.55348e-09
-1.23464e-09 1.10804e-10 1.46762e-09 2.84255e-09 4.25268e-09 5.70055e-09
 7.16018e-09 8.58792e-09 9.94343e-09 1.11983e-08 1.23309e-08 1.33214e-08
 1.41530e-08 1.48109e-08 1.52786e-08 1.55386e-08 1.55817e-08 1.54189e-08
 1.50860e-08 1.46438e-08 1.41810e-08 1.37979e-08 1.35462e-08 1.33554e-08
 1.30217e-08 1.22862e-08 1.09589e-08 9.01286e-09 6.59911e-09 3.97212e-09
 1.36210e-09-1.13757e-09-3.60521e-09-6.23474e-09-9.23390e-09-1.27407e-08
-1.67822e-08-2.12584e-08-2.59330e-08-3.04464e-08-3.43788e-08-3.73875e-08
-3.94109e-08-4.08874e-08-4.29033e-08-4.71824e-08-5.58184e-08-7.06515e-08
-9.22514e-08-1.18656e-07-1.44238e-07-1.59260e-07-1.50805e-07-1.05698e-07
-1.57661e-08 1.15095e-07 2.66630e-07 4.07146e-07 5.01521e-07 5.13952e-07
 4.18572e-07 2.21674e-07-3.02687e-08-2.66783e-07-4.19148e-07-4.47950e-07
-3.64416e-07-2.26694e-07-1.05967e-07-4.50087e-08-3.71556e-08-3.83682e-08
-5.22200e-09 6.90408e-08 1.50091e-07 1.90957e-07 1.65292e-07 8.06907e-08
-2.53917e-08-9.98019e-08-1.03053e-07-3.70871e-08 6.08525e-08 1.51537e-07
 2.17481e-07 2.61084e-07 2.86701e-07 2.84334e-07 2.35170e-07 1.32020e-07
-1.30899e-08-1.74348e-07-3.19478e-07-4.20014e-07-4.60961e-07-4.41679e-07
-3.69742e-07-2.55329e-07-1.09496e-07 4.93176e-08 1.85566e-07 2.54378e-07
 2.32365e-07 1.46464e-07 6.49181e-08 4.25332e-08 7.01765e-08 9.11813e-08
 7.08664e-08 3.18335e-08 1.19808e-08 1.28125e-08 1.15249e-08 1.92211e-09
-5.76878e-09-9.44602e-09-1.33597e-08-1.55005e-08-1.41206e-08-1.28885e-08
-1.24328e-08-1.04317e-08-8.29415e-09-7.41959e-09-6.24859e-09-4.85502e-09
-4.17609e-09-3.34031e-09-2.27422e-09-1.62549e-09-9.65414e-10-3.33603e-10
-1.89939e-11 4.23764e-10 9.55635e-10 1.42173e-09 2.03833e-09 2.57463e-09
 2.89293e-09 3.08358e-09 3.00882e-09 2.75059e-09 2.37315e-09 1.76006e-09
 9.69588e-10 5.57976e-12-1.10387e-09-2.22415e-09-3.28790e-09-4.16149e-09
-4.74739e-09-5.03133e-09-4.98991e-09-4.65248e-09-4.04757e-09-3.22563e-09
-2.27667e-09-1.28307e-09-3.45298e-10 4.40165e-10 9.96500e-10 1.30002e-09
 1.40132e-09 1.37658e-09 1.30321e-09 1.26479e-09 1.34172e-09 1.56729e-09
 1.91931e-09 2.36509e-09 2.87067e-09 3.38053e-09 3.82639e-09 4.14003e-09
 4.25059e-09 4.10883e-09 3.70556e-09 3.04748e-09 2.17013e-09 1.18000e-09
 2.12599e-10-6.40053e-10-1.31353e-09-1.75127e-09-1.95528e-09-1.98845e-09
-1.92071e-09-1.84652e-09-1.89729e-09-2.13909e-09-2.51270e-09-2.91489e-09
-3.26181e-09-3.47660e-09-3.49896e-09-3.29120e-09-2.81364e-09-2.07481e-09
-1.20670e-09-3.91214e-10 2.79435e-10 8.12953e-10 1.23843e-09 1.56833e-09
 1.80193e-09 1.94425e-09 2.05341e-09 2.25208e-09 2.62091e-09 3.09329e-09
 3.51305e-09 3.75904e-09 3.78656e-09 3.60440e-09 3.21860e-09 2.59412e-09
 1.72006e-09 6.97060e-10-2.88893e-10-1.08111e-09-1.65812e-09-2.13068e-09
-2.62370e-09-3.18868e-09-3.80595e-09-4.41934e-09-4.98924e-09-5.49944e-09
-5.88479e-09-6.02076e-09-5.81802e-09-5.29639e-09-4.58633e-09-3.85746e-09
-3.20470e-09-2.61829e-09-2.05375e-09-1.47619e-09-8.66307e-10-2.27588e-10
 4.41158e-10 1.16169e-09 1.91877e-09 2.63026e-09 3.20673e-09 3.60285e-09
 3.82280e-09 3.92317e-09 3.99398e-09 4.10288e-09 4.26775e-09 4.48687e-09
 4.75799e-09 5.05462e-09 5.32457e-09 5.51097e-09 5.53252e-09 5.28745e-09
 4.74594e-09 3.98923e-09 3.11970e-09 2.19368e-09 1.22101e-09 1.49600e-10
-1.09151e-09-2.47015e-09-3.83932e-09-5.04474e-09-5.96335e-09-6.48965e-09
-6.57303e-09-6.23172e-09-5.51944e-09-4.53529e-09-3.41916e-09-2.25866e-09
-1.03181e-09 3.29904e-10 1.84798e-09 3.45615e-09 5.02687e-09 6.43248e-09
 7.57809e-09 8.38494e-09 8.74649e-09 8.51928e-09 7.61117e-09 6.07610e-09
 4.08506e-09 1.83827e-09-4.82361e-10-2.72017e-09-4.69920e-09-6.18581e-09
-6.96012e-09-6.93532e-09-6.20548e-09-5.00291e-09-3.59751e-09-2.22655e-09
-1.10258e-09-4.13424e-10-2.76603e-10-6.94205e-10-1.52628e-09-2.53183e-09
-3.49142e-09-4.29154e-09-4.91136e-09-5.37403e-09-5.69510e-09-5.85526e-09
-5.82434e-09-5.58654e-09-5.13284e-09-4.45208e-09-3.53114e-09-2.37044e-09
-1.01947e-09 4.13468e-10 1.79398e-09 2.99373e-09 3.91411e-09 4.50584e-09
 4.76365e-09 4.71905e-09 4.45461e-09 4.09846e-09 3.78771e-09 3.63024e-09
 3.66346e-09 3.83007e-09 4.00656e-09 4.05656e-09 3.87719e-09 3.44010e-09
 2.80067e-09 2.06535e-09 1.35431e-09 7.66194e-10 3.43310e-10 6.76600e-11
-1.18083e-10-2.90933e-10-5.18344e-10-8.27921e-10-1.20579e-09-1.60963e-09
-1.98059e-09-2.26461e-09-2.42752e-09-2.44979e-09-2.32306e-09-2.05663e-09
-1.68205e-09-1.25247e-09-8.26715e-10-4.37256e-10-7.22041e-11 3.17113e-10
 7.95573e-10 1.41242e-09 2.17005e-09 3.01431e-09 3.84282e-09 4.52689e-09
 4.95128e-09 5.05229e-09 4.83233e-09 4.35294e-09 3.70774e-09 2.98396e-09
 2.24060e-09 1.50660e-09 7.78686e-10 2.20514e-11-8.13104e-10-1.76620e-09
-2.84234e-09-3.99960e-09-5.15848e-09-6.22598e-09-7.11734e-09-7.77307e-09
-8.17103e-09-8.32397e-09-8.25863e-09-7.98514e-09-7.47444e-09-6.66371e-09
-5.49395e-09-3.95972e-09-2.14082e-09-1.93293e-10 1.69724e-09 3.36898e-09
 4.71950e-09 5.72335e-09 6.43078e-09 6.93861e-09 7.34005e-09 7.68044e-09
 7.94422e-09 8.07814e-09 8.02889e-09 7.76595e-09 7.28099e-09 6.57493e-09
 5.64527e-09 4.48205e-09 3.07486e-09 1.42591e-09-4.33156e-10-2.41933e-09
-4.38226e-09-6.11828e-09-7.42303e-09-8.15691e-09-8.28058e-09-7.84100e-09
-6.93199e-09-5.67120e-09-4.20238e-09-2.69711e-09-1.33915e-09-3.00073e-10
 2.87534e-10 3.63170e-10-2.77747e-11-7.21017e-10-1.46240e-09-1.97999e-09
-2.07063e-09-1.65416e-09-7.62051e-10 5.23796e-10 2.12322e-09 3.95831e-09
 5.91703e-09 7.82804e-09 9.47759e-09 1.06588e-08 1.12205e-08 1.10986e-08
 1.03335e-08 9.05692e-09 7.43417e-09 5.58504e-09 3.54926e-09 1.32256e-09
-1.07411e-09-3.54859e-09-5.94167e-09-8.07343e-09-9.80039e-09-1.10505e-08
-1.18258e-08-1.21839e-08-1.22034e-08-1.19398e-08-1.13898e-08-1.04935e-08
-9.17815e-09-7.41465e-09-5.23588e-09-2.70570e-09 1.09630e-10 3.10880e-09
 6.08219e-09 8.67387e-09 1.04203e-08 1.08566e-08 9.68164e-09 6.98457e-09
 3.48990e-09 8.40352e-10
     0.0000e+00     0.0000e+00      0  0  0.00
     512   1.00000  0.0000e+00
-5.49853e-10-5.16938e-10-6.18395e-10-8.84613e-10-1.28325e-09-1.73189e-09
-2.13460e-09-2.41510e-09-2.52234e-09-2.41351e-09-2.04881e-09-1.41874e-09
-5.80435e-10 3.36512e-10 1.16995e-09 1.79594e-09 2.19631e-09 2.48059e-09
 2.83374e-09 3.40691e-09 4.21703e-09 5.12511e-09 5.91104e-09 6.39155e-09
 6.50223e-09 6.30271e-09 5.92103e-09 5.47954e-09 5.04312e-09 4.61264e-09
 4.15140e-09 3.60666e-09 2.90985e-09 1.98129e-09 7.64720e-10-7.24498e-10
-2.37619e-09-4.00993e-09-5.44395e-09-6.57927e-09-7.44754e-09-8.18046e-09
-8.91516e-09-9.70714e-09-1.05220e-08-1.13071e-08-1.20737e-08-1.29131e-08
-1.39255e-08-1.50867e-08-1.61044e-08-1.63355e-08-1.48375e-08-1.05901e-08
-2.87400e-09 8.21626e-09 2.12433e-08 3.32609e-08 4.04838e-08 3.97513e-08
 3.00364e-08 1.31662e-08-6.58352e-09-2.38468e-08-3.39838e-08-3.46612e-08
-2.65458e-08-1.28087e-08 2.32756e-09 1.52914e-08 2.42422e-08 2.90772e-08
 3.06838e-08 3.01041e-08 2.80102e-08 2.45810e-08 1.97522e-08 1.36912e-08
 7.22781e-09 1.96998e-09-5.54572e-11 2.78546e-09 1.07221e-08 2.17546e-08
 3.13575e-08 3.29243e-08 1.90795e-08-1.60882e-08-7.39776e-08-1.48031e-07
-2.20795e-07-2.63083e-07-2.40631e-07-1.34447e-07 3.68901e-08 2.18017e-07
 3.43772e-07 3.70062e-07 2.88682e-07 1.25659e-07-6.56140e-08-2.16623e-07
-2.69896e-07-2.11033e-07-8.29391e-08 3.40643e-08 7.11404e-08 1.80575e-08
-7.27295e-08-1.32388e-07-1.28315e-07-7.53703e-08-7.74306e-09 4.96712e-08
 9.19299e-08 1.36719e-07 2.21032e-07 3.82153e-07 6.14677e-07 8.32397e-07
 9.01900e-07 7.23300e-07 2.65006e-07-4.26911e-07-1.20769e-06-1.85449e-06
-2.13382e-06-1.87833e-06-1.07070e-06 9.71819e-08 1.25622e-06 1.99251e-06
 2.02735e-06 1.37133e-06 3.55182e-07-5.21405e-07-8.63844e-07-6.22174e-07
-1.15534e-07 2.18385e-07 1.73652e-07-8.39225e-08-2.35474e-07-1.56904e-07
-2.52741e-09 4.35444e-08-1.01997e-08-4.45071e-08-2.37371e-08 3.91451e-11
 5.10552e-09 1.14909e-08 1.90275e-08 1.65607e-08 1.30451e-08 1.44032e-08
 1.24534e-08 8.18482e-09 7.41073e-09 6.17045e-09 3.01200e-09 1.69437e-09
 4.43189e-10-1.93474e-09-2.87835e-09-3.35641e-09-4.23568e-09-4.07345e-09
-3.79128e-09-3.82793e-09-3.25986e-09-2.84773e-09-2.66892e-09-2.26148e-09
-2.19088e-09-2.16378e-09-1.92076e-09-1.75481e-09-1.37971e-09-9.39866e-10
-6.56340e-10-3.76744e-10-2.28167e-10-8.35809e-11 1.91539e-10 5.07567e-10
 8.92908e-10 1.23194e-09 1.48601e-09 1.71588e-09 1.90875e-09 2.10045e-09
 2.25203e-09 2.30266e-09 2.21580e-09 1.98574e-09 1.69406e-09 1.40844e-09
 1.14977e-09 8.93777e-10 6.10362e-10 3.10186e-10 3.08181e-11-1.83560e-10
-3.30594e-10-4.56753e-10-6.23335e-10-8.75022e-10-1.20432e-09-1.55194e-09
-1.85794e-09-2.09910e-09-2.27288e-09-2.37516e-09-2.40358e-09-2.35116e-09
-2.18666e-09-1.88707e-09-1.49821e-09-1.11435e-09-7.96543e-10-5.27930e-10
-2.30098e-10 1.63601e-10 6.19176e-10 1.01602e-09 1.28889e-09 1.52285e-09
 1.86071e-09 2.32763e-09 2.78043e-09 3.03933e-09 3.06701e-09 3.01317e-09
 3.05141e-09 3.15673e-09 3.10196e-09 2.71759e-09 2.11548e-09 1.61113e-09
 1.40333e-09 1.34506e-09 1.09800e-09 5.29348e-10-1.13071e-10-4.61278e-10
-4.30414e-10-3.06557e-10-4.21168e-10-7.78818e-10-1.03697e-09-8.63892e-10
-3.20146e-10 1.59517e-10 2.08735e-10-9.86539e-11-3.76453e-10-3.72400e-10
-2.24411e-10-2.80620e-10-6.92384e-10-1.22471e-09-1.49051e-09-1.33431e-09
-9.60197e-10-6.97438e-10-6.60042e-10-6.69079e-10-5.00895e-10-1.47239e-10
 1.73855e-10 2.30858e-10 3.39148e-12-3.22539e-10-5.76346e-10-7.65763e-10
-1.03298e-09-1.49760e-09-2.13987e-09-2.82362e-09-3.42139e-09-3.90597e-09
-4.33415e-09-4.76010e-09-5.16735e-09-5.48032e-09-5.63418e-09-5.62320e-09
-5.47805e-09-5.20366e-09-4.74517e-09-4.02319e-09-3.00250e-09-1.70828e-09
-1.92650e-10 1.47547e-09 3.20231e-09 4.86962e-09 6.33782e-09 7.48853e-09
 8.28605e-09 8.74648e-09 8.84655e-09 8.54126e-09 7.89102e-09 7.12210e-09
 6.52783e-09 6.27521e-09 6.28077e-09 6.30207e-09 6.16081e-09 5.82471e-09
 5.24347e-09 4.16886e-09 2.24287e-09-6.77082e-10-4.27477e-09-7.85747e-09
-1.07023e-08-1.23620e-08-1.26731e-08-1.15522e-08-8.91901e-09-4.91427e-09
-1.94880e-10 4.07348e-09 6.64763e-09 6.75937e-09 4.37255e-09 2.18638e-11
-5.52227e-09-1.14037e-08-1.65832e-08-1.98317e-08-2.00703e-08-1.68779e-08
-1.07856e-08-3.11281e-09 4.55081e-09 1.08435e-08 1.48522e-08 1.61289e-08
 1.46903e-08 1.10802e-08 6.38564e-09 2.00623e-09-8.29686e-10-1.53369e-09
-3.41084e-10 1.87323e-09 4.01461e-09 5.16193e-09 4.78906e-09 2.86188e-09
-1.49134e-10-3.37023e-09-5.74801e-09-6.37927e-09-4.86883e-09-1.53407e-09
 2.67858e-09 6.52898e-09 8.92675e-09 9.30034e-09 7.74451e-09 4.93506e-09
 1.88639e-09-3.80934e-10-1.17298e-09-3.46361e-10 1.64173e-09 3.88471e-09
 5.35869e-09 5.32380e-09 3.63320e-09 8.11379e-10-2.14930e-09-4.18104e-09
-4.54746e-09-3.11990e-09-4.27290e-10 2.54484e-09 4.71815e-09 5.31031e-09
 4.12432e-09 1.62321e-09-1.25535e-09-3.47002e-09-4.29267e-09-3.60732e-09
-1.94794e-09-2.52939e-10 5.44760e-10-8.26565e-11-2.03444e-09-4.63027e-09
-6.90113e-09-7.99526e-09-7.53921e-09-5.79692e-09-3.54670e-09-1.73841e-09
-1.08494e-09-1.75078e-09-3.27783e-09-4.79816e-09-5.43301e-09-4.68911e-09
-2.67899e-09-6.66622e-11 2.23615e-09 3.48152e-09 3.42349e-09 2.42710e-09
 1.28126e-09 8.06324e-10 1.46058e-09 3.12728e-09 5.17013e-09 6.73669e-09
 7.17247e-09 6.34271e-09 4.69827e-09 3.04882e-09 2.15886e-09 2.36794e-09
 3.41629e-09 4.56388e-09 4.95773e-09 4.06286e-09 1.92610e-09-8.59877e-10
-3.46036e-09-5.20793e-09-5.90868e-09-5.89522e-09-5.80409e-09-6.18656e-09
-7.16078e-09-8.31425e-09-8.92280e-09-8.36089e-09-6.47879e-09-3.74845e-09
-1.09036e-09 5.51110e-10 6.73271e-10-5.31917e-10-2.27192e-09-3.52627e-09
-3.49573e-09-1.91504e-09 9.11549e-10 4.35498e-09 7.82254e-09 1.09999e-08
 1.38329e-08 1.62908e-08 1.80968e-08 1.86313e-08 1.71168e-08 1.30245e-08
 6.50593e-09-1.40980e-09-9.02717e-09-1.45602e-08-1.67962e-08-1.55160e-08
-1.14963e-08-6.13971e-09-9.30547e-10 3.02420e-09 5.17580e-09 5.43100e-09
 3.94100e-09 9.71747e-10-3.08183e-09-7.59971e-09-1.16850e-08-1.42900e-08
-1.45663e-08-1.23019e-08-8.16575e-09-3.53469e-09 7.53642e-11 1.68861e-09
 1.29087e-09-2.20463e-10-1.50672e-09-1.42603e-09 4.75283e-10 3.84656e-09
 7.80359e-09 1.13703e-08 1.38234e-08 1.48154e-08 1.43087e-08 1.24350e-08
 9.40863e-09 5.57679e-09 1.52386e-09-1.97316e-09-4.23211e-09-5.03077e-09
-4.76284e-09-4.22670e-09-4.13263e-09-4.61449e-09-5.08386e-09-4.61746e-09
-2.77162e-09-7.54161e-10
     0.0000e+00     0.0000e+00      0  0  0.00
     512   1.00000  0.0000e+00
-5.78540e-09-6.83233e-09-7.66124e-09-8.10201e-09-8.08117e-09-7.66572e-09
-7.01800e-09-6.29381e-09-5.55744e-09-4.76237e-09-3.79417e-09-2.53974e-09
-9.46558e-10 9.50401e-10 3.04186e-09 5.18964e-09 7.27866e-09 9.24183e-09
 1.10451e-08 1.26605e-08 1.40667e-08 1.52728e-08 1.63244e-08 1.72636e-08
 1.80669e-08 1.86175e-08 1.87486e-08 1.83311e-08 1.73379e-08 1.58438e-08
 1.39776e-08 1.18629e-08 9.57058e-09 7.09928e-09 4.40587e-09 1.47240e-09
-1.64527e-09-4.83571e-09-8.00298e-09-1.11198e-08-1.42071e-08-1.72646e-08
-2.02327e-08-2.30186e-08-2.55439e-08-2.77560e-08-2.96038e-08-3.10170e-08
-3.19153e-08-3.22424e-08-3.20007e-08-3.12557e-08-3.01004e-08-2.85990e-08
-2.67424e-08-2.44662e-08-2.17617e-08-1.88019e-08-1.59076e-08-1.33144e-08
-1.09444e-08-8.40397e-09-5.20794e-09-1.06242e-09 3.97160e-09 9.51366e-09
 1.50589e-08 2.02168e-08 2.48604e-08 2.91012e-08 3.31401e-08 3.71691e-08
 4.13869e-08 4.59912e-08 5.10153e-08 5.60972e-08 6.04000e-08 6.28254e-08
 6.24804e-08 5.92466e-08 5.42642e-08 5.01484e-08 5.07667e-08 6.04166e-08
 8.23334e-08 1.16656e-07 1.58224e-07 1.94863e-07 2.07139e-07 1.70830e-07
 6.32210e-08-1.26488e-07-3.85656e-07-6.71067e-07-9.08214e-07-1.00288e-06
-8.77995e-07-5.22450e-07-1.14508e-08 5.14691e-07 8.97929e-07 1.02481e-06
 8.82187e-07 5.68818e-07 2.43554e-07 3.74309e-08-1.31103e-08 2.91998e-08
 6.28019e-08 3.07031e-08-4.21431e-08-8.79379e-08-6.65924e-08-3.46745e-09
 2.14105e-08-7.49511e-08-3.02912e-07-5.71082e-07-7.41756e-07-7.07625e-07
-4.39727e-07-8.85159e-09 4.38023e-07 7.49077e-07 8.17264e-07 5.90831e-07
 1.03903e-07-4.95831e-07-9.80720e-07-1.12631e-06-8.11399e-07-1.04363e-07
 7.22910e-07 1.29863e-06 1.33701e-06 8.17019e-07 3.87852e-08-5.38209e-07
-6.10947e-07-2.62669e-07 1.16534e-07 1.91376e-07-1.42050e-08-2.04509e-07
-1.84208e-07-4.96772e-08 1.20093e-08-1.99139e-08-4.42959e-08-2.76946e-08
-1.32251e-08-1.14961e-08-2.58926e-09 6.66075e-09 5.67372e-09 6.08875e-09
 1.07781e-08 1.04887e-08 8.65561e-09 9.67138e-09 8.33075e-09 5.53254e-09
 4.69372e-09 2.70695e-09-1.06081e-10-1.23652e-09-2.54688e-09-3.80866e-09
-3.82807e-09-4.31728e-09-5.05740e-09-5.36857e-09-6.06091e-09-6.33046e-09
-5.85108e-09-5.23596e-09-4.17817e-09-3.12093e-09-2.40214e-09-1.61630e-09
-9.07999e-10-1.14677e-10 8.86153e-10 1.84436e-09 2.82835e-09 3.70855e-09
 4.42009e-09 5.05470e-09 5.53673e-09 5.90520e-09 6.11363e-09 6.08921e-09
 5.83675e-09 5.33380e-09 4.65051e-09 3.87188e-09 3.08966e-09 2.36507e-09
 1.66064e-09 9.13214e-10 5.31174e-11-9.69776e-10-2.15193e-09-3.38157e-09
-4.45978e-09-5.23482e-09-5.67160e-09-5.83535e-09-5.85119e-09-5.83434e-09
-5.81010e-09-5.72662e-09-5.53216e-09-5.18594e-09-4.64584e-09-3.90441e-09
-2.98929e-09-1.92920e-09-7.86002e-10 3.24458e-10 1.30406e-09 2.11901e-09
 2.78790e-09 3.39375e-09 4.04213e-09 4.72152e-09 5.28797e-09 5.63929e-09
 5.79200e-09 5.77440e-09 5.57021e-09 5.15622e-09 4.52769e-09 3.75085e-09
 2.98421e-09 2.32786e-09 1.67378e-09 8.14245e-10-3.19290e-10-1.58949e-09
-2.78712e-09-3.78399e-09-4.59838e-09-5.33559e-09-6.02783e-09-6.56586e-09
-6.83939e-09-6.87817e-09-6.79176e-09-6.60702e-09-6.18921e-09-5.31973e-09
-3.88451e-09-2.00937e-09 6.40155e-12 1.90316e-09 3.61183e-09 5.20493e-09
 6.72870e-09 8.11505e-09 9.24079e-09 1.00372e-08 1.05422e-08 1.08376e-08
 1.09272e-08 1.07247e-08 1.01763e-08 9.36375e-09 8.48390e-09 7.71622e-09
 7.06954e-09 6.37795e-09 5.46150e-09 4.26432e-09 2.86877e-09 1.42353e-09
 3.36146e-11-1.29928e-09-2.61860e-09-3.93165e-09-5.21992e-09-6.48259e-09
-7.73200e-09-8.97900e-09-1.02079e-08-1.13136e-08-1.21174e-08-1.25102e-08
-1.25455e-08-1.23834e-08-1.21799e-08-1.19668e-08-1.15738e-08-1.07422e-08
-9.38170e-09-7.66184e-09-5.85083e-09-4.13857e-09-2.56574e-09-1.02319e-09
 6.42929e-10 2.48442e-09 4.44767e-09 6.45815e-09 8.40478e-09 1.01056e-08
 1.13940e-08 1.21920e-08 1.24582e-08 1.21300e-08 1.11116e-08 9.26658e-09
 6.49447e-09 2.90118e-09-1.14106e-09-5.12782e-09-8.60024e-09-1.12449e-08
-1.29075e-08-1.35475e-08-1.31921e-08-1.19600e-08-1.01429e-08-8.20077e-09
-6.59282e-09-5.58279e-09-5.16631e-09-5.11446e-09-5.08513e-09-4.72660e-09
-3.70783e-09-1.74143e-09 1.31151e-09 5.29246e-09 9.67696e-09 1.36950e-08
 1.65987e-08 1.79087e-08 1.75333e-08 1.57467e-08 1.30669e-08 1.01392e-08
 7.66002e-09 6.24455e-09 6.22951e-09 7.52478e-09 9.60115e-09 1.16428e-08
 1.28262e-08 1.26041e-08 1.08672e-08 7.93311e-09 4.40885e-09 1.01300e-09
-1.59961e-09-3.00551e-09-3.15520e-09-2.43062e-09-1.54896e-09-1.30840e-09
-2.27416e-09-4.55662e-09-7.77705e-09-1.12131e-08-1.40535e-08-1.56639e-08
-1.57693e-08-1.45158e-08-1.24119e-08-1.01535e-08-8.37092e-09-7.39081e-09
-7.10996e-09-7.03558e-09-6.48938e-09-4.89722e-09-2.04518e-09 1.79674e-09
 5.93714e-09 9.49857e-09 1.17261e-08 1.22426e-08 1.11714e-08 9.08985e-09
 6.81699e-09 5.11267e-09 4.40209e-09 4.61576e-09 5.21264e-09 5.41302e-09
 4.55155e-09 2.37641e-09-8.38502e-10-4.40401e-09-7.49918e-09-9.50610e-09
-1.02472e-08-1.00313e-08-9.50010e-09-9.32887e-09-9.89949e-09-1.11014e-08
-1.23650e-08-1.29163e-08-1.21377e-08-9.85974e-09-6.44634e-09-2.64964e-09
 6.90485e-10 2.98337e-09 4.12428e-09 4.52025e-09 4.88391e-09 5.88380e-09
 7.81890e-09 1.04804e-08 1.32607e-08 1.54424e-08 1.65206e-08 1.64024e-08
 1.54057e-08 1.40788e-08 1.29194e-08 1.21069e-08 1.13868e-08 1.01946e-08
 7.97008e-09 4.50110e-09 1.04125e-10-4.46599e-09-8.33421e-09-1.08805e-08
-1.19937e-08-1.21032e-08-1.19753e-08-1.23502e-08-1.35784e-08-1.54427e-08
-1.72740e-08-1.83051e-08-1.80605e-08-1.65629e-08-1.42440e-08-1.16318e-08
-9.02354e-09-6.34715e-09-3.26990e-09 5.21833e-10 5.01393e-09 9.69630e-09
 1.36704e-08 1.60329e-08 1.63546e-08 1.49725e-08 1.28959e-08 1.13494e-08
 1.12056e-08 1.26241e-08 1.50619e-08 1.75880e-08 1.93003e-08 1.96467e-08
 1.85205e-08 1.61201e-08 1.26931e-08 8.34859e-09 3.07872e-09-3.00327e-09
-9.38327e-09-1.50951e-08-1.90416e-08-2.05318e-08-1.96861e-08-1.74539e-08
-1.52320e-08-1.42780e-08-1.51943e-08-1.77081e-08-2.08234e-08-2.32641e-08
-2.40034e-08-2.26184e-08-1.92991e-08-1.45680e-08-8.96713e-09-2.94137e-09
 3.07135e-09 8.52049e-09 1.27879e-08 1.54394e-08 1.65144e-08 1.66177e-08
 1.67259e-08 1.77824e-08 2.02379e-08 2.37275e-08 2.70919e-08 2.88214e-08
 2.77292e-08 2.34775e-08 1.66615e-08 8.44902e-09 5.60485e-11-7.59888e-09
-1.39257e-08-1.85063e-08-2.09513e-08-2.08901e-08-1.81283e-08-1.29541e-08
-6.50466e-09-1.58390e-09
     0.0000e+00     0.0000e+00      0  0  0.00
     512   1.00000  0.0000e+00
 2.43170e-09 3.08530e-09 3.72660e-09 4.26444e-09 4.62858e-09 4.77583e-09
 4.68134e-09 4.33792e-09 3.76730e-09 3.02460e-09 2.18085e-09 1.29375e-09
 3.89952e-10-5.31209e-10-1.48487e-09-2.49188e-09-3.57156e-09-4.72820e-09
-5.93698e-09-7.14388e-09-8.28122e-09-9.28218e-09-1.00825e-08-1.06207e-08
-1.08533e-08-1.07812e-08-1.04576e-08-9.96125e-09-9.34962e-09-8.63087e-09
-7.77298e-09-6.73618e-09-5.50024e-09-4.07304e-09-2.48502e-09-7.79145e-10
 9.99938e-10 2.81347e-09 4.62573e-09 6.39248e-09 8.05666e-09 9.56395e-09
 1.08864e-08 1.20260e-08 1.29899e-08 1.37616e-08 1.42984e-08 1.45560e-08
 1.45135e-08 1.41833e-08 1.36076e-08 1.28467e-08 1.19600e-08 1.09827e-08
 9.91577e-09 8.74172e-09 7.45073e-09 6.05694e-09 4.60097e-09 3.15065e-09
 1.80156e-09 6.62324e-10-1.81342e-10-7.00642e-10-9.24292e-10-9.02998e-10
-6.70329e-10-2.32156e-10 4.17149e-10 1.27907e-09 2.35042e-09 3.62105e-09
 5.04925e-09 6.52535e-09 7.85576e-09 8.78517e-09 9.05473e-09 8.49242e-09
 7.12914e-09 5.30367e-09 3.68006e-09 3.10428e-09 4.28514e-09 7.34798e-09
 1.13500e-08 1.38895e-08 1.10128e-08-2.31558e-09-3.09332e-08-7.73180e-08
-1.38751e-07-2.04657e-07-2.57982e-07-2.82359e-07-2.65825e-07-2.00185e-07
-8.95091e-08 4.10419e-08 1.53890e-07 2.15898e-07 2.12052e-07 1.53177e-07
 7.14332e-08 5.65878e-09-1.61165e-08 9.51280e-09 6.21088e-08 1.14708e-07
 1.52242e-07 1.75478e-07 1.90157e-07 1.95092e-07 1.83310e-07 1.57392e-07
 1.43642e-07 1.78268e-07 2.61676e-07 3.34615e-07 3.24599e-07 2.11930e-07
 3.15386e-08-1.73802e-07-3.76321e-07-5.51431e-07-6.69860e-07-7.08018e-07
-6.59968e-07-5.39623e-07-3.74850e-07-1.95962e-07-2.52389e-08 1.26374e-07
 2.56653e-07 3.62871e-07 4.30422e-07 4.34116e-07 3.57776e-07 2.19524e-07
 7.79627e-08-6.14751e-10 3.66824e-09 4.37311e-08 5.18644e-08 1.05835e-08
-3.61911e-08-4.67884e-08-3.20226e-08-2.57109e-08-3.26730e-08-3.54180e-08
-3.06977e-08-2.74861e-08-2.53984e-08-2.03906e-08-1.59586e-08-1.39699e-08
-1.11425e-08-8.02066e-09-6.70115e-09-5.41719e-09-3.66465e-09-2.87204e-09
-2.12382e-09-9.26958e-10-2.71139e-10 4.04265e-10 1.40981e-09 2.04257e-09
 2.68211e-09 3.41829e-09 3.80622e-09 4.24670e-09 4.78726e-09 5.19611e-09
 5.63375e-09 5.80744e-09 5.54643e-09 5.05253e-09 4.31470e-09 3.52776e-09
 2.82672e-09 2.09615e-09 1.34290e-09 4.68520e-10-5.65146e-10-1.64961e-09
-2.72864e-09-3.67517e-09-4.42400e-09-4.98147e-09-5.34983e-09-5.58668e-09
-5.70892e-09-5.70418e-09-5.54418e-09-5.19783e-09-4.68283e-09-4.01778e-09
-3.21344e-09-2.28833e-09-1.28245e-09-2.53115e-10 7.51327e-10 1.69763e-09
 2.57054e-09 3.35095e-09 4.00434e-09 4.52412e-09 4.95199e-09 5.30751e-09
 5.53936e-09 5.58500e-09 5.41966e-09 5.04157e-09 4.47672e-09 3.78431e-09
 3.01842e-09 2.21621e-09 1.41614e-09 6.34211e-10-1.42736e-10-9.07925e-10
-1.64468e-09-2.37204e-09-3.08382e-09-3.68398e-09-4.07430e-09-4.24888e-09
-4.25297e-09-4.13131e-09-3.92822e-09-3.65682e-09-3.29533e-09-2.85507e-09
-2.38113e-09-1.88157e-09-1.32691e-09-7.05102e-10-5.26850e-11 5.41153e-10
 9.75010e-10 1.21820e-09 1.33951e-09 1.41775e-09 1.44898e-09 1.38564e-09
 1.21608e-09 9.55878e-10 6.19585e-10 2.18905e-10-2.52805e-10-7.96138e-10
-1.35010e-09-1.80979e-09-2.08826e-09-2.16889e-09-2.12289e-09-2.02646e-09
-1.87702e-09-1.63574e-09-1.28872e-09-8.52952e-10-3.61740e-10 1.71021e-10
 7.46678e-10 1.32827e-09 1.84564e-09 2.24262e-09 2.50059e-09 2.65492e-09
 2.77436e-09 2.90030e-09 3.01604e-09 3.05901e-09 2.97694e-09 2.78667e-09
 2.53768e-09 2.24979e-09 1.93899e-09 1.64586e-09 1.40348e-09 1.22576e-09
 1.11956e-09 1.06160e-09 9.96477e-10 9.00112e-10 8.08944e-10 7.87278e-10
 9.00701e-10 1.16082e-09 1.47050e-09 1.69857e-09 1.79217e-09 1.76478e-09
 1.64457e-09 1.46648e-09 1.23122e-09 8.68253e-10 3.00525e-10-4.84157e-10
-1.45620e-09-2.56801e-09-3.71618e-09-4.74982e-09-5.56062e-09-6.12869e-09
-6.48910e-09-6.69318e-09-6.76150e-09-6.65670e-09-6.35658e-09-5.92886e-09
-5.47901e-09-5.05911e-09-4.63641e-09-4.10788e-09-3.35319e-09-2.28746e-09
-8.57185e-10 9.81943e-10 3.23823e-09 5.81115e-09 8.45468e-09 1.08482e-08
 1.27010e-08 1.37906e-08 1.39673e-08 1.31585e-08 1.13827e-08 8.80083e-09
 5.73076e-09 2.57928e-09-2.41715e-10-2.40369e-09-3.73245e-09-4.19570e-09
-3.87520e-09-2.96643e-09-1.74542e-09-5.24835e-10 3.97167e-10 8.27962e-10
 7.24749e-10 1.54261e-10-7.53480e-10-1.84439e-09-2.97369e-09-4.01137e-09
-4.85903e-09-5.48064e-09-5.89664e-09-6.14922e-09-6.26543e-09-6.23371e-09
-6.01362e-09-5.56447e-09-4.86431e-09-3.91923e-09-2.77341e-09-1.50933e-09
-2.28307e-10 9.67491e-10 1.98745e-09 2.77117e-09 3.29576e-09 3.57303e-09
 3.65034e-09 3.59419e-09 3.46057e-09 3.28046e-09 3.05135e-09 2.73664e-09
 2.28818e-09 1.66573e-09 8.47673e-10-1.48420e-10-1.25903e-09-2.39338e-09
-3.45763e-09-4.38107e-09-5.12871e-09-5.68516e-09-6.03196e-09-6.14157e-09
-5.98627e-09-5.55307e-09-4.85603e-09-3.93713e-09-2.85682e-09-1.68252e-09
-4.72064e-10 7.45792e-10 1.97261e-09 3.21745e-09 4.46976e-09 5.68630e-09
 6.80267e-09 7.76505e-09 8.55248e-09 9.16992e-09 9.62349e-09 9.89497e-09
 9.93128e-09 9.65554e-09 8.98846e-09 7.87582e-09 6.32088e-09 4.40327e-09
 2.26618e-09 7.27109e-11-2.04371e-09-3.99934e-09-5.74137e-09-7.21997e-09
-8.38246e-09-9.19123e-09-9.64643e-09-9.79192e-09-9.69720e-09-9.43116e-09
-9.04416e-09-8.55513e-09-7.94202e-09-7.14947e-09-6.11934e-09-4.82583e-09
-3.29191e-09-1.57353e-09 2.75962e-10 2.21883e-09 4.20059e-09 6.10603e-09
 7.75678e-09 8.96471e-09 9.60749e-09 9.67989e-09 9.29658e-09 8.65184e-09
 7.95514e-09 7.35938e-09 6.90495e-09 6.51244e-09 6.04072e-09 5.37775e-09
 4.49738e-09 3.43889e-09 2.23423e-09 8.56795e-10-7.51950e-10-2.59431e-09
-4.54133e-09-6.33515e-09-7.67217e-09-8.32086e-09-8.22425e-09-7.55145e-09
-6.66982e-09-6.02541e-09-5.96757e-09-6.60925e-09-7.80891e-09-9.27427e-09
-1.06949e-08-1.18032e-08-1.23469e-08-1.20461e-08-1.06192e-08-7.89027e-09
-3.91097e-09 9.81541e-10 6.20452e-09 1.10587e-08 1.49116e-08 1.73789e-08
 1.84300e-08 1.83492e-08 1.75580e-08 1.64070e-08 1.50737e-08 1.36118e-08
 1.20570e-08 1.04654e-08 8.85595e-09 7.14159e-09 5.13949e-09 2.67189e-09
-3.12129e-10-3.66778e-09-7.06108e-09-1.00478e-08-1.22194e-08-1.33731e-08
-1.36097e-08-1.32777e-08-1.27711e-08-1.23148e-08-1.18909e-08-1.13370e-08
-1.04917e-08-9.24467e-09-7.48713e-09-5.08251e-09-1.94789e-09 1.80003e-09
 5.75145e-09 9.23240e-09 1.14477e-08 1.17136e-08 9.77882e-09 6.19078e-09
 2.54471e-09 4.88153e-10
     0.0000e+00     0.0000e+00      0  0  0.00
     512   1.00000  0.0000e+00
 3.72124e-09 4.31722e-09 4.65143e-09 4.62785e-09 4.26234e-09 3.69246e-09
 3.11673e-09 2.69316e-09 2.45534e-09 2.29453e-09 2.01870e-09 1.45666e-09
 5.48604e-10-6.30286e-10-1.92170e-09-3.16732e-09-4.26544e-09-5.17953e-09
-5.91913e-09-6.52104e-09-7.03859e-09-7.53095e-09-8.04546e-09-8.59129e-09
-9.11157e-09-9.47666e-09-9.52488e-09-9.14591e-09-8.35525e-09-7.29883e-09
-6.17500e-09-5.12323e-09-4.15210e-09-3.15085e-09-1.97296e-09-5.33437e-10
 1.14373e-09 2.94931e-09 4.75091e-09 6.44390e-09 7.96880e-09 9.30569e-09
 1.04631e-08 1.14682e-08 1.23586e-08 1.31696e-08 1.39096e-08 1.45279e-08
 1.49085e-08 1.49226e-08 1.45166e-08 1.37596e-08 1.27990e-08 1.17523e-08
 1.06189e-08 9.28313e-09 7.61878e-09 5.62433e-09 3.47249e-09 1.42067e-09
-3.46400e-10-1.81869e-09-3.14256e-09-4.51446e-09-6.06852e-09-7.81913e-09
-9.67093e-09-1.14764e-08-1.31019e-08-1.44580e-08-1.54835e-08-1.61246e-08
-1.63311e-08-1.60552e-08-1.52529e-08-1.39240e-08-1.22031e-08-1.04474e-08
-9.23024e-09-9.19034e-09-1.07689e-08-1.39220e-08-1.78994e-08-2.11505e-08
-2.13988e-08-1.59592e-08-2.43206e-09 2.01268e-08 4.96601e-08 7.96385e-08
 9.83901e-08 9.02807e-08 4.26670e-08-4.04116e-08-1.32081e-07-1.95501e-07
-2.04138e-07-1.53132e-07-5.69450e-08 5.76287e-08 1.54677e-07 1.98757e-07
 1.75224e-07 1.03771e-07 2.84800e-08-1.20623e-08-1.04641e-08 1.02407e-08
 2.20492e-08 1.87818e-08 1.94434e-08 4.67312e-08 1.05722e-07 1.85178e-07
 2.71823e-07 3.47050e-07 3.71665e-07 3.01302e-07 1.16660e-07-1.83940e-07
-5.93678e-07-1.05856e-06-1.44860e-06-1.59599e-06-1.36648e-06-7.19196e-07
 2.51901e-07 1.30844e-06 2.12363e-06 2.39672e-06 1.98111e-06 9.84410e-07
-2.30568e-07-1.18674e-06-1.51751e-06-1.16837e-06-4.43195e-07 1.77713e-07
 3.54709e-07 1.19894e-07-1.86916e-07-2.50686e-07-6.75147e-08 1.14384e-07
 1.18885e-07 2.07506e-08-2.06038e-08 1.52058e-08 4.30160e-08 3.51015e-08
 2.79577e-08 2.83426e-08 1.88163e-08 7.84036e-09 5.98381e-09 2.51017e-09
-4.53517e-09-6.19847e-09-6.31110e-09-9.01898e-09-9.06911e-09-7.52478e-09
-7.70476e-09-6.42337e-09-4.08842e-09-3.10842e-09-1.48314e-09 3.93506e-10
 1.14063e-09 2.32577e-09 3.47110e-09 3.86490e-09 4.55122e-09 4.94672e-09
 4.94616e-09 5.18535e-09 5.09568e-09 4.87346e-09 4.67983e-09 4.08107e-09
 3.40116e-09 2.64600e-09 1.79465e-09 1.09385e-09 3.58956e-10-3.49572e-10
-9.94068e-10-1.67137e-09-2.27615e-09-2.83227e-09-3.30215e-09-3.68013e-09
-4.04580e-09-4.34995e-09-4.53715e-09-4.54488e-09-4.38264e-09-4.11371e-09
-3.75889e-09-3.34065e-09-2.86703e-09-2.32483e-09-1.68076e-09-9.43091e-10
-1.93305e-10 5.03424e-10 1.15604e-09 1.81117e-09 2.47907e-09 3.12138e-09
 3.69415e-09 4.16868e-09 4.52251e-09 4.73469e-09 4.80527e-09 4.76529e-09
 4.63118e-09 4.36955e-09 3.95414e-09 3.42129e-09 2.83011e-09 2.20863e-09
 1.56057e-09 8.79850e-10 1.38248e-10-6.82058e-10-1.51799e-09-2.24313e-09
-2.77793e-09-3.16439e-09-3.51263e-09-3.84997e-09-4.05119e-09-3.97090e-09
-3.62687e-09-3.19220e-09-2.79348e-09-2.37109e-09-1.75944e-09-8.70111e-10
 1.92544e-10 1.18955e-09 1.96766e-09 2.61253e-09 3.32522e-09 4.14463e-09
 4.84322e-09 5.14270e-09 5.00865e-09 4.65154e-09 4.23933e-09 3.69019e-09
 2.76715e-09 1.36111e-09-3.46235e-10-2.03852e-09-3.53830e-09-4.89370e-09
-6.23859e-09-7.56589e-09-8.66202e-09-9.30827e-09-9.49734e-09-9.41876e-09
-9.24948e-09-8.97753e-09-8.46480e-09-7.66142e-09-6.68981e-09-5.71930e-09
-4.80875e-09-3.88463e-09-2.85712e-09-1.73416e-09-6.04515e-10 4.54011e-10
 1.42158e-09 2.32574e-09 3.19281e-09 4.00548e-09 4.72912e-09 5.36385e-09
 5.93702e-09 6.45541e-09 6.89492e-09 7.23269e-09 7.46992e-09 7.61852e-09
 7.66675e-09 7.58434e-09 7.38064e-09 7.12053e-09 6.85608e-09 6.57662e-09
 6.25216e-09 5.89646e-09 5.56977e-09 5.32744e-09 5.14531e-09 4.88941e-09
 4.38644e-09 3.53911e-09 2.36211e-09 9.00842e-10-8.37031e-10-2.83063e-09
-4.93741e-09-6.84112e-09-8.13958e-09-8.53353e-09-7.94867e-09-6.48682e-09
-4.29071e-09-1.51994e-09 1.52102e-09 4.29630e-09 6.15234e-09 6.60676e-09
 5.60799e-09 3.52424e-09 9.00446e-10-1.71819e-09-3.75993e-09-4.57217e-09
-3.54995e-09-4.53879e-10 4.32074e-09 9.79192e-09 1.47166e-08 1.79461e-08
 1.86481e-08 1.63677e-08 1.10673e-08 3.25880e-09-5.92046e-09-1.48713e-08
-2.19514e-08-2.59801e-08-2.65462e-08-2.39900e-08-1.92044e-08-1.34177e-08
-7.98159e-09-4.10841e-09-2.54317e-09-3.30133e-09-5.66731e-09-8.47630e-09
-1.05312e-08-1.09893e-08-9.58032e-09-6.62394e-09-2.90868e-09 5.37578e-10
 2.76085e-09 3.20563e-09 1.93233e-09-3.76676e-10-2.63943e-09-3.74927e-09
-2.95209e-09-9.61267e-11 4.30371e-09 9.22083e-09 1.34548e-08 1.60236e-08
 1.64730e-08 1.50038e-08 1.23751e-08 9.61766e-09 7.65780e-09 6.97997e-09
 7.45438e-09 8.40091e-09 8.86084e-09 7.98575e-09 5.39965e-09 1.37452e-09
-3.24659e-09-7.34187e-09-9.90847e-09-1.04146e-08-8.98596e-09-6.35810e-09
-3.59450e-09-1.67184e-09-1.10592e-09-1.77043e-09-2.97260e-09-3.76053e-09
-3.34014e-09-1.42081e-09 1.65074e-09 5.01918e-09 7.66520e-09 8.82723e-09
 8.31622e-09 6.58325e-09 4.51316e-09 3.03216e-09 2.70311e-09 3.48916e-09
 4.78149e-09 5.67950e-09 5.40508e-09 3.66323e-09 7.87618e-10-2.39516e-09
-4.92785e-09-6.14988e-09-5.98402e-09-4.94560e-09-3.88415e-09-3.58387e-09
-4.40089e-09-6.09992e-09-7.96623e-09-9.14591e-09-9.05517e-09-7.65856e-09
-5.47960e-09-3.34251e-09-1.97273e-09-1.64952e-09-2.08614e-09-2.59655e-09
-2.45612e-09-1.27858e-09 7.74093e-10 3.05827e-09 4.76467e-09 5.33278e-09
 4.75553e-09 3.60627e-09 2.75870e-09 2.94299e-09 4.37464e-09 6.64398e-09
 8.91108e-09 1.03022e-08 1.03108e-08 9.00446e-09 6.93385e-09 4.79845e-09
 3.06714e-09 1.77042e-09 5.76068e-10-9.02404e-10-2.75317e-09-4.59882e-09
-5.74342e-09-5.57070e-09-3.96918e-09-1.53486e-09 5.79230e-10 1.11579e-09
-7.32555e-10-4.93117e-09-1.05747e-08-1.62419e-08-2.05397e-08-2.25482e-08
-2.19672e-08-1.89751e-08-1.39697e-08-7.38615e-09 2.98652e-10 8.41502e-09
 1.59626e-08 2.16736e-08 2.43491e-08 2.33482e-08 1.89801e-08 1.25590e-08
 6.01996e-09 1.21986e-09-7.58684e-10 5.12463e-11 2.66845e-09 5.70032e-09
 7.92765e-09 8.66551e-09 7.81553e-09 5.68949e-09 2.76005e-09-5.08261e-10
-3.67931e-09-6.28277e-09-7.82264e-09-7.95520e-09-6.75918e-09-4.89047e-09
-3.44288e-09-3.49711e-09-5.54910e-09-9.14168e-09-1.29559e-08-1.53563e-08
-1.51028e-08-1.18567e-08-6.26407e-09 3.57662e-10 6.53677e-09 1.11134e-08
 1.34526e-08 1.33779e-08 1.10118e-08 6.77625e-09 1.63121e-09-2.63918e-09
-3.40328e-09-1.26631e-09
     0.0000e+00     0.0000e+00      0  0  0.00
     512   1.00000  0.0000e+00
 6.83729e-10 3.24045e-10-1.02019e-10-5.28651e-10-9.04840e-10-1.18143e-09
-1.29249e-09-1.17775e-09-8.39547e-10-3.73866e-10 6.37023e-11 3.27063e-10
 3.26245e-10 3.54023e-11-5.06127e-10-1.17877e-09-1.78198e-09-2.08680e-09
-1.93036e-09-1.29236e-09-3.09095e-10 7.66011e-10 1.62696e-09 2.00133e-09
 1.76023e-09 1.00839e-09 7.39789e-11-6.34727e-10-8.28803e-10-4.58762e-10
 3.12160e-10 1.22840e-09 2.05674e-09 2.64644e-09 2.94674e-09 3.00037e-09
 2.91271e-09 2.80353e-09 2.76759e-09 2.85842e-09 3.07907e-09 3.36783e-09
 3.60649e-09 3.68789e-09 3.61875e-09 3.56839e-09 3.79646e-09 4.48863e-09
 5.59644e-09 6.75750e-09 7.31526e-09 6.43692e-09 3.33930e-09-2.38375e-09
-1.03969e-08-1.93744e-08-2.71092e-08-3.11429e-08-2.97330e-08-2.26811e-08
-1.15993e-08 5.27690e-10 1.03247e-08 1.51603e-08 1.39838e-08 7.56159e-09
-1.93363e-09-1.18036e-08-1.98153e-08-2.48608e-08-2.70271e-08-2.71937e-08
-2.64668e-08-2.56908e-08-2.51609e-08-2.45679e-08-2.31609e-08-2.00876e-08
-1.48265e-08-7.54977e-09 7.45622e-10 8.40437e-09 1.35454e-08 1.47050e-08
 1.16364e-08 6.14986e-09 2.74075e-09 8.62512e-09 3.27289e-08 8.32424e-08
 1.63600e-07 2.67522e-07 3.75957e-07 4.58157e-07 4.75492e-07 3.93028e-07
 2.03744e-07-5.52474e-08-3.14321e-07-4.97368e-07-5.49541e-07-4.63472e-07
-2.87824e-07-1.07810e-07-3.90889e-09-9.57812e-09-9.89738e-08-2.13400e-07
-3.02021e-07-3.44260e-07-3.39188e-07-2.80915e-07-1.57417e-07 1.15650e-08
 1.38692e-07 1.20620e-07-2.34340e-08-1.07398e-07 4.40790e-08 3.94650e-07
 7.34054e-07 8.72457e-07 7.43951e-07 3.82421e-07-1.15654e-07-5.99853e-07
-8.89424e-07-8.36428e-07-4.03343e-07 2.86467e-07 9.67745e-07 1.33485e-06
 1.18469e-06 5.38905e-07-3.22753e-07-9.79596e-07-1.11032e-06-7.11541e-07
-1.21024e-07 2.26700e-07 1.53141e-07-1.30371e-07-2.69535e-07-1.46634e-07
 4.27964e-08 8.96604e-08 2.18218e-08-1.34366e-08 1.47305e-08 3.53038e-08
 2.98610e-08 3.14432e-08 3.74331e-08 3.07291e-08 2.46930e-08 2.66738e-08
 2.34588e-08 1.70150e-08 1.58580e-08 1.35435e-08 8.61396e-09 7.11173e-09
 5.76476e-09 2.82308e-09 2.23878e-09 1.80047e-09 1.25583e-10-1.92948e-10
-6.23818e-10-1.52773e-09-1.25682e-09-1.40332e-09-2.18598e-09-2.78639e-09
-3.95860e-09-4.71953e-09-4.42591e-09-3.76551e-09-2.63696e-09-1.75774e-09
-1.60815e-09-1.67349e-09-1.88335e-09-1.77267e-09-1.07712e-09-8.12367e-11
 1.08471e-09 1.98747e-09 2.43645e-09 2.56277e-09 2.49528e-09 2.52063e-09
 2.72096e-09 3.03321e-09 3.31590e-09 3.39706e-09 3.26885e-09 2.94816e-09
 2.44179e-09 1.75465e-09 9.46259e-10 1.52943e-10-5.19924e-10-1.03476e-09
-1.41769e-09-1.69779e-09-1.89301e-09-2.09204e-09-2.44549e-09-2.99710e-09
-3.58121e-09-3.96077e-09-4.00552e-09-3.71727e-09-3.18282e-09-2.53408e-09
-1.89534e-09-1.36508e-09-1.02303e-09-8.67437e-10-7.76678e-10-5.97692e-10
-2.21202e-10 3.99155e-10 1.16856e-09 1.83087e-09 2.16098e-09 2.14975e-09
 1.94460e-09 1.69502e-09 1.49054e-09 1.35749e-09 1.29653e-09 1.33531e-09
 1.46713e-09 1.55822e-09 1.44583e-09 1.12489e-09 7.76137e-10 6.44146e-10
 8.84140e-10 1.46035e-09 2.18943e-09 2.90679e-09 3.57255e-09 4.21216e-09
 4.82872e-09 5.42917e-09 6.06850e-09 6.81195e-09 7.66915e-09 8.52555e-09
 9.12454e-09 9.18982e-09 8.58422e-09 7.36462e-09 5.72775e-09 3.87810e-09
 1.93114e-09-6.89067e-11-2.10843e-09-4.18156e-09-6.26508e-09-8.31104e-09
-1.02208e-08-1.18153e-08-1.28916e-08-1.33344e-08-1.31948e-08-1.26804e-08
-1.20354e-08-1.14042e-08-1.07766e-08-1.00227e-08-9.01649e-09-7.75153e-09
-6.32228e-09-4.84266e-09-3.42682e-09-2.18808e-09-1.20791e-09-5.12375e-10
-5.82691e-11 2.85785e-10 6.90484e-10 1.22033e-09 1.74538e-09 2.01751e-09
 1.83826e-09 1.23454e-09 5.17525e-10 8.98741e-11 1.62341e-10 6.71052e-10
 1.38169e-09 2.04156e-09 2.55720e-09 3.06575e-09 3.77634e-09 4.78459e-09
 6.04775e-09 7.39763e-09 8.53850e-09 9.18887e-09 9.31069e-09 9.14156e-09
 9.00416e-09 9.10451e-09 9.42251e-09 9.74869e-09 9.87208e-09 9.71098e-09
 9.24089e-09 8.37972e-09 6.99362e-09 4.98787e-09 2.39494e-09-6.12900e-10
-3.79606e-09-6.89839e-09-9.61442e-09-1.15739e-08-1.24640e-08-1.22380e-08
-1.11944e-08-9.83230e-09-8.64236e-09-7.98823e-09-8.07269e-09-8.93175e-09
-1.04041e-08-1.21067e-08-1.35052e-08-1.40578e-08-1.33641e-08-1.13001e-08
-8.08125e-09-4.23249e-09-4.86380e-10 2.40960e-09 3.91543e-09 3.82873e-09
 2.32180e-09-8.59988e-11-2.63490e-09-4.49945e-09-5.01557e-09-3.90046e-09
-1.34621e-09 2.05704e-09 5.51986e-09 8.29396e-09 9.87458e-09 1.01364e-08
 9.37561e-09 8.21571e-09 7.41001e-09 7.60148e-09 9.09317e-09 1.17138e-08
 1.48437e-08 1.76109e-08 1.91941e-08 1.91032e-08 1.73263e-08 1.43086e-08
 1.07769e-08 7.48233e-09 4.95303e-09 3.33078e-09 2.35423e-09 1.49542e-09
 1.96650e-10-1.86920e-09-4.62851e-09-7.61832e-09-1.01555e-08-1.15772e-08
-1.14707e-08-9.82759e-09-7.08267e-09-4.01377e-09-1.51044e-09-2.77452e-10
-5.73624e-10-2.10504e-09-4.13750e-09-5.78013e-09-6.32631e-09-5.52265e-09
-3.66242e-09-1.46868e-09 2.02130e-10 7.36756e-10 4.71269e-11-1.40088e-09
-2.83461e-09-3.57204e-09-3.36381e-09-2.50227e-09-1.65175e-09-1.50183e-09
-2.41622e-09-4.22477e-09-6.24413e-09-7.54261e-09-7.35042e-09-5.42143e-09
-2.16257e-09 1.54136e-09 4.70687e-09 6.62254e-09 7.04848e-09 6.20963e-09
 4.63607e-09 2.93809e-09 1.59512e-09 8.12710e-10 4.98466e-10 3.85413e-10
 2.41815e-10 3.29698e-11-6.48796e-11 2.11295e-10 1.03769e-09 2.36654e-09
 3.87115e-09 4.98928e-09 5.07921e-09 3.68827e-09 8.45983e-10-2.80265e-09
-6.17165e-09-8.17533e-09-8.20368e-09-6.37237e-09-3.43181e-09-4.06243e-10
 1.84889e-09 2.97169e-09 3.16479e-09 2.97679e-09 2.89015e-09 2.95213e-09
 2.71802e-09 1.59462e-09-6.30106e-10-3.46114e-09-5.84188e-09-6.70089e-09
-5.54943e-09-2.76635e-09 5.73697e-10 3.21670e-09 4.32602e-09 3.87093e-09
 2.60196e-09 1.59010e-09 1.56379e-09 2.46139e-09 3.52054e-09 3.85412e-09
 3.09447e-09 1.63385e-09 3.08561e-10-2.01062e-10 1.92271e-10 9.75165e-10
 1.39620e-09 9.43159e-10-3.27019e-10-1.78156e-09-2.56632e-09-2.15753e-09
-7.67226e-10 7.22375e-10 1.31514e-09 5.66504e-10-1.14885e-09-2.96201e-09
-4.13583e-09-4.48855e-09-4.34576e-09-4.15812e-09-4.12380e-09-4.05619e-09
-3.51876e-09-2.11714e-09 1.86350e-10 2.90332e-09 5.16523e-09 6.18073e-09
 5.71730e-09 4.21785e-09 2.43039e-09 8.69596e-10-4.12191e-10-1.58890e-09
-2.66760e-09-3.35738e-09-3.29546e-09-2.36376e-09-8.09709e-10 8.66486e-10
 2.11991e-09 2.56268e-09 2.14189e-09 1.22437e-09 4.26223e-10 1.56217e-10
 1.65387e-10 7.85929e-11
     0.0000e+00     0.0000e+00      0  0  0.00
     512   1.00000  0.0000e+00
 8.78079e-10 1.02139e-09 1.23004e-09 1.50890e-09 1.82477e-09 2.10503e-09
 2.26229e-09 2.23255e-09 2.00352e-09 1.61826e-09 1.15441e-09 6.88695e-10
 2.63263e-10-1.27068e-10-5.19462e-10-9.54125e-10-1.45355e-09-2.01759e-09
-2.62637e-09-3.24351e-09-3.82103e-09-4.30922e-09-4.66841e-09-4.87885e-09
-4.94858e-09-4.91438e-09-4.82666e-09-4.71948e-09-4.58590e-09-4.37898e-09
-4.03820e-09-3.52318e-09-2.83591e-09-2.02126e-09-1.14459e-09-2.58810e-10
 6.16510e-10 1.48989e-09 2.37673e-09 3.28289e-09 4.20080e-09 5.11130e-09
 5.98561e-09 6.78966e-09 7.49147e-09 8.06701e-09 8.50376e-09 8.80513e-09
 8.98942e-09 9.07186e-09 9.03807e-09 8.83781e-09 8.41481e-09 7.75402e-09
 6.91407e-09 6.02362e-09 5.23228e-09 4.62487e-09 4.14834e-09 3.61688e-09
 2.80491e-09 1.56440e-09-1.04259e-10-2.05285e-09-4.04590e-09-5.85618e-09
-7.35924e-09-8.57974e-09-9.66314e-09-1.07990e-08-1.21410e-08-1.37351e-08
-1.54582e-08-1.70117e-08-1.80050e-08-1.81038e-08-1.71689e-08-1.53490e-08
-1.31312e-08-1.13479e-08-1.11054e-08-1.36020e-08-1.97961e-08-2.98845e-08
-4.26073e-08-5.45578e-08-5.98726e-08-5.07783e-08-1.94134e-08 3.88965e-08
 1.21186e-07 2.12318e-07 2.85712e-07 3.15563e-07 2.89648e-07 2.07607e-07
 7.80308e-08-7.45535e-08-2.11297e-07-2.95531e-07-3.08378e-07-2.57284e-07
-1.76485e-07-1.11337e-07-9.10687e-08-1.11652e-07-1.41097e-07-1.43016e-07
-1.03918e-07-4.26195e-08 6.19309e-09 1.74318e-08-1.16156e-08-6.58650e-08
-1.20529e-07-1.42159e-07-9.50125e-08 3.69710e-08 2.36595e-07 4.68255e-07
 6.96048e-07 8.80314e-07 9.68786e-07 9.05714e-07 6.56286e-07 2.30121e-07
-3.06145e-07-8.34742e-07-1.21670e-06-1.33841e-06-1.15772e-06-7.30941e-07
-2.03399e-07 2.44014e-07 4.74060e-07 4.57801e-07 2.85329e-07 1.06875e-07
 3.42697e-08 7.28578e-08 1.39308e-07 1.49984e-07 9.64762e-08 3.50720e-08
 1.21502e-08 1.90049e-08 2.17611e-08 9.86956e-09-3.33845e-09-1.00202e-08
-1.41757e-08-1.75171e-08-1.78554e-08-1.62691e-08-1.46131e-08-1.19648e-08
-8.33811e-09-5.31990e-09-2.90839e-09-6.96991e-10 7.25760e-10 1.52637e-09
 2.24381e-09 2.64580e-09 2.81304e-09 3.04355e-09 3.09366e-09 2.92972e-09
 2.68181e-09 2.19295e-09 1.53070e-09 8.53251e-10 1.61851e-10-4.07375e-10
-8.16014e-10-1.16282e-09-1.44152e-09-1.70340e-09-1.99162e-09-2.26372e-09
-2.51410e-09-2.69864e-09-2.78794e-09-2.80844e-09-2.74748e-09-2.59682e-09
-2.35875e-09-2.04939e-09-1.70815e-09-1.34417e-09-9.58422e-10-5.57835e-10
-1.43483e-10 2.87427e-10 7.40978e-10 1.20293e-09 1.64617e-09 2.05737e-09
 2.43604e-09 2.76631e-09 3.00466e-09 3.11977e-09 3.11520e-09 3.00570e-09
 2.80631e-09 2.54454e-09 2.24608e-09 1.90628e-09 1.50346e-09 1.02556e-09
 4.78497e-10-1.02656e-10-6.73084e-10-1.22499e-09-1.76446e-09-2.25249e-09
-2.63739e-09-2.91537e-09-3.09981e-09-3.18606e-09-3.18681e-09-3.12114e-09
-2.95704e-09-2.65865e-09-2.26194e-09-1.82116e-09-1.33793e-09-7.93602e-10
-1.92858e-10 4.30820e-10 1.01109e-09 1.49052e-09 1.89240e-09 2.28189e-09
 2.65098e-09 2.91896e-09 3.02836e-09 2.98336e-09 2.82979e-09 2.62296e-09
 2.37504e-09 2.03322e-09 1.55692e-09 1.00725e-09 4.94780e-10 5.36347e-11
-3.66023e-10-8.11825e-10-1.26960e-09-1.64945e-09-1.85369e-09-1.88074e-09
-1.80932e-09-1.70027e-09-1.55379e-09-1.33405e-09-1.03928e-09-7.38158e-10
-5.06054e-10-3.67510e-10-2.99688e-10-2.54256e-10-2.20246e-10-2.54794e-10
-4.01475e-10-6.32411e-10-8.86882e-10-1.11421e-09-1.29872e-09-1.45627e-09
-1.58465e-09-1.65475e-09-1.65256e-09-1.57681e-09-1.42487e-09-1.20951e-09
-9.35788e-10-5.77398e-10-1.27521e-10 3.77204e-10 9.02816e-10 1.42973e-09
 1.93349e-09 2.39516e-09 2.80863e-09 3.16696e-09 3.45863e-09 3.67544e-09
 3.80491e-09 3.80997e-09 3.65086e-09 3.33485e-09 2.89384e-09 2.32641e-09
 1.62065e-09 7.91982e-10-1.39824e-10-1.14131e-09-2.13395e-09-3.04233e-09
-3.81810e-09-4.36897e-09-4.56789e-09-4.36528e-09-3.81542e-09-3.02219e-09
-2.11011e-09-1.18582e-09-3.15728e-10 4.08781e-10 8.43173e-10 8.95330e-10
 6.26790e-10 2.41019e-10-6.97797e-12 8.45684e-11 6.22025e-10 1.64203e-09
 3.12073e-09 4.93646e-09 6.80995e-09 8.29222e-09 8.89567e-09 8.28668e-09
 6.37030e-09 3.28467e-09-6.28031e-10-4.87196e-09-8.82497e-09-1.17833e-08
-1.31261e-08-1.25211e-08-1.00362e-08-6.12664e-09-1.50178e-09 3.03901e-09
 6.72206e-09 8.92367e-09 9.31233e-09 7.93134e-09 5.20519e-09 1.83826e-09
-1.40429e-09-3.90375e-09-5.30227e-09-5.55282e-09-4.89240e-09-3.74694e-09
-2.61373e-09-1.90906e-09-1.81742e-09-2.23916e-09-2.84355e-09-3.19568e-09
-2.92980e-09-1.88193e-09-1.38469e-10 1.96959e-09 3.94938e-09 5.30752e-09
 5.70293e-09 5.05166e-09 3.57290e-09 1.72105e-09 2.48921e-11-1.07680e-09
-1.36846e-09-9.21406e-10-4.34782e-11 8.44248e-10 1.35471e-09 1.28351e-09
 6.85276e-10-1.63455e-10-8.71310e-10-1.08178e-09-6.26646e-10 4.01815e-10
 1.68166e-09 2.76750e-09 3.25727e-09 2.95048e-09 1.91401e-09 4.53817e-10
-9.91860e-10-2.02197e-09-2.42366e-09-2.23489e-09-1.71690e-09-1.23961e-09
-1.11447e-09-1.46193e-09-2.16279e-09-2.89989e-09-3.29376e-09-3.07352e-09
-2.18946e-09-8.33066e-10 6.35686e-10 1.83866e-09 2.53615e-09 2.71394e-09
 2.57640e-09 2.44356e-09 2.59035e-09 3.11447e-09 3.88892e-09 4.60696e-09
 4.91435e-09 4.57509e-09 3.57808e-09 2.13977e-09 6.12583e-10-6.66585e-10
-1.51795e-09-1.98042e-09-2.27329e-09-2.67498e-09-3.36902e-09-4.34155e-09
-5.38387e-09-6.18664e-09-6.48018e-09-6.16075e-09-5.33761e-09-4.27341e-09
-3.25032e-09-2.43162e-09-1.79017e-09-1.13809e-09-2.40016e-10 1.04238e-09
 2.64481e-09 4.29832e-09 5.63903e-09 6.36982e-09 6.39172e-09 5.84295e-09
 5.02856e-09 4.27968e-09 3.81130e-09 3.64137e-09 3.61259e-09 3.50509e-09
 3.16446e-09 2.56707e-09 1.79842e-09 9.65700e-10 9.52387e-11-9.12886e-10
-2.22576e-09-3.93918e-09-5.94455e-09-7.88650e-09-9.24489e-09-9.51200e-09
-8.39436e-09-5.95636e-09-2.63569e-09 8.86010e-10 3.89611e-09 5.84428e-09
 6.44149e-09 5.65760e-09 3.66131e-09 7.56629e-10-2.64769e-09-6.03474e-09
-8.78634e-09-1.02630e-08-9.97110e-09-7.74980e-09-3.88306e-09 9.25999e-10
 5.72794e-09 9.60322e-09 1.19409e-08 1.25986e-08 1.18732e-08 1.03127e-08
 8.48489e-09 6.80324e-09 5.45517e-09 4.42698e-09 3.58760e-09 2.76934e-09
 1.80276e-09 5.23151e-10-1.19700e-09-3.36826e-09-5.80548e-09-8.12031e-09
-9.81596e-09-1.04622e-08-9.88703e-09-8.28990e-09-6.19475e-09-4.23572e-09
-2.88083e-09-2.24440e-09-2.07310e-09-1.88950e-09-1.22739e-09 1.34398e-10
 2.04846e-09 4.04628e-09 5.51860e-09 5.93997e-09 5.08372e-09 3.22289e-09
 1.29089e-09 2.34480e-10
     0.0000e+00     0.0000e+00      0  0  0.00
     512   1.00000  0.0000e+00
-4.85847e-10-6.00122e-10-6.70654e-10-6.72772e-10-6.02897e-10-4.80261e-10
-3.36616e-10-2.03121e-10-1.02642e-10-4.77847e-11-3.90788e-11-6.07917e-11
-7.96772e-11-5.35786e-11 5.08768e-11 2.39653e-10 4.80834e-10 7.09406e-10
 8.50490e-10 8.54724e-10 7.27637e-10 5.32468e-10 3.61053e-10 2.89754e-10
 3.45886e-10 4.99973e-10 6.83508e-10 8.20602e-10 8.57791e-10 7.79849e-10
 6.08647e-10 3.90812e-10 1.81842e-10 3.00099e-11-3.84570e-11-2.84212e-11
 2.59155e-11 7.49386e-11 7.69487e-11 2.24939e-11-5.49687e-11-9.49979e-11
-4.95135e-11 7.82138e-11 2.22005e-10 2.75982e-10 1.39032e-10-2.36722e-10
-8.05151e-10-1.40309e-09-1.75629e-09-1.52264e-09-3.76808e-10 1.85990e-09
 5.05071e-09 8.59618e-09 1.14507e-08 1.24164e-08 1.06274e-08 5.96273e-09
-8.26367e-10-8.32320e-09-1.48930e-08-1.92041e-08-2.06427e-08-1.94763e-08
-1.66996e-08-1.36063e-08-1.12729e-08-1.02128e-08-1.03478e-08-1.12116e-08
-1.22001e-08-1.27635e-08-1.25269e-08-1.13495e-08-9.32504e-09-6.73616e-09
-3.99706e-09-1.61018e-09-1.07230e-10 9.63422e-11-1.03837e-09-2.85711e-09
-3.75749e-09-1.13459e-09 8.31447e-09 2.77623e-08 5.88191e-08 9.96568e-08
 1.43131e-07 1.75881e-07 1.82587e-07 1.56330e-07 1.01802e-07 2.81251e-08
-5.11033e-08-1.14269e-07-1.40464e-07-1.21867e-07-6.90822e-08-7.47408e-09
 3.59230e-08 4.56539e-08 2.30006e-08-1.61380e-08-5.07526e-08-6.87256e-08
-7.36964e-08-7.84412e-08-9.29982e-08-1.19284e-07-1.54000e-07-1.92611e-07
-2.31331e-07-2.70714e-07-3.17135e-07-3.72693e-07-4.18865e-07-4.13626e-07
-3.09224e-07-7.71640e-08 2.73726e-07 6.90827e-07 1.08453e-06 1.34805e-06
 1.38648e-06 1.15066e-06 6.66320e-07 4.17722e-08-5.57063e-07-9.61868e-07
-1.06902e-06-8.86653e-07-5.34544e-07-1.87993e-07 1.29751e-08 3.60469e-08
-3.92434e-08-9.33828e-08-6.32016e-08 1.91765e-08 7.81604e-08 7.90686e-08
 5.25582e-08 4.16382e-08 5.02284e-08 5.58003e-08 4.95985e-08 4.07464e-08
 3.39503e-08 2.63015e-08 1.84611e-08 1.29891e-08 8.51405e-09 4.05700e-09
 1.24097e-09-9.20765e-11-1.13203e-09-1.38308e-09-8.78716e-10-5.37296e-10
-1.47827e-10 4.12875e-10 6.12062e-10 6.58503e-10 7.54555e-10 6.27601e-10
 4.14919e-10 1.63994e-10-2.83294e-10-7.32975e-10-1.14144e-09-1.57795e-09
-1.90815e-09-2.17522e-09-2.43746e-09-2.63797e-09-2.79144e-09-2.81334e-09
-2.64427e-09-2.34921e-09-1.95204e-09-1.51067e-09-1.07558e-09-6.45154e-10
-2.20386e-10 2.39274e-10 7.42781e-10 1.24013e-09 1.67543e-09 1.99908e-09
 2.20190e-09 2.29682e-09 2.30186e-09 2.24032e-09 2.12597e-09 1.96206e-09
 1.74428e-09 1.48018e-09 1.18205e-09 8.47367e-10 4.71860e-10 6.16170e-11
-3.69858e-10-7.99403e-10-1.18333e-09-1.47852e-09-1.67672e-09-1.78695e-09
-1.81628e-09-1.79082e-09-1.73846e-09-1.65158e-09-1.51747e-09-1.34820e-09
-1.14743e-09-8.99477e-10-5.97818e-10-2.46332e-10 1.33971e-10 4.77355e-10
 7.21107e-10 8.82550e-10 1.01244e-09 1.10983e-09 1.15395e-09 1.15215e-09
 1.10753e-09 1.01752e-09 9.04855e-10 7.71964e-10 5.74307e-10 2.99558e-10
 6.68528e-12-2.34069e-10-3.96581e-10-5.11048e-10-6.30097e-10-7.61470e-10
-8.50418e-10-8.50909e-10-7.91564e-10-7.27218e-10-6.49896e-10-5.11193e-10
-2.97455e-10-3.66114e-11 2.16410e-10 4.01557e-10 5.17046e-10 6.24436e-10
 7.72010e-10 9.53062e-10 1.11741e-09 1.22423e-09 1.29777e-09 1.36953e-09
 1.39700e-09 1.31525e-09 1.10958e-09 8.16198e-10 4.92330e-10 1.58993e-10
-2.13556e-10-6.46657e-10-1.13104e-09-1.63700e-09-2.10709e-09-2.48606e-09
-2.75295e-09-2.89919e-09-2.90856e-09-2.75913e-09-2.44801e-09-2.02046e-09
-1.52374e-09-9.53782e-10-3.01748e-10 4.05902e-10 1.13990e-09 1.87174e-09
 2.54822e-09 3.11718e-09 3.55423e-09 3.84127e-09 3.97048e-09 3.95827e-09
 3.80277e-09 3.47788e-09 2.98079e-09 2.31125e-09 1.44765e-09 4.13396e-10
-6.96123e-10-1.77921e-09-2.75603e-09-3.55267e-09-4.12402e-09-4.46735e-09
-4.57409e-09-4.40416e-09-3.94213e-09-3.25119e-09-2.45333e-09-1.68255e-09
-1.04388e-09-5.70980e-10-2.38448e-10-1.28468e-11 1.68019e-10 4.36887e-10
 9.47962e-10 1.79673e-09 2.97310e-09 4.34056e-09 5.67115e-09 6.71399e-09
 7.22317e-09 6.95434e-09 5.69664e-09 3.37990e-09 1.90798e-10-3.43027e-09
-6.90115e-09-9.62210e-09-1.10861e-08-1.09500e-08-9.08438e-09-5.66212e-09
-1.20088e-09 3.52666e-09 7.65230e-09 1.04158e-08 1.13452e-08 1.03096e-08
 7.51871e-09 3.51645e-09-9.14763e-10-4.91605e-09-7.74356e-09-8.97398e-09
-8.59095e-09-6.91483e-09-4.48668e-09-1.92769e-09 2.21447e-10 1.61999e-09
 2.20398e-09 2.19724e-09 2.00403e-09 2.03676e-09 2.55992e-09 3.58784e-09
 4.87905e-09 6.02560e-09 6.58014e-09 6.19142e-09 4.73706e-09 2.39373e-09
-4.02981e-10-3.08203e-09-5.10769e-09-6.14827e-09-6.16144e-09-5.38027e-09
-4.22839e-09-3.16770e-09-2.53109e-09-2.41915e-09-2.67758e-09-2.96362e-09
-2.89753e-09-2.22131e-09-9.00986e-10 8.45490e-10 2.61968e-09 3.98784e-09
 4.63100e-09 4.46174e-09 3.66382e-09 2.61821e-09 1.75338e-09 1.38669e-09
 1.60595e-09 2.23816e-09 2.92509e-09 3.26760e-09 2.98325e-09 2.02466e-09
 6.01439e-10-9.08560e-10-2.11114e-09-2.75111e-09-2.81158e-09-2.50552e-09
-2.16614e-09-2.09419e-09-2.42037e-09-3.04101e-09-3.66539e-09-3.94841e-09
-3.64689e-09-2.73690e-09-1.43319e-09-9.81527e-11 9.12221e-10 1.39661e-09
 1.38738e-09 1.12504e-09 9.42706e-10 1.11273e-09 1.72012e-09 2.62322e-09
 3.52233e-09 4.09709e-09 4.14623e-09 3.66960e-09 2.85425e-09 1.97316e-09
 1.25123e-09 7.61490e-10 3.99038e-10-4.98218e-11-7.77616e-10-1.83364e-09
-3.06823e-09-4.17401e-09-4.81474e-09-4.77853e-09-4.07452e-09-2.92880e-09
-1.68594e-09-6.61820e-10-1.69617e-11 2.88645e-10 4.39961e-10 6.40526e-10
 9.83664e-10 1.39712e-09 1.69545e-09 1.70754e-09 1.40269e-09 9.41404e-10
 6.15848e-10 7.04036e-10 1.31253e-09 2.29357e-09 3.28289e-09 3.84156e-09
 3.63499e-09 2.56605e-09 8.00681e-10-1.32189e-09-3.43530e-09-5.25812e-09
-6.61396e-09-7.37095e-09-7.36869e-09-6.40670e-09-4.32320e-09-1.13203e-09
 2.85710e-09 7.01786e-09 1.05298e-08 1.26120e-08 1.27718e-08 1.09598e-08
 7.56704e-09 3.27678e-09-1.15195e-09-5.07177e-09-8.03807e-09-9.80438e-09
-1.02812e-08-9.51698e-09-7.71186e-09-5.23176e-09-2.57715e-09-2.82264e-10
 1.24117e-09 1.85357e-09 1.74270e-09 1.33380e-09 1.08697e-09 1.28152e-09
 1.89731e-09 2.64892e-09 3.14127e-09 3.06200e-09 2.32129e-09 1.07743e-09
-3.49472e-10-1.61059e-09-2.43699e-09-2.68971e-09-2.35529e-09-1.51579e-09
-3.27102e-10 9.82502e-10 2.12110e-09 2.79247e-09 2.80757e-09 2.18419e-09
 1.15757e-09 8.00294e-11-7.37093e-10-1.14717e-09-1.18804e-09-9.85325e-10
-5.84922e-10-1.65143e-10
