      10
(6e12.5)
     0.0000e+00     0.0000e+00      0  0  0.00
     512   1.00000  0.0000e+00
-4.66123e-10-8.75242e-10-1.34086e-09-1.73367e-09-1.87296e-09-1.58511e-09
-7.92303e-10 4.13048e-10 1.75938e-09 2.87340e-09 3.41761e-09 3.22677e-09
 2.37866e-09 1.16633e-09-1.48204e-11-8.18242e-10-1.07283e-09-8.29085e-10
-3.05806e-10 2.25040e-10 5.46365e-10 5.51094e-10 2.42528e-10-3.00424e-10
-9.67953e-10-1.64746e-09-2.22491e-09-2.58032e-09-2.60793e-09-2.26393e-09
-1.61271e-09-8.36726e-10-1.88455e-10 1.11121e-10-1.60404e-11-4.49567e-10
-9.12099e-10-1.09149e-09-7.84625e-10 4.61475e-12 1.06091e-09 2.05156e-09
 2.67305e-09 2.77654e-09 2.41295e-09 1.78524e-09 1.14622e-09 7.00885e-10
 5.53514e-10 7.03789e-10 1.07088e-09 1.52220e-09 1.89696e-09 2.03112e-09
 1.79485e-09 1.14305e-09 1.59215e-10-9.41488e-10-1.87358e-09-2.39371e-09
-2.41261e-09-2.04310e-09-1.54891e-09-1.21455e-09-1.20614e-09-1.49891e-09
-1.90526e-09-2.18152e-09-2.15383e-09-1.79713e-09-1.22962e-09-6.34594e-10
-1.62579e-10 1.30530e-10 2.85643e-10 3.98840e-10 5.72292e-10 8.83826e-10
 1.37321e-09 2.02818e-09 2.76727e-09 3.43907e-09 3.85879e-09 3.87922e-09
 3.46692e-09 2.74156e-09 1.94540e-09 1.34161e-09 1.08570e-09 1.14143e-09
 1.29641e-09 1.27518e-09 8.85077e-10 1.07976e-10-9.10837e-10-1.95603e-09
-2.85097e-09-3.52198e-09-3.99702e-09-4.35580e-09-4.66794e-09-4.95404e-09
-5.18348e-09-5.29674e-09-5.23075e-09-4.93682e-09-4.39585e-09-3.63764e-09
-2.75581e-09-1.89313e-09-1.18048e-09-6.53573e-10-2.07809e-10 3.62251e-10
 1.25096e-09 2.52260e-09 4.05769e-09 5.59823e-09 6.86726e-09 7.69385e-09
 8.07287e-09 8.13171e-09 8.03362e-09 7.88243e-09 7.68550e-09 7.38696e-09
 6.93100e-09 6.30191e-09 5.52132e-09 4.62441e-09 3.64120e-09 2.58619e-09
 1.44703e-09 1.74152e-10-1.31123e-09-3.07666e-09-5.11641e-09-7.30632e-09
-9.41431e-09-1.11740e-08-1.23898e-08-1.30192e-08-1.31856e-08-1.31044e-08
-1.29617e-08-1.28237e-08-1.26326e-08-1.22791e-08-1.16835e-08-1.08272e-08
-9.72529e-09-8.38078e-09-6.76297e-09-4.82404e-09-2.53319e-09 9.25329e-11
 2.96617e-09 5.92170e-09 8.73244e-09 1.11653e-08 1.30545e-08 1.43604e-08
 1.51846e-08 1.57238e-08 1.61762e-08 1.66414e-08 1.70720e-08 1.73054e-08
 1.71535e-08 1.64875e-08 1.52570e-08 1.34466e-08 1.10327e-08 8.00724e-09
 4.46252e-09 6.60124e-10-3.00503e-09-6.15901e-09-8.62988e-09-1.05258e-08
-1.21584e-08-1.38667e-08-1.58365e-08-1.79949e-08-2.00225e-08-2.14768e-08
-2.19680e-08-2.12873e-08-1.94207e-08-1.64609e-08-1.25022e-08-7.58282e-09
-1.68264e-09 5.23123e-09 1.31235e-08 2.18168e-08 3.09815e-08 4.02076e-08
 4.91140e-08 5.74315e-08 6.50271e-08 7.18905e-08 7.81242e-08 8.39419e-08
 8.96328e-08 9.54419e-08 1.01355e-07 1.06812e-07 1.10413e-07 1.09698e-07
 1.01194e-07 8.09218e-08 4.55091e-08-6.40706e-09-7.32858e-08-1.50384e-07
-2.29571e-07-3.00110e-07-3.51450e-07-3.76748e-07-3.75332e-07-3.53608e-07
-3.24171e-07-3.03116e-07-3.06658e-07-3.48289e-07-4.36206e-07-5.69631e-07
-7.32838e-07-8.87426e-07-9.66623e-07-8.78675e-07-5.26508e-07 1.53156e-07
 1.13834e-06 2.28802e-06 3.37087e-06 4.14874e-06 4.41721e-06 3.97512e-06
 2.68132e-06 6.39734e-07-1.72852e-06-3.83516e-06-5.13147e-06-5.25957e-06
-4.16275e-06-2.16658e-06 5.70757e-08 1.73595e-06 2.33960e-06 1.81884e-06
 6.30804e-07-4.94765e-07-9.63164e-07-6.55343e-07 4.35613e-08 5.68634e-07
 6.07183e-07 2.90335e-07 1.54601e-09-3.60100e-09 1.92898e-07 3.17793e-07
 2.27631e-07 4.43807e-08-2.72624e-08 4.64801e-08 1.19233e-07 8.20777e-08
-3.26838e-09-2.30699e-08 1.86023e-08 3.03713e-08-1.14875e-08-4.04244e-08
-2.36720e-08-7.62652e-09-2.29224e-08-3.65093e-08-2.53014e-08-1.51867e-08
-2.12114e-08-2.27042e-08-1.26978e-08-7.15771e-09-6.71326e-09-1.31271e-09
 5.12611e-09 7.26627e-09 8.86728e-09 1.06872e-08 1.02739e-08 8.56810e-09
 6.62690e-09 4.06000e-09 1.14216e-09-1.73801e-09-4.67504e-09-7.73292e-09
-1.08947e-08-1.41198e-08-1.72404e-08-1.99591e-08-2.18941e-08-2.26268e-08
-2.17844e-08-1.91572e-08-1.48188e-08-9.16646e-09-2.82903e-09 3.48625e-09
 9.12436e-09 1.35921e-08 1.66430e-08 1.82574e-08 1.85163e-08 1.74974e-08
 1.52477e-08 1.17982e-08 7.22075e-09 1.73327e-09-4.22137e-09-9.99152e-09
-1.48022e-08-1.78728e-08-1.85749e-08-1.66077e-08-1.20907e-08-5.49706e-09
 2.49864e-09 1.10974e-08 1.93796e-08 2.63785e-08 3.12368e-08 3.33126e-08
 3.21949e-08 2.77366e-08 2.01613e-08 1.01595e-08-1.15025e-09-1.23882e-08
-2.21002e-08-2.89426e-08-3.19342e-08-3.07303e-08-2.57502e-08-1.80589e-08
-9.08775e-09-3.69784e-10 6.62667e-09 1.06654e-08 1.10108e-08 7.68867e-09
 1.53341e-09-6.04499e-09-1.34372e-08-1.91445e-08-2.19480e-08-2.10519e-08
-1.62878e-08-8.26236e-09 1.71514e-09 1.19306e-08 2.06406e-08 2.64124e-08
 2.83892e-08 2.64367e-08 2.11573e-08 1.37953e-08 6.01270e-09-4.91081e-10
-4.40442e-09-5.10611e-09-2.77246e-09 1.69322e-09 6.86508e-09 1.11034e-08
 1.29418e-08 1.14679e-08 6.58087e-09-9.48315e-10-9.64543e-09-1.77081e-08
-2.34747e-08-2.58368e-08-2.44914e-08-1.99878e-08-1.35807e-08-6.92666e-09
-1.66888e-09 1.01325e-09 7.58770e-10-1.86022e-09-5.51992e-09-8.54776e-09
-9.41946e-09-7.22918e-09-1.99033e-09 5.36186e-09 1.32610e-08 1.99434e-08
 2.38907e-08 2.42457e-08 2.11052e-08 1.55060e-08 9.06825e-09 3.47257e-09
-3.00665e-11-9.71256e-10 1.93741e-10 2.25048e-09 3.68085e-09 3.21693e-09
 2.85175e-10-4.77213e-09-1.07692e-08-1.60501e-08-1.90392e-08-1.87625e-08
-1.51658e-08-9.13380e-09-2.20176e-09 3.94583e-09 8.01736e-09 9.51319e-09
 8.83781e-09 7.08027e-09 5.54167e-09 5.18942e-09 6.26649e-09 8.21222e-09
 9.89673e-09 1.00642e-08 7.83418e-09 3.07464e-09-3.49240e-09-1.04695e-08
-1.61881e-08-1.92421e-08-1.89507e-08-1.55378e-08-9.98292e-09-3.65304e-09
 2.16927e-09 6.72640e-09 9.99438e-09 1.25178e-08 1.49575e-08 1.76162e-08
 2.01740e-08 2.17120e-08 2.10114e-08 1.70603e-08 9.58433e-09-6.70408e-10
-1.20513e-08-2.24402e-08-2.98513e-08-3.30091e-08-3.17081e-08-2.67906e-08
-1.97310e-08-1.20252e-08-4.70595e-09 1.79816e-09 7.47559e-09 1.23797e-08
 1.62959e-08 1.85921e-08 1.83721e-08 1.49229e-08 8.25271e-09-6.03710e-10
-9.73098e-09-1.68750e-08-2.01376e-08-1.85776e-08-1.25405e-08-3.59698e-09
 5.94585e-09 1.38226e-08 1.85471e-08 1.97487e-08 1.79839e-08 1.42304e-08
 9.41490e-09 4.20007e-09-9.67160e-10-5.66824e-09-9.33284e-09-1.12033e-08
-1.05274e-08-6.94476e-09-8.92405e-10 6.23332e-09 1.23586e-08 1.54161e-08
 1.41495e-08 8.68464e-09 5.87580e-10-7.66132e-09-1.35685e-08-1.55237e-08
-1.33331e-08-8.19876e-09-2.18728e-09 2.57871e-09 4.71759e-09 4.12091e-09
 2.07614e-09 4.68407e-10
     0.0000e+00     0.0000e+00      0  0  0.00
     512   1.00000  0.0000e+00
 7.56499e-10 4.50921e-10 2.34541e-11-4.38284e-10-8.14598e-10-1.00036e-09
-9.48808e-10-6.88882e-10-3.08655e-10 8.34577e-11 3.97064e-10 5.79224e-10
 6.11265e-10 4.94218e-10 2.39225e-10-1.28376e-10-5.55904e-10-9.55713e-10
-1.21743e-09-1.24285e-09-9.91224e-10-5.12918e-10 4.97644e-11 5.04618e-10
 6.82841e-10 5.11766e-10 5.05380e-11-5.30467e-10-1.01747e-09-1.23715e-09
-1.11902e-09-7.11454e-10-1.49323e-10 4.07019e-10 8.31133e-10 1.06176e-09
 1.09825e-09 9.74773e-10 7.37831e-10 4.40478e-10 1.47199e-10-6.67212e-11
-1.33143e-10-2.26034e-11 2.30034e-10 5.26486e-10 7.40158e-10 7.74374e-10
 6.14356e-10 3.38986e-10 7.95610e-11-5.32113e-11-3.24020e-11 6.92441e-11
 1.22522e-10 1.91361e-11-2.63566e-10-6.46610e-10-9.88023e-10-1.15276e-09
-1.07507e-09-7.81367e-10-3.67995e-10 4.56657e-11 3.58607e-10 5.06132e-10
 4.58992e-10 2.21358e-10-1.61176e-10-5.90637e-10-9.24064e-10-1.01477e-09
-7.76928e-10-2.38576e-10 4.52349e-10 1.08132e-09 1.45865e-09 1.50276e-09
 1.26895e-09 9.06264e-10 5.69498e-10 3.40908e-10 2.07038e-10 9.77230e-11
-4.54670e-11-2.20493e-10-3.66519e-10-4.07971e-10-3.06781e-10-9.05926e-11
 1.55737e-10 3.26082e-10 3.33555e-10 1.35185e-10-2.63319e-10-8.11645e-10
-1.41741e-09-1.95150e-09-2.27024e-09-2.26024e-09-1.89132e-09-1.24669e-09
-5.02946e-10 1.37998e-10 5.30513e-10 6.37602e-10 5.30088e-10 3.37820e-10
 1.82314e-10 1.28386e-10 1.78313e-10 3.03167e-10 4.82436e-10 7.23193e-10
 1.04968e-09 1.47405e-09 1.96850e-09 2.45573e-09 2.82284e-09 2.95355e-09
 2.77094e-09 2.27775e-09 1.57400e-09 8.34667e-10 2.49049e-10-5.35484e-11
-5.59744e-11 1.43838e-10 3.81389e-10 4.99215e-10 4.04630e-10 8.38886e-11
-4.23745e-10-1.06492e-09-1.79369e-09-2.56292e-09-3.30246e-09-3.91665e-09
-4.31436e-09-4.45010e-09-4.34279e-09-4.06009e-09-3.68647e-09-3.30138e-09
-2.97697e-09-2.78232e-09-2.77117e-09-2.94598e-09-3.22232e-09-3.43235e-09
-3.38515e-09-2.96085e-09-2.18313e-09-1.21691e-09-2.82580e-10 4.60235e-10
 9.82214e-10 1.36590e-09 1.72571e-09 2.13266e-09 2.59340e-09 3.08153e-09
 3.57642e-09 4.06265e-09 4.48366e-09 4.69103e-09 4.44690e-09 3.51742e-09
 1.85399e-09-1.94151e-10-1.73781e-09-1.38919e-09 2.43189e-09 1.09082e-08
 2.40219e-08 3.97936e-08 5.41262e-08 6.18136e-08 5.85232e-08 4.27264e-08
 1.65769e-08-1.45732e-08-4.37629e-08-6.45541e-08-7.29929e-08-6.87257e-08
-5.48717e-08-3.66722e-08-1.94125e-08-6.57820e-09 8.17456e-10 3.61615e-09
 3.37093e-09 1.45018e-09-1.35484e-09-4.76722e-09-8.66282e-09-1.26706e-08
-1.59984e-08-1.75949e-08-1.65643e-08-1.26090e-08-6.26703e-09 1.18734e-09
 8.15619e-09 1.33105e-08 1.61457e-08 1.72642e-08 1.82457e-08 2.11302e-08
 2.76446e-08 3.83551e-08 5.19810e-08 6.52786e-08 7.39728e-08 7.45432e-08
 6.57412e-08 4.88913e-08 2.71223e-08 4.43234e-09-1.48239e-08-2.62650e-08
-2.59598e-08-1.09270e-08 2.03621e-08 6.69781e-08 1.23358e-07 1.75855e-07
 1.99503e-07 1.58465e-07 1.40425e-08-2.58379e-07-6.46228e-07-1.07694e-06
-1.40730e-06-1.45055e-06-1.06483e-06-2.67934e-07 7.27070e-07 1.61394e-06
 2.14943e-06 2.23651e-06 1.89542e-06 1.19011e-06 2.20008e-07-8.22636e-07
-1.64799e-06-1.96834e-06-1.64561e-06-7.95732e-07 2.23586e-07 9.63158e-07
 1.11273e-06 6.76152e-07-2.83365e-08-5.60971e-07-6.42613e-07-3.28724e-07
 6.68945e-08 2.39263e-07 1.29786e-07-6.66001e-08-1.23626e-07-9.79331e-09
 1.13583e-07 1.02657e-07-5.60873e-09-6.50750e-08-1.69485e-08 5.09684e-08
 4.54919e-08-5.23237e-09-1.55041e-08 2.13435e-08 3.81578e-08 1.26222e-08
-6.08027e-09 7.99301e-09 1.95985e-08 6.61116e-09-4.13576e-09 3.27972e-09
 7.61411e-09 1.76668e-10-2.00540e-09 3.31010e-09 3.65573e-09 9.93160e-10
 1.87766e-09 2.02959e-09-6.25922e-10-2.40686e-09-3.27600e-09-4.43519e-09
-5.00578e-09-4.94972e-09-4.90204e-09-4.81911e-09-4.58380e-09-4.20401e-09
-3.64633e-09-2.96814e-09-2.27594e-09-1.55824e-09-6.47545e-10 6.74721e-10
 2.47972e-09 4.53733e-09 6.33101e-09 7.25791e-09 6.93395e-09 5.42604e-09
 3.25893e-09 1.17180e-09-2.56004e-10-8.98174e-10-1.12821e-09-1.59203e-09
-2.83496e-09-4.99472e-09-7.70833e-09-1.02406e-08-1.17429e-08-1.15424e-08
-9.37835e-09-5.51287e-09-6.70222e-10 4.17163e-09 8.06617e-09 1.03760e-08
 1.09514e-08 1.01210e-08 8.47725e-09 6.56438e-09 4.65897e-09 2.76550e-09
 7.86064e-10-1.29136e-09-3.30499e-09-4.94863e-09-5.88215e-09-5.86519e-09
-4.84001e-09-2.92705e-09-3.78690e-10 2.44063e-09 5.05118e-09 6.90799e-09
 7.54842e-09 6.76321e-09 4.66029e-09 1.58456e-09-2.00988e-09-5.62461e-09
-8.71513e-09-1.07170e-08-1.11675e-08-9.87327e-09-7.01663e-09-3.12612e-09
 1.07585e-09 4.85451e-09 7.57139e-09 8.72945e-09 8.06062e-09 5.68446e-09
 2.20516e-09-1.40275e-09-4.10969e-09-5.17829e-09-4.35758e-09-1.86692e-09
 1.73438e-09 5.67017e-09 9.04736e-09 1.09993e-08 1.09034e-08 8.61353e-09
 4.58808e-09-1.93557e-10-4.53381e-09-7.40812e-09-8.25804e-09-7.08249e-09
-4.35572e-09-8.70636e-10 2.42490e-09 4.60794e-09 5.00364e-09 3.40793e-09
 2.01132e-10-3.72750e-09-7.23796e-09-9.30100e-09-9.33822e-09-7.40668e-09
-4.15217e-09-5.63834e-10 2.35349e-09 3.86687e-09 3.68568e-09 1.99758e-09
-5.98199e-10-3.22758e-09-4.94801e-09-5.01790e-09-3.16897e-09 2.26520e-10
 4.20189e-09 7.49642e-09 9.02479e-09 8.31072e-09 5.66429e-09 2.01945e-09
-1.46287e-09-3.82650e-09-4.60572e-09-3.88322e-09-2.17403e-09-2.38676e-10
 1.12521e-09 1.29608e-09 1.93906e-11-2.46326e-09-5.41136e-09-7.77006e-09
-8.52038e-09-7.08059e-09-3.59847e-09 1.02302e-09 5.42620e-09 8.31296e-09
 8.94883e-09 7.44054e-09 4.66662e-09 1.89359e-09 2.49501e-10 2.70506e-10
 1.68723e-09 3.53254e-09 4.54470e-09 3.71691e-09 7.66674e-10-3.67964e-09
-8.28433e-09-1.15196e-08-1.22929e-08-1.03822e-08-6.47941e-09-1.85078e-09
 2.18994e-09 4.75215e-09 5.61578e-09 5.19714e-09 4.27514e-09 3.60675e-09
 3.59552e-09 4.13625e-09 4.67996e-09 4.48811e-09 2.98991e-09 1.13086e-10
-3.57161e-09-7.00229e-09-9.03114e-09-8.89001e-09-6.49882e-09-2.49548e-09
 2.00566e-09 5.81961e-09 8.09824e-09 8.57211e-09 7.53305e-09 5.60185e-09
 3.42896e-09 1.46806e-09-1.18678e-10-1.42755e-09-2.66783e-09-3.93491e-09
-5.00901e-09-5.34563e-09-4.33812e-09-1.72505e-09 2.12494e-09 6.25120e-09
 9.45000e-09 1.07392e-08 9.70922e-09 6.63620e-09 2.36512e-09-1.97500e-09
-5.34089e-09-7.10953e-09-7.24139e-09-6.19629e-09-4.64295e-09-3.11908e-09
-1.83698e-09-7.32534e-10 3.17098e-10 1.28660e-09 1.95745e-09 2.05861e-09
 1.47928e-09 3.95193e-10-7.78092e-10-1.58188e-09-1.75387e-09-1.36130e-09
-6.98427e-10-1.71357e-10
     0.0000e+00     0.0000e+00      0  0  0.00
     512   1.00000  0.0000e+00
-4.88426e-10-2.94623e-10-4.49737e-11 2.39680e-10 5.34121e-10 8.11186e-10
 1.04721e-09 1.22776e-09 1.34816e-09 1.41292e-09 1.43399e-09 1.42413e-09
 1.39112e-09 1.33682e-09 1.25723e-09 1.14478e-09 9.92064e-10 7.92192e-10
 5.39534e-10 2.34658e-10-1.11740e-10-4.78589e-10-8.36473e-10-1.15372e-09
-1.40496e-09-1.57700e-09-1.67161e-09-1.70462e-09-1.69845e-09-1.67192e-09
-1.63314e-09-1.57669e-09-1.48687e-09-1.34616e-09-1.14240e-09-8.71178e-10
-5.36693e-10-1.52285e-10 2.59976e-10 6.71507e-10 1.05236e-09 1.37710e-09
 1.62795e-09 1.79667e-09 1.88595e-09 1.90785e-09 1.87828e-09 1.80984e-09
 1.70531e-09 1.55685e-09 1.35331e-09 1.09009e-09 7.75295e-10 4.29060e-10
 7.57489e-11-2.65882e-10-5.87667e-10-8.91772e-10-1.18714e-09-1.48171e-09
-1.77270e-09-2.04119e-09-2.25510e-09-2.38011e-09-2.39311e-09-2.28924e-09
-2.08000e-09-1.78772e-09-1.44017e-09-1.06587e-09-6.89957e-10-3.31030e-10
 9.63257e-13 3.04168e-10 5.81406e-10 8.37255e-10 1.07812e-09 1.31298e-09
 1.55083e-09 1.79483e-09 2.03761e-09 2.26250e-09 2.44907e-09 2.57753e-09
 2.62950e-09 2.58952e-09 2.45030e-09 2.21751e-09 1.90781e-09 1.54167e-09
 1.13795e-09 7.14153e-10 2.89745e-10-1.12514e-10-4.70477e-10-7.70394e-10
-1.01279e-09-1.21203e-09-1.39213e-09-1.58274e-09-1.81401e-09-2.10725e-09
-2.46370e-09-2.85932e-09-3.25214e-09-3.59692e-09-3.85423e-09-3.98804e-09
-3.96030e-09-3.73339e-09-3.27926e-09-2.58720e-09-1.66771e-09-5.56546e-10
 6.80833e-10 1.95071e-09 3.14561e-09 4.17037e-09 4.96764e-09 5.52697e-09
 5.87208e-09 6.03672e-09 6.04705e-09 5.91887e-09 5.66340e-09 5.29166e-09
 4.81565e-09 4.24938e-09 3.60791e-09 2.89924e-09 2.11431e-09 1.23008e-09
 2.30571e-10-8.70108e-10-2.02522e-09-3.17748e-09-4.28680e-09-5.34248e-09
-6.35481e-09-7.33572e-09-8.28195e-09-9.16935e-09-9.95771e-09-1.06005e-08
-1.10558e-08-1.12952e-08-1.13064e-08-1.10855e-08-1.06272e-08-9.92495e-09
-8.98616e-09-7.84455e-09-6.55072e-09-5.14588e-09-3.64315e-09-2.03402e-09
-3.09664e-10 1.52454e-09 3.44688e-09 5.42058e-09 7.39625e-09 9.32033e-09
 1.11473e-08 1.28462e-08 1.43965e-08 1.57802e-08 1.69799e-08 1.79859e-08
 1.88009e-08 1.94316e-08 1.98707e-08 2.00872e-08 2.00430e-08 1.97335e-08
 1.92293e-08 1.86844e-08 1.82846e-08 1.81368e-08 1.81636e-08 1.80849e-08
 1.75205e-08 1.61648e-08 1.39387e-08 1.10317e-08 7.80707e-09 4.62499e-09
 1.68182e-09-1.06166e-09-3.83941e-09-6.96438e-09-1.07132e-08-1.52606e-08
-2.06528e-08-2.67873e-08-3.33897e-08-4.00059e-08-4.60559e-08-5.09861e-08
-5.45184e-08-5.69404e-08-5.93535e-08-6.37745e-08-7.29445e-08-8.96944e-08
-1.15780e-07-1.50262e-07-1.87769e-07-2.17289e-07-2.22428e-07-1.84146e-07
-8.66346e-08 7.35922e-08 2.78761e-07 4.91186e-07 6.64831e-07 7.49740e-07
 6.97135e-07 4.87913e-07 1.59120e-07-2.04850e-07-5.02370e-07-6.49811e-07
-6.19250e-07-4.56704e-07-2.57793e-07-1.13294e-07-6.01612e-08-6.64999e-08
-6.17864e-08 4.91919e-09 1.23953e-07 2.34843e-07 2.74500e-07 2.19254e-07
 9.22734e-08-5.07784e-08-1.42551e-07-1.38355e-07-4.77341e-08 7.62891e-08
 1.84202e-07 2.62418e-07 3.26432e-07 3.89655e-07 4.34959e-07 4.21618e-07
 3.20383e-07 1.31666e-07-1.16644e-07-3.74773e-07-5.85582e-07-7.06041e-07
-7.20436e-07-6.39478e-07-4.88899e-07-2.92966e-07-6.94529e-08 1.55057e-07
 3.31849e-07 4.03797e-07 3.46544e-07 2.06181e-07 8.33162e-08 5.44397e-08
 1.01956e-07 1.38186e-07 1.07414e-07 4.32095e-08 8.81229e-09 1.18420e-08
 1.39186e-08-9.27449e-10-1.52510e-08-2.03862e-08-2.42328e-08-2.72813e-08
-2.52173e-08-2.23547e-08-2.16870e-08-1.92604e-08-1.54886e-08-1.36913e-08
-1.19937e-08-9.16720e-09-7.26827e-09-5.72256e-09-3.50649e-09-1.81925e-09
-4.27022e-10 1.24649e-09 2.38398e-09 3.22174e-09 4.13069e-09 4.66376e-09
 5.14219e-09 5.66155e-09 5.85468e-09 5.93659e-09 5.78941e-09 5.22727e-09
 4.50560e-09 3.57375e-09 2.46747e-09 1.32448e-09 6.91416e-11-1.16417e-09
-2.31319e-09-3.42029e-09-4.39697e-09-5.22544e-09-5.81627e-09-6.07664e-09
-6.02021e-09-5.66060e-09-5.09781e-09-4.42961e-09-3.69857e-09-2.91644e-09
-2.05166e-09-1.12371e-09-2.18897e-10 5.28780e-10 9.91790e-10 1.12465e-09
 9.72295e-10 6.53047e-10 3.05579e-10 4.39703e-11-6.93072e-11-2.86820e-11
 1.55667e-10 5.01995e-10 1.05510e-09 1.83714e-09 2.81400e-09 3.89878e-09
 4.95695e-09 5.82805e-09 6.37790e-09 6.52208e-09 6.21652e-09 5.47644e-09
 4.38755e-09 3.06102e-09 1.61018e-09 1.69594e-10-1.13609e-09-2.22879e-09
-3.03166e-09-3.46687e-09-3.54645e-09-3.36534e-09-3.00270e-09-2.53403e-09
-2.08361e-09-1.76291e-09-1.62412e-09-1.69882e-09-1.96660e-09-2.30422e-09
-2.57150e-09-2.68200e-09-2.54433e-09-2.06362e-09-1.22607e-09-9.92817e-11
 1.18636e-09 2.39798e-09 3.27494e-09 3.71699e-09 3.79838e-09 3.59787e-09
 3.14458e-09 2.50340e-09 1.79614e-09 1.16917e-09 7.59526e-10 5.90768e-10
 5.10525e-10 3.19865e-10-6.88414e-11-6.29901e-10-1.31557e-09-2.12935e-09
-3.11079e-09-4.22890e-09-5.30601e-09-6.07423e-09-6.34535e-09-6.14675e-09
-5.65147e-09-5.00074e-09-4.26100e-09-3.48434e-09-2.75045e-09-2.18371e-09
-1.87554e-09-1.74844e-09-1.57096e-09-1.12151e-09-3.35891e-10 6.54682e-10
 1.64116e-09 2.48758e-09 3.13819e-09 3.56216e-09 3.74133e-09 3.66686e-09
 3.38324e-09 3.04781e-09 2.85577e-09 2.89692e-09 3.12029e-09 3.38990e-09
 3.56009e-09 3.55981e-09 3.42325e-09 3.22067e-09 2.98167e-09 2.71355e-09
 2.46536e-09 2.32019e-09 2.32978e-09 2.49098e-09 2.74312e-09 2.95485e-09
 2.99611e-09 2.84068e-09 2.52378e-09 2.07194e-09 1.55511e-09 1.08558e-09
 7.24254e-10 4.93688e-10 4.17769e-10 4.53513e-10 4.98360e-10 4.98029e-10
 4.32170e-10 2.61284e-10 7.51875e-12-2.11650e-10-3.06702e-10-3.06542e-10
-3.50213e-10-6.43506e-10-1.34501e-09-2.42745e-09-3.68285e-09-4.87839e-09
-5.87763e-09-6.62001e-09-7.06018e-09-7.17617e-09-7.00031e-09-6.62551e-09
-6.18386e-09-5.74830e-09-5.24137e-09-4.52168e-09-3.54993e-09-2.42525e-09
-1.29819e-09-2.66877e-10 6.49842e-10 1.42861e-09 1.95453e-09 2.03846e-09
 1.53436e-09 4.68251e-10-9.71299e-10-2.57741e-09-4.20262e-09-5.71137e-09
-6.90509e-09-7.47906e-09-7.09063e-09-5.53391e-09-2.84630e-09 7.17260e-10
 4.76064e-09 8.82611e-09 1.24361e-08 1.51182e-08 1.65027e-08 1.64431e-08
 1.50601e-08 1.27072e-08 9.85342e-09 6.92094e-09 4.20859e-09 1.90581e-09
 1.04070e-10-1.18780e-09-2.02220e-09-2.51615e-09-2.82349e-09-3.06121e-09
-3.27043e-09-3.42397e-09-3.45453e-09-3.31305e-09-3.01370e-09-2.63060e-09
-2.28803e-09-2.13430e-09-2.26479e-09-2.64138e-09-3.03719e-09-3.01420e-09
-2.01390e-09-5.98796e-10
     0.0000e+00     0.0000e+00      0  0  0.00
     512   1.00000  0.0000e+00
 2.06840e-09 1.11102e-09 1.56675e-11-9.53128e-10-1.56117e-09-1.69607e-09
-1.41133e-09-9.03458e-10-4.32929e-10-2.23334e-10-3.78870e-10-8.50435e-10
-1.45816e-09-1.95839e-09-2.13412e-09-1.87862e-09-1.23858e-09-3.99576e-10
 3.81524e-10 8.73981e-10 9.61630e-10 6.85328e-10 2.24728e-10-1.74334e-10
-3.00804e-10-6.38057e-11 4.73445e-10 1.11997e-09 1.63345e-09 1.81927e-09
 1.60929e-09 1.08728e-09 4.53507e-10-5.82140e-11-2.78249e-10-1.71062e-10
 1.51907e-10 4.80890e-10 5.99437e-10 3.80474e-10-1.57150e-10-8.57033e-10
-1.49323e-09-1.86683e-09-1.88931e-09-1.61764e-09-1.22599e-09-9.24245e-10
-8.59070e-10-1.04540e-09-1.36074e-09-1.60256e-09-1.58316e-09-1.22044e-09
-5.80296e-10 1.52762e-10 7.61242e-10 1.09387e-09 1.13263e-09 9.97713e-10
 8.86733e-10 9.75331e-10 1.32659e-09 1.85631e-09 2.37383e-09 2.67552e-09
 2.64168e-09 2.29054e-09 1.76558e-09 1.26158e-09 9.25114e-10 7.80686e-10
 7.22607e-10 5.76675e-10 1.97995e-10-4.44943e-10-1.24164e-09-1.98426e-09
-2.46693e-09-2.58662e-09-2.39016e-09-2.04457e-09-1.75081e-09-1.64685e-09
-1.74710e-09-1.94645e-09-2.08602e-09-2.04555e-09-1.80904e-09-1.46328e-09
-1.13018e-09-8.77170e-10-6.61191e-10-3.40349e-10 2.47775e-10 1.17849e-09
 2.36441e-09 3.56194e-09 4.46040e-09 4.80637e-09 4.50363e-09 3.64748e-09
 2.48003e-09 1.28838e-09 3.00754e-10-3.64562e-10-6.82169e-10-6.65732e-10
-3.26990e-10 3.19360e-10 1.20870e-09 2.17446e-09 2.93837e-09 3.17251e-09
 2.62230e-09 1.23334e-09-7.92271e-10-3.04979e-09-5.07162e-09-6.48768e-09
-7.13808e-09-7.09231e-09-6.57274e-09-5.83337e-09-5.06517e-09-4.36612e-09
-3.76339e-09-3.25144e-09-2.81364e-09-2.41146e-09-1.95410e-09-1.29027e-09
-2.58568e-10 1.21373e-09 3.02455e-09 4.89433e-09 6.46900e-09 7.47724e-09
 7.85486e-09 7.77213e-09 7.55058e-09 7.50760e-09 7.80814e-09 8.40467e-09
 9.08791e-09 9.59925e-09 9.73396e-09 9.39333e-09 8.57770e-09 7.34164e-09
 5.75741e-09 3.91915e-09 1.96575e-09 6.84260e-11-1.63640e-09-3.12807e-09
-4.53113e-09-6.05834e-09-7.88847e-09-1.00420e-08-1.23273e-08-1.44031e-08
-1.59480e-08-1.68492e-08-1.72929e-08-1.76941e-08-1.85025e-08-1.99776e-08
-2.20023e-08-2.39790e-08-2.48315e-08-2.31295e-08-1.73708e-08-6.48282e-09
 9.43800e-09 2.83637e-08 4.61347e-08 5.74251e-08 5.77305e-08 4.53769e-08
 2.25124e-08-5.32760e-09-3.08970e-08-4.75711e-08-5.14834e-08-4.26526e-08
-2.46803e-08-3.15715e-09 1.65635e-08 3.11892e-08 4.00004e-08 4.40340e-08
 4.48054e-08 4.33933e-08 4.01229e-08 3.47617e-08 2.70746e-08 1.74796e-08
 7.47148e-09-4.47783e-10-3.40424e-09 7.91601e-10 1.24792e-08 2.92306e-08
 4.54796e-08 5.29080e-08 4.17177e-08 2.91952e-09-6.82262e-08-1.67688e-07
-2.77924e-07-3.64586e-07-3.79647e-07-2.82281e-07-7.39055e-08 1.86922e-07
 4.11037e-07 5.23482e-07 4.91485e-07 3.25706e-07 7.35194e-08-1.85206e-07
-3.57284e-07-3.78001e-07-2.52112e-07-6.19631e-08 7.48516e-08 8.26449e-08
-1.76684e-08-1.29919e-07-1.64288e-07-1.03806e-07-4.37506e-10 7.96458e-08
 1.00407e-07 6.85201e-08 3.58143e-08 8.82566e-08 3.00587e-07 6.67319e-07
 1.06513e-06 1.31110e-06 1.26182e-06 8.38773e-07 3.38243e-08-1.03825e-06
-2.12987e-06-2.91888e-06-3.08919e-06-2.45005e-06-1.06616e-06 7.00831e-07
 2.28553e-06 3.12040e-06 2.89031e-06 1.72289e-06 1.73877e-07-1.02793e-06
-1.37381e-06-8.82809e-07-8.07535e-08 3.91614e-07 2.72326e-07-1.52518e-07
-3.90103e-07-2.54747e-07 6.89408e-09 9.15865e-08-3.70285e-10-6.86211e-08
-3.48061e-08 1.30351e-08 1.98276e-08 2.01475e-08 2.91969e-08 2.64233e-08
 1.82883e-08 1.99264e-08 1.98865e-08 1.27501e-08 9.59996e-09 8.25770e-09
 2.78995e-09-6.61369e-10-1.56644e-09-4.45149e-09-6.14767e-09-6.00413e-09
-7.09321e-09-7.36468e-09-6.44318e-09-6.34406e-09-5.72146e-09-4.77633e-09
-4.66562e-09-4.17013e-09-3.55841e-09-3.20426e-09-2.29071e-09-1.43226e-09
-7.68810e-10 1.05631e-11 4.32222e-10 7.98521e-10 1.26120e-09 1.65564e-09
 2.22550e-09 2.73500e-09 3.08984e-09 3.40358e-09 3.58545e-09 3.75182e-09
 3.87384e-09 3.90752e-09 3.86658e-09 3.62106e-09 3.18012e-09 2.61753e-09
 2.03668e-09 1.49483e-09 9.17996e-10 2.58365e-10-5.05163e-10-1.34616e-09
-2.18430e-09-2.90761e-09-3.40572e-09-3.67190e-09-3.80319e-09-3.90371e-09
-3.99319e-09-4.00949e-09-3.88768e-09-3.61142e-09-3.20102e-09-2.70305e-09
-2.19947e-09-1.75533e-09-1.34563e-09-8.82574e-10-3.29413e-10 2.52149e-10
 7.91631e-10 1.28822e-09 1.78277e-09 2.32283e-09 2.94070e-09 3.60109e-09
 4.19422e-09 4.61177e-09 4.81261e-09 4.80787e-09 4.61474e-09 4.25259e-09
 3.75345e-09 3.15676e-09 2.50239e-09 1.80199e-09 1.04151e-09 2.66493e-10
-4.00262e-10-8.95843e-10-1.31947e-09-1.83522e-09-2.47946e-09-3.08895e-09
-3.42893e-09-3.42283e-09-3.26700e-09-3.23573e-09-3.33025e-09-3.21675e-09
-2.56739e-09-1.41543e-09-1.46872e-10 8.75343e-10 1.69418e-09 2.71029e-09
 4.18561e-09 5.83143e-09 7.00785e-09 7.36687e-09 7.18075e-09 6.98325e-09
 6.97712e-09 6.82943e-09 6.05048e-09 4.57805e-09 2.90875e-09 1.61593e-09
 7.90104e-10-1.45320e-11-1.25907e-09-2.88119e-09-4.35694e-09-5.26526e-09
-5.70577e-09-6.15010e-09-6.90977e-09-7.80332e-09-8.37669e-09-8.38789e-09
-8.03309e-09-7.73234e-09-7.70293e-09-7.74759e-09-7.49250e-09-6.79121e-09
-5.83674e-09-4.92952e-09-4.18598e-09-3.44851e-09-2.48024e-09-1.24658e-09
 3.57396e-11 1.10635e-09 1.88073e-09 2.49529e-09 3.15801e-09 3.94809e-09
 4.75110e-09 5.37035e-09 5.70527e-09 5.82871e-09 5.88097e-09 5.90235e-09
 5.78530e-09 5.38004e-09 4.64731e-09 3.71494e-09 2.75902e-09 1.81925e-09
 7.77952e-10-4.68991e-10-1.86465e-09-3.20613e-09-4.29677e-09-5.11115e-09
-5.77351e-09-6.33741e-09-6.65769e-09-6.53933e-09-5.97373e-09-5.18737e-09
-4.46230e-09-3.91174e-09-3.43872e-09-2.94067e-09-2.52714e-09-2.44497e-09
-2.75547e-09-3.14966e-09-3.14480e-09-2.47089e-09-1.25309e-09 1.89905e-10
 1.70629e-09 3.41901e-09 5.43131e-09 7.44290e-09 8.76578e-09 8.81863e-09
 7.59687e-09 5.65349e-09 3.67188e-09 2.07008e-09 1.02355e-09 8.34183e-10
 2.08971e-09 5.27544e-09 1.01882e-08 1.57500e-08 2.04379e-08 2.29709e-08
 2.26739e-08 1.93608e-08 1.31163e-08 4.32988e-09-6.03602e-09-1.62990e-08
-2.43930e-08-2.85816e-08-2.80530e-08-2.30861e-08-1.48263e-08-4.89994e-09
 4.88313e-09 1.27158e-08 1.70690e-08 1.71131e-08 1.30793e-08 6.29742e-09
-1.20837e-09-7.40404e-09-1.08555e-08-1.10334e-08-8.31644e-09-3.78884e-09
 1.07043e-09 4.76523e-09 6.20482e-09 5.05808e-09 1.87401e-09-2.10039e-09
-5.37258e-09-6.79466e-09-6.02671e-09-3.64536e-09-8.68786e-10 9.93450e-10
 1.17619e-09 4.02701e-10
     0.0000e+00     0.0000e+00      0  0  0.00
     512   1.00000  0.0000e+00
 4.83038e-10 1.97052e-10-2.39938e-11-1.39776e-10-1.85318e-10-2.60857e-10
-4.81980e-10-9.19023e-10-1.55406e-09-2.27486e-09-2.90804e-09-3.27632e-09
-3.25906e-09-2.83691e-09-2.10350e-09-1.23746e-09-4.41992e-10 1.27730e-10
 4.20849e-10 5.04791e-10 5.30486e-10 6.66166e-10 1.02629e-09 1.62076e-09
 2.34533e-09 3.02005e-09 3.46078e-09 3.55432e-09 3.30461e-09 2.82845e-09
 2.30331e-09 1.89222e-09 1.67741e-09 1.62834e-09 1.61595e-09 1.46596e-09
 1.03208e-09 2.63917e-10-7.60773e-10-1.86028e-09-2.81995e-09-3.47400e-09
-3.76293e-09-3.74676e-09-3.57002e-09-3.39397e-09-3.32660e-09-3.37727e-09
-3.45256e-09-3.40125e-09-3.09293e-09-2.48970e-09-1.67174e-09-8.02590e-10
-5.17584e-11 4.84648e-10 8.26158e-10 1.09668e-09 1.46487e-09 2.05824e-09
 2.88897e-09 3.83010e-09 4.65960e-09 5.15697e-09 5.20432e-09 4.83647e-09
 4.21541e-09 3.54756e-09 2.98883e-09 2.58403e-09 2.26454e-09 1.89773e-09
 1.36385e-09 6.26199e-10-2.43393e-10-1.10403e-09-1.83005e-09-2.38641e-09
-2.84539e-09-3.33513e-09-3.95351e-09-4.69798e-09-5.44880e-09-6.01083e-09
-6.19238e-09-5.88954e-09-5.14135e-09-4.12370e-09-3.07627e-09-2.19656e-09
-1.55839e-09-1.09841e-09-6.72330e-10-1.40082e-10 5.72690e-10 1.46261e-09
 2.47426e-09 3.53934e-09 4.61241e-09 5.68547e-09 6.76329e-09 7.80799e-09
 8.69327e-09 9.21320e-09 9.15939e-09 8.42983e-09 7.10077e-09 5.41229e-09
 3.67476e-09 2.14929e-09 9.57023e-10 4.73749e-11-7.65571e-10-1.71118e-09
-2.95486e-09-4.52839e-09-6.33551e-09-8.22480e-09-1.00704e-08-1.17939e-08
-1.33169e-08-1.45043e-08-1.51646e-08-1.51204e-08-1.43046e-08-1.28179e-08
-1.09159e-08-8.91969e-09-7.08769e-09-5.49905e-09-4.01056e-09-2.32577e-09
-1.55161e-10 2.62386e-09 5.90814e-09 9.44002e-09 1.29414e-08 1.62105e-08
 1.91327e-08 2.16339e-08 2.36436e-08 2.51029e-08 2.60014e-08 2.64031e-08
 2.64410e-08 2.62691e-08 2.59733e-08 2.54807e-08 2.45437e-08 2.28464e-08
 2.01838e-08 1.65976e-08 1.23686e-08 7.87285e-09 3.40398e-09-9.24584e-10
-5.16206e-09-9.43340e-09-1.38466e-08-1.84317e-08-2.31242e-08-2.77871e-08
-3.22483e-08-3.63268e-08-3.98363e-08-4.25902e-08-4.44442e-08-4.53809e-08
-4.55613e-08-4.52604e-08-4.46973e-08-4.38784e-08-4.25710e-08-4.04287e-08
-3.72102e-08-3.29985e-08-2.82794e-08-2.37430e-08-1.98685e-08-1.65906e-08
-1.33082e-08-9.22084e-09-3.75973e-09 3.13604e-09 1.10151e-08 1.91361e-08
 2.67798e-08 3.35002e-08 3.92032e-08 4.40609e-08 4.84138e-08 5.27581e-08
 5.77071e-08 6.37753e-08 7.10222e-08 7.87635e-08 8.55701e-08 8.96588e-08
 8.95916e-08 8.50221e-08 7.72273e-08 6.92938e-08 6.59222e-08 7.27545e-08
 9.50038e-08 1.35199e-07 1.90172e-07 2.47979e-07 2.86057e-07 2.72433e-07
 1.71812e-07-4.21759e-08-3.70256e-07-7.73416e-07-1.16680e-06-1.42489e-06
-1.41615e-06-1.07138e-06-4.36391e-07 3.33587e-07 1.02263e-06 1.42726e-06
 1.44240e-06 1.11743e-06 6.35287e-07 2.16086e-07 2.75944e-09-4.64227e-09
 7.35372e-08 9.97473e-08 2.73723e-08-7.84642e-08-1.18273e-07-5.28066e-08
 6.36461e-08 1.13980e-07-1.23345e-08-3.34442e-07-7.46813e-07-1.07247e-06
-1.14615e-06-8.86480e-07-3.49166e-07 2.91815e-07 8.43683e-07 1.15561e-06
 1.11138e-06 6.66610e-07-8.48450e-08-9.08477e-07-1.49045e-06-1.54286e-06
-9.44441e-07 1.48382e-07 1.31232e-06 2.01785e-06 1.89943e-06 1.00830e-06
-1.56600e-07-9.31989e-07-9.36020e-07-3.53718e-07 2.18615e-07 3.03818e-07
-3.59250e-08-3.39895e-07-3.00999e-07-6.80618e-08 4.62902e-08-1.25184e-08
-7.18554e-08-4.95473e-08-1.72070e-08-1.42187e-08-6.15650e-09 9.81336e-09
 1.03162e-08 7.54223e-09 1.42216e-08 1.54320e-08 1.01361e-08 9.91419e-09
 9.18082e-09 4.47643e-09 3.21332e-09 2.88322e-09 1.63447e-12-1.03279e-09
-1.70194e-09-4.15271e-09-5.03449e-09-5.24370e-09-6.00674e-09-5.42576e-09
-4.86103e-09-4.91252e-09-4.32491e-09-4.02623e-09-3.66838e-09-2.56062e-09
-1.58792e-09-4.60323e-10 7.42514e-10 1.55224e-09 2.41032e-09 3.09498e-09
 3.66334e-09 4.48977e-09 5.39854e-09 6.43726e-09 7.33818e-09 7.76935e-09
 7.76893e-09 7.37419e-09 6.90544e-09 6.59002e-09 6.39939e-09 6.19342e-09
 5.67782e-09 4.73253e-09 3.45223e-09 2.09658e-09 9.35547e-10 1.46131e-11
-8.03707e-10-1.74024e-09-2.94741e-09-4.40335e-09-5.89694e-09-7.11645e-09
-7.84445e-09-8.08733e-09-8.04038e-09-7.93423e-09-7.92022e-09-8.02250e-09
-8.12526e-09-8.04143e-09-7.62603e-09-6.82131e-09-5.63733e-09-4.16908e-09
-2.61243e-09-1.16896e-09 6.76570e-11 1.11502e-09 2.06515e-09 3.03458e-09
 4.06571e-09 5.11318e-09 6.13210e-09 7.06013e-09 7.75632e-09 8.11377e-09
 8.16488e-09 7.96719e-09 7.50984e-09 6.79719e-09 5.88251e-09 4.82171e-09
 3.71167e-09 2.66673e-09 1.64276e-09 4.32431e-10-1.09267e-09-2.84971e-09
-4.60915e-09-6.10030e-09-7.17695e-09-7.94394e-09-8.60117e-09-9.17004e-09
-9.49793e-09-9.47773e-09-9.12479e-09-8.48269e-09-7.53364e-09-6.14587e-09
-4.13464e-09-1.48938e-09 1.51325e-09 4.49875e-09 7.23820e-09 9.71040e-09
 1.19974e-08 1.41176e-08 1.59286e-08 1.71889e-08 1.77365e-08 1.76101e-08
 1.69479e-08 1.58106e-08 1.41773e-08 1.20586e-08 9.58936e-09 7.05460e-09
 4.75223e-09 2.75450e-09 8.51117e-10-1.23173e-09-3.55339e-09-5.88369e-09
-7.88719e-09-9.36987e-09-1.03696e-08-1.10549e-08-1.15369e-08-1.17651e-08
-1.16307e-08-1.11667e-08-1.05695e-08-9.99102e-09-9.37294e-09-8.51653e-09
-7.29496e-09-5.82802e-09-4.47436e-09-3.59061e-09-3.25056e-09-3.23472e-09
-3.29028e-09-3.33983e-09-3.48201e-09-3.87972e-09-4.59854e-09-5.51136e-09
-6.42343e-09-7.23473e-09-7.88198e-09-8.23072e-09-8.11930e-09-7.42171e-09
-6.09289e-09-4.28252e-09-2.32718e-09-5.15438e-10 1.06510e-09 2.46171e-09
 3.77946e-09 5.09576e-09 6.29561e-09 7.07182e-09 7.18192e-09 6.64344e-09
 5.70476e-09 4.71806e-09 3.96455e-09 3.49595e-09 3.18430e-09 2.94317e-09
 2.82950e-09 2.95321e-09 3.39617e-09 4.21953e-09 5.45282e-09 7.03867e-09
 8.78585e-09 1.03507e-08 1.13429e-08 1.15908e-08 1.12989e-08 1.08788e-08
 1.06408e-08 1.06531e-08 1.08494e-08 1.12302e-08 1.19293e-08 1.30738e-08
 1.45507e-08 1.58843e-08 1.63868e-08 1.54759e-08 1.28757e-08 8.62433e-09
 3.01073e-09-3.49151e-09-1.02481e-08-1.64637e-08-2.12962e-08-2.41138e-08
-2.47352e-08-2.34894e-08-2.10742e-08-1.83137e-08-1.59499e-08-1.45095e-08
-1.42308e-08-1.50173e-08-1.63972e-08-1.75585e-08-1.75594e-08-1.56616e-08
-1.16243e-08-5.83834e-09 7.65313e-10 7.00678e-09 1.17941e-08 1.43619e-08
 1.44061e-08 1.21568e-08 8.36636e-09 4.15639e-09 7.20326e-10-1.03212e-09
-7.43689e-10 1.32107e-09 4.40100e-09 7.46204e-09 9.40832e-09 9.21085e-09
 5.95834e-09 1.73125e-09
     0.0000e+00     0.0000e+00      0  0  0.00
     512   1.00000  0.0000e+00
-1.65351e-09-1.39703e-09-9.95237e-10-5.01568e-10 2.47412e-11 5.31216e-10
 9.75793e-10 1.32985e-09 1.57984e-09 1.72585e-09 1.77856e-09 1.75387e-09
 1.66658e-09 1.52680e-09 1.33867e-09 1.10101e-09 8.11181e-10 4.71507e-10
 9.36475e-11-3.02404e-10-6.93338e-10-1.05886e-09-1.38423e-09-1.65690e-09
-1.86283e-09-1.98688e-09-2.01700e-09-1.95007e-09-1.79521e-09-1.57191e-09
-1.30529e-09-1.02050e-09-7.36417e-10-4.60702e-10-1.89221e-10 8.86664e-11
 3.80254e-10 6.82717e-10 9.85849e-10 1.28002e-09 1.56046e-09 1.82433e-09
 2.06379e-09 2.26132e-09 2.39164e-09 2.42943e-09 2.35749e-09 2.17257e-09
 1.88820e-09 1.53230e-09 1.13923e-09 7.39013e-10 3.49339e-10-2.35599e-11
-3.74763e-10-6.91189e-10-9.53782e-10-1.15099e-09-1.29179e-09-1.40634e-09
-1.53282e-09-1.69912e-09-1.90916e-09-2.13864e-09-2.34119e-09-2.46351e-09
-2.46546e-09-2.33708e-09-2.10086e-09-1.79580e-09-1.45461e-09-1.09101e-09
-7.05116e-10-2.99640e-10 1.08237e-10 4.90874e-10 8.26665e-10 1.11477e-09
 1.37790e-09 1.65329e-09 1.97637e-09 2.36191e-09 2.78922e-09 3.20051e-09
 3.51807e-09 3.67408e-09 3.63529e-09 3.40668e-09 3.01639e-09 2.49926e-09
 1.89171e-09 1.23608e-09 5.81786e-10-2.46395e-11-5.56749e-10-1.02095e-09
-1.45685e-09-1.92517e-09-2.48717e-09-3.18036e-09-3.99625e-09-4.87075e-09
-5.69609e-09-6.35082e-09-6.72976e-09-6.75742e-09-6.38616e-09-5.59670e-09
-4.41217e-09-2.91528e-09-1.24641e-09 4.26445e-10 1.95277e-09 3.23654e-09
 4.25072e-09 5.02849e-09 5.63736e-09 6.14599e-09 6.59666e-09 6.99564e-09
 7.32572e-09 7.56888e-09 7.71701e-09 7.75996e-09 7.66603e-09 7.38160e-09
 6.85998e-09 6.09764e-09 5.14391e-09 4.07212e-09 2.93417e-09 1.73193e-09
 4.21251e-10-1.05833e-09-2.74379e-09-4.61472e-09-6.58364e-09-8.52198e-09
-1.03090e-08-1.18707e-08-1.31798e-08-1.42229e-08-1.49698e-08-1.53821e-08
-1.54508e-08-1.52219e-08-1.47765e-08-1.41755e-08-1.34144e-08-1.24201e-08
-1.10909e-08-9.35162e-09-7.19809e-09-4.71339e-09-2.04572e-09 6.48194e-10
 3.26323e-09 5.76402e-09 8.14717e-09 1.03875e-08 1.24250e-08 1.42030e-08
 1.57127e-08 1.69899e-08 1.80669e-08 1.89259e-08 1.94976e-08 1.96975e-08
 1.94698e-08 1.88115e-08 1.77758e-08 1.64549e-08 1.49430e-08 1.32951e-08
 1.15120e-08 9.57243e-09 7.48924e-09 5.34047e-09 3.24762e-09 1.32915e-09
-3.22709e-10-1.63297e-09-2.53768e-09-3.00270e-09-3.04280e-09-2.70751e-09
-2.04093e-09-1.05383e-09 2.73529e-10 1.97419e-09 4.07646e-09 6.57618e-09
 9.39398e-09 1.23380e-08 1.51007e-08 1.72979e-08 1.85403e-08 1.85329e-08
 1.72107e-08 1.48870e-08 1.23336e-08 1.06896e-08 1.11342e-08 1.43281e-08
 1.97103e-08 2.48226e-08 2.49380e-08 1.33477e-08-1.73462e-08-7.26972e-08
-1.52774e-07-2.47891e-07-3.37203e-07-3.96329e-07-4.06133e-07-3.50886e-07
-2.23684e-07-4.51408e-08 1.36967e-07 2.69926e-07 3.16668e-07 2.70974e-07
 1.61905e-07 4.16668e-08-3.61294e-08-4.16257e-08 1.63192e-08 1.00908e-07
 1.75677e-07 2.25557e-07 2.55341e-07 2.71379e-07 2.67784e-07 2.33662e-07
 1.77807e-07 1.46530e-07 2.00322e-07 3.46005e-07 4.95520e-07 5.29577e-07
 4.06087e-07 1.73582e-07-1.04654e-07-3.93964e-07-6.69097e-07-8.92758e-07
-1.02301e-06-1.03275e-06-9.20873e-07-7.11755e-07-4.46422e-07-1.69160e-07
 8.45957e-08 2.97272e-07 4.67819e-07 5.94376e-07 6.57958e-07 6.27116e-07
 4.85917e-07 2.68508e-07 6.27031e-08-4.10010e-08-2.25471e-08 4.41582e-08
 5.90080e-08-2.81162e-09-7.38036e-08-8.71404e-08-5.68316e-08-3.93274e-08
-4.81677e-08-5.35608e-08-4.38715e-08-3.45694e-08-2.99417e-08-2.20034e-08
-1.36951e-08-1.03907e-08-7.40918e-09-2.91163e-09-1.01077e-09-3.93683e-10
 1.35486e-09 1.94875e-09 1.62001e-09 2.26323e-09 2.42588e-09 1.93834e-09
 2.08672e-09 1.93478e-09 1.45402e-09 1.51622e-09 1.37850e-09 1.08542e-09
 1.14147e-09 1.05116e-09 1.04204e-09 1.22774e-09 1.08852e-09 7.93519e-10
 3.16828e-10-4.37829e-10-1.08565e-09-1.62522e-09-2.03887e-09-2.26934e-09
-2.50881e-09-2.68485e-09-2.80028e-09-2.96791e-09-3.17509e-09-3.42770e-09
-3.55835e-09-3.41744e-09-3.00774e-09-2.36472e-09-1.62904e-09-9.51973e-10
-4.47338e-10-1.05654e-10 2.47186e-10 7.64492e-10 1.46991e-09 2.25544e-09
 2.97126e-09 3.49260e-09 3.75205e-09 3.80300e-09 3.79869e-09 3.86087e-09
 3.95912e-09 3.95869e-09 3.77469e-09 3.43921e-09 3.04063e-09 2.62956e-09
 2.19644e-09 1.71769e-09 1.17960e-09 5.69011e-10-9.72588e-11-7.40783e-10
-1.28089e-09-1.70552e-09-2.03197e-09-2.26697e-09-2.46632e-09-2.72583e-09
-3.05716e-09-3.36944e-09-3.56944e-09-3.60725e-09-3.47845e-09-3.22507e-09
-2.89420e-09-2.52649e-09-2.20084e-09-1.97522e-09-1.77390e-09-1.47577e-09
-1.08119e-09-6.54395e-10-1.95091e-10 3.15858e-10 8.45703e-10 1.33091e-09
 1.69251e-09 1.87455e-09 1.92837e-09 1.98240e-09 2.09969e-09 2.23211e-09
 2.29264e-09 2.20824e-09 1.95381e-09 1.58261e-09 1.15203e-09 6.27180e-10
-3.28693e-11-7.49818e-10-1.38866e-09-1.87569e-09-2.23769e-09-2.58143e-09
-2.99278e-09-3.44803e-09-3.84068e-09-4.06268e-09-4.09684e-09-4.03172e-09
-3.93804e-09-3.79417e-09-3.54756e-09-3.18606e-09-2.76691e-09-2.35239e-09
-1.88815e-09-1.23387e-09-3.12347e-10 8.31232e-10 2.06149e-09 3.24197e-09
 4.33171e-09 5.36711e-09 6.38696e-09 7.39325e-09 8.32804e-09 9.11751e-09
 9.74006e-09 1.01847e-08 1.03904e-08 1.02731e-08 9.77366e-09 8.90202e-09
 7.76249e-09 6.47599e-09 5.07771e-09 3.53380e-09 1.80637e-09-1.23301e-10
-2.20848e-09-4.30230e-09-6.24647e-09-7.96467e-09-9.41833e-09-1.05604e-08
-1.13647e-08-1.18123e-08-1.18756e-08-1.15617e-08-1.08976e-08-9.86144e-09
-8.40280e-09-6.52465e-09-4.30416e-09-1.87073e-09 6.00396e-10 2.95269e-09
 5.14874e-09 7.22333e-09 9.15579e-09 1.08713e-08 1.22801e-08 1.32491e-08
 1.36449e-08 1.34305e-08 1.26589e-08 1.14278e-08 9.88067e-09 8.16196e-09
 6.33139e-09 4.36713e-09 2.26375e-09 9.81950e-11-1.98745e-09-3.83957e-09
-5.38323e-09-6.69337e-09-7.92169e-09-9.16187e-09-1.04036e-08-1.15431e-08
-1.24395e-08-1.29934e-08-1.31319e-08-1.27622e-08-1.18087e-08-1.02610e-08
-8.21224e-09-5.87158e-09-3.49527e-09-1.33702e-09 3.38848e-10 1.29594e-09
 1.38221e-09 5.71774e-10-9.55781e-10-2.80724e-09-4.49160e-09-5.54444e-09
-5.62590e-09-4.56292e-09-2.32710e-09 9.41765e-10 4.88570e-09 8.96998e-09
 1.26013e-08 1.52669e-08 1.66397e-08 1.65955e-08 1.51891e-08 1.26478e-08
 9.34206e-09 5.70217e-09 2.12641e-09-1.08971e-09-3.78345e-09-5.90031e-09
-7.43777e-09-8.39985e-09-8.77018e-09-8.49904e-09-7.52827e-09-5.84562e-09
-3.53567e-09-8.34211e-10 1.84466e-09 3.95949e-09 4.95910e-09 4.48025e-09
 2.62770e-09 7.04953e-10
     0.0000e+00     0.0000e+00      0  0  0.00
     512   1.00000  0.0000e+00
 7.28257e-10 8.33313e-10 7.33294e-10 4.08475e-10-5.68905e-11-4.93657e-10
-7.15689e-10-6.00710e-10-1.47184e-10 5.14036e-10 1.16059e-09 1.55892e-09
 1.55149e-09 1.11756e-09 3.84392e-10-4.16300e-10-1.03116e-09-1.27816e-09
-1.11528e-09-6.56640e-10-1.26423e-10 2.30804e-10 2.45783e-10-1.08821e-10
-7.07394e-10-1.32300e-09-1.71928e-09-1.74454e-09-1.39174e-09-8.00011e-10
-1.96374e-10 1.97938e-10 2.58862e-10 1.11680e-11-3.84028e-10-7.00039e-10
-7.41597e-10-4.28010e-10 1.72432e-10 8.71254e-10 1.43900e-09 1.70142e-09
 1.61261e-09 1.27347e-09 8.84727e-10 6.54433e-10 7.04026e-10 1.01465e-09
 1.43670e-09 1.75841e-09 1.80295e-09 1.50963e-09 9.61994e-10 3.49306e-10
-1.21457e-10-3.22796e-10-2.67385e-10-1.01593e-10-3.17019e-11-2.18776e-10
-6.96904e-10-1.35508e-09-1.98824e-09-2.39187e-09-2.45744e-09-2.22338e-09
-1.85392e-09-1.55453e-09-1.46670e-09-1.59655e-09-1.81384e-09-1.92057e-09
-1.75319e-09-1.26508e-09-5.46559e-10 2.25667e-10 8.79626e-10 1.33081e-09
 1.61486e-09 1.85511e-09 2.18141e-09 2.64188e-09 3.15801e-09 3.55387e-09
 3.64751e-09 3.35251e-09 2.73186e-09 1.97649e-09 1.32126e-09 9.39677e-10
 8.67098e-10 9.89317e-10 1.10128e-09 1.00354e-09 5.85459e-10-1.44244e-10
-1.08828e-09-2.12890e-09-3.18796e-09-4.23792e-09-5.25663e-09-6.16251e-09
-6.78386e-09-6.89301e-09-6.29641e-09-4.94053e-09-2.98069e-09-7.70222e-10
 1.24107e-09 2.66118e-09 3.29053e-09 3.17258e-09 2.54488e-09 1.72839e-09
 1.01615e-09 6.08888e-10 6.10116e-10 1.05756e-09 1.94932e-09 3.23636e-09
 4.78865e-09 6.37052e-09 7.66365e-09 8.35232e-09 8.24707e-09 7.38440e-09
 6.03370e-09 4.58676e-09 3.38077e-09 2.55263e-09 2.00112e-09 1.46439e-09
 6.58921e-10-5.92258e-10-2.29605e-09-4.30905e-09-6.41768e-09-8.42301e-09
-1.01797e-08-1.15836e-08-1.25475e-08-1.30070e-08-1.29659e-08-1.25430e-08
-1.19680e-08-1.14952e-08-1.12693e-08-1.12250e-08-1.10976e-08-1.05470e-08
-9.32524e-09-7.39643e-09-4.95233e-09-2.32199e-09 1.79119e-10 2.38079e-09
 4.29763e-09 6.06405e-09 7.82626e-09 9.67035e-09 1.16136e-08 1.36268e-08
 1.56459e-08 1.75613e-08 1.92087e-08 2.03912e-08 2.09475e-08 2.08407e-08
 2.02092e-08 1.93218e-08 1.84431e-08 1.76796e-08 1.68971e-08 1.57672e-08
 1.39358e-08 1.12485e-08 7.89785e-09 4.36359e-09 1.16641e-09-1.38823e-09
-3.31629e-09-4.88805e-09-6.46379e-09-8.32022e-09-1.05358e-08-1.29826e-08
-1.54247e-08-1.76526e-08-1.95482e-08-2.10478e-08-2.20812e-08-2.25622e-08
-2.24040e-08-2.15237e-08-1.98601e-08-1.74466e-08-1.45158e-08-1.15638e-08
-9.31652e-09-8.57630e-09-9.96935e-09-1.36467e-08-1.89920e-08-2.43834e-08
-2.70862e-08-2.34394e-08-9.56400e-09 1.72245e-08 5.63308e-08 1.01498e-07
 1.39052e-07 1.47872e-07 1.05060e-07 3.45026e-09-1.31399e-07-2.49413e-07
-3.04334e-07-2.75926e-07-1.72106e-07-1.91596e-08 1.40890e-07 2.53736e-07
 2.76605e-07 2.08288e-07 9.56399e-08 4.97604e-09-2.24936e-08 4.70482e-09
 4.26747e-08 5.31270e-08 3.57134e-08 2.24547e-08 4.31958e-08 1.01431e-07
 1.83674e-07 2.81701e-07 3.87830e-07 4.66364e-07 4.60087e-07 3.29254e-07
 4.47472e-08-4.29200e-07-1.07190e-06-1.74146e-06-2.21077e-06-2.25263e-06
-1.71649e-06-6.01737e-07 8.90114e-07 2.37102e-06 3.36870e-06 3.49006e-06
 2.60773e-06 9.80492e-07-8.02959e-07-2.05628e-06-2.31905e-06-1.61800e-06
-4.71969e-07 4.10271e-07 5.84428e-07 1.64646e-07-3.15616e-07-3.96055e-07
-9.28887e-08 2.01849e-07 2.07733e-07 3.71682e-08-4.38977e-08 1.61332e-08
 7.30165e-08 5.90984e-08 3.62136e-08 3.53757e-08 2.54878e-08 7.45794e-09
 4.17120e-09 3.47095e-09-6.20518e-09-1.03278e-08-8.22727e-09-1.06104e-08
-1.14381e-08-7.53503e-09-6.35001e-09-5.30871e-09-1.39855e-09 5.15799e-10
 1.86857e-09 4.73258e-09 5.78174e-09 6.19960e-09 7.23862e-09 6.84580e-09
 6.38248e-09 6.37714e-09 5.60032e-09 5.19114e-09 4.79017e-09 3.62431e-09
 2.54661e-09 1.16399e-09-3.92226e-10-1.54531e-09-2.70988e-09-3.58247e-09
-4.18172e-09-4.84094e-09-5.30240e-09-5.64613e-09-5.74696e-09-5.52805e-09
-5.23497e-09-4.84478e-09-4.43656e-09-3.99974e-09-3.43740e-09-2.72554e-09
-1.77372e-09-6.70742e-10 4.21492e-10 1.38225e-09 2.17053e-09 2.85853e-09
 3.48758e-09 4.06251e-09 4.55460e-09 4.91036e-09 5.08161e-09 5.05586e-09
 4.88724e-09 4.64734e-09 4.35134e-09 3.94054e-09 3.35416e-09 2.59588e-09
 1.72546e-09 8.19468e-10-6.06851e-11-8.89584e-10-1.68537e-09-2.47626e-09
-3.24458e-09-3.91657e-09-4.40421e-09-4.66044e-09-4.71979e-09-4.67591e-09
-4.58737e-09-4.41351e-09-4.06837e-09-3.51596e-09-2.78801e-09-1.94492e-09
-1.03578e-09-7.58191e-11 9.24735e-10 1.92507e-09 2.89009e-09 3.83099e-09
 4.75497e-09 5.59899e-09 6.27391e-09 6.75918e-09 7.11098e-09 7.40856e-09
 7.67698e-09 7.79764e-09 7.56681e-09 6.93171e-09 6.10028e-09 5.32615e-09
 4.60994e-09 3.69009e-09 2.34050e-09 6.32237e-10-1.13481e-09-2.75923e-09
-4.35577e-09-6.21342e-09-8.43750e-09-1.07550e-08-1.27116e-08-1.40645e-08
-1.49630e-08-1.57075e-08-1.63138e-08-1.64232e-08-1.57120e-08-1.42700e-08
-1.25064e-08-1.07485e-08-8.98413e-09-6.99889e-09-4.72275e-09-2.37544e-09
-2.92611e-10 1.35420e-09 2.69424e-09 3.98442e-09 5.28786e-09 6.41088e-09
 7.13436e-09 7.44242e-09 7.53369e-09 7.59453e-09 7.61586e-09 7.48195e-09
 7.14846e-09 6.70242e-09 6.29155e-09 6.00286e-09 5.81536e-09 5.66045e-09
 5.51076e-09 5.42152e-09 5.49752e-09 5.80372e-09 6.29683e-09 6.87456e-09
 7.48773e-09 8.15404e-09 8.87672e-09 9.60370e-09 1.02509e-08 1.07308e-08
 1.09800e-08 1.09635e-08 1.06374e-08 9.92656e-09 8.75833e-09 7.12670e-09
 5.12279e-09 2.88663e-09 5.31447e-10-1.86766e-09-4.19856e-09-6.26394e-09
-7.87441e-09-8.97477e-09-9.61689e-09-9.81758e-09-9.50229e-09-8.60496e-09
-7.20875e-09-5.58917e-09-4.07888e-09-2.85229e-09-1.89623e-09-1.22512e-09
-1.05136e-09-1.66438e-09-3.14562e-09-5.23123e-09-7.46834e-09-9.52330e-09
-1.13009e-08-1.27531e-08-1.36732e-08-1.37691e-08-1.29835e-08-1.17177e-08
-1.06586e-08-1.03755e-08-1.10609e-08-1.25768e-08-1.46764e-08-1.70887e-08
-1.93411e-08-2.06005e-08-1.98221e-08-1.61686e-08-9.42775e-09-1.38354e-10
 1.06180e-08 2.14994e-08 3.10666e-08 3.78807e-08 4.06800e-08 3.87527e-08
 3.23418e-08 2.27146e-08 1.18242e-08 1.78088e-09-5.61962e-09-9.17269e-09
-8.42463e-09-3.81714e-09 3.29589e-09 1.09230e-08 1.69681e-08 1.98125e-08
 1.87331e-08 1.40355e-08 6.91643e-09-8.78549e-10-7.52696e-09-1.16079e-08
-1.24642e-08-1.03591e-08-6.37541e-09-2.06446e-09 1.05912e-09 1.99376e-09
 5.38304e-10-2.68530e-09-6.47960e-09-9.47795e-09-1.05662e-08-9.18870e-09
-5.40095e-09-1.47320e-09
     0.0000e+00     0.0000e+00      0  0  0.00
     512   1.00000  0.0000e+00
 2.37298e-09 1.66723e-09 8.17218e-10 3.01909e-11-5.14420e-10-7.26053e-10
-6.27813e-10-3.45385e-10-6.23228e-11 4.56301e-11-1.24471e-10-5.61444e-10
-1.13986e-09-1.66346e-09-1.93680e-09-1.83801e-09-1.36514e-09-6.41719e-10
 1.22994e-10 7.11617e-10 9.85052e-10 9.37230e-10 6.89088e-10 4.22108e-10
 2.86910e-10 3.34718e-10 5.01090e-10 6.42724e-10 6.07602e-10 3.08944e-10
-2.27344e-10-8.62484e-10-1.39450e-09-1.63994e-09-1.51196e-09-1.05577e-09
-4.25576e-10 1.76458e-10 5.66509e-10 6.30560e-10 3.54559e-10-1.70473e-10
-7.73925e-10-1.26147e-09-1.48445e-09-1.39200e-09-1.04054e-09-5.58539e-10
-8.64294e-11 2.80616e-10 5.24951e-10 7.03293e-10 9.06627e-10 1.19285e-09
 1.52466e-09 1.75929e-09 1.71341e-09 1.27479e-09 4.93414e-10-4.09381e-10
-1.12522e-09-1.39206e-09-1.11044e-09-3.90235e-10 4.92118e-10 1.20787e-09
 1.51498e-09 1.35922e-09 8.81148e-10 3.20069e-10-1.25862e-10-3.94034e-10
-5.51446e-10-7.05299e-10-9.01561e-10-1.08195e-09-1.11987e-09-9.03843e-10
-4.17900e-10 2.21374e-10 7.92809e-10 1.05983e-09 8.84298e-10 3.03623e-10
-4.79461e-10-1.19298e-09-1.61848e-09-1.66731e-09-1.38019e-09-8.76379e-10
-2.98476e-10 2.23719e-10 5.95521e-10 7.75097e-10 7.80023e-10 6.71620e-10
 5.24473e-10 4.02547e-10 3.52450e-10 4.03910e-10 5.63743e-10 8.07261e-10
 1.08362e-09 1.33667e-09 1.52033e-09 1.59109e-09 1.49299e-09 1.17226e-09
 6.32171e-10-1.65766e-11-5.71412e-10-8.32920e-10-7.22622e-10-3.41201e-10
 7.32817e-11 2.60979e-10 6.63553e-11-4.85164e-10-1.19513e-09-1.78678e-09
-2.04685e-09-1.93510e-09-1.58506e-09-1.19213e-09-8.77411e-10-6.39571e-10
-4.29518e-10-2.67682e-10-2.82143e-10-6.20016e-10-1.30194e-09-2.13997e-09
-2.78852e-09-2.90515e-09-2.33557e-09-1.22340e-09 2.73615e-11 9.39329e-10
 1.20557e-09 8.40562e-10 1.32338e-10-5.68686e-10-1.05619e-09-1.31027e-09
-1.37372e-09-1.21171e-09-7.01419e-10 2.43305e-10 1.53396e-09 2.88089e-09
 3.90717e-09 4.33587e-09 4.14609e-09 3.60728e-09 3.15144e-09 3.13157e-09
 3.61364e-09 4.36136e-09 5.03869e-09 5.46934e-09 5.73688e-09 6.05800e-09
 6.57244e-09 7.25286e-09 7.99311e-09 8.74956e-09 9.57342e-09 1.04906e-08
 1.13122e-08 1.14910e-08 1.01182e-08 6.13712e-09-1.19623e-09-1.16981e-08
-2.37839e-08-3.45684e-08-4.07518e-08-3.99226e-08-3.15804e-08-1.74353e-08
-9.70219e-10 1.35313e-08 2.22362e-08 2.29525e-08 1.58321e-08 3.24155e-09
-1.12201e-08-2.41393e-08-3.34391e-08-3.87310e-08-4.09048e-08-4.13972e-08
-4.15083e-08-4.19342e-08-4.25993e-08-4.27817e-08-4.14241e-08-3.75007e-08
-3.03766e-08-2.01341e-08-7.80655e-09 4.60188e-09 1.44355e-08 1.91121e-08
 1.72194e-08 9.81792e-09 1.61067e-09 1.47041e-09 2.17215e-08 7.55949e-08
 1.72513e-07 3.11331e-07 4.73906e-07 6.23541e-07 7.08042e-07 6.69158e-07
 4.71132e-07 1.35819e-07-2.55805e-07-5.95021e-07-7.81551e-07-7.62316e-07
-5.61643e-07-2.77681e-07-4.03892e-08 5.30668e-08-1.34363e-08-1.78759e-07
-3.52983e-07-4.71482e-07-5.14160e-07-4.80816e-07-3.60328e-07-1.41873e-07
 1.25949e-07 2.94765e-07 2.02542e-07-1.21307e-07-3.76405e-07-2.45737e-07
 2.70441e-07 8.71242e-07 1.24945e-06 1.26793e-06 9.29411e-07 3.15479e-07
-4.19256e-07-1.04734e-06-1.32158e-06-1.07663e-06-3.27494e-07 6.93188e-07
 1.59343e-06 1.96491e-06 1.57183e-06 5.16134e-07-7.44657e-07-1.60273e-06
-1.64770e-06-9.51428e-07-5.41124e-08 4.20550e-07 2.55985e-07-2.01029e-07
-4.14348e-07-2.12470e-07 9.72549e-08 1.74486e-07 4.91248e-08-3.00888e-08
 1.37814e-08 6.01041e-08 5.10933e-08 4.27297e-08 5.08465e-08 4.24250e-08
 2.83820e-08 3.01548e-08 2.92167e-08 1.84548e-08 1.48919e-08 1.43589e-08
 8.15176e-09 5.86398e-09 6.97514e-09 4.13590e-09 2.96490e-09 4.14133e-09
 2.69673e-09 2.35032e-09 3.42132e-09 2.68151e-09 2.91097e-09 3.74237e-09
 3.09291e-09 2.81730e-09 2.01185e-09 1.56705e-10-7.86768e-10-1.37381e-09
-1.44591e-09-6.29269e-10-3.09936e-10-3.26096e-10-6.08369e-10-1.38896e-09
-2.00509e-09-2.67394e-09-3.27998e-09-3.37689e-09-3.02168e-09-2.09468e-09
-1.06061e-09-4.72373e-10-4.94764e-10-1.12474e-09-1.82034e-09-2.01365e-09
-1.40209e-09-1.46815e-10 1.08209e-09 1.67811e-09 1.39267e-09 4.96264e-10
-3.92292e-10-6.91810e-10-1.89561e-10 7.65930e-10 1.52765e-09 1.64019e-09
 1.14567e-09 4.50744e-10-6.51857e-11-3.12325e-10-4.64165e-10-7.25436e-10
-1.12754e-09-1.51034e-09-1.67793e-09-1.56429e-09-1.28034e-09-1.04003e-09
-1.02224e-09-1.29218e-09-1.81537e-09-2.41742e-09-2.74481e-09-2.47836e-09
-1.64335e-09-5.88387e-10 3.13465e-10 8.46310e-10 9.67318e-10 8.06907e-10
 6.01440e-10 5.73036e-10 8.75743e-10 1.52608e-09 2.33432e-09 3.04574e-09
 3.53762e-09 3.77383e-09 3.69682e-09 3.31013e-09 2.78423e-09 2.40962e-09
 2.45279e-09 2.95149e-09 3.60047e-09 3.99176e-09 4.00875e-09 3.86112e-09
 3.79154e-09 3.90420e-09 4.20904e-09 4.68849e-09 5.33659e-09 6.14530e-09
 6.98665e-09 7.56399e-09 7.58402e-09 6.95491e-09 5.82473e-09 4.49062e-09
 3.21085e-09 2.02399e-09 7.55112e-10-7.91965e-10-2.62192e-09-4.50668e-09
-6.16614e-09-7.44284e-09-8.29609e-09-8.71684e-09-8.67979e-09-8.20023e-09
-7.46575e-09-6.82512e-09-6.57565e-09-6.75025e-09-7.07097e-09-7.15627e-09
-6.84779e-09-6.32185e-09-5.91447e-09-5.85790e-09-6.13961e-09-6.60628e-09
-7.14063e-09-7.67494e-09-8.10655e-09-8.25328e-09-7.91855e-09-7.08421e-09
-6.02153e-09-5.09998e-09-4.45122e-09-3.84137e-09-2.86283e-09-1.24988e-09
 9.17892e-10 3.26317e-09 5.40269e-09 7.19193e-09 8.65943e-09 9.82820e-09
 1.06777e-08 1.11813e-08 1.13555e-08 1.12752e-08 1.09451e-08 1.01661e-08
 8.66080e-09 6.35147e-09 3.46099e-09 3.93848e-10-2.43463e-09-4.78112e-09
-6.68106e-09-8.31991e-09-9.83738e-09-1.12853e-08-1.25843e-08-1.34382e-08
-1.34779e-08-1.25774e-08-1.09939e-08-9.25556e-09-7.88741e-09-7.07031e-09
-6.50420e-09-5.67376e-09-4.27924e-09-2.41060e-09-3.76912e-10 1.54803e-09
 3.27372e-09 4.89680e-09 6.55341e-09 8.24882e-09 9.81510e-09 1.09690e-08
 1.14338e-08 1.10965e-08 1.00808e-08 8.72447e-09 7.51986e-09 6.97799e-09
 7.45873e-09 9.07502e-09 1.16751e-08 1.48975e-08 1.82427e-08 2.11044e-08
 2.28599e-08 2.30206e-08 2.13081e-08 1.76904e-08 1.24537e-08 6.25152e-09
 3.39861e-11-5.20621e-09-8.76579e-09-1.04130e-08-1.03736e-08-9.21326e-09
-7.69096e-09-6.62336e-09-6.70055e-09-8.24114e-09-1.10425e-08-1.44239e-08
-1.74252e-08-1.90847e-08-1.87003e-08-1.60097e-08-1.12793e-08-5.26631e-09
 9.57137e-10 6.27951e-09 9.84744e-09 1.12709e-08 1.06742e-08 8.58701e-09
 5.68647e-09 2.50927e-09-6.81418e-10-3.76907e-09-6.41794e-09-7.65128e-09
-5.63673e-09-1.76672e-09
     0.0000e+00     0.0000e+00      0  0  0.00
     512   1.00000  0.0000e+00
-1.01555e-09-8.60502e-10-5.65053e-10-1.47502e-10 3.34924e-10 7.93976e-10
 1.13861e-09 1.30925e-09 1.29866e-09 1.15596e-09 9.70980e-10 8.38824e-10
 8.22886e-10 9.31533e-10 1.11290e-09 1.27366e-09 1.31587e-09 1.17292e-09
 8.34796e-10 3.55760e-10-1.64404e-10-6.17604e-10-9.24776e-10-1.06272e-09
-1.07020e-09-1.02726e-09-1.01924e-09-1.10096e-09-1.27208e-09-1.47619e-09
-1.62549e-09-1.63688e-09-1.46587e-09-1.12741e-09-6.91646e-10-2.55517e-10
 9.47623e-11 3.16416e-10 4.24964e-10 4.82870e-10 5.68659e-10 7.40775e-10
 1.00906e-09 1.32737e-09 1.61296e-09 1.78216e-09 1.78525e-09 1.62681e-09
 1.36255e-09 1.07354e-09 8.29908e-10 6.60173e-10 5.41059e-10 4.13326e-10
 2.14191e-10-8.92089e-11-4.78946e-10-8.89256e-10-1.23446e-09-1.44717e-09
-1.50737e-09-1.44928e-09-1.34307e-09-1.25989e-09-1.23792e-09-1.26458e-09
-1.28336e-09-1.22391e-09-1.04025e-09-7.35169e-10-3.60004e-10 7.61688e-12
 2.98166e-10 4.80744e-10 5.73171e-10 6.26168e-10 6.91778e-10 7.94411e-10
 9.19624e-10 1.02509e-09 1.06759e-09 1.03234e-09 9.47340e-10 8.71994e-10
 8.64697e-10 9.47913e-10 1.09047e-09 1.21632e-09 1.23524e-09 1.08232e-09
 7.49005e-10 2.90099e-10-1.98458e-10-6.18324e-10-9.02348e-10-1.02874e-09
-1.01479e-09-8.97812e-10-7.15971e-10-5.02278e-10-2.95181e-10-1.53635e-10
-1.58349e-10-3.90753e-10-8.96983e-10-1.65288e-09-2.54614e-09-3.38865e-09
-3.96308e-09-4.08908e-09-3.67973e-09-2.76348e-09-1.46674e-09 2.89437e-11
 1.53379e-09 2.88501e-09 3.96335e-09 4.69445e-09 5.04693e-09 5.03708e-09
 4.73560e-09 4.26213e-09 3.75977e-09 3.35486e-09 3.11498e-09 3.02040e-09
 2.96693e-09 2.80894e-09 2.42550e-09 1.77400e-09 9.04720e-10-6.58320e-11
-1.00523e-09-1.81502e-09-2.46012e-09-2.96799e-09-3.40238e-09-3.83127e-09
-4.30838e-09-4.86874e-09-5.52573e-09-6.26206e-09-7.02075e-09-7.70542e-09
-8.19585e-09-8.38124e-09-8.20479e-09-7.69493e-09-6.95714e-09-6.12566e-09
-5.30335e-09-4.52037e-09-3.72815e-09-2.82917e-09-1.73041e-09-3.94255e-10
 1.14156e-09 2.78454e-09 4.42764e-09 5.97995e-09 7.37874e-09 8.59312e-09
 9.62558e-09 1.05085e-08 1.12928e-08 1.20300e-08 1.27452e-08 1.34077e-08
 1.39170e-08 1.41286e-08 1.39157e-08 1.32340e-08 1.21592e-08 1.08825e-08
 9.65857e-09 8.70511e-09 8.08319e-09 7.63419e-09 7.03366e-09 5.93622e-09
 4.12527e-09 1.60293e-09-1.40130e-09-4.50790e-09-7.33207e-09-9.63546e-09
-1.14108e-08-1.28635e-08-1.43131e-08-1.60641e-08-1.82839e-08-2.09109e-08
-2.36359e-08-2.59873e-08-2.74871e-08-2.78005e-08-2.68306e-08-2.47573e-08
-2.20486e-08-1.94866e-08-1.82125e-08-1.97070e-08-2.55297e-08-3.66742e-08
-5.25612e-08-6.99186e-08-8.20030e-08-7.87783e-08-4.86894e-08 1.75278e-08
 1.21166e-07 2.48814e-07 3.68921e-07 4.42781e-07 4.45969e-07 3.72516e-07
 2.25308e-07 2.33364e-08-1.88947e-07-3.56651e-07-4.37681e-07-4.18497e-07
-3.24257e-07-2.12453e-07-1.41887e-07-1.37968e-07-1.79482e-07-2.13962e-07
-1.95414e-07-1.19327e-07-2.50130e-08 3.54604e-08 3.32343e-08-2.48372e-08
-1.09230e-07-1.82837e-07-2.04229e-07-1.37117e-07 2.50000e-08 2.54015e-07
 5.18368e-07 8.01707e-07 1.07914e-06 1.29065e-06 1.34963e-06 1.17694e-06
 7.36704e-07 6.39209e-08-7.24878e-07-1.44996e-06-1.91581e-06-1.97582e-06
-1.59630e-06-8.90333e-07-9.19446e-08 5.32871e-07 8.03117e-07 7.09027e-07
 4.10962e-07 1.37278e-07 4.00918e-08 1.09160e-07 2.10733e-07 2.21014e-07
 1.33152e-07 3.69600e-08 5.25873e-09 2.30624e-08 3.24396e-08 1.29451e-08
-1.14037e-08-2.23845e-08-2.60583e-08-2.87698e-08-2.76598e-08-2.31424e-08
-1.91216e-08-1.50573e-08-9.90976e-09-5.94481e-09-3.66427e-09-1.62900e-09
-2.34099e-10 3.10111e-10 1.05010e-09 1.77993e-09 2.00585e-09 2.14940e-09
 2.04685e-09 1.46234e-09 8.31131e-10 1.97113e-10-4.33039e-10-7.54701e-10
-8.99640e-10-9.85101e-10-9.15197e-10-8.20054e-10-7.14471e-10-5.52904e-10
-4.22823e-10-2.87016e-10-1.64703e-10-1.32108e-10-1.44662e-10-1.88196e-10
-2.32758e-10-2.49244e-10-2.79466e-10-3.38590e-10-4.61582e-10-6.81493e-10
-9.76289e-10-1.29887e-09-1.57534e-09-1.77178e-09-1.90197e-09-1.98642e-09
-2.04789e-09-2.08525e-09-2.07796e-09-1.99391e-09-1.80921e-09-1.53965e-09
-1.22270e-09-8.89670e-10-5.53773e-10-2.02932e-10 1.91739e-10 6.47353e-10
 1.15011e-09 1.66536e-09 2.15795e-09 2.59778e-09 2.95980e-09 3.23605e-09
 3.42998e-09 3.54017e-09 3.57330e-09 3.54657e-09 3.46512e-09 3.32558e-09
 3.11924e-09 2.81279e-09 2.37508e-09 1.82640e-09 1.20775e-09 5.35627e-10
-1.54158e-10-7.93738e-10-1.37040e-09-1.93179e-09-2.48389e-09-2.98079e-09
-3.39027e-09-3.69337e-09-3.88418e-09-4.00212e-09-4.07237e-09-4.03473e-09
-3.82253e-09-3.45009e-09-2.97562e-09-2.46244e-09-1.95853e-09-1.43367e-09
-8.06215e-10-9.20271e-11 5.78560e-10 1.13770e-09 1.64953e-09 2.17382e-09
 2.68189e-09 3.10335e-09 3.37088e-09 3.47704e-09 3.51876e-09 3.59366e-09
 3.66554e-09 3.61079e-09 3.36125e-09 2.96304e-09 2.51739e-09 2.06120e-09
 1.51918e-09 7.99481e-10-8.67588e-11-1.01624e-09-1.86913e-09-2.65294e-09
-3.45477e-09-4.28302e-09-5.03723e-09-5.59135e-09-5.86417e-09-5.87161e-09
-5.68922e-09-5.33907e-09-4.78383e-09-4.00429e-09-3.03972e-09-1.99030e-09
-9.38653e-10 1.28715e-10 1.24321e-09 2.36608e-09 3.41901e-09 4.31675e-09
 5.00253e-09 5.48962e-09 5.80185e-09 5.91176e-09 5.79315e-09 5.46161e-09
 4.94604e-09 4.27916e-09 3.49553e-09 2.60453e-09 1.60228e-09 5.28580e-10
-5.20905e-10-1.45809e-09-2.25742e-09-2.92258e-09-3.43372e-09-3.76553e-09
-3.89579e-09-3.78048e-09-3.40763e-09-2.83266e-09-2.08280e-09-1.13695e-09
-3.18242e-11 1.13811e-09 2.28344e-09 3.29994e-09 4.10273e-09 4.70238e-09
 5.11772e-09 5.26777e-09 5.05321e-09 4.45222e-09 3.50014e-09 2.26939e-09
 8.51547e-10-6.88515e-10-2.28756e-09-3.80926e-09-5.05973e-09-5.89920e-09
-6.31580e-09-6.37014e-09-6.09557e-09-5.48935e-09-4.57632e-09-3.47728e-09
-2.43451e-09-1.69849e-09-1.34601e-09-1.25763e-09-1.24498e-09-1.15102e-09
-8.66062e-10-2.76605e-10 7.63817e-10 2.34175e-09 4.34544e-09 6.41796e-09
 8.05061e-09 8.76903e-09 8.25052e-09 6.31966e-09 2.96980e-09-1.55628e-09
-6.71386e-09-1.16699e-08-1.54565e-08-1.72428e-08-1.65361e-08-1.32612e-08
-7.77916e-09-8.36517e-10 6.52503e-09 1.31017e-08 1.77807e-08 1.98169e-08
 1.89884e-08 1.56390e-08 1.05879e-08 4.90599e-09-3.13029e-10-4.15507e-09
-6.09639e-09-6.11827e-09-4.66770e-09-2.51553e-09-5.13824e-10 6.76706e-10
 7.45455e-10-2.25097e-10-1.80340e-09-3.37583e-09-4.36629e-09-4.41374e-09
-3.50042e-09-1.96219e-09-3.32913e-10 8.67604e-10 1.32598e-09 1.08313e-09
 5.24197e-10 1.15675e-10
     0.0000e+00     0.0000e+00      0  0  0.00
     512   1.00000  0.0000e+00
-4.09772e-11 2.15957e-10 4.59021e-10 6.14556e-10 6.23377e-10 4.67256e-10
 1.83230e-10-1.45028e-10-4.14354e-10-5.36976e-10-4.72695e-10-2.44464e-10
 6.93881e-11 3.62043e-10 5.36357e-10 5.41046e-10 3.88721e-10 1.49174e-10
-7.73240e-11-1.98196e-10-1.64994e-10 8.29500e-12 2.51903e-10 4.68205e-10
 5.71437e-10 5.21946e-10 3.40085e-10 9.66137e-11-1.17009e-10-2.27962e-10
-2.12438e-10-1.03968e-10 2.16777e-11 7.94543e-11 1.24911e-11-1.82756e-10
-4.53041e-10-7.07903e-10-8.55866e-10-8.41412e-10-6.66242e-10-3.87306e-10
-9.31433e-11 1.32210e-10 2.42108e-10 2.42697e-10 1.85587e-10 1.41080e-10
 1.63189e-10 2.63462e-10 4.05904e-10 5.24406e-10 5.55283e-10 4.70211e-10
 2.92316e-10 8.65770e-11-7.02775e-11-1.25943e-10-7.81702e-11 2.25914e-11
 9.60847e-11 7.10933e-11-7.84461e-11-3.18600e-10-5.69604e-10-7.41822e-10
-7.75334e-10-6.63978e-10-4.53430e-10-2.15437e-10-1.14604e-11 1.35226e-10
 2.44051e-10 3.57204e-10 5.07874e-10 6.93902e-10 8.71231e-10 9.72560e-10
 9.41997e-10 7.66012e-10 4.83691e-10 1.71309e-10-9.05364e-11-2.50421e-10
-3.04394e-10-2.91753e-10-2.71124e-10-2.89025e-10-3.58287e-10-4.58421e-10
-5.55619e-10-6.28061e-10-6.80847e-10-7.41838e-10-8.40002e-10-9.77905e-10
-1.11472e-09-1.17134e-09-1.05736e-09-7.08206e-10-1.16676e-10 6.54874e-10
 1.48819e-09 2.24316e-09 2.79614e-09 3.06473e-09 3.01209e-09 2.63805e-09
 1.97051e-09 1.06535e-09 1.28458e-11-1.05811e-09-1.98816e-09-2.61491e-09
-2.81698e-09-2.55926e-09-1.91587e-09-1.05553e-09-1.91587e-10 4.84680e-10
 8.59531e-10 9.17594e-10 7.23483e-10 3.80584e-10-8.86096e-12-3.65979e-10
-6.39264e-10-8.00663e-10-8.43570e-10-7.86243e-10-6.76569e-10-5.87636e-10
-5.94599e-10-7.36183e-10-9.81741e-10-1.22984e-09-1.34629e-09-1.22407e-09
-8.35010e-10-2.47100e-10 4.02513e-10 9.64520e-10 1.33449e-09 1.48243e-09
 1.44522e-09 1.29416e-09 1.10112e-09 9.19974e-10 7.85261e-10 7.18595e-10
 7.29253e-10 8.03759e-10 8.96217e-10 9.38467e-10 8.74302e-10 6.97606e-10
 4.66506e-10 2.81925e-10 2.41245e-10 3.89885e-10 6.94283e-10 1.05106e-09
 1.32863e-09 1.41765e-09 1.26205e-09 8.61494e-10 2.62207e-10-4.37854e-10
-1.06105e-09-1.31978e-09-8.23162e-10 8.40739e-10 3.92995e-09 8.30587e-09
 1.32217e-08 1.73279e-08 1.90327e-08 1.71094e-08 1.12381e-08 2.21850e-09
-8.22272e-09-1.79436e-08-2.50304e-08-2.83665e-08-2.79490e-08-2.48345e-08
-2.06988e-08-1.71685e-08-1.52459e-08-1.51174e-08-1.63414e-08-1.81804e-08
-1.98835e-08-2.08651e-08-2.07836e-08-1.95370e-08-1.72121e-08-1.40434e-08
-1.04191e-08-6.91351e-09-4.25942e-09-3.17348e-09-4.01430e-09-6.33294e-09
-8.44204e-09-7.18853e-09 1.84448e-09 2.34734e-08 6.12414e-08 1.14976e-07
 1.78043e-07 2.35023e-07 2.63766e-07 2.48193e-07 1.89572e-07 9.84406e-08
-1.19294e-08-1.16635e-07-1.82993e-07-1.89365e-07-1.37027e-07-5.12687e-08
 3.00025e-08 7.49545e-08 7.01537e-08 2.47814e-08-3.38751e-08-7.75446e-08
-9.60916e-08-1.00897e-07-1.11095e-07-1.37586e-07-1.78310e-07-2.24310e-07
-2.66724e-07-3.01162e-07-3.33636e-07-3.82568e-07-4.62068e-07-5.54854e-07
-6.06217e-07-5.46408e-07-3.20533e-07 8.73408e-08 6.38866e-07 1.23962e-06
 1.75349e-06 2.03165e-06 1.95466e-06 1.48146e-06 6.84384e-07-2.52555e-07
-1.08079e-06-1.57166e-06-1.60805e-06-1.24052e-06-6.72191e-07-1.63759e-07
 9.85379e-08 9.50692e-08-3.70626e-08-1.18747e-07-6.62693e-08 6.18705e-08
 1.47540e-07 1.39107e-07 8.71369e-08 6.29996e-08 7.53141e-08 8.50546e-08
 7.30633e-08 5.45066e-08 4.13832e-08 2.92610e-08 1.64948e-08 7.60526e-09
 1.64722e-09-4.19271e-09-7.84010e-09-8.49495e-09-8.58422e-09-8.13889e-09
-6.44964e-09-4.91007e-09-3.69666e-09-1.99975e-09-4.72806e-10 7.21370e-10
 2.09937e-09 3.18193e-09 3.81115e-09 4.29514e-09 4.37312e-09 4.16826e-09
 3.99823e-09 3.70227e-09 3.39310e-09 3.17199e-09 2.84693e-09 2.45770e-09
 1.99467e-09 1.44290e-09 9.54629e-10 4.90858e-10 2.80415e-11-3.67888e-10
-7.12783e-10-9.87154e-10-1.22739e-09-1.47550e-09-1.70757e-09-1.95893e-09
-2.24003e-09-2.50145e-09-2.66981e-09-2.70817e-09-2.68859e-09-2.68099e-09
-2.68330e-09-2.65481e-09-2.55550e-09-2.35159e-09-1.99449e-09-1.49265e-09
-9.59061e-10-5.19995e-10-2.00977e-10 7.10505e-11 3.65821e-10 7.03247e-10
 1.08717e-09 1.50622e-09 1.90079e-09 2.19097e-09 2.34866e-09 2.41705e-09
 2.44046e-09 2.38887e-09 2.20326e-09 1.89511e-09 1.52743e-09 1.12836e-09
 7.06230e-10 3.12994e-10-1.05260e-11-3.17063e-10-6.80091e-10-1.09532e-09
-1.51415e-09-1.88715e-09-2.16059e-09-2.29423e-09-2.26906e-09-2.09017e-09
-1.81613e-09-1.51714e-09-1.17935e-09-7.53066e-10-2.87053e-10 1.29902e-10
 5.24434e-10 9.80734e-10 1.49974e-09 2.02334e-09 2.48767e-09 2.81222e-09
 2.94888e-09 2.93579e-09 2.83422e-09 2.64811e-09 2.33633e-09 1.86873e-09
 1.26717e-09 6.07377e-10-5.87588e-11-7.83992e-10-1.63309e-09-2.52502e-09
-3.29799e-09-3.87747e-09-4.27625e-09-4.51978e-09-4.60702e-09-4.49310e-09
-4.14461e-09-3.58753e-09-2.87644e-09-2.06632e-09-1.17217e-09-1.63072e-10
 9.35512e-10 2.00539e-09 2.92441e-09 3.63936e-09 4.19151e-09 4.65025e-09
 4.99470e-09 5.15112e-09 5.11187e-09 4.92150e-09 4.60638e-09 4.14465e-09
 3.48118e-09 2.60906e-09 1.60304e-09 5.55057e-10-4.62373e-10-1.41574e-09
-2.32872e-09-3.21330e-09-4.01746e-09-4.68721e-09-5.20743e-09-5.57336e-09
-5.77026e-09-5.75126e-09-5.45464e-09-4.89775e-09-4.18226e-09-3.37450e-09
-2.47433e-09-1.48628e-09-4.27263e-10 6.87637e-10 1.80516e-09 2.85304e-09
 3.80379e-09 4.63466e-09 5.27909e-09 5.68749e-09 5.86846e-09 5.85397e-09
 5.67326e-09 5.33727e-09 4.81566e-09 4.06335e-09 3.09503e-09 1.97781e-09
 7.41530e-10-6.05340e-10-1.98305e-09-3.26866e-09-4.37697e-09-5.26205e-09
-5.91229e-09-6.33532e-09-6.47410e-09-6.19601e-09-5.43066e-09-4.27291e-09
-2.92697e-09-1.58658e-09-3.71153e-10 6.65824e-10 1.48512e-09 2.02152e-09
 2.24570e-09 2.26122e-09 2.25881e-09 2.39950e-09 2.77313e-09 3.38904e-09
 4.19733e-09 5.12122e-09 5.98980e-09 6.48198e-09 6.21576e-09 4.89251e-09
 2.43985e-09-9.19736e-10-4.75988e-09-8.54245e-09-1.16291e-08-1.33583e-08
-1.31816e-08-1.08110e-08-6.38150e-09-4.80821e-10 5.98573e-09 1.19528e-08
 1.63738e-08 1.84134e-08 1.75919e-08 1.39284e-08 8.01992e-09 9.26013e-10
-6.07955e-09-1.17839e-08-1.52873e-08-1.61563e-08-1.44762e-08-1.08344e-08
-6.18409e-09-1.58447e-09 2.06938e-09 4.24811e-09 4.88491e-09 4.32704e-09
 3.16821e-09 2.03979e-09 1.40700e-09 1.42134e-09 1.89962e-09 2.42684e-09
 2.54177e-09 1.97384e-09 8.09985e-10-5.24794e-10-1.45054e-09-1.54243e-09
-9.03542e-10-2.29424e-10
