      10
(6e12.5)
     0.0000e+00     0.0000e+00      0  0  0.00
     512   1.00000  0.0000e+00
 4.58248e-10 6.06825e-10 7.09537e-10 7.30082e-10 6.41131e-10 4.36762e-10
 1.42857e-10-1.82866e-10-4.66939e-10-6.48184e-10-7.04207e-10-6.61846e-10
-5.84976e-10-5.44438e-10-5.84006e-10-6.99054e-10-8.39160e-10-9.33601e-10
-9.25739e-10-7.97714e-10-5.74494e-10-3.09370e-10-6.16828e-11 1.22365e-10
 2.20892e-10 2.40127e-10 2.12945e-10 1.92554e-10 2.39945e-10 4.04840e-10
 7.04232e-10 1.10733e-09 1.53662e-09 1.88985e-09 2.07741e-09 2.05900e-09
 1.86028e-09 1.55962e-09 1.25254e-09 1.01270e-09 8.67821e-10 7.98361e-10
 7.54394e-10 6.79428e-10 5.30311e-10 2.87765e-10-4.25684e-11-4.35641e-10
-8.55459e-10-1.26439e-09-1.63308e-09-1.94933e-09-2.22064e-09-2.46516e-09
-2.69354e-09-2.89332e-09-3.02836e-09-3.05656e-09-2.95570e-09-2.74112e-09
-2.46340e-09-2.18687e-09-1.96030e-09-1.79419e-09-1.65501e-09-1.47896e-09
-1.19832e-09-7.67774e-10-1.79594e-10 5.34419e-10 1.31099e-09 2.07012e-09
 2.73522e-09 3.25542e-09 3.62139e-09 3.86522e-09 4.04129e-09 4.19784e-09
 4.35550e-09 4.50445e-09 4.61794e-09 4.67078e-09 4.65063e-09 4.55621e-09
 4.38493e-09 4.11991e-09 3.72761e-09 3.17017e-09 2.42576e-09 1.50482e-09
 4.53470e-10-6.55843e-10-1.74044e-09-2.72461e-09-3.55675e-09-4.22492e-09
-4.76333e-09-5.24072e-09-5.73080e-09-6.27839e-09-6.87873e-09-7.48027e-09
-8.00702e-09-8.38662e-09-8.56926e-09-8.53045e-09-8.26155e-09-7.75894e-09
-7.02199e-09-6.06216e-09-4.91503e-09-3.64229e-09-2.31829e-09-1.00837e-09
 2.48961e-10 1.45009e-09 2.62470e-09 3.82542e-09 5.10817e-09 6.50616e-09
 8.00714e-09 9.54640e-09 1.10216e-08 1.23214e-08 1.33530e-08 1.40543e-08
 1.43934e-08 1.43599e-08 1.39578e-08 1.32027e-08 1.21250e-08 1.07722e-08
 9.20627e-09 7.49272e-09 5.68806e-09 3.82918e-09 1.92455e-09-5.39258e-11
-2.17160e-09-4.51364e-09-7.14906e-09-1.00904e-08-1.32698e-08-1.65450e-08
-1.97289e-08-2.26259e-08-2.50610e-08-2.68993e-08-2.80573e-08-2.85064e-08
-2.82620e-08-2.73599e-08-2.58277e-08-2.36659e-08-2.08404e-08-1.72894e-08
-1.29460e-08-7.77030e-09-1.78216e-09 4.92315e-09 1.21836e-08 1.98002e-08
 2.75777e-08 3.53650e-08 4.30817e-08 5.07237e-08 5.83467e-08 6.60338e-08
 7.38569e-08 8.18285e-08 8.98366e-08 9.75555e-08 1.04350e-07 1.09213e-07
 1.10773e-07 1.07415e-07 9.75060e-08 7.97249e-08 5.34582e-08 1.91328e-08
-2.16637e-08-6.62083e-08-1.10715e-07-1.50731e-07-1.82057e-07-2.01825e-07
-2.09325e-07-2.06480e-07-1.97845e-07-1.90035e-07-1.90671e-07-2.07037e-07
-2.44570e-07-3.05363e-07-3.86764e-07-4.80105e-07-5.69685e-07-6.32503e-07
-6.39581e-07-5.59697e-07-3.65832e-07-4.38902e-08 3.98296e-07 9.26061e-07
 1.47979e-06 1.98122e-06 2.34422e-06 2.48914e-06 2.35075e-06 1.88580e-06
 1.10269e-06 9.10522e-08-9.94131e-07-1.97403e-06-2.67387e-06-2.95280e-06
-2.74695e-06-2.10156e-06-1.17423e-06-2.00731e-07 5.74299e-07 9.83241e-07
 1.00009e-06 7.40507e-07 3.95195e-07 1.37573e-07 4.91991e-08 9.63709e-08
 1.72846e-07 1.84013e-07 1.13050e-07 2.06429e-08-1.67280e-08 2.46959e-08
 9.94815e-08 1.40307e-07 1.21209e-07 7.46412e-08 4.91388e-08 5.68920e-08
 6.83559e-08 5.44510e-08 2.18321e-08-4.33236e-10-4.70161e-10 4.52752e-09
-3.60741e-09-1.93154e-08-2.60082e-08-2.25219e-08-2.21141e-08-2.95846e-08
-3.55287e-08-3.42034e-08-3.19730e-08-3.38415e-08-3.49711e-08-3.11329e-08
-2.59244e-08-2.23145e-08-1.74667e-08-9.94076e-09-2.62414e-09 3.34955e-09
 9.41241e-09 1.49896e-08 1.84957e-08 2.02062e-08 2.05006e-08 1.88257e-08
 1.52761e-08 1.04316e-08 4.54775e-09-1.95041e-09-8.34515e-09-1.39889e-08
-1.82896e-08-2.07156e-08-2.09412e-08-1.89051e-08-1.48344e-08-9.23041e-09
-2.78292e-09 3.72740e-09 9.50839e-09 1.38452e-08 1.62038e-08 1.63171e-08
 1.42181e-08 1.02245e-08 4.90304e-09-9.82206e-10-6.56098e-09-1.09826e-08
-1.35395e-08-1.37649e-08-1.15088e-08-6.99707e-09-8.41338e-10 6.04005e-09
 1.25894e-08 1.78031e-08 2.08876e-08 2.13692e-08 1.91735e-08 1.46693e-08
 8.63247e-09 2.10353e-09-3.82509e-09-8.22521e-09-1.04985e-08-1.04728e-08
-8.42866e-09-5.05214e-09-1.29821e-09 1.81703e-09 3.44267e-09 3.08113e-09
 6.97001e-10-3.27766e-09-8.03953e-09-1.25868e-08-1.59359e-08-1.73384e-08
-1.64526e-08-1.34291e-08-8.87876e-09-3.71632e-09 1.07166e-09 4.65677e-09
 6.54472e-09 6.67807e-09 5.44598e-09 3.57696e-09 1.93013e-09 1.25323e-09
 1.98156e-09 4.12395e-09 7.26006e-09 1.06517e-08 1.34411e-08 1.48809e-08
 1.45356e-08 1.24033e-08 8.92221e-09 4.84488e-09 1.01286e-09-1.88296e-09
-3.47476e-09-3.78879e-09-3.21715e-09-2.39598e-09-2.00469e-09-2.53968e-09
-4.14506e-09-6.56164e-09-9.20580e-09-1.13500e-08-1.23541e-08-1.18724e-08
-9.95772e-09-7.03114e-09-3.74523e-09-7.89159e-10 1.31556e-09 2.36660e-09
 2.52333e-09 2.22793e-09 2.03746e-09 2.41781e-09 3.56440e-09 5.31849e-09
 7.21490e-09 8.64180e-09 9.05365e-09 8.16417e-09 6.05165e-09 3.13545e-09
 3.26659e-11-2.64909e-09-4.50435e-09-5.43754e-09-5.65320e-09-5.54260e-09
-5.51180e-09-5.80776e-09-6.40450e-09-6.99916e-09-7.12439e-09-6.33357e-09
-4.38796e-09-1.37266e-09 2.30665e-09 6.04391e-09 9.22066e-09 1.13905e-08
 1.23898e-08 1.23329e-08 1.15036e-08 1.01991e-08 8.59445e-09 6.67658e-09
 4.27552e-09 1.18415e-09-2.68349e-09-7.16967e-09-1.18425e-08-1.60701e-08
-1.91770e-08-2.06313e-08-2.01874e-08-1.79266e-08-1.41913e-08-9.45150e-09
-4.15966e-09 1.34121e-09 6.81105e-09 1.20270e-08 1.66905e-08 2.03878e-08
 2.26250e-08 2.29350e-08 2.10333e-08 1.69656e-08 1.11695e-08 4.41033e-09
-2.38201e-09-8.30792e-09-1.26709e-08-1.50853e-08-1.54856e-08-1.40437e-08
-1.10534e-08-6.86229e-09-1.88166e-09 3.36173e-09 8.20444e-09 1.18996e-08
 1.37449e-08 1.32608e-08 1.03645e-08 5.46269e-09-6.01812e-10-6.74174e-09
-1.18862e-08-1.52139e-08-1.62974e-08-1.51420e-08-1.21246e-08-7.85686e-09
-3.02851e-09 1.70167e-09 5.73966e-09 8.55402e-09 9.71243e-09 8.99013e-09
 6.50077e-09 2.76066e-09-1.37450e-09-4.90083e-09-6.92883e-09-6.93063e-09
-4.89031e-09-1.30589e-09 2.96110e-09 6.93627e-09 9.79295e-09 1.10359e-08
 1.05622e-08 8.60746e-09 5.63024e-09 2.19931e-09-1.08324e-09-3.63949e-09
-4.99307e-09-4.87874e-09-3.35206e-09-8.39620e-10 1.92283e-09 4.07352e-09
 4.88159e-09 3.99023e-09 1.54877e-09-1.82773e-09-5.25857e-09-7.87754e-09
-9.08860e-09-8.71099e-09-6.97605e-09-4.40174e-09-1.61890e-09 7.78428e-10
 2.33176e-09 2.77891e-09 2.09630e-09 5.22389e-10-1.46319e-09-3.23273e-09
-4.17317e-09-3.88096e-09-2.32610e-09 9.33272e-11 2.66432e-09 4.61695e-09
 5.41319e-09 4.93391e-09 3.49487e-09 1.70038e-09 1.96488e-10-5.78224e-10
-5.47062e-10-1.72875e-10
     0.0000e+00     0.0000e+00      0  0  0.00
     512   1.00000  0.0000e+00
-6.03433e-11 1.81995e-10 4.23170e-10 6.15186e-10 7.14520e-10 6.96596e-10
 5.64758e-10 3.49987e-10 1.01803e-10-1.25568e-10-2.86403e-10-3.52430e-10
-3.16888e-10-1.94924e-10-2.11660e-11 1.56511e-10 2.88020e-10 3.35103e-10
 2.83772e-10 1.50070e-10-2.44741e-11-1.87276e-10-2.93152e-10-3.18578e-10
-2.66198e-10-1.58796e-10-2.68490e-11 1.03105e-10 2.13745e-10 2.95688e-10
 3.43532e-10 3.53339e-10 3.23227e-10 2.55732e-10 1.59274e-10 4.71642e-11
-6.50882e-11-1.61912e-10-2.28132e-10-2.49307e-10-2.14504e-10-1.22357e-10
 1.18677e-11 1.53290e-10 2.53675e-10 2.67392e-10 1.70696e-10-2.57007e-11
-2.77893e-10-5.23682e-10-7.04003e-10-7.81005e-10-7.45822e-10-6.15694e-10
-4.25387e-10-2.17908e-10-3.64519e-11 8.28650e-11 1.18491e-10 7.02781e-11
-3.81941e-11-1.65936e-10-2.68839e-10-3.15104e-10-2.93285e-10-2.09234e-10
-7.57660e-11 9.64563e-11 2.99673e-10 5.21396e-10 7.36139e-10 9.05756e-10
 9.91389e-10 9.71651e-10 8.56567e-10 6.87987e-10 5.24698e-10 4.19962e-10
 4.03134e-10 4.72884e-10 6.01719e-10 7.46589e-10 8.60330e-10 9.01383e-10
 8.41817e-10 6.74016e-10 4.14119e-10 9.89351e-11-2.24155e-10-5.10600e-10
-7.30087e-10-8.71832e-10-9.42626e-10-9.60255e-10-9.46972e-10-9.25962e-10
-9.20038e-10-9.49840e-10-1.03008e-09-1.16448e-09-1.34132e-09-1.53229e-09
-1.69700e-09-1.79293e-09-1.78897e-09-1.67864e-09-1.48710e-09-1.26586e-09
-1.07462e-09-9.57714e-10-9.26804e-10-9.58451e-10-1.00659e-09-1.02186e-09
-9.66506e-10-8.18582e-10-5.68385e-10-2.16010e-10 2.24040e-10 7.12818e-10
 1.17970e-09 1.52740e-09 1.65245e-09 1.47447e-09 9.63682e-10 1.59540e-10
-8.19523e-10-1.77394e-09-2.42993e-09-2.46087e-09-1.52979e-09 6.43969e-10
 4.19717e-09 9.02511e-09 1.46919e-08 2.03867e-08 2.49914e-08 2.73058e-08
 2.63753e-08 2.17939e-08 1.38716e-08 3.62217e-09-7.42540e-09-1.75467e-08
-2.51931e-08-2.93206e-08-2.95981e-08-2.64437e-08-2.08775e-08-1.42283e-08
-7.78251e-09-2.49856e-09 1.10858e-09 2.91546e-09 3.06746e-09 1.87476e-09
-2.52952e-10-2.84866e-09-5.42564e-09-7.52805e-09-8.79765e-09-9.03682e-09
-8.24185e-09-6.59516e-09-4.42099e-09-2.11387e-09-5.31062e-11 1.47836e-09
 2.35239e-09 2.62229e-09 2.51769e-09 2.41039e-09 2.75215e-09 3.98983e-09
 6.46872e-09 1.03359e-08 1.54523e-08 2.13274e-08 2.71042e-08 3.16580e-08
 3.38560e-08 3.28993e-08 2.85751e-08 2.13257e-08 1.21849e-08 2.68609e-09
-5.24963e-09-9.55615e-09-8.42956e-09-7.91198e-10 1.33252e-08 3.25435e-08
 5.40700e-08 7.36896e-08 8.58062e-08 8.36883e-08 6.02431e-08 9.56245e-09
-7.08041e-08-1.77289e-07-2.98170e-07-4.12582e-07-4.91839e-07-5.05208e-07
-4.30264e-07-2.63070e-07-2.40085e-08 2.43300e-07 4.85508e-07 6.60764e-07
 7.48677e-07 7.43839e-07 6.46210e-07 4.59494e-07 2.00155e-07-9.29495e-08
-3.62321e-07-5.48496e-07-6.09830e-07-5.36313e-07-3.54832e-07-1.26590e-07
 7.10046e-08 1.76822e-07 1.72754e-07 9.03581e-08-6.15767e-09-5.71681e-08
-4.36793e-08 5.61480e-09 4.16469e-08 3.46564e-08-4.54424e-09-3.81254e-08
-3.70972e-08-6.49690e-09 2.33100e-08 2.89158e-08 1.55663e-08 6.37231e-09
 1.36183e-08 2.62900e-08 2.69344e-08 1.44742e-08 3.60191e-09 3.79133e-09
 8.04196e-09 5.70297e-09-1.60927e-09-4.51347e-09-1.39171e-09 3.97955e-10
-2.39192e-09-4.59267e-09-2.84451e-09-8.61274e-10-1.51300e-09-1.93488e-09
 4.52395e-11 1.98200e-09 2.20864e-09 2.42523e-09 3.17468e-09 2.85731e-09
 1.49121e-09 3.92392e-10-5.10299e-10-1.61466e-09-2.41692e-09-2.82346e-09
-3.27146e-09-3.77186e-09-4.18550e-09-4.49653e-09-4.53417e-09-4.08490e-09
-3.08539e-09-1.58421e-09 2.61291e-10 2.18701e-09 3.89127e-09 5.10030e-09
 5.62100e-09 5.38004e-09 4.42706e-09 2.90778e-09 1.02712e-09-9.82465e-10
-2.88182e-09-4.44146e-09-5.45981e-09-5.78658e-09-5.35218e-09-4.19569e-09
-2.47729e-09-4.61014e-10 1.53312e-09 3.18928e-09 4.24871e-09 4.55116e-09
 4.06883e-09 2.92403e-09 1.37125e-09-2.62014e-10-1.65479e-09-2.55935e-09
-2.83433e-09-2.44966e-09-1.48346e-09-1.17190e-10 1.38615e-09 2.73269e-09
 3.66548e-09 4.02294e-09 3.76602e-09 2.97008e-09 1.79611e-09 4.59045e-10
-8.04191e-10-1.77386e-09-2.29193e-09-2.29924e-09-1.85047e-09-1.10095e-09
-2.70216e-10 4.09522e-10 7.50384e-10 6.55016e-10 1.36662e-10-6.90556e-10
-1.64226e-09-2.50357e-09-3.07314e-09-3.20918e-09-2.86735e-09-2.11588e-09
-1.11870e-09-9.05994e-11 7.59755e-10 1.28250e-09 1.42394e-09 1.23858e-09
 8.71134e-10 5.12660e-10 3.41707e-10 4.69079e-10 9.06397e-10 1.56726e-09
 2.29550e-09 2.90728e-09 3.23557e-09 3.17246e-09 2.70229e-09 1.91219e-09
 9.70684e-10 7.66486e-11-6.06873e-10-1.00792e-09-1.16355e-09-1.19105e-09
-1.22983e-09-1.38601e-09-1.70193e-09-2.15161e-09-2.65325e-09-3.09096e-09
-3.34178e-09-3.30829e-09-2.95527e-09-2.33511e-09-1.57936e-09-8.51469e-10
-2.79727e-10 9.72226e-11 3.41137e-10 5.73494e-10 9.08491e-10 1.39577e-09
 1.99763e-09 2.60765e-09 3.09675e-09 3.35994e-09 3.34553e-09 3.06395e-09
 2.57954e-09 1.99033e-09 1.40152e-09 8.96156e-10 5.07339e-10 2.04272e-10
-9.51618e-11-4.84140e-10-1.01276e-09-1.64442e-09-2.24885e-09-2.64394e-09
-2.67221e-09-2.27609e-09-1.53483e-09-6.44275e-10 1.53031e-10 6.58738e-10
 7.92933e-10 6.19858e-10 3.12561e-10 6.89856e-11 1.42291e-11 1.34263e-10
 2.76357e-10 2.20852e-10-2.06985e-10-1.03740e-09-2.11692e-09-3.15036e-09
-3.80738e-09-3.84621e-09-3.20014e-09-1.99157e-09-4.72586e-10 1.07639e-09
 2.44166e-09 3.52593e-09 4.33834e-09 4.93757e-09 5.35949e-09 5.56572e-09
 5.43761e-09 4.81902e-09 3.59274e-09 1.76241e-09-4.95712e-10-2.84370e-09
-4.86529e-09-6.19176e-09-6.61375e-09-6.13093e-09-4.92628e-09-3.28719e-09
-1.51339e-09 1.51374e-10 1.54568e-09 2.57729e-09 3.19123e-09 3.34702e-09
 3.02146e-09 2.23265e-09 1.06879e-09-2.94112e-10-1.59930e-09-2.55227e-09
-2.89917e-09-2.51763e-09-1.47567e-09-2.01055e-11 1.50631e-09 2.77741e-09
 3.57029e-09 3.79387e-09 3.46760e-09 2.68254e-09 1.56997e-09 2.84502e-10
-1.00286e-09-2.11019e-09-2.85709e-09-3.09144e-09-2.73371e-09-1.82714e-09
-5.63625e-10 7.45531e-10 1.75743e-09 2.21124e-09 2.01669e-09 1.27610e-09
 2.32573e-10-8.24935e-10-1.65312e-09-2.10896e-09-2.15742e-09-1.84378e-09
-1.25689e-09-5.07302e-10 2.76183e-10 9.47932e-10 1.36290e-09 1.41554e-09
 1.08751e-09 4.76325e-10-2.21761e-10-7.76943e-10-1.01322e-09-8.78591e-10
-4.63684e-10 4.36556e-11 4.45934e-10 6.20055e-10 5.56930e-10 3.43409e-10
 1.04409e-10-5.90770e-11-1.04600e-10-4.61884e-11 7.01787e-11 1.92431e-10
 2.77217e-10 2.92795e-10 2.19224e-10 5.88614e-11-1.42904e-10-2.87196e-10
-2.45472e-10-8.08065e-11
     0.0000e+00     0.0000e+00      0  0  0.00
     512   1.00000  0.0000e+00
 5.51898e-10 4.54256e-10 3.34243e-10 2.08613e-10 9.28087e-11-3.91333e-12
-8.08922e-11-1.45187e-10-2.07948e-10-2.79503e-10-3.65415e-10-4.65243e-10
-5.73722e-10-6.82884e-10-7.83984e-10-8.68829e-10-9.30745e-10-9.65276e-10
-9.70205e-10-9.45251e-10-8.92250e-10-8.15522e-10-7.21744e-10-6.18920e-10
-5.14037e-10-4.10049e-10-3.04280e-10-1.89192e-10-5.48074e-11 1.07996e-10
 3.03983e-10 5.30939e-10 7.78834e-10 1.03143e-09 1.27039e-09 1.48024e-09
 1.65118e-09 1.77821e-09 1.85821e-09 1.88758e-09 1.86220e-09 1.77936e-09
 1.64018e-09 1.45098e-09 1.22272e-09 9.68089e-10 6.97104e-10 4.13322e-10
 1.13219e-10-2.09744e-10-5.57924e-10-9.23507e-10-1.28781e-09-1.62639e-09
-1.91672e-09-2.14416e-09-2.30380e-09-2.39860e-09-2.43558e-09-2.42161e-09
-2.36022e-09-2.25084e-09-2.09057e-09-1.87679e-09-1.60849e-09-1.28565e-09
-9.08790e-10-4.80741e-10-1.08135e-11 4.81573e-10 9.66845e-10 1.40983e-09
 1.77724e-09 2.04533e-09 2.20545e-09 2.26601e-09 2.25031e-09 2.19018e-09
 2.11795e-09 2.06006e-09 2.03449e-09 2.05044e-09 2.10757e-09 2.19376e-09
 2.28403e-09 2.34378e-09 2.33616e-09 2.23052e-09 2.00814e-09 1.66450e-09
 1.20855e-09 6.59249e-10 4.03059e-11-6.24956e-10-1.31565e-09-2.01123e-09
-2.68780e-09-3.31720e-09-3.87134e-09-4.32876e-09-4.67860e-09-4.91985e-09
-5.05798e-09-5.10212e-09-5.06336e-09-4.95290e-09-4.77967e-09-4.54889e-09
-4.26272e-09-3.92163e-09-3.52468e-09-3.06974e-09-2.55630e-09-1.99035e-09
-1.38718e-09-7.68718e-10-1.56047e-10 4.38020e-10 1.01174e-09 1.57235e-09
 2.13148e-09 2.70031e-09 3.28486e-09 3.88248e-09 4.48080e-09 5.05978e-09
 5.59488e-09 6.05982e-09 6.42971e-09 6.68693e-09 6.82924e-09 6.87577e-09
 6.86594e-09 6.85186e-09 6.88899e-09 7.02764e-09 7.30136e-09 7.71065e-09
 8.21023e-09 8.71196e-09 9.10541e-09 9.28841e-09 9.19741e-09 8.82817e-09
 8.23804e-09 7.52461e-09 6.78544e-09 6.07445e-09 5.37431e-09 4.59643e-09
 3.60733e-09 2.26794e-09 4.70682e-10-1.83256e-09-4.60962e-09-7.73567e-09
-1.09965e-08-1.41133e-08-1.67880e-08-1.87678e-08-1.99278e-08-2.03583e-08
-2.04387e-08-2.08711e-08-2.26517e-08-2.69609e-08-3.49524e-08-4.74369e-08
-6.44906e-08-8.50537e-08-1.06614e-07-1.25085e-07-1.34992e-07-1.30074e-07
-1.04374e-07-5.37905e-08 2.20564e-08 1.17932e-07 2.22199e-07 3.19086e-07
 3.92153e-07 4.24709e-07 4.01432e-07 3.16591e-07 1.80433e-07 1.63665e-08
-1.45479e-07-2.75052e-07-3.50884e-07-3.66744e-07-3.32249e-07-2.67874e-07
-1.96453e-07-1.33892e-07-8.39269e-08-4.07577e-08 2.26179e-09 4.47290e-08
 7.84317e-08 9.38623e-08 8.78623e-08 6.62873e-08 4.07385e-08 2.24188e-08
 1.63760e-08 1.99388e-08 2.74357e-08 3.56686e-08 4.47601e-08 5.70859e-08
 7.72369e-08 1.10564e-07 1.57498e-07 2.08728e-07 2.48188e-07 2.59549e-07
 2.30202e-07 1.55323e-07 4.18243e-08-9.24503e-08-2.23670e-07-3.28754e-07
-3.92315e-07-4.09837e-07-3.85678e-07-3.28341e-07-2.45946e-07-1.44596e-07
-3.06478e-08 8.46400e-08 1.82722e-07 2.42277e-07 2.49944e-07 2.10813e-07
 1.49410e-07 9.61859e-08 6.73650e-08 5.52585e-08 3.97064e-08 1.10940e-08
-1.94412e-08-3.45814e-08-3.18220e-08-2.41953e-08-2.20287e-08-2.26487e-08
-1.98702e-08-1.44472e-08-1.02719e-08-7.49108e-09-4.62123e-09-2.17731e-09
-6.48626e-10 7.94652e-10 2.18984e-09 2.91135e-09 3.30861e-09 3.72182e-09
 3.72412e-09 3.37467e-09 3.07721e-09 2.66383e-09 2.08640e-09 1.65113e-09
 1.30334e-09 9.39517e-10 6.85244e-10 4.50223e-10 1.27689e-10-2.06042e-10
-5.99557e-10-1.08854e-09-1.60984e-09-2.21580e-09-2.92521e-09-3.68649e-09
-4.50510e-09-5.31777e-09-6.03125e-09-6.59957e-09-6.93710e-09-6.98999e-09
-6.74787e-09-6.18189e-09-5.30639e-09-4.16203e-09-2.80873e-09-1.35432e-09
 9.63245e-11 1.44061e-09 2.58703e-09 3.48415e-09 4.10471e-09 4.46244e-09
 4.60258e-09 4.57629e-09 4.44768e-09 4.28334e-09 4.13689e-09 4.03604e-09
 3.98910e-09 3.99250e-09 4.01298e-09 3.99604e-09 3.88687e-09 3.63041e-09
 3.17842e-09 2.51583e-09 1.67291e-09 7.13898e-10-2.70227e-10-1.18263e-09
-1.95602e-09-2.54958e-09-2.92462e-09-3.06458e-09-3.00912e-09-2.83362e-09
-2.60899e-09-2.39186e-09-2.21729e-09-2.08975e-09-2.00177e-09-1.94862e-09
-1.90733e-09-1.82678e-09-1.66114e-09-1.40290e-09-1.08166e-09-7.44028e-10
-4.27188e-10-1.41747e-10 1.04534e-10 2.71380e-10 3.09434e-10 2.19151e-10
 6.37597e-11-6.90530e-11-1.14052e-10-5.48330e-11 9.02619e-11 3.06060e-10
 5.97021e-10 9.64213e-10 1.36724e-09 1.72662e-09 1.98477e-09 2.15523e-09
 2.30467e-09 2.49694e-09 2.74594e-09 3.01276e-09 3.25052e-09 3.43764e-09
 3.56251e-09 3.59712e-09 3.49426e-09 3.21279e-09 2.75337e-09 2.16437e-09
 1.50815e-09 8.24434e-10 1.16072e-10-6.35772e-10-1.43812e-09-2.27331e-09
-3.11581e-09-3.94290e-09-4.72970e-09-5.44509e-09-6.04908e-09-6.49539e-09
-6.74588e-09-6.78353e-09-6.61358e-09-6.25489e-09-5.72605e-09-5.03934e-09
-4.20587e-09-3.23854e-09-2.15538e-09-9.85024e-10 2.39336e-10 1.48438e-09
 2.70460e-09 3.84042e-09 4.83077e-09 5.61164e-09 6.11971e-09 6.32000e-09
 6.21384e-09 5.81839e-09 5.16323e-09 4.29311e-09 3.24992e-09 2.07010e-09
 8.05835e-10-4.77550e-10-1.72090e-09-2.86716e-09-3.85347e-09-4.62494e-09
-5.14475e-09-5.39418e-09-5.38500e-09-5.16208e-09-4.76931e-09-4.22019e-09
-3.50823e-09-2.62573e-09-1.56974e-09-3.53875e-10 9.78396e-10 2.35457e-09
 3.67135e-09 4.78839e-09 5.55663e-09 5.87739e-09 5.72972e-09 5.14868e-09
 4.19823e-09 2.96109e-09 1.54874e-09 1.30191e-10-1.06533e-09-1.80641e-09
-1.93355e-09-1.39532e-09-2.41182e-10 1.40471e-09 3.35638e-09 5.36287e-09
 7.12417e-09 8.34371e-09 8.80199e-09 8.41186e-09 7.21304e-09 5.32435e-09
 2.91392e-09 1.95403e-10-2.57806e-09-5.13931e-09-7.25910e-09-8.79712e-09
-9.70999e-09-1.00221e-08-9.79380e-09-9.10741e-09-8.07577e-09-6.84439e-09
-5.56172e-09-4.33919e-09-3.22952e-09-2.22935e-09-1.30678e-09-4.32374e-10
 4.13730e-10 1.24751e-09 2.07904e-09 2.90527e-09 3.70104e-09 4.41593e-09
 4.98942e-09 5.37359e-09 5.54488e-09 5.50660e-09 5.28538e-09 4.92254e-09
 4.46854e-09 3.97798e-09 3.49639e-09 3.04728e-09 2.62701e-09 2.20503e-09
 1.73613e-09 1.18298e-09 5.30678e-10-2.12093e-10-1.01827e-09-1.85159e-09
-2.67260e-09-3.43771e-09-4.10051e-09-4.61643e-09-4.94516e-09-5.05575e-09
-4.93473e-09-4.59033e-09-4.05435e-09-3.38093e-09-2.63645e-09-1.88593e-09
-1.18157e-09-5.51693e-10 3.25445e-12 5.01828e-10 9.67066e-10 1.41144e-09
 1.82339e-09 2.16498e-09 2.38380e-09 2.43095e-09 2.27910e-09 1.93651e-09
 1.45128e-09 9.05194e-10 3.97549e-10 1.80248e-11-1.82287e-10-2.07936e-10
-1.21605e-10-3.09012e-11
     0.0000e+00     0.0000e+00      0  0  0.00
     512   1.00000  0.0000e+00
-4.72677e-10-3.64623e-10-1.92488e-10 2.43359e-11 2.46767e-10 4.28680e-10
 5.35433e-10 5.59176e-10 5.23017e-10 4.71081e-10 4.48587e-10 4.81191e-10
 5.63544e-10 6.62904e-10 7.35876e-10 7.49611e-10 6.97135e-10 5.99834e-10
 4.95926e-10 4.20337e-10 3.86399e-10 3.79323e-10 3.64781e-10 3.07628e-10
 1.90869e-10 2.54070e-11-1.54366e-10-3.07521e-10-4.07426e-10-4.54652e-10
-4.75032e-10-5.04848e-10-5.71102e-10-6.76664e-10-7.98384e-10-8.99743e-10
-9.50942e-10-9.44930e-10-9.00446e-10-8.50689e-10-8.24340e-10-8.29519e-10
-8.49176e-10-8.50363e-10-8.02383e-10-6.93311e-10-5.34713e-10-3.51830e-10
-1.66127e-10 1.85097e-11 2.17781e-10 4.55718e-10 7.45743e-10 1.07504e-09
 1.40286e-09 1.67485e-09 1.84532e-09 1.89557e-09 1.83988e-09 1.71702e-09
 1.57169e-09 1.43633e-09 1.32339e-09 1.23079e-09 1.15372e-09 1.09150e-09
 1.04319e-09 9.95095e-10 9.10188e-10 7.29210e-10 3.87160e-10-1.59232e-10
-9.05263e-10-1.78746e-09-2.69484e-09-3.49681e-09-4.07555e-09-4.35177e-09
-4.29668e-09-3.92905e-09-3.30441e-09-2.50594e-09-1.63979e-09-8.28240e-10
-1.92460e-10 1.75341e-10 2.41274e-10 4.69873e-11-2.95873e-10-6.35547e-10
-8.24792e-10-7.62594e-10-4.16100e-10 1.83094e-10 9.60096e-10 1.82150e-09
 2.67488e-09 3.44123e-09 4.06208e-09 4.50525e-09 4.77111e-09 4.89470e-09
 4.93482e-09 4.94846e-09 4.96214e-09 4.95544e-09 4.86597e-09 4.61471e-09
 4.14121e-09 3.43256e-09 2.53089e-09 1.51666e-09 4.79441e-10-5.06436e-10
-1.39218e-09-2.15440e-09-2.79310e-09-3.33148e-09-3.81489e-09-4.30569e-09
-4.87134e-09-5.56576e-09-6.41222e-09-7.39889e-09-8.48862e-09-9.62881e-09
-1.07460e-08-1.17231e-08-1.23702e-08-1.24101e-08-1.14986e-08-9.29488e-09
-5.57314e-09-3.52678e-10 5.98853e-09 1.26579e-08 1.85114e-08 2.22773e-08
 2.28944e-08 1.98398e-08 1.33316e-08 4.34736e-09-5.55067e-09-1.45461e-08
-2.09782e-08-2.37191e-08-2.24131e-08-1.75117e-08-1.01058e-08-1.61090e-09
 6.59627e-09 1.34635e-08 1.83790e-08 2.11266e-08 2.17799e-08 2.06112e-08
 1.80270e-08 1.45212e-08 1.06468e-08 6.99772e-09 4.17579e-09 2.72773e-09
 3.05555e-09 5.32298e-09 9.38038e-09 1.47228e-08 2.04854e-08 2.54717e-08
 2.82049e-08 2.70211e-08 2.02483e-08 6.51958e-09-1.47750e-08-4.29424e-08
-7.54515e-08-1.07560e-07-1.32294e-07-1.40984e-07-1.25175e-07-8.11472e-08
-1.46716e-08 5.94734e-08 1.23704e-07 1.64367e-07 1.74320e-07 1.51574e-07
 9.91603e-08 2.76131e-08-4.51689e-08-9.93106e-08-1.21268e-07-1.10833e-07
-8.15767e-08-5.24968e-08-3.58471e-08-3.01914e-08-2.40137e-08-7.14686e-09
 1.90906e-08 4.18093e-08 4.66098e-08 2.85555e-08-4.44168e-09-3.58465e-08
-4.70320e-08-2.18974e-08 4.82038e-08 1.56283e-07 2.78549e-07 3.87823e-07
 4.64894e-07 4.92441e-07 4.45639e-07 3.01156e-07 5.53626e-08-2.70830e-07
-6.33666e-07-9.65314e-07-1.18395e-06-1.21595e-06-1.01790e-06-5.97409e-07
-2.58814e-08 5.70221e-07 1.04147e-06 1.26258e-06 1.17985e-06 8.38069e-07
 3.68461e-07-6.30287e-08-3.26444e-07-3.84387e-07-3.00666e-07-1.90762e-07
-1.43175e-07-1.64438e-07-1.90410e-07-1.56275e-07-6.19646e-08 3.07692e-08
 6.58497e-08 4.85767e-08 2.66462e-08 2.78387e-08 3.72866e-08 3.37015e-08
 2.06520e-08 1.18898e-08 8.37358e-09 4.41579e-09 7.71651e-10-3.71275e-10
-1.30585e-09-3.07658e-09-3.81610e-09-3.83465e-09-4.50181e-09-4.98306e-09
-4.82532e-09-4.92305e-09-4.97892e-09-4.45056e-09-3.89468e-09-3.32883e-09
-2.42438e-09-1.59130e-09-9.18976e-10-1.76585e-10 3.93202e-10 7.85250e-10
 1.19065e-09 1.44669e-09 1.56678e-09 1.65671e-09 1.61183e-09 1.51009e-09
 1.43272e-09 1.32553e-09 1.26453e-09 1.24777e-09 1.20807e-09 1.17778e-09
 1.12569e-09 1.04371e-09 9.67792e-10 8.67335e-10 7.48599e-10 6.12507e-10
 4.38596e-10 2.51884e-10 6.23919e-11-1.10337e-10-2.46355e-10-3.60177e-10
-4.55095e-10-5.36099e-10-6.00121e-10-6.31594e-10-6.25979e-10-5.81440e-10
-5.13041e-10-4.45823e-10-3.99960e-10-3.87430e-10-4.00122e-10-4.19822e-10
-4.34300e-10-4.47642e-10-4.71627e-10-5.02572e-10-5.15773e-10-4.81670e-10
-3.92086e-10-2.69421e-10-1.46642e-10-3.92648e-11 6.07593e-11 1.63635e-10
 2.60976e-10 3.32723e-10 3.75345e-10 4.17883e-10 5.00370e-10 6.30841e-10
 7.75487e-10 9.02093e-10 1.02018e-09 1.16372e-09 1.33677e-09 1.48770e-09
 1.54842e-09 1.50062e-09 1.39745e-09 1.31349e-09 1.26615e-09 1.19169e-09
 1.01495e-09 7.38978e-10 4.44358e-10 1.96293e-10-3.48639e-11-3.49897e-10
-8.12585e-10-1.37400e-09-1.91517e-09-2.35633e-09-2.71526e-09-3.06112e-09
-3.41517e-09-3.70545e-09-3.82652e-09-3.73644e-09-3.49083e-09-3.18238e-09
-2.84540e-09-2.42959e-09-1.87187e-09-1.17545e-09-4.15598e-10 3.18264e-10
 9.88127e-10 1.61627e-09 2.22819e-09 2.80065e-09 3.26853e-09 3.57451e-09
 3.71455e-09 3.73591e-09 3.68956e-09 3.58923e-09 3.41333e-09 3.13751e-09
 2.76412e-09 2.32266e-09 1.84200e-09 1.32523e-09 7.55558e-10 1.24397e-10
-5.49136e-10-1.22126e-09-1.84477e-09-2.39151e-09-2.85436e-09-3.22821e-09
-3.48972e-09-3.59624e-09-3.50973e-09-3.22020e-09-2.74158e-09-2.09543e-09
-1.30720e-09-4.13895e-10 5.24666e-10 1.42205e-09 2.18388e-09 2.73925e-09
 3.05434e-09 3.12324e-09 2.96155e-09 2.61393e-09 2.16164e-09 1.71236e-09
 1.36749e-09 1.18640e-09 1.17422e-09 1.29312e-09 1.47331e-09 1.60707e-09
 1.54344e-09 1.12101e-09 2.39190e-10-1.08166e-09-2.69389e-09-4.36523e-09
-5.82790e-09-6.79820e-09-6.98634e-09-6.15291e-09-4.22113e-09-1.37512e-09
 1.93843e-09 5.11955e-09 7.56313e-09 8.76272e-09 8.36183e-09 6.20751e-09
 2.44021e-09-2.43120e-09-7.56958e-09-1.19961e-08-1.48444e-08-1.55616e-08
-1.39843e-08-1.03191e-08-5.10534e-09 8.31190e-10 6.49077e-09 1.09059e-08
 1.33935e-08 1.37385e-08 1.22092e-08 9.41494e-09 6.10523e-09 2.99299e-09
 6.34629e-10-6.52484e-10-8.54784e-10-2.69392e-10 5.97824e-10 1.22539e-09
 1.28036e-09 7.32058e-10-1.80190e-10-1.08041e-09-1.60280e-09-1.50648e-09
-7.46408e-10 5.04158e-10 1.88312e-09 2.93278e-09 3.24966e-09 2.63441e-09
 1.17395e-09-7.80892e-10-2.73698e-09-4.22941e-09-4.96962e-09-4.92147e-09
-4.28957e-09-3.43045e-09-2.72288e-09-2.43856e-09-2.64576e-09-3.18216e-09
-3.71727e-09-3.88226e-09-3.41909e-09-2.29227e-09-7.10407e-10 9.52558e-10
 2.29769e-09 3.04825e-09 3.14775e-09 2.76870e-09 2.23475e-09 1.89151e-09
 1.97066e-09 2.49833e-09 3.28551e-09 4.00361e-09 4.31718e-09 4.02273e-09
 3.13276e-09 1.86835e-09 5.66499e-10-4.57712e-10-1.03525e-09-1.19896e-09
-1.14960e-09-1.14972e-09-1.39184e-09-1.90089e-09-2.51499e-09-2.95192e-09
-2.93574e-09-2.33258e-09-1.23395e-09 5.12849e-11 1.09547e-09 1.50694e-09
 1.07934e-09 3.22789e-10
     0.0000e+00     0.0000e+00      0  0  0.00
     512   1.00000  0.0000e+00
-1.28976e-09-9.99242e-10-6.85755e-10-4.03896e-10-1.91668e-10-5.58772e-11
 3.02524e-11 1.15374e-10 2.48385e-10 4.56966e-10 7.36551e-10 1.05423e-09
 1.36436e-09 1.62750e-09 1.82339e-09 1.95312e-09 2.03107e-09 2.07149e-09
 2.07645e-09 2.03192e-09 1.91501e-09 1.70884e-09 1.41752e-09 1.07183e-09
 7.19743e-10 4.05628e-10 1.49987e-10-5.97856e-11-2.64047e-10-5.13145e-10
-8.44164e-10-1.26208e-09-1.73433e-09-2.20232e-09-2.60459e-09-2.89967e-09
-3.07644e-09-3.14738e-09-3.13121e-09-3.03704e-09-2.86007e-09-2.58994e-09
-2.22517e-09-1.78377e-09-1.30301e-09-8.27026e-10-3.87171e-10 1.48719e-11
 4.10139e-10 8.46178e-10 1.35854e-09 1.94695e-09 2.57086e-09 3.16610e-09
 3.67119e-09 4.04852e-09 4.29058e-09 4.41071e-09 4.42563e-09 4.34007e-09
 4.14262e-09 3.81533e-09 3.35075e-09 2.76522e-09 2.09808e-09 1.39589e-09
 6.92186e-10-2.74925e-12-6.94962e-10-1.38916e-09-2.07493e-09-2.72668e-09
-3.31613e-09-3.82877e-09-4.27473e-09-4.68737e-09-5.10698e-09-5.55501e-09
-6.01304e-09-6.42055e-09-6.69480e-09-6.76105e-09-6.57588e-09-6.13377e-09
-5.45906e-09-4.59393e-09-3.59026e-09-2.50583e-09-1.39985e-09-3.24224e-10
 6.88043e-10 1.63312e-09 2.54094e-09 3.46927e-09 4.48334e-09 5.62369e-09
 6.87663e-09 8.16698e-09 9.38096e-09 1.04059e-08 1.11637e-08 1.16248e-08
 1.18034e-08 1.17427e-08 1.14979e-08 1.11188e-08 1.06379e-08 1.00635e-08
 9.37962e-09 8.54894e-09 7.51999e-09 6.24205e-09 4.68973e-09 2.88855e-09
 9.25101e-10-1.07158e-09-2.97337e-09-4.69824e-09-6.23188e-09-7.61848e-09
-8.93175e-09-1.02422e-08-1.15906e-08-1.29732e-08-1.43432e-08-1.56247e-08
-1.67304e-08-1.75739e-08-1.80814e-08-1.82090e-08-1.79620e-08-1.73994e-08
-1.66153e-08-1.57081e-08-1.47584e-08-1.38293e-08-1.29749e-08-1.22322e-08
-1.15941e-08-1.09877e-08-1.02766e-08-9.29340e-09-7.89066e-09-5.99711e-09
-3.65308e-09-1.00566e-09 1.74110e-09 4.40141e-09 6.87518e-09 9.17995e-09
 1.14394e-08 1.38425e-08 1.65934e-08 1.98590e-08 2.37057e-08 2.80328e-08
 3.25322e-08 3.67032e-08 3.99276e-08 4.16013e-08 4.13045e-08 3.89744e-08
 3.50427e-08 3.05073e-08 2.69216e-08 2.62717e-08 3.06987e-08 4.20397e-08
 6.12147e-08 8.75434e-08 1.18122e-07 1.47425e-07 1.67332e-07 1.67762e-07
 1.38107e-07 6.94868e-08-4.22798e-08-1.93356e-07-3.69306e-07-5.45234e-07
-6.88390e-07-7.61448e-07-7.30580e-07-5.81186e-07-3.29271e-07-1.76713e-08
 2.95995e-07 5.52449e-07 7.06091e-07 7.38771e-07 6.64380e-07 5.22493e-07
 3.63679e-07 2.30377e-07 1.41286e-07 8.93208e-08 5.47771e-08 2.34222e-08
-3.78987e-09-1.57387e-08-5.50053e-09 1.89708e-08 3.58986e-08 2.06442e-08
-3.95090e-08-1.39093e-07-2.63389e-07-3.94710e-07-5.05596e-07-5.59655e-07
-5.32283e-07-4.28334e-07-2.72028e-07-8.71617e-08 1.02276e-07 2.64530e-07
 3.66057e-07 3.80241e-07 2.94001e-07 1.19298e-07-9.96634e-08-2.92841e-07
-3.82819e-07-3.14137e-07-8.36147e-08 2.46109e-07 5.61318e-07 7.39699e-07
 7.05261e-07 4.70049e-07 1.35929e-07-1.53852e-07-2.91374e-07-2.64246e-07
-1.56834e-07-8.33013e-08-9.83157e-08-1.60043e-07-1.81758e-07-1.24652e-07
-3.47654e-08 1.63227e-08 1.24715e-08-3.89897e-09 1.40787e-09 1.71235e-08
 2.03424e-08 1.31195e-08 8.59946e-09 7.00581e-09 3.46230e-09 4.61018e-10
 4.96416e-11-9.84238e-10-3.17302e-09-4.18577e-09-4.83721e-09-6.28382e-09
-7.10192e-09-7.13035e-09-7.36579e-09-7.17866e-09-6.33821e-09-5.67626e-09
-4.95315e-09-3.90528e-09-2.99227e-09-1.96365e-09-5.85709e-10 7.75520e-10
 2.19144e-09 3.68184e-09 4.94921e-09 6.10045e-09 7.16511e-09 8.00057e-09
 8.72580e-09 9.30320e-09 9.64309e-09 9.83104e-09 9.81704e-09 9.60767e-09
 9.27701e-09 8.76462e-09 8.07371e-09 7.20476e-09 6.12993e-09 4.90968e-09
 3.57424e-09 2.16910e-09 7.57516e-10-6.49045e-10-2.01686e-09-3.33086e-09
-4.58991e-09-5.76764e-09-6.84225e-09-7.77180e-09-8.50890e-09-9.01390e-09
-9.27192e-09-9.31572e-09-9.18125e-09-8.89434e-09-8.47067e-09-7.89744e-09
-7.14222e-09-6.19036e-09-5.07193e-09-3.84549e-09-2.57938e-09-1.33068e-09
-1.16263e-10 1.06827e-09 2.20209e-09 3.25028e-09 4.20893e-09 5.09223e-09
 5.89302e-09 6.58499e-09 7.13619e-09 7.51282e-09 7.69698e-09 7.69732e-09
 7.52762e-09 7.19577e-09 6.72839e-09 6.17918e-09 5.59396e-09 4.97505e-09
 4.27514e-09 3.42747e-09 2.41188e-09 1.29499e-09 1.76862e-10-8.97876e-10
-1.95385e-09-3.02493e-09-4.10071e-09-5.12556e-09-6.04505e-09-6.85658e-09
-7.60744e-09-8.32789e-09-8.96154e-09-9.37788e-09-9.47243e-09-9.25051e-09
-8.80493e-09-8.22207e-09-7.51378e-09-6.63214e-09-5.54574e-09-4.29407e-09
-2.96184e-09-1.61238e-09-2.56911e-10 1.11414e-09 2.47612e-09 3.75413e-09
 4.86507e-09 5.77501e-09 6.51738e-09 7.15249e-09 7.70639e-09 8.14922e-09
 8.42357e-09 8.48849e-09 8.34691e-09 8.03948e-09 7.61569e-09 7.11190e-09
 6.54830e-09 5.93998e-09 5.30620e-09 4.66137e-09 3.99949e-09 3.29521e-09
 2.52123e-09 1.67050e-09 7.72625e-10-1.15857e-10-9.48823e-10-1.71394e-09
-2.41791e-09-3.06368e-09-3.63539e-09-4.08305e-09-4.33544e-09-4.34794e-09
-4.12399e-09-3.69383e-09-3.10354e-09-2.41528e-09-1.68618e-09-9.53503e-10
-2.45469e-10 4.25037e-10 1.07845e-09 1.74418e-09 2.42003e-09 3.07230e-09
 3.65044e-09 4.09102e-09 4.33815e-09 4.36205e-09 4.14129e-09 3.65307e-09
 2.90040e-09 1.92483e-09 7.90838e-10-4.14344e-10-1.56817e-09-2.51852e-09
-3.10688e-09-3.21354e-09-2.83359e-09-2.13296e-09-1.41248e-09-9.95052e-10
-1.12036e-09-1.89793e-09-3.31711e-09-5.28365e-09-7.63004e-09-1.00857e-08
-1.22709e-08-1.37689e-08-1.42525e-08-1.35933e-08-1.18952e-08-9.44693e-09
-6.63917e-09-3.89077e-09-1.58650e-09-6.27554e-13 7.98372e-10 1.00170e-09
 1.00447e-09 1.25697e-09 2.10437e-09 3.68864e-09 5.93938e-09 8.61774e-09
 1.13628e-08 1.37399e-08 1.53184e-08 1.57868e-08 1.50655e-08 1.33502e-08
 1.10460e-08 8.62095e-09 6.45122e-09 4.72303e-09 3.41934e-09 2.36827e-09
 1.31561e-09 7.12030e-12-1.72288e-09-3.87266e-09-6.23813e-09-8.45640e-09
-1.01277e-08-1.09637e-08-1.08924e-08-1.00760e-08-8.84415e-09-7.57753e-09
-6.58620e-09-6.02064e-09-5.83614e-09-5.81635e-09-5.65276e-09-5.05852e-09
-3.87910e-09-2.15940e-09-1.35089e-10 1.85696e-09 3.50987e-09 4.65634e-09
 5.31309e-09 5.65210e-09 5.91543e-09 6.30656e-09 6.89938e-09 7.59903e-09
 8.17061e-09 8.32862e-09 7.85481e-09 6.69593e-09 5.00047e-09 3.07853e-09
 1.29744e-09-5.01902e-11-8.51885e-10-1.20661e-09-1.36750e-09-1.62048e-09
-2.15015e-09-2.95279e-09-3.83672e-09-4.50615e-09-4.68676e-09-4.24174e-09
-3.23532e-09-1.91645e-09-6.27549e-10 3.22679e-10 7.69157e-10 7.37465e-10
 4.13497e-10 1.04804e-10
     0.0000e+00     0.0000e+00      0  0  0.00
     512   1.00000  0.0000e+00
 5.10517e-10 4.51940e-10 3.68980e-10 2.70761e-10 1.69487e-10 7.60508e-11
-3.78100e-12-7.02818e-11-1.28349e-10-1.85775e-10-2.52151e-10-3.37838e-10
-4.51998e-10-5.99496e-10-7.78077e-10-9.77433e-10-1.18018e-09-1.36404e-09
-1.50514e-09-1.58205e-09-1.57968e-09-1.49174e-09-1.32091e-09-1.07727e-09
-7.76693e-10-4.40471e-10-9.46329e-11 2.33589e-10 5.22682e-10 7.63937e-10
 9.64116e-10 1.14162e-09 1.31767e-09 1.50650e-09 1.70849e-09 1.90845e-09
 2.07947e-09 2.19137e-09 2.22030e-09 2.15477e-09 1.99531e-09 1.74946e-09
 1.42748e-09 1.04270e-09 6.15517e-10 1.76018e-10-2.40036e-10-6.01323e-10
-8.92005e-10-1.11748e-09-1.30170e-09-1.47696e-09-1.67012e-09-1.89059e-09
-2.12536e-09-2.34412e-09-2.51172e-09-2.60098e-09-2.59829e-09-2.50084e-09
-2.31078e-09-2.03306e-09-1.67871e-09-1.26927e-09-8.36777e-10-4.17095e-10
-3.96375e-11 2.81539e-10 5.51168e-10 7.89035e-10 1.02035e-09 1.26435e-09
 1.52711e-09 1.80292e-09 2.08297e-09 2.36410e-09 2.65069e-09 2.94850e-09
 3.25630e-09 3.56183e-09 3.84356e-09 4.07427e-09 4.22302e-09 4.25579e-09
 4.13769e-09 3.83817e-09 3.33809e-09 2.63682e-09 1.75764e-09 7.48765e-10
-3.22644e-10-1.38385e-09-2.37262e-09-3.24852e-09-3.99455e-09-4.61211e-09
-5.11511e-09-5.52599e-09-5.87075e-09-6.17008e-09-6.42893e-09-6.63128e-09
-6.74490e-09-6.73369e-09-6.57041e-09-6.24486e-09-5.76585e-09-5.15728e-09
-4.44939e-09-3.66878e-09-2.83295e-09-1.95194e-09-1.03363e-09-8.60523e-11
 8.85064e-10 1.87807e-09 2.89056e-09 3.91014e-09 4.90962e-09 5.85207e-09
 6.70188e-09 7.43305e-09 8.03008e-09 8.48374e-09 8.78595e-09 8.92569e-09
 8.88655e-09 8.64800e-09 8.19225e-09 7.51335e-09 6.62214e-09 5.54473e-09
 4.31861e-09 2.99096e-09 1.61635e-09 2.47927e-10-1.07624e-09-2.34099e-09
-3.54787e-09-4.69888e-09-5.78292e-09-6.77243e-09-7.62753e-09-8.30009e-09
-8.73537e-09-8.87344e-09-8.65337e-09-8.02080e-09-6.93832e-09-5.39715e-09
-3.42450e-09-1.08053e-09 1.55438e-09 4.39185e-09 7.33677e-09 1.02786e-08
 1.30850e-08 1.56117e-08 1.77312e-08 1.93718e-08 2.05507e-08 2.13943e-08
 2.21411e-08 2.31205e-08 2.46977e-08 2.71792e-08 3.06832e-08 3.49885e-08
 3.93890e-08 4.25978e-08 4.27533e-08 3.75753e-08 2.46986e-08 2.18763e-09
-3.07943e-08-7.32347e-08-1.21585e-07-1.69356e-07-2.07976e-07-2.29606e-07
-2.28774e-07-2.01250e-07-1.46145e-07-7.10174e-08 9.19009e-09 7.83334e-08
 1.23291e-07 1.36858e-07 1.20090e-07 8.24442e-08 3.93635e-08 6.82908e-09
-5.13889e-09 4.34479e-09 2.85742e-08 5.78063e-08 8.41008e-08 1.03520e-07
 1.14770e-07 1.16609e-07 1.07733e-07 9.03580e-08 7.39877e-08 7.43111e-08
 1.05129e-07 1.66836e-07 2.39953e-07 2.91523e-07 2.94187e-07 2.43691e-07
 1.56206e-07 4.93380e-08-6.94034e-08-1.97625e-07-3.28560e-07-4.48417e-07
-5.40689e-07-5.90621e-07-5.87257e-07-5.26784e-07-4.16165e-07-2.72254e-07
-1.16230e-07 3.35090e-08 1.65820e-07 2.76049e-07 3.61743e-07 4.18135e-07
 4.36662e-07 4.08718e-07 3.33136e-07 2.22828e-07 1.04874e-07 1.03875e-08
-4.17845e-08-5.60154e-08-5.52336e-08-6.13987e-08-7.70323e-08-8.65680e-08
-7.69071e-08-5.39194e-08-3.49608e-08-2.79697e-08-2.56145e-08-1.98292e-08
-1.25488e-08-8.63768e-09-7.19598e-09-5.34844e-09-3.62281e-09-3.00430e-09
-2.34431e-09-1.25567e-09-7.21830e-10-5.47876e-10-5.67050e-11 3.25239e-10
 4.44504e-10 8.20592e-10 1.30950e-09 1.62858e-09 2.02871e-09 2.44485e-09
 2.67059e-09 2.90717e-09 3.14399e-09 3.20220e-09 3.17939e-09 3.04201e-09
 2.68573e-09 2.24631e-09 1.76283e-09 1.20932e-09 6.51324e-10 3.05876e-11
-6.89212e-10-1.44341e-09-2.23619e-09-3.00712e-09-3.64764e-09-4.12486e-09
-4.40559e-09-4.51056e-09-4.49520e-09-4.36087e-09-4.12224e-09-3.78081e-09
-3.31345e-09-2.71835e-09-1.99249e-09-1.16387e-09-2.77005e-10 6.45138e-10
 1.56978e-09 2.46088e-09 3.28768e-09 4.02735e-09 4.66085e-09 5.16007e-09
 5.51334e-09 5.72743e-09 5.81035e-09 5.76283e-09 5.56511e-09 5.19054e-09
 4.63846e-09 3.94082e-09 3.13242e-09 2.24153e-09 1.30588e-09 3.57591e-10
-5.93331e-10-1.53501e-09-2.43819e-09-3.27823e-09-4.04314e-09-4.71651e-09
-5.27340e-09-5.68052e-09-5.89941e-09-5.91773e-09-5.76784e-09-5.48982e-09
-5.09553e-09-4.58447e-09-3.96797e-09-3.26498e-09-2.49375e-09-1.67074e-09
-8.06128e-10 8.71968e-11 9.68997e-10 1.77675e-09 2.46442e-09 3.02273e-09
 3.46982e-09 3.82882e-09 4.09952e-09 4.26042e-09 4.30610e-09 4.25794e-09
 4.13581e-09 3.93571e-09 3.63801e-09 3.24262e-09 2.78963e-09 2.33324e-09
 1.90776e-09 1.51645e-09 1.13714e-09 7.49055e-10 3.57543e-10-1.65418e-11
-3.59203e-10-6.69660e-10-9.49235e-10-1.18335e-09-1.35037e-09-1.45287e-09
-1.52047e-09-1.58539e-09-1.66495e-09-1.75821e-09-1.85620e-09-1.95242e-09
-2.04110e-09-2.11983e-09-2.19766e-09-2.28829e-09-2.39597e-09-2.51244e-09
-2.61882e-09-2.68425e-09-2.67242e-09-2.55790e-09-2.33234e-09-1.99652e-09
-1.55595e-09-1.02172e-09-4.10006e-10 2.60189e-10 9.75587e-10 1.73331e-09
 2.52406e-09 3.31112e-09 4.03672e-09 4.64639e-09 5.09874e-09 5.36278e-09
 5.42365e-09 5.28095e-09 4.93018e-09 4.36275e-09 3.58340e-09 2.60626e-09
 1.44813e-09 1.47173e-10-1.22798e-09-2.59523e-09-3.87118e-09-4.98147e-09
-5.87972e-09-6.54482e-09-6.96265e-09-7.13539e-09-7.09412e-09-6.87242e-09
-6.47897e-09-5.90463e-09-5.13603e-09-4.16688e-09-3.01317e-09-1.70108e-09
-2.30266e-10 1.42723e-09 3.27792e-09 5.26024e-09 7.23915e-09 9.03324e-09
 1.04552e-08 1.13478e-08 1.15958e-08 1.11289e-08 9.94742e-09 8.14495e-09
 5.89422e-09 3.41063e-09 9.16728e-10-1.37688e-09-3.27163e-09-4.59790e-09
-5.26086e-09-5.27776e-09-4.77967e-09-3.96778e-09-3.04499e-09-2.17807e-09
-1.49830e-09-1.10471e-09-1.05827e-09-1.36418e-09-1.95779e-09-2.72726e-09
-3.55398e-09-4.33380e-09-4.98021e-09-5.41776e-09-5.58392e-09-5.45012e-09
-5.03043e-09-4.36342e-09-3.49371e-09-2.46442e-09-1.31929e-09-1.11464e-10
 1.09759e-09 2.24968e-09 3.29683e-09 4.20271e-09 4.94195e-09 5.49470e-09
 5.84063e-09 5.95957e-09 5.83784e-09 5.47564e-09 4.89393e-09 4.13795e-09
 3.27258e-09 2.37261e-09 1.51044e-09 7.41081e-10 9.47906e-11-4.19232e-10
-8.07509e-10-1.08594e-09-1.27311e-09-1.38937e-09-1.45656e-09-1.49665e-09
-1.53339e-09-1.59140e-09-1.68955e-09-1.83508e-09-2.01979e-09-2.22077e-09
-2.40712e-09-2.54384e-09-2.59046e-09-2.50350e-09-2.24737e-09-1.81046e-09
-1.21930e-09-5.40490e-10 1.33848e-10 7.10623e-10 1.12035e-09 1.33569e-09
 1.37789e-09 1.30548e-09 1.18853e-09 1.07913e-09 9.92156e-10 9.08287e-10
 7.96743e-10 6.39899e-10 4.45213e-10 2.41503e-10 6.61561e-11-4.55390e-11
-6.41056e-11-2.34028e-11
     0.0000e+00     0.0000e+00      0  0  0.00
     512   1.00000  0.0000e+00
 7.76638e-10 5.24274e-10 2.64351e-10 4.38277e-11-1.06295e-10-1.84411e-10
-2.19060e-10-2.55980e-10-3.36996e-10-4.80685e-10-6.73901e-10-8.77720e-10
-1.04493e-09-1.14103e-09-1.15871e-09-1.11872e-09-1.05687e-09-1.00407e-09
-9.69898e-10-9.38297e-10-8.77025e-10-7.55798e-10-5.63974e-10-3.18704e-10
-5.87128e-11 1.73331e-10 3.50519e-10 4.73288e-10 5.67025e-10 6.66725e-10
 7.96556e-10 9.55390e-10 1.11630e-09 1.24012e-09 1.29529e-09 1.27314e-09
 1.19090e-09 1.08115e-09 9.73543e-10 8.78830e-10 7.84780e-10 6.66539e-10
 5.05237e-10 3.03466e-10 8.80683e-11-1.01792e-10-2.34623e-10-3.03615e-10
-3.31239e-10-3.58641e-10-4.25510e-10-5.51546e-10-7.29352e-10-9.31684e-10
-1.12774e-09-1.29832e-09-1.44055e-09-1.55921e-09-1.65153e-09-1.69713e-09
-1.66230e-09-1.51719e-09-1.25604e-09-9.08550e-10-5.35619e-10-2.10052e-10
 9.37111e-12 9.86719e-11 7.48474e-11-1.37720e-11-1.05486e-10-1.40951e-10
-7.01554e-11 1.47962e-10 5.45687e-10 1.13900e-09 1.91167e-09 2.79946e-09
 3.68749e-09 4.42823e-09 4.87672e-09 4.93015e-09 4.55684e-09 3.80418e-09
 2.78351e-09 1.63946e-09 5.16850e-10-4.63220e-10-1.21539e-09-1.69560e-09
-1.90563e-09-1.89610e-09-1.76186e-09-1.62408e-09-1.59925e-09-1.76412e-09
-2.13072e-09-2.64417e-09-3.20556e-09-3.71000e-09-4.08245e-09-4.29650e-09
-4.37066e-09-4.34821e-09-4.27336e-09-4.17593e-09-4.06726e-09-3.94164e-09
-3.77645e-09-3.53167e-09-3.15567e-09-2.60130e-09-1.84834e-09-9.21546e-10
 1.06571e-10 1.13379e-09 2.06212e-09 2.83257e-09 3.44241e-09 3.93614e-09
 4.37697e-09 4.81590e-09 5.27333e-09 5.73784e-09 6.17686e-09 6.54929e-09
 6.81371e-09 6.93343e-09 6.88400e-09 6.66325e-09 6.29659e-09 5.82904e-09
 5.30418e-09 4.74135e-09 4.12716e-09 3.43118e-09 2.63752e-09 1.76971e-09
 8.90977e-10 7.88280e-11-6.10397e-10-1.16595e-09-1.62385e-09-2.04812e-09
-2.50498e-09-3.04243e-09-3.68059e-09-4.41118e-09-5.19966e-09-5.98512e-09
-6.67940e-09-7.17378e-09-7.36163e-09-7.17058e-09-6.58631e-09-5.65623e-09
-4.47842e-09-3.18752e-09-1.94372e-09-9.22411e-10-2.99169e-10-2.27489e-10
-8.11796e-10-2.07902e-09-3.94820e-09-6.19484e-09-8.41255e-09-9.99127e-09
-1.01461e-08-8.02804e-09-2.92652e-09 5.46207e-09 1.67526e-08 2.96431e-08
 4.18040e-08 4.99479e-08 5.01397e-08 3.84257e-08 1.25124e-08-2.52017e-08
-6.63766e-08-9.99290e-08-1.16900e-07-1.13254e-07-8.94560e-08-4.91546e-08
-4.51958e-11 4.60895e-08 7.75091e-08 8.79768e-08 7.96139e-08 6.13616e-08
 4.38663e-08 3.39277e-08 3.16471e-08 3.19404e-08 2.94851e-08 2.32735e-08
 1.69875e-08 1.55268e-08 2.14580e-08 3.43943e-08 5.30625e-08 7.70313e-08
 1.06122e-07 1.38469e-07 1.67320e-07 1.78187e-07 1.53082e-07 7.82346e-08
-5.46903e-08-2.44327e-07-4.69281e-07-6.89268e-07-8.54066e-07-9.10230e-07
-8.13586e-07-5.44001e-07-1.16928e-07 4.06649e-07 9.24095e-07 1.31398e-06
 1.46860e-06 1.32965e-06 9.15831e-07 3.28999e-07-2.70784e-07-7.18843e-07
-9.07453e-07-8.29106e-07-5.76983e-07-2.95125e-07-1.03178e-07-3.67658e-08
-4.22215e-08-3.29892e-08 3.46389e-08 1.27815e-07 1.76683e-07 1.49323e-07
 8.25894e-08 3.65682e-08 2.93463e-08 3.17953e-08 1.88581e-08-6.78901e-10
-9.29555e-09-8.76608e-09-9.12768e-09-1.02347e-08-8.58419e-09-6.81402e-09
-6.83105e-09-6.07312e-09-4.32339e-09-3.62506e-09-3.15783e-09-1.87542e-09
-9.50369e-10-3.94288e-10 6.90707e-10 1.66287e-09 2.21553e-09 2.93580e-09
 3.44604e-09 3.47213e-09 3.48425e-09 3.32787e-09 2.87366e-09 2.48434e-09
 2.04390e-09 1.47987e-09 1.03253e-09 5.90396e-10 1.48507e-10-1.48327e-10
-4.31394e-10-6.93160e-10-8.87541e-10-1.12310e-09-1.33874e-09-1.50112e-09
-1.64146e-09-1.69383e-09-1.69201e-09-1.66893e-09-1.60994e-09-1.55873e-09
-1.49681e-09-1.40584e-09-1.29604e-09-1.15121e-09-9.92485e-10-8.21848e-10
-6.23230e-10-3.97781e-10-1.35365e-10 1.55306e-10 4.60729e-10 7.60962e-10
 1.02497e-09 1.24439e-09 1.42540e-09 1.58284e-09 1.72363e-09 1.83756e-09
 1.91011e-09 1.92480e-09 1.87349e-09 1.76198e-09 1.60620e-09 1.41647e-09
 1.18035e-09 8.76372e-10 5.06347e-10 1.02459e-10-3.00933e-10-6.92899e-10
-1.08172e-09-1.47168e-09-1.84794e-09-2.18221e-09-2.45207e-09-2.65700e-09
-2.80850e-09-2.90217e-09-2.90908e-09-2.80131e-09-2.58302e-09-2.28671e-09
-1.93118e-09-1.49464e-09-9.45004e-10-2.91512e-10 4.07264e-10 1.09220e-09
 1.75699e-09 2.43744e-09 3.14825e-09 3.84796e-09 4.46143e-09 4.93406e-09
 5.27071e-09 5.50747e-09 5.64601e-09 5.63136e-09 5.39557e-09 4.92554e-09
 4.28078e-09 3.53403e-09 2.71140e-09 1.79846e-09 7.91039e-10-2.64175e-10
-1.28178e-09-2.19128e-09-2.96886e-09-3.62037e-09-4.14556e-09-4.51437e-09
-4.68076e-09-4.62625e-09-4.37857e-09-3.98692e-09-3.48794e-09-2.89524e-09
-2.21971e-09-1.49439e-09-7.74412e-10-1.16362e-10 4.37849e-10 8.61474e-10
 1.13691e-09 1.24913e-09 1.18329e-09 9.32339e-10 5.07314e-10-5.90973e-11
-7.20590e-10-1.43346e-09-2.16444e-09-2.88481e-09-3.56307e-09-4.16741e-09
-4.67254e-09-5.06163e-09-5.32616e-09-5.46250e-09-5.46274e-09-5.30931e-09
-4.97969e-09-4.45942e-09-3.75187e-09-2.87636e-09-1.86601e-09-7.72061e-10
 3.35716e-10 1.37555e-09 2.26247e-09 2.92150e-09 3.30682e-09 3.41980e-09
 3.31576e-09 3.09197e-09 2.86202e-09 2.73226e-09 2.78850e-09 3.08347e-09
 3.61260e-09 4.28697e-09 4.92805e-09 5.29831e-09 5.16621e-09 4.37958e-09
 2.90831e-09 8.51693e-10-1.56127e-09-3.96897e-09-5.89869e-09-6.84269e-09
-6.38890e-09-4.35612e-09-8.63060e-10 3.68656e-09 8.67092e-09 1.33328e-08
 1.68689e-08 1.85598e-08 1.79462e-08 1.49809e-08 1.00748e-08 4.00808e-09
-2.25199e-09-7.74043e-09-1.16446e-08-1.34340e-08-1.29735e-08-1.05786e-08
-6.96145e-09-3.04344e-09 3.03326e-10 2.46313e-09 3.17391e-09 2.52695e-09
 9.01618e-10-1.13561e-09-2.97521e-09-4.14302e-09-4.44239e-09-3.99497e-09
-3.16372e-09-2.39320e-09-2.04276e-09-2.27228e-09-2.99782e-09-3.92035e-09
-4.62271e-09-4.70654e-09-3.93026e-09-2.30655e-09-1.17813e-10 2.16449e-09
 4.03043e-09 5.09681e-09 5.22473e-09 4.55148e-09 3.43197e-09 2.31408e-09
 1.58785e-09 1.45453e-09 1.86465e-09 2.54941e-09 3.13060e-09 3.26898e-09
 2.79262e-09 1.75957e-09 4.38141e-10-7.93657e-10-1.59468e-09-1.79115e-09
-1.43948e-09-8.00101e-10-2.31650e-10-4.85283e-11-4.00105e-10-1.21440e-09
-2.22759e-09-3.09001e-09-3.50466e-09-3.34399e-09-2.69910e-09-1.83837e-09
-1.09147e-09-7.07764e-10-7.51328e-10-1.07732e-09-1.39769e-09-1.40793e-09
-9.21130e-10 4.45926e-11 1.26297e-09 2.38569e-09 3.07968e-09 3.15619e-09
 2.63830e-09 1.73922e-09 7.65090e-10-8.80948e-12-4.31554e-10-5.01306e-10
-3.15184e-10-8.69187e-11
     0.0000e+00     0.0000e+00      0  0  0.00
     512   1.00000  0.0000e+00
-1.27942e-10 1.58419e-10 4.96518e-10 8.35992e-10 1.10951e-09 1.25290e-09
 1.22728e-09 1.03177e-09 7.02787e-10 3.03305e-10-9.25732e-11-4.15673e-10
-6.15680e-10-6.69711e-10-5.82967e-10-3.82024e-10-1.05267e-10 2.04594e-10
 5.04206e-10 7.51159e-10 9.06354e-10 9.38553e-10 8.30322e-10 5.84400e-10
 2.30079e-10-1.73114e-10-5.40915e-10-7.84637e-10-8.42701e-10-7.08502e-10
-4.38136e-10-1.31993e-10 1.02030e-10 1.87397e-10 1.03646e-10-1.11764e-10
-3.83369e-10-6.29962e-10-7.94186e-10-8.54980e-10-8.18374e-10-6.96730e-10
-4.95002e-10-2.16676e-10 1.15496e-10 4.43921e-10 6.84265e-10 7.58360e-10
 6.34451e-10 3.51476e-10 1.27743e-11-2.50215e-10-3.29968e-10-1.88145e-10
 1.28084e-10 5.08420e-10 8.29070e-10 1.00179e-09 9.96445e-10 8.31056e-10
 5.45885e-10 1.85099e-10-2.02936e-10-5.55512e-10-7.93993e-10-8.41606e-10
-6.55083e-10-2.53597e-10 2.71865e-10 7.77892e-10 1.11397e-09 1.17733e-09
 9.51480e-10 5.07484e-10-3.21113e-11-5.43491e-10-9.37651e-10-1.16996e-09
-1.23206e-09-1.14255e-09-9.43528e-10-6.97552e-10-4.77300e-10-3.46867e-10
-3.41509e-10-4.54429e-10-6.36455e-10-8.10789e-10-9.00388e-10-8.58605e-10
-6.88349e-10-4.38279e-10-1.78323e-10 2.88767e-11 1.44603e-10 1.57609e-10
 8.39157e-11-3.32575e-11-1.30447e-10-1.44327e-10-3.89077e-11 1.77085e-10
 4.53406e-10 7.17858e-10 9.00125e-10 9.51373e-10 8.56737e-10 6.38479e-10
 3.47918e-10 4.96679e-11-1.93394e-10-3.28998e-10-3.21311e-10-1.60494e-10
 1.25466e-10 4.70398e-10 7.92738e-10 1.03316e-09 1.18192e-09 1.27798e-09
 1.38673e-09 1.57702e-09 1.90808e-09 2.41987e-09 3.11877e-09 3.96182e-09
 4.84774e-09 5.61695e-09 6.05950e-09 5.93760e-09 5.03257e-09 3.21341e-09
 5.08943e-10-2.83555e-09-6.33661e-09-9.31573e-09-1.10288e-08-1.08611e-08
-8.52604e-09-4.19611e-09 1.48978e-09 7.55367e-09 1.28993e-08 1.65548e-08
 1.78687e-08 1.66198e-08 1.30226e-08 7.63668e-09 1.20458e-09-5.53197e-09
-1.19770e-08-1.77478e-08-2.26717e-08-2.67385e-08-3.00223e-08-3.25896e-08
-3.44345e-08-3.54726e-08-3.55905e-08-3.47162e-08-3.28767e-08-3.02356e-08
-2.71159e-08-2.40057e-08-2.15282e-08-2.03491e-08-2.10018e-08-2.36366e-08
-2.77377e-08-3.18896e-08-3.36766e-08-2.97872e-08-1.63751e-08 1.02828e-08
 5.28227e-08 1.11590e-07 1.83379e-07 2.60402e-07 3.30333e-07 3.78285e-07
 3.89108e-07 3.49371e-07 2.53501e-07 1.12073e-07-4.88302e-08-1.97150e-07
-3.03456e-07-3.47796e-07-3.26461e-07-2.54737e-07-1.62924e-07-8.55419e-08
-4.78309e-08-5.68937e-08-1.01289e-07-1.58338e-07-2.04981e-07-2.25796e-07
-2.14473e-07-1.70582e-07-9.79194e-08-8.94186e-09 6.90094e-08 9.70738e-08
 4.56472e-08-7.64602e-08-2.09782e-07-2.69339e-07-1.99980e-07-1.82087e-08
 2.03184e-07 3.89963e-07 5.02686e-07 5.32835e-07 4.82809e-07 3.58572e-07
 1.78919e-07-1.97947e-08-1.92182e-07-2.92433e-07-2.82219e-07-1.46286e-07
 9.01278e-08 3.55663e-07 5.49662e-07 5.80803e-07 4.10903e-07 8.14227e-08
-2.94506e-07-5.77914e-07-6.69426e-07-5.60631e-07-3.39301e-07-1.36633e-07
-4.36780e-08-5.51698e-08-8.66900e-08-5.68202e-08 3.63753e-08 1.21173e-07
 1.35109e-07 9.14669e-08 5.24083e-08 4.93995e-08 5.83462e-08 5.07085e-08
 3.31621e-08 2.38918e-08 2.15104e-08 1.70842e-08 1.26449e-08 1.16284e-08
 1.02163e-08 7.09819e-09 5.60261e-09 5.16915e-09 3.61780e-09 2.42183e-09
 2.14858e-09 1.14057e-09-8.45845e-11-6.07032e-10-1.30699e-09-2.02028e-09
-2.11626e-09-2.33029e-09-2.72052e-09-2.77497e-09-2.85225e-09-2.87115e-09
-2.51828e-09-2.23083e-09-2.08876e-09-1.95470e-09-1.99881e-09-1.96978e-09
-1.64881e-09-1.13906e-09-3.58313e-10 5.41721e-10 1.26467e-09 1.76044e-09
 1.95103e-09 1.91237e-09 1.84210e-09 1.77441e-09 1.76239e-09 1.77938e-09
 1.71272e-09 1.53393e-09 1.20413e-09 7.48962e-10 2.31620e-10-3.35950e-10
-9.10404e-10-1.46313e-09-1.97708e-09-2.42769e-09-2.79358e-09-3.03399e-09
-3.15774e-09-3.22019e-09-3.26202e-09-3.27844e-09-3.20271e-09-2.96018e-09
-2.53389e-09-1.97837e-09-1.36676e-09-7.49297e-10-1.64710e-10 3.71127e-10
 8.77238e-10 1.37516e-09 1.86368e-09 2.33825e-09 2.79890e-09 3.22644e-09
 3.57676e-09 3.79082e-09 3.81250e-09 3.63605e-09 3.33162e-09 2.98976e-09
 2.65741e-09 2.34306e-09 2.04269e-09 1.73881e-09 1.40043e-09 9.98523e-10
 5.22479e-10-2.02560e-13-4.91857e-10-8.58109e-10-1.05027e-09-1.08866e-09
-1.03891e-09-9.74396e-10-9.38228e-10-9.37974e-10-9.80442e-10-1.08257e-09
-1.24004e-09-1.40930e-09-1.53542e-09-1.60742e-09-1.68392e-09-1.84939e-09
-2.14506e-09-2.53590e-09-2.92937e-09-3.23232e-09-3.39969e-09-3.43400e-09
-3.35530e-09-3.18223e-09-2.93999e-09-2.67110e-09-2.41269e-09-2.16228e-09
-1.87818e-09-1.50915e-09-1.02760e-09-4.45934e-10 1.93671e-10 8.38217e-10
 1.44204e-09 1.99245e-09 2.52150e-09 3.08125e-09 3.70197e-09 4.36500e-09
 5.00496e-09 5.53313e-09 5.86631e-09 5.95082e-09 5.76891e-09 5.32772e-09
 4.65297e-09 3.79001e-09 2.79307e-09 1.70388e-09 5.36438e-10-7.14165e-10
-2.02949e-09-3.32532e-09-4.46534e-09-5.32057e-09-5.81016e-09-5.91038e-09
-5.65508e-09-5.11344e-09-4.34718e-09-3.39923e-09-2.31019e-09-1.11445e-09
 1.61408e-10 1.46924e-09 2.72779e-09 3.84936e-09 4.76390e-09 5.43448e-09
 5.87029e-09 6.11033e-09 6.18957e-09 6.13114e-09 5.94191e-09 5.57422e-09
 4.90731e-09 3.79934e-09 2.16627e-09 4.08251e-11-2.40964e-09-4.94083e-09
-7.33129e-09-9.42045e-09-1.10651e-08-1.20988e-08-1.23533e-08-1.17260e-08
-1.02523e-08-8.13883e-09-5.72445e-09-3.39791e-09-1.52020e-09-3.48493e-10
 4.79405e-11-1.69444e-10-6.49189e-10-9.65611e-10-7.61258e-10 1.62648e-10
 1.83744e-09 4.14792e-09 6.84209e-09 9.53668e-09 1.17526e-08 1.30186e-08
 1.30206e-08 1.17156e-08 9.35230e-09 6.39046e-09 3.36513e-09 7.65719e-10
-1.05474e-09-1.95057e-09-2.01849e-09-1.56756e-09-1.00929e-09-7.05466e-10
-8.54951e-10-1.45866e-09-2.34625e-09-3.24252e-09-3.85353e-09-3.95921e-09
-3.49567e-09-2.58866e-09-1.51809e-09-6.30339e-10-2.23106e-10-4.36463e-10
-1.18891e-09-2.18662e-09-3.01537e-09-3.28487e-09-2.76697e-09-1.47818e-09
 3.22857e-10 2.21989e-09 3.77106e-09 4.64604e-09 4.72235e-09 4.10283e-09
 3.05382e-09 1.89620e-09 8.92494e-10 1.71423e-10-2.88138e-10-6.13267e-10
-9.53172e-10-1.39355e-09-1.90633e-09-2.35560e-09-2.55487e-09-2.34660e-09
-1.67652e-09-6.44390e-10 4.92520e-10 1.38072e-09 1.68767e-09 1.23603e-09
 9.59748e-11-1.41308e-09-2.81908e-09-3.65767e-09-3.63422e-09-2.72680e-09
-1.19315e-09 5.24145e-10 1.96109e-09 2.79635e-09 2.94442e-09 2.53918e-09
 1.82652e-09 1.03732e-09 3.14580e-10-2.78205e-10-6.95194e-10-8.49451e-10
-6.08957e-10-1.85878e-10
     0.0000e+00     0.0000e+00      0  0  0.00
     512   1.00000  0.0000e+00
 3.01752e-10 3.62606e-10 3.99239e-10 4.01026e-10 3.64136e-10 2.93961e-10
 2.04446e-10 1.13807e-10 3.78644e-11-1.56085e-11-4.89449e-11-7.26612e-11
-1.00298e-10-1.42059e-10-2.00262e-10-2.68729e-10-3.36394e-10-3.93234e-10
-4.34923e-10-4.63840e-10-4.86604e-10-5.09385e-10-5.33103e-10-5.51422e-10
-5.52827e-10-5.25548e-10-4.62964e-10-3.66842e-10-2.46546e-10-1.14697e-10
 1.83902e-11 1.48804e-10 2.79268e-10 4.15226e-10 5.59579e-10 7.09248e-10
 8.54784e-10 9.82903e-10 1.08095e-09 1.14113e-09 1.16195e-09 1.14610e-09
 1.09596e-09 1.01005e-09 8.82886e-10 7.08347e-10 4.84809e-10 2.19248e-10
-7.20680e-11-3.67080e-10-6.43894e-10-8.86128e-10-1.08536e-09-1.24028e-09
-1.35364e-09-1.42892e-09-1.46823e-09-1.47299e-09-1.44648e-09-1.39546e-09
-1.32835e-09-1.25047e-09-1.15937e-09-1.04296e-09-8.81938e-10-6.56207e-10
-3.53235e-10 2.49020e-11 4.59056e-10 9.15853e-10 1.35383e-09 1.73010e-09
 2.00617e-09 2.15245e-09 2.15221e-09 2.00546e-09 1.73273e-09 1.37680e-09
 9.99101e-10 6.69658e-10 4.52612e-10 3.91324e-10 4.97284e-10 7.46063e-10
 1.08199e-09 1.43049e-09 1.71370e-09 1.86393e-09 1.83285e-09 1.59737e-09
 1.16315e-09 5.64375e-10-1.41540e-10-8.84661e-10-1.59647e-09-2.22365e-09
-2.73744e-09-3.13510e-09-3.43316e-09-3.65598e-09-3.82405e-09-3.94604e-09
-4.01722e-09-4.02396e-09-3.95156e-09-3.79100e-09-3.54187e-09-3.21266e-09
-2.82077e-09-2.39136e-09-1.95283e-09-1.52899e-09-1.13153e-09-7.55959e-10
-3.82640e-10 1.67646e-11 4.68733e-10 9.87019e-10 1.56676e-09 2.18646e-09
 2.81598e-09 3.42587e-09 3.99412e-09 4.50847e-09 4.96468e-09 5.36275e-09
 5.70320e-09 5.98453e-09 6.20107e-09 6.34184e-09 6.39293e-09 6.34474e-09
 6.20126e-09 5.98622e-09 5.74154e-09 5.51477e-09 5.33666e-09 5.19894e-09
 5.04748e-09 4.79733e-09 4.36268e-09 3.68759e-09 2.76562e-09 1.64298e-09
 4.04104e-10-8.56974e-10-2.07067e-09-3.21781e-09-4.33602e-09-5.50292e-09
-6.80298e-09-8.29126e-09-9.96670e-09-1.17616e-08-1.35474e-08-1.51547e-08
-1.64019e-08-1.71279e-08-1.72226e-08-1.66556e-08-1.55068e-08-1.39995e-08
-1.25253e-08-1.16375e-08-1.19942e-08-1.42399e-08-1.88266e-08-2.57885e-08
-3.45048e-08-4.35121e-08-5.04393e-08-5.21351e-08-4.50437e-08-2.58618e-08
 7.53684e-09 5.50054e-08 1.13044e-07 1.73995e-07 2.26639e-07 2.59924e-07
 2.66984e-07 2.44076e-07 1.88943e-07 1.04878e-07 3.54120e-09-9.85342e-08
-1.84254e-07-2.39767e-07-2.59176e-07-2.46700e-07-2.14179e-07-1.75864e-07
-1.42577e-07-1.17483e-07-9.65884e-08-7.42694e-08-4.97750e-08-2.94707e-08
-2.23424e-08-3.23553e-08-5.45716e-08-7.75947e-08-8.93698e-08-8.22284e-08
-5.49118e-08-1.19488e-08 3.90992e-08 9.29817e-08 1.51896e-07 2.24112e-07
 3.15032e-07 4.19138e-07 5.19877e-07 5.94222e-07 6.17100e-07 5.66258e-07
 4.28444e-07 2.05407e-07-8.20831e-08-3.94143e-07-6.77556e-07-8.77364e-07
-9.51112e-07-8.81367e-07-6.82821e-07-4.00795e-07-9.96924e-08 1.56029e-07
 3.21805e-07 3.85726e-07 3.68142e-07 3.07806e-07 2.41423e-07 1.87838e-07
 1.45433e-07 1.02937e-07 5.45518e-08 6.94358e-09-2.70940e-08-4.10091e-08
-4.00247e-08-3.47317e-08-3.10459e-08-2.78318e-08-2.26245e-08-1.61958e-08
-1.08532e-08-7.20405e-09-4.43091e-09-2.12477e-09-3.18650e-10 1.21356e-09
 2.63611e-09 3.76764e-09 4.52110e-09 4.99740e-09 5.18102e-09 5.04188e-09
 4.69068e-09 4.19396e-09 3.55325e-09 2.83750e-09 2.09713e-09 1.32501e-09
 5.55397e-10-1.76497e-10-8.74357e-10-1.51768e-09-2.08544e-09-2.58383e-09
-3.00475e-09-3.34392e-09-3.61580e-09-3.82584e-09-3.98455e-09-4.10621e-09
-4.18693e-09-4.22073e-09-4.20114e-09-4.11425e-09-3.95227e-09-3.71231e-09
-3.39623e-09-3.01149e-09-2.56030e-09-2.04579e-09-1.47942e-09-8.76403e-10
-2.54538e-10 3.70200e-10 9.83930e-10 1.57129e-09 2.11977e-09 2.62209e-09
 3.06918e-09 3.44219e-09 3.72253e-09 3.90653e-09 3.99509e-09 3.98455e-09
 3.87767e-09 3.68362e-09 3.40505e-09 3.04412e-09 2.61808e-09 2.14976e-09
 1.65368e-09 1.14285e-09 6.29890e-10 1.23393e-10-3.61274e-10-8.05206e-10
-1.20608e-09-1.56657e-09-1.86711e-09-2.08242e-09-2.21315e-09-2.27491e-09
-2.27638e-09-2.22343e-09-2.11820e-09-1.95409e-09-1.73876e-09-1.50829e-09
-1.29425e-09-1.09366e-09-8.86207e-10-6.66454e-10-4.54600e-10-2.86135e-10
-1.83924e-10-1.31392e-10-9.17435e-11-5.77511e-11-5.54161e-11-1.01338e-10
-1.79734e-10-2.52689e-10-2.86194e-10-2.76344e-10-2.44253e-10-2.02276e-10
-1.31823e-10 4.85195e-12 2.25480e-10 5.07206e-10 8.17406e-10 1.14717e-09
 1.50636e-09 1.90156e-09 2.31361e-09 2.69617e-09 3.00994e-09 3.24466e-09
 3.40134e-09 3.47142e-09 3.43149e-09 3.25234e-09 2.92166e-09 2.45215e-09
 1.86514e-09 1.17754e-09 3.99404e-10-4.58954e-10-1.36913e-09-2.28414e-09
-3.16253e-09-3.97587e-09-4.69612e-09-5.29280e-09-5.73485e-09-5.99130e-09
-6.04060e-09-5.87647e-09-5.50392e-09-4.93604e-09-4.19031e-09-3.28896e-09
-2.26518e-09-1.15882e-09-8.98837e-12 1.14309e-09 2.25665e-09 3.29548e-09
 4.21974e-09 4.98852e-09 5.57385e-09 5.95323e-09 6.10011e-09 5.99920e-09
 5.65109e-09 5.06017e-09 4.24415e-09 3.24363e-09 2.10581e-09 8.83176e-10
-3.49995e-10-1.50936e-09-2.52647e-09-3.35248e-09-3.95770e-09-4.33908e-09
-4.51483e-09-4.51490e-09-4.38915e-09-4.20669e-09-4.02170e-09-3.84305e-09
-3.63989e-09-3.35926e-09-2.93483e-09-2.29793e-09-1.38945e-09-1.68106e-10
 1.36122e-09 3.09999e-09 4.84730e-09 6.35176e-09 7.36902e-09 7.69495e-09
 7.19608e-09 5.83785e-09 3.70892e-09 1.05118e-09-1.74430e-09-4.21367e-09
-5.92800e-09-6.57784e-09-6.01921e-09-4.28772e-09-1.60318e-09 1.63625e-09
 4.90220e-09 7.63350e-09 9.36034e-09 9.81320e-09 8.96097e-09 6.97957e-09
 4.20158e-09 1.05770e-09-1.99772e-09-4.56695e-09-6.38869e-09-7.39018e-09
-7.67283e-09-7.44303e-09-6.92755e-09-6.30413e-09-5.67230e-09-5.05365e-09
-4.39968e-09-3.62017e-09-2.63426e-09-1.41838e-09-3.84126e-11 1.35127e-09
 2.55742e-09 3.41440e-09 3.83208e-09 3.82174e-09 3.49224e-09 3.01421e-09
 2.57284e-09 2.31735e-09 2.31407e-09 2.52858e-09 2.84333e-09 3.09924e-09
 3.15445e-09 2.93620e-09 2.45902e-09 1.81363e-09 1.13346e-09 5.41671e-10
 1.06332e-10-1.76213e-10-3.75732e-10-5.98314e-10-9.37401e-10-1.43310e-09
-2.05306e-09-2.69654e-09-3.22940e-09-3.53531e-09-3.55526e-09-3.30640e-09
-2.87467e-09-2.37741e-09-1.91656e-09-1.54378e-09-1.24463e-09-9.51345e-10
-5.81171e-10-7.81593e-11 5.55860e-10 1.25027e-09 1.88619e-09 2.33921e-09
 2.52111e-09 2.40897e-09 2.05151e-09 1.54651e-09 1.00334e-09 5.08845e-10
 1.06897e-10-1.97794e-10-4.15253e-10-5.46875e-10-5.77128e-10-4.84509e-10
-2.75483e-10-7.29287e-11
     0.0000e+00     0.0000e+00      0  0  0.00
     512   1.00000  0.0000e+00
 2.62450e-11-5.80473e-11-1.63923e-10-2.78857e-10-3.84622e-10-4.61516e-10
-4.94223e-10-4.77071e-10-4.15951e-10-3.25571e-10-2.23380e-10-1.22950e-10
-2.98359e-11 5.80916e-11 1.46512e-10 2.39464e-10 3.35478e-10 4.26581e-10
 5.00965e-10 5.48111e-10 5.63538e-10 5.50570e-10 5.18106e-10 4.75426e-10
 4.26960e-10 3.70037e-10 2.96882e-10 1.99671e-10 7.58958e-11-6.86700e-11
-2.20756e-10-3.63672e-10-4.82833e-10-5.70272e-10-6.26002e-10-6.55355e-10
-6.63784e-10-6.52508e-10-6.17829e-10-5.54120e-10-4.58221e-10-3.32726e-10
-1.86532e-10-3.24645e-11 1.16671e-10 2.51557e-10 3.67677e-10 4.63856e-10
 5.38972e-10 5.89112e-10 6.07390e-10 5.87143e-10 5.27007e-10 4.34644e-10
 3.26270e-10 2.21840e-10 1.38389e-10 8.45984e-11 5.84480e-11 4.84858e-11
 3.82256e-11 1.19975e-11-4.03106e-11-1.21417e-10-2.27281e-10-3.48133e-10
-4.68462e-10-5.66585e-10-6.15754e-10-5.88482e-10-4.64289e-10-2.38784e-10
 6.96288e-11 4.18701e-10 7.48317e-10 9.92413e-10 1.09358e-09 1.01617e-09
 7.54208e-10 3.32275e-10-1.99396e-10-7.72375e-10-1.30838e-09-1.72924e-09
-1.96925e-09-1.98812e-09-1.78039e-09-1.37775e-09-8.43236e-10-2.58123e-10
 2.95519e-10 7.51732e-10 1.07191e-09 1.24723e-09 1.29288e-09 1.23836e-09
 1.11822e-09 9.65370e-10 8.06692e-10 6.59844e-10 5.30779e-10 4.13945e-10
 2.97095e-10 1.69482e-10 2.91981e-11-1.14121e-10-2.42041e-10-3.34257e-10
-3.77459e-10-3.72567e-10-3.36071e-10-2.93814e-10-2.70592e-10-2.81675e-10
-3.29986e-10-4.07821e-10-5.00056e-10-5.87853e-10-6.53708e-10-6.87608e-10
-6.92258e-10-6.84696e-10-6.92131e-10-7.41321e-10-8.43628e-10-9.80291e-10
-1.09319e-09-1.08565e-09-8.35695e-10-2.20362e-10 8.53778e-10 2.41893e-09
 4.41575e-09 6.66730e-09 8.87090e-09 1.06320e-08 1.15495e-08 1.13250e-08
 9.85346e-09 7.26378e-09 3.89985e-09 2.49709e-10-3.16090e-09-5.88444e-09
-7.64695e-09-8.39847e-09-8.30740e-09-7.70196e-09-6.97347e-09-6.46881e-09
-6.40995e-09-6.86848e-09-7.78966e-09-9.03755e-09-1.04387e-08-1.18161e-08
-1.30118e-08-1.39025e-08-1.44159e-08-1.45477e-08-1.43770e-08-1.40690e-08
-1.38587e-08-1.40083e-08-1.47359e-08-1.61235e-08-1.80210e-08-1.99686e-08
-2.11516e-08-2.04130e-08-1.63533e-08-7.54482e-09 7.13564e-09 2.80853e-08
 5.45211e-08 8.40789e-08 1.12585e-07 1.34174e-07 1.42734e-07 1.35149e-07
 1.12416e-07 7.67854e-08 3.17060e-08-1.51252e-08-5.36964e-08-7.64382e-08
-8.00671e-08-6.60810e-08-4.03337e-08-1.12485e-08 1.22981e-08 2.39408e-08
 2.25492e-08 1.19546e-08-2.18571e-09-1.59186e-08-2.88305e-08-4.30908e-08
-6.04223e-08-7.97404e-08-9.78519e-08-1.12514e-07-1.24617e-07-1.37759e-07
-1.56386e-07-1.83594e-07-2.18595e-07-2.54740e-07-2.80617e-07-2.84427e-07
-2.56282e-07-1.86575e-07-6.71974e-08 1.02370e-07 3.10734e-07 5.34567e-07
 7.40652e-07 8.90217e-07 9.46166e-07 8.82206e-07 6.91879e-07 3.94571e-07
 3.55510e-08-3.21909e-07-6.11410e-07-7.81291e-07-8.09894e-07-7.12052e-07
-5.32994e-07-3.31116e-07-1.56315e-07-3.38128e-08 3.88851e-08 8.11598e-08
 1.11722e-07 1.36204e-07 1.47892e-07 1.39186e-07 1.12589e-07 8.06034e-08
 5.53884e-08 3.97926e-08 2.89356e-08 1.86360e-08 9.60613e-09 4.01235e-09
 1.51982e-09 2.67436e-10-5.44072e-10-8.14653e-10-7.80520e-10-7.34297e-10
-5.33161e-10-1.08629e-10 3.27431e-10 7.23615e-10 1.13915e-09 1.46804e-09
 1.63664e-09 1.68848e-09 1.58634e-09 1.29257e-09 8.75059e-10 3.61804e-10
-2.47426e-10-8.82103e-10-1.48794e-09-2.04672e-09-2.51685e-09-2.87308e-09
-3.10025e-09-3.16647e-09-3.07271e-09-2.83662e-09-2.46181e-09-1.97806e-09
-1.43454e-09-8.70119e-10-3.12425e-10 2.29732e-10 7.47089e-10 1.21820e-09
 1.63288e-09 1.98413e-09 2.25393e-09 2.42262e-09 2.47836e-09 2.42594e-09
 2.27403e-09 2.02019e-09 1.66601e-09 1.22905e-09 7.33558e-10 1.96721e-10
-3.65650e-10-9.25334e-10-1.45592e-09-1.94699e-09-2.39130e-09-2.77463e-09
-3.07931e-09-3.28951e-09-3.39639e-09-3.40079e-09-3.30279e-09-3.09564e-09
-2.78178e-09-2.37534e-09-1.88325e-09-1.31213e-09-6.87766e-10-3.88210e-11
 6.22467e-10 1.28004e-09 1.90131e-09 2.46052e-09 2.94859e-09 3.35932e-09
 3.68481e-09 3.91094e-09 4.01368e-09 3.98148e-09 3.83033e-09 3.57630e-09
 3.21289e-09 2.73134e-09 2.14462e-09 1.48351e-09 7.85748e-10 8.66769e-11
-5.97909e-10-1.27036e-09-1.91919e-09-2.50679e-09-2.99600e-09-3.37106e-09
-3.63628e-09-3.79970e-09-3.84752e-09-3.74889e-09-3.49554e-09-3.11501e-09
-2.64514e-09-2.10891e-09-1.51031e-09-8.57270e-10-1.80618e-10 4.80687e-10
 1.09583e-09 1.64408e-09 2.11704e-09 2.50586e-09 2.78598e-09 2.93195e-09
 2.93783e-09 2.81916e-09 2.60077e-09 2.29443e-09 1.89895e-09 1.42857e-09
 9.17510e-10 3.98828e-10-1.04597e-10-5.77522e-10-1.00359e-09-1.35889e-09
-1.62242e-09-1.78482e-09-1.84366e-09-1.80306e-09-1.67432e-09-1.46611e-09
-1.18182e-09-8.32631e-10-4.41845e-10-3.24857e-11 3.78026e-10 7.71375e-10
 1.12563e-09 1.41666e-09 1.62303e-09 1.73385e-09 1.74457e-09 1.64665e-09
 1.43260e-09 1.10596e-09 6.77619e-10 1.59159e-10-4.30334e-10-1.05552e-09
-1.67246e-09-2.23611e-09-2.69410e-09-2.99409e-09-3.10249e-09-3.00121e-09
-2.67981e-09-2.15007e-09-1.45361e-09-6.49770e-10 1.89820e-10 9.88462e-10
 1.68549e-09 2.23943e-09 2.61836e-09 2.81854e-09 2.88501e-09 2.89058e-09
 2.90528e-09 2.98194e-09 3.13677e-09 3.33535e-09 3.50447e-09 3.54100e-09
 3.30781e-09 2.65511e-09 1.47575e-09-2.44481e-10-2.40844e-09-4.81362e-09
-7.17460e-09-9.15848e-09-1.04207e-08-1.06533e-08-9.66494e-09-7.45561e-09
-4.23834e-09-4.09065e-10 3.52389e-09 7.02412e-09 9.59965e-09 1.08781e-08
 1.06847e-08 9.09062e-09 6.41164e-09 3.14012e-09-1.72902e-10-3.02353e-09
-5.02824e-09-5.97924e-09-5.86831e-09-4.87705e-09-3.33222e-09-1.61232e-09
-4.34627e-11 1.16572e-09 1.94508e-09 2.33885e-09 2.45555e-09 2.42518e-09
 2.35564e-09 2.28792e-09 2.18252e-09 1.94267e-09 1.46210e-09 6.85272e-10
-3.52987e-10-1.52800e-09-2.65277e-09-3.52342e-09-3.97517e-09-3.92784e-09
-3.40849e-09-2.54726e-09-1.54052e-09-5.89453e-10 1.58612e-10 6.45487e-10
 9.06727e-10 1.04288e-09 1.17168e-09 1.38243e-09 1.69952e-09 2.06893e-09
 2.38145e-09 2.51759e-09 2.39360e-09 1.99745e-09 1.39618e-09 7.11328e-10
 7.90422e-11-3.95080e-10-6.72070e-10-7.86798e-10-8.26424e-10-8.90691e-10
-1.04533e-09-1.29099e-09-1.56339e-09-1.75991e-09-1.78151e-09-1.57482e-09
-1.15603e-09-6.07699e-10-5.16375e-11 3.94087e-10 6.57769e-10 7.35467e-10
 6.82882e-10 5.84587e-10 5.13769e-10 5.01131e-10 5.27606e-10 5.40308e-10
 4.83548e-10 3.32869e-10 1.14159e-10-1.03479e-10-2.38984e-10-2.44228e-10
-1.42666e-10-3.67483e-11
