      10
(6e12.5)
     0.0000e+00     0.0000e+00      0  0  0.00
     512   1.00000  0.0000e+00
-2.71209e-10-2.22023e-10-2.04108e-10-2.48955e-10-3.81215e-10-6.04140e-10
-8.85972e-10-1.15866e-09-1.33636e-09-1.34877e-09-1.17331e-09-8.48299e-10
-4.57982e-10-9.55038e-11 1.78425e-10 3.60281e-10 4.99065e-10 6.65020e-10
 9.09708e-10 1.23922e-09 1.61204e-09 1.95791e-09 2.20431e-09 2.29798e-09
 2.21624e-09 1.97012e-09 1.60277e-09 1.18357e-09 7.94974e-10 5.09855e-10
 3.63802e-10 3.34785e-10 3.43841e-10 2.82577e-10 5.93840e-11-3.56551e-10
-9.16920e-10-1.51239e-09-2.01716e-09-2.33623e-09-2.43351e-09-2.33157e-09
-2.09007e-09-1.77807e-09-1.45320e-09-1.15191e-09-8.87996e-10-6.55590e-10
-4.34712e-10-2.00174e-10 6.54466e-11 3.58457e-10 6.49269e-10 8.93856e-10
 1.05807e-09 1.13927e-09 1.16865e-09 1.18944e-09 1.22351e-09 1.24823e-09
 1.20010e-09 1.00452e-09 6.14989e-10 4.06630e-11-6.50680e-10-1.35431e-09
-1.96294e-09-2.39718e-09-2.62129e-09-2.64428e-09-2.51197e-09-2.29265e-09
-2.05561e-09-1.84531e-09-1.66079e-09-1.45313e-09-1.14693e-09-6.76315e-10
-1.50422e-11 8.16228e-10 1.76626e-09 2.77920e-09 3.81227e-09 4.83476e-09
 5.81143e-09 6.68507e-09 7.37476e-09 7.79408e-09 7.87930e-09 7.61122e-09
 7.02034e-09 6.17502e-09 5.16068e-09 4.05764e-09 2.92027e-09 1.75984e-09
 5.38400e-10-8.16687e-10-2.37769e-09-4.17590e-09-6.17644e-09-8.28143e-09
-1.03583e-08-1.22762e-08-1.39302e-08-1.52447e-08-1.61637e-08-1.66402e-08
-1.66378e-08-1.61434e-08-1.51805e-08-1.38094e-08-1.21103e-08-1.01588e-08
-8.00715e-09-5.67469e-09-3.14772e-09-3.89063e-10 2.63959e-09 5.94536e-09
 9.47379e-09 1.30977e-08 1.66353e-08 1.98913e-08 2.26971e-08 2.49328e-08
 2.65246e-08 2.74316e-08 2.76335e-08 2.71307e-08 2.59522e-08 2.41615e-08
 2.18499e-08 1.91173e-08 1.60505e-08 1.27042e-08 9.08915e-09 5.17037e-09
 8.83269e-10-3.82952e-09-8.97097e-09-1.44510e-08-2.00770e-08-2.55821e-08
-3.06776e-08-3.51036e-08-3.86605e-08-4.12203e-08-4.27249e-08-4.31743e-08
-4.26068e-08-4.10733e-08-3.86129e-08-3.52359e-08-3.09207e-08-2.56257e-08
-1.93168e-08-1.20016e-08-3.75816e-09 5.25336e-09 1.48005e-08 2.46082e-08
 3.44020e-08 4.39568e-08 5.31340e-08 6.18950e-08 7.02861e-08 7.84034e-08
 8.63472e-08 9.41669e-08 1.01788e-07 1.08915e-07 1.14929e-07 1.18814e-07
 1.19165e-07 1.14306e-07 1.02527e-07 8.24291e-08 5.33587e-08 1.57990e-08
-2.84424e-08-7.62701e-08-1.23489e-07-1.65336e-07-1.97427e-07-2.16770e-07
-2.22581e-07-2.16842e-07-2.04368e-07-1.92218e-07-1.88584e-07-2.01378e-07
-2.36721e-07-2.97496e-07-3.81973e-07-4.82373e-07-5.83415e-07-6.61447e-07
-6.85264e-07-6.19710e-07-4.32522e-07-1.03903e-07 3.62858e-07 9.33665e-07
 1.54316e-06 2.10146e-06 2.50713e-06 2.66713e-06 2.51325e-06 2.01031e-06
 1.17581e-06 1.02734e-07-1.05303e-06-2.10633e-06-2.86639e-06-3.17275e-06
-2.94883e-06-2.24049e-06-1.22073e-06-1.51245e-07 6.93779e-07 1.12290e-06
 1.10537e-06 7.76963e-07 3.64729e-07 7.68147e-08 7.30294e-09 1.03006e-07
 2.19371e-07 2.32788e-07 1.28059e-07-4.12863e-09-5.42266e-08 9.23829e-09
 1.17273e-07 1.71151e-07 1.36380e-07 6.65430e-08 3.63845e-08 6.04286e-08
 8.71854e-08 6.94394e-08 2.11935e-08-7.44238e-09 1.45232e-09 1.52968e-08
 2.72181e-09-2.32617e-08-3.13093e-08-2.11937e-08-1.92889e-08-3.32996e-08
-4.31524e-08-3.84260e-08-3.38163e-08-3.91976e-08-4.30333e-08-3.68600e-08
-2.98780e-08-2.80800e-08-2.36815e-08-1.36005e-08-5.00933e-09 6.62344e-10
 8.00634e-09 1.53874e-08 1.92398e-08 2.13743e-08 2.27771e-08 2.16392e-08
 1.83343e-08 1.39497e-08 8.22574e-09 1.55633e-09-5.08983e-09-1.11369e-08
-1.59434e-08-1.88351e-08-1.94460e-08-1.76893e-08-1.37826e-08-8.27046e-09
-1.90769e-09 4.46540e-09 1.00251e-08 1.40638e-08 1.60770e-08 1.58259e-08
 1.33587e-08 8.99819e-09 3.31883e-09-2.89617e-09-8.74152e-09-1.33197e-08
-1.58785e-08-1.59233e-08-1.33008e-08-8.25352e-09-1.42572e-09 6.20976e-09
 1.35099e-08 1.93625e-08 2.28728e-08 2.35065e-08 2.11830e-08 1.63082e-08
 9.71957e-09 2.53555e-09-4.05886e-09-9.03643e-09-1.17159e-08-1.18832e-08
-9.82994e-09-6.29760e-09-2.32180e-09 9.96292e-10 2.73178e-09 2.33765e-09
-2.31787e-10-4.50535e-09-9.59337e-09-1.43799e-08-1.77720e-08-1.89493e-08
-1.75519e-08-1.37661e-08-8.28336e-09-2.13383e-09 3.56189e-09 7.85088e-09
 1.01575e-08 1.04078e-08 9.03759e-09 6.86499e-09 4.85393e-09 3.84446e-09
 4.32663e-09 6.31072e-09 9.32527e-09 1.25450e-08 1.50164e-08 1.59193e-08
 1.47925e-08 1.16674e-08 7.07144e-09 1.88636e-09-2.90186e-09-6.47635e-09
-8.39675e-09-8.69140e-09-7.82428e-09-6.54409e-09-5.64263e-09-5.69395e-09
-6.86842e-09-8.88316e-09-1.10945e-08-1.26998e-08-1.29931e-08-1.15988e-08
-8.59502e-09-4.48937e-09-6.82352e-11 3.83291e-09 6.58058e-09 7.93180e-09
 8.08412e-09 7.57305e-09 7.06263e-09 7.09921e-09 7.90947e-09 9.31633e-09
 1.08000e-08 1.16773e-08 1.13392e-08 9.46758e-09 6.15862e-09 1.90692e-09
-2.54941e-09-6.46801e-09-9.33742e-09-1.10195e-08-1.17496e-08-1.20006e-08
-1.22673e-08-1.28463e-08-1.36964e-08-1.44367e-08-1.44910e-08-1.33172e-08
-1.06321e-08-6.54225e-09-1.53305e-09 3.67658e-09 8.35232e-09 1.19538e-08
 1.42604e-08 1.53702e-08 1.55818e-08 1.52182e-08 1.44665e-08 1.32969e-08
 1.14916e-08 8.77980e-09 5.01855e-09 3.36670e-10-4.82263e-09-9.77541e-09
-1.37639e-08-1.61642e-08-1.66545e-08-1.52769e-08-1.23758e-08-8.45237e-09
-3.99578e-09 6.34501e-10 5.21742e-09 9.58175e-09 1.34913e-08 1.65752e-08
 1.83418e-08 1.82880e-08 1.60772e-08 1.17184e-08 5.65401e-09-1.29832e-09
-8.12682e-09-1.38553e-08-1.77444e-08-1.94074e-08-1.88109e-08-1.61775e-08
-1.18604e-08-6.26489e-09 1.45322e-10 6.79138e-09 1.29436e-08 1.77644e-08
 2.04438e-08 2.04038e-08 1.75073e-08 1.21747e-08 5.33405e-09-1.79350e-09
-7.99611e-09-1.23487e-08-1.43798e-08-1.41006e-08-1.19114e-08-8.43493e-09
-4.35233e-09-3.05173e-10 3.12336e-09 5.39971e-09 6.07776e-09 4.91391e-09
 2.01072e-09-2.09985e-09-6.50340e-09-1.00987e-08-1.18946e-08-1.13071e-08
-8.34632e-09-3.61986e-09 1.85451e-09 6.95293e-09 1.07477e-08 1.27035e-08
 1.27244e-08 1.10758e-08 8.24813e-09 4.83513e-09 1.46162e-09-1.26257e-09
-2.81385e-09-2.87270e-09-1.45747e-09 9.97470e-10 3.69271e-09 5.66644e-09
 6.09628e-09 4.59167e-09 1.35399e-09-2.87339e-09-7.04894e-09-1.01693e-08
-1.15672e-08-1.10681e-08-8.96684e-09-5.86794e-09-2.48452e-09 5.21586e-10
 2.63442e-09 3.53823e-09 3.16170e-09 1.71548e-09-3.10361e-10-2.23381e-09
-3.36232e-09-3.22384e-09-1.76459e-09 5.85400e-10 3.04660e-09 4.79295e-09
 5.28499e-09 4.47349e-09 2.79189e-09 9.53073e-10-3.65063e-10-8.17580e-10
-5.55952e-10-1.49415e-10
     0.0000e+00     0.0000e+00      0  0  0.00
     512   1.00000  0.0000e+00
-1.53824e-11 3.54574e-10 7.26290e-10 1.03228e-09 1.21074e-09 1.22538e-09
 1.07820e-09 8.09274e-10 4.83709e-10 1.72143e-10-6.68281e-11-1.97286e-10
-2.09794e-10-1.21166e-10 2.81758e-11 1.80754e-10 2.75006e-10 2.63539e-10
 1.30358e-10-1.01033e-10-3.73829e-10-6.17399e-10-7.72199e-10-8.09286e-10
-7.36151e-10-5.87142e-10-4.04667e-10-2.22276e-10-5.80981e-11 8.11644e-11
 1.92241e-10 2.70578e-10 3.11501e-10 3.14258e-10 2.84428e-10 2.32862e-10
 1.72750e-10 1.17732e-10 8.23734e-11 8.30138e-11 1.35268e-10 2.45976e-10
 4.01994e-10 5.63337e-10 6.69132e-10 6.58486e-10 4.97905e-10 2.00273e-10
-1.76173e-10-5.48759e-10-8.39896e-10-1.00080e-09-1.02054e-09-9.20919e-10
-7.44089e-10-5.40257e-10-3.58531e-10-2.39755e-10-2.08509e-10-2.64392e-10
-3.77959e-10-4.97966e-10-5.70353e-10-5.59682e-10-4.59744e-10-2.86972e-10
-6.31469e-11 1.98397e-10 4.92510e-10 8.09079e-10 1.11892e-09 1.37205e-09
 1.51338e-09 1.50860e-09 1.36524e-09 1.13487e-09 8.93325e-10 7.09906e-10
 6.22426e-10 6.29410e-10 6.98165e-10 7.79328e-10 8.19950e-10 7.73639e-10
 6.09982e-10 3.23602e-10-6.11056e-11-4.94353e-10-9.14609e-10-1.26614e-09
-1.51307e-09-1.64468e-09-1.67119e-09-1.61416e-09-1.49820e-09-1.34791e-09
-1.18911e-09-1.04914e-09-9.52244e-10-9.11334e-10-9.20699e-10-9.54061e-10
-9.69626e-10-9.21451e-10-7.75595e-10-5.27514e-10-2.12757e-10 9.84729e-11
 3.25443e-10 4.09900e-10 3.40264e-10 1.53651e-10-8.36213e-11-3.03772e-10
-4.57752e-10-5.19975e-10-4.81895e-10-3.46446e-10-1.32939e-10 1.08616e-10
 2.86279e-10 2.73550e-10-5.92415e-11-7.99831e-10-1.95292e-09-3.41472e-09
-4.96359e-09-6.26365e-09-6.88384e-09-6.34279e-09-4.18773e-09-1.06861e-10
 5.93692e-09 1.35717e-08 2.19183e-08 2.96015e-08 3.49590e-08 3.64449e-08
 3.30869e-08 2.48188e-08 1.25827e-08-1.82001e-09-1.60955e-08-2.79520e-08
-3.55961e-08-3.81077e-08-3.56023e-08-2.91409e-08-2.04068e-08-1.12387e-08
-3.17097e-09 2.84852e-09 6.47683e-09 7.80924e-09 7.18519e-09 5.05892e-09
 1.93927e-09-1.63087e-09-5.09430e-09-7.93113e-09-9.73894e-09-1.03062e-08
-9.64758e-09-7.99211e-09-5.73060e-09-3.33047e-09-1.23477e-09 2.34004e-10
 9.44911e-10 9.89508e-10 6.68791e-10 4.42954e-10 8.53160e-10 2.42341e-09
 5.55265e-09 1.04057e-08 1.68091e-08 2.41683e-08 3.14417e-08 3.72478e-08
 4.01843e-08 3.92766e-08 3.42884e-08 2.57451e-08 1.48212e-08 3.27891e-09
-6.60752e-09-1.23265e-08-1.16211e-08-3.06238e-09 1.34633e-08 3.64834e-08
 6.28727e-08 8.78342e-08 1.04852e-07 1.05839e-07 8.19211e-08 2.52398e-08
-6.82490e-08-1.95531e-07-3.43746e-07-4.88746e-07-5.95987e-07-6.26160e-07
-5.47600e-07-3.51140e-07-5.97384e-08 2.72416e-07 5.77528e-07 8.02939e-07
 9.24952e-07 9.36584e-07 8.31224e-07 6.04842e-07 2.74165e-07-1.10355e-07
-4.70868e-07-7.23775e-07-8.07737e-07-7.06613e-07-4.57483e-07-1.44134e-07
 1.26909e-07 2.68039e-07 2.50917e-07 1.21929e-07-2.22711e-08-9.31282e-08
-6.47951e-08 1.60674e-08 7.22485e-08 5.78948e-08-7.62149e-09-6.18902e-08
-5.82992e-08-7.23450e-09 3.93109e-08 4.28264e-08 1.49667e-08-2.36018e-09
 1.17837e-08 3.57379e-08 3.70843e-08 1.48770e-08-2.57144e-09 1.74477e-09
 1.26576e-08 9.12976e-09-4.37820e-09-8.35279e-09-3.66918e-10 3.59593e-09
-2.55441e-09-6.84247e-09-2.44445e-09 1.54097e-09-1.01157e-09-2.78676e-09
 9.90551e-10 4.03324e-09 2.96452e-09 2.76563e-09 4.55433e-09 3.97168e-09
 1.42451e-09 1.94020e-10-7.32537e-10-2.58647e-09-3.75596e-09-4.14428e-09
-4.88930e-09-5.66430e-09-6.15282e-09-6.57482e-09-6.63360e-09-5.99458e-09
-4.65292e-09-2.66398e-09-2.12557e-10 2.35519e-09 4.66380e-09 6.36988e-09
 7.22064e-09 7.11779e-09 6.12082e-09 4.40753e-09 2.22442e-09-1.50029e-10
-2.42422e-09-4.31424e-09-5.56978e-09-6.00169e-09-5.51631e-09-4.15311e-09
-2.10826e-09 2.84744e-10 2.62211e-09 4.51123e-09 5.63393e-09 5.79021e-09
 4.93993e-09 3.23594e-09 1.01106e-09-1.30106e-09-3.27928e-09-4.60365e-09
-5.08963e-09-4.68801e-09-3.48469e-09-1.70371e-09 3.14767e-10 2.18114e-09
 3.55042e-09 4.20319e-09 4.08218e-09 3.28050e-09 2.00241e-09 5.20965e-10
-8.61092e-10-1.85825e-09-2.26220e-09-1.99800e-09-1.14812e-09 6.81256e-11
 1.34808e-09 2.37486e-09 2.89089e-09 2.76089e-09 2.00303e-09 7.76447e-10
-6.64554e-10-2.02683e-09-3.03528e-09-3.49216e-09-3.33008e-09-2.63553e-09
-1.62585e-09-5.85258e-10 2.15018e-10 5.87407e-10 4.75375e-10-3.13074e-11
-7.20002e-10-1.31762e-09-1.57625e-09-1.34924e-09-6.29946e-10 4.51865e-10
 1.66756e-09 2.74940e-09 3.45686e-09 3.63511e-09 3.25646e-09 2.43550e-09
 1.40324e-09 4.33952e-10-2.52021e-10-5.64577e-10-5.64528e-10-4.23337e-10
-3.43679e-10-4.79208e-10-8.87755e-10-1.52722e-09-2.27862e-09-2.97734e-09
-3.44830e-09-3.55149e-09-3.23541e-09-2.57355e-09-1.75133e-09-9.96799e-10
-4.83451e-10-2.52912e-10-2.00221e-10-1.31866e-10 1.36692e-10 6.95575e-10
 1.50507e-09 2.41937e-09 3.24939e-09 3.82981e-09 4.06418e-09 3.94122e-09
 3.52800e-09 2.94690e-09 2.33963e-09 1.82172e-09 1.43879e-09 1.14447e-09
 8.16980e-10 3.15790e-10-4.40265e-10-1.40841e-09-2.40815e-09-3.17688e-09
-3.47743e-09-3.20639e-09-2.44804e-09-1.44779e-09-5.19240e-10 7.57646e-11
 2.27406e-10 1.73387e-11-3.23867e-10-5.28577e-10-4.25888e-10-3.49221e-11
 4.30436e-10 6.54620e-10 3.72532e-10-4.90888e-10-1.76119e-09-3.06398e-09
-3.96341e-09-4.12981e-09-3.46170e-09-2.10816e-09-3.88976e-10 1.33970e-09
 2.80993e-09 3.90884e-09 4.66870e-09 5.19122e-09 5.54625e-09 5.69857e-09
 5.49826e-09 4.73618e-09 3.24305e-09 9.99626e-10-1.78539e-09-4.67983e-09
-7.13702e-09-8.67052e-09-9.00965e-09-8.16370e-09-6.38090e-09-4.04051e-09
-1.53184e-09 8.35659e-10 2.86572e-09 4.45110e-09 5.52159e-09 6.00901e-09
 5.85537e-09 5.05339e-09 3.69044e-09 1.97461e-09 2.29942e-10-1.15426e-09
-1.82769e-09-1.60941e-09-5.78098e-10 9.41285e-10 2.49748e-09 3.67397e-09
 4.20592e-09 4.00976e-09 3.14360e-09 1.74841e-09 5.36882e-12-1.88344e-09
-3.70055e-09-5.21633e-09-6.20082e-09-6.45533e-09-5.87071e-09-4.49824e-09
-2.59214e-09-5.76695e-10 1.07423e-09 2.00022e-09 2.08013e-09 1.45779e-09
 4.62614e-10-5.25271e-10-1.19961e-09-1.39836e-09-1.10785e-09-4.17512e-10
 5.37956e-10 1.61198e-09 2.64517e-09 3.45564e-09 3.85619e-09 3.70934e-09
 2.99673e-09 1.85996e-09 5.78783e-10-5.17368e-10-1.17246e-09-1.30648e-09
-1.04402e-09-6.48474e-10-3.93374e-10-4.38794e-10-7.74850e-10-1.25177e-09
-1.66760e-09-1.86061e-09-1.76205e-09-1.39551e-09-8.42036e-10-2.04370e-10
 4.10650e-10 8.95852e-10 1.15174e-09 1.11488e-09 8.05205e-10 3.65939e-10
 5.61219e-11-1.40506e-11
     0.0000e+00     0.0000e+00      0  0  0.00
     512   1.00000  0.0000e+00
 1.60343e-10 1.41991e-11-1.56211e-10-3.28932e-10-4.80785e-10-5.92758e-10
-6.53679e-10-6.61584e-10-6.22775e-10-5.48508e-10-4.50912e-10-3.40495e-10
-2.25317e-10-1.10417e-10 2.71985e-12 1.15645e-10 2.30656e-10 3.47808e-10
 4.63432e-10 5.70496e-10 6.59630e-10 7.20634e-10 7.44535e-10 7.25418e-10
 6.61887e-10 5.58074e-10 4.23146e-10 2.69238e-10 1.09225e-10-4.48834e-11
-1.83109e-10-2.98379e-10-3.87493e-10-4.51706e-10-4.95213e-10-5.21679e-10
-5.31959e-10-5.25086e-10-5.00825e-10-4.60833e-10-4.07806e-10-3.44140e-10
-2.71047e-10-1.87868e-10-9.19734e-11 1.96167e-11 1.47092e-10 2.85067e-10
 4.22207e-10 5.44366e-10 6.40383e-10 7.07121e-10 7.50002e-10 7.78494e-10
 7.99673e-10 8.14032e-10 8.15266e-10 7.92468e-10 7.32804e-10 6.24929e-10
 4.63436e-10 2.52030e-10 2.88100e-12-2.66614e-10-5.36225e-10-7.83719e-10
-9.86912e-10-1.12876e-09-1.20355e-09-1.22061e-09-1.20315e-09-1.18227e-09
-1.18823e-09-1.24207e-09-1.34937e-09-1.49677e-09-1.65168e-09-1.76650e-09
-1.78762e-09-1.66609e-09-1.36580e-09-8.68394e-10-1.77426e-10 6.76616e-10
 1.63455e-09 2.61523e-09 3.52993e-09 4.29721e-09 4.85367e-09 5.16040e-09
 5.20586e-09 5.00351e-09 4.58421e-09 3.98632e-09 3.24800e-09 2.40406e-09
 1.48651e-09 5.25189e-10-4.53999e-10-1.43182e-09-2.39556e-09-3.33451e-09
-4.23461e-09-5.07704e-09-5.84110e-09-6.50717e-09-7.05677e-09-7.47234e-09
-7.74024e-09-7.85361e-09-7.80978e-09-7.60482e-09-7.23256e-09-6.68956e-09
-5.97978e-09-5.11422e-09-4.10712e-09-2.97332e-09-1.72866e-09-3.91813e-10
 1.01481e-09 2.46514e-09 3.92937e-09 5.37348e-09 6.75972e-09 8.04825e-09
 9.19906e-09 1.01733e-08 1.09345e-08 1.14532e-08 1.17158e-08 1.17354e-08
 1.15542e-08 1.12351e-08 1.08490e-08 1.04606e-08 1.01112e-08 9.79795e-09
 9.46654e-09 9.02781e-09 8.39121e-09 7.49946e-09 6.35297e-09 5.01869e-09
 3.61889e-09 2.29692e-09 1.16747e-09 2.71853e-10-4.39092e-10-1.08830e-09
-1.83424e-09-2.82979e-09-4.18940e-09-5.96448e-09-8.12412e-09-1.05431e-08
-1.30050e-08-1.52276e-08-1.69112e-08-1.78084e-08-1.78106e-08-1.70417e-08
-1.59350e-08-1.52665e-08-1.61236e-08-1.97885e-08-2.75160e-08-4.02014e-08
-5.79622e-08-7.97090e-08-1.02805e-07-1.22929e-07-1.34260e-07-1.30108e-07
-1.04058e-07-5.16237e-08 2.77726e-08 1.28749e-07 2.38792e-07 3.40020e-07
 4.13212e-07 4.40099e-07 4.06421e-07 3.09368e-07 1.61652e-07-1.19639e-08
-1.79626e-07-3.09070e-07-3.77920e-07-3.81670e-07-3.34295e-07-2.61744e-07
-1.90364e-07-1.34869e-07-9.33621e-08-5.36687e-08-6.61273e-09 4.40492e-08
 8.34134e-08 9.73108e-08 8.33835e-08 5.22232e-08 1.94133e-08-3.15998e-09
-1.10783e-08-7.51045e-09 9.11431e-11 7.32934e-09 1.86469e-08 4.51849e-08
 9.69344e-08 1.76730e-07 2.77141e-07 3.78586e-07 4.53089e-07 4.72885e-07
 4.17156e-07 2.78164e-07 6.79074e-08-1.81071e-07-4.22844e-07-6.10335e-07
-7.08817e-07-7.04938e-07-6.08250e-07-4.45955e-07-2.52871e-07-6.07638e-08
 1.07866e-07 2.39111e-07 3.23413e-07 3.53498e-07 3.27908e-07 2.58399e-07
 1.72364e-07 1.01880e-07 6.35894e-08 4.70080e-08 2.69055e-08-8.14172e-09
-4.23487e-08-5.30546e-08-4.03324e-08-2.59136e-08-2.36087e-08-2.53311e-08
-2.03629e-08-1.22631e-08-8.29828e-09-6.73376e-09-3.92569e-09-1.70527e-09
-1.20667e-09-2.27363e-10 1.09196e-09 1.11104e-09 9.08218e-10 1.28104e-09
 9.60760e-10 1.86412e-10-1.56840e-11-3.32690e-10-9.45186e-10-1.05457e-09
-1.00110e-09-1.08048e-09-8.32472e-10-5.26860e-10-4.13334e-10-1.89708e-10
-5.88345e-11-1.38815e-10-2.12913e-10-4.74935e-10-9.59042e-10-1.50853e-09
-2.24750e-09-3.07402e-09-3.83404e-09-4.55718e-09-5.08208e-09-5.33856e-09
-5.35109e-09-5.02070e-09-4.38555e-09-3.48706e-09-2.34578e-09-1.10205e-09
 1.63351e-10 1.35056e-09 2.34690e-09 3.12176e-09 3.63056e-09 3.88869e-09
 3.94691e-09 3.84612e-09 3.66714e-09 3.47389e-09 3.31990e-09 3.23528e-09
 3.22013e-09 3.26871e-09 3.33397e-09 3.35117e-09 3.25762e-09 2.99263e-09
 2.51338e-09 1.81083e-09 9.21500e-10-8.71468e-11-1.11908e-09-2.06753e-09
-2.85280e-09-3.42247e-09-3.73614e-09-3.78265e-09-3.60253e-09-3.26442e-09
-2.83620e-09-2.38499e-09-1.96481e-09-1.59464e-09-1.26833e-09-9.72643e-10
-6.81166e-10-3.56213e-10 2.61771e-11 4.63352e-10 9.33657e-10 1.39940e-09
 1.81017e-09 2.11978e-09 2.29138e-09 2.28895e-09 2.09440e-09 1.73365e-09
 1.26769e-09 7.68858e-10 3.05195e-10-7.49107e-11-3.46978e-10-5.03663e-10
-5.52077e-10-5.12838e-10-4.22213e-10-3.23748e-10-2.36468e-10-1.39599e-10
 9.79170e-12 2.56764e-10 6.25842e-10 1.10545e-09 1.66452e-09 2.26772e-09
 2.86738e-09 3.40466e-09 3.82394e-09 4.08657e-09 4.18406e-09 4.13398e-09
 3.95917e-09 3.67501e-09 3.28249e-09 2.76656e-09 2.11280e-09 1.31953e-09
 3.92164e-10-6.52967e-10-1.77920e-09-2.93671e-09-4.07091e-09-5.12561e-09
-6.05387e-09-6.82530e-09-7.42488e-09-7.85128e-09-8.10834e-09-8.19554e-09
-8.10803e-09-7.83580e-09-7.36737e-09-6.70320e-09-5.85712e-09-4.85256e-09
-3.73257e-09-2.55952e-09-1.39938e-09-3.21494e-10 6.03752e-10 1.33094e-09
 1.84679e-09 2.15158e-09 2.25935e-09 2.20093e-09 2.00500e-09 1.69672e-09
 1.31697e-09 9.18490e-10 5.52837e-10 2.75413e-10 1.41386e-10 1.81910e-10
 3.94705e-10 7.51667e-10 1.19859e-09 1.66196e-09 2.08120e-09 2.43422e-09
 2.73452e-09 3.02509e-09 3.37395e-09 3.84586e-09 4.46293e-09 5.18970e-09
 5.93561e-09 6.55884e-09 6.89208e-09 6.78956e-09 6.15148e-09 4.92486e-09
 3.11979e-09 8.30957e-10-1.75663e-09-4.36435e-09-6.63644e-09-8.20084e-09
-8.74479e-09-8.07779e-09-6.17714e-09-3.20432e-09 5.06722e-10 4.48730e-09
 8.20486e-09 1.11506e-08 1.29261e-08 1.33162e-08 1.23151e-08 1.01021e-08
 7.00389e-09 3.44025e-09-1.49516e-10-3.37610e-09-5.95794e-09-7.75598e-09
-8.76598e-09-9.08503e-09-8.87119e-09-8.30005e-09-7.53474e-09-6.70719e-09
-5.89818e-09-5.13416e-09-4.40440e-09-3.67978e-09-2.93607e-09-2.17468e-09
-1.41891e-09-6.97132e-10-3.06368e-11 5.77281e-10 1.14203e-09 1.68429e-09
 2.21936e-09 2.74946e-09 3.25342e-09 3.68838e-09 4.00374e-09 4.15703e-09
 4.13267e-09 3.95259e-09 3.66490e-09 3.32536e-09 2.98006e-09 2.64491e-09
 2.29827e-09 1.89525e-09 1.38520e-09 7.27486e-10-9.08476e-11-1.04558e-09
-2.07439e-09-3.08214e-09-3.96087e-09-4.61589e-09-4.98129e-09-5.02984e-09
-4.77875e-09-4.28186e-09-3.61347e-09-2.85054e-09-2.05359e-09-1.25750e-09
-4.76907e-10 2.84571e-10 1.02272e-09 1.71905e-09 2.33722e-09 2.82915e-09
 3.14140e-09 3.22574e-09 3.05486e-09 2.63342e-09 2.00099e-09 1.22885e-09
 4.11834e-10-3.39447e-10-9.10003e-10-1.20621e-09-1.18836e-09-8.94735e-10
-4.54807e-10-1.10221e-10
     0.0000e+00     0.0000e+00      0  0  0.00
     512   1.00000  0.0000e+00
-7.10476e-11 1.67483e-10 4.78554e-10 8.27103e-10 1.15429e-09 1.39462e-09
 1.49980e-09 1.45778e-09 1.29777e-09 1.07780e-09 8.59373e-10 6.81021e-10
 5.43590e-10 4.14557e-10 2.48783e-10 1.46836e-11-2.87103e-10-6.20909e-10
-9.30421e-10-1.16406e-09-1.29854e-09-1.34740e-09-1.35012e-09-1.34865e-09
-1.36384e-09-1.38320e-09-1.36637e-09-1.26658e-09-1.05714e-09-7.47609e-10
-3.80884e-10-1.42482e-11 3.05689e-10 5.62324e-10 7.72327e-10 9.70109e-10
 1.18230e-09 1.40743e-09 1.61256e-09 1.74818e-09 1.77276e-09 1.67326e-09
 1.47106e-09 1.21034e-09 9.34721e-10 6.65823e-10 3.97044e-10 1.06440e-10
-2.20636e-10-5.73839e-10-9.15368e-10-1.19475e-09-1.37406e-09-1.44939e-09
-1.45399e-09-1.44048e-09-1.45297e-09-1.50487e-09-1.57210e-09-1.60423e-09
-1.54813e-09-1.37114e-09-1.07035e-09-6.63532e-10-1.71672e-10 3.91423e-10
 1.01333e-09 1.66593e-09 2.29053e-09 2.79769e-09 3.08706e-09 3.08191e-09
 2.76303e-09 2.18327e-09 1.45433e-09 7.13580e-10 8.61081e-11-3.44741e-10
-5.49642e-10-5.46967e-10-3.87342e-10-1.43254e-10 9.20352e-11 2.06828e-10
 8.76271e-11-3.48680e-10-1.11934e-09-2.15433e-09-3.30226e-09-4.36574e-09
-5.15547e-09-5.54098e-09-5.47601e-09-4.99155e-09-4.16841e-09-3.10785e-09
-1.91074e-09-6.66395e-10 5.52479e-10 1.69503e-09 2.74156e-09 3.71004e-09
 4.64599e-09 5.59212e-09 6.55293e-09 7.47502e-09 8.25401e-09 8.76600e-09
 8.91201e-09 8.65536e-09 8.03207e-09 7.12897e-09 6.04551e-09 4.86401e-09
 3.64005e-09 2.40514e-09 1.16866e-09-8.48963e-11-1.39805e-09-2.83645e-09
-4.47419e-09-6.36713e-09-8.52462e-09-1.08972e-08-1.33846e-08-1.58462e-08
-1.80967e-08-1.98835e-08-2.08639e-08-2.06054e-08-1.86372e-08-1.45660e-08
-8.24469e-09 5.20219e-11 9.50192e-09 1.87371e-08 2.60482e-08 2.97857e-08
 2.88286e-08 2.29494e-08 1.29596e-08 5.96537e-10-1.18258e-08-2.19229e-08
-2.77836e-08-2.84053e-08-2.38940e-08-1.53671e-08-4.59923e-09 6.47265e-09
 1.62192e-08 2.35950e-08 2.81531e-08 2.98882e-08 2.90672e-08 2.61192e-08
 2.15749e-08 1.60348e-08 1.01574e-08 4.65081e-09 2.43258e-10-2.39070e-09
-2.74140e-09-5.84701e-10 3.92154e-09 1.01849e-08 1.71735e-08 2.34509e-08
 2.72384e-08 2.65216e-08 1.92545e-08 3.72909e-09-2.08700e-08-5.37848e-08
-9.20087e-08-1.29812e-07-1.58712e-07-1.68097e-07-1.47336e-07-9.13229e-08
-7.42066e-09 8.46053e-08 1.62463e-07 2.11065e-07 2.23225e-07 1.96126e-07
 1.32420e-07 4.43209e-08-4.62561e-08-1.13844e-07-1.40422e-07-1.25859e-07
-8.89287e-08-5.53918e-08-4.09187e-08-4.16610e-08-3.97766e-08-2.00746e-08
 1.53627e-08 4.73499e-08 5.46759e-08 3.02027e-08-1.52778e-08-6.05425e-08
-8.26291e-08-6.13736e-08 1.47703e-08 1.37670e-07 2.77917e-07 4.03567e-07
 4.95547e-07 5.37422e-07 5.01167e-07 3.58610e-07 1.03549e-07-2.43815e-07
-6.38799e-07-1.00872e-06-1.26269e-06-1.31614e-06-1.11501e-06-6.60504e-07
-2.76653e-08 6.41136e-07 1.17247e-06 1.41731e-06 1.30892e-06 8.98237e-07
 3.42364e-07-1.56931e-07-4.41122e-07-4.68127e-07-3.25908e-07-1.69500e-07
-1.15710e-07-1.66370e-07-2.22979e-07-1.87701e-07-6.15016e-08 5.98090e-08
 9.17635e-08 4.95906e-08 1.34908e-08 2.28224e-08 4.32412e-08 3.72345e-08
 1.70266e-08 8.68886e-09 8.94139e-09 4.80000e-09 4.49790e-10 1.38249e-09
 1.57031e-09-8.84196e-10-9.08593e-10 2.54030e-10-8.16892e-10-1.48772e-09
-7.93769e-10-1.34166e-09-2.07350e-09-1.56707e-09-1.53850e-09-1.76583e-09
-1.15327e-09-8.98033e-10-1.01371e-09-6.80417e-10-6.84456e-10-9.38346e-10
-8.31966e-10-9.48066e-10-1.16112e-09-1.13551e-09-1.30093e-09-1.40871e-09
-1.28840e-09-1.22776e-09-9.73814e-10-5.72200e-10-2.37468e-10 1.96363e-10
 5.89736e-10 9.10766e-10 1.27606e-09 1.53915e-09 1.74398e-09 1.88939e-09
 1.88704e-09 1.81932e-09 1.66156e-09 1.44658e-09 1.23043e-09 9.63872e-10
 6.78054e-10 3.68668e-10 4.62579e-11-2.43200e-10-4.95724e-10-6.81646e-10
-8.15143e-10-9.22751e-10-1.01753e-09-1.11719e-09-1.19917e-09-1.23341e-09
-1.20234e-09-1.11849e-09-1.00653e-09-8.65470e-10-6.74703e-10-4.06008e-10
-5.87857e-11 3.22269e-10 6.77600e-10 9.78696e-10 1.23247e-09 1.44265e-09
 1.58816e-09 1.63639e-09 1.57879e-09 1.45698e-09 1.33453e-09 1.22684e-09
 1.08592e-09 8.76077e-10 6.34390e-10 4.31362e-10 2.86344e-10 1.39086e-10
-9.12134e-11-4.13742e-10-7.32844e-10-9.24760e-10-9.60281e-10-9.34094e-10
-9.54151e-10-1.01366e-09-9.96679e-10-8.17604e-10-5.39973e-10-3.35675e-10
-3.20260e-10-4.42635e-10-5.50393e-10-5.55324e-10-5.16635e-10-5.60643e-10
-7.32493e-10-9.35225e-10-1.01710e-09-9.19555e-10-7.32693e-10-5.97177e-10
-5.57485e-10-5.28674e-10-4.06206e-10-1.84884e-10 3.61470e-11 1.48490e-10
 1.29358e-10 4.70727e-11-2.32860e-11-8.00521e-11-1.88880e-10-4.04910e-10
-7.04989e-10-9.95499e-10-1.18281e-09-1.23513e-09-1.18285e-09-1.06715e-09
-8.94066e-10-6.37888e-10-2.82427e-10 1.44096e-10 5.76041e-10 9.54226e-10
 1.26183e-09 1.52064e-09 1.75951e-09 1.98469e-09 2.17491e-09 2.30704e-09
 2.39087e-09 2.47303e-09 2.59755e-09 2.77129e-09 2.97460e-09 3.18711e-09
 3.39240e-09 3.56906e-09 3.67703e-09 3.64638e-09 3.39684e-09 2.88272e-09
 2.10856e-09 1.10453e-09-8.49559e-11-1.38365e-09-2.67484e-09-3.81772e-09
-4.68213e-09-5.19152e-09-5.34019e-09-5.16759e-09-4.73782e-09-4.16320e-09
-3.62522e-09-3.33056e-09-3.41918e-09-3.89196e-09-4.60639e-09-5.33857e-09
-5.84881e-09-5.88675e-09-5.17050e-09-3.44221e-09-6.15699e-10 3.09352e-09
 7.16856e-09 1.09306e-08 1.37198e-08 1.50026e-08 1.43981e-08 1.17210e-08
 7.10313e-09 1.11122e-09-5.28693e-09-1.09541e-08-1.48992e-08-1.65051e-08
-1.55882e-08-1.23514e-08-7.34440e-09-1.44230e-09 4.25110e-09 8.64167e-09
 1.09595e-08 1.09852e-08 9.06153e-09 5.90822e-09 2.37145e-09-7.69435e-10
-2.91287e-09-3.71646e-09-3.17997e-09-1.67385e-09 1.67991e-10 1.68781e-09
 2.46414e-09 2.44898e-09 1.91933e-09 1.30656e-09 1.01904e-09 1.32086e-09
 2.26449e-09 3.66350e-09 5.11585e-09 6.10346e-09 6.16339e-09 5.06967e-09
 2.93962e-09 2.08208e-10-2.52201e-09-4.68771e-09-5.94204e-09-6.24009e-09
-5.81631e-09-5.07837e-09-4.46056e-09-4.27598e-09-4.60357e-09-5.25275e-09
-5.83203e-09-5.90323e-09-5.16419e-09-3.58427e-09-1.42950e-09 8.33678e-10
 2.71085e-09 3.85823e-09 4.19822e-09 3.92848e-09 3.42805e-09 3.10223e-09
 3.22235e-09 3.81709e-09 4.65874e-09 5.35329e-09 5.50193e-09 4.86913e-09
 3.48556e-09 1.64055e-09-2.31937e-10-1.72317e-09-2.60172e-09-2.88421e-09
-2.79712e-09-2.64942e-09-2.67591e-09-2.92316e-09-3.22780e-09-3.29598e-09
-2.85317e-09-1.80049e-09-3.04345e-10 1.22677e-09 2.27892e-09 2.43693e-09
 1.57400e-09 4.47206e-10
     0.0000e+00     0.0000e+00      0  0  0.00
     512   1.00000  0.0000e+00
-6.43938e-11 4.08819e-10 8.79360e-10 1.27123e-09 1.52706e-09 1.62642e-09
 1.58978e-09 1.46671e-09 1.31263e-09 1.16448e-09 1.02696e-09 8.76761e-10
 6.80820e-10 4.17182e-10 8.74075e-11-2.83304e-10-6.56062e-10-9.93926e-10
-1.27704e-09-1.50870e-09-1.70735e-09-1.88894e-09-2.04913e-09-2.15582e-09
-2.15921e-09-2.01570e-09-1.71153e-09-1.27294e-09-7.59947e-10-2.46318e-10
 2.06413e-10 5.69749e-10 8.54484e-10 1.09918e-09 1.34511e-09 1.61030e-09
 1.87867e-09 2.11122e-09 2.27005e-09 2.33737e-09 2.31904e-09 2.23379e-09
 2.09634e-09 1.90319e-09 1.63025e-09 1.24596e-09 7.34401e-10 1.15524e-10
-5.50452e-10-1.18101e-09-1.70473e-09-2.09019e-09-2.35157e-09-2.52931e-09
-2.65976e-09-2.75263e-09-2.78738e-09-2.72723e-09-2.54065e-09-2.21940e-09
-1.78528e-09-1.28048e-09-7.44636e-10-1.93746e-10 3.81477e-10 9.95884e-10
 1.64534e-09 2.29678e-09 2.89954e-09 3.40877e-09 3.80355e-09 4.08718e-09
 4.27092e-09 4.35314e-09 4.30529e-09 4.07189e-09 3.58768e-09 2.80746e-09
 1.73432e-09 4.28111e-10-1.01320e-09-2.48852e-09-3.92123e-09-5.26314e-09
-6.48009e-09-7.53929e-09-8.40877e-09-9.06317e-09-9.48660e-09-9.67046e-09
-9.60681e-09-9.27769e-09-8.64499e-09-7.65008e-09-6.23089e-09-4.35535e-09
-2.05492e-09 5.65777e-10 3.35480e-09 6.15876e-09 8.85973e-09 1.13862e-08
 1.37022e-08 1.57900e-08 1.76362e-08 1.92226e-08 2.05170e-08 2.14695e-08
 2.20171e-08 2.20895e-08 2.16108e-08 2.05056e-08 1.87240e-08 1.62779e-08
 1.32592e-08 9.81977e-09 6.12207e-09 2.28875e-09-1.61884e-09-5.58765e-09
-9.62142e-09-1.37096e-08-1.78052e-08-2.18161e-08-2.56130e-08-2.90484e-08
-3.19743e-08-3.42519e-08-3.57619e-08-3.64225e-08-3.62149e-08-3.51981e-08
-3.34935e-08-3.12415e-08-2.85689e-08-2.55841e-08-2.23798e-08-1.90169e-08
-1.55034e-08-1.17949e-08-7.81819e-09-3.50892e-09 1.14396e-09 6.05840e-09
 1.10435e-08 1.58282e-08 2.01358e-08 2.37722e-08 2.66793e-08 2.89307e-08
 3.06914e-08 3.21729e-08 3.36014e-08 3.51795e-08 3.70229e-08 3.90822e-08
 4.10868e-08 4.25518e-08 4.28590e-08 4.14041e-08 3.77874e-08 3.20075e-08
 2.46083e-08 1.67506e-08 1.01992e-08 7.19680e-09 1.01717e-08 2.12420e-08
 4.15426e-08 7.04689e-08 1.04984e-07 1.39162e-07 1.64171e-07 1.68923e-07
 1.41578e-07 7.19838e-08-4.50766e-08-2.06211e-07-3.96082e-07-5.86111e-07
-7.36937e-07-8.05375e-07-7.57326e-07-5.83124e-07-3.03584e-07 3.53232e-08
 3.70778e-07 6.36134e-07 7.81237e-07 7.89798e-07 6.84273e-07 5.16781e-07
 3.48184e-07 2.22081e-07 1.47747e-07 1.04541e-07 6.51763e-08 1.99324e-08
-1.71832e-08-2.43969e-08 4.67370e-09 5.14884e-08 8.34617e-08 7.19641e-08
 4.19173e-09-1.12789e-07-2.58002e-07-4.07643e-07-5.37245e-07-6.18726e-07
-6.29988e-07-5.71049e-07-4.58053e-07-3.02809e-07-1.16122e-07 7.67282e-08
 2.41592e-07 3.46577e-07 3.65739e-07 2.91345e-07 1.48089e-07-6.85713e-09
-9.85568e-08-6.38525e-08 1.13457e-07 3.82727e-07 6.36444e-07 7.51366e-07
 6.48184e-07 3.42295e-07-4.93730e-08-3.61305e-07-4.69887e-07-3.70233e-07
-1.81648e-07-6.13872e-08-8.17904e-08-1.74910e-07-2.07080e-07-1.21246e-07
 5.28760e-09 5.93838e-08 2.63833e-08-1.22128e-08-2.04588e-09 2.47009e-08
 2.43632e-08 8.75270e-09 5.19039e-09 7.65895e-09 3.32758e-09 1.95182e-10
 3.16437e-09 3.45427e-09 6.90569e-10 1.31051e-09 2.24545e-09 3.62906e-10
-9.86460e-11 7.27386e-10-1.91228e-10-5.88553e-10 2.04388e-10-2.12487e-10
-6.35531e-10-2.56170e-10-6.71151e-10-9.76007e-10-5.08166e-10-4.44465e-10
-1.79883e-10 5.50935e-10 8.84487e-10 1.39361e-09 2.13954e-09 2.59787e-09
 3.27980e-09 4.02218e-09 4.54320e-09 5.20677e-09 5.73662e-09 6.10909e-09
 6.53381e-09 6.72286e-09 6.75654e-09 6.63625e-09 6.19916e-09 5.60512e-09
 4.79507e-09 3.79484e-09 2.72658e-09 1.52439e-09 2.76470e-10-1.00288e-09
-2.32209e-09-3.60818e-09-4.87436e-09-6.04527e-09-7.04794e-09-7.83078e-09
-8.34534e-09-8.62768e-09-8.69299e-09-8.56336e-09-8.25114e-09-7.72763e-09
-6.96463e-09-5.95273e-09-4.73548e-09-3.37866e-09-1.95788e-09-5.44411e-10
 8.28048e-10 2.14363e-09 3.37438e-09 4.48752e-09 5.46860e-09 6.30092e-09
 6.95155e-09 7.39915e-09 7.64003e-09 7.66648e-09 7.46275e-09 7.01678e-09
 6.33144e-09 5.44895e-09 4.46356e-09 3.47410e-09 2.51524e-09 1.55374e-09
 5.46121e-10-5.11704e-10-1.57133e-09-2.55843e-09-3.42865e-09-4.19131e-09
-4.86706e-09-5.44446e-09-5.89147e-09-6.19501e-09-6.38343e-09-6.51008e-09
-6.60968e-09-6.66652e-09-6.61660e-09-6.38607e-09-5.94330e-09-5.31267e-09
-4.54636e-09-3.69929e-09-2.81269e-09-1.90672e-09-1.00321e-09-1.46303e-10
 6.14611e-10 1.24751e-09 1.73850e-09 2.08116e-09 2.26524e-09 2.27975e-09
 2.12908e-09 1.84276e-09 1.47882e-09 1.11432e-09 8.12902e-10 6.00056e-10
 4.68764e-10 4.00652e-10 3.93822e-10 4.81486e-10 7.17021e-10 1.14381e-09
 1.78187e-09 2.62800e-09 3.66012e-09 4.84200e-09 6.11892e-09 7.41179e-09
 8.62648e-09 9.67669e-09 1.05084e-08 1.11045e-08 1.14556e-08 1.15345e-08
 1.13108e-08 1.07765e-08 9.95693e-09 8.92372e-09 7.77790e-09 6.59794e-09
 5.41985e-09 4.25738e-09 3.10447e-09 1.93253e-09 7.13311e-10-5.66880e-10
-1.90761e-09-3.27811e-09-4.61428e-09-5.85682e-09-6.97606e-09-7.95234e-09
-8.76204e-09-9.38838e-09-9.82385e-09-1.00671e-08-1.01276e-08-1.00154e-08
-9.72315e-09-9.24904e-09-8.63078e-09-7.92080e-09-7.11893e-09-6.14473e-09
-4.87719e-09-3.23373e-09-1.25060e-09 8.92598e-10 2.93883e-09 4.64675e-09
 5.82445e-09 6.32221e-09 6.04127e-09 4.95731e-09 3.14565e-09 7.96594e-10
-1.80999e-09-4.36375e-09-6.57915e-09-8.24105e-09-9.24503e-09-9.62344e-09
-9.53997e-09-9.23304e-09-8.92372e-09-8.73158e-09-8.62196e-09-8.40885e-09
-7.82583e-09-6.62109e-09-4.63270e-09-1.84059e-09 1.61088e-09 5.42072e-09
 9.16732e-09 1.23862e-08 1.46770e-08 1.57987e-08 1.57315e-08 1.46824e-08
 1.30239e-08 1.11858e-08 9.53364e-09 8.26267e-09 7.35794e-09 6.63165e-09
 5.80651e-09 4.61616e-09 2.90029e-09 6.69870e-10-1.87291e-09-4.37762e-09
-6.45718e-09-7.82330e-09-8.38220e-09-8.25851e-09-7.74154e-09-7.17471e-09
-6.83617e-09-6.84796e-09-7.13421e-09-7.44989e-09-7.47254e-09-6.91706e-09
-5.64147e-09-3.71312e-09-1.39594e-09 9.44931e-10 2.97529e-09 4.50135e-09
 5.51420e-09 6.16264e-09 6.67428e-09 7.24780e-09 7.95083e-09 8.67307e-09
 9.15960e-09 9.10863e-09 8.29726e-09 6.68360e-09 4.44043e-09 1.91228e-09
-4.89351e-10-2.42309e-09-3.72959e-09-4.46464e-09-4.84509e-09-5.12978e-09
-5.48014e-09-5.86981e-09-6.09474e-09-5.87519e-09-4.99577e-09-3.42384e-09
-1.36397e-09 7.74466e-10 2.49821e-09 3.40438e-09 3.33617e-09 2.45487e-09
 1.21221e-09 2.86410e-10
     0.0000e+00     0.0000e+00      0  0  0.00
     512   1.00000  0.0000e+00
-5.48713e-10-7.25776e-10-8.98609e-10-1.05145e-09-1.16841e-09-1.23731e-09
-1.25202e-09-1.21166e-09-1.11810e-09-9.74895e-10-7.88557e-10-5.70353e-10
-3.35901e-10-1.01661e-10 1.19460e-10 3.20659e-10 5.01714e-10 6.68096e-10
 8.28439e-10 9.90351e-10 1.15606e-09 1.32015e-09 1.47081e-09 1.59374e-09
 1.67546e-09 1.70367e-09 1.66598e-09 1.55047e-09 1.34984e-09 1.06719e-09
 7.18832e-10 3.31738e-10-6.31590e-11-4.38327e-10-7.75072e-10-1.06616e-09
-1.31509e-09-1.53113e-09-1.72145e-09-1.88518e-09-2.01363e-09-2.09571e-09
-2.12265e-09-2.08780e-09-1.98242e-09-1.79281e-09-1.50332e-09-1.10476e-09
-6.03262e-10-2.42640e-11 5.90213e-10 1.18974e-09 1.72616e-09 2.16377e-09
 2.48548e-09 2.69127e-09 2.78952e-09 2.78724e-09 2.68701e-09 2.49175e-09
 2.21091e-09 1.86031e-09 1.45515e-09 1.00260e-09 5.00227e-10-5.88863e-11
-6.78139e-10-1.35043e-09-2.05449e-09-2.75576e-09-3.41150e-09-3.97827e-09
-4.41756e-09-4.69569e-09-4.77862e-09-4.62809e-09-4.20614e-09-3.48825e-09
-2.47710e-09-1.20774e-09 2.57418e-10 1.83690e-09 3.43644e-09 4.95454e-09
 6.29135e-09 7.36066e-09 8.10086e-09 8.48173e-09 8.50722e-09 8.21338e-09
 7.65878e-09 6.90740e-09 6.01005e-09 4.99345e-09 3.86179e-09 2.60639e-09
 1.21521e-09-3.21559e-10-2.00688e-09-3.82886e-09-5.75077e-09-7.70747e-09
-9.61381e-09-1.13813e-08-1.29328e-08-1.42099e-08-1.51741e-08-1.58035e-08
-1.60856e-08-1.60063e-08-1.55441e-08-1.46754e-08-1.33863e-08-1.16789e-08
-9.56930e-09-7.08386e-09-4.26347e-09-1.17219e-09 2.10098e-09 5.45244e-09
 8.77966e-09 1.19914e-08 1.50084e-08 1.77589e-08 2.01741e-08 2.21854e-08
 2.37231e-08 2.47172e-08 2.51066e-08 2.48520e-08 2.39445e-08 2.24041e-08
 2.02733e-08 1.76146e-08 1.45111e-08 1.10590e-08 7.35059e-09 3.46245e-09
-5.39548e-10-4.58240e-09-8.57402e-09-1.24057e-08-1.59612e-08-1.91212e-08
-2.17658e-08-2.37779e-08-2.50510e-08-2.54960e-08-2.50492e-08-2.36825e-08
-2.14126e-08-1.82999e-08-1.44376e-08-9.94215e-09-4.95405e-09 3.52676e-10
 5.76655e-09 1.10545e-08 1.59986e-08 2.04420e-08 2.43275e-08 2.77206e-08
 3.08144e-08 3.39073e-08 3.73450e-08 4.14220e-08 4.62456e-08 5.15771e-08
 5.66750e-08 6.01878e-08 6.01538e-08 5.41618e-08 3.96972e-08 1.46817e-08
-2.18144e-08-6.87621e-08-1.22426e-07-1.75890e-07-2.19645e-07-2.44306e-07
-2.43120e-07-2.12080e-07-1.52146e-07-7.29820e-08 9.47424e-09 7.85200e-08
 1.20004e-07 1.26408e-07 1.00405e-07 5.44507e-08 6.86453e-09-2.51023e-08
-3.23857e-08-1.68024e-08 1.20039e-08 4.30893e-08 7.00166e-08 9.18934e-08
 1.09545e-07 1.21386e-07 1.23812e-07 1.16394e-07 1.06930e-07 1.11100e-07
 1.45084e-07 2.13523e-07 3.00228e-07 3.71122e-07 3.93754e-07 3.59668e-07
 2.82338e-07 1.72573e-07 2.81377e-08-1.52513e-07-3.58369e-07-5.66397e-07
-7.46636e-07-8.67949e-07-9.03414e-07-8.36787e-07-6.70024e-07-4.26130e-07
-1.43891e-07 1.33127e-07 3.67590e-07 5.34929e-07 6.25052e-07 6.39913e-07
 5.88886e-07 4.85203e-07 3.45278e-07 1.90754e-07 4.90216e-08-5.31616e-08
-1.01989e-07-1.06500e-07-9.46057e-08-9.22543e-08-1.01793e-07-1.03184e-07
-8.06210e-08-4.47511e-08-2.06949e-08-1.66653e-08-1.75189e-08-1.07235e-08
-2.41975e-09-1.30625e-09-3.51637e-09-3.14501e-09-2.67470e-09-4.47256e-09
-5.49288e-09-5.07372e-09-5.76841e-09-6.81132e-09-6.53823e-09-6.33299e-09
-6.54997e-09-5.78824e-09-4.64537e-09-3.84033e-09-2.50133e-09-9.02977e-10
 2.98461e-10 1.71685e-09 3.23032e-09 4.30185e-09 5.32768e-09 6.18093e-09
 6.50916e-09 6.69023e-09 6.65811e-09 6.24179e-09 5.71710e-09 4.93622e-09
 3.84044e-09 2.66087e-09 1.29490e-09-1.53386e-10-1.48269e-09-2.74317e-09
-3.81110e-09-4.66607e-09-5.38644e-09-5.87882e-09-6.17545e-09-6.26702e-09
-6.08356e-09-5.66587e-09-4.98705e-09-4.07861e-09-3.00576e-09-1.77827e-09
-4.68573e-10 8.77602e-10 2.21482e-09 3.48599e-09 4.65732e-09 5.66480e-09
 6.47750e-09 7.08477e-09 7.47564e-09 7.64407e-09 7.55796e-09 7.19187e-09
 6.54905e-09 5.66501e-09 4.58018e-09 3.32878e-09 1.96236e-09 5.32562e-10
-9.23321e-10-2.36689e-09-3.74853e-09-5.02266e-09-6.15201e-09-7.09728e-09
-7.82369e-09-8.29915e-09-8.48773e-09-8.37296e-09-7.97709e-09-7.33732e-09
-6.48083e-09-5.43357e-09-4.22983e-09-2.90465e-09-1.49396e-09-4.29332e-11
 1.39921e-09 2.78351e-09 4.05147e-09 5.14067e-09 6.00582e-09 6.62120e-09
 6.97692e-09 7.08263e-09 6.95387e-09 6.60006e-09 6.03794e-09 5.29643e-09
 4.40809e-09 3.40520e-09 2.31848e-09 1.18974e-09 8.04441e-11-9.49077e-10
-1.85475e-09-2.60721e-09-3.19608e-09-3.62170e-09-3.87878e-09-3.95945e-09
-3.85774e-09-3.57001e-09-3.10102e-09-2.45953e-09-1.66013e-09-7.40704e-10
 2.43097e-10 1.23616e-09 2.18686e-09 3.04958e-09 3.78523e-09 4.35882e-09
 4.74519e-09 4.92533e-09 4.87407e-09 4.56594e-09 3.99299e-09 3.17159e-09
 2.13987e-09 9.54423e-10-3.19577e-10-1.62159e-09-2.89671e-09-4.09087e-09
-5.15459e-09-6.04768e-09-6.73990e-09-7.21066e-09-7.44103e-09-7.40838e-09
-7.10193e-09-6.54006e-09-5.76550e-09-4.82719e-09-3.77099e-09-2.64164e-09
-1.48034e-09-3.25849e-10 7.71540e-10 1.75283e-09 2.56962e-09 3.18495e-09
 3.57104e-09 3.72686e-09 3.68573e-09 3.50108e-09 3.23798e-09 2.96320e-09
 2.72148e-09 2.53079e-09 2.39431e-09 2.29145e-09 2.17129e-09 1.98067e-09
 1.68927e-09 1.28890e-09 7.97153e-10 2.61390e-10-2.54165e-10-6.67403e-10
-8.61754e-10-7.02474e-10-9.19051e-11 9.79518e-10 2.41403e-09 4.01378e-09
 5.51189e-09 6.62652e-09 7.10992e-09 6.78273e-09 5.57534e-09 3.55873e-09
 9.39624e-10-1.96692e-09-4.78091e-09-7.11038e-09-8.60298e-09-9.01074e-09
-8.25412e-09-6.44545e-09-3.87140e-09-9.37179e-10 1.92216e-09 4.31744e-09
 5.95459e-09 6.67121e-09 6.44608e-09 5.38873e-09 3.71627e-09 1.69611e-09
-4.17435e-10-2.41849e-09-4.16776e-09-5.59085e-09-6.66252e-09-7.39634e-09
-7.82142e-09-7.94807e-09-7.75884e-09-7.22443e-09-6.32676e-09-5.08328e-09
-3.55734e-09-1.85105e-09-9.33502e-11 1.57971e-09 3.05293e-09 4.25173e-09
 5.14769e-09 5.75305e-09 6.10645e-09 6.25512e-09 6.24177e-09 6.09641e-09
 5.83047e-09 5.44066e-09 4.92119e-09 4.27152e-09 3.50444e-09 2.65392e-09
 1.77041e-09 9.09148e-10 1.16217e-10-5.88511e-10-1.21620e-09-1.79745e-09
-2.36813e-09-2.95390e-09-3.55333e-09-4.13101e-09-4.62384e-09-4.95886e-09
-5.07835e-09-4.95437e-09-4.58514e-09-3.98515e-09-3.17769e-09-2.19326e-09
-1.07381e-09 1.22385e-10 1.32098e-09 2.43640e-09 3.37905e-09 4.06637e-09
 4.43675e-09 4.45975e-09 4.13919e-09 3.50722e-09 2.61587e-09 1.53899e-09
 3.83229e-10-7.09538e-10-1.57926e-09-2.08113e-09-2.12470e-09-1.70735e-09
-9.38617e-10-2.43876e-10
     0.0000e+00     0.0000e+00      0  0  0.00
     512   1.00000  0.0000e+00
 2.70195e-10-1.12222e-10-4.83628e-10-7.77987e-10-9.50764e-10-9.96282e-10
-9.48725e-10-8.65831e-10-8.02466e-10-7.86480e-10-8.08025e-10-8.26574e-10
-7.92009e-10-6.70178e-10-4.60766e-10-1.98336e-10 6.42164e-11 2.81035e-10
 4.33977e-10 5.38017e-10 6.29381e-10 7.43196e-10 8.91722e-10 1.05413e-09
 1.18408e-09 1.23175e-09 1.16862e-09 1.00208e-09 7.72671e-10 5.34700e-10
 3.29735e-10 1.67542e-10 2.51302e-11-1.36132e-10-3.45648e-10-6.04635e-10
-8.82575e-10-1.13062e-09-1.30515e-09-1.38868e-09-1.39596e-09-1.36092e-09
-1.31231e-09-1.25314e-09-1.15672e-09-9.81896e-10-6.98828e-10-3.10598e-10
 1.41375e-10 5.91487e-10 9.76184e-10 1.25798e-09 1.43458e-09 1.52939e-09
 1.57035e-09 1.56996e-09 1.51929e-09 1.40038e-09 1.20827e-09 9.65729e-10
 7.18420e-10 5.12168e-10 3.66601e-10 2.60363e-10 1.36068e-10-7.65394e-11
-4.29337e-10-9.31221e-10-1.54208e-09-2.18673e-09-2.77884e-09-3.24034e-09
-3.50783e-09-3.52820e-09-3.25499e-09-2.65657e-09-1.73755e-09-5.61435e-10
 7.43242e-10 2.00345e-09 3.04352e-09 3.73190e-09 4.01516e-09 3.92744e-09
 3.57283e-09 3.08921e-09 2.61028e-09 2.24100e-09 2.04873e-09 2.06083e-09
 2.25987e-09 2.57753e-09 2.89699e-09 3.07257e-09 2.96655e-09 2.49167e-09
 1.64140e-09 4.92522e-10-8.22804e-10-2.16309e-09-3.42099e-09-4.54616e-09
-5.54025e-09-6.43131e-09-7.24438e-09-7.98487e-09-8.63791e-09-9.17354e-09
-9.54678e-09-9.69458e-09-9.54083e-09-9.01619e-09-8.08658e-09-6.77635e-09
-5.17275e-09-3.40555e-09-1.60618e-09 1.36021e-10 1.79705e-09 3.40781e-09
 5.01829e-09 6.65879e-09 8.31846e-09 9.94730e-09 1.14728e-08 1.28170e-08
 1.39049e-08 1.46686e-08 1.50559e-08 1.50454e-08 1.46552e-08 1.39361e-08
 1.29464e-08 1.17240e-08 1.02752e-08 8.58911e-09 6.66967e-09 4.56343e-09
 2.36278e-09 1.79507e-10-1.89587e-09-3.82177e-09-5.60410e-09-7.27265e-09
-8.85433e-09-1.03573e-08-1.17689e-08-1.30619e-08-1.41986e-08-1.51230e-08
-1.57459e-08-1.59442e-08-1.55895e-08-1.45964e-08-1.29585e-08-1.07555e-08
-8.13822e-09-5.30781e-09-2.49996e-09 3.15123e-11 2.03765e-09 3.30528e-09
 3.69010e-09 3.14674e-09 1.75927e-09-2.19235e-10-2.31857e-09-3.81933e-09
-3.78138e-09-1.17562e-09 4.86633e-09 1.47166e-08 2.79030e-08 4.28328e-08
 5.66674e-08 6.54139e-08 6.43150e-08 4.85806e-08 1.52476e-08-3.28811e-08
-8.47889e-08-1.25689e-07-1.45086e-07-1.39751e-07-1.10737e-07-6.19658e-08
-2.79735e-09 5.19768e-08 8.77095e-08 9.69555e-08 8.31509e-08 5.83494e-08
 3.65116e-08 2.62126e-08 2.66804e-08 3.00192e-08 2.84044e-08 2.05622e-08
 1.20873e-08 1.00183e-08 1.75031e-08 3.31842e-08 5.45115e-08 8.05799e-08
 1.11767e-07 1.47753e-07 1.84386e-07 2.08577e-07 1.98237e-07 1.30981e-07
-6.87034e-09-2.12374e-07-4.60459e-07-7.08785e-07-9.04143e-07-9.86663e-07
-9.04171e-07-6.29794e-07-1.75342e-07 3.96139e-07 9.72258e-07 1.41540e-06
 1.59929e-06 1.45091e-06 9.85926e-07 3.19362e-07-3.61748e-07-8.61556e-07
-1.05074e-06-9.21964e-07-5.93114e-07-2.46458e-07-3.21931e-08 1.08483e-08
-3.62874e-08-4.89059e-08 3.43159e-08 1.61276e-07 2.24672e-07 1.76758e-07
 7.77657e-08 2.14760e-08 2.84722e-08 4.26265e-08 2.35206e-08-5.99257e-09
-1.36271e-08-8.05727e-09-9.42613e-09-1.30642e-08-1.01020e-08-7.68277e-09
-9.74857e-09-9.38013e-09-6.64825e-09-6.80414e-09-7.14814e-09-5.14225e-09
-4.26085e-09-4.20900e-09-2.46473e-09-1.06083e-09-6.07157e-10 7.92134e-10
 1.91963e-09 2.09093e-09 2.76243e-09 3.21285e-09 2.99276e-09 3.19208e-09
 3.23787e-09 2.88689e-09 2.89217e-09 2.72664e-09 2.37007e-09 2.29622e-09
 2.01538e-09 1.65818e-09 1.43000e-09 9.58852e-10 5.08340e-10 1.21503e-10
-3.69773e-10-7.07930e-10-1.01974e-09-1.34591e-09-1.55996e-09-1.81578e-09
-2.02090e-09-2.14297e-09-2.23909e-09-2.21494e-09-2.14568e-09-2.02417e-09
-1.81272e-09-1.55269e-09-1.20554e-09-8.08141e-10-3.79133e-10 6.02658e-11
 4.48350e-10 7.89999e-10 1.08328e-09 1.34429e-09 1.58126e-09 1.77475e-09
 1.90762e-09 1.94975e-09 1.89254e-09 1.74674e-09 1.54171e-09 1.30356e-09
 1.01547e-09 6.44702e-10 1.99316e-10-2.64158e-10-6.99673e-10-1.10231e-09
-1.48530e-09-1.85282e-09-2.18696e-09-2.45155e-09-2.61819e-09-2.69361e-09
-2.70401e-09-2.65101e-09-2.50016e-09-2.21957e-09-1.82558e-09-1.37653e-09
-9.06408e-10-3.79996e-10 2.55961e-10 9.85901e-10 1.72236e-09 2.39067e-09
 2.99666e-09 3.60198e-09 4.23997e-09 4.86512e-09 5.38157e-09 5.72250e-09
 5.90540e-09 5.99420e-09 6.00212e-09 5.84924e-09 5.43209e-09 4.73415e-09
 3.84781e-09 2.88274e-09 1.87614e-09 8.02598e-10-3.42750e-10-1.48759e-09
-2.51171e-09-3.32248e-09-3.89694e-09-4.26051e-09-4.43256e-09-4.39044e-09
-4.09094e-09-3.52952e-09-2.76823e-09-1.89890e-09-9.86537e-10-5.58882e-11
 8.73253e-10 1.75265e-09 2.50847e-09 3.06770e-09 3.37709e-09 3.40368e-09
 3.13034e-09 2.54973e-09 1.65823e-09 4.63479e-10-9.98463e-10-2.65476e-09
-4.40945e-09-6.16912e-09-7.85579e-09-9.40260e-09-1.07463e-08-1.18292e-08
-1.26095e-08-1.30657e-08-1.31924e-08-1.30005e-08-1.25069e-08-1.17148e-08
-1.06132e-08-9.20287e-09-7.50727e-09-5.56305e-09-3.42084e-09-1.15538e-09
 1.13934e-09 3.35832e-09 5.38673e-09 7.11480e-09 8.46658e-09 9.41920e-09
 1.00092e-08 1.03231e-08 1.04656e-08 1.05284e-08 1.05879e-08 1.07016e-08
 1.08760e-08 1.10301e-08 1.09926e-08 1.05338e-08 9.43433e-09 7.56649e-09
 4.93648e-09 1.68057e-09-1.93576e-09-5.49924e-09-8.46097e-09-1.02255e-08
-1.03080e-08-8.49339e-09-4.91104e-09-1.11877e-12 5.56889e-09 1.09792e-08
 1.53359e-08 1.78086e-08 1.78357e-08 1.53148e-08 1.06664e-08 4.72598e-09
-1.47434e-09-6.91364e-09-1.07318e-08-1.23560e-08-1.16316e-08-8.90721e-09
-4.98025e-09-8.75484e-10 2.45637e-09 4.37381e-09 4.63868e-09 3.39625e-09
 1.09982e-09-1.59545e-09-3.98880e-09-5.53484e-09-6.01506e-09-5.59130e-09
-4.70889e-09-3.90136e-09-3.59132e-09-3.95829e-09-4.89592e-09-6.05177e-09
-6.93622e-09-7.07785e-09-6.18521e-09-4.26449e-09-1.64280e-09 1.12435e-09
 3.43337e-09 4.83081e-09 5.15114e-09 4.55111e-09 3.44042e-09 2.33690e-09
 1.68990e-09 1.72630e-09 2.37678e-09 3.31349e-09 4.08366e-09 4.28505e-09
 3.71573e-09 2.44971e-09 8.14620e-10-7.28871e-10-1.76347e-09-2.07376e-09
-1.72144e-09-1.01143e-09-3.65353e-10-1.52837e-10-5.46653e-10-1.45611e-09
-2.56339e-09-3.44985e-09-3.76223e-09-3.35399e-09-2.34545e-09-1.07563e-09
 3.80224e-11 6.73694e-10 7.34525e-10 3.77332e-10-6.60245e-11-2.38470e-10
 8.29866e-11 8.83040e-10 1.90623e-09 2.76288e-09 3.09631e-09 2.73781e-09
 1.78119e-09 5.43272e-10-5.70718e-10-1.23478e-09-1.32911e-09-9.73620e-10
-4.58814e-10-1.02451e-10
     0.0000e+00     0.0000e+00      0  0  0.00
     512   1.00000  0.0000e+00
 2.81287e-11 3.53560e-10 7.32645e-10 1.11335e-09 1.42488e-09 1.59972e-09
 1.59786e-09 1.41979e-09 1.10366e-09 7.12243e-10 3.17140e-10-1.64358e-11
-2.43157e-10-3.46286e-10-3.36866e-10-2.43492e-10-9.98860e-11 6.21139e-11
 2.12872e-10 3.22738e-10 3.62090e-10 3.05191e-10 1.35986e-10-1.45454e-10
-5.15126e-10-9.18239e-10-1.27154e-09-1.48305e-09-1.48659e-09-1.27387e-09
-9.03780e-10-4.81638e-10-1.18668e-10 1.08396e-10 1.80446e-10 1.35249e-10
 4.58629e-11-1.29110e-11 4.14811e-12 1.00475e-10 2.52044e-10 4.35963e-10
 6.48606e-10 8.96800e-10 1.16922e-09 1.41384e-09 1.54430e-09 1.47640e-09
 1.17387e-09 6.76378e-10 9.39734e-11-4.30294e-10-7.74619e-10-8.87250e-10
-8.06431e-10-6.38094e-10-5.01125e-10-4.72383e-10-5.64650e-10-7.45210e-10
-9.71534e-10-1.21169e-09-1.43717e-09-1.60334e-09-1.64204e-09-1.47788e-09
-1.06126e-09-4.00974e-10 4.20458e-10 1.25996e-09 1.95639e-09 2.38803e-09
 2.51719e-09 2.39521e-09 2.12451e-09 1.80394e-09 1.49291e-09 1.21075e-09
 9.56520e-10 7.23339e-10 4.97355e-10 2.52586e-10-4.46382e-11-4.21552e-10
-8.84517e-10-1.41049e-09-1.94535e-09-2.41223e-09-2.73424e-09-2.86639e-09
-2.81790e-09-2.64743e-09-2.43294e-09-2.23798e-09-2.09519e-09-2.00747e-09
-1.95277e-09-1.88498e-09-1.73922e-09-1.45233e-09-9.92517e-10-3.77201e-10
 3.34670e-10 1.06650e-09 1.74512e-09 2.31237e-09 2.73415e-09 3.00887e-09
 3.16619e-09 3.25108e-09 3.30493e-09 3.35825e-09 3.43173e-09 3.52982e-09
 3.62489e-09 3.65318e-09 3.54164e-09 3.25295e-09 2.81310e-09 2.30147e-09
 1.81865e-09 1.46098e-09 1.31019e-09 1.42264e-09 1.80515e-09 2.38756e-09
 3.01121e-09 3.43875e-09 3.37805e-09 2.52233e-09 6.19524e-10-2.42869e-09
-6.46523e-09-1.10140e-08-1.52918e-08-1.83233e-08-1.91522e-08-1.71033e-08
-1.20200e-08-4.39133e-09 4.69871e-09 1.38010e-08 2.14296e-08 2.63809e-08
 2.79639e-08 2.61009e-08 2.12839e-08 1.44005e-08 6.48063e-09-1.55137e-09
-9.03180e-09-1.55968e-08-2.11434e-08-2.57521e-08-2.95799e-08-3.27444e-08
-3.52478e-08-3.69797e-08-3.77867e-08-3.75575e-08-3.62873e-08-3.41169e-08
-3.13619e-08-2.85279e-08-2.62862e-08-2.53805e-08-2.64383e-08-2.96915e-08
-3.46518e-08-3.98365e-08-4.26453e-08-3.94609e-08-2.60197e-08 1.89622e-09
 4.74117e-08 1.11214e-07 1.90126e-07 2.75914e-07 3.54835e-07 4.08897e-07
 4.19141e-07 3.70913e-07 2.61737e-07 1.06640e-07-6.60293e-08-2.22356e-07
-3.28967e-07-3.63137e-07-3.23443e-07-2.31682e-07-1.25297e-07-4.32550e-08
-1.07913e-08-3.05606e-08-8.46089e-08-1.46134e-07-1.93460e-07-2.16470e-07
-2.13067e-07-1.82369e-07-1.23617e-07-4.40212e-08 3.13632e-08 6.02917e-08
 4.13219e-09-1.37045e-07-3.02680e-07-3.93016e-07-3.35591e-07-1.45768e-07
 9.17919e-08 3.02575e-07 4.60249e-07 5.60448e-07 5.95624e-07 5.56955e-07
 4.46894e-07 2.87536e-07 1.15542e-07-2.65829e-08-9.54778e-08-6.05373e-08
 7.33318e-08 2.51636e-07 3.81919e-07 3.72485e-07 1.80295e-07-1.56284e-07
-5.21093e-07-7.67063e-07-7.88832e-07-5.85372e-07-2.70538e-07-1.04314e-08
 8.24003e-08 2.54811e-08-5.38822e-08-3.49453e-08 8.23781e-08 1.85000e-07
 1.77684e-07 9.05817e-08 2.97103e-08 3.83496e-08 6.14833e-08 4.81397e-08
 2.01736e-08 1.35987e-08 1.81032e-08 1.32109e-08 7.76826e-09 1.05394e-08
 1.08416e-08 6.25192e-09 5.94498e-09 7.48107e-09 5.09683e-09 3.68243e-09
 4.58371e-09 2.96894e-09 8.81927e-10 7.59324e-10-5.33530e-10-2.23726e-09
-2.28460e-09-3.00010e-09-4.21855e-09-4.30612e-09-4.74761e-09-5.23483e-09
-4.68465e-09-4.45414e-09-4.35249e-09-3.78966e-09-3.64383e-09-3.31450e-09
-2.43416e-09-1.59711e-09-3.32640e-10 1.10368e-09 2.13982e-09 3.05777e-09
 3.56104e-09 3.69388e-09 3.84195e-09 3.81936e-09 3.80406e-09 3.77461e-09
 3.48621e-09 3.06765e-09 2.41631e-09 1.57782e-09 6.76738e-10-3.44145e-10
-1.35059e-09-2.33055e-09-3.27519e-09-4.10652e-09-4.81213e-09-5.29393e-09
-5.56559e-09-5.69537e-09-5.71933e-09-5.64764e-09-5.38859e-09-4.87195e-09
-4.09328e-09-3.12358e-09-2.05691e-09-9.49730e-10 1.48573e-10 1.21077e-09
 2.22850e-09 3.19652e-09 4.10431e-09 4.93863e-09 5.67747e-09 6.27752e-09
 6.69393e-09 6.88512e-09 6.80866e-09 6.45473e-09 5.87595e-09 5.15764e-09
 4.37346e-09 3.57518e-09 2.78583e-09 1.98821e-09 1.14415e-09 2.37535e-10
-6.98832e-10-1.58519e-09-2.32201e-09-2.83801e-09-3.11771e-09-3.17614e-09
-3.03602e-09-2.74688e-09-2.38802e-09-2.03544e-09-1.73654e-09-1.50206e-09
-1.31752e-09-1.16768e-09-1.05159e-09-9.97298e-10-1.06268e-09-1.29768e-09
-1.70946e-09-2.25698e-09-2.85838e-09-3.41788e-09-3.86043e-09-4.14848e-09
-4.29063e-09-4.33548e-09-4.34135e-09-4.35104e-09-4.37915e-09-4.40915e-09
-4.40914e-09-4.34160e-09-4.16469e-09-3.85082e-09-3.40200e-09-2.84413e-09
-2.20789e-09-1.49499e-09-6.56651e-10 3.80713e-10 1.65783e-09 3.14072e-09
 4.72548e-09 6.27968e-09 7.68484e-09 8.84997e-09 9.70136e-09 1.01817e-08
 1.02676e-08 9.97711e-09 9.35495e-09 8.44650e-09 7.27768e-09 5.86256e-09
 4.24592e-09 2.53798e-09 8.97477e-10-5.24073e-10-1.62949e-09-2.38837e-09
-2.82605e-09-2.99474e-09-2.93719e-09-2.67879e-09-2.24092e-09-1.64050e-09
-8.96969e-10-6.09308e-11 7.79974e-10 1.52711e-09 2.09059e-09 2.40553e-09
 2.45383e-09 2.26022e-09 1.86920e-09 1.33563e-09 7.05383e-10-2.86822e-11
-9.36980e-10-2.10427e-09-3.57333e-09-5.30648e-09-7.17262e-09-8.99786e-09
-1.06459e-08-1.20344e-08-1.30869e-08-1.36948e-08-1.37245e-08-1.30530e-08
-1.16223e-08-9.50352e-09-6.91700e-09-4.18283e-09-1.63834e-09 4.54077e-10
 1.98978e-09 3.04509e-09 3.82404e-09 4.56296e-09 5.44621e-09 6.57872e-09
 7.99050e-09 9.61830e-09 1.12845e-08 1.27114e-08 1.35697e-08 1.35626e-08
 1.25229e-08 1.04808e-08 7.68728e-09 4.56761e-09 1.61378e-09-7.26503e-10
-2.14918e-09-2.57344e-09-2.15802e-09-1.24485e-09-2.46398e-10 4.87085e-10
 7.53497e-10 5.21695e-10-7.74270e-11-7.92499e-10-1.33465e-09-1.48189e-09
-1.16809e-09-5.12189e-10 2.26619e-10 7.36026e-10 7.50707e-10 1.47756e-10
-9.90799e-10-2.37877e-09-3.60618e-09-4.28040e-09-4.17100e-09-3.29370e-09
-1.89919e-09-3.86249e-10 8.23882e-10 1.42298e-09 1.31238e-09 6.17461e-10
-3.78570e-10-1.35112e-09-2.04947e-09-2.36465e-09-2.34122e-09-2.13641e-09
-1.93359e-09-1.84679e-09-1.86552e-09-1.86283e-09-1.65631e-09-1.08942e-09
-1.04946e-10 1.20105e-09 2.56832e-09 3.63133e-09 4.04050e-09 3.60290e-09
 2.38054e-09 6.95778e-10-9.66816e-10-2.12688e-09-2.47527e-09-1.97770e-09
-8.79305e-10 3.92908e-10 1.39556e-09 1.83944e-09 1.68826e-09 1.13098e-09
 4.48047e-10-1.37430e-10-5.34947e-10-7.62913e-10-8.64006e-10-8.22897e-10
-5.39177e-10-1.59561e-10
     0.0000e+00     0.0000e+00      0  0  0.00
     512   1.00000  0.0000e+00
 4.58457e-11 8.17917e-11 8.35499e-11 3.90704e-11-5.22637e-11-1.75846e-10
-3.03329e-10-4.00395e-10-4.38548e-10-4.05161e-10-3.07158e-10-1.67412e-10
-1.53337e-11 1.24548e-10 2.40753e-10 3.36083e-10 4.21619e-10 5.06843e-10
 5.91720e-10 6.64985e-10 7.08763e-10 7.07165e-10 6.54987e-10 5.61567e-10
 4.47103e-10 3.33409e-10 2.34078e-10 1.49024e-10 6.60483e-11-3.14087e-11
-1.54058e-10-2.99193e-10-4.50230e-10-5.83905e-10-6.80514e-10-7.31426e-10
-7.40826e-10-7.21468e-10-6.86556e-10-6.42261e-10-5.85456e-10-5.08162e-10
-4.05844e-10-2.83980e-10-1.58375e-10-4.89514e-11 2.97085e-11 7.62877e-11
 1.04657e-10 1.37877e-10 1.97207e-10 2.92424e-10 4.18437e-10 5.58740e-10
 6.92801e-10 8.03470e-10 8.80729e-10 9.19711e-10 9.14905e-10 8.56237e-10
 7.31502e-10 5.34340e-10 2.72908e-10-2.60097e-11-3.20472e-10-5.64125e-10
-7.20474e-10-7.74555e-10-7.36523e-10-6.36357e-10-5.14143e-10-4.11169e-10
-3.63964e-10-4.00536e-10-5.37032e-10-7.72896e-10-1.08392e-09-1.41659e-09
-1.69018e-09-1.81031e-09-1.69094e-09-1.27771e-09-5.65189e-10 3.97412e-10
 1.51416e-09 2.66148e-09 3.71101e-09 4.54873e-09 5.08763e-09 5.27633e-09
 5.10511e-09 4.60732e-09 3.85332e-09 2.93617e-09 1.95116e-09 9.73965e-10
 4.46154e-11-8.35278e-10-1.69056e-09-2.55220e-09-3.43802e-09-4.34120e-09
-5.22950e-09-6.05436e-09-6.76472e-09-7.31856e-09-7.68832e-09-7.86211e-09
-7.84457e-09-7.65621e-09-7.32756e-09-6.88747e-09-6.35042e-09-5.70832e-09
-4.93092e-09-3.97618e-09-2.80911e-09-1.42140e-09 1.58579e-10 1.87068e-09
 3.63827e-09 5.38522e-09 7.04831e-09 8.58248e-09 9.95885e-09 1.11585e-08
 1.21671e-08 1.29715e-08 1.35563e-08 1.39010e-08 1.39802e-08 1.37735e-08
 1.32791e-08 1.25252e-08 1.15683e-08 1.04753e-08 9.29409e-09 8.02903e-09
 6.63770e-09 5.05429e-09 3.22715e-09 1.15144e-09-1.11717e-09-3.47031e-09
-5.77227e-09-7.89635e-09-9.76096e-09-1.13510e-08-1.27160e-08-1.39463e-08
-1.51372e-08-1.63517e-08-1.75924e-08-1.87890e-08-1.98069e-08-2.04739e-08
-2.06157e-08-2.00918e-08-1.88270e-08-1.68376e-08-1.42578e-08-1.13697e-08
-8.62539e-09-6.63906e-09-6.12333e-09-7.76119e-09-1.20182e-08-1.89098e-08
-2.77571e-08-3.69971e-08-4.41206e-08-4.58144e-08-3.83645e-08-1.83558e-08
 1.63513e-08 6.54693e-08 1.25171e-07 1.87257e-07 2.39582e-07 2.69843e-07
 2.70576e-07 2.39051e-07 1.75188e-07 8.44283e-08-2.02840e-08-1.22078e-07
-2.04075e-07-2.53098e-07-2.64577e-07-2.44763e-07-2.07916e-07-1.70058e-07
-1.41692e-07-1.23162e-07-1.06625e-07-8.40508e-08-5.53870e-08-3.03717e-08
-2.16016e-08-3.42302e-08-6.15903e-08-8.96797e-08-1.05219e-07-1.00965e-07
-7.62975e-08-3.57840e-08 1.28223e-08 6.44288e-08 1.24852e-07 2.09977e-07
 3.30846e-07 4.79671e-07 6.31590e-07 7.54133e-07 8.11836e-07 7.70639e-07
 6.07772e-07 3.21388e-07-6.37288e-08-4.94114e-07-8.93761e-07-1.18078e-06
-1.28897e-06-1.18789e-06-8.96325e-07-4.82375e-07-4.61141e-08 3.11214e-07
 5.20864e-07 5.69184e-07 4.97347e-07 3.76332e-07 2.69397e-07 2.02955e-07
 1.62990e-07 1.18606e-07 5.44001e-08-1.51428e-08-6.12150e-08-6.99663e-08
-5.49026e-08-4.00692e-08-3.54466e-08-3.34628e-08-2.60185e-08-1.57250e-08
-8.81017e-09-5.68636e-09-3.35668e-09-1.24950e-09-8.74159e-11 8.26435e-10
 2.03460e-09 2.86014e-09 3.14130e-09 3.36429e-09 3.38453e-09 2.98352e-09
 2.49991e-09 2.02319e-09 1.39344e-09 7.85625e-10 2.90633e-10-2.30850e-10
-7.04289e-10-1.05962e-09-1.39153e-09-1.65712e-09-1.81554e-09-1.94551e-09
-2.03230e-09-2.07088e-09-2.12566e-09-2.18511e-09-2.25689e-09-2.37823e-09
-2.52001e-09-2.67298e-09-2.83226e-09-2.95628e-09-3.03450e-09-3.05307e-09
-2.99287e-09-2.86191e-09-2.64936e-09-2.34625e-09-1.96088e-09-1.49688e-09
-9.71224e-10-3.99054e-10 2.08049e-10 8.28202e-10 1.44708e-09 2.05217e-09
 2.62509e-09 3.13813e-09 3.56124e-09 3.88438e-09 4.10399e-09 4.21187e-09
 4.20593e-09 4.08677e-09 3.84858e-09 3.48573e-09 3.01230e-09 2.45687e-09
 1.84478e-09 1.19888e-09 5.36402e-10-1.32662e-10-7.90118e-10-1.41006e-09
-1.97838e-09-2.48503e-09-2.90209e-09-3.19933e-09-3.37063e-09-3.42294e-09
-3.35927e-09-3.18650e-09-2.91302e-09-2.53870e-09-2.07541e-09-1.56390e-09
-1.04550e-09-5.31802e-10-1.47090e-11 5.05747e-10 1.00601e-09 1.44078e-09
 1.76655e-09 1.97522e-09 2.08971e-09 2.12114e-09 2.05583e-09 1.88176e-09
 1.60602e-09 1.25730e-09 8.75879e-10 4.87759e-10 9.75150e-11-2.91256e-10
-6.57146e-10-9.58029e-10-1.15352e-09-1.22882e-09-1.18336e-09-1.01469e-09
-7.21850e-10-3.08292e-10 2.09072e-10 7.93868e-10 1.41039e-09 2.03387e-09
 2.63589e-09 3.18075e-09 3.63076e-09 3.94906e-09 4.10989e-09 4.10092e-09
 3.91378e-09 3.54515e-09 3.00066e-09 2.29396e-09 1.45332e-09 5.18046e-10
-4.81543e-10-1.52191e-09-2.56635e-09-3.56623e-09-4.47238e-09-5.23989e-09
-5.83579e-09-6.24008e-09-6.43977e-09-6.43031e-09-6.21689e-09-5.81575e-09
-5.25826e-09-4.58063e-09-3.81160e-09-2.97837e-09-2.11086e-09-1.23987e-09
-4.03015e-10 3.60991e-10 1.02883e-09 1.58519e-09 2.00829e-09 2.27962e-09
 2.38867e-09 2.32483e-09 2.09034e-09 1.71121e-09 1.22111e-09 6.60431e-10
 9.30911e-11-4.03702e-10-7.63993e-10-9.41669e-10-9.18003e-10-7.11559e-10
-3.69473e-10 4.70608e-11 4.59938e-10 7.78164e-10 9.32570e-10 9.09375e-10
 7.51973e-10 5.47644e-10 4.14444e-10 4.80525e-10 8.61929e-10 1.64629e-09
 2.85873e-09 4.40617e-09 6.05692e-09 7.48777e-09 8.35406e-09 8.35135e-09
 7.27825e-09 5.08622e-09 1.90710e-09-1.92420e-09-5.88265e-09-9.33945e-09
-1.16883e-08-1.24647e-08-1.14367e-08-8.64892e-09-4.43193e-09 6.26550e-10
 5.76780e-09 1.01970e-08 1.32395e-08 1.44831e-08 1.38487e-08 1.15716e-08
 8.13608e-09 4.17014e-09 3.13836e-10-2.90341e-09-5.16008e-09-6.39282e-09
-6.76864e-09-6.59710e-09-6.21832e-09-5.89620e-09-5.75618e-09-5.77371e-09
-5.79757e-09-5.61660e-09-5.05426e-09-4.04394e-09-2.66678e-09-1.13952e-09
 2.57449e-10 1.27296e-09 1.75840e-09 1.71548e-09 1.30057e-09 7.74551e-10
 4.22367e-10 4.63091e-10 9.73972e-10 1.86670e-09 2.92259e-09 3.86542e-09
 4.45448e-09 4.56270e-09 4.20559e-09 3.52466e-09 2.73344e-09 2.03336e-09
 1.53929e-09 1.24637e-09 1.03788e-09 7.37335e-10 1.91435e-10-6.60557e-10
-1.75582e-09-2.91944e-09-3.92391e-09-4.57238e-09-4.76366e-09-4.52229e-09
-3.98513e-09-3.34155e-09-2.75609e-09-2.30777e-09-1.96392e-09-1.60238e-09
-1.07585e-09-2.85432e-10 7.63595e-10 1.94447e-09 3.04526e-09 3.84214e-09
 4.17378e-09 3.99284e-09 3.37622e-09 2.48745e-09 1.51385e-09 6.07855e-10
-1.47497e-10-7.32615e-10-1.15155e-09-1.39247e-09-1.41396e-09-1.16787e-09
-6.62407e-10-1.75977e-10
     0.0000e+00     0.0000e+00      0  0  0.00
     512   1.00000  0.0000e+00
 3.23161e-10 2.15992e-10 6.70732e-11-1.04292e-10-2.68759e-10-3.94558e-10
-4.57802e-10-4.51065e-10-3.86009e-10-2.88450e-10-1.88107e-10-1.07560e-10
-5.51839e-11-2.52521e-11-4.37894e-12 1.97794e-11 5.16854e-11 8.58040e-11
 1.10357e-10 1.15015e-10 9.79899e-11 6.83369e-11 4.19852e-11 3.33261e-11
 4.67441e-11 7.27597e-11 9.12431e-11 8.06190e-11 2.86744e-11-6.05022e-11
-1.66973e-10-2.62534e-10-3.21861e-10-3.32223e-10-2.97174e-10-2.32296e-10
-1.55468e-10-7.75508e-11 1.10779e-12 8.71159e-11 1.86444e-10 2.97541e-10
 4.09211e-10 5.04673e-10 5.69472e-10 5.98294e-10 5.96274e-10 5.73703e-10
 5.37259e-10 4.83326e-10 3.97953e-10 2.64422e-10 7.50733e-11-1.59335e-10
-4.08867e-10-6.33380e-10-7.96528e-10-8.77851e-10-8.77995e-10-8.15810e-10
-7.19487e-10-6.16355e-10-5.26277e-10-4.60551e-10-4.23794e-10-4.14336e-10
-4.21227e-10-4.20206e-10-3.73295e-10-2.35548e-10 3.06979e-11 4.38257e-10
 9.61847e-10 1.53606e-09 2.06663e-09 2.45139e-09 2.60360e-09 2.47078e-09
 2.04473e-09 1.36141e-09 4.93606e-10-4.59434e-10-1.38341e-09-2.16311e-09
-2.70060e-09-2.93439e-09-2.85340e-09-2.50001e-09-1.96039e-09-1.34390e-09
-7.56830e-10-2.79020e-10 4.93783e-11 2.27830e-10 2.85081e-10 2.64866e-10
 2.13048e-10 1.68609e-10 1.58626e-10 1.95814e-10 2.77426e-10 3.86862e-10
 5.00323e-10 5.97526e-10 6.71276e-10 7.30656e-10 7.96408e-10 8.90546e-10
 1.02376e-09 1.18577e-09 1.34445e-09 1.45571e-09 1.47928e-09 1.39170e-09
 1.19104e-09 8.94271e-10 5.31026e-10 1.35606e-10-2.61671e-10-6.42304e-10
-1.00472e-09-1.36509e-09-1.75152e-09-2.18949e-09-2.68050e-09-3.18132e-09
-3.59263e-09-3.76342e-09-3.51332e-09-2.67037e-09-1.11721e-09 1.16291e-09
 4.04580e-09 7.23812e-09 1.02820e-08 1.26219e-08 1.37331e-08 1.32701e-08
 1.11743e-08 7.70810e-09 3.40739e-09-1.03411e-09-4.91951e-09-7.70378e-09
-9.10792e-09-9.16366e-09-8.18145e-09-6.65338e-09-5.11655e-09-4.01677e-09
-3.62064e-09-4.00013e-09-5.07085e-09-6.64832e-09-8.50181e-09-1.03988e-08
-1.21356e-08-1.35557e-08-1.45648e-08-1.51478e-08-1.53849e-08-1.54539e-08
-1.56103e-08-1.61356e-08-1.72571e-08-1.90479e-08-2.13289e-08-2.35924e-08
-2.49635e-08-2.42170e-08-1.98834e-08-1.04751e-08 5.16289e-09 2.74091e-08
 5.53903e-08 8.65644e-08 1.16494e-07 1.38949e-07 1.47225e-07 1.37637e-07
 1.11467e-07 7.22344e-08 2.48137e-08-2.21713e-08-5.84813e-08-7.68132e-08
-7.45349e-08-5.43459e-08-2.36043e-08 7.97532e-09 3.09419e-08 3.95387e-08
 3.43304e-08 2.10717e-08 6.44595e-09-6.12234e-09-1.80153e-08-3.33611e-08
-5.48047e-08-8.07687e-08-1.06773e-07-1.29290e-07-1.47992e-07-1.65032e-07
-1.84097e-07-2.10264e-07-2.47964e-07-2.95937e-07-3.43640e-07-3.73612e-07
-3.66138e-07-3.01562e-07-1.64381e-07 4.87558e-08 3.24130e-07 6.31359e-07
 9.25132e-07 1.14979e-06 1.24985e-06 1.18374e-06 9.36993e-07 5.32444e-07
 3.29453e-08-4.68519e-07-8.71060e-07-1.09458e-06-1.10568e-06-9.29850e-07
-6.42287e-07-3.38900e-07-9.88286e-08 4.39444e-08 1.05309e-07 1.29348e-07
 1.53599e-07 1.84887e-07 2.02655e-07 1.85579e-07 1.36718e-07 8.25445e-08
 4.77021e-08 3.38836e-08 2.57802e-08 1.34134e-08 1.11677e-09-4.28576e-09
-4.27780e-09-3.92685e-09-4.06822e-09-3.28792e-09-2.20155e-09-1.68099e-09
-9.70618e-10 2.11614e-10 1.11125e-09 1.75753e-09 2.55053e-09 3.13098e-09
 3.32030e-09 3.42206e-09 3.31329e-09 2.81987e-09 2.17531e-09 1.40107e-09
 4.11101e-10-5.88864e-10-1.52033e-09-2.43040e-09-3.20051e-09-3.80729e-09
-4.28137e-09-4.52031e-09-4.51850e-09-4.31798e-09-3.88962e-09-3.30007e-09
-2.63406e-09-1.92006e-09-1.21249e-09-5.12391e-10 1.97451e-10 8.82819e-10
 1.53568e-09 2.13397e-09 2.62795e-09 2.99241e-09 3.20389e-09 3.26761e-09
 3.20414e-09 3.00730e-09 2.68034e-09 2.23715e-09 1.69715e-09 1.08287e-09
 4.10832e-10-2.84895e-10-9.70897e-10-1.63324e-09-2.25978e-09-2.83291e-09
-3.32488e-09-3.70661e-09-3.95994e-09-4.08152e-09-4.07480e-09-3.93768e-09
-3.67298e-09-3.28861e-09-2.78242e-09-2.15591e-09-1.43590e-09-6.57886e-10
 1.56991e-10 9.85523e-10 1.78933e-09 2.53557e-09 3.20642e-09 3.78824e-09
 4.27011e-09 4.63895e-09 4.87175e-09 4.95264e-09 4.88634e-09 4.67746e-09
 4.31532e-09 3.79247e-09 3.12400e-09 2.34343e-09 1.49455e-09 6.23473e-10
-2.42180e-10-1.09877e-09-1.93714e-09-2.72465e-09-3.42217e-09-4.00079e-09
-4.44676e-09-4.75588e-09-4.91086e-09-4.87996e-09-4.65095e-09-4.24399e-09
-3.69393e-09-3.03262e-09-2.27980e-09-1.45470e-09-5.89885e-10 2.79403e-10
 1.11968e-09 1.89342e-09 2.56802e-09 3.11550e-09 3.50350e-09 3.70777e-09
 3.72434e-09 3.56766e-09 3.26472e-09 2.83610e-09 2.29221e-09 1.65814e-09
 9.74127e-10 2.74094e-10-4.16645e-10-1.07454e-09-1.67017e-09-2.16614e-09
-2.53342e-09-2.76173e-09-2.85202e-09-2.81291e-09-2.65831e-09-2.39598e-09
-2.02537e-09-1.55308e-09-9.99612e-10-3.87257e-10 2.65150e-10 9.34159e-10
 1.58807e-09 2.18902e-09 2.70009e-09 3.09671e-09 3.36402e-09 3.48456e-09
 3.43985e-09 3.21792e-09 2.81260e-09 2.22385e-09 1.46802e-09 5.87536e-10
-3.57440e-10-1.30013e-09-2.16397e-09-2.87122e-09-3.36449e-09-3.60754e-09
-3.57838e-09-3.28089e-09-2.75190e-09-2.05191e-09-1.26146e-09-4.73210e-10
 2.33481e-10 8.02165e-10 1.19441e-09 1.40979e-09 1.50589e-09 1.57839e-09
 1.72951e-09 2.04414e-09 2.55404e-09 3.20957e-09 3.88886e-09 4.41769e-09
 4.58275e-09 4.16515e-09 3.00033e-09 1.03610e-09-1.63440e-09-4.76427e-09
-7.97003e-09-1.07793e-08-1.26928e-08-1.32622e-08-1.21971e-08-9.46148e-09
-5.31302e-09-2.78875e-10 4.93254e-09 9.55770e-09 1.29004e-08 1.44493e-08
 1.39796e-08 1.16058e-08 7.77337e-09 3.17449e-09-1.40426e-09-5.23459e-09
-7.76980e-09-8.73851e-09-8.17705e-09-6.39771e-09-3.90592e-09-1.26277e-09
 1.05686e-09 2.75568e-09 3.74999e-09 4.14010e-09 4.13186e-09 3.95494e-09
 3.78332e-09 3.67048e-09 3.53901e-09 3.22377e-09 2.54727e-09 1.40854e-09
-1.55561e-10-1.96444e-09-3.73167e-09-5.13675e-09-5.91594e-09-5.93904e-09
-5.24851e-09-4.05081e-09-2.65428e-09-1.37068e-09-4.21186e-10 1.19987e-10
 3.30966e-10 3.94394e-10 5.17770e-10 8.55078e-10 1.44648e-09 2.19868e-09
 2.92383e-09 3.41358e-09 3.51650e-09 3.19689e-09 2.54707e-09 1.74852e-09
 1.00586e-09 4.73401e-10 1.99351e-10 1.16132e-10 7.70431e-11-7.85337e-11
-4.51410e-10-1.03332e-09-1.70575e-09-2.28331e-09-2.58527e-09-2.50857e-09
-2.07086e-09-1.40633e-09-7.17075e-10-1.96904e-10 4.26310e-11 1.03591e-11
-1.77607e-10-3.53480e-10-3.73051e-10-1.76906e-10 1.89794e-10 6.02726e-10
 9.16251e-10 1.02930e-09 9.27207e-10 6.80215e-10 4.02288e-10 1.89275e-10
 6.76263e-11 1.37360e-11
