      10
(6e12.5)
     0.0000e+00     0.0000e+00      0  0  0.00
     512   1.00000  0.0000e+00
-7.94373e-09-7.84303e-09-7.38341e-09-6.49451e-09-5.13388e-09-3.32957e-09
-1.19815e-09 1.08390e-09 3.33914e-09 5.43989e-09 7.32548e-09 8.99042e-09
 1.04626e-08 1.17802e-08 1.29669e-08 1.40101e-08 1.48547e-08 1.54206e-08
 1.56335e-08 1.54515e-08 1.48704e-08 1.39067e-08 1.25771e-08 1.08977e-08
 8.90204e-09 6.65734e-09 4.26189e-09 1.81785e-09-6.10215e-10-3.02500e-09
-5.48679e-09-8.06480e-09-1.07826e-08-1.35897e-08-1.63643e-08-1.89385e-08
-2.11357e-08-2.28144e-08-2.39041e-08-2.44112e-08-2.43833e-08-2.38547e-08
-2.28131e-08-2.12162e-08-1.90408e-08-1.63272e-08-1.31832e-08-9.74576e-09
-6.12030e-09-2.33562e-09 1.66020e-09 5.96151e-09 1.06471e-08 1.57305e-08
 2.11359e-08 2.67063e-08 3.22344e-08 3.75052e-08 4.23371e-08 4.66157e-08
 5.03098e-08 5.34611e-08 5.61567e-08 5.84961e-08 6.05420e-08 6.22253e-08
 6.32065e-08 6.27605e-08 5.97856e-08 5.30125e-08 4.13901e-08 2.44451e-08
 2.43046e-09-2.35524e-08-5.14153e-08-7.84078e-08-1.01886e-07-1.19921e-07
-1.31692e-07-1.37785e-07-1.40036e-07-1.40841e-07-1.42315e-07-1.45681e-07
-1.51189e-07-1.58742e-07-1.68982e-07-1.84001e-07-2.06745e-07-2.38734e-07
-2.76855e-07-3.10752e-07-3.22363e-07-2.88618e-07-1.87590e-07-6.68575e-09
 2.52127e-07 5.73478e-07 9.29263e-07 1.27443e-06 1.55321e-06 1.71517e-06
 1.70790e-06 1.46613e-06 9.52590e-07 1.99134e-07-7.10227e-07-1.64423e-06
-2.40565e-06-2.77566e-06-2.60029e-06-1.85977e-06-7.18436e-07 4.90081e-07
 1.37999e-06 1.67832e-06 1.34419e-06 5.85669e-07-2.20292e-07-6.92778e-07
-6.46857e-07-1.95933e-07 3.29669e-07 5.97567e-07 4.84144e-07 1.39139e-07
-1.47134e-07-1.76018e-07 1.36677e-08 2.06499e-07 2.19263e-07 6.34413e-08
-8.98896e-08-9.88811e-08 7.65831e-09 8.36194e-08 4.25543e-08-5.18921e-08
-8.20957e-08-2.75877e-08 2.28398e-08 1.78953e-09-4.98844e-08-5.49032e-08
-1.38305e-08 7.59186e-09-1.38880e-08-3.05078e-08-9.94149e-09 1.47201e-08
 9.12194e-09-5.30583e-09 1.96862e-09 1.55488e-08 1.00846e-08-1.48435e-09
 9.29798e-10 5.44107e-09-1.99622e-09-9.34011e-09-7.96911e-09-8.57124e-09
-1.34090e-08-1.30928e-08-9.07655e-09-6.99900e-09-3.67294e-09 2.05816e-09
 6.55222e-09 9.87283e-09 1.27625e-08 1.37611e-08 1.26765e-08 1.00674e-08
 5.94746e-09 7.36264e-10-4.80889e-09-9.99030e-09-1.40679e-08-1.63776e-08
-1.64947e-08-1.42820e-08-9.96949e-09-4.19069e-09 2.11775e-09 7.92003e-09
 1.23045e-08 1.46339e-08 1.46136e-08 1.23363e-08 8.31227e-09 3.42046e-09
-1.27272e-09-4.77128e-09-6.37162e-09-5.79128e-09-3.19901e-09 8.26790e-10
 5.39651e-09 9.47619e-09 1.21015e-08 1.25886e-08 1.07002e-08 6.72170e-09
 1.40570e-09-4.20738e-09-9.03543e-09-1.21924e-08-1.31621e-08-1.19002e-08
-8.86155e-09-4.91708e-09-1.13552e-09 1.50557e-09 2.37187e-09 1.31813e-09
-1.28058e-09-4.61250e-09-7.63600e-09-9.36796e-09-9.15517e-09-6.84101e-09
-2.79832e-09 2.15136e-09 6.91925e-09 1.04362e-08 1.19778e-08 1.13771e-08
 9.03769e-09 5.79011e-09 2.66098e-09 5.89554e-10 1.44463e-10 1.34927e-09
 3.68469e-09 6.24226e-09 7.98886e-09 8.09750e-09 6.23421e-09 2.67077e-09
-1.81331e-09-6.17196e-09-9.39368e-09-1.08029e-08-1.02762e-08-8.27778e-09
-5.69474e-09-3.53698e-09-2.59781e-09-3.17929e-09-4.97927e-09-7.19579e-09
-8.81439e-09-8.96553e-09-7.22759e-09-3.78038e-09 6.40176e-10 4.97587e-09
 8.19808e-09 9.65920e-09 9.31224e-09 7.71045e-09 5.78527e-09 4.48584e-09
 4.41504e-09 5.60437e-09 7.50751e-09 9.19850e-09 9.70663e-09 8.38811e-09
 5.19535e-09 7.22455e-10-3.99504e-09-7.84914e-09-1.00608e-08-1.04520e-08
-9.47497e-09-7.99663e-09-6.92561e-09-6.82276e-09-7.66150e-09-8.84561e-09
-9.46359e-09-8.66963e-09-6.05237e-09-1.83861e-09 3.16970e-09 7.89199e-09
 1.13616e-08 1.30571e-08 1.30442e-08 1.18791e-08 1.03293e-08 9.03841e-09
 8.25714e-09 7.74639e-09 6.90760e-09 5.09596e-09 1.96429e-09-2.32624e-09
-7.11131e-09-1.14372e-08-1.44045e-08-1.54963e-08-1.47378e-08-1.26255e-08
-9.87823e-09-7.12088e-09-4.63209e-09-2.29480e-09 2.18702e-10 3.15106e-09
 6.42543e-09 9.57597e-09 1.18739e-08 1.26115e-08 1.14218e-08 8.47261e-09
 4.42660e-09 1.90469e-10-3.40913e-09-5.87594e-09-7.13191e-09-7.41002e-09
-7.00147e-09-6.01224e-09-4.29848e-09-1.62907e-09 2.03662e-09 6.33898e-09
 1.05005e-08 1.35118e-08 1.44618e-08 1.28935e-08 9.02072e-09 3.67271e-09
-2.01421e-09-6.99909e-09-1.06271e-08-1.26880e-08-1.32759e-08-1.25786e-08
-1.07206e-08-7.73888e-09-3.71213e-09 1.02763e-09 5.75905e-09 9.45921e-09
 1.11387e-08 1.02707e-08 7.07384e-09 2.48958e-09-2.14346e-09-5.56453e-09
-6.99607e-09-6.31468e-09-3.95861e-09-6.60557e-10 2.84507e-09 5.99978e-09
 8.42752e-09 9.82724e-09 9.88041e-09 8.29197e-09 4.98648e-09 3.42184e-10
-4.73260e-09-9.00425e-09-1.13397e-08-1.11500e-08-8.63823e-09-4.73132e-09
-7.21618e-10 2.21800e-09 3.42526e-09 2.88227e-09 1.06394e-09-1.36381e-09
-3.79124e-09-5.74766e-09-6.86289e-09-6.82202e-09-5.40627e-09-2.63344e-09
 1.08821e-09 4.93403e-09 7.86143e-09 8.99553e-09 8.02700e-09 5.39807e-09
 2.14226e-09-5.57118e-10-1.85707e-09-1.55524e-09-8.39680e-11 1.76658e-09
 3.22696e-09 3.81604e-09 3.39380e-09 2.06635e-09 7.54631e-11-2.25440e-09
-4.51212e-09-6.19474e-09-6.79708e-09-6.03647e-09-4.09474e-09-1.67167e-09
 2.55010e-10 8.67144e-10-8.78662e-11-2.14027e-09-4.28471e-09-5.42706e-09
-4.86467e-09-2.56083e-09 9.01207e-10 4.61773e-09 7.72187e-09 9.61871e-09
 1.00502e-08 9.06321e-09 6.97646e-09 4.36874e-09 2.02146e-09 7.28672e-10
 9.86959e-10 2.71331e-09 5.18018e-09 7.25996e-09 7.89630e-09 6.57434e-09
 3.54562e-09-3.12808e-10-3.92710e-09-6.49883e-09-7.76401e-09-7.94558e-09
-7.50827e-09-6.90536e-09-6.44397e-09-6.27163e-09-6.39850e-09-6.68956e-09
-6.85766e-09-6.54002e-09-5.47970e-09-3.72380e-09-1.69700e-09-5.41232e-11
 6.57967e-10 3.51167e-10-4.77373e-10-9.64308e-10-3.38936e-10 1.64882e-09
 4.58276e-09 7.58482e-09 9.72027e-09 1.03600e-08 9.34237e-09 6.94061e-09
 3.73488e-09 4.57283e-10-2.17945e-09-3.67074e-09-3.89285e-09-3.18418e-09
-2.24626e-09-1.84288e-09-2.41949e-09-3.86647e-09-5.59318e-09-6.88410e-09
-7.31221e-09-6.93599e-09-6.16329e-09-5.41255e-09-4.83081e-09-4.23817e-09
-3.27793e-09-1.63833e-09 7.78399e-10 3.79685e-09 7.00754e-09 9.86126e-09
 1.17976e-08 1.24149e-08 1.16544e-08 9.90177e-09 7.89490e-09 6.41405e-09
 5.88130e-09 6.10863e-09 6.38950e-09 5.90660e-09 4.19468e-09 1.36667e-09
-1.99177e-09-5.12699e-09-7.41062e-09-8.49134e-09-8.30998e-09-7.06085e-09
-5.15163e-09-3.13879e-09-1.60081e-09-9.55493e-10-1.25327e-09-1.96532e-09
-1.78368e-09-6.25697e-10
     0.0000e+00     0.0000e+00      0  0  0.00
     512   1.00000  0.0000e+00
-2.05204e-10-2.12076e-10-1.87162e-10-1.09924e-10 2.19422e-11 1.83871e-10
 3.26398e-10 3.88752e-10 3.19607e-10 9.53647e-11-2.73215e-10-7.48757e-10
-1.28457e-09-1.84349e-09-2.41065e-09-2.99120e-09-3.58289e-09-4.12342e-09
-4.43024e-09-4.16785e-09-2.88187e-09-1.26080e-10 4.31673e-09 1.01757e-08
 1.65438e-08 2.20048e-08 2.50300e-08 2.44600e-08 1.98795e-08 1.17829e-08
 1.49004e-09-9.16573e-09-1.82785e-08-2.43042e-08-2.63830e-08-2.44920e-08
-1.94052e-08-1.24694e-08-5.23936e-09 9.41917e-10 5.27070e-09 7.56250e-09
 8.07193e-09 7.23005e-09 5.47237e-09 3.18003e-09 6.79861e-10-1.73763e-09
-3.80831e-09-5.30673e-09-6.07311e-09-6.04100e-09-5.26248e-09-3.92806e-09
-2.36035e-09-9.55296e-10-7.03880e-11 9.92023e-11-4.10461e-10-1.36353e-09
-2.43508e-09-3.32994e-09-3.84828e-09-3.87984e-09-3.34794e-09-2.15096e-09
-1.48792e-10 2.78650e-09 6.66465e-09 1.12339e-08 1.58628e-08 1.96236e-08
 2.17068e-08 2.18969e-08 2.06033e-08 1.84147e-08 1.57290e-08 1.28228e-08
 1.00680e-08 7.89333e-09 6.51515e-09 5.73617e-09 5.10083e-09 4.46712e-09
 4.63860e-09 7.45943e-09 1.49955e-08 2.79465e-08 4.39252e-08 5.64707e-08
 5.55461e-08 2.98104e-08-2.95377e-08-1.23842e-07-2.41640e-07-3.55131e-07
-4.24739e-07-4.15587e-07-3.15730e-07-1.42525e-07 6.20422e-08 2.46023e-07
 3.76243e-07 4.59758e-07 5.26312e-07 5.84604e-07 6.00209e-07 5.19059e-07
 3.11491e-07-2.65488e-09-3.58338e-07-6.64893e-07-8.26491e-07-7.67400e-07
-4.76024e-07-4.15131e-08 3.64876e-07 5.66484e-07 4.80047e-07 1.74558e-07
-1.64799e-07-3.47838e-07-2.91745e-07-6.77055e-08 1.51796e-07 2.17182e-07
 1.08813e-07-5.82728e-08-1.37904e-07-7.77002e-08 4.47547e-08 1.06411e-07
 6.05117e-08-2.61726e-08-5.57012e-08-7.48302e-09 4.86287e-08 4.42253e-08
-6.23128e-09-3.34781e-08-8.08446e-09 2.63256e-08 2.12553e-08-9.03222e-09
-1.63296e-08 6.42246e-09 2.01355e-08 5.77498e-09-9.10167e-09-1.85759e-09
 8.98905e-09 1.96443e-09-9.47702e-09-6.11082e-09 1.71802e-09-1.92115e-09
-8.27856e-09-5.61477e-09-2.39772e-09-5.95649e-09-7.54244e-09-3.39146e-09
-1.02530e-09-8.06081e-10 2.12950e-09 5.10564e-09 5.31259e-09 5.23735e-09
 5.06933e-09 3.49013e-09 1.68023e-09 3.02256e-10-1.06831e-09-2.18336e-09
-2.86593e-09-3.25317e-09-3.28208e-09-2.87895e-09-2.07853e-09-9.56487e-10
 3.37222e-10 1.60479e-09 2.66496e-09 3.35367e-09 3.51058e-09 3.01122e-09
 1.85606e-09 2.43829e-10-1.47317e-09-2.93330e-09-3.89455e-09-4.25359e-09
-3.97449e-09-3.04780e-09-1.54117e-09 3.23258e-10 2.17102e-09 3.59095e-09
 4.28578e-09 4.15766e-09 3.29584e-09 1.91212e-09 2.89385e-10-1.24443e-09
-2.35062e-09-2.74966e-09-2.31300e-09-1.12582e-09 5.20995e-10 2.20748e-09
 3.49510e-09 4.03698e-09 3.66430e-09 2.43250e-09 6.14642e-10-1.36328e-09
-3.03142e-09-4.00128e-09-4.07126e-09-3.27561e-09-1.86425e-09-2.34417e-10
 1.15880e-09 1.90463e-09 1.75265e-09 7.14473e-10-9.13582e-10-2.64223e-09
-3.95383e-09-4.46121e-09-4.00518e-09-2.68176e-09-8.15958e-10 1.11502e-09
 2.61363e-09 3.31842e-09 3.11800e-09 2.17220e-09 8.44955e-10-4.07935e-10
-1.16388e-09-1.15627e-09-3.65322e-10 9.60599e-10 2.37121e-09 3.35952e-09
 3.54486e-09 2.81933e-09 1.38609e-09-3.29820e-10-1.84850e-09-2.79754e-09
-3.00915e-09-2.54014e-09-1.63195e-09-6.32404e-10 1.00537e-10 3.01279e-10
-1.05619e-10-9.50158e-10-1.85513e-09-2.37823e-09-2.20410e-09-1.29252e-09
 1.00986e-10 1.54716e-09 2.63784e-09 3.15078e-09 3.11065e-09 2.73152e-09
 2.28830e-09 1.99633e-09 1.95245e-09 2.13398e-09 2.42392e-09 2.64500e-09
 2.60817e-09 2.18181e-09 1.36339e-09 3.08196e-10-7.18323e-10-1.45095e-09
-1.74582e-09-1.65312e-09-1.39877e-09-1.27294e-09-1.47464e-09-1.99280e-09
-2.59155e-09-2.91458e-09-2.66074e-09-1.74496e-09-3.65069e-10 1.06115e-09
 2.06637e-09 2.34060e-09 1.87803e-09 9.86072e-10 1.43623e-10-2.28843e-10
 1.87354e-11 6.75060e-10 1.25450e-09 1.23662e-09 3.44377e-10-1.28694e-09
-3.14310e-09-4.55334e-09-4.99330e-09-4.31724e-09-2.80387e-09-1.00589e-09
 5.01859e-10 1.35087e-09 1.50024e-09 1.21907e-09 9.38391e-10 1.02868e-09
 1.60532e-09 2.45854e-09 3.13768e-09 3.14899e-09 2.19033e-09 3.28320e-10
-1.97955e-09-4.05974e-09-5.31773e-09-5.48555e-09-4.68555e-09-3.30363e-09
-1.77450e-09-3.98418e-10 7.37381e-10 1.71599e-09 2.66006e-09 3.58877e-09
 4.35212e-09 4.68481e-09 4.34202e-09 3.23767e-09 1.52414e-09-4.12904e-10
-2.05312e-09-2.92287e-09-2.79794e-09-1.81487e-09-4.00746e-10 9.50193e-10
 1.90799e-09 2.39907e-09 2.52650e-09 2.41159e-09 2.08393e-09 1.48307e-09
 5.48394e-10-6.74557e-10-1.98060e-09-3.03662e-09-3.49025e-09-3.11778e-09
-1.95180e-09-3.20079e-10 1.25028e-09 2.24331e-09 2.37758e-09 1.71506e-09
 5.92262e-10-5.76478e-10-1.49187e-09-2.04233e-09-2.24085e-09-2.10760e-09
-1.60329e-09-6.67658e-10 6.65562e-10 2.16908e-09 3.42825e-09 3.97948e-09
 3.52362e-09 2.10311e-09 1.37380e-10-1.72294e-09-2.86458e-09-2.96955e-09
-2.12642e-09-7.42573e-10 6.74450e-10 1.72646e-09 2.21513e-09 2.10569e-09
 1.44137e-09 2.93697e-10-1.21718e-09-2.85845e-09-4.24821e-09-4.92371e-09
-4.52779e-09-3.02271e-09-7.85469e-10 1.50498e-09 3.14556e-09 3.70148e-09
 3.16139e-09 1.89109e-09 4.31563e-10-7.37401e-10-1.34483e-09-1.33745e-09
-7.93406e-10 1.65027e-10 1.38971e-09 2.66460e-09 3.67917e-09 4.09196e-09
 3.68764e-09 2.53192e-09 9.94135e-10-4.09862e-10-1.27231e-09-1.49333e-09
-1.30396e-09-1.10071e-09-1.19581e-09-1.63380e-09-2.18247e-09-2.49947e-09
-2.36056e-09-1.79342e-09-1.03561e-09-3.71636e-10 1.74243e-11 9.25553e-11
-1.07518e-10-5.39786e-10-1.15411e-09-1.81817e-09-2.26044e-09-2.12392e-09
-1.14073e-09 6.61827e-10 2.86372e-09 4.76373e-09 5.67730e-09 5.26715e-09
 3.71092e-09 1.60034e-09-3.61033e-10-1.66652e-09-2.14851e-09-1.92307e-09
-1.23934e-09-3.63638e-10 4.51192e-10 9.58671e-10 9.43782e-10 2.99512e-10
-8.88562e-10-2.32400e-09-3.59728e-09-4.37083e-09-4.54212e-09-4.26389e-09
-3.79164e-09-3.26806e-09-2.61616e-09-1.62843e-09-1.81533e-10 1.59226e-09
 3.30646e-09 4.48841e-09 4.80238e-09 4.20924e-09 2.99781e-09 1.68347e-09
 8.19946e-10 8.01083e-10 1.72855e-09 3.38573e-09 5.30867e-09 6.92126e-09
 7.70444e-09 7.35900e-09 5.90215e-09 3.64592e-09 1.05936e-09-1.40586e-09
-3.42391e-09-4.80646e-09-5.47703e-09-5.47073e-09-4.95180e-09-4.19085e-09
-3.47469e-09-3.00131e-09-2.84073e-09-2.98402e-09-3.42178e-09-4.16178e-09
-5.14620e-09-6.12876e-09-6.63396e-09-6.09166e-09-4.13231e-09-8.91055e-10
 2.89972e-09 6.15299e-09 7.90556e-09 7.75831e-09 6.02725e-09 3.56330e-09
 1.40874e-09 2.69824e-10
     0.0000e+00     0.0000e+00      0  0  0.00
     512   1.00000  0.0000e+00
-3.27267e-09-3.20421e-09-2.98885e-09-2.63360e-09-2.16903e-09-1.63566e-09
-1.06527e-09-4.69863e-10 1.55000e-10 8.17379e-10 1.51635e-09 2.23666e-09
 2.95230e-09 3.63387e-09 4.25367e-09 4.78826e-09 5.22160e-09 5.54515e-09
 5.75006e-09 5.82050e-09 5.74296e-09 5.52671e-09 5.21348e-09 4.86730e-09
 4.55588e-09 4.33238e-09 4.21682e-09 4.17972e-09 4.13987e-09 3.98793e-09
 3.63049e-09 3.03031e-09 2.22321e-09 1.31168e-09 4.41301e-10-2.41549e-10
-6.42755e-10-7.56264e-10-6.58809e-10-4.69281e-10-3.00305e-10-2.28626e-10
-2.93716e-10-5.13264e-10-8.96633e-10-1.44908e-09-2.17515e-09-3.08877e-09
-4.22188e-09-5.61812e-09-7.30932e-09-9.28513e-09-1.14699e-08-1.37179e-08
-1.58330e-08-1.76229e-08-1.89913e-08-2.00503e-08-2.12179e-08-2.32592e-08
-2.72073e-08-3.40924e-08-4.44465e-08-5.76487e-08-7.12825e-08-8.07687e-08
-7.96159e-08-6.06487e-08-1.84507e-08 4.71533e-08 1.28881e-07 2.14374e-07
 2.88793e-07 3.32484e-07 3.24760e-07 2.57201e-07 1.38241e-07-1.12861e-08
-1.59544e-07-2.69670e-07-3.14300e-07-2.87529e-07-2.08352e-07-1.14533e-07
-4.59492e-08-2.36548e-08-3.83549e-08-5.82782e-08-5.30262e-08-1.66714e-08
 2.85468e-08 5.10887e-08 3.60466e-08-2.34159e-09-3.24784e-08-3.06027e-08
 5.21010e-09 5.82696e-08 1.00690e-07 1.05711e-07 6.84382e-08 1.25726e-08
-3.12705e-08-4.77589e-08-3.31105e-08 1.70651e-08 1.03287e-07 2.12042e-07
 3.17709e-07 3.88747e-07 3.93552e-07 3.12610e-07 1.49467e-07-6.79658e-08
-2.94321e-07-4.80167e-07-5.85658e-07-5.90341e-07-4.99836e-07-3.44453e-07
-1.66966e-07-5.53309e-09 1.19076e-07 2.04972e-07 2.58851e-07 2.81831e-07
 2.65020e-07 2.01400e-07 1.03917e-07 1.10789e-08-3.24520e-08-1.17154e-08
 3.88362e-08 6.01227e-08 2.40609e-08-3.58798e-08-6.09184e-08-3.51555e-08
-1.18042e-09-7.17211e-10-2.24417e-08-2.91187e-08-1.51460e-08-4.49772e-09
-5.72514e-09-5.85142e-09-9.21350e-10 1.03453e-09 2.77939e-10 2.05865e-09
 3.73505e-09 2.73312e-09 2.61925e-09 3.54859e-09 2.57976e-09 1.49847e-09
 1.81444e-09 1.20856e-09-2.35785e-12-1.60633e-10-7.01893e-10-1.92547e-09
-2.44946e-09-2.98238e-09-3.81710e-09-3.98593e-09-4.00537e-09-4.10607e-09
-3.67016e-09-3.17345e-09-2.71039e-09-1.88616e-09-1.16027e-09-5.41651e-10
 1.50353e-10 5.40106e-10 7.86872e-10 1.00436e-09 9.85964e-10 9.47103e-10
 8.79817e-10 7.19519e-10 6.54263e-10 6.01467e-10 6.14957e-10 7.98283e-10
 1.03460e-09 1.35608e-09 1.68655e-09 1.90759e-09 2.03721e-09 2.00541e-09
 1.81100e-09 1.47352e-09 1.01866e-09 5.52122e-10 1.13770e-10-2.18185e-10
-3.76585e-10-3.85921e-10-2.70016e-10-6.63603e-11 1.82816e-10 4.07996e-10
 5.55368e-10 6.17462e-10 5.84148e-10 4.78753e-10 3.50293e-10 2.33496e-10
 1.52554e-10 1.44823e-10 2.46638e-10 4.46301e-10 6.91766e-10 9.16375e-10
 1.04602e-09 1.02757e-09 8.64924e-10 5.88486e-10 2.11102e-10-2.36010e-10
-6.74173e-10-1.01616e-09-1.20387e-09-1.22995e-09-1.14826e-09-1.04198e-09
-9.78977e-10-9.89905e-10-1.07018e-09-1.20539e-09-1.37289e-09-1.51614e-09
-1.56490e-09-1.47646e-09-1.24603e-09-9.17697e-10-5.75024e-10-2.89249e-10
-9.65268e-11-8.01140e-12-5.83730e-12-5.34775e-11-1.15619e-10-1.53018e-10
-1.31651e-10-4.87914e-11 6.74115e-11 1.68323e-10 2.05081e-10 1.64504e-10
 6.45765e-11-7.54082e-11-2.29082e-10-3.59618e-10-4.38279e-10-4.45113e-10
-3.74982e-10-2.54979e-10-1.26355e-10-1.70132e-11 5.77942e-11 9.59926e-11
 1.11202e-10 1.18361e-10 1.32099e-10 1.77719e-10 2.74008e-10 4.09822e-10
 5.53069e-10 6.67383e-10 7.22538e-10 7.11150e-10 6.50698e-10 5.63314e-10
 4.64533e-10 3.70370e-10 3.00986e-10 2.65440e-10 2.50485e-10 2.38436e-10
 2.21931e-10 2.02868e-10 2.09129e-10 2.91550e-10 4.67454e-10 6.97880e-10
 9.25512e-10 1.08223e-09 1.08404e-09 8.85091e-10 5.12569e-10 3.20677e-11
-4.62134e-10-8.41144e-10-1.00281e-09-9.22126e-10-6.23656e-10-1.68985e-10
 3.21550e-10 6.95547e-10 8.19626e-10 5.93884e-10-3.69144e-11-1.06047e-09
-2.40673e-09-3.97253e-09-5.60081e-09-7.04343e-09-7.99217e-09-8.17014e-09
-7.41609e-09-5.74508e-09-3.36302e-09-6.02374e-10 2.16571e-09 4.58729e-09
 6.37628e-09 7.37266e-09 7.57878e-09 7.14394e-09 6.29470e-09 5.26196e-09
 4.23947e-09 3.35976e-09 2.69415e-09 2.25877e-09 1.99305e-09 1.76940e-09
 1.46293e-09 1.00652e-09 4.11391e-10-2.36574e-10-8.24117e-10-1.25450e-09
-1.45638e-09-1.40074e-09-1.11742e-09-6.91816e-10-2.58748e-10 3.32354e-11
 8.22483e-11-1.39496e-10-5.79398e-10-1.10912e-09-1.57817e-09-1.87524e-09
-1.94234e-09-1.77359e-09-1.40908e-09-9.09300e-10-3.39108e-10 2.41929e-10
 8.02704e-10 1.34036e-09 1.84999e-09 2.30687e-09 2.66323e-09 2.85600e-09
 2.83787e-09 2.59998e-09 2.16624e-09 1.58672e-09 9.27583e-10 2.50429e-10
-3.92767e-10-9.60379e-10-1.43781e-09-1.84044e-09-2.19789e-09-2.54348e-09
-2.89816e-09-3.25180e-09-3.56462e-09-3.77412e-09-3.80470e-09-3.59950e-09
-3.14951e-09-2.49546e-09-1.71784e-09-9.14319e-10-1.64231e-10 4.88430e-10
 1.03146e-09 1.48103e-09 1.87084e-09 2.23294e-09 2.58647e-09 2.93009e-09
 3.23954e-09 3.48027e-09 3.61585e-09 3.60053e-09 3.38094e-09 2.91608e-09
 2.20030e-09 1.28077e-09 2.54565e-10-7.61989e-10-1.66738e-09-2.39578e-09
-2.92776e-09-3.28441e-09-3.50748e-09-3.64249e-09-3.72383e-09-3.75975e-09
-3.73438e-09-3.62631e-09-3.42149e-09-3.11044e-09-2.67607e-09-2.09015e-09
-1.33502e-09-4.30305e-10 5.66913e-10 1.58043e-09 2.52942e-09 3.34126e-09
 3.96436e-09 4.37223e-09 4.56231e-09 4.55311e-09 4.37385e-09 4.05007e-09
 3.59854e-09 3.03437e-09 2.38231e-09 1.67951e-09 9.63036e-10 2.56463e-10
-4.23815e-10-1.05328e-09-1.60550e-09-2.07830e-09-2.50250e-09-2.91290e-09
-3.30693e-09-3.62859e-09-3.78512e-09-3.68003e-09-3.25080e-09-2.50061e-09
-1.50756e-09-4.06399e-10 6.49028e-10 1.53459e-09 2.19884e-09 2.67022e-09
 3.01746e-09 3.29232e-09 3.49967e-09 3.61612e-09 3.63086e-09 3.56018e-09
 3.42361e-09 3.22062e-09 2.93592e-09 2.55213e-09 2.04752e-09 1.39806e-09
 6.03940e-10-2.84584e-10-1.18098e-09-2.01214e-09-2.76079e-09-3.46673e-09
-4.18450e-09-4.92214e-09-5.60533e-09-6.10080e-09-6.28142e-09-6.08101e-09
-5.51081e-09-4.64889e-09-3.62089e-09-2.57245e-09-1.62770e-09-8.58545e-10
-3.03216e-10-1.60129e-11-6.90891e-11-4.71689e-10-1.08226e-09-1.61290e-09
-1.73168e-09-1.18634e-09 1.13350e-10 2.06955e-09 4.42506e-09 6.83311e-09
 8.93772e-09 1.04385e-08 1.11292e-08 1.09078e-08 9.76975e-09 7.80387e-09
 5.20246e-09 2.26453e-09-6.47207e-10-3.20425e-09-5.19836e-09-6.53372e-09
-7.14378e-09-6.94817e-09-5.91690e-09-4.18139e-09-2.10430e-09-2.91010e-10
 4.66757e-10 2.37152e-10
     0.0000e+00     0.0000e+00      0  0  0.00
     512   1.00000  0.0000e+00
 4.32672e-09 4.30449e-09 4.01950e-09 3.39727e-09 2.40427e-09 1.09062e-09
-3.99537e-10-1.86454e-09-3.11839e-09-4.06846e-09-4.75159e-09-5.30350e-09
-5.88761e-09-6.63512e-09-7.61896e-09-8.84487e-09-1.02353e-08-1.15972e-08
-1.25859e-08-1.26972e-08-1.13377e-08-8.00572e-09-2.56003e-09 4.52755e-09
 1.21098e-08 1.86065e-08 2.24665e-08 2.26249e-08 1.87941e-08 1.15433e-08
 2.17999e-09-7.52613e-09-1.57097e-08-2.08062e-08-2.19109e-08-1.90011e-08
-1.29244e-08-5.13906e-09 2.71596e-09 9.28192e-09 1.38037e-08 1.61686e-08
 1.66815e-08 1.57867e-08 1.39165e-08 1.14648e-08 8.79446e-09 6.23829e-09
 4.09047e-09 2.58120e-09 1.82244e-09 1.74714e-09 2.09140e-09 2.45542e-09
 2.44297e-09 1.85012e-09 8.38830e-10-1.16348e-11 1.34509e-10 2.01551e-09
 5.84828e-09 1.09577e-08 1.55325e-08 1.66083e-08 1.04738e-08-6.31228e-09
-3.52737e-08-7.39679e-08-1.14035e-07-1.40369e-07-1.34934e-07-8.87652e-08
-1.33143e-08 6.57140e-08 1.28504e-07 1.70062e-07 1.88679e-07 1.75431e-07
 1.21591e-07 3.28529e-08-6.52234e-08-1.35235e-07-1.48246e-07-1.04611e-07
-3.70281e-08 9.55750e-09 7.63936e-09-3.41291e-08-7.66169e-08-7.85205e-08
-2.82158e-08 4.66007e-08 1.00549e-07 1.04452e-07 6.23157e-08 1.02586e-09
-5.05066e-08-7.27174e-08-5.74638e-08-1.10546e-08 4.15000e-08 6.92902e-08
 7.13932e-08 8.71908e-08 1.50154e-07 2.47207e-07 3.37011e-07 3.82691e-07
 3.48670e-07 1.96119e-07-8.79052e-08-4.67762e-07-8.63911e-07-1.16044e-06
-1.23033e-06-9.90351e-07-4.46468e-07 2.90441e-07 1.01800e-06 1.49841e-06
 1.54980e-06 1.13314e-06 3.91904e-07-3.86321e-07-8.88659e-07-9.30329e-07
-5.57821e-07-3.07956e-08 3.26387e-07 3.28257e-07 4.93706e-08-2.40472e-07
-2.97152e-07-1.06596e-07 1.19892e-07 1.69376e-07 4.32335e-08-7.50141e-08
-5.67082e-08 3.41154e-08 6.68424e-08 2.74913e-08-2.49340e-09 7.33520e-09
 1.55726e-08 5.06178e-09 2.72539e-10 4.83463e-09 1.79603e-09-4.15479e-09
-2.14119e-09-6.05242e-10-4.08837e-09-4.12573e-09-1.95556e-09-3.41792e-09
-3.98721e-09-2.05579e-09-2.32171e-09-2.84971e-09-1.48554e-09-1.49827e-09
-2.05512e-09-1.20531e-09-1.14342e-09-1.38781e-09-5.38819e-10-2.85212e-10
-2.79702e-10 3.48394e-10 3.97177e-10 4.31400e-10 9.35667e-10 1.00043e-09
 1.18270e-09 1.51280e-09 1.37250e-09 1.35409e-09 1.34771e-09 1.17628e-09
 1.28048e-09 1.30347e-09 1.22940e-09 1.22199e-09 9.90325e-10 7.62904e-10
 5.73769e-10 3.19464e-10 1.66479e-10-7.36101e-11-4.10682e-10-7.30098e-10
-1.02593e-09-1.15130e-09-1.17404e-09-1.15307e-09-1.08465e-09-1.02681e-09
-9.01331e-10-7.03636e-10-4.72887e-10-2.31518e-10 7.19297e-12 2.85162e-10
 5.68396e-10 7.98252e-10 9.36216e-10 1.00863e-09 1.13548e-09 1.37462e-09
 1.61079e-09 1.63237e-09 1.37195e-09 9.93573e-10 7.12354e-10 5.73089e-10
 3.95221e-10-3.97959e-11-7.23976e-10-1.37006e-09-1.68671e-09-1.68725e-09
-1.66561e-09-1.87573e-09-2.26609e-09-2.53983e-09-2.47342e-09-2.16622e-09
-1.94593e-09-2.00944e-09-2.20094e-09-2.19095e-09-1.83846e-09-1.32551e-09
-9.45811e-10-7.97323e-10-7.04986e-10-4.33967e-10 5.41863e-11 5.64249e-10
 8.73106e-10 9.61016e-10 1.01851e-09 1.22751e-09 1.56808e-09 1.85214e-09
 1.92783e-09 1.82202e-09 1.67737e-09 1.58686e-09 1.51436e-09 1.35513e-09
 1.05351e-09 6.63163e-10 3.00134e-10 4.09778e-11-1.36228e-10-3.14414e-10
-5.44297e-10-7.91054e-10-9.72551e-10-1.03701e-09-9.87332e-10-8.49332e-10
-6.46832e-10-3.88597e-10-6.11118e-11 3.45556e-10 8.07051e-10 1.27792e-09
 1.72722e-09 2.15510e-09 2.58485e-09 3.04263e-09 3.53138e-09 4.01228e-09
 4.41900e-09 4.68911e-09 4.77112e-09 4.62283e-09 4.22691e-09 3.59303e-09
 2.73890e-09 1.69561e-09 5.34857e-10-6.31634e-10-1.67424e-09-2.46669e-09
-2.93033e-09-3.07297e-09-2.95952e-09-2.66472e-09-2.28496e-09-1.96986e-09
-1.91426e-09-2.30088e-09-3.19241e-09-4.43715e-09-5.70899e-09-6.66179e-09
-7.02754e-09-6.59751e-09-5.19812e-09-2.75151e-09 5.91558e-10 4.33905e-09
 7.71614e-09 9.94071e-09 1.05169e-08 9.31430e-09 6.46548e-09 2.29171e-09
-2.64968e-09-7.50465e-09-1.12231e-08-1.28873e-08-1.21096e-08-9.19663e-09
-4.94480e-09-2.77722e-10 3.96770e-09 7.05820e-09 8.37368e-09 7.56904e-09
 4.83200e-09 9.86234e-10-2.76671e-09-5.36595e-09-6.30874e-09-5.69889e-09
-3.99972e-09-1.77947e-09 3.75185e-10 1.86508e-09 2.19410e-09 1.23128e-09
-5.81857e-10-2.33954e-09-3.10829e-09-2.38957e-09-2.94518e-10 2.60724e-09
 5.57042e-09 7.89388e-09 9.03594e-09 8.70339e-09 6.96526e-09 4.32062e-09
 1.59343e-09-3.72276e-10-1.07277e-09-5.52935e-10 6.44531e-10 1.74294e-09
 2.06682e-09 1.29117e-09-4.79964e-10-2.78075e-09-4.93538e-09-6.26515e-09
-6.31928e-09-5.05957e-09-2.91409e-09-6.40562e-10 9.74936e-10 1.44750e-09
 7.88568e-10-5.15851e-10-1.72172e-09-2.14173e-09-1.42816e-09 2.92299e-10
 2.48231e-09 4.41450e-09 5.44891e-09 5.27130e-09 4.01762e-09 2.22845e-09
 6.29164e-10-1.81094e-10 9.72566e-12 9.39513e-10 1.99768e-09 2.50196e-09
 2.00431e-09 4.96559e-10-1.58149e-09-3.54215e-09-4.75536e-09-4.91235e-09
-4.14389e-09-2.95379e-09-1.99025e-09-1.74684e-09-2.32719e-09-3.39046e-09
-4.31313e-09-4.48841e-09-3.61560e-09-1.84700e-09 2.74021e-10 2.06396e-09
 3.02393e-09 3.06967e-09 2.54772e-09 2.04349e-09 2.08520e-09 2.87662e-09
 4.18258e-09 5.43787e-09 6.03375e-09 5.62780e-09 4.31406e-09 2.57266e-09
 1.02891e-09 1.44219e-10-6.73089e-12 2.36932e-10 3.07502e-10-2.80571e-10
-1.65842e-09-3.52228e-09-5.28336e-09-6.35970e-09-6.46325e-09-5.73818e-09
-4.66971e-09-3.80847e-09-3.46768e-09-3.56385e-09-3.68218e-09-3.32043e-09
-2.17845e-09-3.44643e-10 1.72745e-09 3.45601e-09 4.44900e-09 4.70992e-09
 4.60975e-09 4.64795e-09 5.14938e-09 6.07119e-09 7.01671e-09 7.44716e-09
 6.98825e-09 5.65486e-09 3.84122e-09 2.08349e-09 7.54078e-10-1.35631e-10
-9.19941e-10-2.04700e-09-3.75494e-09-5.87096e-09-7.88133e-09-9.21963e-09
-9.57356e-09-9.03038e-09-7.99939e-09-6.96667e-09-6.21942e-09-5.69918e-09
-5.07850e-09-4.01971e-09-2.44461e-09-6.21225e-10 1.00125e-09 2.09534e-09
 2.69321e-09 3.20751e-09 4.20550e-09 6.05169e-09 8.64688e-09 1.14492e-08
 1.37496e-08 1.49944e-08 1.49675e-08 1.37721e-08 1.16610e-08 8.83371e-09
 5.35945e-09 1.30922e-09-3.01197e-09-6.95531e-09-9.68083e-09-1.05124e-08
-9.28740e-09-6.49456e-09-3.12040e-09-2.73511e-10 1.23094e-09 1.11177e-09
-4.28667e-10-2.95269e-09-6.00509e-09-9.15812e-09-1.19354e-08-1.37599e-08
-1.40371e-08-1.23974e-08-8.98502e-09-4.55172e-09-1.83054e-10 3.21366e-09
 5.32059e-09 6.46365e-09 7.29896e-09 8.30084e-09 9.28296e-09 9.17332e-09
 6.18486e-09 1.85751e-09
     0.0000e+00     0.0000e+00      0  0  0.00
     512   1.00000  0.0000e+00
 9.87327e-09 9.75488e-09 9.16653e-09 8.06358e-09 6.47910e-09 4.51187e-09
 2.27770e-09-1.37238e-10-2.67751e-09-5.27978e-09-7.84058e-09-1.02234e-08
-1.23014e-08-1.40063e-08-1.53536e-08-1.64273e-08-1.73311e-08-1.81220e-08
-1.87553e-08-1.90832e-08-1.89265e-08-1.81698e-08-1.68088e-08-1.49442e-08
-1.27606e-08-1.04972e-08-8.39117e-09-6.59599e-09-5.11212e-09-3.76993e-09
-2.28999e-09-4.00097e-10 2.04482e-09 4.98251e-09 8.12793e-09 1.10479e-08
 1.33187e-08 1.46890e-08 1.51575e-08 1.49342e-08 1.43323e-08 1.36629e-08
 1.31791e-08 1.30483e-08 1.33100e-08 1.38440e-08 1.44177e-08 1.48138e-08
 1.49626e-08 1.49977e-08 1.52059e-08 1.58859e-08 1.71761e-08 1.89370e-08
 2.07508e-08 2.20398e-08 2.22689e-08 2.11879e-08 1.90808e-08 1.69801e-08
 1.67379e-08 2.07721e-08 3.13671e-08 4.95575e-08 7.37722e-08 9.85596e-08
 1.13919e-07 1.05971e-07 5.97247e-08-3.55185e-08-1.78775e-07-3.51229e-07
-5.14987e-07-6.19835e-07-6.21942e-07-5.04736e-07-2.82213e-07 8.04449e-09
 3.06377e-07 5.40681e-07 6.51613e-07 6.16378e-07 4.60218e-07 2.51809e-07
 7.72484e-08-1.71111e-09 1.87307e-08 8.49910e-08 1.24485e-07 9.66574e-08
 1.99044e-08-4.67181e-08-5.40095e-08-3.16976e-09 6.07338e-08 9.10108e-08
 6.89295e-08 4.43619e-09-7.22089e-08-1.32136e-07-1.78646e-07-2.37063e-07
-3.06813e-07-3.55970e-07-3.69306e-07-3.62685e-07-3.42192e-07-2.88776e-07
-1.85954e-07-2.97948e-08 1.69922e-07 3.69417e-07 4.95224e-07 4.81682e-07
 3.06306e-07 1.67183e-08-2.71433e-07-4.21054e-07-3.35861e-07-1.21344e-08
 4.38754e-07 8.19809e-07 9.32043e-07 6.78946e-07 1.37412e-07-4.53150e-07
-8.02798e-07-7.40930e-07-3.37017e-07 1.26413e-07 3.38769e-07 1.92073e-07
-1.29857e-07-3.11673e-07-1.99949e-07 5.48686e-08 1.77389e-07 8.04298e-08
-6.32120e-08-7.31270e-08 1.59633e-08 5.71325e-08 2.07839e-08-6.95391e-09
 5.87584e-09 1.24918e-08-9.85323e-11-1.86305e-09 4.81392e-09-5.08097e-10
-6.96279e-09-3.06108e-09-1.87853e-09-5.56461e-09-3.30100e-09-1.69374e-10
-2.00219e-09-1.57727e-09 6.00378e-10-5.58297e-10-4.66530e-10 1.73683e-09
 1.77424e-09 2.20814e-09 3.88855e-09 3.72247e-09 3.71992e-09 4.63612e-09
 4.33702e-09 4.38971e-09 4.92303e-09 4.39662e-09 4.20097e-09 4.19659e-09
 3.59818e-09 3.52307e-09 3.35402e-09 2.68441e-09 2.24015e-09 1.42136e-09
 4.64162e-10-1.79792e-10-9.68147e-10-1.51886e-09-1.92082e-09-2.49856e-09
-2.93205e-09-3.42872e-09-3.88355e-09-4.09748e-09-4.29250e-09-4.33429e-09
-4.25967e-09-4.08007e-09-3.71558e-09-3.32609e-09-2.86374e-09-2.37222e-09
-1.92144e-09-1.45890e-09-1.01458e-09-5.38873e-10-1.63560e-11 5.36523e-10
 1.03813e-09 1.33707e-09 1.41310e-09 1.32227e-09 1.16130e-09 1.01773e-09
 9.01902e-10 7.49289e-10 4.99477e-10 2.05522e-10-3.55360e-11-1.97121e-10
-3.27096e-10-4.72301e-10-6.17115e-10-6.75139e-10-5.48766e-10-2.41802e-10
 1.27658e-10 4.36195e-10 6.27314e-10 7.04597e-10 7.09619e-10 6.88244e-10
 6.64032e-10 6.53389e-10 6.85505e-10 7.84974e-10 9.25110e-10 1.02555e-09
 1.03230e-09 9.63185e-10 8.59767e-10 7.56266e-10 6.89090e-10 6.87886e-10
 7.63956e-10 8.96205e-10 1.01856e-09 1.06426e-09 1.02349e-09 9.35134e-10
 8.49889e-10 8.07732e-10 8.25762e-10 9.01043e-10 1.01091e-09 1.10789e-09
 1.14433e-09 1.10533e-09 1.00707e-09 8.84102e-10 7.81751e-10 7.31974e-10
 7.32365e-10 7.56290e-10 7.65813e-10 7.14237e-10 5.67246e-10 3.33156e-10
 6.84193e-11-1.48900e-10-2.74853e-10-3.41562e-10-4.23594e-10-5.69567e-10
-7.84659e-10-1.05091e-09-1.34017e-09-1.62454e-09-1.88144e-09-2.08011e-09
-2.18254e-09-2.18475e-09-2.14027e-09-2.10910e-09-2.09105e-09-2.01694e-09
-1.78444e-09-1.31972e-09-6.47230e-10 1.12330e-10 8.28556e-10 1.41566e-09
 1.81994e-09 2.02171e-09 2.03338e-09 1.85081e-09 1.45363e-09 8.69226e-10
 1.66964e-10-5.93874e-10-1.34138e-09-1.95469e-09-2.28878e-09-2.18853e-09
-1.50116e-09-1.74135e-10 1.64571e-09 3.64416e-09 5.45373e-09 6.76088e-09
 7.39657e-09 7.36910e-09 6.79558e-09 5.81478e-09 4.57908e-09 3.27590e-09
 2.09881e-09 1.20176e-09 6.63240e-10 4.38762e-10 3.46130e-10 1.21374e-10
-5.09159e-10-1.76129e-09-3.69451e-09-6.10977e-09-8.54031e-09-1.03999e-08
-1.12184e-08-1.08139e-08-9.33121e-09-7.15354e-09-4.74103e-09-2.52401e-09
-8.74849e-10-4.91195e-11-8.91777e-11-7.78695e-10-1.68657e-09-2.31091e-09
-2.26806e-09-1.41629e-09 1.12139e-10 1.94809e-09 3.59344e-09 4.57876e-09
 4.63466e-09 3.81058e-09 2.44691e-09 1.02778e-09 3.41519e-11-1.85220e-10
 4.54341e-10 1.70654e-09 3.05437e-09 3.89221e-09 3.77225e-09 2.58881e-09
 5.97900e-10-1.69823e-09-3.72114e-09-4.99564e-09-5.29651e-09-4.71683e-09
-3.63142e-09-2.55057e-09-1.90947e-09-1.88353e-09-2.30654e-09-2.73649e-09
-2.65773e-09-1.71491e-09 1.35377e-10 2.59397e-09 5.11422e-09 7.09689e-09
 8.10314e-09 8.01217e-09 7.07022e-09 5.78353e-09 4.69646e-09 4.17624e-09
 4.28158e-09 4.74270e-09 5.07359e-09 4.78438e-09 3.60223e-09 1.60750e-09
-7.82822e-10-2.99276e-09-4.54305e-09-5.25826e-09-5.32650e-09-5.18598e-09
-5.30207e-09-5.94143e-09-7.03032e-09-8.15592e-09-8.73002e-09-8.25600e-09
-6.57957e-09-3.99772e-09-1.14776e-09 1.28057e-09 2.84427e-09 3.50643e-09
 3.60668e-09 3.66854e-09 4.13173e-09 5.13905e-09 6.47194e-09 7.65809e-09
 8.21148e-09 7.89293e-09 6.84216e-09 5.49428e-09 4.32451e-09 3.58096e-09
 3.16588e-09 2.70556e-09 1.74495e-09-1.46709e-11-2.52738e-09-5.36709e-09
-7.88249e-09-9.47442e-09-9.86545e-09-9.22257e-09-8.04933e-09-6.90497e-09
-6.12700e-09-5.70815e-09-5.36182e-09-4.71655e-09-3.52842e-09-1.80884e-09
 1.72830e-10 2.01614e-09 3.41783e-09 4.37599e-09 5.19730e-09 6.27288e-09
 7.78147e-09 9.52260e-09 1.09772e-08 1.15550e-08 1.08933e-08 9.04767e-09
 6.47813e-09 3.84980e-09 1.74243e-09 3.87896e-10-4.31641e-10-1.22878e-09
-2.46664e-09-4.25785e-09-6.31500e-09-8.17457e-09-9.52215e-09-1.03742e-08
-1.09926e-08-1.16323e-08-1.23197e-08-1.27761e-08-1.25098e-08-1.10660e-08
-8.33887e-09-4.73725e-09-1.04353e-09 1.97955e-09 3.98780e-09 5.20145e-09
 6.19379e-09 7.46572e-09 9.12006e-09 1.08601e-08 1.22557e-08 1.30424e-08
 1.32668e-08 1.32209e-08 1.32200e-08 1.33526e-08 1.33544e-08 1.27162e-08
 1.10091e-08 8.22789e-09 4.85453e-09 1.53832e-09-1.34927e-09-3.90381e-09
-6.49604e-09-9.39445e-09-1.24881e-08-1.52810e-08-1.71463e-08-1.76667e-08
-1.68494e-08-1.51090e-08-1.30318e-08-1.10347e-08-9.12771e-09-6.97649e-09
-4.24155e-09-9.18500e-10 2.60478e-09 5.80562e-09 8.33912e-09 1.01014e-08
 1.10192e-08 1.08575e-08 9.31524e-09 6.36477e-09 2.58890e-09-6.93678e-10
-1.68220e-09-6.81500e-10
     0.0000e+00     0.0000e+00      0  0  0.00
     512   1.00000  0.0000e+00
-8.63299e-09-8.26275e-09-7.43679e-09-6.20460e-09-4.67073e-09-2.95633e-09
-1.15942e-09 6.65027e-10 2.50024e-09 4.34909e-09 6.21302e-09 8.07222e-09
 9.87173e-09 1.15248e-08 1.29386e-08 1.40448e-08 1.48111e-08 1.52257e-08
 1.52781e-08 1.49603e-08 1.42805e-08 1.32642e-08 1.19374e-08 1.03132e-08
 8.40018e-09 6.22142e-09 3.82481e-09 1.27996e-09-1.32786e-09-3.90536e-09
-6.36612e-09-8.64660e-09-1.07075e-08-1.25184e-08-1.40457e-08-1.52556e-08
-1.61233e-08-1.66274e-08-1.67329e-08-1.63863e-08-1.55338e-08-1.41498e-08
-1.22538e-08-9.90549e-09-7.18520e-09-4.17245e-09-9.29183e-10 2.50385e-09
 6.09284e-09 9.78242e-09 1.34706e-08 1.70075e-08 2.02179e-08 2.29271e-08
 2.49797e-08 2.62661e-08 2.67755e-08 2.66600e-08 2.62619e-08 2.60584e-08
 2.65100e-08 2.78219e-08 2.96527e-08 3.08381e-08 2.92518e-08 2.19641e-08
 5.85269e-09-2.12406e-08-5.88559e-08-1.02239e-07-1.42907e-07-1.72355e-07
-1.82840e-07-1.65555e-07-1.17103e-07-4.65394e-08 3.01565e-08 9.59550e-08
 1.33782e-07 1.32418e-07 9.28628e-08 2.92322e-08-3.50302e-08-7.66531e-08
-8.34959e-08-5.94290e-08-2.06357e-08 1.49542e-08 3.88855e-08 5.52380e-08
 7.28754e-08 9.36139e-08 1.07343e-07 9.98689e-08 6.67941e-08 2.22033e-08
-4.35593e-09 1.56618e-08 8.72336e-08 1.80872e-07 2.47653e-07 2.53545e-07
 2.07108e-07 1.51339e-07 1.18407e-07 9.85811e-08 6.07685e-08-1.50504e-08
-1.31816e-07-2.80335e-07-4.40524e-07-5.80860e-07-6.61782e-07-6.51026e-07
-5.41152e-07-3.52351e-07-1.22281e-07 1.06925e-07 2.98295e-07 4.26703e-07
 4.84176e-07 4.79120e-07 4.28125e-07 3.46049e-07 2.41275e-07 1.20503e-07
-1.72951e-09-9.90213e-08-1.42222e-07-1.20596e-07-5.85358e-08-7.11922e-09
-7.83174e-09-5.47495e-08-9.61746e-08-8.59366e-08-3.43314e-08 4.40941e-09
-9.83610e-10-2.34272e-08-2.23809e-08-7.58487e-10 1.04463e-08 5.01436e-09
 2.18964e-09 6.89410e-09 7.44877e-09 3.59259e-09 3.51134e-09 4.55281e-09
 1.92037e-09 1.99686e-10 1.33131e-09 8.80773e-10-3.92515e-10 3.46082e-10
 6.10330e-10-2.84778e-10 1.30352e-10 6.67545e-10 1.88842e-10 4.13776e-10
 7.37621e-10 1.72195e-10 5.71852e-11 9.67785e-11-4.55287e-10-6.34639e-10
-7.69106e-10-1.38204e-09-1.72250e-09-2.08287e-09-2.62746e-09-2.73614e-09
-2.77719e-09-2.80499e-09-2.48811e-09-2.20500e-09-1.86164e-09-1.36852e-09
-1.01574e-09-5.64465e-10-1.25907e-11 5.27979e-10 1.20972e-09 1.83542e-09
 2.37921e-09 2.90827e-09 3.27301e-09 3.53072e-09 3.65495e-09 3.61569e-09
 3.47679e-09 3.18606e-09 2.80873e-09 2.37115e-09 1.86237e-09 1.32930e-09
 7.16806e-10 1.54955e-11-7.35433e-10-1.48011e-09-2.15630e-09-2.74363e-09
-3.20386e-09-3.53596e-09-3.74590e-09-3.81289e-09-3.74786e-09-3.58046e-09
-3.31740e-09-2.92712e-09-2.39112e-09-1.72376e-09-9.54189e-10-1.29711e-10
 6.95063e-10 1.48246e-09 2.20931e-09 2.84009e-09 3.34230e-09 3.71371e-09
 3.96482e-09 4.10892e-09 4.15813e-09 4.09142e-09 3.87024e-09 3.49341e-09
 2.99336e-09 2.41245e-09 1.79444e-09 1.17181e-09 5.75756e-10 3.18189e-11
-4.62699e-10-9.10998e-10-1.29887e-09-1.62033e-09-1.86906e-09-2.02383e-09
-2.06208e-09-1.96351e-09-1.72732e-09-1.38912e-09-9.92098e-10-5.73010e-10
-1.70648e-10 1.94046e-10 5.22936e-10 8.22532e-10 1.09651e-09 1.32972e-09
 1.48420e-09 1.52648e-09 1.44221e-09 1.22916e-09 8.94695e-10 4.59487e-10
-4.56780e-11-5.85630e-10-1.12355e-09-1.63486e-09-2.12116e-09-2.60002e-09
-3.07930e-09-3.53196e-09-3.89968e-09-4.13561e-09-4.22873e-09-4.18520e-09
-4.01841e-09-3.74769e-09-3.38521e-09-2.94732e-09-2.46670e-09-1.96338e-09
-1.43689e-09-8.96969e-10-3.68947e-10 1.11738e-10 4.88619e-10 7.10392e-10
 7.84990e-10 7.72231e-10 7.34936e-10 7.28426e-10 7.97204e-10 9.46083e-10
 1.14422e-09 1.36052e-09 1.56044e-09 1.69042e-09 1.70787e-09 1.59930e-09
 1.35827e-09 9.97672e-10 5.79234e-10 1.87269e-10-1.00824e-10-1.94481e-10
 6.24223e-12 5.57910e-10 1.45015e-09 2.60398e-09 3.84320e-09 4.89976e-09
 5.49502e-09 5.42630e-09 4.61060e-09 3.10731e-09 1.11455e-09-1.08593e-09
-3.18702e-09-4.88040e-09-5.89309e-09-6.03158e-09-5.20715e-09-3.47549e-09
-1.05960e-09 1.69108e-09 4.36334e-09 6.55926e-09 7.99857e-09 8.57605e-09
 8.35294e-09 7.50692e-09 6.25199e-09 4.78795e-09 3.28811e-09 1.87075e-09
 5.87870e-10-5.57361e-10-1.60762e-09-2.61950e-09-3.60869e-09-4.54211e-09
-5.35229e-09-5.95691e-09-6.28637e-09-6.28640e-09-5.93459e-09-5.28896e-09
-4.48654e-09-3.68331e-09-2.99243e-09-2.44482e-09-2.00035e-09-1.59543e-09
-1.16315e-09-6.39677e-10 3.89955e-12 7.37435e-10 1.48322e-09 2.15024e-09
 2.67007e-09 3.01217e-09 3.17489e-09 3.17323e-09 3.03950e-09 2.82183e-09
 2.56504e-09 2.29295e-09 1.99991e-09 1.65144e-09 1.20537e-09 6.32042e-10
-7.92071e-11-9.07142e-10-1.79108e-09-2.64380e-09-3.37219e-09-3.90763e-09
-4.23314e-09-4.37180e-09-4.35074e-09-4.17727e-09-3.83206e-09-3.28626e-09
-2.53340e-09-1.60337e-09-5.59706e-10 5.08009e-10 1.50441e-09 2.35646e-09
 3.03337e-09 3.54949e-09 3.94509e-09 4.25059e-09 4.46345e-09 4.56203e-09
 4.53665e-09 4.40420e-09 4.19650e-09 3.92994e-09 3.58330e-09 3.10640e-09
 2.44526e-09 1.56401e-09 4.66722e-10-7.85616e-10-2.08027e-09-3.28163e-09
-4.27545e-09-5.00717e-09-5.48086e-09-5.71968e-09-5.72664e-09-5.48026e-09
-4.96870e-09-4.22961e-09-3.35575e-09-2.46130e-09-1.63976e-09-9.38854e-10
-3.50175e-10 1.90355e-10 7.80602e-10 1.50376e-09 2.37657e-09 3.33527e-09
 4.27250e-09 5.09110e-09 5.73039e-09 6.15130e-09 6.30432e-09 6.12150e-09
 5.55234e-09 4.61351e-09 3.40361e-09 2.07234e-09 7.72373e-10-3.78201e-10
-1.31844e-09-2.05825e-09-2.67316e-09-3.26133e-09-3.87930e-09-4.51214e-09
-5.10834e-09-5.63870e-09-6.11249e-09-6.53210e-09-6.83158e-09-6.86486e-09
-6.46775e-09-5.55230e-09-4.16621e-09-2.48380e-09-7.42639e-10 8.39551e-10
 2.13875e-09 3.16543e-09 4.04658e-09 4.93989e-09 5.92395e-09 6.94795e-09
 7.88762e-09 8.65535e-09 9.25242e-09 9.70861e-09 9.97538e-09 9.88517e-09
 9.21780e-09 7.82120e-09 5.70772e-09 3.07993e-09 2.79916e-10-2.32156e-09
-4.45940e-09-6.06985e-09-7.28524e-09-8.31766e-09-9.30594e-09-1.02460e-08
-1.10592e-08-1.17192e-08-1.22958e-08-1.28614e-08-1.33511e-08-1.35230e-08
-1.30555e-08-1.16944e-08-9.34957e-09-6.11621e-09-2.24212e-09 1.94536e-09
 6.14148e-09 1.01391e-08 1.38034e-08 1.69571e-08 1.92993e-08 2.04669e-08
 2.02162e-08 1.85698e-08 1.57953e-08 1.22436e-08 8.20382e-09 3.89973e-09
-4.10142e-10-4.37065e-09-7.58485e-09-9.72761e-09-1.06274e-08-1.02998e-08
-8.95874e-09-6.98709e-09-4.83500e-09-2.88250e-09-1.37277e-09-4.35930e-10
-5.25849e-11 8.17724e-12
     0.0000e+00     0.0000e+00      0  0  0.00
     512   1.00000  0.0000e+00
-3.91546e-09-4.08948e-09-4.11326e-09-3.89706e-09-3.37936e-09-2.55455e-09
-1.46990e-09-1.99144e-10 1.17948e-09 2.58397e-09 3.91800e-09 5.07325e-09
 5.95843e-09 6.54414e-09 6.89208e-09 7.13618e-09 7.41316e-09 7.78268e-09
 8.19216e-09 8.50637e-09 8.57266e-09 8.27750e-09 7.57537e-09 6.49676e-09
 5.14079e-09 3.65154e-09 2.18646e-09 8.86545e-10-1.58499e-10-9.52214e-10
-1.60966e-09-2.31367e-09-3.21741e-09-4.35458e-09-5.61764e-09-6.81474e-09
-7.76737e-09-8.39187e-09-8.72028e-09-8.85108e-09-8.86588e-09-8.77265e-09
-8.51174e-09-8.00578e-09-7.20798e-09-6.12530e-09-4.82046e-09-3.40228e-09
-2.00705e-09-7.65024e-10 2.52565e-10 1.08402e-09 1.87470e-09 2.79200e-09
 3.89726e-09 5.05893e-09 5.95849e-09 6.17750e-09 5.33710e-09 3.27625e-09
 2.45912e-10-2.93564e-09-4.84201e-09-3.59836e-09 2.65989e-09 1.49672e-08
 3.24342e-08 5.12104e-08 6.39604e-08 6.06487e-08 3.33493e-08-1.49061e-08
-6.77521e-08-1.06970e-07-1.24883e-07-1.21990e-07-9.73500e-08-5.01094e-08
 1.09624e-08 6.66802e-08 9.69899e-08 9.20352e-08 5.78424e-08 1.32787e-08
-1.95027e-08-2.63352e-08-8.43868e-09 1.93314e-08 3.92623e-08 4.31023e-08
 3.63631e-08 3.17443e-08 3.73511e-08 4.90346e-08 5.36495e-08 4.05494e-08
 1.05021e-08-2.44306e-08-4.55945e-08-3.42663e-08 1.40656e-08 7.87066e-08
 1.29888e-07 1.51449e-07 1.35051e-07 6.84691e-08-5.88166e-08-2.45670e-07
-4.68975e-07-6.80601e-07-8.14569e-07-7.95843e-07-5.67559e-07-1.28298e-07
 4.54958e-07 1.04987e-06 1.47894e-06 1.57632e-06 1.25883e-06 5.78132e-07
-2.71100e-07-1.00657e-06-1.36634e-06-1.22960e-06-6.87572e-07-1.40568e-08
 4.64676e-07 5.46590e-07 2.71783e-07-1.07088e-07-2.99268e-07-1.88201e-07
 8.63092e-08 2.62016e-07 1.99494e-07 6.41793e-09-9.90228e-08-3.70755e-08
 6.80368e-08 7.61601e-08 7.13674e-09-3.01357e-08-1.07376e-08 3.61974e-09
-9.78757e-09-1.61109e-08-7.36937e-09-7.17231e-09-1.27354e-08-8.06236e-09
-2.36229e-09-4.60211e-09-3.99157e-09 7.77152e-10 6.75698e-10-6.50797e-11
 2.98910e-09 3.58503e-09 2.38357e-09 3.79087e-09 3.97902e-09 2.44657e-09
 2.84513e-09 2.78699e-09 1.54151e-09 1.75394e-09 1.58936e-09 5.01876e-10
 4.52093e-10 3.47274e-11-8.35681e-10-8.12114e-10-1.15452e-09-1.64824e-09
-1.55796e-09-1.90377e-09-2.11628e-09-1.88774e-09-1.92586e-09-1.66854e-09
-1.32140e-09-1.23768e-09-9.31777e-10-7.44953e-10-5.82380e-10-1.70629e-10
 1.33022e-10 4.96455e-10 8.31915e-10 9.94014e-10 1.20360e-09 1.32897e-09
 1.44478e-09 1.56895e-09 1.55269e-09 1.46601e-09 1.25459e-09 1.02551e-09
 8.84382e-10 7.39669e-10 5.56324e-10 3.00291e-10 5.01650e-11-1.49706e-10
-3.32520e-10-4.85734e-10-5.98141e-10-6.12515e-10-4.99970e-10-3.02930e-10
-1.04118e-10 4.92185e-11 2.15726e-10 4.83401e-10 8.69621e-10 1.25668e-09
 1.47156e-09 1.47793e-09 1.44019e-09 1.54048e-09 1.75115e-09 1.86439e-09
 1.73635e-09 1.45003e-09 1.22278e-09 1.17689e-09 1.22006e-09 1.14608e-09
 8.46689e-10 4.16267e-10 4.26573e-11-1.93431e-10-4.00767e-10-7.51005e-10
-1.27392e-09-1.81745e-09-2.22337e-09-2.49814e-09-2.77461e-09-3.13057e-09
-3.49873e-09-3.75580e-09-3.85094e-09-3.82537e-09-3.73818e-09-3.60688e-09
-3.40387e-09-3.09316e-09-2.67952e-09-2.21425e-09-1.74521e-09-1.27294e-09
-7.67015e-10-2.26029e-10 2.99218e-10 7.55717e-10 1.13652e-09 1.45795e-09
 1.71322e-09 1.87682e-09 1.94175e-09 1.93181e-09 1.87650e-09 1.78686e-09
 1.66304e-09 1.50810e-09 1.32874e-09 1.14134e-09 9.74766e-10 8.49982e-10
 7.63595e-10 7.09948e-10 7.06053e-10 7.80601e-10 9.53781e-10 1.22175e-09
 1.55466e-09 1.92796e-09 2.33445e-09 2.74190e-09 3.06792e-09 3.21265e-09
 3.09503e-09 2.66537e-09 1.92398e-09 9.26886e-10-2.48461e-10-1.51365e-09
-2.72891e-09-3.70175e-09-4.26004e-09-4.31782e-09-3.88590e-09-3.05106e-09
-1.94780e-09-7.58497e-10 2.49473e-10 7.43677e-10 4.60300e-10-6.63145e-10
-2.46991e-09-4.64418e-09-6.77945e-09-8.42929e-09-9.13114e-09-8.46159e-09
-6.20640e-09-2.55834e-09 1.86927e-09 6.25060e-09 9.79302e-09 1.18674e-08
 1.20339e-08 1.00823e-08 6.16745e-09 9.47082e-10-4.48334e-09-8.91898e-09
-1.14474e-08-1.16677e-08-9.66604e-09-5.88832e-09-1.05781e-09 3.86129e-09
 7.80357e-09 9.92633e-09 9.95728e-09 8.29452e-09 5.77436e-09 3.29622e-09
 1.54925e-09 9.17268e-10 1.46596e-09 2.92361e-09 4.69591e-09 6.00277e-09
 6.15871e-09 4.88781e-09 2.47275e-09-3.67462e-10-2.78446e-09-4.10998e-09
-4.03853e-09-2.67337e-09-4.86532e-10 1.78650e-09 3.34066e-09 3.57375e-09
 2.33405e-09 6.00275e-12-2.63242e-09-4.71387e-09-5.59833e-09-5.08001e-09
-3.42924e-09-1.27849e-09 5.98166e-10 1.55336e-09 1.30522e-09 4.91803e-11
-1.62441e-09-2.97319e-09-3.39283e-09-2.64952e-09-9.76624e-10 1.00702e-09
 2.53710e-09 3.01494e-09 2.25372e-09 5.47229e-10-1.45934e-09-3.02925e-09
-3.61808e-09-3.08274e-09-1.73536e-09-2.09883e-10 8.06250e-10 8.60665e-10
-7.55875e-11-1.59237e-09-3.00826e-09-3.66667e-09-3.22894e-09-1.82062e-09
 3.37560e-11 1.64450e-09 2.45020e-09 2.25395e-09 1.30780e-09 2.01141e-10
-4.12271e-10-1.27106e-10 1.01986e-09 2.56904e-09 3.85006e-09 4.28679e-09
 3.66286e-09 2.22571e-09 5.70927e-10-6.40377e-10-9.90093e-10-4.92159e-10
 4.22427e-10 1.12019e-09 1.08248e-09 1.68252e-10-1.31666e-09-2.77861e-09
-3.63414e-09-3.59048e-09-2.77581e-09-1.66754e-09-8.51418e-10-7.20037e-10
-1.26523e-09-2.08280e-09-2.58910e-09-2.33083e-09-1.22568e-09 3.90842e-10
 1.93626e-09 2.87548e-09 2.98486e-09 2.45343e-09 1.77047e-09 1.45775e-09
 1.78840e-09 2.64069e-09 3.56154e-09 4.01205e-09 3.66795e-09 2.60039e-09
 1.22907e-09 8.02547e-11-5.04750e-10-5.45103e-10-3.91558e-10-5.18301e-10
-1.24446e-09-2.52956e-09-3.96641e-09-4.99597e-09-5.22408e-09-4.64613e-09
-3.64368e-09-2.75829e-09-2.37610e-09-2.50632e-09-2.78616e-09-2.70984e-09
-1.93537e-09-4.78919e-10 1.30476e-09 2.92635e-09 4.03543e-09 4.61450e-09
 4.96566e-09 5.47447e-09 6.29776e-09 7.19915e-09 7.66104e-09 7.20234e-09
 5.68991e-09 3.44664e-09 1.09683e-09-7.53361e-10-1.81259e-09-2.20754e-09
-2.34030e-09-2.60421e-09-3.15042e-09-3.85148e-09-4.46995e-09-4.90741e-09
-5.35254e-09-6.19342e-09-7.71520e-09-9.78720e-09-1.17862e-08-1.28349e-08
-1.22045e-08-9.64172e-09-5.45882e-09-3.72047e-10 4.80460e-09 9.42928e-09
 1.31103e-08 1.55840e-08 1.65569e-08 1.57083e-08 1.29022e-08 8.45427e-09
 3.22823e-09-1.56304e-09-4.79005e-09-5.85208e-09-4.88403e-09-2.61140e-09
 3.22937e-11 2.27976e-09 3.71136e-09 4.22159e-09 3.86801e-09 2.73573e-09
 9.22557e-10-1.35168e-09-3.64591e-09-5.37071e-09-6.02111e-09-5.34555e-09
-3.24000e-09-9.08704e-10
     0.0000e+00     0.0000e+00      0  0  0.00
     512   1.00000  0.0000e+00
 3.65802e-09 3.97980e-09 3.93688e-09 3.50123e-09 2.78292e-09 1.99421e-09
 1.35445e-09 9.98212e-10 9.28850e-10 1.02405e-09 1.09124e-09 9.65584e-10
 6.08505e-10 1.35141e-10-2.63123e-10-4.47218e-10-4.14469e-10-2.99541e-10
-3.37822e-10-8.39594e-10-2.14538e-09-4.49027e-09-7.78900e-09-1.14914e-08
-1.46608e-08-1.62573e-08-1.54721e-08-1.19863e-08-6.09637e-09 1.31891e-09
 8.99774e-09 1.56065e-08 2.00554e-08 2.17256e-08 2.05804e-08 1.71622e-08
 1.24534e-08 7.58305e-09 3.44611e-09 4.17022e-10-1.66867e-09-3.27661e-09
-4.87125e-09-6.72247e-09-8.86019e-09-1.11394e-08-1.33663e-08-1.54230e-08
-1.73167e-08-1.91240e-08-2.08898e-08-2.25706e-08-2.40441e-08-2.51252e-08
-2.55504e-08-2.49868e-08-2.31472e-08-2.00018e-08-1.59664e-08-1.19422e-08
-9.15241e-09-8.77411e-09-1.13934e-08-1.63670e-08-2.12578e-08-2.15813e-08
-1.11554e-08 1.66286e-08 6.63977e-08 1.37319e-07 2.19685e-07 2.94131e-07
 3.34684e-07 3.16967e-07 2.32121e-07 9.37436e-08-7.02660e-08-2.24038e-07
-3.26381e-07-3.45670e-07-2.76741e-07-1.44628e-07 3.13437e-09 1.13906e-07
 1.51683e-07 1.11936e-07 2.13056e-08-7.94377e-08-1.58581e-07-2.05818e-07
-2.26260e-07-2.22316e-07-1.80873e-07-8.27008e-08 6.94907e-08 2.26513e-07
 2.98930e-07 2.09094e-07-3.82508e-08-3.31616e-07-5.12721e-07-4.82657e-07
-2.74826e-07-2.69002e-08 1.43412e-07 2.27582e-07 2.82765e-07 3.46887e-07
 4.14678e-07 4.57892e-07 4.47549e-07 3.58293e-07 1.74605e-07-7.48491e-08
-2.98953e-07-3.85055e-07-2.67108e-07 2.70160e-08 3.75821e-07 6.11417e-07
 5.90870e-07 2.69202e-07-2.57158e-07-7.70466e-07-1.02473e-06-8.79530e-07
-3.98347e-07 1.63516e-07 4.97995e-07 4.43061e-07 1.04346e-07-2.15298e-07
-2.54948e-07-1.87927e-08 2.34166e-07 2.56850e-07 7.09238e-08-8.39879e-08
-5.40632e-08 6.05733e-08 8.64308e-08 2.01531e-08-1.91086e-08 1.14208e-09
 1.27464e-08-4.74227e-09-9.54256e-09 7.79940e-10-2.40665e-09-9.47475e-09
-2.84830e-09 1.44676e-09-3.78879e-09-3.12707e-09 8.54018e-10-1.80384e-09
-2.52722e-09 1.03924e-09 2.32893e-10-9.71204e-10 1.27429e-09 9.24680e-10
-7.75057e-11 1.65593e-09 1.58800e-09 7.11710e-10 1.58277e-09 1.00798e-09
 2.10597e-10 1.07307e-09 1.12885e-09 1.41758e-09 2.55825e-09 2.47512e-09
 2.34406e-09 2.31715e-09 1.34002e-09 7.66660e-10 3.21991e-10-3.03729e-10
-1.58325e-10-9.56111e-11-2.53337e-10-3.77862e-10-1.04283e-09-1.63344e-09
-2.07526e-09-2.61869e-09-2.84406e-09-2.99649e-09-2.98624e-09-2.71486e-09
-2.42630e-09-1.94563e-09-1.45577e-09-1.05449e-09-6.93882e-10-4.49965e-10
-8.34992e-11 4.77291e-10 1.19917e-09 2.00446e-09 2.72883e-09 3.31863e-09
 3.66889e-09 3.78626e-09 3.75788e-09 3.64853e-09 3.52998e-09 3.38746e-09
 3.14152e-09 2.69011e-09 2.00617e-09 1.13152e-09 1.06378e-10-1.01062e-09
-2.13123e-09-3.15327e-09-3.98602e-09-4.56147e-09-4.88192e-09-5.03983e-09
-5.13405e-09-5.19931e-09-5.20858e-09-5.09346e-09-4.78723e-09-4.27022e-09
-3.56492e-09-2.74415e-09-1.94938e-09-1.33267e-09-9.61660e-10-7.74647e-10
-6.40596e-10-4.84055e-10-3.12753e-10-1.41757e-10 3.18502e-11 1.94494e-10
 2.89983e-10 2.25113e-10-6.04466e-11-5.13773e-10-9.79235e-10-1.28206e-09
-1.33146e-09-1.17963e-09-9.56365e-10-7.57105e-10-6.09609e-10-4.89802e-10
-3.38966e-10-8.72687e-11 3.19100e-10 8.96195e-10 1.62099e-09 2.44150e-09
 3.27624e-09 4.01885e-09 4.57877e-09 4.94882e-09 5.22977e-09 5.55810e-09
 5.99352e-09 6.47004e-09 6.84367e-09 6.98848e-09 6.86570e-09 6.52724e-09
 6.07358e-09 5.59035e-09 5.10933e-09 4.64961e-09 4.25304e-09 3.91944e-09
 3.56198e-09 3.07432e-09 2.41782e-09 1.66261e-09 9.67136e-10 4.70890e-10
 1.74496e-10-5.38122e-11-3.62292e-10-8.23573e-10-1.39997e-09-1.95664e-09
-2.34728e-09-2.49614e-09-2.37997e-09-2.00480e-09-1.46587e-09-9.60730e-10
-6.91391e-10-7.89887e-10-1.30288e-09-2.17000e-09-3.24431e-09-4.37968e-09
-5.46493e-09-6.38383e-09-7.02410e-09-7.32034e-09-7.23101e-09-6.70498e-09
-5.72566e-09-4.39837e-09-3.00396e-09-1.95936e-09-1.64599e-09-2.16881e-09
-3.25043e-09-4.37918e-09-5.07647e-09-5.09681e-09-4.46883e-09-3.38538e-09
-2.08508e-09-8.26508e-10 1.26048e-10 5.56644e-10 3.43370e-10-5.10979e-10
-1.85859e-09-3.40281e-09-4.71507e-09-5.32755e-09-4.89907e-09-3.36158e-09
-9.96860e-10 1.62673e-09 3.88260e-09 5.31143e-09 5.72486e-09 5.22916e-09
 4.18694e-09 3.11590e-09 2.52272e-09 2.70059e-09 3.62876e-09 5.03539e-09
 6.51494e-09 7.62848e-09 7.99588e-09 7.39797e-09 5.89109e-09 3.84317e-09
 1.80129e-09 2.77901e-10-4.06866e-10-2.05296e-10 6.35057e-10 1.62645e-09
 2.21064e-09 2.00407e-09 9.81165e-10-5.15289e-10-1.93812e-09-2.77622e-09
-2.74910e-09-1.90441e-09-6.02705e-10 6.20742e-10 1.27330e-09 1.11905e-09
 2.90003e-10-7.73333e-10-1.51595e-09-1.50402e-09-6.07071e-10 9.59567e-10
 2.73331e-09 4.16076e-09 4.76011e-09 4.27056e-09 2.74731e-09 5.64854e-10
-1.69817e-09-3.47422e-09-4.41550e-09-4.49521e-09-3.97875e-09-3.29060e-09
-2.82896e-09-2.79150e-09-3.08083e-09-3.34399e-09-3.15454e-09-2.27338e-09
-8.45855e-10 6.05788e-10 1.42178e-09 1.15811e-09-1.49846e-10-1.96601e-09
-3.47149e-09-3.90492e-09-2.88909e-09-6.14242e-10 2.21943e-09 4.69766e-09
 6.10134e-09 6.21572e-09 5.35516e-09 4.10393e-09 2.95790e-09 2.08963e-09
 1.35553e-09 4.94568e-10-6.38816e-10-1.94118e-09-3.06845e-09-3.57097e-09
-3.11979e-09-1.73189e-09 1.50795e-10 1.81621e-09 2.60202e-09 2.18788e-09
 6.97089e-10-1.40652e-09-3.51670e-09-5.06479e-09-5.64592e-09-5.10858e-09
-3.60577e-09-1.55719e-09 5.10607e-10 2.17399e-09 3.23346e-09 3.68452e-09
 3.61083e-09 3.10990e-09 2.28156e-09 1.23450e-09 8.78871e-11-9.96246e-10
-1.74656e-09-1.78179e-09-7.77035e-10 1.25657e-09 3.78957e-09 5.89353e-09
 6.66378e-09 5.69587e-09 3.30301e-09 3.54179e-10-2.13961e-09-3.46189e-09
-3.46208e-09-2.56175e-09-1.48926e-09-8.56668e-10-8.21950e-10-1.08307e-09
-1.23422e-09-1.20356e-09-1.37522e-09-2.24981e-09-3.92152e-09-5.82813e-09
-6.99478e-09-6.60049e-09-4.49162e-09-1.33942e-09 1.63847e-09 3.25689e-09
 2.96686e-09 1.16588e-09-1.00136e-09-2.28835e-09-2.04477e-09-4.75216e-10
 1.71288e-09 3.92934e-09 6.03172e-09 8.11830e-09 1.00585e-08 1.12589e-08
 1.09032e-08 8.47399e-09 4.17437e-09-1.00397e-09-5.60358e-09-8.29709e-09
-8.51309e-09-6.74108e-09-4.24851e-09-2.32834e-09-1.60037e-09-1.87937e-09
-2.63215e-09-3.52261e-09-4.52060e-09-5.55459e-09-6.17663e-09-5.66674e-09
-3.52019e-09 1.14582e-10 4.38410e-09 8.05033e-09 9.97596e-09 9.58594e-09
 7.13864e-09 3.62274e-09 2.41661e-10-2.20080e-09-3.50450e-09-3.69287e-09
-2.50362e-09-7.50985e-10
     0.0000e+00     0.0000e+00      0  0  0.00
     512   1.00000  0.0000e+00
-3.78457e-09-3.38594e-09-2.79510e-09-2.07951e-09-1.31603e-09-5.64237e-10
 1.44254e-10 8.01531e-10 1.41715e-09 2.01605e-09 2.63381e-09 3.30435e-09
 4.04368e-09 4.83536e-09 5.62305e-09 6.31885e-09 6.83121e-09 7.09951e-09
 7.11347e-09 6.90756e-09 6.54209e-09 6.08804e-09 5.61780e-09 5.19189e-09
 4.83886e-09 4.53979e-09 4.22788e-09 3.80401e-09 3.16821e-09 2.26313e-09
 1.10922e-09-1.94184e-10-1.50425e-09-2.68372e-09-3.64153e-09-4.35555e-09
-4.87187e-09-5.27851e-09-5.66324e-09-6.07608e-09-6.51370e-09-6.92811e-09
-7.25097e-09-7.42815e-09-7.45769e-09-7.40844e-09-7.39927e-09-7.54958e-09
-7.92811e-09-8.51818e-09-9.21052e-09-9.83151e-09-1.01990e-08-1.01787e-08
-9.71832e-09-8.86882e-09-7.81414e-09-6.90266e-09-6.64659e-09-7.65017e-09
-1.04376e-08-1.51720e-08-2.12916e-08-2.71555e-08-2.98696e-08-2.55170e-08
-1.00074e-08 1.93412e-08 6.15941e-08 1.09975e-07 1.52753e-07 1.80344e-07
 1.89997e-07 1.79060e-07 1.41536e-07 7.70982e-08-4.88783e-09-8.95224e-08
-1.58363e-07-1.94016e-07-1.89026e-07-1.50707e-07-9.89775e-08-5.80750e-08
-4.40252e-08-5.48585e-08-7.19333e-08-7.32635e-08-5.06809e-08-1.78532e-08
-3.40144e-10-1.49831e-08-5.63622e-08-9.97364e-08-1.17082e-07-9.43987e-08
-3.74744e-08 3.40599e-08 9.42026e-08 1.18066e-07 9.63661e-08 4.90198e-08
 1.58689e-08 2.62516e-08 8.18656e-08 1.70462e-07 2.82005e-07 4.02858e-07
 5.07278e-07 5.63716e-07 5.41924e-07 4.16539e-07 1.78505e-07-1.52411e-07
-5.25439e-07-8.63842e-07-1.07839e-06-1.09486e-06-8.86281e-07-4.92669e-07
-1.74898e-08 4.02440e-07 6.46970e-07 6.62297e-07 4.85060e-07 2.25563e-07
 1.37202e-08-6.72182e-08-2.12745e-08 7.29104e-08 1.22178e-07 8.57164e-08
-1.19885e-09-6.62966e-08-6.79943e-08-2.81842e-08 2.06065e-10-7.70808e-09
-3.01946e-08-3.60058e-08-2.28600e-08-9.92504e-09-6.43868e-09-5.27355e-09
-1.11457e-09 2.71703e-09 4.13272e-09 5.27656e-09 6.35034e-09 5.85596e-09
 4.71563e-09 4.17635e-09 3.46057e-09 2.32947e-09 1.58777e-09 9.54665e-10
-2.87922e-11-8.63830e-10-1.47504e-09-2.16152e-09-2.61676e-09-2.75147e-09
-2.86808e-09-2.86380e-09-2.69663e-09-2.58028e-09-2.42364e-09-2.16958e-09
-1.95062e-09-1.70651e-09-1.43519e-09-1.22624e-09-9.98983e-10-7.43942e-10
-5.09255e-10-2.49319e-10-2.68634e-12 1.93708e-10 3.62641e-10 4.71903e-10
 5.50431e-10 6.46336e-10 7.31552e-10 8.03958e-10 8.59210e-10 8.81157e-10
 8.81855e-10 8.63604e-10 8.39758e-10 8.14043e-10 7.73872e-10 7.30012e-10
 6.77687e-10 6.14953e-10 5.60898e-10 5.12570e-10 4.64129e-10 4.30983e-10
 4.24471e-10 4.17911e-10 3.86515e-10 3.64313e-10 3.88653e-10 4.45983e-10
 4.98923e-10 5.13381e-10 4.74336e-10 4.10874e-10 3.76583e-10 3.81095e-10
 3.80555e-10 3.36164e-10 2.50590e-10 1.57283e-10 8.90892e-11 4.37823e-11
-2.77307e-11-1.63383e-10-3.21809e-10-4.31137e-10-4.82800e-10-5.20718e-10
-5.79861e-10-6.63983e-10-7.47252e-10-8.02757e-10-8.35601e-10-8.68997e-10
-9.11577e-10-9.38455e-10-9.02387e-10-7.90454e-10-6.45727e-10-5.09907e-10
-3.85275e-10-2.50277e-10-8.53650e-11 9.67810e-11 2.57722e-10 3.85104e-10
 4.98139e-10 6.05438e-10 6.93256e-10 7.34148e-10 7.01932e-10 6.01488e-10
 4.62824e-10 3.05615e-10 1.34346e-10-5.68736e-11-2.76057e-10-5.06155e-10
-7.16808e-10-8.99525e-10-1.05392e-09-1.17081e-09-1.24046e-09-1.24552e-09
-1.17005e-09-1.02476e-09-8.30975e-10-6.01113e-10-3.49345e-10-8.63538e-11
 1.90432e-10 4.77468e-10 7.56348e-10 1.00921e-09 1.22005e-09 1.37149e-09
 1.45468e-09 1.46509e-09 1.39301e-09 1.23440e-09 9.94885e-10 6.79755e-10
 2.96606e-10-1.37323e-10-5.95695e-10-1.04651e-09-1.44927e-09-1.74259e-09
-1.85633e-09-1.74915e-09-1.41238e-09-8.60534e-10-1.55472e-10 6.00171e-10
 1.31399e-09 1.90360e-09 2.27006e-09 2.33720e-09 2.09504e-09 1.58692e-09
 9.13258e-10 2.38426e-10-2.72684e-10-5.06813e-10-3.83908e-10 1.31552e-10
 9.68988e-10 1.93174e-09 2.72730e-09 3.02037e-09 2.52885e-09 1.12897e-09
-1.11035e-09-3.95816e-09-7.04440e-09-9.87178e-09-1.18838e-08-1.25922e-08
-1.17027e-08-9.20806e-09-5.40860e-09-8.36851e-10 3.85455e-09 7.98565e-09
 1.09477e-08 1.23229e-08 1.20026e-08 1.02397e-08 7.57663e-09 4.67908e-09
 2.15385e-09 4.05091e-10-4.17533e-10-3.97238e-10 1.79185e-10 8.91418e-10
 1.32197e-09 1.18955e-09 4.43409e-10-7.15862e-10-1.93374e-09-2.84458e-09
-3.18039e-09-2.85249e-09-1.98028e-09-8.54378e-10 1.33075e-10 6.13448e-10
 3.94930e-10-4.65882e-10-1.68940e-09-2.85946e-09-3.56745e-09-3.54870e-09
-2.74924e-09-1.34465e-09 3.03024e-10 1.77162e-09 2.72182e-09 3.00505e-09
 2.71491e-09 2.13597e-09 1.61347e-09 1.42504e-09 1.67954e-09 2.26970e-09
 2.92167e-09 3.30404e-09 3.14524e-09 2.34641e-09 1.03425e-09-4.88278e-10
-1.85161e-09-2.75224e-09-3.07321e-09-2.91935e-09-2.55438e-09-2.29034e-09
-2.35841e-09-2.80670e-09-3.48330e-09-4.09978e-09-4.34588e-09-4.02397e-09
-3.13364e-09-1.86704e-09-5.37349e-10 5.43081e-10 1.19617e-09 1.44268e-09
 1.47269e-09 1.55310e-09 1.89923e-09 2.56555e-09 3.41897e-09 4.19538e-09
 4.61058e-09 4.49164e-09 3.85893e-09 2.91075e-09 1.93453e-09 1.18487e-09
 7.70774e-10 6.11486e-10 4.85735e-10 1.45340e-10-5.56941e-10-1.58754e-09
-2.74307e-09-3.73837e-09-4.33012e-09-4.42684e-09-4.12383e-09-3.64026e-09
-3.20220e-09-2.93206e-09-2.79177e-09-2.61093e-09-2.18485e-09-1.38932e-09
-2.60392e-10 1.00450e-09 2.13613e-09 2.92128e-09 3.29518e-09 3.36042e-09
 3.32607e-09 3.39088e-09 3.63266e-09 3.96513e-09 4.18426e-09 4.07844e-09
 3.54059e-09 2.62295e-09 1.51333e-09 4.44807e-10-4.20472e-10-1.06589e-09
-1.60493e-09-2.18975e-09-2.90286e-09-3.69383e-09-4.39538e-09-4.80688e-09
-4.80006e-09-4.39382e-09-3.75077e-09-3.08701e-09-2.55114e-09-2.14954e-09
-1.75484e-09-1.18671e-09-3.24128e-10 8.09602e-10 2.04199e-09 3.13577e-09
 3.91045e-09 4.32089e-09 4.45012e-09 4.43616e-09 4.38099e-09 4.28888e-09
 4.07302e-09 3.63554e-09 2.96787e-09 2.19177e-09 1.50557e-09 1.07211e-09
 9.21104e-10 9.21763e-10 8.37687e-10 4.38943e-10-3.80874e-10-1.54967e-09
-2.86255e-09-4.09153e-09-5.07654e-09-5.74753e-09-6.08629e-09-6.06679e-09
-5.62060e-09-4.66765e-09-3.21175e-09-1.43438e-09 3.03525e-10 1.57443e-09
 2.04319e-09 1.58682e-09 3.33183e-10-1.38513e-09-3.14009e-09-4.53049e-09
-5.25435e-09-5.10858e-09-3.96488e-09-1.79083e-09 1.27924e-09 4.88538e-09
 8.45624e-09 1.13163e-08 1.28651e-08 1.27680e-08 1.10667e-08 8.14285e-09
 4.56214e-09 9.07573e-10-2.32604e-09-4.77923e-09-6.24335e-09-6.65717e-09
-6.10367e-09-4.82188e-09-3.20093e-09-1.69512e-09-6.57892e-10-1.84795e-10
-6.10555e-11-2.03883e-11
     0.0000e+00     0.0000e+00      0  0  0.00
     512   1.00000  0.0000e+00
 9.31518e-10 8.50700e-10 7.51016e-10 6.66036e-10 6.12702e-10 5.75659e-10
 5.09040e-10 3.56969e-10 8.26048e-11-3.10765e-10-7.79869e-10-1.26324e-09
-1.71022e-09-2.09866e-09-2.43261e-09-2.72340e-09-2.96260e-09-3.09672e-09
-3.01529e-09-2.56403e-09-1.58837e-09-4.81382e-12 2.11682e-09 4.50279e-09
 6.70470e-09 8.21339e-09 8.61074e-09 7.70022e-09 5.57500e-09 2.60845e-09
-6.27010e-10-3.49366e-09-5.44435e-09-6.15830e-09-5.61539e-09-4.08907e-09
-2.06383e-09-9.64140e-11 1.34839e-09 2.02977e-09 1.96447e-09 1.34930e-09
 4.34387e-10-5.80189e-10-1.59414e-09-2.60600e-09-3.67302e-09-4.85204e-09
-6.15137e-09-7.51372e-09-8.82849e-09-9.95882e-09-1.07716e-08-1.11692e-08
-1.11235e-08-1.07082e-08-1.01133e-08-9.62699e-09-9.57212e-09-1.01946e-08
-1.15149e-08-1.31652e-08-1.42535e-08-1.33196e-08-8.47515e-09 2.16986e-09
 1.97335e-08 4.35034e-08 6.98055e-08 9.14966e-08 1.00822e-07 9.54606e-08
 7.80331e-08 4.92696e-08 1.06276e-08-2.93594e-08-6.00311e-08-7.43524e-08
-6.90150e-08-4.55838e-08-1.08871e-08 2.43804e-08 4.81974e-08 5.29776e-08
 4.06197e-08 2.14065e-08 7.66445e-09 6.03502e-09 1.25976e-08 1.52713e-08
 3.04708e-09-2.54331e-08-6.16294e-08-9.47054e-08-1.18104e-07-1.29403e-07
-1.27877e-07-1.15436e-07-9.89174e-08-8.77403e-08-8.80584e-08-1.01135e-07
-1.26498e-07-1.61392e-07-1.94432e-07-2.05341e-07-1.75816e-07-9.58435e-08
 4.00921e-08 2.30961e-07 4.60362e-07 6.93922e-07 8.81747e-07 9.64292e-07
 8.88787e-07 6.32700e-07 2.21630e-07-2.66842e-07-7.17596e-07-1.01121e-06
-1.06703e-06-8.77856e-07-5.18934e-07-1.22908e-07 1.73631e-07 2.89722e-07
 2.35020e-07 9.81196e-08-9.06249e-09-1.92759e-08 5.32592e-08 1.34242e-07
 1.54188e-07 1.04448e-07 3.63100e-08 5.28263e-09 1.78085e-08 3.59126e-08
 2.84240e-08 3.63218e-09-1.22966e-08-1.24113e-08-9.65279e-09-1.15182e-08
-1.30405e-08-1.11487e-08-9.17876e-09-8.15862e-09-6.05209e-09-3.59362e-09
-2.45910e-09-1.59170e-09-2.35550e-10 5.46744e-10 8.34632e-10 1.38139e-09
 1.65537e-09 1.45554e-09 1.40555e-09 1.32213e-09 9.56392e-10 7.46778e-10
 6.56507e-10 4.64212e-10 4.34143e-10 5.41677e-10 6.24950e-10 8.37489e-10
 1.07929e-09 1.19500e-09 1.30472e-09 1.35085e-09 1.27629e-09 1.20250e-09
 1.10924e-09 1.00485e-09 9.30083e-10 7.81750e-10 5.53263e-10 2.66199e-10
-1.28806e-10-5.75330e-10-1.01502e-09-1.41892e-09-1.73893e-09-1.99576e-09
-2.20090e-09-2.34194e-09-2.42009e-09-2.41423e-09-2.34090e-09-2.21565e-09
-2.01964e-09-1.76655e-09-1.46444e-09-1.09973e-09-6.73388e-10-2.10913e-10
 2.57383e-10 7.18308e-10 1.14110e-09 1.49181e-09 1.77182e-09 1.99274e-09
 2.16553e-09 2.29944e-09 2.37176e-09 2.32816e-09 2.15522e-09 1.90876e-09
 1.64051e-09 1.35298e-09 1.02850e-09 6.62921e-10 2.73463e-10-1.06553e-10
-4.49500e-10-7.62725e-10-1.07282e-09-1.37685e-09-1.63801e-09-1.81748e-09
-1.89220e-09-1.87445e-09-1.80346e-09-1.68684e-09-1.50250e-09-1.25970e-09
-9.96056e-10-7.36782e-10-4.71652e-10-1.63693e-10 1.88298e-10 5.30297e-10
 8.14095e-10 1.01856e-09 1.13801e-09 1.18394e-09 1.15853e-09 1.04730e-09
 8.52725e-10 5.98803e-10 3.21866e-10 5.41435e-11-2.16018e-10-5.24549e-10
-8.66461e-10-1.19414e-09-1.45624e-09-1.62520e-09-1.70306e-09-1.69107e-09
-1.57539e-09-1.35505e-09-1.04981e-09-6.78391e-10-2.53397e-10 2.08796e-10
 6.94115e-10 1.19796e-09 1.70894e-09 2.19523e-09 2.61243e-09 2.92338e-09
 3.11528e-09 3.18803e-09 3.13748e-09 2.97119e-09 2.70869e-09 2.35022e-09
 1.88189e-09 1.30484e-09 6.35219e-10-9.98078e-11-8.62120e-10-1.61349e-09
-2.30439e-09-2.86122e-09-3.22269e-09-3.36963e-09-3.29946e-09-3.01322e-09
-2.53590e-09-1.90591e-09-1.15917e-09-3.60325e-10 3.85517e-10 9.83027e-10
 1.38271e-09 1.57027e-09 1.56586e-09 1.43705e-09 1.28460e-09 1.22361e-09
 1.36735e-09 1.76910e-09 2.36931e-09 3.02305e-09 3.55119e-09 3.75257e-09
 3.42867e-09 2.44458e-09 7.70186e-10-1.49318e-09-4.08007e-09-6.58715e-09
-8.57413e-09-9.64968e-09-9.51135e-09-8.00280e-09-5.19861e-09-1.44736e-09
 2.65680e-09 6.38070e-09 9.04089e-09 1.01734e-08 9.59918e-09 7.43705e-09
 4.08591e-09 1.54722e-10-3.63639e-09-6.60214e-09-8.26935e-09-8.47908e-09
-7.38635e-09-5.39091e-09-3.01344e-09-7.77193e-10 8.93507e-10 1.79231e-09
 1.98857e-09 1.77243e-09 1.53770e-09 1.62051e-09 2.16441e-09 3.09506e-09
 4.15766e-09 4.99388e-09 5.26408e-09 4.75231e-09 3.44442e-09 1.57152e-09
-4.50796e-10-2.16331e-09-3.20244e-09-3.41131e-09-2.88115e-09-1.90015e-09
-8.59157e-10-1.34553e-10 4.08662e-11-3.43164e-10-1.07793e-09-1.81302e-09
-2.19436e-09-2.00917e-09-1.26390e-09-1.70850e-10 9.33010e-10 1.70919e-09
 1.94401e-09 1.62420e-09 9.43194e-10 2.32122e-10-1.79883e-10-1.02951e-10
 4.46901e-10 1.25573e-09 1.99492e-09 2.35545e-09 2.16735e-09 1.46536e-09
 4.80594e-10-4.54513e-10-1.04115e-09-1.12574e-09-7.59798e-10-1.77244e-10
 3.11100e-10 4.47354e-10 1.29058e-10-5.49412e-10-1.34042e-09-1.95112e-09
-2.16657e-09-1.94213e-09-1.42256e-09-8.67308e-10-5.21960e-10-5.05682e-10
-7.57473e-10-1.06187e-09-1.15145e-09-8.37059e-10-1.04323e-10 8.64760e-10
 1.76414e-09 2.30043e-09 2.32112e-09 1.87726e-09 1.19824e-09 5.83348e-10
 2.61611e-10 2.94967e-10 5.65721e-10 8.47311e-10 9.22965e-10 6.93603e-10
 2.23826e-10-2.96755e-10-6.59300e-10-7.51141e-10-6.14724e-10-4.19421e-10
-3.66258e-10-5.76805e-10-1.02201e-09-1.52596e-09-1.84395e-09-1.78152e-09
-1.29520e-09-5.18721e-10 2.96859e-10 8.95376e-10 1.12818e-09 1.01369e-09
 7.10701e-10 4.23485e-10 2.95654e-10 3.47153e-10 4.83037e-10 5.63833e-10
 4.93920e-10 2.81511e-10 3.89719e-11-8.38397e-11 7.24407e-13 2.51417e-10
 5.11400e-10 5.93248e-10 3.86332e-10-7.15119e-11-5.97927e-10-9.48282e-10
-9.37528e-10-5.35980e-10 1.16925e-10 7.87644e-10 1.26689e-09 1.46631e-09
 1.44318e-09 1.33936e-09 1.27142e-09 1.24567e-09 1.15654e-09 8.66101e-10
 3.05656e-10-4.67844e-10-1.29144e-09-1.97768e-09-2.41363e-09-2.61824e-09
-2.71441e-09-2.82660e-09-2.97465e-09-3.04301e-09-2.85251e-09-2.28838e-09
-1.40042e-09-4.10379e-10 3.85017e-10 7.63389e-10 6.90238e-10 3.32104e-10
-2.76367e-11-1.11502e-10 2.57530e-10 1.12396e-09 2.42666e-09 4.05104e-09
 5.85254e-09 7.62091e-09 9.02456e-09 9.61886e-09 8.96523e-09 6.81973e-09
 3.28686e-09-1.15071e-09-5.74375e-09-9.68152e-09-1.23075e-08-1.32619e-08
-1.25118e-08-1.02929e-08-7.02305e-09-3.22987e-09 5.06365e-10 3.61997e-09
 5.65535e-09 6.38381e-09 5.89276e-09 4.57072e-09 2.95725e-09 1.52765e-09
 5.35997e-10-6.27418e-12-2.35506e-10-3.05811e-10-3.00247e-10-2.26436e-10
-1.07984e-10-2.29325e-11
