      10
(6e12.5)
     0.0000e+00     0.0000e+00      0  0  0.00
     512   1.00000  0.0000e+00
 1.55334e-09 1.17255e-09 6.57496e-10 8.30215e-11-4.44979e-10-8.06491e-10
-9.05866e-10-7.18859e-10-3.19571e-10 1.37188e-10 4.77537e-10 5.84175e-10
 4.45066e-10 1.49781e-10-1.62058e-10-3.70207e-10-4.23411e-10-3.45869e-10
-2.04498e-10-6.46272e-11 3.56636e-11 8.42502e-11 8.25233e-11 3.99938e-11
-2.04350e-11-5.70461e-11-1.83636e-11 1.28644e-10 3.65093e-10 6.07175e-10
 7.32516e-10 6.40459e-10 3.14065e-10-1.56312e-10-6.07344e-10-8.77485e-10
-8.78870e-10-6.27890e-10-2.26499e-10 1.85232e-10 4.77730e-10 5.64126e-10
 4.13245e-10 5.03884e-11-4.47114e-10-9.60123e-10-1.35182e-09-1.51092e-09
-1.40119e-09-1.08708e-09-7.10172e-10-4.22813e-10-3.17506e-10-3.94819e-10
-5.82581e-10-7.85325e-10-9.30807e-10-9.91389e-10-9.77313e-10-9.13569e-10
-8.18125e-10-6.94908e-10-5.40183e-10-3.48944e-10-1.13769e-10 1.75409e-10
 5.17928e-10 8.79067e-10 1.18154e-09 1.33423e-09 1.28917e-09 1.08720e-09
 8.54794e-10 7.48564e-10 8.80861e-10 1.26840e-09 1.82728e-09 2.41181e-09
 2.87417e-09 3.11364e-09 3.09479e-09 2.83951e-09 2.41371e-09 1.91860e-09
 1.47576e-09 1.19170e-09 1.11051e-09 1.18861e-09 1.31910e-09 1.39332e-09
 1.35260e-09 1.19316e-09 9.29438e-10 5.53381e-10 2.39071e-11-7.05477e-10
-1.63985e-09-2.71029e-09-3.78171e-09-4.70151e-09-5.36123e-09-5.73546e-09
-5.88028e-09-5.90352e-09-5.93069e-09-6.07503e-09-6.40367e-09-6.90095e-09
-7.45448e-09-7.89109e-09-8.05261e-09-7.86307e-09-7.34573e-09-6.59145e-09
-5.71121e-09-4.80087e-09-3.92161e-09-3.08647e-09-2.24724e-09-1.28259e-09
 1.04849e-11 1.91196e-09 4.74025e-09 8.76605e-09 1.40958e-08 2.05647e-08
 2.76628e-08 3.44945e-08 3.97896e-08 4.20453e-08 3.98718e-08 3.25088e-08
 2.03291e-08 5.08835e-09-1.02534e-08-2.21726e-08-2.75787e-08-2.49047e-08
-1.48895e-08-6.25949e-10 1.33089e-08 2.23770e-08 2.36070e-08 1.64579e-08
 2.72514e-09-1.43194e-08-3.10752e-08-4.45942e-08-5.31426e-08-5.63043e-08
-5.47233e-08-4.96647e-08-4.25791e-08-3.47834e-08-2.72795e-08-2.06760e-08
-1.51890e-08-1.07144e-08-6.94827e-09-3.50747e-09-1.63829e-11 3.83774e-09
 8.25865e-09 1.33069e-08 1.89015e-08 2.48643e-08 3.09792e-08 3.70309e-08
 4.28310e-08 4.82611e-08 5.33320e-08 5.82067e-08 6.31449e-08 6.83860e-08
 7.40304e-08 7.99622e-08 8.58095e-08 9.09234e-08 9.43694e-08 9.49598e-08
 9.13575e-08 8.22677e-08 6.67079e-08 4.43318e-08 1.57201e-08-1.75582e-08
-5.32143e-08-8.86063e-08-1.20977e-07-1.47710e-07-1.66740e-07-1.77010e-07
-1.78798e-07-1.73804e-07-1.64878e-07-1.55512e-07-1.49438e-07-1.50524e-07
-1.62887e-07-1.90808e-07-2.37935e-07-3.05460e-07-3.89567e-07-4.79073e-07
-5.54495e-07-5.89374e-07-5.53846e-07-4.19965e-07-1.68408e-07 2.03658e-07
 6.74994e-07 1.19783e-06 1.70526e-06 2.12372e-06 2.38097e-06 2.41378e-06
 2.18321e-06 1.68087e-06 9.17452e-07-7.15271e-08-1.19188e-06-2.27871e-06
-3.12747e-06-3.54194e-06-3.38978e-06-2.65645e-06-1.47245e-06-1.06386e-07
 1.08770e-06 1.78761e-06 1.84392e-06 1.35294e-06 6.12234e-07-1.63114e-08
-2.74844e-07-1.33097e-07 2.08955e-07 4.56502e-07 4.16681e-07 1.26931e-07
-1.81606e-07-2.69331e-07-8.42605e-08 1.94997e-07 3.17040e-07 1.84725e-07
-5.90636e-08-1.77804e-07-8.16349e-08 8.73390e-08 1.22251e-07-1.12345e-08
-1.43205e-07-1.14965e-07 2.34881e-08 8.77025e-08 8.33062e-09-8.28010e-08
-5.01134e-08 4.98306e-08 6.31776e-08-2.20011e-08-6.57154e-08-8.36146e-09
 3.76546e-08-1.21030e-08-7.05603e-08-4.25478e-08 5.08104e-09-2.10234e-08
-6.25999e-08-3.25525e-08 1.19922e-08-4.87383e-09-2.26847e-08 1.44526e-08
 3.69315e-08 1.20345e-08 1.07084e-08 3.34544e-08 1.87630e-08-2.28634e-09
 5.28381e-09-2.13197e-09-2.03298e-08-1.84310e-08-1.89819e-08-2.36951e-08
-1.74367e-08-1.08482e-08-5.23706e-09 3.20877e-09 9.96225e-09 1.43185e-08
 1.65245e-08 1.56275e-08 1.21169e-08 6.97507e-09 1.28873e-09-3.66478e-09
-6.75081e-09-7.19004e-09-4.68928e-09 4.51286e-10 7.37355e-09 1.48415e-08
 2.15028e-08 2.61540e-08 2.79651e-08 2.66458e-08 2.25193e-08 1.64668e-08
 9.73063e-09 3.61711e-09-8.11859e-10-2.97623e-09-2.89157e-09-1.13512e-09
 1.31227e-09 3.30669e-09 3.81983e-09 2.20614e-09-1.60368e-09-7.05540e-09
-1.31005e-08-1.84768e-08-2.20577e-08-2.31502e-08-2.16558e-08-1.80726e-08
-1.33610e-08-8.70177e-09-5.18667e-09-3.51742e-09-3.81096e-09-5.58056e-09
-7.89886e-09-9.68569e-09-1.00314e-08-8.47066e-09-5.13309e-09-7.11382e-10
 3.75441e-09 7.19636e-09 8.82629e-09 8.35096e-09 6.05338e-09 2.70796e-09
-6.69404e-10-3.15881e-09-4.23133e-09-3.89465e-09-2.65584e-09-1.33301e-09
-7.74738e-10-1.56733e-09-3.82723e-09-7.14941e-09-1.07263e-08-1.36057e-08
-1.50097e-08-1.45990e-08-1.25712e-08-9.55563e-09-6.35682e-09-3.65757e-09
-1.78726e-09-6.26548e-10 3.23592e-10 1.72923e-09 4.14627e-09 7.78949e-09
 1.24298e-08 1.74466e-08 2.20157e-08 2.53761e-08 2.70813e-08 2.71347e-08
 2.59501e-08 2.41542e-08 2.23126e-08 2.06934e-08 1.91653e-08 1.72868e-08
 1.45590e-08 1.07200e-08 5.92966e-09 7.53836e-10-4.02584e-09-7.67882e-09
-9.76262e-09-1.02527e-08-9.52199e-09-8.17182e-09-6.77480e-09-5.64170e-09
-4.71496e-09-3.63369e-09-1.94543e-09 6.21041e-10 3.94660e-09 7.47939e-09
 1.03829e-08 1.18159e-08 1.12359e-08 8.60665e-09 4.41587e-09-5.13211e-10
-5.34717e-09-9.56479e-09-1.31285e-08-1.64169e-08-1.99456e-08-2.40100e-08
-2.84209e-08-3.24657e-08-3.51271e-08-3.54711e-08-3.30288e-08-2.79981e-08
-2.11775e-08-1.36581e-08-6.41767e-09-1.93467e-11 5.43113e-09 1.00733e-08
 1.39812e-08 1.69455e-08 1.84567e-08 1.78924e-08 1.48279e-08 9.33854e-09
 2.13921e-09-5.53259e-09-1.22578e-08-1.68492e-08-1.86624e-08-1.76909e-08
-1.44253e-08-9.56778e-09-3.76817e-09 2.48162e-09 8.77073e-09 1.46069e-08
 1.93160e-08 2.21090e-08 2.23172e-08 1.96962e-08 1.46410e-08 8.18091e-09
 1.72941e-09-3.31763e-09-5.96320e-09-5.81158e-09-3.04068e-09 1.77926e-09
 7.89511e-09 1.45187e-08 2.08857e-08 2.62487e-08 2.98697e-08 3.10848e-08
 2.94844e-08 2.51505e-08 1.88066e-08 1.17358e-08 5.43474e-09 1.12746e-09
-6.38665e-10-1.24810e-10 1.77714e-09 3.90849e-09 5.21285e-09 4.97802e-09
 2.90829e-09-9.35494e-10-6.24501e-09-1.25353e-08-1.91386e-08-2.51739e-08
-2.96109e-08-3.15002e-08-3.03118e-08-2.62181e-08-2.01544e-08-1.35841e-08
-8.03817e-09-4.61903e-09-3.67439e-09-4.76984e-09-6.94844e-09-9.12569e-09
-1.04109e-08-1.02379e-08-8.35034e-09-4.76256e-09 2.32514e-10 6.02805e-09
 1.17149e-08 1.62182e-08 1.85798e-08 1.83023e-08 1.55833e-08 1.12822e-08
 6.59120e-09 2.56232e-09-2.53827e-10-1.86773e-09-2.59519e-09-2.64718e-09
-1.80198e-09-5.46614e-10
     0.0000e+00     0.0000e+00      0  0  0.00
     512   1.00000  0.0000e+00
 2.95872e-10 1.86025e-10-2.09928e-12-2.42575e-10-4.78704e-10-6.42881e-10
-6.85650e-10-5.95777e-10-4.02610e-10-1.62255e-10 6.52843e-11 2.36053e-10
 3.27662e-10 3.31843e-10 2.48507e-10 9.08698e-11-1.04918e-10-2.79942e-10
-3.69411e-10-3.29849e-10-1.62320e-10 8.19046e-11 3.19263e-10 4.68688e-10
 4.85648e-10 3.77792e-10 1.95226e-10 2.29089e-12-1.51150e-10-2.41419e-10
-2.64741e-10-2.26963e-10-1.40079e-10-2.47551e-11 8.83177e-11 1.65000e-10
 1.81927e-10 1.39098e-10 6.08925e-11-1.66520e-11-6.59611e-11-8.38661e-11
-9.20372e-11-1.19125e-10-1.75859e-10-2.42489e-10-2.79403e-10-2.52364e-10
-1.53303e-10-4.44762e-12 1.52752e-10 2.74102e-10 3.25449e-10 2.89220e-10
 1.67885e-10-1.34894e-11-2.08350e-10-3.57866e-10-4.08613e-10-3.33446e-10
-1.46729e-10 9.57311e-11 3.17129e-10 4.52479e-10 4.74271e-10 3.96193e-10
 2.57319e-10 1.01001e-10-3.82693e-11-1.36574e-10-1.78437e-10-1.59321e-10
-9.04840e-11 3.33408e-12 9.61422e-11 1.73673e-10 2.36285e-10 2.90011e-10
 3.32321e-10 3.43476e-10 2.93712e-10 1.65663e-10-2.31536e-11-2.16403e-10
-3.41412e-10-3.47500e-10-2.34680e-10-5.13984e-11 1.35114e-10 2.70555e-10
 3.26118e-10 2.93621e-10 1.79209e-10 4.02940e-12-1.93821e-10-3.65330e-10
-4.67035e-10-4.80580e-10-4.22189e-10-3.33697e-10-2.59487e-10-2.23675e-10
-2.22522e-10-2.37523e-10-2.58733e-10-2.97328e-10-3.74680e-10-4.98319e-10
-6.48652e-10-7.87259e-10-8.76069e-10-8.92417e-10-8.34956e-10-7.22873e-10
-5.90811e-10-4.77238e-10-4.04050e-10-3.56434e-10-2.81127e-10-1.10965e-10
 1.97023e-10 6.31867e-10 1.12163e-09 1.55084e-09 1.79505e-09 1.75703e-09
 1.38777e-09 6.91432e-10-2.64680e-10-1.31788e-09-2.17980e-09-2.47439e-09
-1.87477e-09-2.59906e-10 2.21592e-09 5.15095e-09 7.97285e-09 1.00535e-08
 1.08609e-08 1.01018e-08 7.79690e-09 4.27055e-09 7.95908e-11-4.09090e-09
-7.55022e-09-9.73783e-09-1.03599e-08-9.48336e-09-7.51276e-09-5.02664e-09
-2.56815e-09-5.25305e-10 8.78982e-10 1.56152e-09 1.55641e-09 9.84863e-10
 2.26369e-11-1.11728e-09-2.19899e-09-3.00251e-09-3.38319e-09-3.31600e-09
-2.89566e-09-2.29155e-09-1.68210e-09-1.20479e-09-9.41768e-10-9.29539e-10
-1.16729e-09-1.61393e-09-2.18740e-09-2.78150e-09-3.29527e-09-3.65227e-09
-3.79630e-09-3.67256e-09-3.20932e-09-2.30757e-09-8.43528e-10 1.30994e-09
 4.23488e-09 7.88982e-09 1.20165e-08 1.60888e-08 1.94234e-08 2.14742e-08
 2.20136e-08 2.09871e-08 1.83661e-08 1.42681e-08 9.12235e-09 3.69018e-09
-1.04815e-09-4.12771e-09-4.83376e-09-2.75982e-09 2.30035e-09 1.04354e-08
 2.14866e-08 3.46620e-08 4.80396e-08 5.82309e-08 6.04744e-08 4.93559e-08
 2.01434e-08-2.96161e-08-9.86515e-08-1.80810e-07-2.64275e-07-3.31481e-07
-3.61746e-07-3.39761e-07-2.64446e-07-1.45817e-07 4.63061e-09 1.71311e-07
 3.31302e-07 4.71366e-07 5.91782e-07 6.75113e-07 6.78821e-07 5.70333e-07
 3.45873e-07 2.90610e-08-3.24337e-07-6.36495e-07-8.28320e-07-8.29983e-07
-6.12770e-07-2.38039e-07 1.51557e-07 4.08825e-07 4.53265e-07 2.99865e-07
 5.29514e-08-1.42934e-07-1.85259e-07-7.56393e-08 8.43164e-08 1.65283e-07
 1.05604e-07-4.06910e-08-1.47732e-07-1.25174e-07 1.34801e-09 1.13353e-07
 1.11584e-07 1.23280e-08-7.16893e-08-5.26207e-08 3.72948e-08 8.66636e-08
 3.90178e-08-4.02956e-08-5.04333e-08 1.33245e-08 5.71246e-08 2.10244e-08
-3.82559e-08-3.46575e-08 1.82348e-08 3.30090e-08-1.11665e-08-3.88276e-08
-7.38904e-09 2.33464e-08 3.15055e-10-2.97958e-08-1.09009e-08 1.88409e-08
 5.30671e-09-1.69260e-08 2.26121e-10 2.05759e-08 4.47903e-09-8.63327e-09
 7.86125e-09 1.15943e-08-6.69791e-09-6.01981e-09 4.26989e-09-5.13472e-09
-1.01719e-08-1.66888e-09-3.24269e-09-5.60773e-09 4.06782e-10 1.92878e-09
 2.08179e-09 4.84720e-09 5.13374e-09 4.25830e-09 3.34889e-09 1.26815e-09
-1.20256e-09-3.44349e-09-5.23525e-09-6.19523e-09-6.19882e-09-5.34289e-09
-3.79728e-09-1.84552e-09 1.28833e-10 1.72535e-09 2.62171e-09 2.68828e-09
 2.01813e-09 8.75921e-10-3.76667e-10-1.38084e-09-1.84220e-09-1.57411e-09
-5.44622e-10 1.10634e-09 3.06968e-09 4.92937e-09 6.27325e-09 6.80435e-09
 6.41948e-09 5.21665e-09 3.46375e-09 1.53672e-09-1.72582e-10-1.34776e-09
-1.81704e-09-1.58381e-09-8.26474e-10 1.40948e-10 9.51202e-10 1.29077e-09
 1.00001e-09 1.17025e-10-1.14935e-09-2.48293e-09-3.53257e-09-4.00803e-09
-3.78622e-09-2.95551e-09-1.76672e-09-5.41599e-10 4.07422e-10 8.49821e-10
 7.10687e-10 1.06793e-10-6.92862e-10-1.35798e-09-1.59804e-09-1.25931e-09
-3.88065e-10 7.83390e-10 1.92298e-09 2.70565e-09 2.90391e-09 2.46053e-09
 1.52460e-09 4.04860e-10-5.52245e-10-1.08534e-09-1.09350e-09-6.65053e-10
-5.12082e-11 4.23430e-10 4.76936e-10-3.33390e-11-1.05708e-09-2.35998e-09
-3.59627e-09-4.41900e-09-4.60239e-09-4.13491e-09-3.22598e-09-2.21528e-09
-1.43333e-09-1.07364e-09-1.11928e-09-1.35089e-09-1.43670e-09-1.06916e-09
-9.15278e-11 1.43744e-09 3.26138e-09 5.00952e-09 6.31011e-09 6.90250e-09
 6.72087e-09 5.92091e-09 4.82696e-09 3.80786e-09 3.13028e-09 2.85311e-09
 2.81256e-09 2.70959e-09 2.25755e-09 1.31627e-09-4.49163e-11-1.57540e-09
-2.94923e-09-3.89983e-09-4.32138e-09-4.29814e-09-4.05379e-09-3.83990e-09
-3.81495e-09-3.97472e-09-4.16228e-09-4.14850e-09-3.74851e-09-2.91690e-09
-1.76840e-09-5.19627e-10 6.00734e-10 1.42602e-09 1.89234e-09 2.03756e-09
 1.95252e-09 1.71143e-09 1.33417e-09 8.02567e-10 1.06004e-10-7.17609e-10
-1.56285e-09-2.26777e-09-2.65430e-09-2.58169e-09-1.99468e-09-9.55915e-10
 3.53460e-10 1.68437e-09 2.81131e-09 3.61432e-09 4.09716e-09 4.33125e-09
 4.37000e-09 4.19015e-09 3.68752e-09 2.73453e-09 1.28504e-09-5.35623e-10
-2.42585e-09-3.99583e-09-4.89544e-09-4.92351e-09-4.08686e-09-2.59735e-09
-7.97395e-10 9.69918e-10 2.47642e-09 3.63859e-09 4.46170e-09 4.95655e-09
 5.08515e-09 4.75897e-09 3.88795e-09 2.46775e-09 6.70980e-10-1.13087e-09
-2.47121e-09-2.97833e-09-2.53672e-09-1.32485e-09 2.80628e-10 1.86128e-09
 3.08039e-09 3.73404e-09 3.74631e-09 3.13607e-09 1.97498e-09 3.56945e-10
-1.60226e-09-3.73050e-09-5.75973e-09-7.33602e-09-8.11028e-09-7.87901e-09
-6.69709e-09-4.88610e-09-2.91792e-09-1.23369e-09-9.59185e-11 4.62875e-10
 5.91461e-10 5.10729e-10 4.07861e-10 3.90247e-10 5.08117e-10 8.04391e-10
 1.33723e-09 2.14641e-09 3.18332e-09 4.26487e-09 5.09915e-09 5.37800e-09
 4.90030e-09 3.67894e-09 1.96470e-09 1.40610e-10-1.46166e-09-2.69907e-09
-3.62542e-09-4.38437e-09-5.06240e-09-5.59043e-09-5.74889e-09-5.26323e-09
-3.93593e-09-1.76475e-09 9.92849e-10 3.82470e-09 6.00265e-09 6.60846e-09
 4.57570e-09 1.37967e-09
     0.0000e+00     0.0000e+00      0  0  0.00
     512   1.00000  0.0000e+00
 8.42078e-10 7.35117e-10 5.15715e-10 2.02556e-10-1.53308e-10-4.80288e-10
-7.13171e-10-8.21288e-10-8.19373e-10-7.54368e-10-6.79565e-10-6.30777e-10
-6.11338e-10-5.90864e-10-5.22635e-10-3.73756e-10-1.49267e-10 1.06153e-10
 3.29250e-10 4.69610e-10 5.14427e-10 4.91830e-10 4.51604e-10 4.37774e-10
 4.67440e-10 5.22108e-10 5.55982e-10 5.21717e-10 4.01265e-10 2.20317e-10
 3.30828e-11-1.11115e-10-1.92121e-10-2.21087e-10-2.28494e-10-2.46969e-10
-2.92355e-10-3.50427e-10-3.81079e-10-3.43842e-10-2.28010e-10-6.02112e-11
 1.15788e-10 2.64609e-10 3.72588e-10 4.50055e-10 5.23649e-10 6.16445e-10
 7.25749e-10 8.17141e-10 8.42350e-10 7.68492e-10 5.96853e-10 3.59094e-10
 9.66770e-11-1.61389e-10-4.10418e-10-6.66606e-10-9.49395e-10-1.25786e-09
-1.55666e-09-1.78493e-09-1.88609e-09-1.83982e-09-1.67538e-09-1.45588e-09
-1.24346e-09-1.07193e-09-9.45460e-10-8.52473e-10-7.74505e-10-6.89166e-10
-5.75023e-10-4.11028e-10-1.62764e-10 2.25582e-10 8.06951e-10 1.58456e-09
 2.48475e-09 3.37462e-09 4.10675e-09 4.55731e-09 4.64691e-09 4.35569e-09
 3.73340e-09 2.88881e-09 1.96079e-09 1.09752e-09 4.53725e-10 1.78752e-10
 3.73420e-10 1.03704e-09 2.04506e-09 3.17281e-09 4.15191e-09 4.73545e-09
 4.74905e-09 4.11607e-09 2.85929e-09 1.08389e-09-1.05447e-09-3.38362e-09
-5.73525e-09-7.95544e-09-9.92543e-09-1.15955e-08-1.30013e-08-1.42323e-08
-1.53660e-08-1.64196e-08-1.73519e-08-1.80936e-08-1.85683e-08-1.87097e-08
-1.84937e-08-1.79586e-08-1.71716e-08-1.61665e-08-1.49154e-08-1.33383e-08
-1.12930e-08-8.52644e-09-4.65492e-09 7.58673e-10 8.05442e-09 1.73363e-08
 2.83868e-08 4.06063e-08 5.29671e-08 6.40536e-08 7.22696e-08 7.61926e-08
 7.49557e-08 6.85422e-08 5.79321e-08 4.50277e-08 3.22237e-08 2.15662e-08
 1.37779e-08 7.77930e-09 1.22557e-09-8.10668e-09-2.09597e-08-3.61434e-08
-5.11519e-08-6.32706e-08-7.04785e-08-7.18606e-08-6.76301e-08-5.89198e-08
-4.74129e-08-3.48891e-08-2.28403e-08-1.22873e-08-3.79659e-09 2.40774e-09
 6.34737e-09 8.23422e-09 8.41750e-09 7.31718e-09 5.38211e-09 3.08905e-09
 9.22987e-10-7.14696e-10-1.62297e-09-1.85725e-09-1.72804e-09-1.81523e-09
-3.00002e-09-6.40859e-09-1.31918e-08-2.42025e-08-3.96736e-08-5.89072e-08
-7.99582e-08-9.94055e-08-1.12386e-07-1.13014e-07-9.52452e-08-5.42066e-08
 1.20675e-08 1.00732e-07 2.02455e-07 3.00874e-07 3.75547e-07 4.09362e-07
 3.94175e-07 3.29118e-07 2.18161e-07 7.30712e-08-8.41762e-08-2.24468e-07
-3.19034e-07-3.50047e-07-3.19839e-07-2.51384e-07-1.77788e-07-1.26109e-07
-1.04516e-07-1.00562e-07-9.24625e-08-6.68506e-08-3.06158e-08-6.16554e-09
-1.14456e-08-4.18295e-08-7.13960e-08-7.24552e-08-3.59155e-08 2.36984e-08
 7.96659e-08 1.06867e-07 8.59549e-08 7.17739e-09-1.10416e-07-2.09002e-07
-2.31141e-07-1.66389e-07-3.18833e-08 1.73552e-07 4.53713e-07 7.69778e-07
 1.05552e-06 1.25461e-06 1.30483e-06 1.13683e-06 7.23490e-07 9.41938e-08
-6.75815e-07-1.45092e-06-2.05278e-06-2.32210e-06-2.16756e-06-1.59880e-06
-7.42806e-07 1.83843e-07 9.43764e-07 1.35922e-06 1.37544e-06 1.07983e-06
 6.58468e-07 3.04493e-07 1.26379e-07 1.05299e-07 1.28041e-07 8.00809e-08
-6.35224e-08-2.21109e-07-2.80475e-07-2.06732e-07-7.96363e-08-1.26929e-08
-3.52051e-08-7.40317e-08-5.71842e-08-3.03261e-09 2.31364e-08 8.97401e-09
-2.36382e-09 8.02334e-09 1.54252e-08 8.81355e-09 5.93658e-09 1.05932e-08
 8.81220e-09 2.43360e-09 2.31397e-09 3.26651e-09-1.46550e-09-5.21942e-09
-5.31196e-09-7.32591e-09-1.01590e-08-1.02678e-08-1.00963e-08-1.03014e-08
-8.99629e-09-7.49418e-09-6.23251e-09-4.12682e-09-2.37338e-09-1.15366e-09
 4.63470e-10 1.42166e-09 1.67056e-09 2.13460e-09 2.10891e-09 1.67273e-09
 1.56593e-09 1.28180e-09 9.37851e-10 9.80013e-10 9.83194e-10 1.06808e-09
 1.40946e-09 1.63853e-09 1.82838e-09 1.96510e-09 1.86111e-09 1.69327e-09
 1.49289e-09 1.27706e-09 1.23900e-09 1.39011e-09 1.74255e-09 2.34023e-09
 3.09154e-09 3.98192e-09 4.98863e-09 5.92399e-09 6.68045e-09 7.18010e-09
 7.37534e-09 7.34278e-09 7.07666e-09 6.63314e-09 6.06316e-09 5.36795e-09
 4.65541e-09 3.91889e-09 3.14096e-09 2.27670e-09 1.27470e-09 1.79765e-10
-1.00221e-09-2.23404e-09-3.52326e-09-4.84896e-09-6.09859e-09-7.14756e-09
-7.90075e-09-8.37885e-09-8.65950e-09-8.82503e-09-8.88369e-09-8.77415e-09
-8.47964e-09-8.07242e-09-7.64815e-09-7.20579e-09-6.64115e-09-5.84978e-09
-4.83569e-09-3.72114e-09-2.66251e-09-1.75460e-09-9.99866e-10-3.68718e-10
 1.26172e-10 4.27631e-10 5.01347e-10 3.92831e-10 2.04106e-10 1.03160e-11
-1.89897e-10-4.54272e-10-8.46618e-10-1.37610e-09-1.96285e-09-2.48985e-09
-2.88485e-09-3.12325e-09-3.17896e-09-3.00603e-09-2.55944e-09-1.83433e-09
-8.85850e-10 2.05652e-10 1.37783e-09 2.59651e-09 3.86051e-09 5.18823e-09
 6.57163e-09 7.95807e-09 9.27206e-09 1.04285e-08 1.13430e-08 1.19498e-08
 1.21983e-08 1.20377e-08 1.14273e-08 1.03706e-08 8.93157e-09 7.21049e-09
 5.30762e-09 3.32064e-09 1.36935e-09-3.96947e-10-1.81538e-09-2.73362e-09
-3.04444e-09-2.71886e-09-1.82154e-09-5.12677e-10 9.69467e-10 2.34762e-09
 3.34728e-09 3.74571e-09 3.43449e-09 2.46384e-09 1.04894e-09-4.60457e-10
-1.66219e-09-2.21756e-09-1.93318e-09-8.00703e-10 9.60293e-10 2.89035e-09
 4.36847e-09 4.73647e-09 3.41876e-09 6.31704e-11-5.31254e-09-1.22488e-08
-1.98818e-08-2.70683e-08-3.25811e-08-3.53434e-08-3.46372e-08-3.02486e-08
-2.25737e-08-1.26435e-08-1.96300e-09 7.82252e-09 1.52820e-08 1.94617e-08
 2.00324e-08 1.73131e-08 1.21794e-08 5.88273e-09-2.09499e-10-4.92783e-09
-7.58090e-09-8.07261e-09-6.81320e-09-4.50580e-09-1.90951e-09 3.56974e-10
 1.92965e-09 2.73892e-09 3.00915e-09 3.19026e-09 3.77080e-09 5.02416e-09
 6.83891e-09 8.75362e-09 1.01714e-08 1.06084e-08 9.85486e-09 8.02398e-09
 5.51594e-09 2.93558e-09 9.61889e-10 1.40003e-10 6.61456e-10 2.27966e-09
 4.41479e-09 6.37975e-09 7.62992e-09 7.94293e-09 7.46446e-09 6.61915e-09
 5.92756e-09 5.80100e-09 6.39619e-09 7.56627e-09 8.90456e-09 9.87035e-09
 9.97040e-09 8.94873e-09 6.90690e-09 4.26170e-09 1.54815e-09-7.95400e-10
-2.55595e-09-3.78357e-09-4.74184e-09-5.77542e-09-7.14306e-09-8.88257e-09
-1.07721e-08-1.24208e-08-1.34392e-08-1.35995e-08-1.29300e-08-1.17199e-08
-1.04148e-08-9.42881e-09-8.95402e-09-8.87087e-09-8.81082e-09-8.33484e-09
-7.13276e-09-5.15607e-09-2.63158e-09 3.95353e-11 2.44115e-09 4.30349e-09
 5.60721e-09 6.55620e-09 7.41509e-09 8.31346e-09 9.12778e-09 9.49774e-09
 8.97597e-09 7.24682e-09 4.33363e-09 7.36750e-10-2.57341e-09-4.36050e-09
-3.44660e-09-1.09081e-09
     0.0000e+00     0.0000e+00      0  0  0.00
     512   1.00000  0.0000e+00
-8.69983e-11-6.09877e-11-3.38692e-11-1.11368e-11 3.74244e-12 9.28104e-12
 6.95552e-12 1.53789e-12-1.51551e-12 8.20902e-13 7.51277e-12 1.42937e-11
 1.70248e-11 1.40761e-11 6.32421e-12-2.55660e-12-6.67187e-12-1.87290e-12
 1.06559e-11 2.57440e-11 3.83247e-11 4.50680e-11 4.37332e-11 3.50817e-11
 2.54648e-11 2.25163e-11 2.76859e-11 3.65550e-11 4.44354e-11 4.80743e-11
 4.48139e-11 3.36753e-11 1.72012e-11 1.50584e-12-7.73379e-12-1.11327e-11
-1.48324e-11-2.29769e-11-3.44716e-11-4.64078e-11-5.60528e-11-6.02954e-11
-5.73656e-11-4.95439e-11-4.21350e-11-3.91011e-11-4.05349e-11-4.37723e-11
-4.41801e-11-3.58753e-11-1.66138e-11 8.08002e-12 2.92581e-11 4.23774e-11
 4.91450e-11 5.35512e-11 5.82265e-11 6.39637e-11 7.03296e-11 7.49480e-11
 7.35032e-11 6.38812e-11 5.06305e-11 4.18789e-11 4.13838e-11 4.70192e-11
 5.55709e-11 6.29366e-11 6.13072e-11 4.46356e-11 1.74229e-11-8.60396e-12
-2.67136e-11-3.89285e-11-4.87141e-11-5.60085e-11-6.02550e-11-6.30758e-11
-6.56927e-11-6.75523e-11-7.04384e-11-8.17546e-11-1.09861e-10-1.55108e-10
-2.07898e-10-2.56628e-10-2.94752e-10-3.20464e-10-3.35246e-10-3.43787e-10
-3.49863e-10-3.51438e-10-3.43795e-10-3.25921e-10-2.98831e-10-2.60491e-10
-2.08764e-10-1.45834e-10-7.18981e-11 2.24801e-11 1.48433e-10 3.02794e-10
 4.67519e-10 6.26890e-10 7.78768e-10 9.26027e-10 1.06430e-09 1.18537e-09
 1.28757e-09 1.37246e-09 1.43321e-09 1.45939e-09 1.45406e-09 1.43396e-09
 1.41199e-09 1.39181e-09 1.38069e-09 1.39619e-09 1.45488e-09 1.55739e-09
 1.68022e-09 1.77046e-09 1.74238e-09 1.48266e-09 8.67186e-10-2.12864e-10
-1.81888e-09-3.93091e-09-6.41446e-09-8.99217e-09-1.12400e-08-1.26485e-08
-1.27689e-08-1.13843e-08-8.60355e-09-4.82848e-09-6.30856e-10 3.38052e-09
 6.64894e-09 8.73170e-09 9.38109e-09 8.63085e-09 6.81563e-09 4.48373e-09
 2.24077e-09 5.90880e-10-1.85150e-10-9.01468e-11 6.29536e-10 1.62863e-09
 2.61771e-09 3.42111e-09 3.95386e-09 4.19364e-09 4.15564e-09 3.86154e-09
 3.33899e-09 2.65171e-09 1.89832e-09 1.16663e-09 5.07679e-10-4.37569e-11
-4.52980e-10-6.96898e-10-7.56003e-10-5.65427e-10 2.16026e-11 1.20749e-09
 3.17681e-09 6.01650e-09 9.62455e-09 1.35839e-08 1.70538e-08 1.87759e-08
 1.72220e-08 1.08530e-08-1.50398e-09-2.01595e-08-4.40285e-08-7.02177e-08
-9.38602e-08-1.08321e-07-1.05906e-07-8.05225e-08-3.40599e-08 2.10918e-08
 7.24400e-08 1.15869e-07 1.48298e-07 1.61806e-07 1.48762e-07 1.06812e-07
 4.25599e-08-2.61059e-08-7.64467e-08-9.36288e-08-7.91257e-08-4.92124e-08
-2.49649e-08-1.91824e-08-2.84080e-08-3.56991e-08-2.35005e-08 1.00932e-08
 4.63122e-08 6.06329e-08 4.27791e-08 2.59300e-09-3.88295e-08-6.31918e-08
-6.36762e-08-4.21567e-08-3.62727e-09 3.75585e-08 5.30858e-08 2.81778e-08
-9.89446e-09-2.40613e-08-1.77581e-08-1.58631e-08-1.52591e-08 2.64730e-10
 1.93772e-08 2.60796e-08 2.85990e-08 3.05781e-08 2.38584e-08 1.53379e-08
 1.30845e-08 9.95044e-09 4.20703e-09 2.52638e-09 5.07257e-09 8.24361e-09
 8.88279e-09 1.63754e-09-1.68857e-08-4.20250e-08-6.26975e-08-6.69599e-08
-4.76257e-08-9.25338e-09 3.00746e-08 4.88015e-08 3.69495e-08 5.24647e-09
-1.94375e-08-1.44865e-08 1.57176e-08 3.97429e-08 2.97132e-08-5.16834e-09
-2.50999e-08-8.88633e-09 1.64379e-08 1.38721e-08-9.00962e-09-1.51690e-08
 1.86869e-10 6.82861e-09-3.12590e-09-6.46103e-09 1.40240e-09 1.98474e-09
-3.84705e-09-1.74817e-09 2.20263e-09-1.18743e-09-2.36266e-09 1.56440e-09
 6.46032e-10-1.77510e-09 9.73568e-10 1.55510e-09-9.67159e-10 5.63131e-10
 1.74989e-09-3.61741e-10 3.71529e-10 1.53429e-09-1.64426e-10 2.15823e-10
 1.07421e-09-3.77572e-10-5.58840e-11 4.93852e-10-7.11402e-10-2.35038e-10
 5.96336e-11-8.73312e-10-2.61167e-10-2.81709e-10-9.34555e-10-3.08568e-10
-6.56982e-10-1.02256e-09-5.72281e-10-1.13720e-09-1.17291e-09-9.92607e-10
-1.48538e-09-1.14842e-09-1.12868e-09-1.25044e-09-7.57144e-10-7.96638e-10
-4.52870e-10 1.87090e-11 1.70566e-10 7.43063e-10 9.52077e-10 1.25095e-09
 1.68751e-09 1.81860e-09 2.15450e-09 2.16870e-09 2.12115e-09 2.11558e-09
 1.94037e-09 1.84637e-09 1.49053e-09 1.10488e-09 7.27657e-10 3.60282e-10
 1.25426e-10-1.73148e-10-4.68520e-10-7.82543e-10-9.63459e-10-9.66786e-10
-9.27036e-10-9.31800e-10-1.04522e-09-1.14554e-09-1.13471e-09-9.99799e-10
-8.51608e-10-8.02177e-10-8.32471e-10-8.21799e-10-6.61089e-10-3.94051e-10
-1.64383e-10-7.27582e-11-8.29052e-11-6.77029e-11 5.04436e-11 2.13138e-10
 3.03896e-10 2.78029e-10 1.93010e-10 1.55388e-10 2.17525e-10 3.13266e-10
 3.38544e-10 2.63096e-10 1.37834e-10 4.35949e-11 1.55940e-11 4.40134e-12
-4.92101e-11-1.45784e-10-2.51481e-10-3.22560e-10-3.34159e-10-3.27636e-10
-3.70148e-10-4.68413e-10-5.75387e-10-6.47435e-10-6.67077e-10-6.45833e-10
-6.04471e-10-5.40022e-10-4.31286e-10-2.57708e-10-6.27476e-12 3.03190e-10
 6.25792e-10 9.44113e-10 1.25869e-09 1.54896e-09 1.79183e-09 1.96610e-09
 2.03580e-09 1.98668e-09 1.84887e-09 1.66083e-09 1.45142e-09 1.24186e-09
 1.03362e-09 8.20523e-10 6.14870e-10 4.32845e-10 2.71349e-10 1.19256e-10
-3.46368e-11-2.05235e-10-3.93766e-10-5.80382e-10-7.57931e-10-9.54180e-10
-1.19892e-09-1.48388e-09-1.77193e-09-2.02280e-09-2.19752e-09-2.27521e-09
-2.26267e-09-2.14773e-09-1.88634e-09-1.48369e-09-1.02547e-09-5.93874e-10
-2.12599e-10 1.28883e-10 4.50588e-10 7.50800e-10 9.73570e-10 1.06414e-09
 1.05850e-09 1.04960e-09 1.07293e-09 1.07926e-09 1.00301e-09 8.28630e-10
 6.09490e-10 4.19219e-10 2.66948e-10 7.98159e-11-2.11043e-10-5.69537e-10
-8.62076e-10-9.86445e-10-9.63456e-10-8.84925e-10-8.13371e-10-7.31404e-10
-5.66575e-10-2.96734e-10-1.62768e-11 1.51886e-10 1.82511e-10 1.63647e-10
 2.10709e-10 3.57590e-10 5.31368e-10 6.42091e-10 6.70352e-10 6.72194e-10
 7.17640e-10 8.07502e-10 8.71633e-10 8.66611e-10 8.28484e-10 8.31254e-10
 9.28375e-10 1.10288e-09 1.26363e-09 1.32396e-09 1.26844e-09 1.13147e-09
 9.42832e-10 6.97500e-10 3.73137e-10-1.97734e-11-4.29190e-10-8.03665e-10
-1.12257e-09-1.40626e-09-1.70060e-09-2.02145e-09-2.32788e-09-2.55350e-09
-2.63120e-09-2.51345e-09-2.20281e-09-1.73620e-09-1.14722e-09-4.76881e-10
 2.12145e-10 8.58306e-10 1.41827e-09 1.87284e-09 2.23269e-09 2.52282e-09
 2.75751e-09 2.92882e-09 3.00821e-09 2.96907e-09 2.80850e-09 2.53201e-09
 2.13226e-09 1.59092e-09 8.77282e-10-4.93005e-11-1.21913e-09-2.63783e-09
-4.26291e-09-5.95962e-09-7.49398e-09-8.56704e-09-8.84150e-09-7.99743e-09
-5.85223e-09-2.47963e-09 1.71549e-09 5.95855e-09 9.12601e-09 9.84923e-09
 6.71061e-09 2.00165e-09
     0.0000e+00     0.0000e+00      0  0  0.00
     512   1.00000  0.0000e+00
-1.86151e-09-1.66907e-09-1.29394e-09-7.74652e-10-1.91698e-10 3.52289e-10
 7.67484e-10 1.00862e-09 1.08549e-09 1.04900e-09 9.65051e-10 8.87075e-10
 8.33427e-10 7.81160e-10 6.85079e-10 5.12126e-10 2.66390e-10-1.01973e-11
-2.56512e-10-4.19906e-10-4.82329e-10-4.67784e-10-4.23600e-10-3.91780e-10
-3.88879e-10-3.98863e-10-3.80394e-10-2.89318e-10-1.08300e-10 1.34700e-10
 3.78424e-10 5.65707e-10 6.73117e-10 7.12846e-10 7.17696e-10 7.22083e-10
 7.42762e-10 7.65629e-10 7.48823e-10 6.48132e-10 4.51133e-10 1.88662e-10
-8.64850e-11-3.28372e-10-5.15499e-10-6.58849e-10-7.94086e-10-9.52056e-10
-1.12862e-09-1.28147e-09-1.35516e-09-1.31093e-09-1.14135e-09-8.68619e-10
-5.33928e-10-1.79395e-10 1.72152e-10 5.23034e-10 8.82062e-10 1.23582e-09
 1.53767e-09 1.72587e-09 1.75550e-09 1.62319e-09 1.37422e-09 1.08690e-09
 8.36722e-10 6.63732e-10 5.69050e-10 5.32483e-10 5.23791e-10 5.04632e-10
 4.35606e-10 2.82745e-10 8.27621e-12-4.38611e-10-1.09821e-09-1.95079e-09
-2.89007e-09-3.74918e-09-4.35563e-09-4.57424e-09-4.32903e-09-3.62118e-09
-2.54082e-09-1.25047e-09 5.54219e-11 1.17932e-09 1.92832e-09 2.13447e-09
 1.70534e-09 6.72789e-10-7.94950e-10-2.41963e-09-3.87026e-09-4.84169e-09
-5.12388e-09-4.63039e-09-3.38998e-09-1.52805e-09 7.55398e-10 3.22202e-09
 5.64090e-09 7.82398e-09 9.64608e-09 1.10622e-08 1.21197e-08 1.29370e-08
 1.36348e-08 1.42682e-08 1.48168e-08 1.52256e-08 1.54371e-08 1.54055e-08
 1.51193e-08 1.46197e-08 1.39715e-08 1.31991e-08 1.22489e-08 1.09872e-08
 9.18809e-09 6.50835e-09 2.50935e-09-3.23541e-09-1.09820e-08-2.06703e-08
-3.18187e-08-4.34633e-08-5.41795e-08-6.22467e-08-6.59842e-08-6.42044e-08
-5.66796e-08-4.44710e-08-2.99368e-08-1.62868e-08-6.68581e-09-3.11321e-09
-5.39774e-09-1.09804e-08-1.57666e-08-1.58213e-08-9.04130e-09 4.09334e-09
 2.09492e-08 3.79040e-08 5.15769e-08 5.96953e-08 6.14730e-08 5.75211e-08
 4.94110e-08 3.90981e-08 2.84272e-08 1.88314e-08 1.12330e-08 6.09173e-09
 3.50694e-09 3.29366e-09 5.03624e-09 8.16113e-09 1.20149e-08 1.59031e-08
 1.91208e-08 2.10533e-08 2.13311e-08 1.99383e-08 1.72549e-08 1.41094e-08
 1.18401e-08 1.22260e-08 1.71836e-08 2.82999e-08 4.63238e-08 7.06114e-08
 9.85327e-08 1.25036e-07 1.42647e-07 1.42057e-07 1.13394e-07 4.82601e-08
-5.74899e-08-2.00619e-07-3.67601e-07-5.32163e-07-6.57111e-07-7.08302e-07
-6.70955e-07-5.46542e-07-3.42652e-07-7.89097e-08 2.05506e-07 4.57884e-07
 6.25692e-07 6.75526e-07 6.10714e-07 4.73099e-07 3.24624e-07 2.18133e-07
 1.72922e-07 1.69237e-07 1.66764e-07 1.36897e-07 8.70441e-08 5.61972e-08
 7.98428e-08 1.53299e-07 2.29581e-07 2.54231e-07 2.04922e-07 1.01934e-07
-1.48300e-08-1.10424e-07-1.54836e-07-1.25814e-07-4.80815e-08-1.02134e-08
-8.66717e-08-2.60823e-07-4.79672e-07-7.43312e-07-1.06466e-06-1.38146e-06
-1.59889e-06-1.66556e-06-1.52748e-06-1.11555e-06-4.32971e-07 4.46055e-07
 1.41921e-06 2.32367e-06 2.95400e-06 3.14651e-06 2.82345e-06 2.01854e-06
 8.96419e-07-2.82050e-07-1.24140e-06-1.77945e-06-1.83387e-06-1.50322e-06
-9.98979e-07-5.42900e-07-2.66296e-07-1.64158e-07-1.28910e-07-4.68695e-08
 1.09083e-07 2.65569e-07 3.24066e-07 2.57150e-07 1.35719e-07 5.58355e-08
 4.61242e-08 5.95270e-08 4.51803e-08 5.52955e-09-2.45480e-08-2.88641e-08
-2.03575e-08-1.62873e-08-1.94350e-08-2.13107e-08-1.63417e-08-1.00330e-08
-8.63354e-09-7.16573e-09-1.11578e-09 3.20870e-09 3.82454e-09 7.58974e-09
 1.26561e-08 1.30581e-08 1.37398e-08 1.68846e-08 1.62561e-08 1.43285e-08
 1.52427e-08 1.37147e-08 1.04734e-08 1.00704e-08 8.13539e-09 4.67890e-09
 4.03340e-09 2.36281e-09-3.73495e-10-4.69675e-10-1.59376e-09-3.33358e-09
-2.80735e-09-3.52506e-09-4.27528e-09-3.29611e-09-3.79138e-09-3.74653e-09
-2.76109e-09-3.26706e-09-2.76201e-09-2.18245e-09-2.68066e-09-2.06758e-09
-2.20850e-09-2.72581e-09-2.53720e-09-3.45631e-09-3.98617e-09-4.43025e-09
-5.49936e-09-5.84793e-09-6.78623e-09-7.66118e-09-8.06982e-09-8.85788e-09
-9.02423e-09-9.32008e-09-9.50071e-09-9.23704e-09-9.04709e-09-8.22765e-09
-7.34020e-09-6.27888e-09-4.95292e-09-3.57091e-09-1.77280e-09 3.35378e-11
 1.88456e-09 3.62741e-09 5.28835e-09 7.07953e-09 8.82911e-09 1.04603e-08
 1.17407e-08 1.27070e-08 1.34642e-08 1.41025e-08 1.45863e-08 1.46768e-08
 1.42738e-08 1.34715e-08 1.25067e-08 1.14909e-08 1.03338e-08 8.88614e-09
 7.14313e-09 5.28998e-09 3.55434e-09 2.03751e-09 6.55262e-10-7.04840e-10
-2.00465e-09-3.06210e-09-3.71021e-09-3.93967e-09-3.88204e-09-3.64923e-09
-3.23996e-09-2.59719e-09-1.68690e-09-5.59309e-10 6.23914e-10 1.69576e-09
 2.61245e-09 3.40570e-09 4.06291e-09 4.50454e-09 4.62247e-09 4.34187e-09
 3.67067e-09 2.66102e-09 1.35869e-09-1.94613e-10-1.97925e-09-3.98715e-09
-6.14552e-09-8.32371e-09-1.04145e-08-1.23416e-08-1.40293e-08-1.54068e-08
-1.64006e-08-1.69142e-08-1.68449e-08-1.61358e-08-1.48071e-08-1.29353e-08
-1.06167e-08-7.97929e-09-5.21469e-09-2.56557e-09-2.86410e-10 1.39494e-09
 2.33512e-09 2.50815e-09 1.99277e-09 9.73413e-10-2.71573e-10-1.42748e-09
-2.18860e-09-2.30958e-09-1.69596e-09-4.44284e-10 1.18944e-09 2.80890e-09
 3.92549e-09 4.10492e-09 3.10211e-09 9.19324e-10-2.12349e-09-5.36428e-09
-7.93709e-09-8.94393e-09-7.56505e-09-3.24277e-09 4.06288e-09 1.37491e-08
 2.46407e-08 3.51743e-08 4.36655e-08 4.86283e-08 4.90305e-08 4.44483e-08
 3.52236e-08 2.25764e-08 8.42875e-09-5.06323e-09-1.59932e-08-2.30381e-08
-2.56272e-08-2.39472e-08-1.88564e-08-1.17580e-08-4.35307e-09 1.77825e-09
 5.63712e-09 7.03390e-09 6.44285e-09 4.66022e-09 2.49909e-09 5.93887e-10
-6.79000e-10-1.23029e-09-1.31681e-09-1.51602e-09-2.47097e-09-4.51655e-09
-7.44053e-09-1.05549e-08-1.30268e-08-1.42108e-08-1.38187e-08-1.19503e-08
-9.02825e-09-5.71610e-09-2.83712e-09-1.16057e-09-1.08500e-09-2.46727e-09
-4.70606e-09-7.00857e-09-8.72457e-09-9.57252e-09-9.65903e-09-9.36317e-09
-9.16313e-09-9.44906e-09-1.03794e-08-1.18012e-08-1.32583e-08-1.41317e-08
-1.38681e-08-1.22048e-08-9.31226e-09-5.74038e-09-2.16469e-09 8.78481e-10
 3.14210e-09 4.72189e-09 5.98858e-09 7.39564e-09 9.27036e-09 1.16676e-08
 1.43230e-08 1.67482e-08 1.84280e-08 1.90178e-08 1.84821e-08 1.71220e-08
 1.54526e-08 1.39778e-08 1.29724e-08 1.23716e-08 1.18215e-08 1.08559e-08
 9.11086e-09 6.49074e-09 3.19721e-09-3.81694e-10-3.82356e-09-6.81002e-09
-9.23608e-09-1.12037e-08-1.28649e-08-1.42263e-08-1.50307e-08-1.47856e-08
-1.29672e-08-9.31257e-09-4.06950e-09 1.84881e-09 6.88275e-09 9.10731e-09
 6.69113e-09 2.05764e-09
     0.0000e+00     0.0000e+00      0  0  0.00
     512   1.00000  0.0000e+00
-4.50848e-10-1.81545e-10 8.37926e-11 2.91079e-10 4.02095e-10 4.12466e-10
 3.56958e-10 2.97700e-10 2.97090e-10 3.87550e-10 5.55238e-10 7.47041e-10
 8.96380e-10 9.53678e-10 9.06585e-10 7.81773e-10 6.28480e-10 4.91784e-10
 3.89704e-10 3.07088e-10 2.09033e-10 6.50204e-11-1.30075e-10-3.49013e-10
-5.44122e-10-6.73769e-10-7.26704e-10-7.26516e-10-7.14840e-10-7.26518e-10
-7.69823e-10-8.19926e-10-8.29208e-10-7.51455e-10-5.69204e-10-3.07616e-10
-2.29980e-11 2.27033e-10 4.10780e-10 5.31716e-10 6.17865e-10 6.98995e-10
 7.85335e-10 8.60540e-10 8.92240e-10 8.52869e-10 7.37687e-10 5.68849e-10
 3.83320e-10 2.10970e-10 5.49280e-11-1.10816e-10-3.20483e-10-5.85690e-10
-8.77891e-10-1.13648e-09-1.29574e-09-1.31328e-09-1.18612e-09-9.49275e-10
-6.58485e-10-3.65176e-10-9.88070e-11 1.31937e-10 3.23415e-10 4.63152e-10
 5.30401e-10 5.11159e-10 4.18249e-10 3.02586e-10 2.42385e-10 3.09298e-10
 5.31261e-10 8.77290e-10 1.27059e-09 1.61618e-09 1.82721e-09 1.84317e-09
 1.63786e-09 1.21579e-09 6.03130e-10-1.52117e-10-9.66181e-10-1.70822e-09
-2.21457e-09-2.33264e-09-1.97363e-09-1.14669e-09 3.88863e-11 1.40049e-09
 2.72419e-09 3.80438e-09 4.47108e-09 4.60726e-09 4.16326e-09 3.16855e-09
 1.73526e-09 4.92206e-11-1.65497e-09-3.14087e-09-4.23413e-09-4.87370e-09
-5.11547e-09-5.08701e-09-4.93027e-09-4.76579e-09-4.67903e-09-4.71239e-09
-4.86005e-09-5.07370e-09-5.27887e-09-5.39317e-09-5.34670e-09-5.10940e-09
-4.71444e-09-4.25305e-09-3.83210e-09-3.51805e-09-3.30122e-09-3.09642e-09
-2.77218e-09-2.18720e-09-1.21373e-09 2.58429e-10 2.32366e-09 5.05050e-09
 8.45890e-09 1.24962e-08 1.70164e-08 2.17601e-08 2.63398e-08 3.02495e-08
 3.29094e-08 3.37474e-08 3.23204e-08 2.84532e-08 2.23278e-08 1.44356e-08
 5.39633e-09-4.21999e-09-1.39244e-08-2.31956e-08-3.13757e-08-3.77191e-08
-4.15935e-08-4.27037e-08-4.11997e-08-3.76144e-08-3.26750e-08-2.70891e-08
-2.13966e-08-1.59204e-08-1.07921e-08-6.01270e-09-1.51930e-09 2.76195e-09
 6.88767e-09 1.08840e-08 1.47335e-08 1.83705e-08 2.17047e-08 2.46570e-08
 2.71733e-08 2.92111e-08 3.07454e-08 3.18179e-08 3.25984e-08 3.34045e-08
 3.46654e-08 3.68300e-08 4.02201e-08 4.48430e-08 5.02110e-08 5.52199e-08
 5.81123e-08 5.65607e-08 4.79396e-08 2.98297e-08 7.13872e-10-3.92433e-08
-8.74570e-08-1.38374e-07-1.83334e-07-2.11569e-07-2.13892e-07-1.87753e-07
-1.37700e-07-7.13304e-08 1.61580e-09 6.77560e-08 1.12504e-07 1.25005e-07
 1.02243e-07 5.13878e-08-1.17198e-08-6.82691e-08-1.03695e-07-1.13196e-07
-1.02673e-07-8.39290e-08-6.64903e-08-5.12535e-08-3.08345e-08 2.68506e-09
 4.87237e-08 9.65637e-08 1.33144e-07 1.52769e-07 1.59385e-07 1.60763e-07
 1.63541e-07 1.74642e-07 2.01412e-07 2.44972e-07 2.99529e-07 3.64685e-07
 4.47725e-07 5.41954e-07 6.10998e-07 6.08428e-07 5.08326e-07 3.00242e-07
-2.86883e-08-4.71803e-07-9.82969e-07-1.49400e-06-1.91573e-06-2.13592e-06
-2.05916e-06-1.64334e-06-9.13113e-07 2.58277e-08 9.94324e-07 1.78352e-06
 2.21416e-06 2.19412e-06 1.75665e-06 1.05807e-06 3.24944e-07-2.32128e-07
-5.00679e-07-5.05794e-07-3.81024e-07-2.81403e-07-2.87166e-07-3.61230e-07
-3.94043e-07-3.05389e-07-1.23567e-07 3.51828e-08 7.75793e-08 2.43232e-08
-2.02817e-08 7.09425e-09 6.25402e-08 7.15295e-08 3.43612e-08 1.01840e-08
 1.91902e-08 2.59767e-08 1.33147e-08 3.80256e-09 6.60530e-09 4.86947e-09
-3.20157e-09-4.70709e-09-3.22293e-09-7.26800e-09-1.02558e-08-8.49670e-09
-8.87974e-09-1.04575e-08-8.45969e-09-6.83982e-09-7.11787e-09-5.40962e-09
-3.49543e-09-3.33656e-09-2.11951e-09-5.69345e-10-4.13905e-10 3.29644e-10
 1.33794e-09 1.36318e-09 1.87941e-09 2.60462e-09 2.66217e-09 3.09015e-09
 3.50527e-09 3.40013e-09 3.56429e-09 3.63499e-09 3.44902e-09 3.50555e-09
 3.38873e-09 3.09512e-09 2.87649e-09 2.42600e-09 1.88909e-09 1.39000e-09
 7.78838e-10 2.07212e-10-3.41657e-10-9.49552e-10-1.48125e-09-1.95225e-09
-2.37024e-09-2.62650e-09-2.78234e-09-2.85880e-09-2.80999e-09-2.69085e-09
-2.40454e-09-1.94126e-09-1.37572e-09-6.95701e-10-1.65268e-11 7.04502e-10
 1.47486e-09 2.22493e-09 2.96702e-09 3.60742e-09 4.16024e-09 4.59362e-09
 4.87518e-09 5.00184e-09 4.91092e-09 4.63624e-09 4.20241e-09 3.65360e-09
 2.98959e-09 2.18522e-09 1.26066e-09 2.63055e-10-7.23830e-10-1.66732e-09
-2.57575e-09-3.45584e-09-4.26251e-09-4.90049e-09-5.28937e-09-5.41700e-09
-5.33773e-09-5.10196e-09-4.70933e-09-4.12276e-09-3.32611e-09-2.35842e-09
-1.29256e-09-1.94139e-10 9.02654e-10 1.98664e-09 3.02687e-09 3.94536e-09
 4.65266e-09 5.09623e-09 5.26820e-09 5.18564e-09 4.86142e-09 4.29161e-09
 3.47420e-09 2.42395e-09 1.17290e-09-2.22487e-10-1.68721e-09-3.15364e-09
-4.56595e-09-5.86277e-09-6.97852e-09-7.85775e-09-8.45839e-09-8.75150e-09
-8.72196e-09-8.36503e-09-7.68068e-09-6.66394e-09-5.30672e-09-3.62658e-09
-1.68499e-09 4.30973e-10 2.62461e-09 4.78924e-09 6.81304e-09 8.57751e-09
 9.94978e-09 1.08017e-08 1.10476e-08 1.06646e-08 9.69485e-09 8.24086e-09
 6.45470e-09 4.52534e-09 2.66609e-09 1.08037e-09-9.69906e-11-8.45510e-10
-1.26752e-09-1.56412e-09-1.98241e-09-2.74897e-09-4.01861e-09-5.83772e-09
-8.10076e-09-1.05173e-08-1.26307e-08-1.38945e-08-1.37898e-08-1.19616e-08
-8.32650e-09-3.11623e-09 3.11548e-09 9.50818e-09 1.49934e-08 1.84999e-08
 1.91914e-08 1.66684e-08 1.10978e-08 3.22017e-09-5.76831e-09-1.44003e-08
-2.11675e-08-2.48114e-08-2.46164e-08-2.05819e-08-1.34065e-08-4.32116e-09
 5.17081e-09 1.35827e-08 1.97038e-08 2.28074e-08 2.27854e-08 2.01542e-08
 1.58889e-08 1.11142e-08 6.77865e-09 3.44793e-09 1.25048e-09-5.43993e-11
-9.21575e-10-1.83442e-09-3.12961e-09-4.85624e-09-6.73064e-09-8.23129e-09
-8.80216e-09-8.08345e-09-6.06531e-09-3.10373e-09 1.80184e-10 3.07684e-09
 4.98970e-09 5.59575e-09 4.93464e-09 3.40549e-09 1.63958e-09 2.79143e-10
-2.46195e-10 1.38874e-10 1.15133e-09 2.28638e-09 3.02491e-09 3.02320e-09
 2.22498e-09 8.69688e-10-5.99092e-10-1.70176e-09-2.11719e-09-1.81791e-09
-1.07847e-09-3.62084e-10-1.36962e-10-6.87111e-10-1.99335e-09-3.73748e-09
-5.42317e-09-6.56801e-09-6.89222e-09-6.41537e-09-5.42698e-09-4.36210e-09
-3.62631e-09-3.42698e-09-3.68687e-09-4.08519e-09-4.20670e-09-3.73024e-09
-2.57230e-09-9.25476e-10 8.24191e-10 2.26697e-09 3.14583e-09 3.45772e-09
 3.44334e-09 3.47084e-09 3.85884e-09 4.71916e-09 5.89022e-09 6.99185e-09
 7.58680e-09 7.37272e-09 6.29930e-09 4.56639e-09 2.53055e-09 5.58965e-10
-1.11227e-09-2.43354e-09-3.47429e-09-4.27366e-09-4.69275e-09-4.36154e-09
-2.77823e-09-8.04122e-10
     0.0000e+00     0.0000e+00      0  0  0.00
     512   1.00000  0.0000e+00
 1.41519e-10 4.13469e-12-1.16838e-10-2.05517e-10-2.57329e-10-2.77175e-10
-2.74277e-10-2.57065e-10-2.31795e-10-2.03221e-10-1.74172e-10-1.45452e-10
-1.17829e-10-9.39677e-11-7.76189e-11-7.03137e-11-6.90335e-11-6.74590e-11
-5.91030e-11-4.00414e-11-1.10970e-11 2.19307e-11 5.12849e-11 7.06649e-11
 7.65163e-11 6.87608e-11 5.17988e-11 3.35408e-11 2.10002e-11 1.54537e-11
 1.28853e-11 9.72847e-12 6.40386e-12 5.11370e-12 6.94473e-12 1.18557e-11
 1.91719e-11 2.66782e-11 2.99865e-11 2.46822e-11 1.05958e-11-6.53608e-12
-1.83294e-11-1.81676e-11-4.00971e-12 1.99037e-11 4.42351e-11 5.99490e-11
 6.34859e-11 5.68396e-11 4.37470e-11 2.69089e-11 8.35436e-12-9.86900e-12
-2.70272e-11-4.42700e-11-6.17746e-11-7.59998e-11-8.18582e-11-7.81789e-11
-7.01343e-11-6.58739e-11-7.10161e-11-8.53151e-11-1.02572e-10-1.13704e-10
-1.12070e-10-9.71043e-11-7.27216e-11-4.34687e-11-1.35427e-11 1.28952e-11
 3.44588e-11 5.51342e-11 8.01604e-11 1.08729e-10 1.34199e-10 1.52544e-10
 1.67585e-10 1.86044e-10 2.09640e-10 2.34474e-10 2.56071e-10 2.71314e-10
 2.76661e-10 2.69466e-10 2.52965e-10 2.36895e-10 2.30088e-10 2.33064e-10
 2.38710e-10 2.38367e-10 2.26875e-10 2.04166e-10 1.72965e-10 1.33794e-10
 8.23125e-11 1.29877e-11-7.52096e-11-1.78872e-10-2.94936e-10-4.22241e-10
-5.58967e-10-7.02747e-10-8.54139e-10-1.01519e-09-1.18077e-09-1.33412e-09
-1.45588e-09-1.53731e-09-1.58181e-09-1.59617e-09-1.58597e-09-1.55794e-09
-1.51978e-09-1.47452e-09-1.41841e-09-1.34367e-09-1.23750e-09-1.07553e-09
-8.20472e-10-4.32578e-10 1.16513e-10 8.36668e-10 1.71719e-09 2.72323e-09
 3.79151e-09 4.82981e-09 5.72173e-09 6.33959e-09 6.56987e-09 6.34798e-09
 5.68771e-09 4.69079e-09 3.53057e-09 2.40983e-09 1.49830e-09 8.74034e-10
 5.04224e-10 2.75746e-10 4.36456e-11-3.36169e-10-9.82148e-10-1.94516e-09
-3.16462e-09-4.47152e-09-5.65257e-09-6.53062e-09-7.00892e-09-7.07006e-09
-6.75404e-09-6.13585e-09-5.30769e-09-4.36693e-09-3.40607e-09-2.50001e-09
-1.69595e-09-1.01231e-09-4.42189e-10 4.49861e-11 4.97825e-10 9.61588e-10
 1.44797e-09 1.92036e-09 2.29865e-09 2.46351e-09 2.26426e-09 1.56221e-09
 3.11418e-10-1.36940e-09-3.17277e-09-4.61477e-09-5.06260e-09-3.80264e-09
-1.83810e-10 6.17962e-09 1.51898e-08 2.60658e-08 3.71945e-08 4.60979e-08
 4.96038e-08 4.42769e-08 2.71468e-08-1.85771e-09-3.58652e-08-6.37991e-08
-8.03689e-08-8.60713e-08-7.90952e-08-5.73165e-08-2.37836e-08 1.41780e-08
 4.67406e-08 6.44269e-08 6.29717e-08 4.55523e-08 2.12329e-08 9.08598e-10
-8.03994e-09-5.64164e-09 1.10620e-09 3.05435e-09-4.27135e-09-1.64929e-08
-2.40644e-08-2.13048e-08-1.12969e-08-2.14306e-09 8.51825e-10-1.44324e-09
-6.17953e-09-1.19924e-08-1.52185e-08-9.17039e-09 5.42378e-09 1.64136e-08
 1.68418e-08 1.75121e-08 3.01958e-08 4.63445e-08 5.01174e-08 4.36489e-08
 3.51516e-08 2.01034e-08-9.14389e-10-1.72250e-08-2.90569e-08-3.95763e-08
-4.24333e-08-3.63112e-08-2.69801e-08-1.73684e-08-1.08098e-08-1.23680e-08
-2.25548e-08-3.56465e-08-4.29509e-08-3.63304e-08-1.22029e-08 2.37941e-08
 5.69852e-08 7.09191e-08 5.73800e-08 2.34701e-08-9.96169e-09-2.07805e-08
-3.36889e-09 2.37011e-08 3.12183e-08 7.08725e-09-2.64564e-08-3.33493e-08
-7.30144e-09 1.69533e-08 8.34087e-09-1.60937e-08-1.77691e-08 2.29780e-09
 9.16653e-09-3.65405e-09-7.78171e-09 2.54407e-09 4.17277e-09-3.69344e-09
-2.05636e-09 3.93886e-09 1.96940e-10-3.01982e-09 1.74081e-09 1.87642e-09
-2.29917e-09-2.05604e-11 1.82988e-09-1.65078e-09-9.96929e-10 1.36712e-09
-1.06412e-09-1.07827e-09 1.21367e-09-5.51433e-10-8.31844e-10 1.07447e-09
-3.96888e-10-6.17072e-10 9.36181e-10-3.61891e-10-3.10738e-10 8.63653e-10
-3.62471e-10-7.08611e-12 7.17228e-10-3.96636e-10 2.22376e-10 4.34805e-10
-4.17764e-10 3.56771e-10 1.24097e-10-2.41431e-10 5.17180e-10 2.77669e-11
 1.83677e-10 6.29723e-10 1.48626e-10 6.25094e-10 5.88078e-10 3.76776e-10
 8.37081e-10 5.32009e-10 6.70571e-10 7.28815e-10 4.48928e-10 7.41731e-10
 5.71390e-10 6.43043e-10 7.47209e-10 5.75308e-10 7.53720e-10 6.59940e-10
 7.15245e-10 6.85712e-10 4.72509e-10 3.99713e-10 1.85835e-10 1.26800e-10
-7.69695e-12-2.03867e-10-3.89820e-10-5.87884e-10-6.49316e-10-7.36721e-10
-8.30774e-10-9.68226e-10-1.09382e-09-1.12922e-09-1.09643e-09-1.04524e-09
-1.06227e-09-1.11880e-09-1.15062e-09-1.09881e-09-9.97710e-10-9.28709e-10
-9.13388e-10-9.10864e-10-8.58641e-10-7.42826e-10-6.23106e-10-5.67024e-10
-5.71622e-10-5.85762e-10-5.65229e-10-5.07677e-10-4.54693e-10-4.40057e-10
-4.53287e-10-4.64407e-10-4.50085e-10-4.10512e-10-3.77694e-10-3.72283e-10
-3.67490e-10-3.28652e-10-2.51698e-10-1.48106e-10-3.14214e-11 8.85373e-11
 2.18423e-10 3.67538e-10 5.34708e-10 7.20370e-10 9.16229e-10 1.09916e-09
 1.26015e-09 1.40371e-09 1.52328e-09 1.60945e-09 1.66400e-09 1.69217e-09
 1.69774e-09 1.68826e-09 1.67462e-09 1.66061e-09 1.63381e-09 1.57549e-09
 1.48154e-09 1.36115e-09 1.22243e-09 1.07386e-09 9.21926e-10 7.65706e-10
 6.12258e-10 4.74241e-10 3.47224e-10 2.24303e-10 1.11537e-10 7.19702e-12
-9.35077e-11-1.80311e-10-2.52814e-10-3.30750e-10-4.16789e-10-4.93316e-10
-5.57858e-10-6.17976e-10-6.73123e-10-7.31894e-10-8.06405e-10-8.90586e-10
-9.90040e-10-1.13935e-09-1.35189e-09-1.59333e-09-1.81965e-09-2.00517e-09
-2.13884e-09-2.22321e-09-2.26312e-09-2.23966e-09-2.12413e-09-1.93250e-09
-1.72541e-09-1.53479e-09-1.33371e-09-1.08753e-09-7.96088e-10-4.98357e-10
-2.50128e-10-6.92258e-11 8.29421e-11 2.44026e-10 3.94104e-10 4.64800e-10
 4.11837e-10 2.75805e-10 1.47929e-10 9.07087e-11 1.05795e-10 1.52918e-10
 2.06008e-10 2.94467e-10 4.54275e-10 6.59639e-10 8.36572e-10 9.22955e-10
 9.21764e-10 9.00316e-10 9.15310e-10 9.65075e-10 1.01896e-09 1.05638e-09
 1.09072e-09 1.15484e-09 1.24302e-09 1.30520e-09 1.30697e-09 1.25895e-09
 1.20420e-09 1.19196e-09 1.23981e-09 1.32677e-09 1.42264e-09 1.50073e-09
 1.53788e-09 1.51816e-09 1.42688e-09 1.25438e-09 1.01521e-09 7.48026e-10
 4.97943e-10 3.01138e-10 1.65745e-10 6.92287e-11-1.16595e-11-8.80936e-11
-1.75193e-10-2.87113e-10-4.23825e-10-5.78390e-10-7.41936e-10-9.07047e-10
-1.07662e-09-1.25603e-09-1.44212e-09-1.62852e-09-1.80306e-09-1.93812e-09
-1.99859e-09-1.95657e-09-1.80416e-09-1.56403e-09-1.28041e-09-9.99722e-10
-7.59351e-10-5.75804e-10-4.40582e-10-3.34898e-10-2.38569e-10-1.28324e-10
 9.69197e-12 1.66559e-10 3.20451e-10 4.52497e-10 5.56157e-10 6.41880e-10
 7.24378e-10 8.03687e-10 8.64813e-10 8.81787e-10 8.17157e-10 6.39862e-10
 3.53102e-10 9.27956e-11
     0.0000e+00     0.0000e+00      0  0  0.00
     512   1.00000  0.0000e+00
 6.69705e-10 3.74461e-10 6.09692e-11-2.15544e-10-4.10866e-10-5.08672e-10
-5.29663e-10-5.26262e-10-5.58176e-10-6.59859e-10-8.21664e-10-9.96373e-10
-1.12457e-09-1.16277e-09-1.10074e-09-9.62976e-10-7.95233e-10-6.40823e-10
-5.17679e-10-4.08740e-10-2.72587e-10-6.94109e-11 2.11936e-10 5.40424e-10
 8.52797e-10 1.08571e-09 1.20891e-09 1.23431e-09 1.20041e-09 1.14891e-09
 1.10421e-09 1.06067e-09 9.84034e-10 8.30639e-10 5.79346e-10 2.54955e-10
-8.04466e-11-3.64019e-10-5.66252e-10-7.00387e-10-8.06501e-10-9.21509e-10
-1.05300e-09-1.17238e-09-1.22970e-09-1.18067e-09-1.01093e-09-7.44536e-10
-4.33490e-10-1.31589e-10 1.36764e-10 3.88828e-10 6.59608e-10 9.59580e-10
 1.25228e-09 1.46977e-09 1.54967e-09 1.46433e-09 1.22843e-09 8.90246e-10
 5.12318e-10 1.46123e-10-1.84958e-10-4.80436e-10-7.40399e-10-9.46846e-10
-1.06561e-09-1.06952e-09-9.67933e-10-8.21605e-10-7.24976e-10-7.58791e-10
-9.45999e-10-1.24386e-09-1.56826e-09-1.82198e-09-1.91163e-09-1.76128e-09
-1.32933e-09-6.16776e-10 3.38654e-10 1.46319e-09 2.63037e-09 3.64969e-09
 4.29479e-09 4.37199e-09 3.78959e-09 2.58891e-09 9.32105e-10-9.36444e-10
-2.73688e-09-4.19661e-09-5.08764e-09-5.26314e-09-4.68915e-09-3.45578e-09
-1.75939e-09 1.32172e-10 1.91789e-09 3.31460e-09 4.12829e-09 4.31341e-09
 3.96969e-09 3.27576e-09 2.41811e-09 1.56052e-09 8.35423e-10 3.21857e-10
 2.11823e-11-1.33241e-10-2.32559e-10-3.52782e-10-5.38592e-10-7.94260e-10
-1.07201e-09-1.27729e-09-1.30458e-09-1.08474e-09-6.13208e-10 5.41870e-11
 8.29831e-10 1.62719e-09 2.37577e-09 3.01156e-09 3.46016e-09 3.63116e-09
 3.41735e-09 2.68831e-09 1.29555e-09-8.83641e-10-3.86980e-09-7.50538e-09
-1.14085e-08-1.49741e-08-1.74377e-08-1.80227e-08-1.61605e-08-1.16950e-08
-4.96152e-09 3.27448e-09 1.19545e-08 1.99032e-08 2.60467e-08 2.96359e-08
 3.03861e-08 2.84844e-08 2.44992e-08 1.92423e-08 1.35827e-08 8.23559e-09
 3.61292e-09-1.95014e-10-3.34228e-09-6.11620e-09-8.82019e-09-1.16785e-08
-1.47972e-08-1.81719e-08-2.17006e-08-2.51992e-08-2.84413e-08-3.12127e-08
-3.33335e-08-3.46542e-08-3.50948e-08-3.47425e-08-3.39299e-08-3.32257e-08
-3.33513e-08-3.50529e-08-3.89025e-08-4.50153e-08-5.27564e-08-6.05352e-08
-6.57313e-08-6.47888e-08-5.35830e-08-2.81471e-08 1.42821e-08 7.40450e-08
 1.47827e-07 2.27653e-07 3.00359e-07 3.47610e-07 3.50527e-07 3.01858e-07
 2.10626e-07 9.10419e-08-4.16249e-08-1.64094e-07-2.48332e-07-2.72798e-07
-2.30969e-07-1.36177e-07-1.83188e-08 8.72037e-08 1.52046e-07 1.65494e-07
 1.37781e-07 9.20231e-08 4.92840e-08 1.61282e-08-1.67224e-08-6.21537e-08
-1.20552e-07-1.74794e-07-2.03034e-07-1.98761e-07-1.76950e-07-1.61331e-07
-1.70720e-07-2.15719e-07-2.94961e-07-3.86877e-07-4.61696e-07-5.16287e-07
-5.79145e-07-6.62207e-07-7.19038e-07-6.75826e-07-4.99428e-07-1.89138e-07
 2.70541e-07 8.67657e-07 1.52618e-06 2.15132e-06 2.62725e-06 2.80753e-06
 2.58736e-06 1.94345e-06 9.28279e-07-3.10907e-07-1.54163e-06-2.50741e-06
-3.00043e-06-2.92599e-06-2.34065e-06-1.44299e-06-5.05562e-07 2.25801e-07
 6.20562e-07 7.02401e-07 6.12248e-07 5.13880e-07 4.94787e-07 5.26563e-07
 5.14410e-07 3.92590e-07 1.92840e-07 1.87184e-08-5.29997e-08-3.78657e-08
-1.37160e-08-2.96585e-08-6.47953e-08-7.68974e-08-5.85677e-08-3.50543e-08
-2.49571e-08-2.46523e-08-2.24114e-08-1.34354e-08-4.49315e-09-2.08785e-09
-9.41690e-10 4.99974e-09 9.46870e-09 8.43513e-09 9.86357e-09 1.39017e-08
 1.25366e-08 1.01163e-08 1.18826e-08 1.05723e-08 6.54612e-09 6.86682e-09
 6.18508e-09 2.32541e-09 2.30376e-09 2.32005e-09-8.02959e-10-5.98697e-10
-1.17929e-10-2.58014e-09-2.17211e-09-1.87339e-09-4.09487e-09-3.56593e-09
-3.63470e-09-5.43951e-09-4.57296e-09-4.94189e-09-6.12638e-09-5.02876e-09
-5.64164e-09-5.94196e-09-4.73785e-09-5.31537e-09-4.60925e-09-3.53248e-09
-3.73395e-09-2.33359e-09-1.65668e-09-1.16959e-09 4.16503e-10 7.51712e-10
 1.79894e-09 2.77416e-09 2.88793e-09 3.84409e-09 3.96751e-09 4.26415e-09
 4.64133e-09 4.18491e-09 4.16255e-09 3.53830e-09 2.97601e-09 2.40523e-09
 1.28413e-09 4.02880e-10-8.32449e-10-1.86273e-09-2.81355e-09-3.77354e-09
-4.45484e-09-5.13930e-09-5.42945e-09-5.47965e-09-5.27320e-09-4.88283e-09
-4.37868e-09-3.59798e-09-2.59334e-09-1.36433e-09-1.19639e-10 1.06121e-09
 2.20875e-09 3.36473e-09 4.50668e-09 5.47776e-09 6.13980e-09 6.45482e-09
 6.50746e-09 6.36367e-09 6.00607e-09 5.35060e-09 4.34937e-09 3.07258e-09
 1.65217e-09 1.88767e-10-1.28870e-09-2.79837e-09-4.30975e-09-5.68989e-09
-6.80156e-09-7.58810e-09-8.04410e-09-8.17120e-09-7.94608e-09-7.33153e-09
-6.33171e-09-4.98915e-09-3.35466e-09-1.50362e-09 4.68305e-10 2.48740e-09
 4.49541e-09 6.40433e-09 8.11033e-09 9.53991e-09 1.06426e-08 1.13676e-08
 1.16708e-08 1.15311e-08 1.09538e-08 9.94454e-09 8.48857e-09 6.59618e-09
 4.33742e-09 1.79786e-09-9.35427e-10-3.73666e-09-6.45078e-09-8.91092e-09
-1.09296e-08-1.23245e-08-1.29648e-08-1.27961e-08-1.18508e-08-1.02545e-08
-8.20271e-09-5.92714e-09-3.69027e-09-1.75393e-09-2.90732e-10 6.69410e-10
 1.23018e-09 1.61585e-09 2.13416e-09 3.08110e-09 4.65633e-09 6.92730e-09
 9.77485e-09 1.28313e-08 1.55019e-08 1.70685e-08 1.68373e-08 1.43337e-08
 9.46013e-09 2.52568e-09-5.76628e-09-1.43042e-08-2.16768e-08-2.64626e-08
-2.75391e-08-2.43413e-08-1.70555e-08-6.62382e-09 5.44870e-09 1.73158e-08
 2.70100e-08 3.27887e-08 3.35685e-08 2.92109e-08 2.05300e-08 9.07835e-09
-3.21732e-09-1.44479e-08-2.30188e-08-2.78855e-08-2.87474e-08-2.61111e-08
-2.11362e-08-1.52371e-08-9.61583e-09-5.00059e-09-1.61704e-09 7.20072e-10
 2.44096e-09 4.05278e-09 5.97616e-09 8.33510e-09 1.08287e-08 1.28160e-08
 1.35773e-08 1.26513e-08 1.00467e-08 6.21172e-09 1.88910e-09-2.07542e-09
-4.94896e-09-6.28011e-09-6.03371e-09-4.64695e-09-2.87871e-09-1.51076e-09
-1.07019e-09-1.66068e-09-2.96047e-09-4.38659e-09-5.33019e-09-5.38116e-09
-4.47124e-09-2.87908e-09-1.12294e-09 2.24925e-10 7.65727e-10 4.44466e-10
-4.26302e-10-1.29310e-09-1.57551e-09-8.94900e-10 7.72804e-10 3.09928e-09
 5.53422e-09 7.50633e-09 8.64216e-09 8.89171e-09 8.50715e-09 7.92126e-09
 7.56273e-09 7.65948e-09 8.12914e-09 8.61441e-09 8.64432e-09 7.85480e-09
 6.16543e-09 3.83207e-09 1.35121e-09-7.55212e-10-2.16094e-09-2.85809e-09
-3.16182e-09-3.58811e-09-4.63300e-09-6.55482e-09-9.25308e-09-1.22943e-08
-1.50800e-08-1.70588e-08-1.78494e-08-1.72470e-08-1.51805e-08-1.16517e-08
-6.69628e-09-4.60316e-10 6.59323e-09 1.34419e-08 1.83523e-08 1.89588e-08
 1.26809e-08 3.75179e-09
     0.0000e+00     0.0000e+00      0  0  0.00
     512   1.00000  0.0000e+00
 1.11463e-09 1.03493e-09 8.26307e-10 5.10231e-10 1.42991e-10-1.98632e-10
-4.44893e-10-5.61121e-10-5.60281e-10-4.92296e-10-4.17694e-10-3.80087e-10
-3.88231e-10-4.14518e-10-4.12582e-10-3.45876e-10-2.10015e-10-3.60314e-11
 1.25640e-10 2.31027e-10 2.64782e-10 2.45837e-10 2.13159e-10 2.01450e-10
 2.21179e-10 2.52374e-10 2.55155e-10 1.93289e-10 5.86716e-11-1.19341e-10
-2.87943e-10-3.99304e-10-4.34139e-10-4.07929e-10-3.59871e-10-3.31148e-10
-3.42122e-10-3.79945e-10-4.05420e-10-3.77890e-10-2.82233e-10-1.37443e-10
 1.80098e-11 1.49831e-10 2.45105e-10 3.16749e-10 3.93585e-10 4.98846e-10
 6.29248e-10 7.50347e-10 8.13224e-10 7.82026e-10 6.54304e-10 4.60962e-10
 2.47042e-10 4.72643e-11-1.28692e-10-2.94162e-10-4.68764e-10-6.56485e-10
-8.33139e-10-9.53983e-10-9.78211e-10-8.94441e-10-7.30965e-10-5.43408e-10
-3.86040e-10-2.86502e-10-2.41491e-10-2.30488e-10-2.31389e-10-2.28828e-10
-2.14382e-10-1.77329e-10-8.97643e-11 9.69867e-11 4.30189e-10 9.18210e-10
 1.50635e-09 2.08482e-09 2.52355e-09 2.71297e-09 2.59303e-09 2.16566e-09
 1.49126e-09 6.70562e-10-1.78356e-10-9.32185e-10-1.46370e-09-1.65274e-09
-1.42038e-09-7.70412e-10 1.91115e-10 1.27268e-09 2.24476e-09 2.90011e-09
 3.10297e-09 2.80995e-09 2.06243e-09 9.61528e-10-3.61620e-10-1.76846e-09
-3.12468e-09-4.31077e-09-5.24394e-09-5.90562e-09-6.34987e-09-6.67515e-09
-6.97146e-09-7.27707e-09-7.57161e-09-7.79960e-09-7.90111e-09-7.83821e-09
-7.61487e-09-7.27631e-09-6.87676e-09-6.43825e-09-5.93560e-09-5.30488e-09
-4.44008e-09-3.16909e-09-1.24848e-09 1.58269e-09 5.50015e-09 1.04939e-08
 1.63088e-08 2.24279e-08 2.80909e-08 3.23760e-08 3.43738e-08 3.34378e-08
 2.94355e-08 2.29137e-08 1.51059e-08 7.72700e-09 2.52058e-09 6.24575e-10
 1.99035e-09 5.21529e-09 8.02305e-09 8.23417e-09 4.70636e-09-2.26629e-09
-1.12252e-08-2.02163e-08-2.74622e-08-3.18002e-08-3.28473e-08-3.09373e-08
-2.68935e-08-2.17247e-08-1.63572e-08-1.14845e-08-7.53752e-09-4.72768e-09
-3.10168e-09-2.57980e-09-2.98021e-09-4.04213e-09-5.44617e-09-6.83632e-09
-7.86830e-09-8.29031e-09-8.01789e-09-7.16297e-09-6.02505e-09-5.07881e-09
-4.95436e-09-6.35698e-09-9.89386e-09-1.58503e-08-2.39867e-08-3.33835e-08
-4.23345e-08-4.83315e-08-4.82254e-08-3.86277e-08-1.65830e-08 1.95064e-08
 6.88065e-08 1.27038e-07 1.85827e-07 2.33600e-07 2.59466e-07 2.57280e-07
 2.25383e-07 1.64965e-07 8.11607e-08-1.58085e-08-1.11309e-07-1.88413e-07
-2.32453e-07-2.37048e-07-2.08087e-07-1.62227e-07-1.19397e-07-9.31620e-08
-8.46701e-08-8.41288e-08-7.93369e-08-6.59347e-08-5.17929e-08-5.07273e-08
-6.95675e-08-1.00106e-07-1.23416e-07-1.22461e-07-9.25386e-08-4.28254e-08
 9.45373e-09 4.66559e-08 5.58927e-08 3.26818e-08-1.06370e-08-3.98436e-08
-1.87308e-08 6.24680e-08 1.92142e-07 3.61875e-07 5.63280e-07 7.67502e-07
 9.30449e-07 1.01085e-06 9.67424e-07 7.60080e-07 3.74550e-07-1.62958e-07
-7.86099e-07-1.38551e-06-1.82418e-06-1.97941e-06-1.78331e-06-1.25119e-06
-4.93607e-07 3.04856e-07 9.40686e-07 1.26079e-06 1.22098e-06 9.05965e-07
 4.91923e-07 1.62519e-07 1.96193e-08 3.82044e-08 9.71601e-08 7.40393e-08
-5.90281e-08-2.14097e-07-2.67395e-07-1.79291e-07-3.86785e-08 2.66372e-08
-1.32966e-08-6.72900e-08-4.85514e-08 1.53947e-08 3.97819e-08 1.26925e-08
-4.58475e-09 1.09720e-08 2.02854e-08 7.96628e-09 2.67079e-09 1.00024e-08
 7.65526e-09-9.89956e-10 5.40704e-10 2.70225e-09-3.54157e-09-5.94401e-09
-3.46120e-09-6.53373e-09-9.47462e-09-7.05898e-09-7.45174e-09-9.26966e-09
-6.75391e-09-5.66413e-09-6.51444e-09-4.17846e-09-2.73275e-09-3.13953e-09
-1.19001e-09-7.47142e-11-4.79017e-10 9.50968e-10 1.47740e-09 1.02141e-09
 2.04197e-09 2.00918e-09 1.52064e-09 2.11116e-09 1.59352e-09 1.20402e-09
 1.51981e-09 9.15270e-10 8.85590e-10 1.04181e-09 5.75692e-10 8.38746e-10
 8.86762e-10 8.39926e-10 1.40773e-09 1.57728e-09 2.02596e-09 2.63083e-09
 2.91722e-09 3.60082e-09 4.08995e-09 4.54501e-09 5.11239e-09 5.32042e-09
 5.61653e-09 5.70908e-09 5.64210e-09 5.56790e-09 5.19501e-09 4.78647e-09
 4.18021e-09 3.43317e-09 2.62163e-09 1.64965e-09 7.00461e-10-2.91041e-10
-1.25139e-09-2.19716e-09-3.17024e-09-4.10943e-09-5.01443e-09-5.80014e-09
-6.46874e-09-7.01991e-09-7.46444e-09-7.80095e-09-7.97557e-09-7.94940e-09
-7.71167e-09-7.32477e-09-6.85341e-09-6.31028e-09-5.66149e-09-4.87814e-09
-3.97972e-09-3.03142e-09-2.11065e-09-1.26215e-09-4.89853e-10 2.18268e-10
 8.49395e-10 1.35197e-09 1.67361e-09 1.80567e-09 1.78138e-09 1.64074e-09
 1.40151e-09 1.05351e-09 5.80198e-10-3.64564e-12-6.33912e-10-1.22688e-09
-1.72768e-09-2.12271e-09-2.41107e-09-2.57414e-09-2.57281e-09-2.37080e-09
-1.95745e-09-1.34712e-09-5.64173e-10 3.68554e-10 1.43475e-09 2.61917e-09
 3.88966e-09 5.18736e-09 6.43943e-09 7.57920e-09 8.55820e-09 9.34452e-09
 9.90371e-09 1.01805e-08 1.01077e-08 9.63769e-09 8.76890e-09 7.54687e-09
 6.04770e-09 4.36813e-09 2.62996e-09 9.81392e-10-4.18298e-10-1.42579e-09
-1.94488e-09-1.95580e-09-1.52396e-09-7.78883e-10 1.11662e-10 9.55902e-10
 1.55733e-09 1.74961e-09 1.43767e-09 6.38504e-10-4.90684e-10-1.66982e-09
-2.56937e-09-2.89732e-09-2.46296e-09-1.22802e-09 6.47432e-10 2.78991e-09
 4.65251e-09 5.61004e-09 5.09407e-09 2.73995e-09-1.49478e-09-7.27592e-09
-1.39146e-08-2.04589e-08-2.58417e-08-2.90701e-08-2.94219e-08-2.66111e-08
-2.08867e-08-1.30309e-08-4.23002e-09 4.16212e-09 1.08964e-08 1.50652e-08
 1.62675e-08 1.46756e-08 1.09753e-08 6.18930e-09 1.43539e-09-2.33662e-09
-4.55640e-09-5.11892e-09-4.33400e-09-2.77761e-09-1.09277e-09 1.99403e-10
 8.29303e-10 8.30161e-10 5.06559e-10 3.22944e-10 7.22246e-10 1.92303e-09
 3.80050e-09 5.92344e-09 7.71705e-09 8.66869e-09 8.49335e-09 7.21190e-09
 5.14769e-09 2.85198e-09 9.54552e-10-3.38238e-11 1.05431e-10 1.23149e-09
 2.91593e-09 4.61132e-09 5.84426e-09 6.37352e-09 6.26037e-09 5.81811e-09
 5.46360e-09 5.53856e-09 6.17134e-09 7.22448e-09 8.33572e-09 9.03387e-09
 8.90347e-09 7.75502e-09 5.72279e-09 3.21907e-09 7.62117e-10-1.22386e-09
-2.54800e-09-3.29542e-09-3.77065e-09-4.35917e-09-5.35272e-09-6.81113e-09
-8.52774e-09-1.01153e-08-1.11679e-08-1.14230e-08-1.08652e-08-9.73624e-09
-8.43849e-09-7.36116e-09-6.71014e-09-6.42829e-09-6.23975e-09-5.78955e-09
-4.81193e-09-3.25373e-09-1.30168e-09 6.95489e-10 2.37436e-09 3.50981e-09
 4.10424e-09 4.36522e-09 4.57884e-09 4.94291e-09 5.44393e-09 5.84306e-09
 5.78381e-09 4.97154e-09 3.34924e-09 1.20360e-09-8.55504e-10-2.06114e-09
-1.73605e-09-5.59924e-10
     0.0000e+00     0.0000e+00      0  0  0.00
     512   1.00000  0.0000e+00
 2.73511e-10 2.81766e-12-2.53540e-10-4.41112e-10-5.22615e-10-4.96428e-10
-4.01218e-10-3.02835e-10-2.66689e-10-3.27635e-10-4.73198e-10-6.49695e-10
-7.87985e-10-8.34993e-10-7.75536e-10-6.35303e-10-4.64694e-10-3.11433e-10
-1.96753e-10-1.09170e-10-1.83537e-11 1.01353e-10 2.52380e-10 4.10045e-10
 5.35158e-10 5.96923e-10 5.92679e-10 5.51197e-10 5.16972e-10 5.24962e-10
 5.79717e-10 6.50114e-10 6.83472e-10 6.32451e-10 4.80364e-10 2.50531e-10
-5.56906e-12-2.33299e-10-3.98302e-10-4.97224e-10-5.51709e-10-5.89565e-10
-6.24651e-10-6.48610e-10-6.39364e-10-5.79355e-10-4.70275e-10-3.34545e-10
-2.03019e-10-9.62799e-11-1.04134e-11 8.26654e-11 2.17691e-10 4.10446e-10
 6.40458e-10 8.54121e-10 9.86956e-10 9.92167e-10 8.60464e-10 6.22078e-10
 3.31396e-10 4.30676e-11-2.06933e-10-4.04434e-10-5.45593e-10-6.23811e-10
-6.27383e-10-5.49991e-10-4.06818e-10-2.44186e-10-1.31389e-10-1.33545e-10
-2.79166e-10-5.42183e-10-8.48813e-10-1.10420e-09-1.22485e-09-1.16199e-09
-9.06425e-10-4.76895e-10 9.38717e-11 7.60714e-10 1.45439e-09 2.07177e-09
 2.48487e-09 2.57205e-09 2.25924e-09 1.55199e-09 5.43422e-10-6.07344e-10
-1.71742e-09-2.62221e-09-3.19868e-09-3.36914e-09-3.10115e-09-2.41597e-09
-1.40090e-09-2.10514e-10 9.55027e-10 1.89488e-09 2.46332e-09 2.61243e-09
 2.39839e-09 1.94790e-09 1.40558e-09 8.91037e-10 4.81163e-10 2.13217e-10
 9.33864e-11 9.96458e-11 1.80289e-10 2.60268e-10 2.65777e-10 1.61207e-10
-2.42507e-11-2.01841e-10-2.60984e-10-1.18383e-10 2.47927e-10 7.95489e-10
 1.44416e-09 2.11325e-09 2.74015e-09 3.26578e-09 3.60456e-09 3.63146e-09
 3.19783e-09 2.15898e-09 4.00478e-10-2.12530e-09-5.34093e-09-8.98529e-09
-1.25928e-08-1.55323e-08-1.71116e-08-1.67413e-08-1.41117e-08-9.31404e-09
-2.85818e-09 4.41718e-09 1.15065e-08 1.74279e-08 2.14026e-08 2.29922e-08
 2.21712e-08 1.93227e-08 1.51424e-08 1.04590e-08 6.01713e-09 2.31052e-09
-4.77407e-10-2.42172e-09-3.74249e-09-4.69494e-09-5.50369e-09-6.33688e-09
-7.29667e-09-8.41384e-09-9.65011e-09-1.09184e-08-1.21210e-08-1.31863e-08
-1.40802e-08-1.47937e-08-1.53325e-08-1.57327e-08-1.60933e-08-1.65960e-08
-1.74841e-08-1.89886e-08-2.12097e-08-2.39897e-08-2.68188e-08-2.88010e-08
-2.86832e-08-2.49709e-08-1.61713e-08-1.18203e-09 2.02302e-08 4.69674e-08
 7.62592e-08 1.03534e-07 1.22680e-07 1.27693e-07 1.15893e-07 8.90536e-08
 5.11994e-08 7.74266e-09-3.38852e-08-6.55938e-08-8.07817e-08-7.59628e-08
-5.22291e-08-1.57245e-08 2.35754e-08 5.51986e-08 7.25627e-08 7.54246e-08
 6.89417e-08 6.00017e-08 5.23883e-08 4.38797e-08 2.80167e-08-1.20210e-10
-3.86958e-08-7.97816e-08-1.15030e-07-1.40003e-07-1.53963e-07-1.57102e-07
-1.49948e-07-1.37244e-07-1.30069e-07-1.40203e-07-1.73529e-07-2.31046e-07
-3.09197e-07-3.91407e-07-4.46594e-07-4.44168e-07-3.65366e-07-1.98651e-07
 6.36076e-08 4.13417e-07 8.16841e-07 1.21858e-06 1.54515e-06 1.70740e-06
 1.62437e-06 1.25651e-06 6.26357e-07-1.72143e-07-9.83030e-07-1.62515e-06
-1.94443e-06-1.86566e-06-1.42660e-06-7.74669e-07-1.18253e-07 3.52917e-07
 5.44431e-07 4.92370e-07 3.33696e-07 2.20769e-07 2.27691e-07 3.09956e-07
 3.50393e-07 2.64743e-07 8.35340e-08-6.95560e-08-9.57601e-08-2.22767e-08
 3.19209e-08-1.94959e-09-6.66423e-08-7.19797e-08-2.38988e-08 9.77767e-10
-1.73834e-08-2.71595e-08-8.85959e-09 9.38567e-10-7.77622e-09-6.34416e-09
 5.04945e-09 4.06149e-09-6.02377e-10 5.77870e-09 9.25226e-09 4.34357e-09
 5.43254e-09 8.84102e-09 4.84911e-09 3.07918e-09 5.56851e-09 2.96219e-09
 6.45102e-10 2.59298e-09 1.05259e-09-9.66855e-10 6.76216e-10-2.50543e-10
-1.72311e-09-2.86118e-10-1.07050e-09-2.14865e-09-1.01602e-09-1.87108e-09
-2.45220e-09-1.43703e-09-2.21083e-09-2.26442e-09-1.56371e-09-2.39368e-09
-2.11957e-09-1.74383e-09-2.22907e-09-1.46354e-09-1.19315e-09-1.13728e-09
-2.41361e-10-1.69778e-10 2.70787e-10 9.37595e-10 9.83554e-10 1.60671e-09
 1.83393e-09 1.89102e-09 2.26010e-09 2.11305e-09 2.21160e-09 2.12686e-09
 1.75136e-09 1.52055e-09 9.03325e-10 3.91643e-10-1.79388e-10-8.45009e-10
-1.35192e-09-1.99815e-09-2.50684e-09-3.01303e-09-3.47021e-09-3.78354e-09
-4.04902e-09-4.11821e-09-4.08726e-09-3.91804e-09-3.64616e-09-3.29552e-09
-2.82376e-09-2.26485e-09-1.61123e-09-9.23906e-10-2.18213e-10 4.98871e-10
 1.22495e-09 1.94969e-09 2.61756e-09 3.16425e-09 3.53554e-09 3.72584e-09
 3.76625e-09 3.69195e-09 3.50481e-09 3.18357e-09 2.71702e-09 2.11663e-09
 1.41709e-09 6.62479e-10-1.12762e-10-8.86796e-10-1.63332e-09-2.30384e-09
-2.83034e-09-3.15777e-09-3.27282e-09-3.19586e-09-2.95142e-09-2.54299e-09
-1.95525e-09-1.18049e-09-2.34897e-10 8.40178e-10 1.98494e-09 3.13791e-09
 4.24579e-09 5.26100e-09 6.13692e-09 6.82498e-09 7.28210e-09 7.48342e-09
 7.42199e-09 7.09529e-09 6.49256e-09 5.59354e-09 4.38427e-09 2.87936e-09
 1.13073e-09-7.79644e-10-2.75602e-09-4.70402e-09-6.53112e-09-8.13596e-09
-9.40236e-09-1.02151e-08-1.04929e-08-1.02084e-08-9.38987e-09-8.11404e-09
-6.50236e-09-4.71934e-09-2.95816e-09-1.40568e-09-1.96173e-10 6.34943e-10
 1.17208e-09 1.59164e-09 2.10274e-09 2.89824e-09 4.12266e-09 5.83212e-09
 7.94776e-09 1.02298e-08 1.22905e-08 1.36546e-08 1.38582e-08 1.25570e-08
 9.61402e-09 5.16322e-09-3.58270e-10-6.22880e-09-1.15304e-08-1.53091e-08
-1.67793e-08-1.55076e-08-1.15283e-08-5.37323e-09 1.98944e-09 9.30605e-09
 1.52650e-08 1.87638e-08 1.91457e-08 1.63354e-08 1.08369e-08 3.61161e-09
-4.11136e-09-1.10622e-08-1.61723e-08-1.87866e-08-1.87925e-08-1.66200e-08
-1.30835e-08-9.12291e-09-5.55224e-09-2.87865e-09-1.22346e-09-3.59769e-10
 1.53789e-10 7.83465e-10 1.83363e-09 3.33096e-09 5.01209e-09 6.41620e-09
 7.05398e-09 6.58509e-09 4.95094e-09 2.42608e-09-4.48203e-10-3.02615e-09
-4.75044e-09-5.31380e-09-4.73848e-09-3.35998e-09-1.72291e-09-4.00402e-10
 2.08241e-10 1.41110e-11-7.48481e-10-1.63592e-09-2.18037e-09-2.06004e-09
-1.20424e-09 1.82867e-10 1.69595e-09 2.88676e-09 3.44702e-09 3.33233e-09
 2.77079e-09 2.16569e-09 1.93372e-09 2.33351e-09 3.35297e-09 4.70225e-09
 5.92262e-09 6.57311e-09 6.40646e-09 5.45668e-09 4.01525e-09 2.51624e-09
 1.37009e-09 8.02516e-10 7.67799e-10 9.83486e-10 1.06983e-09 7.21933e-10
-1.60921e-10-1.43719e-09-2.78866e-09-3.86015e-09-4.41570e-09-4.43873e-09
-4.12352e-09-3.76546e-09-3.60619e-09-3.70532e-09-3.89651e-09-3.84758e-09
-3.21130e-09-1.80785e-09 2.51864e-10 2.56311e-09 4.54450e-09 5.63183e-09
 5.47846e-09 4.08483e-09 1.81102e-09-7.17754e-10-2.75998e-09-3.59532e-09
-2.61123e-09-7.98147e-10
