      10
(6e12.5)
     0.0000e+00     0.0000e+00      0  0  0.00
     512   1.00000  0.0000e+00
-7.13159e-09-7.53023e-09-7.68679e-09-7.44991e-09-6.69050e-09-5.36851e-09
-3.56392e-09-1.44755e-09 7.88493e-10 2.99532e-09 5.09352e-09 7.06314e-09
 8.91838e-09 1.06806e-08 1.23516e-08 1.38927e-08 1.52198e-08 1.62235e-08
 1.68050e-08 1.69075e-08 1.65211e-08 1.56620e-08 1.43463e-08 1.25865e-08
 1.04110e-08 7.88505e-09 5.11180e-09 2.20781e-09-7.39401e-10-3.70158e-09
-6.69948e-09-9.75631e-09-1.28504e-08-1.58972e-08-1.87610e-08-2.12807e-08
-2.33012e-08-2.47054e-08-2.54394e-08-2.55141e-08-2.49759e-08-2.38633e-08
-2.21802e-08-1.99102e-08-1.70622e-08-1.37135e-08-1.00137e-08-6.14044e-09
-2.23067e-09 1.67015e-09 5.61288e-09 9.70331e-09 1.40401e-08 1.86599e-08
 2.35081e-08 2.84403e-08 3.32549e-08 3.77440e-08 4.17466e-08 4.51853e-08
 4.80753e-08 5.05025e-08 5.25899e-08 5.44681e-08 5.62322e-08 5.78459e-08
 5.89896e-08 5.89252e-08 5.64886e-08 5.03005e-08 3.91896e-08 2.26306e-08
 9.59611e-10-2.45542e-08-5.17245e-08-7.78507e-08-1.00398e-07-1.17507e-07
-1.28409e-07-1.33778e-07-1.35582e-07-1.36339e-07-1.38172e-07-1.42102e-07
-1.48005e-07-1.55457e-07-1.65088e-07-1.79460e-07-2.02405e-07-2.36448e-07
-2.79170e-07-3.20215e-07-3.40588e-07-3.15204e-07-2.18973e-07-3.56094e-08
 2.34900e-07 5.75085e-07 9.51405e-07 1.31279e-06 1.59850e-06 1.75697e-06
 1.74202e-06 1.49722e-06 9.85345e-07 2.27285e-07-7.03331e-07-1.67408e-06
-2.47609e-06-2.87555e-06-2.70603e-06-1.94135e-06-7.47012e-07 5.31347e-07
 1.48233e-06 1.80319e-06 1.43762e-06 6.06086e-07-2.76313e-07-7.86341e-07
-7.19612e-07-2.05286e-07 3.84121e-07 6.73876e-07 5.27577e-07 1.22320e-07
-2.04384e-07-2.24593e-07 9.98020e-09 2.40842e-07 2.51397e-07 6.04942e-08
-1.21817e-07-1.24533e-07 1.26003e-08 1.07054e-07 5.36558e-08-6.42950e-08
-9.80657e-08-2.46716e-08 4.00664e-08 1.07193e-08-5.69564e-08-6.18937e-08
-7.28452e-09 1.86640e-08-1.31848e-08-3.68382e-08-9.50685e-09 2.20162e-08
 1.12782e-08-1.01852e-08-1.29425e-11 1.85685e-08 9.83094e-09-6.32398e-09
-1.29446e-09 6.24815e-09-3.95724e-09-1.31075e-08-9.14363e-09-9.18254e-09
-1.60164e-08-1.50173e-08-9.43077e-09-7.87387e-09-4.42756e-09 2.51761e-09
 7.21757e-09 1.05989e-08 1.40175e-08 1.51581e-08 1.40616e-08 1.15621e-08
 7.40655e-09 2.05159e-09-3.67333e-09-9.10943e-09-1.34682e-08-1.60179e-08
-1.63016e-08-1.41697e-08-9.86475e-09-4.04259e-09 2.34183e-09 8.22450e-09
 1.26475e-08 1.49226e-08 1.47290e-08 1.21762e-08 7.82149e-09 2.59539e-09
-2.39365e-09-6.11434e-09-7.82992e-09-7.23632e-09-4.50638e-09-2.51175e-10
 4.59043e-09 8.93682e-09 1.17881e-08 1.24384e-08 1.06406e-08 6.68578e-09
 1.35411e-09-4.26649e-09-9.03915e-09-1.20373e-08-1.27361e-08-1.11149e-08
-7.67283e-09-3.33223e-09 7.84132e-10 3.64574e-09 4.57788e-09 3.42313e-09
 5.78300e-10-3.09847e-09-6.50923e-09-8.61658e-09-8.72599e-09-6.66566e-09
-2.82711e-09 1.92483e-09 6.45489e-09 9.66150e-09 1.08093e-08 9.74636e-09
 6.92134e-09 3.23378e-09-2.14288e-10-2.42203e-09-2.78610e-09-1.28350e-09
 1.52745e-09 4.66979e-09 7.03139e-09 7.71571e-09 6.34520e-09 3.18673e-09
-9.46447e-10-4.95686e-09-7.79559e-09-8.78367e-09-7.82877e-09-5.45107e-09
-2.60661e-09-3.73024e-10 4.06857e-10-5.83438e-10-3.01131e-09-6.00178e-09
-8.44044e-09-9.35718e-09-8.26106e-09-5.31706e-09-1.29887e-09 2.67326e-09
 5.52219e-09 6.59318e-09 5.88056e-09 4.01256e-09 2.00249e-09 8.62472e-10
 1.22261e-09 3.09858e-09 5.88604e-09 8.56655e-09 1.00590e-08 9.61820e-09
 7.13570e-09 3.20610e-09-1.07938e-09-4.53708e-09-6.33977e-09-6.32220e-09
-5.01172e-09-3.38151e-09-2.43081e-09-2.75673e-09-4.29966e-09-6.37248e-09
-7.94613e-09-8.06883e-09-6.26517e-09-2.75116e-09 1.63840e-09 5.77177e-09
 8.64221e-09 9.72179e-09 9.11270e-09 7.44345e-09 5.56918e-09 4.20585e-09
 3.63604e-09 3.60162e-09 3.44186e-09 2.42647e-09 1.26091e-10-3.35319e-09
-7.36514e-09-1.09445e-08-1.31682e-08-1.35050e-08-1.19935e-08-9.18128e-09
-5.86891e-09-2.76676e-09-2.10239e-10 1.91499e-09 3.99052e-09 6.34384e-09
 8.97240e-09 1.14441e-08 1.30234e-08 1.29797e-08 1.09385e-08 7.09517e-09
 2.17778e-09-2.82185e-09-7.00332e-09-9.83394e-09-1.12396e-08-1.14791e-08
-1.08707e-08-9.53704e-09-7.33782e-09-4.03438e-09 4.20757e-10 5.65096e-09
 1.08178e-08 1.48121e-08 1.66155e-08 1.56967e-08 1.22505e-08 7.13927e-09
 1.56022e-09-3.39199e-09-7.04552e-09-9.21587e-09-1.00391e-08-9.72066e-09
-8.35519e-09-5.91428e-09-2.41236e-09 1.85069e-09 6.14489e-09 9.40958e-09
 1.06096e-08 9.18776e-09 5.37032e-09 1.55645e-10-5.02143e-09-8.80115e-09
-1.03501e-08-9.55870e-09-6.93495e-09-3.29292e-09 5.84373e-10 4.13568e-09
 7.00395e-09 8.89029e-09 9.43979e-09 8.29258e-09 5.31243e-09 8.54398e-10
-4.14214e-09-8.36608e-09-1.05923e-08-1.01706e-08-7.30912e-09-3.00926e-09
 1.32927e-09 4.44622e-09 5.65046e-09 4.95660e-09 2.90423e-09 2.15729e-10
-2.47703e-09-4.71263e-09-6.13423e-09-6.41561e-09-5.29661e-09-2.74813e-09
 8.35990e-10 4.59063e-09 7.39034e-09 8.27811e-09 6.91235e-09 3.77770e-09
 9.35740e-12-3.09628e-09-4.62460e-09-4.36949e-09-2.81350e-09-8.09945e-10
 8.35690e-10 1.64904e-09 1.52382e-09 5.92562e-10-9.09116e-10-2.69009e-09
-4.36910e-09-5.44278e-09-5.37907e-09-3.87417e-09-1.13133e-09 2.06920e-09
 4.62800e-09 5.61282e-09 4.71918e-09 2.45186e-09-8.63369e-11-1.70071e-09
-1.63945e-09 1.15593e-10 2.92219e-09 5.82483e-09 7.94607e-09 8.72330e-09
 7.95222e-09 5.73448e-09 2.44195e-09-1.28016e-09-4.55558e-09-6.47234e-09
-6.42801e-09-4.46121e-09-1.34701e-09 1.66417e-09 3.37948e-09 3.20121e-09
 1.37868e-09-1.16119e-09-3.30219e-09-4.26049e-09-3.85378e-09-2.42546e-09
-5.56434e-10 1.21784e-09 2.54229e-09 3.23319e-09 3.23631e-09 2.64101e-09
 1.71689e-09 8.62516e-10 4.16131e-10 4.17026e-10 4.92315e-10 1.51745e-12
-1.58568e-09-4.28681e-09-7.45722e-09-1.00356e-08-1.10645e-08-1.01801e-08
-7.78322e-09-4.81077e-09-2.27560e-09-8.54729e-10-7.14920e-10-1.56912e-09
-2.83924e-09-3.82636e-09-3.87567e-09-2.55708e-09 1.55596e-10 3.78809e-09
 7.46298e-09 1.02275e-08 1.14794e-08 1.12401e-08 1.00847e-08 8.75781e-09
 7.72076e-09 6.93039e-09 5.98178e-09 4.47763e-09 2.34204e-09-1.15285e-10
-2.36972e-09-3.93718e-09-4.56768e-09-4.31182e-09-3.48081e-09-2.55504e-09
-2.05807e-09-2.37412e-09-3.53528e-09-5.09890e-09-6.25226e-09-6.16934e-09
-4.46267e-09-1.45299e-09 1.95001e-09 4.70909e-09 6.16695e-09 6.28180e-09
 5.49507e-09 4.39050e-09 3.39138e-09 2.64631e-09 2.08482e-09 1.52483e-09
 7.53417e-10-3.98248e-10-1.94697e-09-3.64848e-09-4.96686e-09-5.16432e-09
-3.47104e-09-1.02970e-09
     0.0000e+00     0.0000e+00      0  0  0.00
     512   1.00000  0.0000e+00
-9.56399e-10-7.45116e-10-4.39557e-10-5.14555e-11 3.88196e-10 8.29150e-10
 1.20723e-09 1.45633e-09 1.52469e-09 1.38877e-09 1.05716e-09 5.61739e-10
-5.81130e-11-7.69354e-10-1.55118e-09-2.38740e-09-3.23735e-09-3.98505e-09
-4.38651e-09-4.05357e-09-2.51341e-09 6.35709e-10 5.48626e-09 1.15846e-08
 1.78591e-08 2.28312e-08 2.50444e-08 2.35158e-08 1.80565e-08 9.37884e-09
-1.04326e-09-1.13258e-08-1.96278e-08-2.45716e-08-2.55309e-08-2.27317e-08
-1.71522e-08-1.02416e-08-3.52014e-09 1.83215e-09 5.23811e-09 6.70916e-09
 6.60815e-09 5.39277e-09 3.47577e-09 1.19136e-09-1.18785e-09-3.42076e-09
-5.28297e-09-6.57865e-09-7.16624e-09-6.98351e-09-6.07157e-09-4.59662e-09
-2.85015e-09-1.20081e-09 7.33430e-12 5.74779e-10 5.18208e-10 4.38558e-11
-5.60710e-10-1.04313e-09-1.24595e-09-1.09322e-09-5.31306e-10 5.26670e-10
 2.21055e-09 4.64395e-09 7.84633e-09 1.16019e-08 1.53461e-08 1.82342e-08
 1.95380e-08 1.91190e-08 1.74338e-08 1.50526e-08 1.23165e-08 9.45778e-09
 6.81590e-09 4.79447e-09 3.60212e-09 3.03515e-09 2.60482e-09 2.09818e-09
 2.21251e-09 4.67652e-09 1.15053e-08 2.35251e-08 3.87595e-08 5.14877e-08
 5.26507e-08 3.18561e-08-1.92290e-08-1.02539e-07-2.08803e-07-3.13806e-07
-3.81204e-07-3.77210e-07-2.89498e-07-1.34421e-07 4.94875e-08 2.15469e-07
 3.32451e-07 4.07338e-07 4.71670e-07 5.34490e-07 5.58322e-07 4.88500e-07
 2.96992e-07 2.21506e-09-3.33898e-07-6.23848e-07-7.77431e-07-7.23935e-07
-4.48918e-07-3.26559e-08 3.59204e-07 5.51368e-07 4.62487e-07 1.61775e-07
-1.69566e-07-3.45414e-07-2.84377e-07-5.79480e-08 1.60900e-07 2.22399e-07
 1.08192e-07-6.34312e-08-1.42848e-07-7.75222e-08 5.03753e-08 1.12091e-07
 6.00871e-08-3.30856e-08-6.29032e-08-8.91891e-09 5.18827e-08 4.53798e-08
-1.09939e-08-4.00310e-08-1.00495e-08 2.87340e-08 2.18274e-08-1.31393e-08
-2.04813e-08 6.82479e-09 2.24758e-08 5.01743e-09-1.18513e-08-1.66987e-09
 1.20556e-08 3.41977e-09-1.01160e-08-5.00312e-09 4.89834e-09-1.90123e-10
-8.13468e-09-4.11328e-09-1.02109e-11-5.16070e-09-7.42795e-09-2.37713e-09
-5.51315e-10-1.62423e-09 1.41282e-09 4.42296e-09 3.89759e-09 3.80031e-09
 3.94040e-09 2.28900e-09 6.48144e-10-3.77491e-10-1.55980e-09-2.45678e-09
-2.89121e-09-3.10209e-09-2.98095e-09-2.45769e-09-1.59059e-09-4.44205e-10
 8.34914e-10 2.05237e-09 3.04356e-09 3.66398e-09 3.77037e-09 3.24515e-09
 2.08309e-09 4.74708e-10-1.23516e-09-2.69516e-09-3.67886e-09-4.09836e-09
-3.92160e-09-3.12960e-09-1.77186e-09-4.90816e-11 1.68469e-09 3.03830e-09
 3.73221e-09 3.67767e-09 2.95940e-09 1.76988e-09 3.61790e-10-9.71837e-10
-1.92450e-09-2.23997e-09-1.80014e-09-6.86608e-10 8.26646e-10 2.34883e-09
 3.47750e-09 3.89755e-09 3.45835e-09 2.21780e-09 4.36987e-10-1.48235e-09
-3.10066e-09-4.05542e-09-4.15832e-09-3.44205e-09-2.14029e-09-6.21168e-10
 6.95198e-10 1.42895e-09 1.34726e-09 4.59277e-10-9.60692e-10-2.45687e-09
-3.54891e-09-3.88493e-09-3.33046e-09-1.98622e-09-1.61278e-10 1.69282e-09
 3.10340e-09 3.72972e-09 3.47292e-09 2.48919e-09 1.12185e-09-1.99986e-10
-1.07397e-09-1.24195e-09-6.79089e-10 3.87926e-10 1.54536e-09 2.32618e-09
 2.38052e-09 1.61708e-09 2.39197e-10-1.34549e-09-2.68540e-09-3.43510e-09
-3.44570e-09-2.78344e-09-1.68864e-09-4.99429e-10 4.37698e-10 8.62943e-10
 6.95360e-10 8.64361e-11-6.13930e-10-9.92108e-10-7.55912e-10 1.23712e-10
 1.39608e-09 2.64969e-09 3.49878e-09 3.74125e-09 3.41668e-09 2.74863e-09
 2.01750e-09 1.44330e-09 1.12994e-09 1.06612e-09 1.14990e-09 1.21993e-09
 1.10004e-09 6.66404e-10-8.08131e-11-9.89009e-10-1.80235e-09-2.27109e-09
-2.26743e-09-1.85398e-09-1.26621e-09-8.04048e-10-6.79482e-10-9.00323e-10
-1.25489e-09-1.41103e-09-1.08460e-09-1.94404e-10 1.07402e-09 2.32760e-09
 3.12521e-09 3.17369e-09 2.47118e-09 1.31926e-09 1.88213e-10-5.02287e-10
-5.85571e-10-2.39227e-10 9.04966e-11-8.59235e-11-1.03344e-09-2.62802e-09
-4.38594e-09-5.67249e-09-5.98987e-09-5.20136e-09-3.57616e-09-1.64393e-09
 4.38284e-11 1.12624e-09 1.54762e-09 1.54643e-09 1.51977e-09 1.81165e-09
 2.52538e-09 3.45691e-09 4.17642e-09 4.21392e-09 3.27872e-09 1.43033e-09
-8.93579e-10-3.04213e-09-4.43888e-09-4.82341e-09-4.30940e-09-3.25689e-09
-2.06580e-09-1.00492e-09-1.38912e-10 6.31111e-10 1.43940e-09 2.31291e-09
 3.10558e-09 3.55292e-09 3.40717e-09 2.57101e-09 1.17131e-09-4.44626e-10
-1.79658e-09-2.44054e-09-2.16674e-09-1.11250e-09 3.05242e-10 1.61124e-09
 2.49941e-09 2.91752e-09 2.98091e-09 2.81353e-09 2.44176e-09 1.79978e-09
 8.20714e-10-4.57497e-10-1.83840e-09-2.99665e-09-3.58338e-09-3.36968e-09
-2.37083e-09-8.87188e-10 5.83332e-10 1.54696e-09 1.73335e-09 1.20312e-09
 2.77980e-10-6.54062e-10-1.32565e-09-1.65678e-09-1.68667e-09-1.45215e-09
-9.19832e-10-2.59481e-11 1.20898e-09 2.57938e-09 3.69467e-09 4.11062e-09
 3.53819e-09 2.01687e-09-5.00281e-11-2.03275e-09-3.33158e-09-3.62860e-09
-2.99896e-09-1.82363e-09-5.73024e-10 3.94252e-10 9.10893e-10 9.57087e-10
 5.72708e-10-1.90951e-10-1.24822e-09-2.41249e-09-3.35346e-09-3.65260e-09
-2.97833e-09-1.29919e-09 1.01550e-09 3.30500e-09 4.89013e-09 5.35520e-09
 4.69388e-09 3.26281e-09 1.58576e-09 1.23375e-10-8.68317e-10-1.33876e-09
-1.35134e-09-9.96673e-10-3.77310e-10 3.45641e-10 9.16205e-10 1.03474e-09
 5.08155e-10-5.93250e-10-1.90829e-09-2.93969e-09-3.30566e-09-2.93269e-09
-2.07441e-09-1.15012e-09-5.00109e-10-2.01894e-10-5.83417e-11 2.38603e-10
 8.83005e-10 1.82355e-09 2.80598e-09 3.53779e-09 3.83977e-09 3.68009e-09
 3.10247e-09 2.15031e-09 8.73680e-10-5.90625e-10-1.95760e-09-2.84233e-09
-2.93007e-09-2.18226e-09-9.40305e-10 1.73671e-10 5.40134e-10-1.37881e-10
-1.67013e-09-3.47787e-09-4.89271e-09-5.45876e-09-5.06158e-09-3.85905e-09
-2.12767e-09-1.53698e-10 1.78966e-09 3.42999e-09 4.51716e-09 4.89866e-09
 4.60586e-09 3.87630e-09 3.06349e-09 2.46096e-09 2.14399e-09 1.94863e-09
 1.62469e-09 1.05644e-09 3.71256e-10-1.57061e-10-3.31229e-10-2.03171e-10
-7.24197e-11-3.24227e-10-1.21869e-09-2.74387e-09-4.59066e-09-6.24870e-09
-7.18104e-09-7.01054e-09-5.64609e-09-3.30566e-09-4.46984e-10 2.35636e-09
 4.56775e-09 5.84303e-09 6.13227e-09 5.66470e-09 4.81310e-09 3.92329e-09
 3.21656e-09 2.79419e-09 2.67895e-09 2.82140e-09 3.07480e-09 3.20619e-09
 2.98076e-09 2.26529e-09 1.06120e-09-5.53278e-10-2.50373e-09-4.73400e-09
-7.12251e-09-9.35793e-09-1.08912e-08-1.10625e-08-9.40113e-09-5.95183e-09
-1.40839e-09 3.08147e-09 6.36407e-09 7.72761e-09 7.10938e-09 5.02970e-09
 2.42568e-09 5.65444e-10
     0.0000e+00     0.0000e+00      0  0  0.00
     512   1.00000  0.0000e+00
-4.80587e-09-5.00843e-09-5.05161e-09-4.90524e-09-4.56556e-09-4.04605e-09
-3.36073e-09-2.51429e-09-1.50418e-09-3.30263e-10 9.93867e-10 2.43408e-09
 3.93795e-09 5.44228e-09 6.87839e-09 8.17613e-09 9.27298e-09 1.01230e-08
 1.06939e-08 1.09590e-08 1.09043e-08 1.05487e-08 9.95208e-09 9.19632e-09
 8.35643e-09 7.48086e-09 6.58160e-09 5.62852e-09 4.55534e-09 3.29015e-09
 1.80116e-09 1.27616e-10-1.62142e-09-3.28883e-09-4.69965e-09-5.70417e-09
-6.22715e-09-6.29236e-09-6.00132e-09-5.48285e-09-4.84824e-09-4.17324e-09
-3.50645e-09-2.88862e-09-2.36608e-09-1.99073e-09-1.81546e-09-1.89709e-09
-2.30137e-09-3.09457e-09-4.31968e-09-5.96947e-09-7.96938e-09-1.01740e-08
-1.23815e-08-1.43840e-08-1.60627e-08-1.75058e-08-1.91113e-08-2.16405e-08
-2.61520e-08-3.37306e-08-4.49657e-08-5.92552e-08-7.41157e-08-8.47699e-08
-8.43651e-08-6.52211e-08-2.13749e-08 4.76910e-08 1.34180e-07 2.23707e-07
 2.98913e-07 3.39731e-07 3.27766e-07 2.56599e-07 1.34311e-07-1.89752e-08
-1.70345e-07-2.80705e-07-3.20988e-07-2.85735e-07-1.97425e-07-9.88599e-08
-3.31026e-08-1.99181e-08-4.46559e-08-6.94207e-08-6.11779e-08-1.71630e-08
 3.34526e-08 5.38317e-08 2.97524e-08-1.84332e-08-5.26962e-08-4.74942e-08
-3.62173e-09 5.90500e-08 1.09736e-07 1.16331e-07 6.95422e-08-2.38854e-09
-5.70965e-08-7.22433e-08-4.71512e-08 1.78324e-08 1.23783e-07 2.57229e-07
 3.87488e-07 4.77501e-07 4.90802e-07 4.01149e-07 2.07645e-07-5.96042e-08
-3.47643e-07-5.94278e-07-7.42357e-07-7.55876e-07-6.34322e-07-4.15000e-07
-1.59568e-07 6.91120e-08 2.29501e-07 3.12011e-07 3.31731e-07 3.09436e-07
 2.57097e-07 1.79398e-07 8.71835e-08 7.28278e-09-2.74096e-08-6.49033e-09
 3.85473e-08 5.38460e-08 1.43984e-08-4.53138e-08-6.64998e-08-3.54450e-08
 9.06682e-10-9.57415e-10-2.55007e-08-3.07134e-08-1.29000e-08-1.19456e-09
-4.02270e-09-4.50297e-09 1.37824e-09 3.01172e-09 1.23866e-09 2.93402e-09
 4.38321e-09 2.39867e-09 1.92001e-09 2.92082e-09 1.38703e-09-6.46562e-11
 5.07985e-10-2.33820e-10-1.68823e-09-1.51402e-09-1.85703e-09-3.07790e-09
-3.20299e-09-3.40276e-09-4.11525e-09-3.92716e-09-3.67079e-09-3.66044e-09
-2.95607e-09-2.30700e-09-1.81804e-09-8.70329e-10-1.63181e-10 3.66828e-10
 1.04139e-09 1.29058e-09 1.39213e-09 1.49833e-09 1.27467e-09 1.08214e-09
 8.75644e-10 5.42305e-10 3.90207e-10 2.55761e-10 2.05632e-10 3.85704e-10
 6.05037e-10 9.51412e-10 1.32509e-09 1.57755e-09 1.76916e-09 1.77825e-09
 1.61980e-09 1.31909e-09 8.76542e-10 4.24751e-10-1.95830e-11-3.72964e-10
-5.56946e-10-5.91460e-10-4.76803e-10-2.71695e-10-2.21535e-11 2.11494e-10
 3.82468e-10 4.90235e-10 5.11875e-10 4.62920e-10 3.87643e-10 3.36903e-10
 3.59862e-10 4.90818e-10 7.36955e-10 1.05583e-09 1.39037e-09 1.68815e-09
 1.88450e-09 1.90834e-09 1.72481e-09 1.34546e-09 8.09835e-10 1.96547e-10
-3.96774e-10-9.06284e-10-1.30621e-09-1.58819e-09-1.76355e-09-1.86805e-09
-1.96072e-09-2.10194e-09-2.31200e-09-2.56046e-09-2.77742e-09-2.87113e-09
-2.77954e-09-2.50005e-09-2.05788e-09-1.48786e-09-8.43265e-10-1.90769e-10
 3.93433e-10 8.43076e-10 1.14631e-09 1.34517e-09 1.49165e-09 1.62471e-09
 1.75549e-09 1.85839e-09 1.89484e-09 1.83120e-09 1.64132e-09 1.31944e-09
 8.74446e-10 3.22267e-10-2.89588e-10-8.85684e-10-1.40143e-09-1.79412e-09
-2.04873e-09-2.18906e-09-2.24973e-09-2.24580e-09-2.18054e-09-2.05273e-09
-1.85507e-09-1.58178e-09-1.22448e-09-7.65422e-10-2.01522e-10 4.32319e-10
 1.07559e-09 1.66254e-09 2.13955e-09 2.48573e-09 2.70871e-09 2.81880e-09
 2.82068e-09 2.72133e-09 2.53406e-09 2.27125e-09 1.93540e-09 1.52813e-09
 1.06180e-09 5.62678e-10 8.60126e-11-2.91690e-10-5.30617e-10-6.55475e-10
-7.23765e-10-8.11353e-10-1.00381e-09-1.34003e-09-1.78341e-09-2.25960e-09
-2.66595e-09-2.86184e-09-2.72595e-09-2.21494e-09-1.35635e-09-2.43908e-10
 9.54283e-10 2.03495e-09 2.81015e-09 3.11793e-09 2.83370e-09 1.90632e-09
 3.81274e-10-1.59902e-09-3.79148e-09-5.85624e-09-7.40868e-09-8.10626e-09
-7.72670e-09-6.23833e-09-3.84203e-09-9.32110e-10 2.00428e-09 4.49755e-09
 6.19800e-09 6.94222e-09 6.76413e-09 5.85948e-09 4.52043e-09 3.07384e-09
 1.82661e-09 9.96282e-10 6.62632e-10 7.65671e-10 1.12852e-09 1.52473e-09
 1.77094e-09 1.76721e-09 1.50001e-09 1.04325e-09 5.31275e-10 1.22373e-10
-3.75483e-11 1.18278e-10 5.31532e-10 1.04086e-09 1.43580e-09 1.52883e-09
 1.22184e-09 5.20639e-10-4.70315e-10-1.55448e-09-2.50054e-09-3.12308e-09
-3.32697e-09-3.12598e-09-2.62789e-09-1.97526e-09-1.29243e-09-6.54746e-10
-6.78858e-11 5.10463e-10 1.11657e-09 1.74942e-09 2.36073e-09 2.85882e-09
 3.14368e-09 3.14403e-09 2.83246e-09 2.23932e-09 1.45305e-09 5.92125e-10
-2.22615e-10-8.96410e-10-1.39729e-09-1.76149e-09-2.06328e-09-2.38247e-09
-2.76906e-09-3.21374e-09-3.64740e-09-3.95581e-09-4.00800e-09-3.71149e-09
-3.05771e-09-2.12657e-09-1.06521e-09-4.04157e-11 8.24874e-10 1.48252e-09
 1.94998e-09 2.28797e-09 2.56609e-09 2.82663e-09 3.07029e-09 3.25840e-09
 3.32926e-09 3.23360e-09 2.95619e-09 2.50258e-09 1.88296e-09 1.11197e-09
 2.13940e-10-7.67353e-10-1.76327e-09-2.69113e-09-3.46815e-09-4.02203e-09
-4.30574e-09-4.30690e-09-4.04745e-09-3.58306e-09-2.99242e-09-2.34962e-09
-1.70355e-09-1.07796e-09-4.77883e-10 1.09027e-10 7.13599e-10 1.37140e-09
 2.08585e-09 2.80141e-09 3.42154e-09 3.85061e-09 4.02349e-09 3.91962e-09
 3.56377e-09 3.00864e-09 2.31140e-09 1.51935e-09 6.66237e-10-2.22611e-10
-1.11818e-09-1.97451e-09-2.72133e-09-3.27505e-09-3.57326e-09-3.60362e-09
-3.39294e-09-2.97320e-09-2.37083e-09-1.62645e-09-8.06435e-10 1.90683e-11
 8.07933e-10 1.55294e-09 2.26744e-09 2.97135e-09 3.67609e-09 4.36348e-09
 4.97265e-09 5.40596e-09 5.55070e-09 5.31482e-09 4.66752e-09 3.65903e-09
 2.39847e-09 1.00324e-09-4.37289e-10-1.85391e-09-3.16809e-09-4.29142e-09
-5.15920e-09-5.74722e-09-6.04724e-09-6.04497e-09-5.73603e-09-5.14782e-09
-4.32703e-09-3.31194e-09-2.13395e-09-8.47089e-10 4.53973e-10 1.64768e-09
 2.62276e-09 3.32391e-09 3.77904e-09 4.07677e-09 4.30527e-09 4.50369e-09
 4.65609e-09 4.70687e-09 4.56643e-09 4.11720e-09 3.25124e-09 1.92088e-09
 1.42313e-10-2.04795e-09-4.59973e-09-7.37586e-09-1.00787e-08-1.22788e-08
-1.35352e-08-1.35184e-08-1.20869e-08-9.32115e-09-5.51366e-09-1.10754e-09
 3.39304e-09 7.50617e-09 1.08354e-08 1.31115e-08 1.42065e-08 1.41240e-08
 1.29821e-08 1.09990e-08 8.44935e-09 5.57629e-09 2.52474e-09-6.07563e-10
-3.62767e-09-6.16645e-09-7.75471e-09-7.99574e-09-6.75192e-09-4.35626e-09
-1.83854e-09-3.64063e-10
     0.0000e+00     0.0000e+00      0  0  0.00
     512   1.00000  0.0000e+00
 5.78041e-09 6.31927e-09 6.64514e-09 6.60501e-09 6.08326e-09 5.05957e-09
 3.62691e-09 1.95864e-09 2.36630e-10-1.42847e-09-3.03804e-09-4.68004e-09
-6.46258e-09-8.45787e-09-1.06782e-08-1.30655e-08-1.54730e-08-1.76333e-08
-1.91286e-08-1.93968e-08-1.78211e-08-1.39358e-08-7.71373e-09 1.98284e-10
 8.48572e-09 1.54897e-08 1.96994e-08 2.01829e-08 1.68270e-08 1.03640e-08
 2.20156e-09-5.88979e-09-1.21533e-08-1.52277e-08-1.44731e-08-1.01409e-08
-3.30051e-09 4.48035e-09 1.16004e-08 1.68765e-08 1.98003e-08 2.04827e-08
 1.93706e-08 1.69707e-08 1.37296e-08 1.00325e-08 6.22923e-09 2.64441e-09
-4.26294e-10-2.73924e-09-4.15514e-09-4.70185e-09-4.59732e-09-4.19737e-09
-3.87075e-09-3.82682e-09-3.95217e-09-3.75691e-09-2.51940e-09 3.86993e-10
 5.10524e-09 1.09626e-08 1.62569e-08 1.82462e-08 1.35183e-08-1.08341e-09
-2.69632e-08-6.19126e-08-9.83479e-08-1.22493e-07-1.17571e-07-7.50326e-08
-6.32108e-09 6.33419e-08 1.16578e-07 1.51496e-07 1.67371e-07 1.55155e-07
 1.06159e-07 2.49090e-08-6.53520e-08-1.29244e-07-1.39165e-07-9.59020e-08
-3.12121e-08 1.19619e-08 8.01160e-09-3.36526e-08-7.46033e-08-7.50824e-08
-2.48296e-08 4.78914e-08 9.84847e-08 9.99750e-08 5.83121e-08 2.05027e-10
-4.74951e-08-6.73959e-08-5.19481e-08-6.80470e-09 4.28890e-08 6.51496e-08
 5.90780e-08 6.54055e-08 1.17866e-07 2.02961e-07 2.82801e-07 3.27761e-07
 3.07510e-07 1.84538e-07-5.55973e-08-3.83729e-07-7.32783e-07-1.00137e-06
-1.07453e-06-8.75122e-07-4.05160e-07 2.40763e-07 8.85187e-07 1.31538e-06
 1.36533e-06 9.95396e-07 3.30880e-07-3.69077e-07-8.17994e-07-8.43902e-07
-4.88034e-07 7.92471e-09 3.38326e-07 3.26814e-07 4.62367e-08-2.39352e-07
-2.89549e-07-9.29810e-08 1.33605e-07 1.72905e-07 3.22941e-08-9.06083e-08
-6.28310e-08 3.75074e-08 6.63231e-08 1.70665e-08-1.33173e-08 3.85057e-09
 1.42959e-08 7.67709e-10-3.19856e-09 4.90222e-09 1.92563e-09-4.70139e-09
-5.38314e-10 2.17183e-09-2.21259e-09-1.59547e-09 1.69517e-09-5.10493e-10
-1.35477e-09 1.16926e-09 1.89814e-10-1.09235e-09 3.88788e-10-3.22400e-10
-1.72901e-09-9.71014e-10-1.51193e-09-2.44707e-09-1.65564e-09-1.80460e-09
-2.17200e-09-1.41511e-09-1.51061e-09-1.49449e-09-6.67898e-10-5.28611e-10
-9.01267e-11 6.61262e-10 7.25068e-10 1.09046e-09 1.44979e-09 1.47256e-09
 1.89308e-09 2.08560e-09 2.09553e-09 2.22017e-09 1.95048e-09 1.69257e-09
 1.44788e-09 1.03041e-09 7.68926e-10 3.65496e-10-1.37496e-10-5.74451e-10
-1.01305e-09-1.21687e-09-1.30333e-09-1.31772e-09-1.21853e-09-1.11959e-09
-9.02130e-10-5.91847e-10-2.39456e-10 1.36734e-10 4.95680e-10 8.87990e-10
 1.24979e-09 1.52074e-09 1.66138e-09 1.68383e-09 1.71279e-09 1.80310e-09
 1.84428e-09 1.62697e-09 1.10026e-09 4.47821e-10-1.09877e-10-5.19484e-10
-9.43912e-10-1.57961e-09-2.40200e-09-3.10980e-09-3.40677e-09-3.31317e-09
-3.12638e-09-3.09891e-09-3.18646e-09-3.11011e-09-2.66905e-09-1.98569e-09
-1.40462e-09-1.13555e-09-1.03655e-09-7.93726e-10-2.86322e-10 2.87479e-10
 6.33999e-10 6.58901e-10 5.36459e-10 5.07218e-10 6.20675e-10 6.95762e-10
 5.32501e-10 1.35744e-10-2.82083e-10-5.13602e-10-5.55566e-10-5.77321e-10
-7.09493e-10-9.07424e-10-1.01880e-09-9.44412e-10-7.21945e-10-4.67318e-10
-2.49642e-10-3.29715e-11 2.73353e-10 7.19226e-10 1.25452e-09 1.76254e-09
 2.16142e-09 2.46133e-09 2.71925e-09 2.96324e-09 3.17365e-09 3.31376e-09
 3.35764e-09 3.30384e-09 3.17847e-09 3.01153e-09 2.80473e-09 2.53919e-09
 2.21547e-09 1.86919e-09 1.55386e-09 1.32512e-09 1.21933e-09 1.22543e-09
 1.29830e-09 1.39677e-09 1.48283e-09 1.51534e-09 1.47494e-09 1.36252e-09
 1.16884e-09 8.86911e-10 5.45979e-10 2.06228e-10-5.75445e-11-1.66341e-10
-8.19764e-11 1.55463e-10 4.67389e-10 7.85855e-10 1.03194e-09 1.07859e-09
 7.58996e-10-8.26572e-11-1.49191e-09-3.30882e-09-5.20761e-09-6.85483e-09
-7.99791e-09-8.42678e-09-7.94485e-09-6.43420e-09-3.98301e-09-9.95351e-10
 1.85238e-09 3.87048e-09 4.63501e-09 4.04037e-09 2.17780e-09-7.25283e-10
-4.23948e-09-7.66473e-09-1.01088e-08-1.07840e-08-9.38307e-09-6.22540e-09
-2.04759e-09 2.33594e-09 6.21370e-09 8.96305e-09 1.00378e-08 9.12131e-09
 6.37650e-09 2.55264e-09-1.24442e-09-4.03886e-09-5.37741e-09-5.35359e-09
-4.36074e-09-2.86266e-09-1.33115e-09-2.67017e-10-1.13578e-10-1.00434e-09
-2.55140e-09-3.93757e-09-4.32157e-09-3.27328e-09-9.30512e-10 2.16308e-09
 5.32560e-09 7.92401e-09 9.46405e-09 9.65723e-09 8.52234e-09 6.46801e-09
 4.21353e-09 2.51028e-09 1.81279e-09 2.08864e-09 2.86090e-09 3.45141e-09
 3.28677e-09 2.11454e-09 6.34355e-11-2.42474e-09-4.73332e-09-6.24569e-09
-6.54317e-09-5.57738e-09-3.72615e-09-1.67248e-09-1.34591e-10 4.36403e-10
 3.88448e-11-9.03918e-10-1.74139e-09-1.87486e-09-1.01366e-09 7.03711e-10
 2.77569e-09 4.53827e-09 5.41012e-09 5.10712e-09 3.75527e-09 1.85099e-09
 6.69111e-11-1.03192e-09-1.23041e-09-7.41277e-10-9.07714e-11 1.27281e-10
-4.71494e-10-1.87418e-09-3.66647e-09-5.21679e-09-5.95461e-09-5.61043e-09
-4.32005e-09-2.56282e-09-9.57759e-10 8.83582e-12 2.03208e-10-1.04337e-10
-3.85731e-10-1.24245e-10 9.23547e-10 2.59452e-09 4.37716e-09 5.64073e-09
 5.93381e-09 5.19784e-09 3.77952e-09 2.25105e-09 1.14077e-09 6.88386e-10
 7.34050e-10 8.15006e-10 4.28273e-10-6.87534e-10-2.39918e-09-4.22764e-09
-5.57254e-09-5.99787e-09-5.43715e-09-4.22051e-09-2.90521e-09-1.98688e-09
-1.64611e-09-1.67255e-09-1.60013e-09-9.72604e-10 3.95463e-10 2.29450e-09
 4.20698e-09 5.56641e-09 6.04277e-09 5.69224e-09 4.89593e-09 4.13509e-09
 3.72441e-09 3.63684e-09 3.52151e-09 2.92131e-09 1.56648e-09-4.36727e-10
-2.63700e-09-4.46707e-09-5.53067e-09-5.78465e-09-5.53072e-09-5.22506e-09
-5.19445e-09-5.42533e-09-5.57486e-09-5.19538e-09-4.01783e-09-2.13080e-09
 3.68831e-11 1.93597e-09 3.20761e-09 3.88120e-09 4.31308e-09 4.91797e-09
 5.88776e-09 7.06405e-09 8.01586e-09 8.27088e-09 7.57510e-09 6.03180e-09
 4.02904e-09 1.99185e-09 1.20374e-10-1.69878e-09-3.74152e-09-6.16648e-09
-8.79787e-09-1.11103e-08-1.24436e-08-1.23455e-08-1.08245e-08-8.33234e-09
-5.50241e-09-2.84980e-09-6.08806e-10 1.24574e-09 2.83868e-09 4.20278e-09
 5.20714e-09 5.69162e-09 5.70756e-09 5.64382e-09 6.09907e-09 7.55949e-09
 1.00799e-08 1.31594e-08 1.58849e-08 1.72766e-08 1.66695e-08 1.39282e-08
 9.38228e-09 3.57383e-09-2.95272e-09-9.68155e-09-1.60349e-08-2.13050e-08
-2.47138e-08-2.56370e-08-2.39007e-08-1.99219e-08-1.45177e-08-8.49999e-09
-2.37334e-09 3.64560e-09 9.33103e-09 1.40827e-08 1.67373e-08 1.57600e-08
 9.89661e-09 2.81581e-09
     0.0000e+00     0.0000e+00      0  0  0.00
     512   1.00000  0.0000e+00
 9.90192e-09 1.03777e-08 1.04856e-08 1.01031e-08 9.18314e-09 7.75712e-09
 5.89105e-09 3.64075e-09 1.04735e-09-1.83044e-09-4.88554e-09-7.96504e-09
-1.09093e-08-1.36018e-08-1.59955e-08-1.80991e-08-1.99384e-08-2.15074e-08
-2.27222e-08-2.34172e-08-2.34133e-08-2.26169e-08-2.10649e-08-1.88980e-08
-1.63136e-08-1.35277e-08-1.07348e-08-8.05323e-09-5.47738e-09-2.87949e-09
-7.65579e-11 3.07010e-09 6.57233e-09 1.02687e-08 1.38249e-08 1.68129e-08
 1.88649e-08 1.98149e-08 1.97358e-08 1.88701e-08 1.75215e-08 1.59756e-08
 1.44731e-08 1.32000e-08 1.22506e-08 1.15876e-08 1.10692e-08 1.05581e-08
 1.00405e-08 9.67284e-09 9.72976e-09 1.04727e-08 1.19983e-08 1.41375e-08
 1.64558e-08 1.83682e-08 1.93444e-08 1.91478e-08 1.80737e-08 1.71627e-08
 1.82769e-08 2.38280e-08 3.60195e-08 5.56667e-08 8.08131e-08 1.05480e-07
 1.19087e-07 1.07307e-07 5.51415e-08-4.73451e-08-1.97140e-07-3.71806e-07
-5.29954e-07-6.22254e-07-6.11217e-07-4.85679e-07-2.59009e-07 3.34647e-08
 3.30771e-07 5.57645e-07 6.53410e-07 5.98169e-07 4.25047e-07 2.12213e-07
 5.00489e-08-5.18048e-09 3.72945e-08 1.11221e-07 1.40595e-07 9.43627e-08
 7.21443e-09-5.09922e-08-3.43261e-08 4.07518e-08 1.13806e-07 1.34545e-07
 9.17476e-08 3.20037e-09-9.42633e-08-1.59022e-07-1.84660e-07-2.08652e-07
-2.57614e-07-3.14530e-07-3.56878e-07-3.89361e-07-4.16676e-07-4.16420e-07
-3.59677e-07-2.31621e-07-3.34509e-08 2.02676e-07 4.08654e-07 5.10250e-07
 4.66526e-07 2.97762e-07 8.55091e-08-6.12848e-08-5.44812e-08 1.27434e-07
 4.12879e-07 6.53956e-07 6.91475e-07 4.42525e-07-3.32318e-08-5.33979e-07
-8.08681e-07-7.08858e-07-3.02158e-07 1.46209e-07 3.42727e-07 1.87307e-07
-1.35059e-07-3.08564e-07-1.81786e-07 8.41157e-08 2.00736e-07 8.38441e-08
-7.26298e-08-7.53624e-08 2.60624e-08 6.42648e-08 1.50905e-08-1.61020e-08
 2.44341e-09 9.76100e-09-6.78148e-09-7.41366e-09 2.81536e-09-2.96828e-09
-9.55645e-09-2.52773e-09-1.21436e-10-4.47185e-09-7.02604e-10 3.72409e-09
 1.18008e-09 2.03665e-09 5.09020e-09 3.11893e-09 2.84437e-09 5.21501e-09
 4.14825e-09 3.74569e-09 5.18048e-09 3.93469e-09 3.16313e-09 3.81837e-09
 2.67701e-09 2.26199e-09 2.69842e-09 1.68422e-09 1.43591e-09 1.58001e-09
 8.75836e-10 1.10447e-09 1.25621e-09 8.00149e-10 9.00634e-10 4.88882e-10
-6.94652e-11-1.56103e-10-6.16211e-10-8.03514e-10-8.63692e-10-1.27026e-09
-1.46521e-09-1.85191e-09-2.26551e-09-2.42446e-09-2.70857e-09-2.83190e-09
-2.88828e-09-2.90322e-09-2.70950e-09-2.54608e-09-2.27843e-09-1.95839e-09
-1.67426e-09-1.35656e-09-1.09376e-09-7.75527e-10-3.79471e-10 6.22028e-11
 4.59575e-10 6.38947e-10 6.10785e-10 4.41029e-10 2.37446e-10 5.89194e-11
-1.34312e-10-4.02342e-10-7.55428e-10-1.08285e-09-1.28309e-09-1.36713e-09
-1.41496e-09-1.45449e-09-1.40907e-09-1.16558e-09-6.81153e-10-5.12515e-11
 5.72939e-10 1.12151e-09 1.61039e-09 2.04810e-09 2.39591e-09 2.60777e-09
 2.69179e-09 2.72646e-09 2.79802e-09 2.91374e-09 2.96965e-09 2.82948e-09
 2.46813e-09 1.99332e-09 1.50849e-09 1.02232e-09 4.97218e-10-6.27688e-11
-5.80831e-10-9.76648e-10-1.26206e-09-1.51932e-09-1.79601e-09-2.05841e-09
-2.21642e-09-2.17838e-09-1.91244e-09-1.46084e-09-9.01189e-10-3.01426e-10
 3.11292e-10 9.39715e-10 1.57029e-09 2.17068e-09 2.72550e-09 3.23223e-09
 3.67882e-09 4.04333e-09 4.28316e-09 4.32771e-09 4.11780e-09 3.65556e-09
 3.01331e-09 2.29375e-09 1.55767e-09 7.85203e-10-7.45215e-11-1.03260e-09
-2.05026e-09-3.06407e-09-4.01094e-09-4.84881e-09-5.54660e-09-6.05412e-09
-6.30958e-09-6.28577e-09-6.01562e-09-5.56042e-09-4.94939e-09-4.15089e-09
-3.10107e-09-1.77458e-09-2.50269e-10 1.30169e-09 2.71056e-09 3.86778e-09
 4.72357e-09 5.27750e-09 5.55356e-09 5.54588e-09 5.22997e-09 4.63203e-09
 3.81469e-09 2.81059e-09 1.64087e-09 3.72923e-10-8.64339e-10-1.87507e-09
-2.42757e-09-2.37199e-09-1.73641e-09-6.91051e-10 5.52759e-10 1.81064e-09
 2.94781e-09 3.86998e-09 4.49930e-09 4.77340e-09 4.67855e-09 4.26103e-09
 3.58861e-09 2.72788e-09 1.76531e-09 8.06819e-10-6.76686e-11-8.57609e-10
-1.66921e-09-2.66760e-09-3.94066e-09-5.36849e-09-6.62766e-09-7.35863e-09
-7.36206e-09-6.66617e-09-5.46373e-09-4.00728e-09-2.53609e-09-1.28580e-09
-5.09673e-10-3.93425e-10-9.28986e-10-1.88407e-09-2.88528e-09-3.57025e-09
-3.71488e-09-3.25169e-09-2.24299e-09-8.87044e-10 4.89997e-10 1.51747e-09
 1.93782e-09 1.75174e-09 1.21175e-09 6.74454e-10 4.63037e-10 7.81222e-10
 1.64085e-09 2.83454e-09 3.98085e-09 4.63839e-09 4.47832e-09 3.42615e-09
 1.68120e-09-3.58219e-10-2.21477e-09-3.48345e-09-3.96204e-09-3.70538e-09
-2.99357e-09-2.21396e-09-1.69416e-09-1.56571e-09-1.70840e-09-1.80055e-09
-1.47384e-09-4.87750e-10 1.16575e-09 3.23850e-09 5.28940e-09 6.83286e-09
 7.50978e-09 7.22054e-09 6.17165e-09 4.78381e-09 3.50452e-09 2.64014e-09
 2.25694e-09 2.16436e-09 2.00516e-09 1.42067e-09 2.16869e-10-1.52539e-09
-3.45451e-09-5.09072e-09-6.03726e-09-6.15353e-09-5.60917e-09-4.78732e-09
-4.09485e-09-3.78254e-09-3.83208e-09-3.94573e-09-3.67479e-09-2.64551e-09
-7.68888e-10 1.67039e-09 4.10921e-09 5.95333e-09 6.83024e-09 6.71903e-09
 5.92503e-09 4.91748e-09 4.10166e-09 3.64209e-09 3.41090e-09 3.07102e-09
 2.27022e-09 8.64191e-10-9.63351e-10-2.77556e-09-4.11764e-09-4.75431e-09
-4.76040e-09-4.45179e-09-4.22768e-09-4.37645e-09-4.90978e-09-5.52504e-09
-5.73694e-09-5.11444e-09-3.50936e-09-1.15834e-09 1.41395e-09 3.64248e-09
 5.16948e-09 5.95689e-09 6.22429e-09 6.27267e-09 6.30930e-09 6.35133e-09
 6.21741e-09 5.62080e-09 4.36805e-09 2.55312e-09 5.69065e-10-1.10676e-09
-2.19404e-09-2.75641e-09-3.14277e-09-3.77868e-09-4.91579e-09-6.46570e-09
-8.01032e-09-8.97855e-09-8.90077e-09-7.63773e-09-5.47169e-09-2.97261e-09
-6.87594e-10 1.14495e-09 2.65337e-09 4.12431e-09 5.69285e-09 7.18422e-09
 8.22269e-09 8.47937e-09 7.86113e-09 6.57224e-09 5.05421e-09 3.78350e-09
 2.98011e-09 2.42996e-09 1.60027e-09-4.68403e-12-2.49173e-09-5.46341e-09
-8.22069e-09-1.01620e-08-1.10954e-08-1.12395e-08-1.09560e-08-1.04555e-08
-9.66829e-09-8.32138e-09-6.14002e-09-3.06176e-09 6.39406e-10 4.41465e-09
 7.72027e-09 1.03532e-08 1.25302e-08 1.45810e-08 1.65294e-08 1.79567e-08
 1.82384e-08 1.69249e-08 1.40085e-08 9.94738e-09 5.44584e-09 1.12287e-09
-2.72952e-09-6.16735e-09-9.40540e-09-1.25329e-08-1.53143e-08-1.72385e-08
-1.78114e-08-1.68653e-08-1.46175e-08-1.14218e-08-7.47654e-09-2.83470e-09
 2.26000e-09 7.08402e-09 1.05338e-08 1.15720e-08 9.78464e-09 5.90224e-09
 2.12286e-09 3.15212e-10
     0.0000e+00     0.0000e+00      0  0  0.00
     512   1.00000  0.0000e+00
-8.51936e-09-8.79183e-09-8.74176e-09-8.32861e-09-7.55507e-09-6.44933e-09
-5.03872e-09-3.33740e-09-1.35336e-09 8.96314e-10 3.37243e-09 6.00408e-09
 8.68314e-09 1.12720e-08 1.36309e-08 1.56505e-08 1.72634e-08 1.84264e-08
 1.90984e-08 1.92422e-08 1.88404e-08 1.78995e-08 1.64319e-08 1.44451e-08
 1.19557e-08 9.01272e-09 5.70397e-09 2.14618e-09-1.52587e-09-5.16901e-09
-8.64903e-09-1.18598e-08-1.47244e-08-1.71775e-08-1.91519e-08-2.05856e-08
-2.14349e-08-2.16716e-08-2.12678e-08-2.01921e-08-1.84267e-08-1.59924e-08
-1.29588e-08-9.43368e-09-5.54164e-09-1.40268e-09 2.88059e-09 7.22511e-09
 1.15561e-08 1.57818e-08 1.97691e-08 2.33431e-08 2.63143e-08 2.85093e-08
 2.97906e-08 3.00802e-08 2.94124e-08 2.80030e-08 2.62737e-08 2.47875e-08
 2.40895e-08 2.44639e-08 2.56305e-08 2.64432e-08 2.47233e-08 1.74046e-08
 1.15383e-09-2.64349e-08-6.51092e-08-1.10080e-07-1.52103e-07-1.81111e-07
-1.88386e-07-1.66239e-07-1.13385e-07-3.95406e-08 3.98241e-08 1.07200e-07
 1.44218e-07 1.39270e-07 9.44855e-08 2.61584e-08-4.02319e-08-8.06587e-08
-8.39778e-08-5.65752e-08-1.74017e-08 1.44410e-08 3.19755e-08 4.26662e-08
 5.85135e-08 8.23871e-08 1.02820e-07 1.03021e-07 7.63834e-08 3.54919e-08
 8.53013e-09 2.37812e-08 8.86011e-08 1.77282e-07 2.43131e-07 2.52444e-07
 2.14464e-07 1.72961e-07 1.56705e-07 1.48268e-07 1.11892e-07 2.82346e-08
-1.05755e-07-2.82189e-07-4.78850e-07-6.59263e-07-7.76759e-07-7.88280e-07
-6.75471e-07-4.53330e-07-1.62674e-07 1.42179e-07 4.04762e-07 5.79111e-07
 6.43283e-07 6.04700e-07 4.93062e-07 3.45676e-07 1.93349e-07 5.53364e-08
-5.62168e-08-1.29276e-07-1.51651e-07-1.22425e-07-6.45810e-08-2.07063e-08
-2.48479e-08-6.91414e-08-1.04080e-07-8.65283e-08-2.95998e-08 1.01055e-08
 2.08268e-09-2.17772e-08-1.76931e-08 7.94884e-09 1.89707e-08 1.05273e-08
 6.73926e-09 1.21872e-08 1.16570e-08 5.64722e-09 4.91424e-09 5.54550e-09
 1.31323e-09-1.46659e-09-4.42223e-10-1.65924e-09-3.78607e-09-2.94517e-09
-2.72521e-09-3.95394e-09-3.15274e-09-2.15618e-09-2.51340e-09-1.68851e-09
-6.55165e-10-8.45535e-10-3.05059e-10 4.05367e-10 1.81088e-10 4.91117e-10
 7.85733e-10 3.12027e-10 2.37908e-10 3.61680e-11-5.75353e-10-6.70052e-10
-8.57627e-10-1.16683e-09-1.05587e-09-1.11686e-09-1.11923e-09-8.82287e-10
-8.60965e-10-6.59700e-10-3.14008e-10-4.29895e-12 5.51713e-10 1.05373e-09
 1.50435e-09 2.02449e-09 2.37703e-09 2.68422e-09 2.87561e-09 2.89386e-09
 2.85233e-09 2.63552e-09 2.32903e-09 1.94973e-09 1.46681e-09 9.58822e-10
 3.50894e-10-3.37004e-10-1.06612e-09-1.79533e-09-2.44725e-09-3.00648e-09
-3.41692e-09-3.67643e-09-3.79493e-09-3.75279e-09-3.55843e-09-3.22212e-09
-2.75697e-09-2.15840e-09-1.43632e-09-6.14938e-10 2.84597e-10 1.21879e-09
 2.12028e-09 2.92242e-09 3.58311e-09 4.07381e-09 4.38100e-09 4.50933e-09
 4.45842e-09 4.22965e-09 3.84569e-09 3.32751e-09 2.68669e-09 1.94605e-09
 1.13112e-09 2.77704e-10-5.49444e-10-1.28071e-09-1.86514e-09-2.28723e-09
-2.56862e-09-2.71635e-09-2.70593e-09-2.52702e-09-2.19142e-09-1.71764e-09
-1.12864e-09-4.36792e-10 3.44955e-10 1.17191e-09 1.97758e-09 2.69007e-09
 3.24565e-09 3.62031e-09 3.82105e-09 3.85118e-09 3.70803e-09 3.38328e-09
 2.86399e-09 2.15172e-09 1.26948e-09 2.51507e-10-8.62138e-10-2.02245e-09
-3.17088e-09-4.24138e-09-5.16692e-09-5.90162e-09-6.43428e-09-6.77248e-09
-6.92052e-09-6.86241e-09-6.56503e-09-6.01324e-09-5.22897e-09-4.25359e-09
-3.13850e-09-1.94018e-09-7.05544e-10 5.14262e-10 1.65005e-09 2.64522e-09
 3.46975e-09 4.09527e-09 4.48825e-09 4.61304e-09 4.42565e-09 3.90151e-09
 3.08168e-09 2.06195e-09 9.49893e-10-1.46607e-10-1.12998e-09-1.94051e-09
-2.55349e-09-2.95883e-09-3.17351e-09-3.25084e-09-3.24329e-09-3.18029e-09
-3.08763e-09-2.97626e-09-2.80900e-09-2.51272e-09-2.00363e-09-1.18394e-09
 3.76716e-11 1.68901e-09 3.71254e-09 5.97123e-09 8.22731e-09 1.01412e-08
 1.13439e-08 1.15392e-08 1.05820e-08 8.52277e-09 5.60181e-09 2.18330e-09
-1.31354e-09-4.44529e-09-6.78989e-09-8.01775e-09-7.95933e-09-6.66974e-09
-4.43487e-09-1.68971e-09 1.07576e-09 3.40289e-09 4.96140e-09 5.61187e-09
 5.41852e-09 4.61426e-09 3.50499e-09 2.37362e-09 1.42446e-09 7.44837e-10
 3.15572e-10 5.42874e-11-1.68993e-10-4.93351e-10-9.97634e-10-1.67089e-09
-2.41421e-09-3.07301e-09-3.50120e-09-3.60104e-09-3.35186e-09-2.84505e-09
-2.26210e-09-1.79827e-09-1.58972e-09-1.66433e-09-1.94307e-09-2.28598e-09
-2.52763e-09-2.51332e-09-2.16211e-09-1.50635e-09-6.72436e-10 1.75056e-10
 8.94477e-10 1.40376e-09 1.68359e-09 1.76630e-09 1.72610e-09 1.65634e-09
 1.62652e-09 1.65071e-09 1.68034e-09 1.62017e-09 1.37314e-09 8.83008e-10
 1.52666e-10-7.47178e-10-1.68910e-09-2.52552e-09-3.13010e-09-3.43934e-09
-3.47602e-09-3.32059e-09-3.05291e-09-2.70956e-09-2.26807e-09-1.66865e-09
-8.62570e-10 1.53309e-10 1.32159e-09 2.52404e-09 3.60982e-09 4.44376e-09
 4.94863e-09 5.12482e-09 5.03560e-09 4.75913e-09 4.34314e-09 3.80053e-09
 3.13215e-09 2.34583e-09 1.46114e-09 4.99933e-10-5.20608e-10-1.57754e-09
-2.63323e-09-3.64224e-09-4.55621e-09-5.31898e-09-5.86546e-09-6.12977e-09
-6.06398e-09-5.65898e-09-4.94137e-09-3.94549e-09-2.69190e-09-1.19814e-09
 4.81828e-10 2.22637e-09 3.86141e-09 5.21633e-09 6.17540e-09 6.69515e-09
 6.79849e-09 6.56050e-09 6.08103e-09 5.44094e-09 4.66354e-09 3.71846e-09
 2.57219e-09 1.24174e-09-1.94581e-10-1.63601e-09-3.01509e-09-4.32062e-09
-5.56195e-09-6.70730e-09-7.65546e-09-8.26006e-09-8.37885e-09-7.91619e-09
-6.85210e-09-5.26379e-09-3.32368e-09-1.24685e-09 7.92830e-10 2.70713e-09
 4.45856e-09 5.99095e-09 7.20196e-09 7.98522e-09 8.29978e-09 8.19937e-09
 7.79325e-09 7.17162e-09 6.35243e-09 5.27990e-09 3.86474e-09 2.04076e-09
-1.79247e-10-2.66198e-09-5.15575e-09-7.36253e-09-9.05194e-09-1.01320e-08
-1.06140e-08-1.05107e-08-9.78373e-09-8.39877e-09-6.42510e-09-4.06870e-09
-1.60752e-09 7.13808e-10 2.76254e-09 4.54255e-09 6.16652e-09 7.78175e-09
 9.46833e-09 1.11562e-08 1.26192e-08 1.35671e-08 1.37816e-08 1.31870e-08
 1.17982e-08 9.60963e-09 6.56315e-09 2.65082e-09-1.94437e-09-6.81564e-09
-1.14396e-08-1.53236e-08-1.80979e-08-1.95471e-08-1.96191e-08-1.84055e-08
-1.60769e-08-1.28145e-08-8.81777e-09-4.38799e-09 2.37685e-11 3.90806e-09
 6.89383e-09 8.89593e-09 1.00848e-08 1.07095e-08 1.09345e-08 1.08169e-08
 1.03897e-08 9.70882e-09 8.80087e-09 7.59379e-09 5.93654e-09 3.69828e-09
 8.70745e-10-2.35006e-09-5.48766e-09-7.78048e-09-8.39729e-09-6.90577e-09
-3.77331e-09-9.62465e-10
     0.0000e+00     0.0000e+00      0  0  0.00
     512   1.00000  0.0000e+00
-5.16444e-09-5.60476e-09-5.90113e-09-5.92413e-09-5.57299e-09-4.81123e-09
-3.66621e-09-2.20185e-09-4.94478e-10 1.36935e-09 3.28260e-09 5.11906e-09
 6.76068e-09 8.14195e-09 9.28115e-09 1.02663e-08 1.11911e-08 1.20797e-08
 1.28546e-08 1.33682e-08 1.34664e-08 1.30421e-08 1.20613e-08 1.05683e-08
 8.67435e-09 6.52907e-09 4.29165e-09 2.10954e-09 9.24745e-11-1.72640e-09
-3.41213e-09-5.09089e-09-6.86051e-09-8.70886e-09-1.04984e-08-1.20252e-08
-1.31132e-08-1.36907e-08-1.38042e-08-1.35644e-08-1.30617e-08-1.23164e-08
-1.12913e-08-9.94296e-09-8.26567e-09-6.30786e-09-4.16812e-09-1.98211e-09
 9.50287e-11 1.91742e-09 3.39689e-09 4.55262e-09 5.51192e-09 6.42908e-09
 7.36212e-09 8.19288e-09 8.63887e-09 8.33855e-09 6.97820e-09 4.45015e-09
 1.02473e-09-2.51469e-09-4.84142e-09-4.23179e-09 1.02269e-09 1.18717e-08
 2.75075e-08 4.44215e-08 5.59460e-08 5.29010e-08 2.77805e-08-1.66260e-08
-6.41802e-08-9.75324e-08-1.11317e-07-1.07467e-07-8.45304e-08-4.11985e-08
 1.43082e-08 6.44722e-08 9.09787e-08 8.48923e-08 5.21547e-08 1.05333e-08
-1.93072e-08-2.44066e-08-6.61488e-09 1.93282e-08 3.63624e-08 3.69840e-08
 2.73850e-08 2.06893e-08 2.50813e-08 3.64943e-08 4.22499e-08 3.23848e-08
 7.35700e-09-2.30170e-08-4.30675e-08-3.53191e-08 6.77735e-09 6.60662e-08
 1.14003e-07 1.34691e-07 1.23493e-07 7.19268e-08-3.19333e-08-1.90482e-07
-3.84411e-07-5.72641e-07-6.98379e-07-6.94351e-07-5.07621e-07-1.33619e-07
 3.72414e-07 8.96292e-07 1.28062e-06 1.37559e-06 1.10326e-06 5.05194e-07
-2.47935e-07-9.03255e-07-1.22241e-06-1.09253e-06-5.93969e-07 2.31305e-08
 4.56786e-07 5.18024e-07 2.44686e-07-1.22266e-07-3.03077e-07-1.85522e-07
 9.04448e-08 2.61773e-07 1.89489e-07-1.16067e-08-1.13398e-07-3.73436e-08
 7.68893e-08 7.91467e-08 4.22805e-10-3.46987e-08-5.80662e-09 1.02292e-08
-8.50222e-09-1.53992e-08-3.32509e-09-4.21899e-09-1.26312e-08-7.02542e-09
-7.63689e-10-5.37952e-09-5.36619e-09 3.84214e-10-8.73760e-10-2.54802e-09
 1.42304e-09 1.77131e-09-1.08682e-10 2.17228e-09 2.65821e-09 8.17022e-10
 2.06273e-09 2.49381e-09 1.14348e-09 2.08555e-09 2.32406e-09 1.15629e-09
 1.64266e-09 1.40202e-09 3.84165e-10 7.11296e-10 2.77094e-10-4.47452e-10
-2.83061e-10-9.43461e-10-1.42995e-09-1.31350e-09-1.76907e-09-1.75037e-09
-1.60896e-09-1.87464e-09-1.67957e-09-1.66661e-09-1.66448e-09-1.23935e-09
-1.01409e-09-6.12252e-10-1.85607e-10 2.71430e-11 4.08595e-10 6.68674e-10
 9.48838e-10 1.27504e-09 1.41052e-09 1.52211e-09 1.46712e-09 1.37527e-09
 1.36946e-09 1.30691e-09 1.20214e-09 9.91791e-10 7.78899e-10 6.05376e-10
 4.22136e-10 2.72314e-10 1.53359e-10 1.35909e-10 2.49135e-10 4.50797e-10
 6.62911e-10 8.34327e-10 1.02783e-09 1.31964e-09 1.71817e-09 2.09941e-09
 2.28575e-09 2.23812e-09 2.12127e-09 2.12025e-09 2.20423e-09 2.16921e-09
 1.88409e-09 1.43876e-09 1.05100e-09 8.43597e-10 7.23778e-10 4.90979e-10
 4.83864e-11-5.05779e-10-9.83502e-10-1.30252e-09-1.57023e-09-1.95194e-09
-2.47289e-09-2.98445e-09-3.32926e-09-3.51374e-09-3.67578e-09-3.89596e-09
-4.11157e-09-4.21238e-09-4.15813e-09-3.99573e-09-3.79240e-09-3.57203e-09
-3.31216e-09-2.98175e-09-2.58365e-09-2.16660e-09-1.78023e-09-1.42206e-09
-1.05391e-09-6.66956e-10-3.02492e-10-1.69328e-12 2.40147e-10 4.51234e-10
 6.35703e-10 7.74846e-10 8.66624e-10 9.39872e-10 1.02523e-09 1.13160e-09
 1.25768e-09 1.40189e-09 1.56010e-09 1.73757e-09 1.95325e-09 2.21423e-09
 2.50146e-09 2.79449e-09 3.09557e-09 3.42162e-09 3.78273e-09 4.16359e-09
 4.52254e-09 4.82355e-09 5.05360e-09 5.18187e-09 5.13016e-09 4.81067e-09
 4.16545e-09 3.17129e-09 1.85839e-09 3.18262e-10-1.34308e-09-3.02525e-09
-4.58520e-09-5.83307e-09-6.61023e-09-6.84561e-09-6.55472e-09-5.82246e-09
-4.77445e-09-3.56998e-09-2.44746e-09-1.71720e-09-1.62863e-09-2.24618e-09
-3.44598e-09-4.97197e-09-6.49146e-09-7.63940e-09-8.02843e-09-7.28325e-09
-5.19988e-09-1.94185e-09 1.94867e-09 5.75463e-09 8.80602e-09 1.05790e-08
 1.07043e-08 8.99426e-09 5.56634e-09 9.88985e-10-3.76368e-09-7.62148e-09
-9.78820e-09-9.92881e-09-8.12983e-09-4.77082e-09-4.63110e-10 3.95765e-09
 7.54760e-09 9.54916e-09 9.71449e-09 8.40421e-09 6.36365e-09 4.37230e-09
 3.01385e-09 2.60752e-09 3.20377e-09 4.56862e-09 6.17961e-09 7.33731e-09
 7.42551e-09 6.19638e-09 3.90620e-09 1.20747e-09-1.13707e-09-2.53333e-09
-2.70901e-09-1.75295e-09-7.82819e-11 1.67353e-09 2.79633e-09 2.75689e-09
 1.42364e-09-8.52106e-10-3.36418e-09-5.32700e-09-6.16659e-09-5.70703e-09
-4.20101e-09-2.22425e-09-4.80459e-10 4.37262e-10 2.62969e-10-8.39018e-10
-2.34528e-09-3.59007e-09-4.02816e-09-3.44196e-09-2.02806e-09-3.31431e-10
 9.69227e-10 1.34615e-09 6.42459e-10-8.68092e-10-2.59748e-09-3.87934e-09
-4.22326e-09-3.50062e-09-1.99753e-09-2.95960e-10 9.72744e-10 1.38746e-09
 9.05941e-10-1.17845e-10-1.08389e-09-1.41433e-09-8.19497e-10 5.69878e-10
 2.26492e-09 3.63381e-09 4.16726e-09 3.69021e-09 2.43992e-09 9.66972e-10
-1.14630e-10-4.14145e-10 5.97534e-11 9.16286e-10 1.57416e-09 1.53625e-09
 6.28741e-10-9.03537e-10-2.50223e-09-3.55569e-09-3.68053e-09-2.89201e-09
-1.59204e-09-3.75333e-10 2.61870e-10 1.63859e-10-4.19488e-10-9.77465e-10
-1.01151e-09-2.90250e-10 1.03409e-09 2.49142e-09 3.51402e-09 3.71671e-09
 3.09243e-09 2.00961e-09 1.01342e-09 5.40687e-10 6.95888e-10 1.20539e-09
 1.57386e-09 1.35439e-09 3.90136e-10-1.09379e-09-2.59636e-09-3.59156e-09
-3.79059e-09-3.27878e-09-2.45855e-09-1.82199e-09-1.67089e-09-1.94807e-09
-2.28225e-09-2.21545e-09-1.47496e-09-1.34118e-10 1.41876e-09 2.67698e-09
 3.27679e-09 3.19196e-09 2.74506e-09 2.40963e-09 2.51570e-09 3.04273e-09
 3.62633e-09 3.77087e-09 3.14224e-09 1.77226e-09 5.14340e-11-1.48970e-09
-2.47065e-09-2.84123e-09-2.86106e-09-2.91158e-09-3.24579e-09-3.80984e-09
-4.25690e-09-4.17254e-09-3.37401e-09-2.06922e-09-7.52364e-10 9.51817e-11
 2.96903e-10 8.27598e-11-5.21257e-11 3.60013e-10 1.48934e-09 3.11859e-09
 4.78232e-09 6.03779e-09 6.68631e-09 6.80712e-09 6.59891e-09 6.14515e-09
 5.27054e-09 3.61796e-09 9.33639e-10-2.63229e-09-6.44975e-09-9.63337e-09
-1.14213e-08-1.14793e-08-9.98587e-09-7.48701e-09-4.61710e-09-1.85179e-09
 5.56129e-10 2.44680e-09 3.58775e-09 3.66672e-09 2.49171e-09 2.52505e-10
-2.37343e-09-4.39171e-09-4.88330e-09-3.41614e-09-2.37523e-10 3.86345e-09
 7.91415e-09 1.11027e-08 1.29400e-08 1.32299e-08 1.19471e-08 9.14500e-09
 4.99187e-09-7.03844e-11-5.19563e-09-9.23013e-09-1.10613e-08-1.00080e-08
-6.01726e-09-1.66102e-09
     0.0000e+00     0.0000e+00      0  0  0.00
     512   1.00000  0.0000e+00
 3.68954e-09 4.30165e-09 4.63332e-09 4.61705e-09 4.30525e-09 3.84459e-09
 3.39508e-09 3.05397e-09 2.81976e-09 2.59752e-09 2.24283e-09 1.64352e-09
 8.05526e-10-1.24524e-10-9.38646e-10-1.49896e-09-1.82087e-09-2.06280e-09
-2.47240e-09-3.34888e-09-4.99411e-09-7.57573e-09-1.09203e-08-1.43994e-08
-1.70503e-08-1.78783e-08-1.61757e-08-1.17452e-08-4.99687e-09 3.10268e-09
 1.12437e-08 1.80938e-08 2.26076e-08 2.42326e-08 2.29957e-08 1.94834e-08
 1.46928e-08 9.73489e-09 5.46289e-09 2.21089e-09-1.98249e-10-2.21097e-09
-4.25907e-09-6.58762e-09-9.21836e-09-1.20081e-08-1.47608e-08-1.73425e-08
-1.97324e-08-2.19719e-08-2.40627e-08-2.59143e-08-2.73687e-08-2.82344e-08
-2.82731e-08-2.71980e-08-2.47835e-08-2.10777e-08-1.65791e-08-1.22502e-08
-9.33247e-09-8.97033e-09-1.16582e-08-1.65847e-08-2.10695e-08-2.03639e-08
-8.09737e-09 2.23246e-08 7.51693e-08 1.48749e-07 2.31741e-07 3.02575e-07
 3.34515e-07 3.06434e-07 2.14769e-07 7.48237e-08-8.74556e-08-2.36644e-07
-3.30341e-07-3.37703e-07-2.57082e-07-1.18027e-07 2.89103e-08 1.31364e-07
 1.57197e-07 1.08324e-07 1.73231e-08-7.36018e-08-1.37606e-07-1.73169e-07
-1.92836e-07-2.01186e-07-1.81641e-07-1.08300e-07 2.25630e-08 1.67183e-07
 2.41135e-07 1.67710e-07-5.56457e-08-3.29207e-07-5.02787e-07-4.79505e-07
-2.92919e-07-7.94503e-08 5.40998e-08 1.18780e-07 1.81315e-07 2.74695e-07
 3.91026e-07 5.02714e-07 5.74200e-07 5.69045e-07 4.56587e-07 2.42532e-07
-3.53619e-09-1.77037e-07-2.02118e-07-7.78915e-08 1.17212e-07 2.58875e-07
 2.30804e-07-1.38509e-08-4.09138e-07-7.84533e-07-9.38183e-07-7.52392e-07
-2.84491e-07 2.36988e-07 5.33001e-07 4.57507e-07 1.15611e-07-1.98197e-07
-2.29253e-07 1.36359e-08 2.64251e-07 2.70529e-07 6.26707e-08-1.00480e-07
-5.92189e-08 6.71086e-08 8.65592e-08 5.87834e-09-3.44652e-08-4.59667e-09
 9.44574e-09-1.24887e-08-1.58533e-08-4.50668e-10-3.95262e-09-1.22373e-08
-2.48081e-09 3.31908e-09-3.48822e-09-1.78589e-09 3.95268e-09 1.59917e-10
-7.88572e-10 3.97359e-09 2.29637e-09 3.15914e-10 3.24063e-09 2.19189e-09
 3.00179e-10 2.38630e-09 1.74930e-09 2.00801e-10 1.44016e-09 5.15197e-10
-6.53620e-10 5.59041e-10 2.81243e-10 3.37534e-10 1.74130e-09 1.40712e-09
 1.34351e-09 1.64970e-09 6.07036e-10 3.21915e-10 1.17732e-10-5.68157e-10
-2.01980e-10-1.24907e-10-3.20226e-10-2.85690e-10-1.00840e-09-1.52768e-09
-1.86492e-09-2.45411e-09-2.60075e-09-2.78855e-09-2.81639e-09-2.51745e-09
-2.30751e-09-1.82099e-09-1.32790e-09-9.08259e-10-4.58057e-10-1.60105e-10
 2.99910e-10 9.15837e-10 1.66134e-09 2.50794e-09 3.25502e-09 3.88449e-09
 4.25003e-09 4.36457e-09 4.32512e-09 4.19007e-09 4.02602e-09 3.76574e-09
 3.33473e-09 2.67088e-09 1.79267e-09 7.51996e-10-4.41526e-10-1.75091e-09
-3.07671e-09-4.26743e-09-5.19646e-09-5.80228e-09-6.11307e-09-6.22487e-09
-6.20528e-09-6.05345e-09-5.74739e-09-5.28396e-09-4.67717e-09-3.93368e-09
-3.03694e-09-2.01806e-09-1.03143e-09-2.79347e-10 1.45727e-10 3.30591e-10
 4.39814e-10 5.43190e-10 5.93166e-10 5.43803e-10 4.07724e-10 2.19693e-10
-1.83945e-11-3.69816e-10-9.08439e-10-1.60820e-09-2.30940e-09-2.80092e-09
-2.96521e-09-2.86235e-09-2.63722e-09-2.37152e-09-2.06230e-09-1.67542e-09
-1.17128e-09-5.12299e-10 3.21839e-10 1.32064e-09 2.44864e-09 3.65379e-09
 4.85503e-09 5.93229e-09 6.76916e-09 7.33949e-09 7.73295e-09 8.06922e-09
 8.39344e-09 8.64478e-09 8.70279e-09 8.46847e-09 7.92212e-09 7.12964e-09
 6.20571e-09 5.24495e-09 4.28178e-09 3.34486e-09 2.50161e-09 1.78808e-09
 1.15096e-09 5.05076e-10-1.76687e-10-8.17307e-10-1.26234e-09-1.39092e-09
-1.22200e-09-9.01002e-10-6.00792e-10-4.35054e-10-4.09565e-10-4.38312e-10
-4.31627e-10-3.47943e-10-1.53660e-10 1.85010e-10 6.20950e-10 1.00152e-09
 1.15982e-09 9.89272e-10 4.50071e-10-4.33961e-10-1.59803e-09-2.98612e-09
-4.54778e-09-6.18319e-09-7.75108e-09-9.12580e-09-1.01877e-08-1.07727e-08
-1.06965e-08-9.87346e-09-8.44068e-09-6.76565e-09-5.28062e-09-4.22579e-09
-3.52548e-09-2.92086e-09-2.21081e-09-1.38898e-09-5.96660e-10 3.36852e-11
 4.55244e-10 6.44005e-10 5.47843e-10 1.24483e-10-6.06239e-10-1.54967e-09
-2.56642e-09-3.49947e-09-4.15327e-09-4.28921e-09-3.69806e-09-2.31979e-09
-3.57868e-10 1.73721e-09 3.47391e-09 4.52836e-09 4.81087e-09 4.44314e-09
 3.69952e-09 2.93665e-09 2.50411e-09 2.61702e-09 3.27864e-09 4.31662e-09
 5.45860e-09 6.39513e-09 6.84361e-09 6.62548e-09 5.75608e-09 4.47647e-09
 3.15138e-09 2.11480e-09 1.58109e-09 1.60285e-09 2.03354e-09 2.53836e-09
 2.71179e-09 2.27452e-09 1.22907e-09-1.33570e-10-1.37751e-09-2.11398e-09
-2.14135e-09-1.51167e-09-5.15814e-10 4.24597e-10 9.24711e-10 8.03491e-10
 1.69278e-10-6.31860e-10-1.17096e-09-1.12302e-09-4.09900e-10 7.77692e-10
 2.07128e-09 3.04550e-09 3.33368e-09 2.73802e-09 1.30437e-09-6.67301e-10
-2.70557e-09-4.34165e-09-5.28069e-09-5.48002e-09-5.12893e-09-4.55223e-09
-4.06615e-09-3.83784e-09-3.80449e-09-3.69094e-09-3.14772e-09-1.97493e-09
-3.01248e-10 1.41539e-09 2.59143e-09 2.82528e-09 2.12588e-09 9.24958e-10
-1.10868e-10-3.59746e-10 4.85691e-10 2.26019e-09 4.36956e-09 6.04062e-09
 6.67411e-09 6.11596e-09 4.67696e-09 2.89772e-09 1.22850e-09-1.72689e-10
-1.42002e-09-2.71308e-09-4.13811e-09-5.57119e-09-6.69546e-09-7.11077e-09
-6.52295e-09-4.94410e-09-2.76805e-09-6.32024e-10 8.72623e-10 1.45606e-09
 1.20361e-09 4.71052e-10-2.87315e-10-6.58912e-10-3.59823e-10 7.01777e-10
 2.37513e-09 4.28272e-09 5.95458e-09 7.02225e-09 7.33246e-09 6.91274e-09
 5.86432e-09 4.30056e-09 2.35228e-09 1.72418e-10-2.08478e-09-4.24780e-09
-6.05322e-09-7.11978e-09-7.08827e-09-5.88801e-09-3.92594e-09-1.99372e-09
-8.87297e-10-9.74315e-10-1.99941e-09-3.23521e-09-3.85350e-09-3.30288e-09
-1.53450e-09 9.95208e-10 3.55228e-09 5.50341e-09 6.63990e-09 7.20448e-09
 7.56117e-09 7.76530e-09 7.43514e-09 6.08163e-09 3.61722e-09 5.90049e-10
-2.05530e-09-3.50471e-09-3.53824e-09-2.67166e-09-1.91475e-09-2.26298e-09
-4.15806e-09-7.19941e-09-1.03094e-08-1.23128e-08-1.25809e-08-1.12788e-08
-9.03255e-09-6.33584e-09-3.24395e-09 3.92641e-10 4.43941e-09 8.24212e-09
 1.08711e-08 1.16290e-08 1.04494e-08 7.97898e-09 5.33611e-09 3.62439e-09
 3.37565e-09 4.24178e-09 5.22280e-09 5.34452e-09 4.28154e-09 2.42827e-09
 4.10411e-10-1.46036e-09-3.27122e-09-5.11836e-09-6.71841e-09-7.46146e-09
-6.85497e-09-4.92501e-09-2.25271e-09 3.01520e-10 1.96198e-09 2.35598e-09
 1.70387e-09 7.21167e-10 1.46720e-10 1.79880e-10 3.76728e-10 2.29104e-10
-5.51790e-11-6.98911e-11
     0.0000e+00     0.0000e+00      0  0  0.00
     512   1.00000  0.0000e+00
-3.86542e-09-3.71526e-09-3.41393e-09-2.99514e-09-2.50006e-09-1.95699e-09
-1.37463e-09-7.48643e-10-6.72932e-11 6.89343e-10 1.54730e-09 2.52767e-09
 3.63082e-09 4.82172e-09 6.02196e-09 7.11879e-09 7.99598e-09 8.57279e-09
 8.82592e-09 8.78329e-09 8.50307e-09 8.05717e-09 7.52083e-09 6.95661e-09
 6.39232e-09 5.80739e-09 5.13678e-09 4.28955e-09 3.18139e-09 1.77944e-09
 1.37181e-10-1.60981e-09-3.28743e-09-4.73802e-09-5.86235e-09-6.64020e-09
-7.12510e-09-7.41225e-09-7.59302e-09-7.71892e-09-7.79182e-09-7.77712e-09
-7.62738e-09-7.31251e-09-6.85432e-09-6.34322e-09-5.91594e-09-5.70585e-09
-5.79360e-09-6.17413e-09-6.74977e-09-7.35825e-09-7.82729e-09-8.02567e-09
-7.89027e-09-7.44402e-09-6.82932e-09-6.34847e-09-6.47567e-09-7.80160e-09
-1.08773e-08-1.59400e-08-2.25408e-08-2.91601e-08-3.29827e-08-3.00565e-08
-1.60613e-08 1.21636e-08 5.44031e-08 1.04649e-07 1.51293e-07 1.83513e-07
 1.96704e-07 1.87452e-07 1.50209e-07 8.49011e-08 5.69479e-10-8.78585e-08
-1.60995e-07-1.99805e-07-1.95195e-07-1.54000e-07-9.75689e-08-5.27863e-08
-3.78494e-08-5.10984e-08-7.21467e-08-7.63612e-08-5.38440e-08-1.87440e-08
 9.99695e-10-1.37121e-08-5.76207e-08-1.04192e-07-1.23496e-07-1.00818e-07
-4.22363e-08 3.19521e-08 9.47947e-08 1.19795e-07 9.60145e-08 4.40918e-08
 7.54978e-09 1.83124e-08 7.68188e-08 1.69116e-07 2.86153e-07 4.15227e-07
 5.28843e-07 5.93057e-07 5.75724e-07 4.48766e-07 2.00948e-07-1.47387e-07
-5.42661e-07-9.03491e-07-1.13407e-06-1.15393e-06-9.33310e-07-5.14392e-07
-7.82362e-09 4.39180e-07 6.96954e-07 7.07458e-07 5.10645e-07 2.26612e-07
-3.02109e-09-8.77091e-08-3.27745e-08 7.43485e-08 1.30361e-07 9.03304e-08
-5.69336e-09-7.64223e-08-7.55270e-08-2.86498e-08 3.76081e-09-5.91805e-09
-3.16912e-08-3.75278e-08-2.18211e-08-7.45437e-09-4.54423e-09-3.88521e-09
 6.36886e-10 4.55843e-09 5.50646e-09 6.40466e-09 7.39525e-09 6.47718e-09
 4.87819e-09 4.14764e-09 3.17392e-09 1.68275e-09 7.74010e-10 3.63518e-11
-1.12919e-09-2.02279e-09-2.59058e-09-3.27552e-09-3.65384e-09-3.62644e-09
-3.62000e-09-3.46389e-09-3.09999e-09-2.83171e-09-2.51457e-09-2.08028e-09
-1.72894e-09-1.35893e-09-9.69064e-10-6.93832e-10-4.12084e-10-1.20348e-10
 1.12713e-10 3.68461e-10 5.91392e-10 7.38289e-10 8.59885e-10 9.08613e-10
 9.20861e-10 9.57346e-10 9.77126e-10 9.90150e-10 9.86924e-10 9.42905e-10
 8.83220e-10 8.03220e-10 7.18755e-10 6.38994e-10 5.42480e-10 4.41960e-10
 3.30965e-10 2.10358e-10 1.05705e-10 1.24702e-11-7.19297e-11-1.34451e-10
-1.62166e-10-1.70381e-10-1.80032e-10-1.60311e-10-7.81644e-11 5.65481e-11
 2.11741e-10 3.51774e-10 4.55795e-10 5.41390e-10 6.52818e-10 8.01273e-10
 9.49267e-10 1.05271e-09 1.09453e-09 1.09122e-09 1.07343e-09 1.04874e-09
 9.76652e-10 8.12470e-10 5.76871e-10 3.28938e-10 8.96773e-11-1.58718e-10
-4.36867e-10-7.54662e-10-1.09779e-09-1.43443e-09-1.74178e-09-2.00915e-09
-2.22985e-09-2.38700e-09-2.44386e-09-2.37908e-09-2.21163e-09-1.96559e-09
-1.64831e-09-1.26194e-09-8.09769e-10-3.09795e-10 2.06142e-10 7.21468e-10
 1.23000e-09 1.70687e-09 2.11519e-09 2.42061e-09 2.59701e-09 2.64269e-09
 2.57149e-09 2.38678e-09 2.08826e-09 1.68040e-09 1.17252e-09 5.93772e-10
-1.99220e-11-6.50892e-10-1.27944e-09-1.87045e-09-2.38859e-09-2.79629e-09
-3.06342e-09-3.18867e-09-3.18056e-09-3.03899e-09-2.76926e-09-2.38090e-09
-1.87848e-09-1.27630e-09-6.04430e-10 1.04769e-10 8.17294e-10 1.49504e-09
 2.10515e-09 2.61740e-09 2.99859e-09 3.22499e-09 3.28526e-09 3.17095e-09
 2.88063e-09 2.42658e-09 1.83501e-09 1.14565e-09 4.14273e-10-2.79771e-10
-8.48380e-10-1.23154e-09-1.40169e-09-1.35476e-09-1.13279e-09-8.20112e-10
-4.97359e-10-2.38460e-10-1.30757e-10-2.37323e-10-5.57731e-10-1.04151e-09
-1.58559e-09-2.02631e-09-2.19725e-09-1.98366e-09-1.31623e-09-1.86265e-10
 1.30125e-09 2.91423e-09 4.32415e-09 5.15799e-09 5.09248e-09 3.96350e-09
 1.81664e-09-1.10984e-09-4.41524e-09-7.56769e-09-9.98095e-09-1.11369e-08
-1.07066e-08-8.64582e-09-5.23195e-09-1.00218e-09 3.36099e-09 7.14734e-09
 9.74125e-09 1.07417e-08 1.00630e-08 7.97887e-09 5.05509e-09 1.99358e-09
-5.52364e-10-2.14227e-09-2.62608e-09-2.12836e-09-9.96975e-10 2.94250e-10
 1.29094e-09 1.68430e-09 1.39795e-09 6.12213e-10-3.21643e-10-1.01972e-09
-1.18770e-09-7.25355e-10 2.32501e-10 1.36188e-09 2.24148e-09 2.49333e-09
 1.93653e-09 6.52172e-10-1.04804e-09-2.70999e-09-3.88130e-09-4.25468e-09
-3.75018e-09-2.54437e-09-1.02292e-09 3.60164e-10 1.24243e-09 1.47108e-09
 1.15218e-09 5.90167e-10 1.48986e-10 1.17610e-10 6.04305e-10 1.48666e-09
 2.46139e-09 3.15972e-09 3.27591e-09 2.69056e-09 1.52966e-09 1.14265e-10
-1.15979e-09-1.96842e-09-2.18878e-09-1.93627e-09-1.49601e-09-1.20166e-09
-1.29749e-09-1.83147e-09-2.63633e-09-3.39672e-09-3.77398e-09-3.55094e-09
-2.72327e-09-1.49671e-09-2.09943e-10 7.99268e-10 1.33927e-09 1.43482e-09
 1.29491e-09 1.21074e-09 1.41661e-09 1.97338e-09 2.73977e-09 3.43310e-09
 3.74992e-09 3.50809e-09 2.73534e-09 1.65289e-09 5.78386e-10-2.06500e-10
-5.77900e-10-6.19065e-10-5.68489e-10-6.95870e-10-1.16331e-09-1.94002e-09
-2.81402e-09-3.48713e-09-3.70964e-09-3.39927e-09-2.67834e-09-1.80465e-09
-1.04270e-09-5.42085e-10-2.75964e-10-7.05178e-11 2.90411e-10 9.40306e-10
 1.84223e-09 2.78780e-09 3.49472e-09 3.74605e-09 3.49121e-09 2.86597e-09
 2.12491e-09 1.51402e-09 1.14887e-09 9.65173e-10 7.68235e-10 3.53041e-10
-3.75278e-10-1.34399e-09-2.33935e-09-3.10592e-09-3.47515e-09-3.44739e-09
-3.17357e-09-2.85324e-09-2.61454e-09-2.44403e-09-2.20275e-09-1.71518e-09
-8.82840e-10 2.34935e-10 1.42554e-09 2.42355e-09 3.04579e-09 3.27463e-09
 3.24830e-09 3.17242e-09 3.19811e-09 3.32958e-09 3.41801e-09 3.25336e-09
 2.69623e-09 1.75961e-09 5.96177e-10-5.83972e-10-1.61437e-09-2.44305e-09
-3.12932e-09-3.75728e-09-4.32476e-09-4.69720e-09-4.66722e-09-4.07885e-09
-2.93423e-09-1.42180e-09 1.45696e-10 1.45486e-09 2.32071e-09 2.74878e-09
 2.88784e-09 2.91294e-09 2.93082e-09 2.96175e-09 2.98431e-09 3.00159e-09
 3.08189e-09 3.32862e-09 3.77470e-09 4.27486e-09 4.49921e-09 4.05401e-09
 2.65244e-09 2.41059e-10-2.96172e-09-6.51865e-09-9.89612e-09-1.26010e-08
-1.42622e-08-1.46288e-08-1.35419e-08-1.09575e-08-7.02559e-09-2.15647e-09
 2.99676e-09 7.65489e-09 1.11057e-08 1.29111e-08 1.30277e-08 1.17640e-08
 9.60779e-09 7.04698e-09 4.46670e-09 2.11736e-09 1.26457e-10-1.45842e-09
-2.62507e-09-3.38461e-09-3.77478e-09-3.82681e-09-3.50457e-09-2.71633e-09
-1.48012e-09-3.83459e-10
     0.0000e+00     0.0000e+00      0  0  0.00
     512   1.00000  0.0000e+00
 9.15928e-10 9.86185e-10 1.07044e-09 1.18210e-09 1.31528e-09 1.43294e-09
 1.47065e-09 1.35886e-09 1.05362e-09 5.58943e-10-7.37063e-11-7.69513e-10
-1.46236e-09-2.11443e-09-2.71414e-09-3.25680e-09-3.71731e-09-4.02549e-09
-4.05648e-09-3.64839e-09-2.65125e-09-1.00074e-09 1.20454e-09 3.66507e-09
 5.92182e-09 7.47345e-09 7.92349e-09 7.10307e-09 5.13062e-09 2.39468e-09
-5.32413e-10-3.03042e-09-4.58644e-09-4.92622e-09-4.07940e-09-2.36084e-09
-2.78077e-10 1.61259e-09 2.86836e-09 3.28211e-09 2.90262e-09 1.95011e-09
 6.90824e-10-6.62640e-10-1.99961e-09-3.31007e-09-4.64379e-09-6.05054e-09
-7.53239e-09-9.02741e-09-1.04214e-08-1.15736e-08-1.23461e-08-1.26355e-08
-1.24082e-08-1.17327e-08-1.07997e-08-9.90920e-09-9.41013e-09-9.58931e-09
-1.05237e-08-1.19174e-08-1.29560e-08-1.22383e-08-7.87983e-09 2.09936e-09
 1.90319e-08 4.25458e-08 6.93921e-08 9.27239e-08 1.04398e-07 1.00887e-07
 8.38732e-08 5.42551e-08 1.39662e-08-2.84856e-08-6.23628e-08-7.97901e-08
-7.62792e-08-5.26163e-08-1.57167e-08 2.27145e-08 4.92685e-08 5.53362e-08
 4.26029e-08 2.19959e-08 6.93669e-09 4.90408e-09 1.20252e-08 1.55454e-08
 3.68661e-09-2.50683e-08-6.15813e-08-9.43034e-08-1.16600e-07-1.26642e-07
-1.24366e-07-1.12004e-07-9.64916e-08-8.70365e-08-8.89487e-08-1.02814e-07
-1.28972e-07-1.66269e-07-2.03532e-07-2.18876e-07-1.92248e-07-1.12668e-07
 2.64842e-08 2.25447e-07 4.67577e-07 7.16477e-07 9.19227e-07 1.01197e-06
 9.37143e-07 6.69567e-07 2.35790e-07-2.81915e-07-7.60548e-07-1.07183e-06
-1.12873e-06-9.23151e-07-5.35988e-07-1.10466e-07 2.05609e-07 3.24785e-07
 2.58377e-07 1.03908e-07-1.56282e-08-2.66151e-08 5.43643e-08 1.44148e-07
 1.65223e-07 1.08504e-07 3.23195e-08-7.34330e-10 1.56765e-08 3.73616e-08
 2.88801e-08 8.57481e-10-1.60716e-08-1.46991e-08-1.09193e-08-1.31096e-08
-1.46660e-08-1.20501e-08-9.66043e-09-8.57732e-09-6.05243e-09-3.10609e-09
-1.88319e-09-9.17431e-10 7.19428e-10 1.56261e-09 1.77857e-09 2.39112e-09
 2.64019e-09 2.26779e-09 2.13056e-09 1.93912e-09 1.35536e-09 9.92929e-10
 7.63362e-10 3.61398e-10 1.84379e-10 1.79286e-10 1.19505e-10 2.59559e-10
 4.72653e-10 5.56855e-10 6.99872e-10 8.02547e-10 7.81307e-10 8.07088e-10
 8.14098e-10 8.03996e-10 8.48420e-10 8.02609e-10 6.67661e-10 4.72365e-10
 1.37833e-10-2.57959e-10-6.63675e-10-1.06444e-09-1.39303e-09-1.68350e-09
-1.94206e-09-2.14477e-09-2.30160e-09-2.37376e-09-2.37139e-09-2.30953e-09
-2.16313e-09-1.95182e-09-1.67638e-09-1.32189e-09-8.91151e-10-4.04824e-10
 9.89129e-11 6.02010e-10 1.07246e-09 1.47639e-09 1.81393e-09 2.08849e-09
 2.30537e-09 2.46901e-09 2.55715e-09 2.51933e-09 2.33836e-09 2.06234e-09
 1.74306e-09 1.39539e-09 1.01340e-09 5.94723e-10 1.51771e-10-2.85705e-10
-6.84540e-10-1.03822e-09-1.36338e-09-1.66177e-09-1.90857e-09-2.06874e-09
-2.11050e-09-2.03329e-09-1.87349e-09-1.65181e-09-1.36425e-09-1.02624e-09
-6.67293e-10-3.06155e-10 5.78120e-11 4.41851e-10 8.35009e-10 1.18608e-09
 1.45581e-09 1.62603e-09 1.68519e-09 1.63709e-09 1.48442e-09 1.22392e-09
 8.72329e-10 4.61847e-10 2.92950e-11-3.92718e-10-8.06910e-10-1.23395e-09
-1.65837e-09-2.03183e-09-2.30537e-09-2.45036e-09-2.46522e-09-2.35016e-09
-2.09640e-09-1.71158e-09-1.22370e-09-6.59432e-10-3.92197e-11 6.12907e-10
 1.27349e-09 1.92705e-09 2.55319e-09 3.11497e-09 3.56482e-09 3.86201e-09
 3.99123e-09 3.95410e-09 3.75236e-09 3.40036e-09 2.92437e-09 2.33315e-09
 1.62274e-09 8.04763e-10-9.36204e-11-1.03499e-09-1.97213e-09-2.85737e-09
-3.63241e-09-4.21845e-09-4.55090e-09-4.60801e-09-4.38925e-09-3.90300e-09
-3.18288e-09-2.27738e-09-1.23627e-09-1.39424e-10 8.93449e-10 1.75079e-09
 2.36687e-09 2.71723e-09 2.81861e-09 2.73883e-09 2.58168e-09 2.46765e-09
 2.51704e-09 2.79311e-09 3.24784e-09 3.74132e-09 4.08941e-09 4.08386e-09
 3.52441e-09 2.27993e-09 3.28613e-10-2.21656e-09-5.07576e-09-7.82435e-09
-9.98896e-09-1.11414e-08-1.09559e-08-9.27402e-09-6.18546e-09-2.06477e-09
 2.46024e-09 6.61460e-09 9.66419e-09 1.10946e-08 1.06954e-08 8.58594e-09
 5.19142e-09 1.15675e-09-2.76563e-09-5.86403e-09-7.64193e-09-7.92274e-09
-6.85951e-09-4.87355e-09-2.52478e-09-3.72274e-10 1.14655e-09 1.83733e-09
 1.79564e-09 1.34104e-09 8.95965e-10 8.24374e-10 1.29288e-09 2.23500e-09
 3.37970e-09 4.33261e-09 4.71534e-09 4.28839e-09 3.03528e-09 1.19940e-09
-7.85902e-10-2.44309e-09-3.39356e-09-3.47375e-09-2.78231e-09-1.63187e-09
-4.48462e-10 3.59861e-10 5.44643e-10 1.00397e-10-7.42013e-10-1.60145e-09
-2.09491e-09-1.99015e-09-1.28832e-09-2.11247e-10 8.84745e-10 1.64034e-09
 1.82925e-09 1.44096e-09 6.87067e-10-7.41223e-11-4.87632e-10-3.49743e-10
 3.18907e-10 1.28225e-09 2.17898e-09 2.66701e-09 2.55410e-09 1.87052e-09
 8.59523e-10-1.24844e-10-7.62811e-10-8.89940e-10-5.61507e-10-2.75181e-11
 3.80808e-10 3.91646e-10-9.57288e-11-9.67294e-10-1.94339e-09-2.69696e-09
-2.98822e-09-2.76511e-09-2.18283e-09-1.52225e-09-1.05048e-09-8.99105e-10
-1.00674e-09-1.14724e-09-1.03962e-09-4.88141e-10 5.13112e-10 1.75748e-09
 2.90431e-09 3.62650e-09 3.74948e-09 3.31948e-09 2.57649e-09 1.83807e-09
 1.34923e-09 1.17798e-09 1.20204e-09 1.18537e-09 9.05740e-10 2.71334e-10
-6.28612e-10-1.56590e-09-2.29006e-09-2.65633e-09-2.69243e-09-2.56994e-09
-2.50156e-09-2.62002e-09-2.89938e-09-3.15694e-09-3.13673e-09-2.63901e-09
-1.63089e-09-2.75909e-10 1.13149e-09 2.28984e-09 3.01542e-09 3.30816e-09
 3.32224e-09 3.26166e-09 3.26417e-09 3.33402e-09 3.35481e-09 3.16922e-09
 2.67756e-09 1.90457e-09 9.99145e-10 1.57849e-10-4.88482e-10-9.50684e-10
-1.36742e-09-1.91163e-09-2.67356e-09-3.58498e-09-4.42647e-09-4.91853e-09
-4.85415e-09-4.20169e-09-3.11798e-09-1.86537e-09-6.83580e-10 3.13969e-10
 1.16509e-09 1.99082e-09 2.87547e-09 3.77676e-09 4.53007e-09 4.94114e-09
 4.89942e-09 4.43872e-09 3.71501e-09 2.91908e-09 2.17122e-09 1.45972e-09
 6.70000e-10-3.06484e-10-1.45873e-09-2.62395e-09-3.56632e-09-4.11623e-09
-4.27938e-09-4.24587e-09-4.28743e-09-4.59859e-09-5.17778e-09-5.81755e-09
-6.19868e-09-6.02280e-09-5.11278e-09-3.44581e-09-1.12287e-09 1.69094e-09
 4.79644e-09 7.92474e-09 1.06763e-08 1.25279e-08 1.29601e-08 1.16620e-08
 8.69759e-09 4.54106e-09-3.93319e-11-4.19693e-09-7.23605e-09-8.76542e-09
-8.73067e-09-7.35105e-09-5.02530e-09-2.25493e-09 4.13847e-10 2.45636e-09
 3.46681e-09 3.28193e-09 2.07803e-09 3.52635e-10-1.25016e-09-2.19605e-09
-2.25677e-09-1.55268e-09-4.53048e-10 5.90790e-10 1.21062e-09 1.24014e-09
 7.56366e-10 2.05439e-10
