      10
(6e12.5)
     0.0000e+00     0.0000e+00      0  0  0.00
     512   1.00000  0.0000e+00
-4.16153e-09-3.91707e-09-3.46067e-09-2.75941e-09-1.79688e-09-6.03005e-10
 7.34563e-10 2.09347e-09 3.35895e-09 4.45649e-09 5.35973e-09 6.08086e-09
 6.65779e-09 7.13999e-09 7.56839e-09 7.95426e-09 8.27101e-09 8.46589e-09
 8.48393e-09 8.28892e-09 7.86943e-09 7.22966e-09 6.37724e-09 5.32316e-09
 4.09683e-09 2.76050e-09 1.40418e-09 1.15817e-10-1.06179e-09-2.16309e-09
-3.29449e-09-4.58694e-09-6.13234e-09-7.93753e-09-9.91198e-09-1.18879e-08
-1.36665e-08-1.50797e-08-1.60434e-08-1.65724e-08-1.67392e-08-1.66021e-08
-1.61583e-08-1.53564e-08-1.41485e-08-1.25352e-08-1.05718e-08-8.33695e-09
-5.88584e-09-3.21464e-09-2.57917e-10 3.07831e-09 6.86663e-09 1.11180e-08
 1.57688e-08 2.06960e-08 2.57431e-08 3.07444e-08 3.55459e-08 4.00300e-08
 4.41382e-08 4.78772e-08 5.13002e-08 5.44678e-08 5.73880e-08 5.99227e-08
 6.16734e-08 6.19060e-08 5.95916e-08 5.36135e-08 4.30862e-08 2.75756e-08
 7.13997e-09-1.74775e-08-4.44801e-08-7.11760e-08-9.48265e-08-1.13432e-07
-1.26130e-07-1.33369e-07-1.36738e-07-1.38390e-07-1.40389e-07-1.44256e-07
-1.50831e-07-1.60541e-07-1.73972e-07-1.92256e-07-2.16558e-07-2.46363e-07
-2.77123e-07-2.98469e-07-2.94318e-07-2.45871e-07-1.37645e-07 3.62083e-08
 2.71140e-07 5.56442e-07 8.73570e-07 1.18855e-06 1.45596e-06 1.62706e-06
 1.63676e-06 1.40527e-06 8.95914e-07 1.56698e-07-7.11315e-07-1.57648e-06
-2.26230e-06-2.57816e-06-2.39215e-06-1.69686e-06-6.55694e-07 4.22153e-07
 1.20074e-06 1.45941e-06 1.18076e-06 5.50224e-07-1.21002e-07-5.27131e-07
-5.18320e-07-1.79572e-07 2.32927e-07 4.59923e-07 3.99779e-07 1.55836e-07
-6.13735e-08-1.02649e-07 1.41067e-08 1.44133e-07 1.59104e-07 5.94603e-08
-4.57475e-08-6.15804e-08-7.23190e-10 4.70927e-08 2.50054e-08-3.25703e-08
-5.52328e-08-2.71881e-08 2.44718e-09-6.62019e-09-3.45149e-08-3.85191e-08
-1.63038e-08-2.00292e-09-9.88558e-09-1.70252e-08-5.96440e-09 8.34047e-09
 8.26349e-09 2.43831e-09 5.55634e-09 1.17814e-08 9.33499e-09 2.92054e-09
 1.73738e-09 1.80759e-09-2.96645e-09-8.21354e-09-9.80500e-09-1.12333e-08
-1.37015e-08-1.37276e-08-1.12745e-08-8.53275e-09-4.95937e-09-2.07955e-10
 4.28510e-09 7.96475e-09 1.07700e-08 1.20229e-08 1.14124e-08 9.14476e-09
 5.45953e-09 7.91402e-10-4.19351e-09-8.78842e-09-1.23244e-08-1.42465e-08
-1.41922e-08-1.20405e-08-7.99459e-09-2.63845e-09 3.14451e-09 8.39073e-09
 1.22872e-08 1.42964e-08 1.41787e-08 1.20088e-08 8.22256e-09 3.60932e-09
-8.42087e-10-4.19856e-09-5.80912e-09-5.41984e-09-3.18254e-09 3.91205e-10
 4.50860e-09 8.23000e-09 1.06605e-08 1.11565e-08 9.49260e-09 5.93069e-09
 1.15616e-09-3.89711e-09-8.26672e-09-1.11601e-08-1.20987e-08-1.10178e-08
-8.31224e-09-4.77214e-09-1.37790e-09 9.77933e-10 1.72264e-09 7.25449e-10
-1.68025e-09-4.76684e-09-7.59292e-09-9.26611e-09-9.19109e-09-7.21315e-09
-3.64154e-09 8.12837e-10 5.18289e-09 8.49993e-09 1.00976e-08 9.81227e-09
 7.99299e-09 5.36734e-09 2.83963e-09 1.24215e-09 1.08017e-09 2.37380e-09
 4.66012e-09 7.12926e-09 8.85873e-09 9.10910e-09 7.57731e-09 4.48846e-09
 5.05482e-10-3.47036e-09-6.54552e-09-8.09729e-09-7.98086e-09-6.57870e-09
-4.66191e-09-3.11848e-09-2.64269e-09-3.48899e-09-5.37919e-09-7.60401e-09
-9.28052e-09-9.66155e-09-8.38409e-09-5.58426e-09-1.85929e-09 1.91158e-09
 4.84769e-09 6.36394e-09 6.37405e-09 5.31544e-09 3.97593e-09 3.18016e-09
 3.45803e-09 4.83423e-09 6.82073e-09 8.60135e-09 9.33773e-09 8.49258e-09
 6.04344e-09 2.49651e-09-1.29649e-09-4.43988e-09-6.30610e-09-6.74313e-09
-6.09888e-09-5.05993e-09-4.36250e-09-4.47659e-09-5.39779e-09-6.64560e-09
-7.46171e-09-7.12435e-09-5.26408e-09-2.04719e-09 1.86710e-09 5.57456e-09
 8.26258e-09 9.49652e-09 9.34106e-09 8.27236e-09 6.93588e-09 5.86076e-09
 5.23541e-09 4.83059e-09 4.12033e-09 2.55999e-09-1.16329e-10-3.72427e-09
-7.65013e-09-1.10518e-08-1.31670e-08-1.35973e-08-1.24268e-08-1.01294e-08
-7.33176e-09-4.53971e-09-1.94728e-09 5.67495e-10 3.25365e-09 6.23616e-09
 9.35053e-09 1.21250e-08 1.39091e-08 1.41129e-08 1.24672e-08 9.17511e-09
 4.86309e-09 3.60096e-10-3.57556e-09-6.46551e-09-8.19384e-09-8.92801e-09
-8.90256e-09-8.19912e-09-6.68918e-09-4.18970e-09-7.15006e-10 3.35508e-09
 7.29013e-09 1.01895e-08 1.12618e-08 1.01152e-08 6.93427e-09 2.43235e-09
-2.41008e-09-6.68289e-09-9.78416e-09-1.14711e-08-1.17658e-08-1.08129e-08
-8.76108e-09-5.72155e-09-1.83953e-09 2.54718e-09 6.78802e-09 9.98544e-09
 1.12872e-08 1.02670e-08 7.16644e-09 2.85171e-09-1.49048e-09-4.76145e-09
-6.27464e-09-5.88213e-09-3.90532e-09-9.43669e-10 2.34194e-09 5.38347e-09
 7.75231e-09 9.11722e-09 9.19032e-09 7.75456e-09 4.80652e-09 7.30804e-10
-3.65424e-09-7.28374e-09-9.21093e-09-8.96994e-09-6.76274e-09-3.38848e-09
 5.22870e-11 2.54900e-09 3.50318e-09 2.85341e-09 9.73529e-10-1.55733e-09
-4.15614e-09-6.32591e-09-7.66369e-09-7.86163e-09-6.75595e-09-4.42492e-09
-1.27741e-09 1.95881e-09 4.41245e-09 5.37813e-09 4.62693e-09 2.54649e-09
 7.96585e-12-1.99003e-09-2.71959e-09-1.97892e-09-1.09087e-10 2.21214e-09
 4.27522e-09 5.57607e-09 5.89765e-09 5.27357e-09 3.91649e-09 2.15689e-09
 4.01528e-10-9.03169e-10-1.35572e-09-7.67233e-10 6.65363e-10 2.33628e-09
 3.43739e-09 3.31034e-09 1.76194e-09-8.16861e-10-3.59198e-09-5.62876e-09
-6.27658e-09-5.41363e-09-3.44675e-09-1.09618e-09 8.97087e-10 1.99653e-09
 1.96571e-09 8.66156e-10-9.75783e-10-3.00901e-09-4.54429e-09-4.93496e-09
-3.82520e-09-1.34908e-09 1.85114e-09 4.83495e-09 6.72633e-09 7.06908e-09
 6.00612e-09 4.18748e-09 2.44913e-09 1.43688e-09 1.37597e-09 2.07713e-09
 3.11424e-09 4.03323e-09 4.49148e-09 4.31393e-09 3.50748e-09 2.26026e-09
 9.01415e-10-2.13045e-10-8.65996e-10-1.11348e-09-1.29925e-09-1.90892e-09
-3.30456e-09-5.47069e-09-7.93640e-09-9.95664e-09-1.08710e-08-1.04329e-08
-8.91939e-09-6.97655e-09-5.31883e-09-4.45807e-09-4.56798e-09-5.47747e-09
-6.74079e-09-7.75911e-09-7.94862e-09-6.92908e-09-4.67690e-09-1.57348e-09
 1.70589e-09 4.45700e-09 6.25878e-09 7.15693e-09 7.59022e-09 8.08946e-09
 8.94040e-09 1.00350e-08 1.09985e-08 1.14731e-08 1.13428e-08 1.07703e-08
 1.00725e-08 9.54312e-09 9.31689e-09 9.31552e-09 9.27492e-09 8.82674e-09
 7.61165e-09 5.41128e-09 2.27530e-09-1.41351e-09-5.00815e-09-7.82664e-09
-9.46363e-09-1.00062e-08-9.98533e-09-1.00624e-08-1.06474e-08-1.16900e-08
-1.27358e-08-1.31625e-08-1.24371e-08-1.02879e-08-6.77268e-09-2.27568e-09
 2.54417e-09 6.84988e-09 9.77285e-09 1.06114e-08 9.09958e-09 5.76018e-09
 2.28866e-09 4.08339e-10
     0.0000e+00     0.0000e+00      0  0  0.00
     512   1.00000  0.0000e+00
-1.04033e-09-1.01629e-09-9.19675e-10-7.34601e-10-4.65837e-10-1.44271e-10
 1.77240e-10 4.38080e-10 5.89292e-10 6.09296e-10 5.09202e-10 3.26672e-10
 1.10747e-10-9.83504e-11-2.87244e-10-4.74428e-10-6.93698e-10-9.56361e-10
-1.20238e-09-1.25989e-09-8.39087e-10 4.15046e-10 2.79685e-09 6.34930e-09
 1.06821e-08 1.49387e-08 1.79966e-08 1.88191e-08 1.67907e-08 1.19211e-08
 4.87256e-09-3.18956e-09-1.08746e-08-1.68836e-08-2.02819e-08-2.06783e-08
-1.82856e-08-1.38500e-08-8.45533e-09-3.23854e-09 9.09927e-10 3.53832e-09
 4.62640e-09 4.42583e-09 3.29141e-09 1.58646e-09-3.52687e-10-2.22815e-09
-3.78522e-09-4.82160e-09-5.20533e-09-4.89599e-09-3.96246e-09-2.59116e-09
-1.06933e-09 2.71857e-10 1.14744e-09 1.40630e-09 1.07185e-09 3.16105e-10
-6.13296e-10-1.47279e-09-2.07466e-09-2.29488e-09-2.04347e-09-1.22523e-09
 2.73720e-10 2.55179e-09 5.61001e-09 9.23867e-09 1.29324e-08 1.59697e-08
 1.77177e-08 1.79548e-08 1.69206e-08 1.50663e-08 1.27783e-08 1.03450e-08
 8.07659e-09 6.28975e-09 5.13224e-09 4.47969e-09 4.08693e-09 3.98789e-09
 4.89505e-09 8.19287e-09 1.52582e-08 2.62257e-08 3.86908e-08 4.70263e-08
 4.29081e-08 1.73152e-08-3.61422e-08-1.16999e-07-2.13618e-07-3.01576e-07
-3.49687e-07-3.33272e-07-2.45188e-07-9.91842e-08 7.10097e-08 2.22333e-07
 3.27443e-07 3.90027e-07 4.29743e-07 4.55044e-07 4.48685e-07 3.76868e-07
 2.18489e-07-1.25989e-08-2.71266e-07-4.94761e-07-6.12574e-07-5.67868e-07
-3.56319e-07-4.73203e-08 2.39606e-07 3.86657e-07 3.36783e-07 1.33850e-07
-9.71694e-08-2.26625e-07-1.97632e-07-5.54191e-08 8.85029e-08 1.36615e-07
 7.38595e-08-2.93062e-08-8.18131e-08-4.92646e-08 2.37005e-08 6.36774e-08
 4.08019e-08-8.41157e-09-2.76959e-08-3.26262e-09 2.75200e-08 2.64134e-08
-4.17772e-10-1.63730e-08-4.66200e-09 1.31630e-08 1.17033e-08-3.11597e-09
-7.40064e-09 3.35831e-09 1.06457e-08 4.45610e-09-3.01319e-09-6.91041e-10
 3.84610e-09 7.39235e-10-4.68671e-09-3.81227e-09-4.84297e-10-1.71862e-09
-4.54087e-09-3.96797e-09-2.83715e-09-4.14734e-09-4.74248e-09-2.82622e-09
-1.03124e-09 4.67249e-11 1.92511e-09 3.74385e-09 4.26562e-09 4.12403e-09
 3.59455e-09 2.37965e-09 9.20920e-10-3.55748e-10-1.46377e-09-2.32884e-09
-2.87053e-09-3.12051e-09-3.06683e-09-2.67670e-09-1.96761e-09-1.00518e-09
 9.67679e-11 1.19279e-09 2.13596e-09 2.78553e-09 3.00956e-09 2.71752e-09
 1.92007e-09 7.65101e-10-4.97905e-10-1.60778e-09-2.37313e-09-2.69421e-09
-2.53151e-09-1.88340e-09-8.13186e-10 5.08117e-10 1.80786e-09 2.78741e-09
 3.22404e-09 3.03596e-09 2.28238e-09 1.12343e-09-2.17665e-10-1.47998e-09
-2.39776e-09-2.75591e-09-2.45593e-09-1.55900e-09-2.80328e-10 1.06249e-09
 2.12993e-09 2.64897e-09 2.48365e-09 1.66925e-09 4.05622e-10-9.88666e-10
-2.15653e-09-2.79981e-09-2.76195e-09-2.06519e-09-8.96682e-10 4.40262e-10
 1.59380e-09 2.24364e-09 2.19212e-09 1.44258e-09 2.13955e-10-1.13128e-09
-2.20671e-09-2.71395e-09-2.51795e-09-1.67877e-09-4.36012e-10 8.56446e-10
 1.83256e-09 2.22356e-09 1.94040e-09 1.09903e-09-2.29329e-11-1.07571e-09
-1.73745e-09-1.80311e-09-1.24816e-09-2.48735e-10 8.62521e-10 1.70593e-09
 1.99213e-09 1.62775e-09 7.45371e-10-3.54085e-10-1.32098e-09-1.88013e-09
-1.90431e-09-1.42963e-09-6.30299e-10 2.34923e-10 8.94207e-10 1.14120e-09
 9.09265e-10 3.12695e-10-3.80903e-10-8.51689e-10-8.63378e-10-3.71246e-10
 4.57286e-10 1.32596e-09 1.94847e-09 2.16602e-09 1.99101e-09 1.56885e-09
 1.09117e-09 7.13320e-10 5.12130e-10 4.82966e-10 5.55763e-10 6.18403e-10
 5.49453e-10 2.62649e-10-2.47686e-10-8.85902e-10-1.48113e-09-1.85757e-09
-1.91835e-09-1.69821e-09-1.35156e-09-1.07627e-09-1.00784e-09-1.13796e-09
-1.30485e-09-1.26713e-09-8.27233e-10 5.56813e-11 1.21956e-09 2.34827e-09
 3.10054e-09 3.26133e-09 2.84190e-09 2.07815e-09 1.32347e-09 8.80068e-10
 8.45778e-10 1.05560e-09 1.15651e-09 7.86994e-10-2.24849e-10-1.74654e-09
-3.37401e-09-4.60086e-09-5.04082e-09-4.59255e-09-3.46947e-09-2.08920e-09
-8.85213e-10-1.32070e-10 1.43917e-10 1.43206e-10 1.76698e-10 5.03147e-10
 1.19160e-09 2.07257e-09 2.80086e-09 3.00523e-09 2.46478e-09 1.23361e-09
-3.53435e-10-1.81070e-09-2.70759e-09-2.84079e-09-2.28498e-09-1.31166e-09
-2.37414e-10 7.12365e-10 1.46248e-09 2.05733e-09 2.57138e-09 3.01482e-09
 3.29027e-09 3.22660e-09 2.66837e-09 1.57298e-09 7.11090e-11-1.53859e-09
-2.86891e-09-3.57877e-09-3.51172e-09-2.76614e-09-1.64557e-09-5.09493e-10
 3.84300e-10 9.51182e-10 1.23718e-09 1.31675e-09 1.21549e-09 9.05618e-10
 3.62246e-10-3.67789e-10-1.13221e-09-1.69713e-09-1.82265e-09-1.36560e-09
-3.67739e-10 9.21178e-10 2.11717e-09 2.85143e-09 2.92212e-09 2.36763e-09
 1.42302e-09 3.89135e-10-5.00693e-10-1.13666e-09-1.49864e-09-1.58504e-09
-1.37007e-09-8.26749e-10-2.82829e-13 9.30723e-10 1.66763e-09 1.89202e-09
 1.41139e-09 2.78918e-10-1.18562e-09-2.50520e-09-3.23983e-09-3.16525e-09
-2.34690e-09-1.08207e-09 2.46303e-10 1.31822e-09 1.95227e-09 2.09386e-09
 1.76305e-09 1.01987e-09-2.60220e-11-1.17721e-09-2.13437e-09-2.55918e-09
-2.21101e-09-1.08622e-09 5.29047e-10 2.14042e-09 3.23603e-09 3.49405e-09
 2.89875e-09 1.71183e-09 3.32241e-10-8.68085e-10-1.65179e-09-1.93544e-09
-1.74345e-09-1.15395e-09-2.85777e-10 6.78797e-10 1.48966e-09 1.88780e-09
 1.71751e-09 1.02452e-09 6.39890e-11-8.05741e-10-1.29453e-09-1.32119e-09
-1.03475e-09-7.01327e-10-5.33168e-10-5.67407e-10-6.62708e-10-6.10155e-10
-2.83228e-10 2.76728e-10 8.91451e-10 1.35338e-09 1.52510e-09 1.37250e-09
 9.33151e-10 2.69819e-10-5.36352e-10-1.34767e-09-1.94221e-09-2.05892e-09
-1.52082e-09-3.72624e-10 1.06257e-09 2.27293e-09 2.77242e-09 2.33001e-09
 1.08093e-09-5.44725e-10-2.02648e-09-2.96721e-09-3.20718e-09-2.80771e-09
-1.95640e-09-8.79101e-10 1.95525e-10 1.04342e-09 1.47181e-09 1.37774e-09
 8.08393e-10-2.77557e-11-8.33186e-10-1.35459e-09-1.49654e-09-1.33485e-09
-1.01982e-09-6.44549e-10-1.78531e-10 4.83455e-10 1.39203e-09 2.43257e-09
 3.32404e-09 3.73481e-09 3.44301e-09 2.45468e-09 1.02609e-09-4.18145e-10
-1.43349e-09-1.70599e-09-1.14976e-09 7.10074e-11 1.59202e-09 2.95710e-09
 3.75722e-09 3.75383e-09 2.94158e-09 1.53038e-09-1.43075e-10-1.73030e-09
-2.95425e-09-3.63992e-09-3.72001e-09-3.24240e-09-2.36983e-09-1.34660e-09
-4.29583e-10 1.86050e-10 4.04855e-10 2.13694e-10-3.65688e-10-1.29341e-09
-2.46165e-09-3.62084e-09-4.37172e-09-4.28153e-09-3.10012e-09-9.63273e-10
 1.56619e-09 3.69259e-09 4.73478e-09 4.43837e-09 3.09168e-09 1.41091e-09
 2.80173e-10-1.80342e-11
     0.0000e+00     0.0000e+00      0  0  0.00
     512   1.00000  0.0000e+00
-2.50448e-09-2.28664e-09-1.94965e-09-1.51748e-09-1.02765e-09-5.19719e-10
-2.19097e-11 4.56098e-10 9.18402e-10 1.37015e-09 1.80732e-09 2.21580e-09
 2.57816e-09 2.88196e-09 3.12505e-09 3.31686e-09 3.47428e-09 3.61098e-09
 3.72520e-09 3.79703e-09 3.79932e-09 3.71529e-09 3.55186e-09 3.34517e-09
 3.15936e-09 3.07341e-09 3.15170e-09 3.40907e-09 3.79109e-09 4.18323e-09
 4.44806e-09 4.47462e-09 4.21968e-09 3.72567e-09 3.10928e-09 2.52243e-09
 2.09731e-09 1.89644e-09 1.89112e-09 1.97932e-09 2.03149e-09 1.93721e-09
 1.62912e-09 1.08173e-09 2.99078e-10-6.97850e-10-1.88488e-09-3.25119e-09
-4.81129e-09-6.60075e-09-8.65175e-09-1.09577e-08-1.34443e-08-1.59633e-08
-1.83194e-08-2.03278e-08-2.19033e-08-2.31647e-08-2.45227e-08-2.66986e-08
-3.06211e-08-3.71565e-08-4.66630e-08-5.84184e-08-7.00720e-08-7.73749e-08
-7.45018e-08-5.52568e-08-1.53436e-08 4.46575e-08 1.18321e-07 1.96721e-07
 2.69292e-07 3.17766e-07 3.18593e-07 2.59667e-07 1.49012e-07 8.55608e-09
-1.31846e-07-2.39980e-07-2.91910e-07-2.80987e-07-2.20151e-07-1.37978e-07
-6.76909e-08-3.13307e-08-2.84467e-08-3.86458e-08-3.76470e-08-1.53916e-08
 1.77256e-08 4.07208e-08 3.95208e-08 1.85034e-08-3.15501e-09-6.33229e-09
 1.51632e-08 5.06803e-08 7.89751e-08 8.36393e-08 6.51789e-08 3.65928e-08
 9.94465e-09-8.16113e-09-1.02596e-08 1.27048e-08 6.20791e-08 1.27769e-07
 1.92318e-07 2.33347e-07 2.29501e-07 1.71603e-07 6.73989e-08-6.08190e-08
-1.82575e-07-2.71237e-07-3.13633e-07-3.11144e-07-2.76179e-07-2.25422e-07
-1.71138e-07-1.14972e-07-4.91695e-08 3.34055e-08 1.26761e-07 2.06573e-07
 2.39553e-07 2.05749e-07 1.18693e-07 2.44795e-08-2.58527e-08-1.38916e-08
 3.03675e-08 5.43145e-08 3.13450e-08-1.51935e-08-4.04082e-08-2.84322e-08
-5.38515e-09-1.05357e-09-1.30286e-08-1.94142e-08-1.33060e-08-6.17648e-09
-4.66789e-09-3.92103e-09-1.18924e-09 5.87545e-10 1.09089e-09 2.36660e-09
 3.55806e-09 3.53362e-09 3.53176e-09 3.74243e-09 3.12586e-09 2.30768e-09
 1.94828e-09 1.28476e-09 3.43734e-10-3.00006e-10-1.09506e-09-2.18343e-09
-3.06436e-09-3.84854e-09-4.59514e-09-4.97562e-09-5.11266e-09-5.10220e-09
-4.77792e-09-4.28031e-09-3.67162e-09-2.86502e-09-2.02319e-09-1.22107e-09
-4.65774e-10 1.09285e-10 5.37832e-10 8.73264e-10 1.07097e-09 1.18874e-09
 1.25312e-09 1.26739e-09 1.28475e-09 1.30714e-09 1.38294e-09 1.56288e-09
 1.81025e-09 2.10201e-09 2.38155e-09 2.56748e-09 2.62848e-09 2.53962e-09
 2.28856e-09 1.88562e-09 1.37929e-09 8.48344e-10 3.57113e-10-1.63554e-11
-2.22677e-10-2.95680e-10-2.79813e-10-1.82983e-10-2.67741e-11 1.16061e-10
 1.79451e-10 1.44994e-10 2.28882e-11-1.42479e-10-2.96892e-10-4.33842e-10
-5.73429e-10-6.87084e-10-7.02772e-10-5.86561e-10-3.82326e-10-1.88823e-10
-1.07852e-10-1.70786e-10-3.15165e-10-4.79811e-10-6.89779e-10-9.88483e-10
-1.32975e-09-1.58256e-09-1.62305e-09-1.43155e-09-1.11628e-09-8.22867e-10
-6.19682e-10-4.74370e-10-3.27729e-10-1.79998e-10-8.12119e-11-3.76268e-11
 2.86750e-11 2.22534e-10 5.86167e-10 1.04141e-09 1.43548e-09 1.66666e-09
 1.73973e-09 1.71141e-09 1.62308e-09 1.47536e-09 1.25452e-09 9.83638e-10
 7.23400e-10 5.19581e-10 3.61887e-10 1.84115e-10-8.32079e-11-4.44373e-10
-8.42152e-10-1.21965e-09-1.54919e-09-1.82212e-09-2.03220e-09-2.16036e-09
-2.18475e-09-2.10846e-09-1.95922e-09-1.76983e-09-1.56698e-09-1.35826e-09
-1.12870e-09-8.63827e-10-5.61525e-10-2.18463e-10 1.67981e-10 5.83450e-10
 9.99203e-10 1.38189e-09 1.69653e-09 1.91798e-09 2.04367e-09 2.08676e-09
 2.06311e-09 1.99486e-09 1.91041e-09 1.81818e-09 1.69536e-09 1.51830e-09
 1.28001e-09 9.82558e-10 6.51910e-10 3.38673e-10 6.86522e-11-1.71320e-10
-3.93326e-10-6.12844e-10-8.74079e-10-1.20793e-09-1.59034e-09-1.96347e-09
-2.24778e-09-2.34956e-09-2.22311e-09-1.90224e-09-1.44441e-09-9.01796e-10
-3.56177e-10 8.28121e-11 3.23471e-10 3.19001e-10 8.38564e-11-3.06110e-10
-7.74037e-10-1.30317e-09-1.89164e-09-2.45219e-09-2.80225e-09-2.75641e-09
-2.22523e-09-1.26343e-09-3.70700e-11 1.27716e-09 2.55281e-09 3.67946e-09
 4.52489e-09 4.97326e-09 5.00188e-09 4.70388e-09 4.21635e-09 3.62552e-09
 2.93935e-09 2.13870e-09 1.25940e-09 4.12471e-10-3.02550e-10-8.80039e-10
-1.38349e-09-1.86406e-09-2.30271e-09-2.62055e-09-2.75824e-09-2.73274e-09
-2.60630e-09-2.42074e-09-2.16369e-09-1.79745e-09-1.32939e-09-8.35793e-10
-4.12647e-10-1.21968e-10 3.22289e-11 9.31302e-11 1.02684e-10 7.36418e-11
 1.92475e-11-1.52926e-11 4.14123e-11 2.57324e-10 6.56822e-10 1.20247e-09
 1.82073e-09 2.43289e-09 2.96317e-09 3.34153e-09 3.50984e-09 3.43621e-09
 3.13910e-09 2.68927e-09 2.17693e-09 1.67542e-09 1.21588e-09 7.78996e-10
 3.20841e-10-1.89342e-10-7.54410e-10-1.35000e-09-1.93311e-09-2.46196e-09
-2.90786e-09-3.25416e-09-3.49790e-09-3.64549e-09-3.70044e-09-3.66121e-09
-3.52368e-09-3.27911e-09-2.92023e-09-2.45266e-09-1.89982e-09-1.30519e-09
-7.25531e-10-2.07853e-10 2.31448e-10 6.11232e-10 9.78418e-10 1.38819e-09
 1.87665e-09 2.44094e-09 3.02931e-09 3.54304e-09 3.86111e-09 3.88479e-09
 3.58244e-09 3.01345e-09 2.31198e-09 1.63340e-09 1.09553e-09 7.42388e-10
 5.38756e-10 3.96629e-10 2.19848e-10-5.68943e-11-4.46047e-10-9.08412e-10
-1.38203e-09-1.81954e-09-2.20555e-09-2.54788e-09-2.85300e-09-3.10216e-09
-3.25087e-09-3.25218e-09-3.08083e-09-2.74736e-09-2.30316e-09-1.83051e-09
-1.41680e-09-1.12441e-09-9.66857e-10-9.02331e-10-8.54325e-10-7.49477e-10
-5.46805e-10-2.43297e-10 1.38396e-10 5.67506e-10 1.01939e-09 1.48355e-09
 1.96532e-09 2.47739e-09 3.01727e-09 3.54339e-09 3.97607e-09 4.23383e-09
 4.28390e-09 4.17154e-09 4.00583e-09 3.90901e-09 3.95703e-09 4.13972e-09
 4.35778e-09 4.45670e-09 4.28410e-09 3.75132e-09 2.87208e-09 1.75117e-09
 5.26915e-10-6.92900e-10-1.85936e-09-2.96358e-09-3.99610e-09-4.92367e-09
-5.69920e-09-6.28907e-09-6.69400e-09-6.95193e-09-7.12190e-09-7.25083e-09
-7.33423e-09-7.29769e-09-7.02419e-09-6.42011e-09-5.47773e-09-4.28709e-09
-2.98588e-09-1.68323e-09-4.11935e-10 8.61358e-10 2.18523e-09 3.57259e-09
 4.97539e-09 6.28923e-09 7.38529e-09 8.15843e-09 8.56542e-09 8.62257e-09
 8.35708e-09 7.75331e-09 6.75524e-09 5.33895e-09 3.59726e-09 1.75849e-09
 1.13721e-10-1.09918e-09-1.78129e-09-1.98887e-09-1.88837e-09-1.68461e-09
-1.55640e-09-1.61716e-09-1.90883e-09-2.42587e-09-3.14055e-09-3.99739e-09
-4.88062e-09-5.59516e-09-5.90286e-09-5.60958e-09-4.64443e-09-3.07747e-09
-1.08636e-09 1.07540e-09 3.08100e-09 4.53440e-09 5.03094e-09 4.30519e-09
 2.46197e-09 6.52808e-10
     0.0000e+00     0.0000e+00      0  0  0.00
     512   1.00000  0.0000e+00
 2.58171e-09 2.35716e-09 1.93966e-09 1.29726e-09 4.27803e-10-6.13578e-10
-1.70856e-09-2.70306e-09-3.46095e-09-3.92016e-09-4.11811e-09-4.16862e-09
-4.20915e-09-4.35504e-09-4.67989e-09-5.21214e-09-5.92903e-09-6.73660e-09
-7.44035e-09-7.72882e-09-7.20227e-09-5.46883e-09-2.30276e-09 2.17703e-09
 7.39344e-09 1.23656e-08 1.59563e-08 1.72046e-08 1.56000e-08 1.12233e-08
 4.74494e-09-2.70240e-09-9.75168e-09-1.50898e-08-1.77526e-08-1.73487e-08
-1.41392e-08-8.94451e-09-2.90796e-09 2.81818e-09 7.36962e-09 1.03349e-08
 1.17201e-08 1.17822e-08 1.08761e-08 9.37905e-09 7.65619e-09 6.03231e-09
 4.77087e-09 4.05333e-09 3.94504e-09 4.35863e-09 5.04968e-09 5.67200e-09
 5.89399e-09 5.55013e-09 4.77257e-09 4.02193e-09 3.95617e-09 5.15518e-09
 7.78805e-09 1.13116e-08 1.42672e-08 1.42683e-08 8.33551e-09-6.27484e-09
-3.07272e-08-6.29402e-08-9.60040e-08-1.17683e-07-1.13987e-07-7.83410e-08
-1.86727e-08 4.68752e-08 1.01654e-07 1.37635e-07 1.51649e-07 1.38328e-07
 9.29995e-08 2.17537e-08-5.49305e-08-1.09317e-07-1.20760e-07-8.95677e-08
-3.91693e-08-2.17070e-09 8.41936e-10-2.50485e-08-5.27725e-08-5.30274e-08
-1.66588e-08 3.81879e-08 8.00512e-08 8.68682e-08 5.89314e-08 1.41821e-08
-2.54873e-08-4.42358e-08-3.57005e-08-3.60156e-09 3.66235e-08 6.40188e-08
 7.57745e-08 9.79039e-08 1.55210e-07 2.38451e-07 3.11854e-07 3.39299e-07
 2.88831e-07 1.31348e-07-1.37757e-07-4.80918e-07-8.23698e-07-1.06478e-06
-1.09963e-06-8.64521e-07-3.72021e-07 2.76548e-07 9.05115e-07 1.31370e-06
 1.35494e-06 1.00352e-06 3.84045e-07-2.65614e-07-6.93041e-07-7.52425e-07
-4.81201e-07-8.04292e-08 2.02202e-07 2.25339e-07 3.95634e-08-1.64194e-07
-2.12826e-07-9.10582e-08 6.37814e-08 1.09843e-07 3.99325e-08-3.59629e-08
-3.38137e-08 1.76105e-08 4.29600e-08 2.57045e-08 6.23322e-09 6.13758e-09
 8.99142e-09 4.12591e-09 5.33274e-10 1.01269e-09-9.55277e-10-4.07290e-09
-3.85340e-09-3.25447e-09-4.41921e-09-4.35695e-09-3.25426e-09-3.32699e-09
-3.15112e-09-2.01269e-09-1.54380e-09-1.26307e-09-4.02529e-10-2.47950e-11
 3.95620e-11 4.78455e-10 6.62390e-10 6.95862e-10 1.04404e-09 1.20412e-09
 1.20850e-09 1.33105e-09 1.25289e-09 1.13452e-09 1.16009e-09 1.08308e-09
 1.02465e-09 9.91068e-10 7.96296e-10 6.03621e-10 4.37870e-10 2.75126e-10
 2.36925e-10 2.27087e-10 2.03353e-10 1.87557e-10 1.00600e-10-5.61641e-13
-8.10566e-11-1.58737e-10-2.10011e-10-3.03960e-10-4.64526e-10-6.42243e-10
-7.90773e-10-8.49260e-10-8.34545e-10-7.91339e-10-7.41815e-10-6.97802e-10
-6.28411e-10-5.20213e-10-3.90993e-10-2.59846e-10-1.26838e-10 3.04422e-11
 2.03343e-10 3.51801e-10 4.47591e-10 5.16965e-10 6.36660e-10 8.43618e-10
 1.06291e-09 1.15895e-09 1.08000e-09 9.23732e-10 8.35086e-10 8.48008e-10
 8.36847e-10 6.43207e-10 2.60430e-10-1.29911e-10-3.34317e-10-3.53139e-10
-3.80783e-10-5.93642e-10-9.61295e-10-1.28437e-09-1.40651e-09-1.38096e-09
-1.41811e-09-1.65000e-09-1.97582e-09-2.17285e-09-2.13110e-09-1.95530e-09
-1.84037e-09-1.85455e-09-1.87615e-09-1.74382e-09-1.42687e-09-1.04807e-09
-7.53779e-10-5.58823e-10-3.40706e-10 1.27469e-11 4.83641e-10 9.46772e-10
 1.29352e-09 1.52826e-09 1.73295e-09 1.95760e-09 2.17203e-09 2.30431e-09
 2.30952e-09 2.21224e-09 2.08147e-09 1.96134e-09 1.83548e-09 1.65478e-09
 1.38946e-09 1.06132e-09 7.27758e-10 4.32081e-10 1.83086e-10-2.58865e-11
-2.03432e-10-3.49016e-10-4.43685e-10-4.71319e-10-4.39623e-10-3.67643e-10
-2.67153e-10-1.32581e-10 6.02824e-11 3.35888e-10 6.95191e-10 1.10925e-09
 1.52840e-09 1.89693e-09 2.16486e-09 2.29114e-09 2.24557e-09 2.01653e-09
 1.61357e-09 1.06613e-09 4.33284e-10-1.92829e-10-7.06132e-10-1.01244e-09
-1.05803e-09-8.52933e-10-4.60877e-10 2.78730e-11 5.01340e-10 8.15931e-10
 8.05248e-10 3.29370e-10-6.41354e-10-1.96605e-09-3.36424e-09-4.51864e-09
-5.15652e-09-5.06665e-09-4.09900e-09-2.20952e-09 4.41039e-10 3.41115e-09
 6.04068e-09 7.66440e-09 7.83706e-09 6.42495e-09 3.56302e-09-4.07635e-10
-4.93618e-09-9.24373e-09-1.24253e-08-1.37132e-08-1.27758e-08-9.85429e-09
-5.63138e-09-9.56385e-10 3.35333e-09 6.58368e-09 8.17708e-09 7.86091e-09
 5.82269e-09 2.76230e-09-3.25509e-10-2.54832e-09-3.43915e-09-3.02739e-09
-1.67993e-09 1.00191e-10 1.77302e-09 2.81375e-09 2.83362e-09 1.76967e-09
 1.41246e-11-1.68651e-09-2.57031e-09-2.21111e-09-6.65020e-10 1.61537e-09
 3.99197e-09 5.84012e-09 6.67663e-09 6.26018e-09 4.68456e-09 2.40250e-09
 1.13689e-10-1.48392e-09-1.98052e-09-1.41860e-09-2.50466e-10 8.69149e-10
 1.35352e-09 9.00283e-10-4.27315e-10-2.24522e-09-3.97661e-09-5.04211e-09
-5.06631e-09-4.02532e-09-2.27903e-09-4.52049e-10 8.15432e-10 1.13210e-09
 5.09873e-10-6.48526e-10-1.72262e-09-2.13567e-09-1.58817e-09-1.71435e-10
 1.67660e-09 3.35234e-09 4.32280e-09 4.32615e-09 3.47415e-09 2.21075e-09
 1.12557e-09 6.99737e-10 1.09728e-09 2.09346e-09 3.17714e-09 3.78026e-09
 3.52697e-09 2.39881e-09 7.43234e-10-8.86593e-10-1.97991e-09-2.28435e-09
-1.90616e-09-1.25601e-09-8.56988e-10-1.09960e-09-2.05508e-09-3.43332e-09
-4.71401e-09-5.39012e-09-5.20146e-09-4.25208e-09-2.96046e-09-1.85829e-09
-1.33141e-09-1.43714e-09-1.88930e-09-2.20999e-09-1.97024e-09-1.00667e-09
 4.89779e-10 2.06214e-09 3.21334e-09 3.65191e-09 3.42941e-09 2.90306e-09
 2.54583e-09 2.69978e-09 3.39784e-09 4.34384e-09 5.06158e-09 5.14171e-09
 4.45790e-09 3.23140e-09 1.91305e-09 9.53289e-10 5.76126e-10 6.70540e-10
 8.62908e-10 7.33270e-10 5.21452e-11-1.09301e-09-2.34762e-09-3.28427e-09
-3.63395e-09-3.43173e-09-2.99558e-09-2.74115e-09-2.93694e-09-3.54750e-09
-4.25576e-09-4.64732e-09-4.44764e-09-3.67609e-09-2.63558e-09-1.74562e-09
-1.30467e-09-1.31880e-09-1.50952e-09-1.49521e-09-1.02624e-09-1.35786e-10
 8.76326e-10 1.62513e-09 1.88656e-09 1.74805e-09 1.55805e-09 1.71155e-09
 2.41491e-09 3.56916e-09 4.82806e-09 5.79027e-09 6.21433e-09 6.13060e-09
 5.78155e-09 5.42817e-09 5.15208e-09 4.79374e-09 4.07540e-09 2.82494e-09
 1.14929e-09-5.57329e-10-1.79115e-09-2.21264e-09-1.84635e-09-1.07062e-09
-4.13223e-10-3.01026e-10-9.09799e-10-2.16830e-09-3.88217e-09-5.88042e-09
-8.06645e-09-1.03248e-08-1.23672e-08-1.36732e-08-1.36166e-08-1.17383e-08
-8.01268e-09-2.95154e-09 2.52334e-09 7.38447e-09 1.08365e-08 1.25218e-08
 1.25047e-08 1.11006e-08 8.71024e-09 5.76559e-09 2.75348e-09 2.16853e-10
-1.34053e-09-1.64927e-09-8.74322e-10 3.54296e-10 1.18893e-09 9.90540e-10
-3.15361e-10-2.16076e-09-3.58516e-09-3.71634e-09-2.30312e-09-1.07696e-10
 9.91578e-10 4.82418e-10
     0.0000e+00     0.0000e+00      0  0  0.00
     512   1.00000  0.0000e+00
 5.28375e-09 4.85343e-09 4.15957e-09 3.20598e-09 2.03309e-09 7.09800e-10
-6.93509e-10-2.12984e-09-3.57008e-09-4.97188e-09-6.25896e-09-7.33517e-09
-8.12379e-09-8.60601e-09-8.83882e-09-8.94243e-09-9.05381e-09-9.25929e-09
-9.54453e-09-9.79875e-09-9.86902e-09-9.62494e-09-9.00196e-09-8.02577e-09
-6.82916e-09-5.64189e-09-4.72596e-09-4.27188e-09-4.30653e-09-4.65750e-09
-4.99723e-09-4.95827e-09-4.27448e-09-2.88841e-09-9.81723e-10 1.08287e-09
 2.89124e-09 4.13379e-09 4.71938e-09 4.79223e-09 4.65280e-09 4.63775e-09
 5.02208e-09 5.96079e-09 7.45427e-09 9.34618e-09 1.13831e-08 1.33287e-08
 1.50778e-08 1.67072e-08 1.84324e-08 2.04822e-08 2.29450e-08 2.56655e-08
 2.82496e-08 3.01735e-08 3.09649e-08 3.04265e-08 2.88650e-08 2.72509e-08
 2.72128e-08 3.07638e-08 3.96924e-08 5.46189e-08 7.38554e-08 9.23861e-08
 1.01454e-07 8.93450e-08 4.39715e-08-4.24887e-08-1.68574e-07-3.20957e-07
-4.72254e-07-5.79104e-07-5.94204e-07-4.93668e-07-2.90883e-07-2.59386e-08
 2.46831e-07 4.67471e-07 5.86273e-07 5.81230e-07 4.66814e-07 2.92223e-07
 1.25974e-07 2.62532e-08 1.12889e-08 5.17246e-08 9.26977e-08 9.13324e-08
 4.43530e-08-1.42765e-08-4.38139e-08-2.91061e-08 1.15802e-08 4.39801e-08
 4.26942e-08 7.93477e-09-4.13616e-08-9.63897e-08-1.68113e-07-2.58316e-07
-3.38089e-07-3.71978e-07-3.55747e-07-3.10058e-07-2.43648e-07-1.49062e-07
-2.27482e-08 1.31745e-07 2.97557e-07 4.29317e-07 4.65966e-07 3.62990e-07
 1.19032e-07-2.03347e-07-4.84646e-07-5.95334e-07-4.55711e-07-8.17501e-08
 4.03566e-07 8.07132e-07 9.45713e-07 7.38823e-07 2.64103e-07-2.64394e-07
-5.98574e-07-5.95519e-07-3.08788e-07 4.15942e-08 2.17496e-07 1.33425e-07
-8.52893e-08-2.20526e-07-1.62032e-07 9.32879e-10 9.39834e-08 5.19847e-08
-3.20732e-08-4.86942e-08-3.58654e-09 2.63687e-08 1.50715e-08-1.07584e-10
 2.10163e-09 4.94817e-09 1.91019e-10-1.52747e-09 1.00702e-10-2.57348e-09
-5.95433e-09-5.17146e-09-4.50001e-09-5.22975e-09-3.76144e-09-1.70505e-09
-1.40599e-09-6.71268e-10 6.11483e-10 8.63966e-10 1.51896e-09 3.01011e-09
 3.92744e-09 4.81041e-09 5.89164e-09 6.22056e-09 6.34496e-09 6.60790e-09
 6.44538e-09 6.25900e-09 6.11813e-09 5.57623e-09 4.99807e-09 4.44408e-09
 3.75286e-09 3.21668e-09 2.65876e-09 1.89952e-09 1.11293e-09 2.02710e-10
-7.41313e-10-1.53838e-09-2.22957e-09-2.72107e-09-3.07482e-09-3.43310e-09
-3.74720e-09-4.04796e-09-4.29548e-09-4.40914e-09-4.43110e-09-4.35737e-09
-4.18757e-09-3.91265e-09-3.53367e-09-3.11941e-09-2.69630e-09-2.30657e-09
-1.97349e-09-1.63212e-09-1.24084e-09-8.15365e-10-3.81500e-10 6.59625e-11
 5.03100e-10 8.51084e-10 1.06288e-09 1.14022e-09 1.13398e-09 1.15414e-09
 1.29234e-09 1.51551e-09 1.70165e-09 1.78678e-09 1.81414e-09 1.86569e-09
 1.97698e-09 2.09113e-09 2.10726e-09 2.01692e-09 1.95780e-09 2.06626e-09
 2.30475e-09 2.47710e-09 2.39232e-09 2.01815e-09 1.50170e-09 1.02345e-09
 6.28390e-10 2.23353e-10-2.76509e-10-8.33491e-10-1.33083e-09-1.71140e-09
-2.04121e-09-2.43783e-09-2.94283e-09-3.44640e-09-3.75568e-09-3.76270e-09
-3.52618e-09-3.19355e-09-2.86885e-09-2.54399e-09-2.14000e-09-1.60583e-09
-9.66493e-10-2.83226e-10 4.20625e-10 1.18203e-09 2.03025e-09 2.90786e-09
 3.68779e-09 4.27101e-09 4.65573e-09 4.91389e-09 5.11652e-09 5.28182e-09
 5.37044e-09 5.31821e-09 5.07764e-09 4.63349e-09 3.99680e-09 3.19889e-09
 2.28837e-09 1.32961e-09 3.84623e-10-5.23675e-10-1.41537e-09-2.31172e-09
-3.20888e-09-4.08405e-09-4.89395e-09-5.57394e-09-6.06441e-09-6.32792e-09
-6.34700e-09-6.14879e-09-5.81407e-09-5.40926e-09-4.92812e-09-4.31430e-09
-3.49763e-09-2.42506e-09-1.11559e-09 3.30136e-10 1.79632e-09 3.18524e-09
 4.39397e-09 5.33251e-09 5.95964e-09 6.25538e-09 6.19573e-09 5.78211e-09
 5.05189e-09 4.07125e-09 2.96886e-09 1.94039e-09 1.17202e-09 7.93145e-10
 8.92827e-10 1.48542e-09 2.43013e-09 3.42379e-09 4.07625e-09 4.03319e-09
 3.14214e-09 1.54625e-09-4.26300e-10-2.46008e-09-4.32089e-09-5.79839e-09
-6.66348e-09-6.70532e-09-5.84946e-09-4.28910e-09-2.47523e-09-9.28821e-10
-4.62088e-11-3.18407e-11-9.08748e-10-2.50565e-09-4.41607e-09-6.03313e-09
-6.73672e-09-6.16124e-09-4.37808e-09-1.85349e-09 8.01210e-10 3.07788e-09
 4.64875e-09 5.33123e-09 5.07678e-09 4.02453e-09 2.55351e-09 1.21903e-09
 5.39544e-10 7.51629e-10 1.69638e-09 2.90873e-09 3.83843e-09 4.06095e-09
 3.39745e-09 1.94017e-09 4.35230e-12-1.95308e-09-3.42955e-09-4.01632e-09
-3.57131e-09-2.32689e-09-8.31685e-10 2.71987e-10 5.20183e-10-1.95971e-10
-1.62546e-09-3.29272e-09-4.67687e-09-5.36607e-09-5.17434e-09-4.20611e-09
-2.83023e-09-1.54859e-09-7.97115e-10-7.56397e-10-1.26096e-09-1.86380e-09
-2.03488e-09-1.39860e-09 1.03199e-10 2.18799e-09 4.34337e-09 6.01805e-09
 6.82018e-09 6.65615e-09 5.76323e-09 4.61546e-09 3.73224e-09 3.47184e-09
 3.89495e-09 4.74256e-09 5.53877e-09 5.79325e-09 5.22139e-09 3.87327e-09
 2.10765e-09 4.24828e-10-7.64362e-10-1.32169e-09-1.42980e-09-1.49320e-09
-1.94063e-09-3.00992e-09-4.61464e-09-6.35796e-09-7.68666e-09-8.12882e-09
-7.52186e-09-6.10993e-09-4.44095e-09-3.11333e-09-2.50688e-09-2.63040e-09
-3.14773e-09-3.55447e-09-3.41755e-09-2.57215e-09-1.18706e-09 3.35661e-10
 1.57927e-09 2.33339e-09 2.69440e-09 2.99114e-09 3.57970e-09 4.62223e-09
 5.97414e-09 7.24004e-09 7.95946e-09 7.82639e-09 6.84700e-09 5.36289e-09
 3.91516e-09 3.00087e-09 2.83815e-09 3.26454e-09 3.83082e-09 4.03970e-09
 3.58466e-09 2.46094e-09 9.21973e-10-6.72546e-10-2.04190e-09-3.11163e-09
-4.01839e-09-4.99190e-09-6.17150e-09-7.46457e-09-8.55551e-09-9.07781e-09
-8.84573e-09-8.00075e-09-6.97004e-09-6.24928e-09-6.14061e-09-6.59220e-09
-7.21111e-09-7.43572e-09-6.79360e-09-5.13385e-09-2.71037e-09-4.53122e-11
 2.35775e-09 4.26084e-09 5.74136e-09 7.03594e-09 8.30713e-09 9.50047e-09
 1.03831e-08 1.07277e-08 1.05103e-08 9.98554e-09 9.58207e-09 9.66444e-09
 1.02856e-08 1.10827e-08 1.14097e-08 1.06638e-08 8.62159e-09 5.56299e-09
 2.09257e-09-1.20801e-09-4.04473e-09-6.43862e-09-8.55452e-09-1.04862e-08
-1.21346e-08-1.32423e-08-1.35683e-08-1.31005e-08-1.21439e-08-1.11912e-08
-1.06349e-08-1.05144e-08-1.04935e-08-1.00994e-08-9.05315e-09-7.44204e-09
-5.60301e-09-3.82319e-09-2.10681e-09-1.81140e-10 2.28711e-09 5.43145e-09
 9.03963e-09 1.25885e-08 1.54495e-08 1.71776e-08 1.77048e-08 1.72802e-08
 1.62010e-08 1.45619e-08 1.22299e-08 9.04242e-09 5.03076e-09 4.92028e-10
-4.10191e-09-8.23764e-09-1.14130e-08-1.31034e-08-1.27718e-08-1.00946e-08
-5.48662e-09-1.40960e-09
     0.0000e+00     0.0000e+00      0  0  0.00
     512   1.00000  0.0000e+00
-3.79495e-09-3.30901e-09-2.55823e-09-1.60555e-09-5.55370e-10 4.77737e-10
 1.40528e-09 2.18826e-09 2.83847e-09 3.40187e-09 3.93272e-09 4.46639e-09
 5.00077e-09 5.49736e-09 5.90291e-09 6.17514e-09 6.29311e-09 6.25000e-09
 6.04377e-09 5.67891e-09 5.17408e-09 4.56050e-09 3.86758e-09 3.10904e-09
 2.28256e-09 1.38229e-09 4.12822e-10-6.03360e-10-1.62666e-09-2.60828e-09
-3.50335e-09-4.28300e-09-4.93698e-09-5.46643e-09-5.87622e-09-6.17401e-09
-6.36943e-09-6.46297e-09-6.42878e-09-6.20994e-09-5.73782e-09-4.96400e-09
-3.88281e-09-2.53276e-09-9.79094e-10 7.13806e-10 2.50672e-09 4.39180e-09
 6.37525e-09 8.44792e-09 1.05634e-08 1.26349e-08 1.45460e-08 1.61657e-08
 1.73689e-08 1.80684e-08 1.82643e-08 1.80945e-08 1.78566e-08 1.79619e-08
 1.87931e-08 2.04741e-08 2.26012e-08 2.40133e-08 2.27041e-08 1.60093e-08
 1.21006e-09-2.33776e-08-5.68950e-08-9.46978e-08-1.29788e-07-1.56437e-07
-1.68772e-07-1.56920e-07-1.14374e-07-4.83486e-08 2.47244e-08 8.82975e-08
 1.27817e-07 1.33280e-07 1.03699e-07 4.91368e-08-1.09671e-08-5.52079e-08
-7.00378e-08-5.49657e-08-2.09155e-08 1.70108e-08 4.84146e-08 7.16410e-08
 8.96655e-08 1.01810e-07 1.00335e-07 7.66803e-08 3.19808e-08-1.63560e-08
-3.83853e-08-8.80559e-09 7.15686e-08 1.69252e-07 2.35858e-07 2.39099e-07
 1.84916e-07 1.11069e-07 5.30306e-08 1.55627e-08-2.14072e-08-7.74319e-08
-1.56712e-07-2.50750e-07-3.44106e-07-4.14157e-07-4.35759e-07-3.95693e-07
-3.01840e-07-1.78818e-07-5.56817e-08 4.69430e-08 1.22783e-07 1.77477e-07
 2.22054e-07 2.64073e-07 2.99591e-07 3.11846e-07 2.79869e-07 1.94736e-07
 7.31544e-08-4.38930e-08-1.11045e-07-1.07608e-07-5.51269e-08-4.81552e-09
 1.13973e-09-3.58169e-08-7.38175e-08-7.36932e-08-3.90697e-08-7.80771e-09
-5.12017e-09-1.74647e-08-1.85808e-08-5.99268e-09 3.70268e-09 4.18372e-09
 3.79204e-09 6.39419e-09 7.47256e-09 6.26305e-09 6.04646e-09 6.13576e-09
 4.63131e-09 3.28229e-09 3.09333e-09 2.43973e-09 1.39993e-09 1.03215e-09
 5.59193e-10-3.17021e-10-7.18530e-10-9.45129e-10-1.43186e-09-1.67983e-09
-1.85915e-09-2.28942e-09-2.52461e-09-2.58943e-09-2.73222e-09-2.70312e-09
-2.61045e-09-2.66796e-09-2.69469e-09-2.73023e-09-2.77050e-09-2.59604e-09
-2.29286e-09-1.91383e-09-1.39042e-09-8.45243e-10-3.16807e-10 1.78366e-10
 5.67394e-10 9.37330e-10 1.32938e-09 1.73094e-09 2.17008e-09 2.57654e-09
 2.91451e-09 3.18442e-09 3.33199e-09 3.35917e-09 3.28080e-09 3.09983e-09
 2.82710e-09 2.47226e-09 2.08468e-09 1.69084e-09 1.29421e-09 9.02496e-10
 4.72187e-10-3.56344e-11-5.90399e-10-1.12317e-09-1.58719e-09-1.96655e-09
-2.25125e-09-2.44986e-09-2.56290e-09-2.57215e-09-2.50398e-09-2.42331e-09
-2.34256e-09-2.19922e-09-1.93589e-09-1.55550e-09-1.10821e-09-6.57815e-10
-2.40845e-10 1.52394e-10 5.33993e-10 8.68521e-10 1.10702e-09 1.24919e-09
 1.34294e-09 1.44888e-09 1.58931e-09 1.70322e-09 1.69977e-09 1.56399e-09
 1.36422e-09 1.17549e-09 1.01947e-09 8.73048e-10 7.33805e-10 6.37829e-10
 6.05180e-10 6.17456e-10 6.35342e-10 6.18401e-10 5.62036e-10 5.08806e-10
 5.10465e-10 5.90126e-10 7.19925e-10 8.38878e-10 9.11214e-10 9.34939e-10
 8.99752e-10 7.83387e-10 5.81933e-10 3.26049e-10 6.29177e-11-1.89433e-10
-4.56248e-10-7.69265e-10-1.13995e-09-1.56229e-09-2.01427e-09-2.45704e-09
-2.84720e-09-3.15125e-09-3.34621e-09-3.41975e-09-3.38202e-09-3.26795e-09
-3.11034e-09-2.90237e-09-2.59920e-09-2.16774e-09-1.61567e-09-9.70905e-10
-2.67740e-10 4.51543e-10 1.14679e-09 1.78074e-09 2.31909e-09 2.75226e-09
 3.09127e-09 3.33468e-09 3.46739e-09 3.46985e-09 3.30276e-09 2.92702e-09
 2.36070e-09 1.67648e-09 9.48232e-10 2.38107e-10-4.00721e-10-9.56569e-10
-1.46006e-09-1.93287e-09-2.37405e-09-2.78275e-09-3.14983e-09-3.45230e-09
-3.67337e-09-3.78775e-09-3.74150e-09-3.49532e-09-3.05587e-09-2.43143e-09
-1.60415e-09-5.63060e-10 6.71659e-10 2.03146e-09 3.36571e-09 4.46471e-09
 5.15434e-09 5.35509e-09 5.06811e-09 4.35922e-09 3.35721e-09 2.22715e-09
 1.13638e-09 2.32569e-10-3.86062e-10-6.74115e-10-5.99102e-10-1.37157e-10
 6.78661e-10 1.72178e-09 2.77554e-09 3.59913e-09 4.03554e-09 4.06001e-09
 3.73650e-09 3.14053e-09 2.31005e-09 1.27279e-09 1.02627e-10-1.08887e-09
-2.19856e-09-3.15920e-09-3.94558e-09-4.54446e-09-4.92512e-09-5.06438e-09
-4.98077e-09-4.73318e-09-4.38584e-09-3.95641e-09-3.41693e-09-2.75896e-09
-2.02615e-09-1.28351e-09-5.73627e-10 1.04258e-10 7.66967e-10 1.40068e-09
 1.96015e-09 2.40194e-09 2.70233e-09 2.85810e-09 2.88388e-09 2.81036e-09
 2.68166e-09 2.54215e-09 2.41341e-09 2.28128e-09 2.10945e-09 1.86719e-09
 1.54796e-09 1.17432e-09 7.87544e-10 4.26767e-10 1.15070e-10-1.51440e-10
-4.11282e-10-7.20291e-10-1.11948e-09-1.61342e-09-2.16255e-09-2.69741e-09
-3.14812e-09-3.45870e-09-3.58661e-09-3.50574e-09-3.21238e-09-2.73445e-09
-2.13722e-09-1.50854e-09-9.31670e-10-4.63997e-10-1.25618e-10 1.01120e-10
 2.60236e-10 4.01943e-10 5.58411e-10 7.26825e-10 8.76881e-10 9.85581e-10
 1.07345e-09 1.20984e-09 1.47840e-09 1.92047e-09 2.49304e-09 3.07193e-09
 3.49522e-09 3.62310e-09 3.39482e-09 2.85955e-09 2.16114e-09 1.48129e-09
 9.64431e-10 6.62035e-10 5.31844e-10 4.89211e-10 4.67931e-10 4.47385e-10
 4.33568e-10 4.17948e-10 3.51135e-10 1.49922e-10-2.70107e-10-9.54903e-10
-1.87931e-09-2.93318e-09-3.94105e-09-4.71883e-09-5.14215e-09-5.18464e-09
-4.90567e-09-4.40706e-09-3.79469e-09-3.16456e-09-2.60405e-09-2.18352e-09
-1.92788e-09-1.79043e-09-1.65837e-09-1.39114e-09-8.68598e-10-2.76833e-11
 1.11974e-09 2.48686e-09 3.93118e-09 5.29426e-09 6.44704e-09 7.30911e-09
 7.82877e-09 7.95470e-09 7.64360e-09 6.90936e-09 5.87049e-09 4.74096e-09
 3.74829e-09 3.02390e-09 2.53651e-09 2.10698e-09 1.49276e-09 5.00170e-10
-9.23791e-10-2.66001e-09-4.46565e-09-6.08434e-09-7.35490e-09-8.24587e-09
-8.79575e-09-9.01820e-09-8.86526e-09-8.28751e-09-7.33418e-09-6.19519e-09
-5.13714e-09-4.37068e-09-3.93255e-09-3.65057e-09-3.21112e-09-2.30273e-09
-7.74257e-10 1.27386e-09 3.52583e-09 5.60311e-09 7.23771e-09 8.34661e-09
 8.96712e-09 9.13582e-09 8.83651e-09 8.06379e-09 6.92808e-09 5.68543e-09
 4.65015e-09 4.05191e-09 3.93034e-09 4.12136e-09 4.33476e-09 4.28638e-09
 3.82810e-09 3.00573e-09 1.99500e-09 9.49524e-10-1.21235e-10-1.33917e-09
-2.82423e-09-4.56943e-09-6.43954e-09-8.27615e-09-9.98473e-09-1.15075e-08
-1.27128e-08-1.33220e-08-1.29548e-08-1.12702e-08-8.13168e-09-3.73428e-09
 1.34955e-09 6.24397e-09 9.96737e-09 1.16968e-08 1.10175e-08 8.13256e-09
 4.08571e-09 9.81298e-10
     0.0000e+00     0.0000e+00      0  0  0.00
     512   1.00000  0.0000e+00
-1.79741e-09-1.83522e-09-1.80390e-09-1.64225e-09-1.30473e-09-7.83784e-10
-1.10433e-10 6.62642e-10 1.47643e-09 2.26750e-09 2.96367e-09 3.48964e-09
 3.79032e-09 3.86274e-09 3.77411e-09 3.64480e-09 3.59563e-09 3.68731e-09
 3.89080e-09 4.10599e-09 4.21122e-09 4.11040e-09 3.75769e-09 3.16329e-09
 2.39074e-09 1.54634e-09 7.57923e-10 1.44467e-10-2.21396e-10-3.49757e-10
-3.45137e-10-3.71019e-10-5.75546e-10-1.02039e-09-1.65589e-09-2.35459e-09
-2.98009e-09-3.45139e-09-3.76828e-09-3.98725e-09-4.16706e-09-4.32242e-09
-4.41685e-09-4.39107e-09-4.19798e-09-3.82415e-09-3.29800e-09-2.68815e-09
-2.08962e-09-1.59442e-09-1.24873e-09-1.01562e-09-7.76979e-10-3.93554e-10
 2.00074e-10 9.20904e-10 1.52843e-09 1.68648e-09 1.07858e-09-4.41084e-10
-2.68536e-09-5.00294e-09-6.23969e-09-4.87079e-09 6.15600e-10 1.10468e-08
 2.56831e-08 4.13800e-08 5.21472e-08 4.99485e-08 2.88610e-08-8.68305e-09
-5.12142e-08-8.52814e-08-1.02597e-07-1.01030e-07-8.04213e-08-4.16149e-08
 8.15355e-09 5.38030e-08 7.95246e-08 7.74657e-08 5.20357e-08 1.76819e-08
-8.62396e-09-1.58694e-08-4.15770e-09 1.63935e-08 3.30931e-08 3.93350e-08
 3.77513e-08 3.61383e-08 3.95923e-08 4.52019e-08 4.43364e-08 3.05688e-08
 6.02007e-09-1.90581e-08-3.09348e-08-1.78693e-08 2.00681e-08 6.61353e-08
 1.02049e-07 1.18496e-07 1.02410e-07 3.59152e-08-8.81546e-08-2.62066e-07
-4.61071e-07-6.40275e-07-7.40382e-07-6.97475e-07-4.67791e-07-5.87344e-08
 4.63196e-07 9.79090e-07 1.33771e-06 1.40328e-06 1.11282e-06 5.17786e-07
-2.12640e-07-8.41836e-07-1.15590e-06-1.06013e-06-6.31653e-07-9.05975e-08
 3.05396e-07 3.98121e-07 2.15497e-07-5.57050e-08-2.01598e-07-1.34423e-07
 5.24222e-08 1.80293e-07 1.51305e-07 2.95172e-08-4.64473e-08-1.94800e-08
 4.23553e-08 5.34520e-08 1.60425e-08-1.12069e-08-7.51870e-09-6.28364e-10
-5.84274e-09-9.72399e-09-6.86217e-09-6.43831e-09-8.30160e-09-6.08199e-09
-2.99750e-09-3.00271e-09-2.29332e-09 1.67860e-11 6.00770e-10 7.01022e-10
 2.04506e-09 2.52753e-09 2.17451e-09 2.54331e-09 2.48120e-09 1.73953e-09
 1.57117e-09 1.33522e-09 7.30262e-10 5.76307e-10 3.58718e-10-1.53210e-10
-3.60374e-10-6.20119e-10-9.89561e-10-1.06824e-09-1.20075e-09-1.37458e-09
-1.37202e-09-1.45582e-09-1.48220e-09-1.33407e-09-1.20128e-09-9.72610e-10
-7.15087e-10-5.54345e-10-3.73942e-10-2.27425e-10-7.80557e-11 1.57390e-10
 3.84990e-10 6.14879e-10 8.17850e-10 9.50805e-10 1.07050e-09 1.16555e-09
 1.25567e-09 1.33928e-09 1.35478e-09 1.29309e-09 1.15785e-09 1.01026e-09
 9.05810e-10 8.13699e-10 6.89631e-10 5.14669e-10 3.22679e-10 1.45557e-10
-2.48603e-11-1.96261e-10-3.56971e-10-4.71636e-10-5.17431e-10-5.16278e-10
-5.20789e-10-5.56648e-10-5.80909e-10-5.24629e-10-3.71798e-10-1.99567e-10
-1.16772e-10-1.40214e-10-1.60552e-10-5.93584e-11 1.51074e-10 3.34196e-10
 3.82836e-10 3.41945e-10 3.53062e-10 4.97947e-10 7.17782e-10 8.69796e-10
 8.69738e-10 7.78112e-10 7.22441e-10 7.53811e-10 7.94652e-10 7.21613e-10
 5.07023e-10 2.49891e-10 5.06519e-11-9.86309e-11-2.84003e-10-5.59718e-10
-8.84618e-10-1.17204e-09-1.38471e-09-1.54964e-09-1.70170e-09-1.84639e-09
-1.95694e-09-2.00146e-09-1.98182e-09-1.92702e-09-1.85659e-09-1.76458e-09
-1.63045e-09-1.45006e-09-1.24977e-09-1.05707e-09-8.73307e-10-6.88961e-10
-5.08788e-10-3.46928e-10-2.08022e-10-8.17871e-11 4.71551e-11 1.85095e-10
 3.28325e-10 4.73559e-10 6.21788e-10 7.76130e-10 9.41638e-10 1.11923e-09
 1.29819e-09 1.47025e-09 1.64302e-09 1.82903e-09 2.03778e-09 2.27032e-09
 2.51409e-09 2.75884e-09 2.99945e-09 3.20982e-09 3.33322e-09 3.29911e-09
 3.04433e-09 2.52933e-09 1.74892e-09 7.31596e-10-4.69108e-10-1.76899e-09
-3.03629e-09-4.09997e-09-4.79800e-09-5.03266e-09-4.79306e-09-4.14145e-09
-3.19356e-09-2.12161e-09-1.16741e-09-6.12068e-10-6.79418e-10-1.43123e-09
-2.73455e-09-4.30657e-09-5.78070e-09-6.75667e-09-6.83854e-09-5.69858e-09
-3.20366e-09 4.50291e-10 4.72388e-09 8.87675e-09 1.21665e-08 1.39888e-08
 1.39361e-08 1.18525e-08 7.93861e-09 2.82210e-09-2.52375e-09-7.03773e-09
-9.89057e-09-1.06807e-08-9.44509e-09-6.57471e-09-2.72878e-09 1.23787e-09
 4.41095e-09 6.07950e-09 6.00650e-09 4.50383e-09 2.26465e-09 7.35504e-11
-1.44231e-09-1.92700e-09-1.32635e-09 9.99258e-11 1.82229e-09 3.17620e-09
 3.58675e-09 2.82161e-09 1.11008e-09-9.57096e-10-2.66964e-09-3.45667e-09
-3.05562e-09-1.55749e-09 6.25183e-10 2.84931e-09 4.41852e-09 4.82002e-09
 3.92563e-09 2.05553e-09-1.44874e-10-1.95501e-09-2.83438e-09-2.59581e-09
-1.45017e-09 8.35252e-11 1.36680e-09 1.87262e-09 1.38371e-09 8.03889e-11
-1.53210e-09-2.82655e-09-3.29335e-09-2.73632e-09-1.35488e-09 3.30746e-10
 1.68096e-09 2.18960e-09 1.68802e-09 4.05789e-10-1.13361e-09-2.32587e-09
-2.72427e-09-2.21704e-09-1.06870e-09 1.92753e-10 9.96038e-10 9.67223e-10
 8.62008e-11-1.30406e-09-2.63809e-09-3.37060e-09-3.21466e-09-2.26111e-09
-9.28326e-10 2.27669e-10 7.56144e-10 5.07301e-10-3.02579e-10-1.18818e-09
-1.61683e-09-1.25869e-09-1.42954e-10 1.35649e-09 2.69190e-09 3.38935e-09
 3.26417e-09 2.50354e-09 1.57233e-09 9.87370e-10 1.07008e-09 1.79401e-09
 2.79917e-09 3.56590e-09 3.66714e-09 2.97721e-09 1.72877e-09 3.90219e-10
-5.69277e-10-9.06782e-10-7.14617e-10-3.63420e-10-3.06912e-10-8.41532e-10
-1.94358e-09-3.27307e-09-4.34454e-09-4.77272e-09-4.46472e-09-3.66049e-09
-2.80148e-09-2.29802e-09-2.31714e-09-2.70023e-09-3.05297e-09-2.96006e-09
-2.21046e-09-9.12454e-10 5.60023e-10 1.76321e-09 2.41910e-09 2.55609e-09
 2.47362e-09 2.55554e-09 3.04144e-09 3.88601e-09 4.78119e-09 5.32450e-09
 5.24308e-09 4.55307e-09 3.55921e-09 2.68403e-09 2.22428e-09 2.18208e-09
 2.27048e-09 2.08863e-09 1.36371e-09 1.18723e-10-1.33326e-09-2.56535e-09
-3.27398e-09-3.43237e-09-3.27673e-09-3.14539e-09-3.26691e-09-3.61874e-09
-3.94831e-09-3.95496e-09-3.51845e-09-2.81437e-09-2.22827e-09-2.12048e-09
-2.59394e-09-3.41104e-09-4.10844e-09-4.23993e-09-3.60436e-09-2.32676e-09
-7.52334e-10 7.66794e-10 2.04611e-09 3.09740e-09 4.00934e-09 4.77523e-09
 5.20047e-09 4.97933e-09 3.91616e-09 2.14641e-09 1.87144e-10-1.24171e-09
-1.52532e-09-4.16409e-10 1.87813e-09 4.81157e-09 7.73106e-09 1.00898e-08
 1.15231e-08 1.17855e-08 1.06607e-08 7.98067e-09 3.77458e-09-1.55659e-09
-7.19655e-09-1.20849e-08-1.52565e-08-1.61875e-08-1.49642e-08-1.21823e-08
-8.65020e-09-5.07716e-09-1.90158e-09 7.03215e-10 2.71144e-09 4.12219e-09
 4.91518e-09 5.09219e-09 4.72723e-09 3.94434e-09 2.85243e-09 1.58216e-09
 5.31970e-10 6.98380e-11
     0.0000e+00     0.0000e+00      0  0  0.00
     512   1.00000  0.0000e+00
 2.14527e-09 2.25156e-09 2.06167e-09 1.57520e-09 9.10637e-10 2.73744e-10
-1.28474e-10-1.77216e-10 1.10030e-10 5.88683e-10 1.04974e-09 1.31577e-09
 1.32538e-09 1.15328e-09 9.51737e-10 8.58190e-10 9.30390e-10 1.12814e-09
 1.31577e-09 1.26568e-09 6.86960e-10-6.77153e-10-2.88467e-09-5.65124e-09
-8.34826e-09-1.01768e-08-1.04314e-08-8.73548e-09-5.17198e-09-2.81298e-10
 5.06700e-09 9.88756e-09 1.33130e-08 1.47859e-08 1.41748e-08 1.17965e-08
 8.32770e-09 4.59479e-09 1.29031e-09-1.25911e-09-3.13754e-09-4.67776e-09
-6.22125e-09-7.94999e-09-9.84694e-09-1.17623e-08-1.35314e-08-1.50740e-08
-1.64189e-08-1.76528e-08-1.88447e-08-1.99972e-08-2.10315e-08-2.17802e-08
-2.19878e-08-2.13515e-08-1.96319e-08-1.68164e-08-1.32670e-08-9.75509e-09
-7.31065e-09-6.87423e-09-8.81203e-09-1.23939e-08-1.53627e-08-1.37824e-08
-2.43538e-09 2.39668e-08 6.86296e-08 1.29912e-07 1.99843e-07 2.64834e-07
 3.05257e-07 2.96945e-07 2.24949e-07 9.88393e-08-5.22086e-08-1.93959e-07
-2.93016e-07-3.22975e-07-2.75615e-07-1.67323e-07-3.61369e-08 7.16386e-08
 1.20297e-07 9.85144e-08 2.19130e-08-7.68150e-08-1.64950e-07-2.22841e-07
-2.44494e-07-2.26895e-07-1.61911e-07-4.34573e-08 1.13594e-07 2.57574e-07
 3.09025e-07 2.08158e-07-2.76807e-08-2.93465e-07-4.53296e-07-4.24714e-07
-2.31504e-07 1.65629e-08 2.09354e-07 3.10469e-07 3.52047e-07 3.73970e-07
 3.81290e-07 3.55152e-07 2.77942e-07 1.35751e-07-7.09546e-08-2.97984e-07
-4.56195e-07-4.52540e-07-2.44868e-07 1.19793e-07 5.09849e-07 7.58777e-07
 7.36137e-07 4.13249e-07-1.06054e-07-6.14503e-07-8.90534e-07-8.13038e-07
-4.37855e-07 2.17568e-08 3.15148e-07 3.10740e-07 8.34884e-08-1.45283e-07
-1.85657e-07-3.31141e-08 1.43193e-07 1.77977e-07 7.42142e-08-2.62279e-08
-2.30743e-08 3.86121e-08 6.11808e-08 3.04761e-08 3.80854e-09 5.76095e-09
 9.31154e-09 1.15126e-09-3.41532e-09-1.31431e-09-3.14889e-09-6.27378e-09
-3.98604e-09-1.94839e-09-3.53535e-09-3.40005e-09-1.80545e-09-2.21598e-09
-2.01918e-09-2.40712e-10 1.97031e-10 2.70466e-10 1.35481e-09 1.69541e-09
 1.77058e-09 2.64073e-09 2.89446e-09 2.62812e-09 2.64779e-09 2.16543e-09
 1.58665e-09 1.62994e-09 1.70006e-09 1.94541e-09 2.39744e-09 2.34635e-09
 2.00708e-09 1.49416e-09 6.03586e-10-2.27188e-10-8.88417e-10-1.36269e-09
-1.42114e-09-1.36762e-09-1.40422e-09-1.55636e-09-1.95374e-09-2.39305e-09
-2.76073e-09-3.06686e-09-3.18096e-09-3.12937e-09-2.92001e-09-2.54508e-09
-2.06729e-09-1.50269e-09-9.63385e-10-5.30347e-10-2.04225e-10 3.76764e-11
 3.40686e-10 8.17693e-10 1.44032e-09 2.08489e-09 2.62685e-09 3.00488e-09
 3.18059e-09 3.16979e-09 3.01982e-09 2.77402e-09 2.51410e-09 2.31379e-09
 2.13627e-09 1.84434e-09 1.33814e-09 6.31900e-10-1.81622e-10-9.89766e-10
-1.71919e-09-2.35319e-09-2.87418e-09-3.21872e-09-3.34266e-09-3.30309e-09
-3.23071e-09-3.23573e-09-3.31778e-09-3.33691e-09-3.12163e-09-2.62756e-09
-1.96172e-09-1.27747e-09-6.78838e-10-2.06692e-10 1.20763e-10 2.96347e-10
 3.51452e-10 3.53989e-10 3.78689e-10 4.80607e-10 6.58411e-10 8.32608e-10
 8.77842e-10 6.99758e-10 3.10458e-10-1.74915e-10-6.23250e-10-9.45022e-10
-1.09801e-09-1.08676e-09-9.68077e-10-8.36555e-10-7.74285e-10-7.90897e-10
-8.17986e-10-7.60352e-10-5.45009e-10-1.46261e-10 4.07567e-10 1.04431e-09
 1.66871e-09 2.19256e-09 2.56428e-09 2.78967e-09 2.94638e-09 3.15465e-09
 3.48502e-09 3.88645e-09 4.21831e-09 4.35517e-09 4.26113e-09 3.98190e-09
 3.60046e-09 3.20014e-09 2.84042e-09 2.56007e-09 2.37833e-09 2.25961e-09
 2.10875e-09 1.83447e-09 1.40674e-09 8.77369e-10 3.73027e-10 1.81028e-11
-1.78931e-10-3.30984e-10-5.58874e-10-9.10840e-10-1.35095e-09-1.75457e-09
-1.95891e-09-1.86944e-09-1.49139e-09-8.95471e-10-2.21686e-10 3.31999e-10
 5.81785e-10 4.03092e-10-2.48596e-10-1.28211e-09-2.47477e-09-3.58870e-09
-4.45405e-09-4.96104e-09-5.05329e-09-4.71894e-09-3.94928e-09-2.75375e-09
-1.25195e-09 2.80685e-10 1.46724e-09 1.93068e-09 1.42478e-09-2.28244e-11
-2.05769e-09-4.10039e-09-5.54420e-09-5.96993e-09-5.29560e-09-3.76428e-09
-1.79533e-09 1.70689e-10 1.76792e-09 2.72953e-09 2.86390e-09 2.07428e-09
 4.53415e-10-1.63755e-09-3.61224e-09-4.85787e-09-4.98268e-09-3.95109e-09
-2.06890e-09 1.37544e-10 2.09511e-09 3.33757e-09 3.61671e-09 2.98555e-09
 1.81159e-09 6.67741e-10 1.05064e-10 4.10224e-10 1.51665e-09 3.10098e-09
 4.72812e-09 5.95359e-09 6.39809e-09 5.84250e-09 4.34794e-09 2.29859e-09
 2.80314e-10-1.14119e-09-1.61906e-09-1.12805e-09 3.89857e-11 1.36299e-09
 2.27550e-09 2.38244e-09 1.62736e-09 3.08952e-10-1.05577e-09-1.95868e-09
-2.10684e-09-1.52822e-09-5.54023e-10 3.19226e-10 6.41815e-10 2.11770e-10
-8.23804e-10-2.02461e-09-2.84571e-09-2.86461e-09-1.95050e-09-3.08683e-10
 1.60394e-09 3.23384e-09 4.09888e-09 3.93430e-09 2.78296e-09 9.94278e-10
-8.89461e-10-2.32843e-09-2.97848e-09-2.79931e-09-2.03627e-09-1.09354e-09
-3.58494e-10-3.67711e-11-6.14555e-11-1.35723e-10 9.35784e-11 8.08785e-10
 1.85841e-09 2.77092e-09 2.97049e-09 2.08789e-09 1.94056e-10-2.17428e-09
-4.21319e-09-5.17904e-09-4.70144e-09-2.94958e-09-5.70493e-10 1.58968e-09
 2.85745e-09 3.00345e-09 2.26778e-09 1.14486e-09 7.86609e-11-7.43201e-10
-1.39581e-09-2.06020e-09-2.82387e-09-3.55854e-09-3.93775e-09-3.58239e-09
-2.27001e-09-1.12093e-10 2.40928e-09 4.59755e-09 5.82224e-09 5.77065e-09
 4.54279e-09 2.57080e-09 4.43938e-10-1.26495e-09-2.13228e-09-1.97917e-09
-9.18451e-10 6.82260e-10 2.33253e-09 3.59089e-09 4.18437e-09 4.02966e-09
 3.18628e-09 1.79724e-09 4.55282e-11-1.87135e-09-3.74654e-09-5.34127e-09
-6.35177e-09-6.43504e-09-5.35463e-09-3.19728e-09-4.99644e-10 1.86798e-09
 3.06288e-09 2.68274e-09 9.74743e-10-1.27723e-09-3.11027e-09-3.80033e-09
-3.15000e-09-1.51920e-09 4.16040e-10 2.04865e-09 3.13573e-09 3.80756e-09
 4.29583e-09 4.61269e-09 4.46760e-09 3.51892e-09 1.76244e-09-2.76537e-10
-1.73729e-09-1.90016e-09-6.39987e-10 1.42693e-09 3.19636e-09 3.61049e-09
 2.20919e-09-6.00842e-10-3.74072e-09-6.03401e-09-6.80762e-09-6.12098e-09
-4.50774e-09-2.50553e-09-3.86929e-10 1.72950e-09 3.57662e-09 4.59383e-09
 4.12516e-09 1.84255e-09-1.90078e-09-6.03854e-09-9.14445e-09-1.00261e-08
-8.28019e-09-4.50450e-09-6.46017e-12 3.85146e-09 6.25437e-09 7.09950e-09
 6.70191e-09 5.40407e-09 3.46709e-09 1.25936e-09-5.78716e-10-1.28253e-09
-3.75005e-10 1.97410e-09 4.91182e-09 7.22063e-09 7.83420e-09 6.31740e-09
 3.07905e-09-8.18791e-10-4.17468e-09-6.17155e-09-6.56939e-09-5.50087e-09
-3.17532e-09-8.61114e-10
     0.0000e+00     0.0000e+00      0  0  0.00
     512   1.00000  0.0000e+00
-1.86882e-09-1.50504e-09-1.03314e-09-5.09556e-10 4.61003e-12 4.62315e-10
 8.39843e-10 1.13576e-09 1.36550e-09 1.55622e-09 1.74075e-09 1.94912e-09
 2.19923e-09 2.48897e-09 2.79250e-09 3.06544e-09 3.26058e-09 3.34641e-09
 3.31664e-09 3.18720e-09 2.98805e-09 2.75832e-09 2.54415e-09 2.39311e-09
 2.34165e-09 2.39901e-09 2.53513e-09 2.68054e-09 2.74319e-09 2.64016e-09
 2.33085e-09 1.83329e-09 1.21529e-09 5.68639e-10-2.12133e-11-5.02179e-10
-8.71888e-10-1.17546e-09-1.48328e-09-1.85836e-09-2.32884e-09-2.87865e-09
-3.46053e-09-4.02626e-09-4.56054e-09-5.09802e-09-5.71128e-09-6.47723e-09
-7.43921e-09-8.57803e-09-9.80143e-09-1.09584e-08-1.18773e-08-1.24134e-08
-1.24885e-08-1.21224e-08-1.14677e-08-1.08414e-08-1.07217e-08-1.16755e-08
-1.41906e-08-1.84102e-08-2.37978e-08-2.88167e-08-3.07815e-08-2.60885e-08
-1.10209e-08 1.67832e-08 5.63021e-08 1.01275e-07 1.41692e-07 1.70391e-07
 1.85457e-07 1.82362e-07 1.52134e-07 9.25082e-08 1.26737e-08-7.20303e-08
-1.43449e-07-1.84848e-07-1.88571e-07-1.59825e-07-1.14493e-07-7.29898e-08
-5.09218e-08-5.05059e-08-5.96442e-08-6.10228e-08-4.58740e-08-2.18566e-08
-7.19309e-09-1.58032e-08-4.60192e-08-8.02879e-08-9.58709e-08-7.93237e-08
-3.34066e-08 2.61791e-08 7.75576e-08 1.01207e-07 9.19594e-08 6.56779e-08
 4.92963e-08 6.15644e-08 1.04564e-07 1.71011e-07 2.51733e-07 3.33696e-07
 3.97495e-07 4.20757e-07 3.82992e-07 2.70613e-07 8.37735e-08-1.58377e-07
-4.17731e-07-6.42381e-07-7.76852e-07-7.78218e-07-6.34076e-07-3.73121e-07
-6.13028e-08 2.17484e-07 3.90931e-07 4.26312e-07 3.43157e-07 2.02690e-07
 7.74149e-08 1.55268e-08 1.97249e-08 5.36196e-08 7.17408e-08 5.22364e-08
 8.69128e-09-2.70714e-08-3.50993e-08-2.24572e-08-1.07919e-08-1.21896e-08
-2.02072e-08-2.28182e-08-1.75620e-08-1.06969e-08-6.51482e-09-3.71343e-09
-5.48115e-10 2.29254e-09 4.07993e-09 5.24750e-09 5.92039e-09 5.80893e-09
 5.22670e-09 4.60953e-09 3.86175e-09 2.94477e-09 2.06763e-09 1.19653e-09
 2.36240e-10-6.80909e-10-1.49394e-09-2.23442e-09-2.81587e-09-3.20584e-09
-3.47195e-09-3.60394e-09-3.60231e-09-3.52834e-09-3.38087e-09-3.15394e-09
-2.88295e-09-2.57207e-09-2.23078e-09-1.88010e-09-1.50574e-09-1.10926e-09
-7.12402e-10-3.20226e-10 5.41441e-11 3.96223e-10 6.94907e-10 9.34854e-10
 1.13052e-09 1.30151e-09 1.43346e-09 1.51557e-09 1.55532e-09 1.55657e-09
 1.52060e-09 1.45570e-09 1.37055e-09 1.26141e-09 1.13047e-09 9.92794e-10
 8.47806e-10 6.92500e-10 5.41571e-10 4.01228e-10 2.71882e-10 1.75693e-10
 1.24206e-10 8.08907e-11 1.87077e-11-2.63861e-11-1.72267e-11 2.78600e-11
 7.00362e-11 8.32456e-11 6.10602e-11 3.51741e-11 4.93978e-11 9.10638e-11
 9.81667e-11 3.91071e-11-5.75046e-11-1.45515e-10-2.06218e-10-2.66700e-10
-3.84507e-10-5.77245e-10-7.73537e-10-8.92915e-10-9.48782e-10-1.01325e-09
-1.11966e-09-1.23376e-09-1.28924e-09-1.25225e-09-1.15853e-09-1.06975e-09
-1.00175e-09-9.02777e-10-7.03785e-10-4.03164e-10-7.64733e-11 2.10937e-10
 4.62135e-10 7.24640e-10 1.03269e-09 1.35570e-09 1.61768e-09 1.78249e-09
 1.87970e-09 1.94843e-09 1.99307e-09 1.97783e-09 1.85681e-09 1.62521e-09
 1.32280e-09 9.89782e-10 6.40641e-10 2.61407e-10-1.66074e-10-6.20720e-10
-1.05238e-09-1.43098e-09-1.75095e-09-2.01336e-09-2.21847e-09-2.35022e-09
-2.38349e-09-2.31365e-09-2.15288e-09-1.91467e-09-1.61706e-09-1.27278e-09
-8.80830e-10-4.48212e-10 7.86538e-13 4.42465e-10 8.57178e-10 1.22512e-09
 1.53458e-09 1.77794e-09 1.93980e-09 2.00522e-09 1.96818e-09 1.82566e-09
 1.57866e-09 1.24158e-09 8.41577e-10 4.06199e-10-3.74380e-11-4.44808e-10
-7.59794e-10-9.45422e-10-9.83624e-10-8.68284e-10-6.32387e-10-3.41271e-10
-4.38842e-11 2.19029e-10 3.80536e-10 3.83215e-10 2.20825e-10-7.45487e-11
-4.29240e-10-7.23893e-10-8.54832e-10-7.72716e-10-4.44183e-10 1.49118e-10
 9.48634e-10 1.79744e-09 2.47277e-09 2.73441e-09 2.40151e-09 1.42503e-09
-1.16870e-10-2.06800e-09-4.19431e-09-6.15362e-09-7.53547e-09-7.97735e-09
-7.27936e-09-5.47187e-09-2.80507e-09 3.41109e-10 3.54158e-09 6.35348e-09
 8.34933e-09 9.21013e-09 8.84469e-09 7.44367e-09 5.40759e-09 3.19930e-09
 1.21084e-09-3.06788e-10-1.23724e-09-1.57636e-09-1.45512e-09-1.13590e-09
-9.18238e-10-1.01518e-09-1.46291e-09-2.11163e-09-2.72348e-09-3.08955e-09
-3.08470e-09-2.68424e-09-1.96148e-09-1.07714e-09-2.68468e-10 2.16365e-10
 2.33102e-10-1.92659e-10-8.75293e-10-1.53364e-09-1.90355e-09-1.83095e-09
-1.29457e-09-4.00053e-10 6.45419e-10 1.59940e-09 2.25797e-09 2.51780e-09
 2.42072e-09 2.13458e-09 1.87220e-09 1.80612e-09 2.00027e-09 2.38032e-09
 2.77259e-09 2.97611e-09 2.83040e-09 2.27983e-09 1.40205e-09 3.75111e-10
-5.82991e-10-1.28672e-09-1.65708e-09-1.74659e-09-1.70411e-09-1.71241e-09
-1.90931e-09-2.32149e-09-2.85558e-09-3.33845e-09-3.58446e-09-3.47654e-09
-3.01613e-09-2.31559e-09-1.55511e-09-9.13924e-10-4.93149e-10-2.79953e-10
-1.65985e-10 2.05364e-12 3.49173e-10 9.06404e-10 1.59502e-09 2.25927e-09
 2.72963e-09 2.90003e-09 2.77617e-09 2.46478e-09 2.12249e-09 1.88747e-09
 1.81594e-09 1.85944e-09 1.89352e-09 1.77813e-09 1.42770e-09 8.57759e-10
 1.79244e-10-4.50384e-10-8.95405e-10-1.10457e-09-1.13117e-09-1.09609e-09
-1.12292e-09-1.27724e-09-1.53353e-09-1.78987e-09-1.92249e-09-1.84886e-09
-1.57392e-09-1.19506e-09-8.53113e-10-6.59720e-10-6.46032e-10-7.51860e-10
-8.58476e-10-8.53540e-10-6.91590e-10-4.15688e-10-1.32757e-10 4.38502e-11
 5.52450e-11-7.16752e-11-2.37236e-10-3.19765e-10-2.40940e-10-7.69168e-12
 2.97814e-10 5.71851e-10 7.50648e-10 8.44185e-10 9.26027e-10 1.08866e-09
 1.38846e-09 1.80639e-09 2.24898e-09 2.59557e-09 2.76224e-09 2.74158e-09
 2.59927e-09 2.43173e-09 2.30565e-09 2.21407e-09 2.07787e-09 1.79259e-09
 1.29061e-09 5.79064e-10-2.66775e-10-1.14342e-09-1.96664e-09-2.70333e-09
-3.36956e-09-3.99095e-09-4.55175e-09-4.97504e-09-5.15328e-09-5.00726e-09
-4.53430e-09-3.81939e-09-3.00639e-09-2.24226e-09-1.61724e-09-1.13317e-09
-7.20415e-10-2.88005e-10 2.30935e-10 8.62839e-10 1.60722e-09 2.46401e-09
 3.44802e-09 4.56835e-09 5.77682e-09 6.92403e-09 7.76923e-09 8.05127e-09
 7.57875e-09 6.29450e-09 4.29920e-09 1.83506e-09-7.67463e-10-3.16449e-09
-5.06185e-09-6.24265e-09-6.57360e-09-6.02212e-09-4.68851e-09-2.82651e-09
-8.22595e-10 8.78483e-10 1.88890e-09 1.99351e-09 1.21443e-09-2.07430e-10
-1.89792e-09-3.45041e-09-4.50548e-09-4.80886e-09-4.25162e-09-2.88737e-09
-9.31680e-10 1.24622e-09 3.15837e-09 4.30171e-09 4.33695e-09 3.28302e-09
 1.64860e-09 3.91529e-10
     0.0000e+00     0.0000e+00      0  0  0.00
     512   1.00000  0.0000e+00
 2.63969e-10 1.77056e-10 7.78271e-11-7.50294e-12-5.90917e-11-7.58517e-11
-7.86191e-11-1.00550e-10-1.69567e-10-2.93700e-10-4.58334e-10-6.35918e-10
-8.00793e-10-9.40318e-10-1.05723e-09-1.16187e-09-1.25538e-09-1.30959e-09
-1.25376e-09-9.79157e-10-3.65917e-10 6.69482e-10 2.11346e-09 3.80624e-09
 5.44419e-09 6.65063e-09 7.08720e-09 6.55874e-09 5.07654e-09 2.86531e-09
 3.15946e-10-2.10419e-09-3.96329e-09-4.97016e-09-5.04132e-09-4.31193e-09
-3.09074e-09-1.77093e-09-7.15012e-10-1.48989e-10-1.14784e-10-5.05920e-10
-1.15405e-09-1.90953e-09-2.68564e-09-3.46562e-09-4.27998e-09-5.16640e-09
-6.13193e-09-7.13495e-09-8.09082e-09-8.89239e-09-9.43472e-09-9.64120e-09
-9.49196e-09-9.04980e-09-8.47334e-09-8.00537e-09-7.92445e-09-8.45094e-09
-9.60854e-09-1.10629e-08-1.19867e-08-1.10205e-08-6.41410e-09 3.56570e-09
 1.99094e-08 4.18844e-08 6.59941e-08 8.57395e-08 9.47410e-08 9.17873e-08
 7.87954e-08 5.44504e-08 1.84749e-08-2.12309e-08-5.38093e-08-7.20239e-08
-7.22365e-08-5.48735e-08-2.50138e-08 8.45764e-09 3.45473e-08 4.48958e-08
 3.87695e-08 2.31710e-08 8.25226e-09 9.12688e-10 9.06106e-11-2.21133e-09
-1.39585e-08-3.59637e-08-6.12275e-08-8.09880e-08-9.07553e-08-9.14524e-08
-8.74763e-08-8.44717e-08-8.68585e-08-9.50734e-08-1.05170e-07-1.12932e-07
-1.18884e-07-1.26744e-07-1.34368e-07-1.29290e-07-9.65580e-08-2.69937e-08
 8.23257e-08 2.27287e-07 3.93203e-07 5.53492e-07 6.71646e-07 7.08070e-07
 6.32459e-07 4.36915e-07 1.44440e-07-1.91083e-07-4.95529e-07-6.95124e-07
-7.41862e-07-6.33033e-07-4.14875e-07-1.66522e-07 3.13400e-08 1.29652e-07
 1.29600e-07 7.58364e-08 2.68182e-08 1.96895e-08 5.15734e-08 8.94501e-08
 1.00669e-07 7.91220e-08 4.58132e-08 2.54337e-08 2.33503e-08 2.59598e-08
 2.02599e-08 7.62600e-09-2.52729e-09-6.32947e-09-7.37062e-09-8.74065e-09
-9.63912e-09-9.15813e-09-8.15739e-09-7.11658e-09-5.67123e-09-4.07699e-09
-2.86676e-09-1.86681e-09-8.69623e-10-9.87164e-11 4.48259e-10 9.39940e-10
 1.26254e-09 1.37276e-09 1.42257e-09 1.38900e-09 1.23400e-09 1.09218e-09
 9.98192e-10 9.08927e-10 8.70632e-10 8.86377e-10 9.26036e-10 1.00573e-09
 1.08458e-09 1.11840e-09 1.13213e-09 1.11333e-09 1.03649e-09 9.24730e-10
 7.98062e-10 6.74075e-10 5.49498e-10 3.86084e-10 1.80847e-10-5.57752e-11
-3.38327e-10-6.55926e-10-9.75546e-10-1.26952e-09-1.51707e-09-1.71500e-09
-1.86684e-09-1.96948e-09-2.01069e-09-1.98472e-09-1.91266e-09-1.80498e-09
-1.64721e-09-1.44480e-09-1.21299e-09-9.45353e-10-6.40669e-10-3.18874e-10
 1.34786e-11 3.60857e-10 6.95164e-10 9.76083e-10 1.19704e-09 1.37007e-09
 1.50699e-09 1.61931e-09 1.68824e-09 1.66635e-09 1.55240e-09 1.40811e-09
 1.27320e-09 1.12455e-09 9.26702e-10 6.77279e-10 4.06242e-10 1.55877e-10
-5.19659e-11-2.40200e-10-4.42161e-10-6.44089e-10-7.96658e-10-8.68327e-10
-8.64596e-10-8.24605e-10-7.87661e-10-7.36709e-10-6.23269e-10-4.49495e-10
-2.70445e-10-1.31330e-10-2.19053e-11 1.08459e-10 2.74056e-10 4.26757e-10
 5.18118e-10 5.34269e-10 4.89760e-10 4.15937e-10 3.22629e-10 1.86879e-10
-7.20334e-12-2.45995e-10-4.87929e-10-6.90008e-10-8.56489e-10-1.02366e-09
-1.19407e-09-1.32849e-09-1.38630e-09-1.35604e-09-1.25554e-09-1.09708e-09
-8.69963e-10-5.68519e-10-2.06979e-10 1.96269e-10 6.23161e-10 1.05021e-09
 1.45823e-09 1.83971e-09 2.18411e-09 2.46654e-09 2.65760e-09 2.74073e-09
 2.71765e-09 2.59029e-09 2.35012e-09 2.00095e-09 1.56405e-09 1.05027e-09
 4.61229e-10-1.89529e-10-8.79194e-10-1.57783e-09-2.24849e-09-2.86133e-09
-3.38431e-09-3.76508e-09-3.95887e-09-3.95330e-09-3.74338e-09-3.32504e-09
-2.72339e-09-1.98328e-09-1.14536e-09-2.68573e-10 5.59734e-10 1.26952e-09
 1.83199e-09 2.23586e-09 2.48540e-09 2.61847e-09 2.69542e-09 2.78525e-09
 2.95880e-09 3.24265e-09 3.57891e-09 3.86198e-09 3.98465e-09 3.82845e-09
 3.26728e-09 2.21661e-09 6.68728e-10-1.28446e-09-3.42279e-09-5.42788e-09
-6.97919e-09-7.81657e-09-7.74597e-09-6.66912e-09-4.64972e-09-1.94678e-09
 1.00868e-09 3.69645e-09 5.64977e-09 6.56744e-09 6.33224e-09 5.00581e-09
 2.83236e-09 2.16589e-10-2.33282e-09-4.31832e-09-5.40336e-09-5.49088e-09
-4.70288e-09-3.30703e-09-1.62792e-09 6.30695e-12 1.30381e-09 2.09289e-09
 2.38459e-09 2.35174e-09 2.24949e-09 2.29338e-09 2.56256e-09 2.99832e-09
 3.44770e-09 3.71314e-09 3.61169e-09 3.01969e-09 1.92244e-09 4.65188e-10
-1.07333e-09-2.38076e-09-3.21429e-09-3.47753e-09-3.23717e-09-2.67430e-09
-2.02407e-09-1.51470e-09-1.29378e-09-1.37718e-09-1.64711e-09-1.89666e-09
-1.91566e-09-1.58285e-09-9.11666e-10-3.76320e-11 8.30989e-10 1.48570e-09
 1.79236e-09 1.73555e-09 1.42462e-09 1.05569e-09 8.26880e-10 8.55582e-10
 1.14020e-09 1.56217e-09 1.93138e-09 2.06549e-09 1.86078e-09 1.33383e-09
 6.22485e-10-7.05959e-11-5.62138e-10-7.56342e-10-6.80980e-10-4.72112e-10
-3.07493e-10-3.29738e-10-5.89505e-10-1.02312e-09-1.47964e-09-1.78643e-09
-1.82174e-09-1.56838e-09-1.12280e-09-6.46855e-10-2.89997e-10-1.26567e-10
-1.28877e-10-1.83608e-10-1.48987e-10 7.56844e-11 4.99531e-10 1.02680e-09
 1.49416e-09 1.74532e-09 1.69979e-09 1.38540e-09 9.25152e-10 4.79401e-10
 1.72028e-10 4.09709e-11 3.08065e-11 2.63962e-11-8.57089e-11-3.56832e-10
-7.46081e-10-1.13683e-09-1.39534e-09-1.44063e-09-1.28429e-09-1.01908e-09
-7.67131e-10-6.16662e-10-5.78072e-10-5.78607e-10-4.98291e-10-2.34066e-10
 2.38974e-10 8.45771e-10 1.44169e-09 1.87766e-09 2.06860e-09 2.02889e-09
 1.85262e-09 1.65320e-09 1.50137e-09 1.39327e-09 1.26155e-09 1.02114e-09
 6.23390e-10 9.08263e-11-4.84752e-10-9.86117e-10-1.33574e-09-1.53836e-09
-1.67026e-09-1.82488e-09-2.05092e-09-2.31795e-09-2.52717e-09-2.56023e-09
-2.33989e-09-1.87003e-09-1.23374e-09-5.51054e-10 7.91865e-11 6.20854e-10
 1.10247e-09 1.57730e-09 2.06672e-09 2.52726e-09 2.86596e-09 2.99148e-09
 2.86420e-09 2.51484e-09 2.02769e-09 1.50267e-09 1.01335e-09 5.80030e-10
 1.76666e-10-2.29425e-10-6.33880e-10-9.84200e-10-1.21385e-09-1.29716e-09
-1.28361e-09-1.28541e-09-1.42333e-09-1.76164e-09-2.26911e-09-2.82315e-09
-3.24842e-09-3.37035e-09-3.06571e-09-2.29667e-09-1.11668e-09 3.52866e-10
 1.95072e-09 3.48046e-09 4.69992e-09 5.33561e-09 5.14836e-09 4.02986e-09
 2.07491e-09-4.13921e-10-2.98950e-09-5.16427e-09-6.52363e-09-6.81697e-09
-6.00185e-09-4.23367e-09-1.81357e-09 8.78538e-10 3.44276e-09 5.50464e-09
 6.76034e-09 7.03583e-09 6.34415e-09 4.89273e-09 3.01430e-09 1.05644e-09
-7.04848e-10-2.08958e-09-2.99017e-09-3.33983e-09-3.10544e-09-2.32484e-09
-1.20172e-09-2.97151e-10
