      10
(6e12.5)
     0.0000e+00     0.0000e+00      0  0  0.00
     512   1.00000  0.0000e+00
 2.22908e-08 2.63500e-08 2.98782e-08 3.27555e-08 3.48978e-08 3.62648e-08
 3.68658e-08 3.67606e-08 3.60570e-08 3.49031e-08 3.34751e-08 3.19601e-08
 3.05350e-08 2.93422e-08 2.84654e-08 2.79056e-08 2.75608e-08 2.72090e-08
 2.64975e-08 2.49437e-08 2.19533e-08 1.68483e-08 8.90791e-09-2.57012e-09
-1.81869e-08-3.83443e-08-6.31384e-08-9.22511e-08-1.24856e-07-1.59555e-07
-1.94353e-07-2.26704e-07-2.53617e-07-2.71838e-07-2.78086e-07-2.69337e-07
-2.43130e-07-1.97886e-07-1.33213e-07-5.01785e-08 4.84912e-08 1.58311e-07
 2.73092e-07 3.85215e-07 4.86154e-07 5.67181e-07 6.20084e-07 6.37871e-07
 6.15630e-07 5.51466e-07 4.46978e-07 3.07112e-07 1.40194e-07-4.19546e-08
-2.24964e-07-3.93619e-07-5.33111e-07-6.30427e-07-6.76386e-07-6.67478e-07
-6.07042e-07-5.05179e-07-3.76651e-07-2.37872e-07-1.04140e-07 1.29110e-08
 1.07094e-07 1.77601e-07 2.26918e-07 2.58041e-07 2.72580e-07 2.70518e-07
 2.51584e-07 2.17307e-07 1.72193e-07 1.22988e-07 7.63386e-08 3.63995e-08
 4.07416e-09-2.16267e-08-4.13563e-08-5.43025e-08-5.90747e-08-5.55875e-08
-4.59497e-08-3.33910e-08-2.03094e-08-7.43545e-09 5.17163e-09 1.66777e-08
 2.53957e-08 3.01071e-08 3.10281e-08 2.91921e-08 2.51718e-08 1.88757e-08
 1.05178e-08 1.16862e-09-7.95417e-09-1.63288e-08-2.38721e-08-3.01795e-08
-3.45793e-08-3.68210e-08-3.71803e-08-3.58862e-08-3.29378e-08-2.85261e-08
-2.31715e-08-1.73395e-08-1.12826e-08-5.29908e-09 2.01966e-10 4.93988e-09
 8.81326e-09 1.17351e-08 1.36288e-08 1.45426e-08 1.46198e-08 1.40091e-08
 1.28810e-08 1.14516e-08 9.93311e-09 8.49848e-09 7.28820e-09 6.40072e-09
 5.87324e-09 5.68557e-09 5.77150e-09 6.02521e-09 6.31491e-09 6.50226e-09
 6.45858e-09 6.07972e-09 5.29971e-09 4.09869e-09 2.50506e-09 5.93433e-10
-1.52237e-09-3.70113e-09-5.78959e-09-7.63930e-09-9.12279e-09-1.01472e-08
-1.06632e-08-1.06684e-08-1.02040e-08-9.34616e-09-8.19507e-09-6.86077e-09
-5.44914e-09-4.04908e-09-2.72345e-09-1.50566e-09-4.01810e-10 6.02837e-10
 1.53491e-09 2.42287e-09 3.28712e-09 4.13213e-09 4.94229e-09 5.68286e-09
 6.30588e-09 6.75919e-09 6.99644e-09 6.98586e-09 6.71670e-09 6.20228e-09
 5.47852e-09 4.59784e-09 3.61993e-09 2.60191e-09 1.59008e-09 6.14693e-10
-3.11323e-10-1.18954e-09-2.02957e-09-2.84057e-09-3.62346e-09-4.36595e-09
-5.04133e-09-5.61123e-09-6.03197e-09-6.26301e-09-6.27544e-09-6.05815e-09
-5.62050e-09-4.99064e-09-4.20982e-09-3.32425e-09-2.37686e-09-1.40096e-09
-4.17685e-10 5.62478e-10 1.53497e-09 2.49489e-09 3.43081e-09 4.32041e-09
 5.12972e-09 5.81631e-09 6.33603e-09 6.65108e-09 6.73730e-09 6.58805e-09
 6.21411e-09 5.64019e-09 4.89902e-09 4.02444e-09 3.04541e-09 1.98341e-09
 8.53761e-10-3.29798e-10-1.54953e-09-2.77879e-09-3.97970e-09-5.10428e-09
-6.09922e-09-6.91288e-09-7.50250e-09-7.83961e-09-7.91222e-09-7.72348e-09
-7.28708e-09-6.62143e-09-5.74520e-09-4.67574e-09-3.43066e-09-2.03193e-09
-5.10613e-10 1.08977e-09 2.71273e-09 4.29161e-09 5.75532e-09 7.03559e-09
 8.07393e-09 8.82613e-09 9.26353e-09 9.37118e-09 9.14440e-09 8.58565e-09
 7.70365e-09 6.51507e-09 5.04827e-09 3.34716e-09 1.47332e-09-4.95340e-10
-2.46935e-09-4.35497e-09-6.06243e-09-7.51309e-09-8.64397e-09-9.40910e-09
-9.77852e-09-9.73658e-09-9.28126e-09-8.42550e-09-7.20007e-09-5.65645e-09
-3.86802e-09-1.92809e-09 5.63135e-11 1.97384e-09 3.71937e-09 5.20331e-09
 6.35759e-09 7.13770e-09 7.52175e-09 7.50832e-09 7.11478e-09 6.37710e-09
 5.35080e-09 4.11153e-09 2.75287e-09 1.38061e-09 1.03118e-10-9.80784e-10
-1.79400e-09-2.29029e-09-2.45826e-09-2.31980e-09-1.92432e-09-1.34114e-09
-6.52399e-10 5.24600e-11 6.81160e-10 1.14378e-09 1.35981e-09 1.26724e-09
 8.32852e-10 6.13355e-11-1.00016e-09-2.26446e-09-3.61350e-09-4.91209e-09
-6.02345e-09-6.82378e-09-7.21385e-09-7.12669e-09-6.53216e-09-5.43980e-09
-3.90025e-09-2.00421e-09 1.22246e-10 2.32692e-09 4.44553e-09 6.31936e-09
 7.81363e-09 8.83245e-09 9.32706e-09 9.29641e-09 8.78170e-09 7.85724e-09
 6.61975e-09 5.17728e-09 3.63868e-09 2.10364e-09 6.53320e-10-6.57687e-10
-1.80601e-09-2.79850e-09-3.66481e-09-4.44512e-09-5.17626e-09-5.87998e-09
-6.55567e-09-7.17910e-09-7.70702e-09-8.08555e-09-8.25941e-09-8.17951e-09
-7.80795e-09-7.12177e-09-6.11605e-09-4.80589e-09-3.22575e-09-1.42486e-09
 5.40881e-10 2.61832e-09 4.76468e-09 6.95025e-09 9.15463e-09 1.13574e-08
 1.35262e-08 1.56056e-08 1.75105e-08 1.91251e-08 2.03082e-08 2.09020e-08
 2.07449e-08 1.96853e-08 1.75968e-08 1.43945e-08 1.00518e-08 4.61311e-09
-1.79869e-09-8.98219e-09-1.66646e-08-2.45132e-08-3.21484e-08-3.91578e-08
-4.51099e-08-4.95712e-08-5.21275e-08-5.24117e-08-5.01372e-08-4.51329e-08
-3.73764e-08-2.70204e-08-1.44088e-08-7.97611e-11 1.52472e-08 3.07029e-08
 4.53219e-08 5.81149e-08 6.81564e-08 7.46727e-08 7.71197e-08 7.52385e-08
 6.90837e-08 5.90218e-08 4.57025e-08 3.00076e-08 1.29817e-08-4.25071e-09
-2.05749e-08-3.49773e-08-4.66268e-08-5.49377e-08-5.96045e-08-6.06035e-08
-5.81641e-08-5.27213e-08-4.48633e-08-3.52780e-08-2.46965e-08-1.38361e-08
-3.35013e-09 6.20948e-09 1.44149e-08 2.09723e-08 2.57192e-08 2.86123e-08
 2.97107e-08 2.91575e-08 2.71635e-08 2.39878e-08 1.99195e-08 1.52593e-08
 1.03040e-08 5.33261e-09 5.93967e-10-3.70424e-09-7.40396e-09-1.04018e-08
-1.26487e-08-1.41438e-08-1.49217e-08-1.50381e-08-1.45575e-08-1.35465e-08
-1.20726e-08-1.02054e-08-8.01828e-09-5.58974e-09-3.00331e-09-3.45483e-10
 2.29695e-09 4.84004e-09 7.20619e-09 9.32784e-09 1.11503e-08 1.26318e-08
 1.37410e-08 1.44529e-08 1.47471e-08 1.46091e-08 1.40336e-08 1.30288e-08
 1.16165e-08 9.83055e-09 7.71245e-09 5.30829e-09 2.66758e-09-1.54939e-10
-3.09643e-09-6.08376e-09-9.03347e-09-1.18538e-08-1.44486e-08-1.67226e-08
-1.85882e-08-1.99731e-08-2.08272e-08-2.11252e-08-2.08646e-08-2.00588e-08
-1.87302e-08-1.69055e-08-1.46159e-08-1.19002e-08-8.80864e-09-5.40476e-09
-1.76528e-09 2.02234e-09 5.86296e-09 9.65677e-09 1.33021e-08 1.66982e-08
 1.97486e-08 2.23644e-08 2.44670e-08 2.59904e-08 2.68844e-08 2.71180e-08
 2.66819e-08 2.55881e-08 2.38648e-08 2.15506e-08 1.86887e-08 1.53253e-08
 1.15108e-08 7.30488e-09 2.78356e-09-1.95417e-09-6.78147e-09-1.15430e-08
-1.60587e-08-2.01330e-08-2.35674e-08-2.61761e-08-2.78028e-08-2.83342e-08
-2.77121e-08-2.59422e-08-2.30996e-08-1.93295e-08-1.48403e-08-9.89060e-09
-4.77074e-09 2.16830e-10 4.77640e-09 8.63708e-09 1.15711e-08 1.34127e-08
 1.40775e-08 1.35788e-08 1.20395e-08 9.69725e-09 6.89784e-09 4.07751e-09
 1.73150e-09 3.70742e-10
     0.0000e+00     0.0000e+00      0  0  0.00
     512   1.00000  0.0000e+00
-2.10536e-09-1.54711e-09-9.25675e-10-2.76265e-10 3.60401e-10 9.40413e-10
 1.41978e-09 1.75832e-09 1.92407e-09 1.89753e-09 1.67548e-09 1.27414e-09
 7.31420e-10 1.08059e-10-5.12965e-10-1.02935e-09-1.32468e-09-1.27507e-09
-7.56682e-10 3.43782e-10 2.11293e-09 4.59007e-09 7.74753e-09 1.14768e-08
 1.55808e-08 1.97710e-08 2.36708e-08 2.68298e-08 2.87514e-08 2.89339e-08
 2.69226e-08 2.23661e-08 1.50685e-08 5.03464e-09-7.49622e-09-2.20285e-08
-3.78032e-08-5.38083e-08-6.88131e-08-8.14300e-08-9.02065e-08-9.37423e-08
-9.08284e-08-8.06272e-08-6.29135e-08-3.82940e-08-8.26935e-09 2.49037e-08
 5.84659e-08 8.94492e-08 1.15031e-07 1.32916e-07 1.41541e-07 1.40034e-07
 1.28125e-07 1.06221e-07 7.56300e-08 3.87306e-08-1.19387e-09-4.02658e-08
-7.42444e-08-9.90973e-08-1.12065e-07-1.12532e-07-1.02247e-07-8.47802e-08
-6.42517e-08-4.39397e-08-2.55339e-08-9.21523e-09 5.63413e-09 1.94104e-08
 3.15390e-08 4.05391e-08 4.48882e-08 4.40773e-08 3.90844e-08 3.18700e-08
 2.42286e-08 1.68779e-08 9.51824e-09 1.75853e-09-5.99319e-09-1.25445e-08
-1.68166e-08-1.87006e-08-1.89745e-08-1.83995e-08-1.70219e-08-1.44511e-08
-1.06928e-08-6.45230e-09-2.52648e-09 8.87115e-10 4.05882e-09 7.03244e-09
 9.39939e-09 1.08264e-08 1.14840e-08 1.17304e-08 1.16040e-08 1.09272e-08
 9.76456e-09 8.42827e-09 7.06997e-09 5.59680e-09 3.99838e-09 2.44598e-09
 1.02958e-09-3.26958e-10-1.64804e-09-2.84021e-09-3.86292e-09-4.76349e-09
-5.54380e-09-6.15199e-09-6.57964e-09-6.84931e-09-6.94866e-09-6.85360e-09
-6.56898e-09-6.10728e-09-5.47350e-09-4.68624e-09-3.78207e-09-2.80078e-09
-1.78368e-09-7.75357e-10 1.83991e-10 1.06295e-09 1.83727e-09 2.49045e-09
 3.01505e-09 3.41173e-09 3.68878e-09 3.86174e-09 3.95089e-09 3.97763e-09
 3.96099e-09 3.91454e-09 3.84413e-09 3.74696e-09 3.61199e-09 3.42192e-09
 3.15669e-09 2.79781e-09 2.33299e-09 1.76017e-09 1.08959e-09 3.43220e-10
-4.47767e-10-1.24652e-09-2.01389e-09-2.71194e-09-3.30767e-09-3.77675e-09
-4.10577e-09-4.29235e-09-4.34318e-09-4.27100e-09-4.09169e-09-3.82159e-09
-3.47528e-09-3.06394e-09-2.59487e-09-2.07237e-09-1.49987e-09-8.82367e-10
-2.28535e-10 4.48009e-10 1.12848e-09 1.78972e-09 2.40613e-09 2.95241e-09
 3.40666e-09 3.75277e-09 3.98180e-09 4.09186e-09 4.08706e-09 3.97563e-09
 3.76789e-09 3.47425e-09 3.10372e-09 2.66326e-09 2.15831e-09 1.59432e-09
 9.78699e-10 3.22502e-10-3.58662e-10-1.04483e-09-1.71286e-09-2.33856e-09
-2.89928e-09-3.37631e-09-3.75626e-09-4.03125e-09-4.19836e-09-4.25834e-09
-4.21394e-09-4.06825e-09-3.82374e-09-3.48231e-09-3.04651e-09-2.52118e-09
-1.91520e-09-1.24260e-09-5.22752e-10 2.20821e-10 9.62756e-10 1.67861e-09
 2.34700e-09 2.95066e-09 3.47639e-09 3.91424e-09 4.25630e-09 4.49549e-09
 4.62471e-09 4.63656e-09 4.52428e-09 4.28377e-09 3.91612e-09 3.42951e-09
 2.83963e-09 2.16811e-09 1.43982e-09 6.79892e-10-8.83964e-11-8.44657e-10
-1.57132e-09-2.25280e-09-2.87430e-09-3.42061e-09-3.87556e-09-4.22247e-09
-4.44611e-09-4.53548e-09-4.48663e-09-4.30427e-09-4.00131e-09-3.59649e-09
-3.11096e-09-2.56502e-09-1.97625e-09-1.35935e-09-7.27438e-10-9.37571e-11
 5.27002e-10 1.11838e-09 1.66297e-09 2.14409e-09 2.54804e-09 2.86631e-09
 3.09702e-09 3.24504e-09 3.32030e-09 3.33475e-09 3.29892e-09 3.21938e-09
 3.09817e-09 2.93428e-09 2.72626e-09 2.47437e-09 2.18123e-09 1.85071e-09
 1.48596e-09 1.08781e-09 6.54421e-10 1.82492e-10-3.30501e-10-8.83935e-10
-1.47232e-09-2.08466e-09-2.70475e-09-3.31204e-09-3.88265e-09-4.39031e-09
-4.80731e-09-5.10548e-09-5.25763e-09-5.23947e-09-5.03203e-09-4.62425e-09
-4.01526e-09-3.21573e-09-2.24797e-09-1.14480e-09 5.23880e-11 1.29593e-09
 2.53406e-09 3.71306e-09 4.77955e-09 5.68351e-09 6.38195e-09 6.84279e-09
 7.04800e-09 6.99516e-09 6.69709e-09 6.17952e-09 5.47716e-09 4.62918e-09
 3.67504e-09 2.65145e-09 1.59082e-09 5.20852e-10-5.35002e-10-1.55702e-09
-2.52913e-09-3.43937e-09-4.27990e-09-5.04586e-09-5.73267e-09-6.33262e-09
-6.83216e-09-7.21097e-09-7.44343e-09-7.50215e-09-7.36250e-09-7.00677e-09
-6.42706e-09-5.62647e-09-4.61897e-09-3.42863e-09-2.08825e-09-6.37622e-10
 8.78450e-10 2.41233e-09 3.91604e-09 5.34444e-09 6.65881e-09 7.82974e-09
 8.83789e-09 9.67198e-09 1.03250e-08 1.07904e-08 1.10592e-08 1.11198e-08
 1.09577e-08 1.05565e-08 9.89847e-09 8.96520e-09 7.73849e-09 6.20236e-09
 4.34585e-09 2.16684e-09-3.23780e-10-3.09858e-09-6.11148e-09-9.29719e-09
-1.25713e-08-1.58306e-08-1.89520e-08-2.17927e-08-2.41912e-08-2.59726e-08
-2.69568e-08-2.69714e-08-2.58662e-08-2.35283e-08-1.98964e-08-1.49735e-08
-8.83756e-09-1.65035e-09 6.33885e-09 1.47952e-08 2.33084e-08 3.14108e-08
 3.86036e-08 4.43876e-08 4.82987e-08 4.99438e-08 4.90370e-08 4.54339e-08
 3.91604e-08 3.04314e-08 1.96534e-08 7.40743e-09-5.58839e-09-1.85308e-08
-3.05941e-08-4.09956e-08-4.90593e-08-5.42706e-08-5.63194e-08-5.51263e-08
-5.08483e-08-4.38620e-08-3.47249e-08-2.41182e-08-1.27779e-08-1.42705e-09
 9.28113e-09 1.88006e-08 2.67137e-08 3.27402e-08 3.67389e-08 3.86985e-08
 3.87210e-08 3.69993e-08 3.37939e-08 2.94096e-08 2.41736e-08 1.84148e-08
 1.24482e-08 6.56046e-09 9.97791e-10-4.04427e-09-8.42598e-09-1.20624e-08
-1.49174e-08-1.69959e-08-1.83342e-08-1.89918e-08-1.90436e-08-1.85737e-08
-1.76686e-08-1.64120e-08-1.48791e-08-1.31341e-08-1.12298e-08-9.20966e-09
-7.10955e-09-4.96019e-09-2.78902e-09-6.22651e-10 1.51038e-09 3.57703e-09
 5.53858e-09 7.35182e-09 8.97270e-09 1.03609e-08 1.14835e-08 1.23166e-08
 1.28444e-08 1.30574e-08 1.29507e-08 1.25234e-08 1.17796e-08 1.07306e-08
 9.39710e-09 7.81098e-09 6.01679e-09 4.07148e-09 2.04274e-09 5.17231e-12
-1.96539e-09-3.79808e-09-5.43241e-09-6.82243e-09-7.93946e-09-8.77365e-09
-9.33447e-09-9.64977e-09-9.76357e-09-9.73244e-09-9.62052e-09-9.49364e-09
-9.41271e-09-9.42690e-09-9.56702e-09-9.83961e-09-1.02227e-08-1.06640e-08
-1.10819e-08-1.13689e-08-1.13953e-08-1.10148e-08-1.00720e-08-8.41395e-09
-5.90726e-09-2.45890e-09 1.96173e-09 7.30323e-09 1.34178e-08 2.00541e-08
 2.68581e-08 3.33836e-08 3.91130e-08 4.34893e-08 4.59633e-08 4.60564e-08
 4.34360e-08 3.79848e-08 2.98470e-08 1.94425e-08 7.44340e-09-5.28515e-09
-1.77740e-08-2.90561e-08-3.82752e-08-4.47791e-08-4.81867e-08-4.84171e-08
-4.56797e-08-4.04295e-08-3.32946e-08-2.49908e-08-1.62390e-08-7.69946e-09
 7.01149e-11 6.64067e-09 1.17258e-08 1.51853e-08 1.70172e-08 1.73405e-08
 1.63722e-08 1.44006e-08 1.17575e-08 8.79385e-09 5.85765e-09 3.27512e-09
 1.33325e-09 2.77691e-10
     0.0000e+00     0.0000e+00      0  0  0.00
     512   1.00000  0.0000e+00
-2.24436e-08-2.92090e-08-3.56980e-08-4.13722e-08-4.56457e-08-4.79232e-08
-4.76479e-08-4.43545e-08-3.77254e-08-2.76447e-08-1.42467e-08 2.04869e-09
 2.05169e-08 4.01329e-08 5.96014e-08 7.74183e-08 9.19907e-08 1.01828e-07
 1.05723e-07 1.02834e-07 9.28179e-08 7.60571e-08 5.37188e-08 2.75787e-08
-1.78726e-10-2.71897e-08-5.12427e-08-7.05977e-08-8.42068e-08-9.18087e-08
-9.38456e-08-9.12049e-08-8.48997e-08-7.58472e-08-6.48432e-08-5.26773e-08
-4.02315e-08-2.84324e-08-1.80409e-08-9.39017e-09-2.28909e-09 3.78025e-09
 9.33255e-09 1.46932e-08 2.00277e-08 2.54534e-08 3.11400e-08 3.73957e-08
 4.46545e-08 5.32192e-08 6.28892e-08 7.28960e-08 8.22096e-08 8.97808e-08
 9.45004e-08 9.51315e-08 9.04415e-08 7.94264e-08 6.15435e-08 3.69762e-08
 6.78948e-09-2.70796e-08-6.19564e-08-9.47421e-08-1.22304e-07-1.41842e-07
-1.51311e-07-1.49787e-07-1.37608e-07-1.16265e-07-8.80982e-08-5.58816e-08
-2.24470e-08 9.56885e-09 3.78678e-08 6.05930e-08 7.64635e-08 8.49468e-08
 8.63865e-08 8.19202e-08 7.31115e-08 6.14483e-08 4.80133e-08 3.35680e-08
 1.89544e-08 5.36348e-09-5.91278e-09-1.40857e-08-1.92005e-08-2.17938e-08
-2.22713e-08-2.07444e-08-1.74277e-08-1.29376e-08-8.05281e-09-3.32151e-09
 9.59306e-10 4.52363e-09 7.09936e-09 8.54587e-09 8.88468e-09 8.21491e-09
 6.68249e-09 4.49403e-09 1.88977e-09-8.92744e-10-3.62616e-09-6.10588e-09
-8.17094e-09-9.70651e-09-1.06423e-08-1.09588e-08-1.06822e-08-9.87189e-09
-8.61547e-09-7.02274e-09-5.21195e-09-3.30057e-09-1.40072e-09 3.87995e-10
 1.98479e-09 3.32981e-09 4.38547e-09 5.13664e-09 5.58800e-09 5.76062e-09
 5.68800e-09 5.41133e-09 4.97548e-09 4.42583e-09 3.80520e-09 3.15132e-09
 2.49497e-09 1.85907e-09 1.25902e-09 7.03632e-10 1.96123e-10-2.64178e-10
-6.79640e-10-1.05287e-09-1.38575e-09-1.67836e-09-1.92852e-09-2.13218e-09
-2.28388e-09-2.37734e-09-2.40698e-09-2.36934e-09-2.26353e-09-2.09155e-09
-1.85876e-09-1.57334e-09-1.24529e-09-8.86089e-10-5.07963e-10-1.22379e-10
 2.60227e-10 6.29836e-10 9.77270e-10 1.29483e-09 1.57580e-09 1.81382e-09
 2.00292e-09 2.13731e-09 2.21148e-09 2.22123e-09 2.16431e-09 2.03997e-09
 1.84886e-09 1.59422e-09 1.28243e-09 9.22785e-10 5.27164e-10 1.08896e-10
-3.18779e-10-7.43053e-10-1.15100e-09-1.52983e-09-1.86797e-09-2.15587e-09
-2.38580e-09-2.55084e-09-2.64427e-09-2.66007e-09-2.59398e-09-2.44470e-09
-2.21398e-09-1.90593e-09-1.52695e-09-1.08632e-09-5.96477e-10-7.26532e-11
 4.68186e-10 1.00903e-09 1.53360e-09 2.02591e-09 2.46987e-09 2.84964e-09
 3.15078e-09 3.36146e-09 3.47234e-09 3.47621e-09 3.36838e-09 3.14730e-09
 2.81528e-09 2.37928e-09 1.85078e-09 1.24484e-09 5.79331e-10-1.25504e-10
-8.47369e-10-1.56229e-09-2.24567e-09-2.87371e-09-3.42414e-09-3.87662e-09
-4.21313e-09-4.41858e-09-4.48151e-09-4.39502e-09-4.15742e-09-3.77273e-09
-3.25079e-09-2.60693e-09-1.86133e-09-1.03843e-09-1.66116e-10 7.25498e-10
 1.60522e-09 2.44199e-09 3.20584e-09 3.86858e-09 4.40472e-09 4.79249e-09
 5.01484e-09 5.06081e-09 4.92654e-09 4.61545e-09 4.13802e-09 3.51175e-09
 2.76026e-09 1.91196e-09 9.99039e-10 5.61771e-11-8.81169e-10-1.77788e-09
-2.60004e-09-3.31663e-09-3.90112e-09-4.33255e-09-4.59673e-09-4.68740e-09
-4.60606e-09-4.36114e-09-3.96758e-09-3.44586e-09-2.82042e-09-2.11834e-09
-1.36851e-09-6.00514e-10 1.56554e-10 8.74394e-10 1.52637e-09 2.08934e-09
 2.54507e-09 2.88088e-09 3.09036e-09 3.17396e-09 3.13905e-09 3.00004e-09
 2.77828e-09 2.50033e-09 2.19504e-09 1.89091e-09 1.61350e-09 1.38247e-09
 1.20860e-09 1.09146e-09 1.01808e-09 9.63832e-10 8.95856e-10 7.77996e-10
 5.75627e-10 2.60162e-10-1.86287e-10-7.66827e-10-1.46733e-09-2.25610e-09
-3.08621e-09-3.90005e-09-4.63489e-09-5.22844e-09-5.62453e-09-5.77846e-09
-5.66159e-09-5.26400e-09-4.59453e-09-3.67913e-09-2.55832e-09-1.28415e-09
 8.29962e-11 1.47799e-09 2.83555e-09 4.09454e-09 5.20121e-09 6.11135e-09
 6.79162e-09 7.22029e-09 7.38799e-09 7.29764e-09 6.96308e-09 6.40669e-09
 5.65648e-09 4.74342e-09 3.69969e-09 2.55751e-09 1.34816e-09 1.01569e-10
-1.15372e-09-2.39037e-09-3.58177e-09-4.70173e-09-5.72487e-09-6.62707e-09
-7.38588e-09-7.98092e-09-8.39423e-09-8.61073e-09-8.61885e-09-8.41086e-09
-7.98281e-09-7.33449e-09-6.46915e-09-5.39327e-09-4.11662e-09-2.65256e-09
-1.01856e-09 7.63023e-10 2.66413e-09 4.65045e-09 6.68085e-09 8.70662e-09
 1.06711e-08 1.25099e-08 1.41512e-08 1.55184e-08 1.65318e-08 1.71127e-08
 1.71869e-08 1.66896e-08 1.55706e-08 1.37990e-08 1.13685e-08 8.30153e-09
 4.65311e-09 5.13328e-10-3.99206e-09-8.70316e-09-1.34301e-08-1.79596e-08
-2.20646e-08-2.55152e-08-2.80919e-08-2.96009e-08-2.98887e-08-2.88572e-08
-2.64763e-08-2.27931e-08-1.79364e-08-1.21153e-08-5.61120e-09 1.23713e-09
 8.05319e-09 1.44460e-08 2.00355e-08 2.44791e-08 2.74985e-08 2.89037e-08
 2.86108e-08 2.66525e-08 2.31783e-08 1.84448e-08 1.27968e-08 6.63987e-09
 4.07660e-10-5.47301e-09-1.06154e-08-1.47012e-08-1.75009e-08-1.88879e-08
-1.88431e-08-1.74530e-08-1.48963e-08-1.14223e-08-7.32448e-09-2.91404e-09
 1.50309e-09 5.64532e-09 9.27079e-09 1.21891e-08 1.42688e-08 1.54393e-08
 1.56885e-08 1.50571e-08 1.36310e-08 1.15326e-08 8.91153e-09 5.93412e-09
 2.77291e-09-4.03858e-10-3.44107e-09-6.20331e-09-8.57924e-09-1.04841e-08
-1.18611e-08-1.26808e-08-1.29405e-08-1.26609e-08-1.18826e-08-1.06627e-08
-9.07090e-09-7.18464e-09-5.08566e-09-2.85646e-09-5.78183e-10 1.67099e-09
 3.81729e-09 5.79320e-09 7.53951e-09 9.00690e-09 1.01568e-08 1.09615e-08
 1.14038e-08 1.14769e-08 1.11838e-08 1.05369e-08 9.55678e-09 8.27193e-09
 6.71749e-09 4.93385e-09 2.96505e-09 8.57732e-10-1.33887e-09-3.57254e-09
-5.78827e-09-7.92942e-09-9.93955e-09-1.17643e-08-1.33535e-08-1.46623e-08
-1.56529e-08-1.62945e-08-1.65641e-08-1.64463e-08-1.59338e-08-1.50281e-08
-1.37386e-08-1.20828e-08-1.00839e-08-7.77092e-09-5.17849e-09-2.34734e-09
 6.75241e-10 3.83537e-09 7.07224e-09 1.03173e-08 1.34936e-08 1.65158e-08
 1.92917e-08 2.17244e-08 2.37164e-08 2.51742e-08 2.60159e-08 2.61772e-08
 2.56175e-08 2.43234e-08 2.23107e-08 1.96239e-08 1.63341e-08 1.25339e-08
 8.33072e-09 3.84104e-09-8.12297e-10-5.50079e-09-1.00892e-08-1.44342e-08
-1.83850e-08-2.17856e-08-2.44820e-08-2.63335e-08-2.72264e-08-2.70880e-08
-2.58976e-08-2.36936e-08-2.05752e-08-1.66991e-08-1.22701e-08-7.52862e-09
-2.73738e-09 1.83343e-09 5.92282e-09 9.29693e-09 1.17671e-08 1.32065e-08
 1.35649e-08 1.28807e-08 1.12884e-08 9.01810e-09 6.38651e-09 3.77722e-09
 1.61298e-09 3.48202e-10
     0.0000e+00     0.0000e+00      0  0  0.00
     512   1.00000  0.0000e+00
 1.36083e-08 1.29397e-08 1.14210e-08 9.01332e-09 5.73681e-09 1.67882e-09
-3.00109e-09-8.07121e-09-1.32334e-08-1.81348e-08-2.23863e-08-2.55868e-08
-2.73526e-08-2.73513e-08-2.53375e-08-2.11934e-08-1.49956e-08-7.11939e-09
 1.71228e-09 1.05508e-08 1.84625e-08 2.46915e-08 2.86508e-08 2.98793e-08
 2.81377e-08 2.35672e-08 1.67376e-08 8.53762e-09-5.73526e-11-8.24978e-09
-1.55693e-08-2.18306e-08-2.69607e-08-3.08138e-08-3.30823e-08-3.33670e-08
-3.13787e-08-2.71231e-08-2.09171e-08-1.32061e-08-4.31124e-09 5.67994e-09
 1.67858e-08 2.88948e-08 4.15952e-08 5.41259e-08 6.54178e-08 7.42177e-08
 7.93133e-08 7.98058e-08 7.52566e-08 6.55331e-08 5.05240e-08 3.02103e-08
 5.04966e-09-2.38657e-08-5.49462e-08-8.61525e-08-1.14905e-07-1.38186e-07
-1.52892e-07-1.56177e-07-1.45906e-07-1.21271e-07-8.32609e-08-3.48817e-08
 1.88349e-08 7.13354e-08 1.15630e-07 1.45680e-07 1.57804e-07 1.51672e-07
 1.30406e-07 9.96215e-08 6.56632e-08 3.36519e-08 6.17418e-09-1.67348e-08
-3.63056e-08-5.32225e-08-6.64793e-08-7.37936e-08-7.33899e-08-6.57458e-08
-5.37165e-08-4.07208e-08-2.85439e-08-1.68816e-08-4.98703e-09 6.55632e-09
 1.60161e-08 2.22289e-08 2.55254e-08 2.68519e-08 2.65953e-08 2.46768e-08
 2.13284e-08 1.71914e-08 1.28187e-08 8.50954e-09 4.52460e-09 1.12760e-09
-1.54119e-09-3.44843e-09-4.59351e-09-5.03513e-09-4.90433e-09-4.34761e-09
-3.50757e-09-2.53723e-09-1.57840e-09-7.40439e-10-1.07435e-10 2.64952e-10
 3.59077e-10 1.86062e-10-2.23166e-10-8.17501e-10-1.53255e-09-2.29998e-09
-3.05050e-09-3.71885e-09-4.25015e-09-4.60208e-09-4.74645e-09-4.67090e-09
-4.37781e-09-3.88253e-09-3.21180e-09-2.40059e-09-1.48894e-09-5.19987e-10
 4.62410e-10 1.41615e-09 2.30299e-09 3.09045e-09 3.75323e-09 4.27347e-09
 4.64062e-09 4.85067e-09 4.90505e-09 4.80990e-09 4.57577e-09 4.21689e-09
 3.75022e-09 3.19463e-09 2.56985e-09 1.89545e-09 1.19002e-09 4.71266e-10
-2.43432e-10-9.36902e-10-1.59282e-09-2.19655e-09-2.73538e-09-3.19822e-09
-3.57517e-09-3.85795e-09-4.04055e-09-4.11924e-09-4.09242e-09-3.96058e-09
-3.72649e-09-3.39576e-09-2.97722e-09-2.48224e-09-1.92300e-09-1.31159e-09
-6.61086e-10 1.26192e-11 6.90855e-10 1.35441e-09 1.98605e-09 2.57085e-09
 3.09444e-09 3.54134e-09 3.89592e-09 4.14536e-09 4.28195e-09 4.30272e-09
 4.20699e-09 3.99496e-09 3.66877e-09 3.23520e-09 2.70660e-09 2.09858e-09
 1.42706e-09 7.07468e-10-4.33535e-11-8.05183e-10-1.55517e-09-2.27094e-09
-2.93294e-09-3.52428e-09-4.02879e-09-4.42991e-09-4.71237e-09-4.86535e-09
-4.88403e-09-4.76849e-09-4.52126e-09-4.14633e-09-3.65042e-09-3.04508e-09
-2.34703e-09-1.57638e-09-7.54265e-10 9.81396e-11 9.58852e-10 1.80408e-09
 2.60862e-09 3.34775e-09 3.99917e-09 4.54419e-09 4.96766e-09 5.25727e-09
 5.40355e-09 5.40080e-09 5.24808e-09 4.94967e-09 4.51456e-09 3.95535e-09
 3.28753e-09 2.52949e-09 1.70245e-09 8.30125e-10-6.21329e-11-9.48521e-10
-1.80405e-09-2.60530e-09-3.33069e-09-3.96067e-09-4.47827e-09-4.86999e-09
-5.12645e-09-5.24261e-09-5.21770e-09-5.05504e-09-4.76170e-09-4.34823e-09
-3.82872e-09-3.22027e-09-2.54207e-09-1.81447e-09-1.05805e-09-2.92785e-10
 4.62547e-10 1.19076e-09 1.87659e-09 2.50694e-09 3.07084e-09 3.55945e-09
 3.96577e-09 4.28379e-09 4.50793e-09 4.63309e-09 4.65526e-09 4.57231e-09
 4.38460e-09 4.09517e-09 3.70980e-09 3.23764e-09 2.69187e-09 2.08931e-09
 1.44821e-09 7.85221e-10 1.13177e-10-5.59848e-10-1.23032e-09-1.89877e-09
-2.56926e-09-3.24759e-09-3.93680e-09-4.63099e-09-5.31052e-09-5.94081e-09
-6.47464e-09-6.85633e-09-7.02669e-09-6.92912e-09-6.51807e-09-5.76933e-09
-4.68855e-09-3.31418e-09-1.71366e-09 2.44885e-11 1.79978e-09 3.50890e-09
 5.05579e-09 6.36218e-09 7.37643e-09 8.07685e-09 8.46784e-09 8.57144e-09
 8.41872e-09 8.04393e-09 7.48104e-09 6.76107e-09 5.91002e-09 4.94856e-09
 3.89477e-09 2.76833e-09 1.59329e-09 3.97128e-10-7.93305e-10-1.95599e-09
-3.07553e-09-4.14223e-09-5.14980e-09-6.09250e-09-6.96228e-09-7.74564e-09
-8.42106e-09-8.95839e-09-9.32163e-09-9.47463e-09-9.38782e-09-9.04359e-09
-8.43854e-09-7.58255e-09-6.49561e-09-5.20397e-09-3.73683e-09-2.12433e-09
-3.97007e-10 1.41304e-09 3.26974e-09 5.13056e-09 6.94558e-09 8.65904e-09
 1.02135e-08 1.15552e-08 1.26387e-08 1.34292e-08 1.39028e-08 1.40438e-08
 1.38424e-08 1.32919e-08 1.23888e-08 1.11338e-08 9.53567e-09 7.61492e-09
 5.40728e-09 2.96466e-09 3.53568e-10-2.34881e-09-5.05965e-09-7.69507e-09
-1.01730e-08-1.24137e-08-1.43402e-08-1.58785e-08-1.69604e-08-1.75280e-08
-1.75400e-08-1.69789e-08-1.58566e-08-1.42161e-08-1.21307e-08-9.69835e-09
-7.03422e-09-4.26294e-09-1.51115e-09 1.09871e-09 3.45380e-09 5.45688e-09
 7.03323e-09 8.13822e-09 8.76390e-09 8.94222e-09 8.74224e-09 8.25956e-09
 7.59870e-09 6.85344e-09 6.09203e-09 5.35174e-09 4.64203e-09 3.95275e-09
 3.26415e-09 2.55597e-09 1.81431e-09 1.03602e-09 2.31787e-10-5.70987e-10
-1.32527e-09-1.96258e-09-2.39480e-09-2.52362e-09-2.26034e-09-1.55300e-09
-4.08996e-10 1.10005e-09 2.85365e-09 4.70760e-09 6.51538e-09 8.14017e-09
 9.46151e-09 1.03815e-08 1.08313e-08 1.07753e-08 1.02097e-08 9.15858e-09
 7.66982e-09 5.81275e-09 3.67609e-09 1.36239e-09-1.02132e-09-3.37398e-09
-5.60813e-09-7.65289e-09-9.45307e-09-1.09669e-08-1.21646e-08-1.30288e-08
-1.35557e-08-1.37555e-08-1.36506e-08-1.32724e-08-1.26570e-08-1.18403e-08
-1.08547e-08-9.72741e-09-8.48236e-09-7.14286e-09-5.73337e-09-4.27902e-09
-2.80313e-09-1.32487e-09 1.41610e-10 1.58554e-09 2.99615e-09 4.35959e-09
 5.65807e-09 6.87165e-09 7.98113e-09 8.97066e-09 9.82867e-09 1.05471e-08
 1.11193e-08 1.15389e-08 1.18002e-08 1.19012e-08 1.18465e-08 1.16481e-08
 1.13228e-08 1.08882e-08 1.03581e-08 9.73868e-09 9.02803e-09 8.21649e-09
 7.28792e-09 6.21998e-09 4.98365e-09 3.54398e-09 1.86360e-09-9.05003e-11
-2.33810e-09-4.87676e-09-7.67531e-09-1.06716e-08-1.37738e-08-1.68637e-08
-1.97996e-08-2.24208e-08-2.45538e-08-2.60211e-08-2.66530e-08-2.63014e-08
-2.48527e-08-2.22396e-08-1.84494e-08-1.35313e-08-7.60455e-09-8.67493e-10
 6.39616e-09 1.38168e-08 2.09476e-08 2.72850e-08 3.23047e-08 3.55159e-08
 3.65300e-08 3.51292e-08 3.13192e-08 2.53542e-08 1.77279e-08 9.12676e-09
 3.51735e-10-7.78064e-09-1.45424e-08-1.93859e-08-2.20081e-08-2.23760e-08
-2.07139e-08-1.74536e-08-1.31599e-08-8.44090e-09-3.86225e-09 1.17631e-10
 3.18437e-09 5.18016e-09 6.09770e-09 6.05771e-09 5.27465e-09 4.01756e-09
 2.57100e-09 1.19749e-09 1.03881e-10-5.84238e-10-8.36883e-10-7.21305e-10
-3.91013e-10-9.81158e-11
     0.0000e+00     0.0000e+00      0  0  0.00
     512   1.00000  0.0000e+00
 3.65642e-08 4.54893e-08 5.38810e-08 6.09301e-08 6.57522e-08 6.74462e-08
 6.51668e-08 5.82074e-08 4.60873e-08 2.86381e-08 6.08024e-09-2.09179e-08
-5.12092e-08-8.31715e-08-1.14751e-07-1.43552e-07-1.66986e-07-1.82508e-07
-1.87882e-07-1.81455e-07-1.62507e-07-1.31634e-07-9.08134e-08-4.31025e-08
 7.71626e-09 5.75182e-08 1.02385e-07 1.39169e-07 1.65907e-07 1.82042e-07
 1.88324e-07 1.86361e-07 1.77975e-07 1.64684e-07 1.47560e-07 1.27432e-07
 1.05219e-07 8.20765e-08 5.91591e-08 3.71449e-08 1.59554e-08-5.01022e-09
-2.63068e-08-4.80475e-08-6.98961e-08-9.12413e-08-1.11407e-07-1.29865e-07
-1.46237e-07-1.59889e-07-1.69573e-07-1.73759e-07-1.71368e-07-1.62048e-07
-1.45902e-07-1.23267e-07-9.47141e-08-6.10826e-08-2.36797e-08 1.54270e-08
 5.35760e-08 8.80271e-08 1.16447e-07 1.37470e-07 1.50959e-07 1.57675e-07
 1.58830e-07 1.55646e-07 1.48814e-07 1.38153e-07 1.22683e-07 1.01174e-07
 7.30594e-08 3.93681e-08 3.10917e-09-3.12564e-08-5.92103e-08-7.78726e-08
-8.71278e-08-8.93747e-08-8.78371e-08-8.44601e-08-7.89193e-08-6.96404e-08
-5.60885e-08-4.02068e-08-2.54186e-08-1.40320e-08-5.75968e-09 1.03082e-09
 6.94557e-09 1.10089e-08 1.23253e-08 1.14228e-08 9.56433e-09 7.41026e-09
 4.97340e-09 2.42549e-09 2.49197e-10-1.23112e-09-1.96524e-09-1.93749e-09
-1.14564e-09 2.88678e-10 2.18435e-09 4.38149e-09 6.69747e-09 8.92325e-09
 1.08882e-08 1.24641e-08 1.35425e-08 1.40567e-08 1.39902e-08 1.33581e-08
 1.22062e-08 1.06141e-08 8.67880e-09 6.50594e-09 4.20861e-09 1.89791e-09
-3.25182e-10-2.37194e-09-4.17126e-09-5.67344e-09-6.84819e-09-7.68305e-09
-8.18164e-09-8.35975e-09-8.24321e-09-7.86684e-09-7.27175e-09-6.50256e-09
-5.60492e-09-4.62281e-09-3.59706e-09-2.56476e-09-1.55797e-09-6.03223e-10
 2.78119e-10 1.06981e-09 1.76058e-09 2.34313e-09 2.81337e-09 3.17011e-09
 3.41404e-09 3.54704e-09 3.57265e-09 3.49657e-09 3.32609e-09 3.06970e-09
 2.73738e-09 2.34023e-09 1.88986e-09 1.39883e-09 8.80577e-10 3.48421e-10
-1.84230e-10-7.03132e-10-1.19402e-09-1.64372e-09-2.03981e-09-2.37032e-09
-2.62483e-09-2.79529e-09-2.87649e-09-2.86659e-09-2.76651e-09-2.57836e-09
-2.30526e-09-1.95307e-09-1.53121e-09-1.05216e-09-5.30633e-10 1.76131e-11
 5.76880e-10 1.13115e-09 1.66318e-09 2.15537e-09 2.59167e-09 2.95856e-09
 3.24456e-09 3.43939e-09 3.53394e-09 3.52137e-09 3.39842e-09 3.16609e-09
 2.82909e-09 2.39476e-09 1.87285e-09 1.27645e-09 6.22088e-10-7.09580e-11
-7.82271e-10-1.49182e-09-2.17997e-09-2.82634e-09-3.40922e-09-3.90664e-09
-4.29881e-09-4.57019e-09-4.70958e-09-4.70935e-09-4.56516e-09-4.27628e-09
-3.84646e-09-3.28484e-09-2.60578e-09-1.82730e-09-9.69891e-10-5.64091e-11
 8.87186e-10 1.83154e-09 2.74507e-09 3.59637e-09 4.35629e-09 4.99884e-09
 5.50134e-09 5.84450e-09 6.01294e-09 5.99619e-09 5.78959e-09 5.39502e-09
 4.82110e-09 4.08257e-09 3.19978e-09 2.19847e-09 1.10951e-09-3.19810e-11
-1.18835e-09-2.32137e-09-3.39363e-09-4.36930e-09-5.21481e-09-5.89965e-09
-6.39763e-09-6.68878e-09-6.76095e-09-6.60997e-09-6.23955e-09-5.66140e-09
-4.89473e-09-3.96531e-09-2.90466e-09-1.74888e-09-5.36894e-10 6.90579e-10
 1.89169e-09 3.02513e-09 4.05209e-09 4.93748e-09 5.65155e-09 6.17130e-09
 6.48082e-09 6.57112e-09 6.44086e-09 6.09662e-09 5.55219e-09 4.82821e-09
 3.95238e-09 2.95860e-09 1.88568e-09 7.75847e-10-3.27801e-10-1.38506e-09
-2.36102e-09-3.22705e-09-3.96181e-09-4.55202e-09-4.99228e-09-5.28439e-09
-5.43617e-09-5.45863e-09-5.36299e-09-5.15920e-09-4.85538e-09-4.45710e-09
-3.96705e-09-3.38587e-09-2.71391e-09-1.95383e-09-1.11353e-09-2.07682e-10
 7.43152e-10 1.71489e-09 2.68193e-09 3.61863e-09 4.50061e-09 5.30525e-09
 6.01142e-09 6.59860e-09 7.04561e-09 7.32951e-09 7.42584e-09 7.31042e-09
 6.96232e-09 6.36705e-09 5.51927e-09 4.42565e-09 3.10759e-09 1.60245e-09
-3.72354e-11-1.74735e-09-3.45852e-09-5.10303e-09-6.61993e-09-7.95739e-09
-9.07252e-09-9.93029e-09-1.05029e-08-1.07696e-08-1.07171e-08-1.03397e-08
-9.63981e-09-8.62933e-09-7.33140e-09-5.78110e-09-4.02404e-09-2.11299e-09
-1.03636e-10 1.94929e-09 3.99412e-09 5.98290e-09 7.87097e-09 9.61571e-09
 1.11747e-08 1.25039e-08 1.35582e-08 1.42930e-08 1.46688e-08 1.46549e-08
 1.42332e-08 1.33988e-08 1.21598e-08 1.05349e-08 8.55114e-09 6.24180e-09
 3.64662e-09 8.13204e-10-2.20082e-09-5.32634e-09-8.48242e-09-1.15774e-08
-1.45122e-08-1.71845e-08-1.94945e-08-2.13495e-08-2.26673e-08-2.33779e-08
-2.34251e-08-2.27684e-08-2.13863e-08-1.92809e-08-1.64827e-08-1.30548e-08
-9.09438e-09-4.73122e-09-1.21853e-10 4.55925e-09 9.13050e-09 1.34141e-08
 1.72454e-08 2.04800e-08 2.30000e-08 2.47190e-08 2.55872e-08 2.55960e-08
 2.47796e-08 2.32140e-08 2.10108e-08 1.83064e-08 1.52459e-08 1.19672e-08
 8.59066e-09 5.21764e-09 1.93892e-09-1.15566e-09-3.97221e-09-6.41461e-09
-8.39197e-09-9.82905e-09-1.06768e-08-1.09202e-08-1.05815e-08-9.71950e-09
-8.42516e-09-6.81685e-09-5.03762e-09-3.25389e-09-1.65137e-09-4.20010e-10
 2.75084e-10 3.28103e-10-2.85075e-10-1.50708e-09-3.21678e-09-5.25139e-09
-7.42433e-09-9.53922e-09-1.14042e-08-1.28474e-08-1.37311e-08-1.39589e-08
-1.34775e-08-1.22758e-08-1.03849e-08-7.87843e-09-4.87112e-09-1.51174e-09
 2.02891e-09 5.57266e-09 8.94684e-09 1.19930e-08 1.45724e-08 1.65695e-08
 1.78962e-08 1.84957e-08 1.83445e-08 1.74537e-08 1.58667e-08 1.36552e-08
 1.09131e-08 7.74874e-09 4.27800e-09 6.20172e-10-3.10294e-09-6.76641e-09
-1.02434e-08-1.34104e-08-1.61546e-08-1.83814e-08-2.00184e-08-2.10152e-08
-2.13417e-08-2.09862e-08-1.99533e-08-1.82641e-08-1.59567e-08-1.30861e-08
-9.72338e-09-5.95116e-09-1.85962e-09 2.45642e-09 6.89685e-09 1.13540e-08
 1.57119e-08 1.98494e-08 2.36459e-08 2.69889e-08 2.97797e-08 3.19368e-08
 3.33957e-08 3.41079e-08 3.40385e-08 3.31655e-08 3.14816e-08 2.89969e-08
 2.57403e-08 2.17588e-08 1.71145e-08 1.18843e-08 6.16132e-09 5.68017e-11
-6.29902e-09-1.27600e-08-1.91696e-08-2.53667e-08-3.11918e-08-3.64919e-08
-4.11229e-08-4.49515e-08-4.78561e-08-4.97299e-08-5.04863e-08-5.00652e-08
-4.84361e-08-4.55992e-08-4.15844e-08-3.64529e-08-3.02983e-08-2.32469e-08
-1.54530e-08-7.09342e-09 1.63454e-09 1.05133e-08 1.93029e-08 2.77388e-08
 3.55313e-08 4.23703e-08 4.79397e-08 5.19399e-08 5.41173e-08 5.42916e-08
 5.23801e-08 4.84140e-08 4.25478e-08 3.50565e-08 2.63230e-08 1.68157e-08
 7.06257e-09-2.37925e-09-1.09580e-08-1.81656e-08-2.35768e-08-2.68868e-08
-2.79464e-08-2.67934e-08-2.36744e-08-1.90510e-08-1.35826e-08-8.08576e-09
-3.47404e-09-7.53777e-10
     0.0000e+00     0.0000e+00      0  0  0.00
     512   1.00000  0.0000e+00
 2.75139e-08 2.95598e-08 3.06534e-08 3.05351e-08 2.89781e-08 2.58120e-08
 2.09471e-08 1.43958e-08 6.29004e-09-3.10854e-09-1.34066e-08-2.40880e-08
-3.45330e-08-4.40511e-08-5.19233e-08-5.74603e-08-6.00928e-08-5.94831e-08
-5.55678e-08-4.85421e-08-3.89261e-08-2.76277e-08-1.57949e-08-4.60651e-09
 4.84189e-09 1.16755e-08 1.53975e-08 1.59662e-08 1.37901e-08 9.62443e-09
 4.38743e-09-1.01867e-09-5.82648e-09-9.42651e-09-1.13049e-08-1.09770e-08
-7.99476e-09-2.04191e-09 6.94868e-09 1.87559e-08 3.29252e-08 4.88641e-08
 6.59101e-08 8.33061e-08 1.00069e-07 1.14821e-07 1.25734e-07 1.30777e-07
 1.28244e-07 1.17199e-07 9.75515e-08 6.98841e-08 3.52681e-08-4.88205e-09
-4.87715e-08-9.40777e-08-1.37983e-07-1.77413e-07-2.09268e-07-2.30599e-07
-2.38899e-07-2.32589e-07-2.11419e-07-1.76551e-07-1.30399e-07-7.63746e-08
-1.85953e-08 3.84941e-08 9.06020e-08 1.34078e-07 1.66250e-07 1.85584e-07
 1.91696e-07 1.85258e-07 1.67852e-07 1.41813e-07 1.10020e-07 7.56136e-08
 4.16043e-08 1.04517e-08-1.62260e-08-3.76457e-08-5.35383e-08-6.37599e-08
-6.81864e-08-6.70103e-08-6.11221e-08-5.20626e-08-4.14401e-08-3.03560e-08
-1.94231e-08-9.23642e-09-5.84596e-10 5.88280e-09 1.00035e-08 1.19808e-08
 1.20599e-08 1.04774e-08 7.60400e-09 3.92752e-09-9.07939e-11-4.05718e-09
-7.61579e-09-1.04794e-08-1.24679e-08-1.34887e-08-1.35203e-08-1.26223e-08
-1.09212e-08-8.57975e-09-5.78597e-09-2.74243e-09 3.55104e-10 3.32921e-09
 6.02537e-09 8.32176e-09 1.01348e-08 1.14172e-08 1.21563e-08 1.23715e-08
 1.21066e-08 1.14232e-08 1.03954e-08 9.10354e-09 7.62873e-09 6.04962e-09
 4.43802e-09 2.85566e-09 1.35256e-09-3.35595e-11-1.27638e-09-2.35896e-09
-3.27234e-09-4.01467e-09-4.59004e-09-5.00722e-09-5.27806e-09-5.41557e-09
-5.43275e-09-5.34199e-09-5.15435e-09-4.87929e-09-4.52556e-09-4.10208e-09
-3.61800e-09-3.08281e-09-2.50694e-09-1.90162e-09-1.27847e-09-6.49767e-10
-2.83741e-11 5.72955e-10 1.14170e-09 1.66540e-09 2.13234e-09 2.53225e-09
 2.85633e-09 3.09770e-09 3.25211e-09 3.31776e-09 3.29525e-09 3.18833e-09
 3.00377e-09 2.75011e-09 2.43741e-09 2.07748e-09 1.68290e-09 1.26591e-09
 8.38461e-10 4.12665e-10 5.25663e-13-3.86747e-10-7.39660e-10-1.05122e-09
-1.31657e-09-1.53216e-09-1.69597e-09-1.80800e-09-1.87012e-09-1.88574e-09
-1.85921e-09-1.79497e-09-1.69741e-09-1.57137e-09-1.42258e-09-1.25738e-09
-1.08134e-09-8.98539e-10-7.12273e-10-5.25609e-10-3.41155e-10-1.60631e-10
 1.54150e-11 1.87020e-10 3.53911e-10 5.15409e-10 6.70558e-10 8.18291e-10
 9.57901e-10 1.08881e-09 1.20977e-09 1.31852e-09 1.41182e-09 1.48592e-09
 1.53699e-09 1.56100e-09 1.55344e-09 1.50987e-09 1.42676e-09 1.30187e-09
 1.13429e-09 9.24402e-10 6.73890e-10 3.85825e-10 6.48362e-11-2.82566e-10
-6.47685e-10-1.01976e-09-1.38655e-09-1.73487e-09-2.05102e-09-2.32134e-09
-2.53300e-09-2.67442e-09-2.73572e-09-2.70926e-09-2.59019e-09-2.37674e-09
-2.07048e-09-1.67634e-09-1.20316e-09-6.64081e-10-7.61273e-11 5.40921e-10
 1.16540e-09 1.77427e-09 2.34382e-09 2.85075e-09 3.27297e-09 3.59056e-09
 3.78683e-09 3.84924e-09 3.76985e-09 3.54622e-09 3.18232e-09 2.68855e-09
 2.08135e-09 1.38250e-09 6.17829e-10-1.83850e-10-9.91295e-10-1.77203e-09
-2.49440e-09-3.12894e-09-3.64907e-09-4.03243e-09-4.26212e-09-4.32712e-09
-4.22308e-09-3.95293e-09-3.52629e-09-2.95856e-09-2.27079e-09-1.48983e-09
-6.47821e-10 2.18528e-10 1.06932e-09 1.86371e-09 2.56221e-09 3.12879e-09
 3.53388e-09 3.75768e-09 3.79245e-09 3.64363e-09 3.32999e-09 2.88243e-09
 2.34168e-09 1.75504e-09 1.17195e-09 6.38490e-10 1.91902e-10-1.43496e-10
-3.58623e-10-4.60407e-10-4.70973e-10-4.24587e-10-3.62638e-10-3.27418e-10
-3.55888e-10-4.75223e-10-7.00400e-10-1.03286e-09-1.46013e-09-1.95657e-09
-2.48536e-09-3.00257e-09-3.46218e-09-3.82050e-09-4.03966e-09-4.09004e-09
-3.95186e-09-3.61674e-09-3.08841e-09-2.38211e-09-1.52348e-09-5.47163e-10
 5.05019e-10 1.58637e-09 2.64836e-09 3.64420e-09 4.53188e-09 5.27647e-09
 5.85143e-09 6.23901e-09 6.43008e-09 6.42365e-09 6.22576e-09 5.84793e-09
 5.30566e-09 4.61735e-09 3.80336e-09 2.88525e-09 1.88503e-09 8.24753e-10
-2.73416e-10-1.38706e-09-2.49360e-09-3.57036e-09-4.59460e-09-5.54355e-09
-6.39482e-09-7.12696e-09-7.72017e-09-8.15650e-09-8.42007e-09-8.49756e-09
-8.37908e-09-8.05875e-09-7.53514e-09-6.81119e-09-5.89405e-09-4.79490e-09
-3.52882e-09-2.11468e-09-5.75304e-10 1.06194e-09 2.76456e-09 4.49453e-09
 6.20853e-09 7.85871e-09 9.39370e-09 1.07597e-08 1.19022e-08 1.27676e-08
 1.33067e-08 1.34769e-08 1.32465e-08 1.25971e-08 1.15259e-08 1.00474e-08
 8.19406e-09 6.01504e-09 3.57534e-09 9.53876e-10-1.75877e-09-4.46318e-09
-7.05521e-09-9.43099e-09-1.14923e-08-1.31516e-08-1.43355e-08-1.49884e-08
-1.50730e-08-1.45723e-08-1.34915e-08-1.18609e-08-9.73959e-09-7.21607e-09
-4.40679e-09-1.45034e-09 1.50099e-09 4.29141e-09 6.77227e-09 8.81232e-09
 1.03070e-08 1.11857e-08 1.14169e-08 1.10096e-08 1.00128e-08 8.51159e-09
 6.62113e-09 4.47517e-09 2.21179e-09-3.98608e-11-2.16803e-09-4.08159e-09
-5.71087e-09-7.00824e-09-7.94872e-09-8.52858e-09-8.76170e-09-8.67440e-09
-8.30117e-09-7.68203e-09-6.86110e-09-5.88483e-09-4.79942e-09-3.64763e-09
-2.46618e-09-1.28411e-09-1.22299e-10 1.00585e-09 2.09258e-09 3.13327e-09
 4.12409e-09 5.06067e-09 5.93751e-09 6.74766e-09 7.48179e-09 8.12744e-09
 8.66912e-09 9.09001e-09 9.37456e-09 9.51092e-09 9.49234e-09 9.31716e-09
 8.98739e-09 8.50682e-09 7.87932e-09 7.10845e-09 6.19854e-09 5.15634e-09
 3.99193e-09 2.71824e-09 1.34974e-09-9.82134e-11-1.60882e-09-3.16271e-09
-4.73765e-09-6.30951e-09-7.85383e-09-9.34683e-09-1.07655e-08-1.20864e-08
-1.32847e-08-1.43324e-08-1.51981e-08-1.58489e-08-1.62533e-08-1.63844e-08
-1.62220e-08-1.57518e-08-1.49652e-08-1.38586e-08-1.24346e-08-1.07021e-08
-8.67633e-09-6.37682e-09-3.82747e-09-1.05763e-09 1.89532e-09 4.98318e-09
 8.14486e-09 1.13056e-08 1.43787e-08 1.72695e-08 1.98814e-08 2.21222e-08
 2.39081e-08 2.51679e-08 2.58464e-08 2.59090e-08 2.53440e-08 2.41623e-08
 2.23942e-08 2.00863e-08 1.72984e-08 1.41007e-08 1.05713e-08 6.79322e-09
 2.85231e-09-1.16373e-09-5.16572e-09-9.06315e-09-1.27638e-08-1.61729e-08
-1.91917e-08-2.17194e-08-2.36559e-08-2.49083e-08-2.53964e-08-2.50605e-08
-2.38703e-08-2.18348e-08-1.90103e-08-1.55031e-08-1.14667e-08-7.09566e-09
-2.61656e-09 1.72391e-09 5.67461e-09 8.99856e-09 1.14930e-08 1.30096e-08
 1.34735e-08 1.28985e-08 1.13963e-08 9.17907e-09 6.55321e-09 3.90549e-09
 1.67849e-09 3.64028e-10
     0.0000e+00     0.0000e+00      0  0  0.00
     512   1.00000  0.0000e+00
-4.89444e-11 3.98935e-10 1.03536e-09 1.83776e-09 2.76191e-09 3.74126e-09
 4.68805e-09 5.49676e-09 6.04957e-09 6.22404e-09 5.90278e-09 4.98498e-09
 3.39928e-09 1.11666e-09-1.83826e-09-5.37265e-09-9.28737e-09-1.32299e-08
-1.67259e-08-1.93199e-08-2.07145e-08-2.07931e-08-1.95577e-08-1.71210e-08
-1.37670e-08-9.93699e-09-6.10381e-09-2.63181e-09 3.16705e-10 2.80416e-09
 5.06438e-09 7.40327e-09 1.00911e-08 1.32800e-08 1.69836e-08 2.11213e-08
 2.55828e-08 3.02643e-08 3.50263e-08 3.95839e-08 4.34349e-08 4.59200e-08
 4.63880e-08 4.43391e-08 3.94652e-08 3.16222e-08 2.07981e-08 7.09364e-09
-9.29302e-09-2.80164e-08-4.83551e-08-6.90104e-08-8.83422e-08-1.04728e-07
-1.16511e-07-1.21936e-07-1.19424e-07-1.07845e-07-8.66763e-08-5.61849e-08
-1.76935e-08 2.62120e-08 7.17407e-08 1.14166e-07 1.48223e-07 1.68881e-07
 1.72400e-07 1.57294e-07 1.25025e-07 8.01143e-08 2.94152e-08-1.93130e-08
-5.92478e-08-8.61641e-08-9.92609e-08-1.00779e-07-9.44952e-08-8.37980e-08
-7.03416e-08-5.40206e-08-3.43118e-08-1.19771e-08 1.02377e-08 2.86629e-08
 4.08546e-08 4.69582e-08 4.89651e-08 4.85417e-08 4.56830e-08 3.95899e-08
 3.04930e-08 2.00661e-08 1.00440e-08 1.04166e-09-7.00579e-09-1.38549e-08
-1.89440e-08-2.20354e-08-2.33265e-08-2.30658e-08-2.14513e-08-1.87860e-08
-1.54455e-08-1.17476e-08-7.97349e-09-4.40136e-09-1.24022e-09 1.38926e-09
 3.41108e-09 4.79680e-09 5.58146e-09 5.83691e-09 5.65410e-09 5.14616e-09
 4.43203e-09 3.61849e-09 2.80073e-09 2.05870e-09 1.44883e-09 1.00575e-09
 7.44270e-10 6.58376e-10 7.25743e-10 9.13055e-10 1.17862e-09 1.47746e-09
 1.76657e-09 2.00732e-09 2.16788e-09 2.22559e-09 2.16727e-09 1.98911e-09
 1.69636e-09 1.30216e-09 8.26354e-10 2.93944e-10-2.67693e-10-8.31066e-10
-1.36988e-09-1.86029e-09-2.28193e-09-2.61852e-09-2.85807e-09-2.99312e-09
-3.02101e-09-2.94412e-09-2.76934e-09-2.50718e-09-2.17070e-09-1.77458e-09
-1.33442e-09-8.66089e-10-3.85407e-10 9.18853e-11 5.50698e-10 9.77719e-10
 1.36198e-09 1.69437e-09 1.96706e-09 2.17380e-09 2.31051e-09 2.37535e-09
 2.36838e-09 2.29117e-09 2.14698e-09 1.94131e-09 1.68200e-09 1.37824e-09
 1.03937e-09 6.74545e-10 2.93451e-10-9.26810e-11-4.71096e-10-8.29169e-10
-1.15639e-09-1.44473e-09-1.68704e-09-1.87579e-09-2.00384e-09-2.06665e-09
-2.06348e-09-1.99649e-09-1.86887e-09-1.68412e-09-1.44713e-09-1.16551e-09
-8.49353e-10-5.09776e-10-1.57421e-10 1.97608e-10 5.44670e-10 8.72130e-10
 1.16853e-09 1.42433e-09 1.63275e-09 1.78890e-09 1.88836e-09 1.92737e-09
 1.90438e-09 1.82127e-09 1.68292e-09 1.49562e-09 1.26588e-09 1.00079e-09
 7.08898e-10 4.00413e-10 8.63289e-11-2.22817e-10-5.17764e-10-7.90444e-10
-1.03350e-09-1.24012e-09-1.40455e-09-1.52282e-09-1.59328e-09-1.61617e-09
-1.59323e-09-1.52737e-09-1.42264e-09-1.28398e-09-1.11711e-09-9.28520e-10
-7.25194e-10-5.14042e-10-3.01430e-10-9.30113e-11 1.06157e-10 2.91566e-10
 4.59584e-10 6.07698e-10 7.34505e-10 8.39757e-10 9.24218e-10 9.89178e-10
 1.03605e-09 1.06639e-09 1.08203e-09 1.08498e-09 1.07692e-09 1.05879e-09
 1.03058e-09 9.91201e-10 9.38677e-10 8.70409e-10 7.83389e-10 6.74329e-10
 5.39971e-10 3.77720e-10 1.86564e-10-3.21334e-11-2.74416e-10-5.34070e-10
-8.02889e-10-1.07072e-09-1.32586e-09-1.55601e-09-1.74949e-09-1.89650e-09
-1.98978e-09-2.02444e-09-1.99741e-09-1.90697e-09-1.75246e-09-1.53334e-09
-1.24817e-09-8.94331e-10-4.68956e-10 2.85460e-11 5.93596e-10 1.21407e-09
 1.86865e-09 2.52554e-09 3.14205e-09 3.66629e-09 4.04201e-09 4.21604e-09
 4.14650e-09 3.81001e-09 3.20664e-09 2.36265e-09 1.33080e-09 1.87032e-10
-9.77730e-10-2.06954e-09-3.00434e-09-3.71841e-09-4.17460e-09-4.36480e-09
-4.30884e-09-4.04987e-09-3.64596e-09-3.15910e-09-2.64433e-09-2.14238e-09
-1.67722e-09-1.25751e-09-8.80137e-10-5.34216e-10-2.05263e-10 1.20460e-10
 4.52743e-10 7.96813e-10 1.15528e-09 1.53105e-09 1.92879e-09 2.35358e-09
 2.80761e-09 3.28666e-09 3.77731e-09 4.25577e-09 4.68862e-09 5.03536e-09
 5.25326e-09 5.30377e-09 5.15900e-09 4.80579e-09 4.24639e-09 3.49594e-09
 2.57838e-09 1.52236e-09 3.57998e-10-8.84829e-10-2.17609e-09-3.48365e-09
-4.77088e-09-5.99538e-09-7.10998e-09-8.06622e-09-8.81933e-09-9.33350e-09
-9.58590e-09-9.56826e-09-9.28574e-09-8.75371e-09-7.99393e-09-7.03147e-09
-5.89359e-09-4.61040e-09-3.21647e-09-1.75219e-09-2.63518e-10 1.20049e-09
 2.59252e-09 3.87323e-09 5.01706e-09 6.01579e-09 6.87893e-09 7.63118e-09
 8.30783e-09 8.94931e-09 9.59635e-09 1.02863e-08 1.10505e-08 1.19116e-08
 1.28800e-08 1.39479e-08 1.50829e-08 1.62208e-08 1.72625e-08 1.80733e-08
 1.84895e-08 1.83298e-08 1.74114e-08 1.55685e-08 1.26703e-08 8.63856e-09
 3.46247e-09-2.78802e-09-9.95164e-09-1.77689e-08-2.58812e-08-3.38408e-08
-4.11333e-08-4.72185e-08-5.15819e-08-5.37912e-08-5.35453e-08-5.07105e-08
-4.53380e-08-3.76645e-08-2.80954e-08-1.71749e-08-5.54405e-09 6.10789e-09
 1.70977e-08 2.68038e-08 3.47196e-08 4.04987e-08 4.39832e-08 4.52063e-08
 4.43640e-08 4.17662e-08 3.77840e-08 3.28107e-08 2.72347e-08 2.14196e-08
 1.56855e-08 1.02930e-08 5.43410e-09 1.23312e-09-2.24849e-09-5.00505e-09
-7.07914e-09-8.55122e-09-9.52530e-09-1.01126e-08-1.04174e-08-1.05284e-08
-1.05163e-08-1.04342e-08-1.03184e-08-1.01887e-08-1.00474e-08-9.88024e-09
-9.66002e-09-9.35125e-09-8.91717e-09-8.32638e-09-7.55797e-09-6.60365e-09
-5.46699e-09-4.16128e-09-2.70765e-09-1.13454e-09 5.21317e-10 2.21384e-09
 3.88810e-09 5.48363e-09 6.93986e-09 8.20174e-09 9.22321e-09 9.96776e-09
 1.04069e-08 1.05184e-08 1.02868e-08 9.70553e-09 8.78065e-09 7.53243e-09
 5.99473e-09 4.21192e-09 2.23536e-09 1.20570e-10-2.07393e-09-4.28649e-09
-6.45202e-09-8.50311e-09-1.03735e-08-1.20030e-08-1.33418e-08-1.43519e-08
-1.50054e-08-1.52817e-08-1.51651e-08-1.46452e-08-1.37188e-08-1.23930e-08
-1.06868e-08-8.63133e-09-6.26891e-09-3.65264e-09-8.46892e-10 2.07178e-09
 5.01469e-09 7.88388e-09 1.05788e-08 1.30059e-08 1.50877e-08 1.67691e-08
 1.80190e-08 1.88288e-08 1.92091e-08 1.91851e-08 1.87912e-08 1.80645e-08
 1.70385e-08 1.57366e-08 1.41677e-08 1.23276e-08 1.02059e-08 7.79565e-09
 5.10396e-09 2.15837e-09-9.90310e-10-4.26869e-09-7.58307e-09-1.08222e-08
-1.38610e-08-1.65660e-08-1.88043e-08-2.04534e-08-2.14110e-08-2.16028e-08
-2.09876e-08-1.95606e-08-1.73576e-08-1.44578e-08-1.09878e-08-7.12166e-09
-3.07510e-09 9.06878e-10 4.56875e-09 7.66658e-09 9.99169e-09 1.13941e-08
 1.18037e-08 1.12450e-08 9.84486e-09 7.82701e-09 5.49585e-09 3.20971e-09
 1.34947e-09 2.86906e-10
     0.0000e+00     0.0000e+00      0  0  0.00
     512   1.00000  0.0000e+00
-3.55876e-08-3.75900e-08-3.82428e-08-3.71752e-08-3.40595e-08-2.86455e-08
-2.07974e-08-1.05271e-08 1.97776e-09 1.63350e-08 3.19619e-08 4.80846e-08
 6.37641e-08 7.79413e-08 8.94989e-08 9.73406e-08 1.00498e-07 9.82660e-08
 9.03126e-08 7.67756e-08 5.84145e-08 3.66862e-08 1.35177e-08-9.02690e-09
-2.89648e-08-4.46577e-08-5.51160e-08-6.01502e-08-6.03494e-08-5.68931e-08
-5.12170e-08-4.46622e-08-3.82239e-08-3.24883e-08-2.77595e-08-2.42640e-08
-2.22920e-08-2.21674e-08-2.40863e-08-2.80059e-08-3.36887e-08-4.08732e-08
-4.94259e-08-5.92629e-08-6.99532e-08-8.01745e-08-8.74740e-08-8.88446e-08
-8.19679e-08-6.61272e-08-4.21700e-08-1.19810e-08 2.21339e-08 5.80624e-08
 9.40071e-08 1.28055e-07 1.57959e-07 1.81455e-07 1.96570e-07 2.01608e-07
 1.95390e-07 1.77967e-07 1.50993e-07 1.17238e-07 7.97219e-08 4.09787e-08
 2.69704e-09-3.42459e-08-6.95551e-08-1.03093e-07-1.34223e-07-1.61254e-07
-1.81381e-07-1.91318e-07-1.88498e-07-1.72361e-07-1.45061e-07-1.11051e-07
-7.55258e-08-4.24223e-08-1.31642e-08 1.29674e-08 3.69734e-08 5.82273e-08
 7.42655e-08 8.26660e-08 8.33194e-08 7.87016e-08 7.17071e-08 6.34247e-08
 5.33513e-08 4.14628e-08 2.92403e-08 1.84402e-08 9.64701e-09 2.56498e-09
-2.87603e-09-6.40571e-09-8.04824e-09-8.21136e-09-7.28836e-09-5.58406e-09
-3.47358e-09-1.33237e-09 5.85614e-10 2.08616e-09 3.00093e-09 3.25791e-09
 2.87628e-09 1.90878e-09 4.48031e-10-1.36677e-09-3.38547e-09-5.45792e-09
-7.42968e-09-9.16387e-09-1.05564e-08-1.15325e-08-1.20504e-08-1.21044e-08
-1.17143e-08-1.09199e-08-9.77937e-09-8.36191e-09-6.74401e-09-5.00715e-09
-3.23141e-09-1.48907e-09 1.58842e-10 1.66478e-09 2.99370e-09 4.11991e-09
 5.02643e-09 5.70605e-09 6.16156e-09 6.40555e-09 6.45853e-09 6.34537e-09
 6.09226e-09 5.72465e-09 5.26522e-09 4.73322e-09 4.14564e-09 3.51885e-09
 2.86895e-09 2.21149e-09 1.56100e-09 9.30108e-10 3.29247e-10-2.32681e-10
-7.48113e-10-1.21162e-09-1.61937e-09-1.96769e-09-2.25320e-09-2.47369e-09
-2.62811e-09-2.71651e-09-2.74018e-09-2.70118e-09-2.60273e-09-2.45076e-09
-2.25391e-09-2.02193e-09-1.76477e-09-1.49208e-09-1.21199e-09-9.30686e-10
-6.54034e-10-3.88943e-10-1.42845e-10 7.77528e-11 2.68562e-10 4.28086e-10
 5.56720e-10 6.55521e-10 7.26477e-10 7.73239e-10 8.00857e-10 8.14935e-10
 8.20477e-10 8.20977e-10 8.18834e-10 8.16553e-10 8.17349e-10 8.24438e-10
 8.39518e-10 8.62153e-10 8.90493e-10 9.21703e-10 9.51700e-10 9.75055e-10
 9.85450e-10 9.76900e-10 9.45004e-10 8.87110e-10 8.01821e-10 6.88173e-10
 5.44838e-10 3.70641e-10 1.65979e-10-6.63412e-11-3.20934e-10-5.90341e-10
-8.65927e-10-1.13809e-09-1.39607e-09-1.62846e-09-1.82433e-09-1.97441e-09
-2.07158e-09-2.11033e-09-2.08596e-09-1.99435e-09-1.83269e-09-1.60092e-09
-1.30302e-09-9.47078e-10-5.44492e-10-1.08923e-10 3.44561e-10 8.00021e-10
 1.24104e-09 1.65104e-09 2.01385e-09 2.31449e-09 2.53978e-09 2.67846e-09
 2.72143e-09 2.66250e-09 2.50010e-09 2.23862e-09 1.88807e-09 1.46249e-09
 9.78414e-10 4.54469e-10-8.89185e-11-6.30136e-10-1.14704e-09-1.61780e-09
-2.02208e-09-2.34192e-09-2.56224e-09-2.67243e-09-2.66785e-09-2.55007e-09
-2.32611e-09-2.00743e-09-1.60850e-09-1.14623e-09-6.40325e-10-1.12970e-10
 4.12658e-10 9.13071e-10 1.36469e-09 1.74519e-09 2.03521e-09 2.21964e-09
 2.28932e-09 2.24219e-09 2.08262e-09 1.82021e-09 1.46996e-09 1.05260e-09
 5.93944e-10 1.23624e-10-3.27174e-10-7.29083e-10-1.05767e-09-1.29563e-09
-1.43482e-09-1.47741e-09-1.43480e-09-1.32501e-09-1.16972e-09-9.91134e-10
-8.09382e-10-6.40886e-10-4.97303e-10-3.84921e-10-3.05078e-10-2.55532e-10
-2.31908e-10-2.28234e-10-2.36840e-10-2.48749e-10-2.54648e-10-2.45670e-10
-2.13153e-10-1.46883e-10-3.34548e-11 1.42701e-10 3.95232e-10 7.30219e-10
 1.14155e-09 1.60976e-09 2.10407e-09 2.58599e-09 3.01400e-09 3.34814e-09
 3.55450e-09 3.60924e-09 3.50081e-09 3.22955e-09 2.80573e-09 2.24721e-09
 1.57673e-09 8.19263e-10-3.49942e-13-8.58922e-10-1.73469e-09-2.60610e-09
-3.45051e-09-4.24352e-09-4.96004e-09-5.57657e-09-6.07358e-09-6.43694e-09
-6.65818e-09-6.73357e-09-6.66190e-09-6.44149e-09-6.06781e-09-5.53350e-09
-4.83093e-09-3.95623e-09-2.91347e-09-1.71792e-09-3.97834e-10 1.00634e-09
 2.44583e-09 3.86947e-09 5.22922e-09 6.48355e-09 7.59853e-09 8.54810e-09
 9.31404e-09 9.88565e-09 1.02594e-08 1.04388e-08 1.04353e-08 1.02687e-08
 9.96670e-09 9.56257e-09 9.09121e-09 8.58503e-09 8.06966e-09 7.56003e-09
 7.05722e-09 6.54697e-09 6.00006e-09 5.37427e-09 4.61666e-09 3.66513e-09
 2.44916e-09 8.91115e-10-1.09025e-09-3.57240e-09-6.61736e-09-1.02568e-08
-1.44758e-08-1.91978e-08-2.42753e-08-2.94869e-08-3.45434e-08-3.91002e-08
-4.27750e-08-4.51703e-08-4.59009e-08-4.46283e-08-4.11004e-08-3.51945e-08
-2.69571e-08-1.66314e-08-4.66193e-09 8.33036e-09 2.15978e-08 3.43318e-08
 4.57347e-08 5.50883e-08 6.18131e-08 6.55154e-08 6.60175e-08 6.33714e-08
 5.78528e-08 4.99346e-08 4.02431e-08 2.94975e-08 1.84377e-08 7.74856e-09
-2.00328e-09-1.04024e-08-1.71857e-08-2.22260e-08-2.55138e-08-2.71438e-08
-2.72994e-08-2.62300e-08-2.42211e-08-2.15680e-08-1.85562e-08-1.54480e-08
-1.24700e-08-9.79973e-09-7.55420e-09-5.78666e-09-4.49374e-09-3.62958e-09
-3.12200e-09-2.88642e-09-2.83631e-09-2.89017e-09-2.97555e-09-3.03132e-09
-3.00949e-09-2.87760e-09-2.62036e-09-2.23851e-09-1.74399e-09-1.15346e-09
-4.84001e-10 2.46403e-10 1.01460e-09 1.78777e-09 2.52245e-09 3.16893e-09
 3.68005e-09 4.02128e-09 4.17789e-09 4.15591e-09 3.97660e-09 3.66811e-09
 3.25953e-09 2.77987e-09 2.25986e-09 1.73218e-09 1.22772e-09 7.69800e-10
 3.70723e-10 3.30201e-11-2.45492e-10-4.66267e-10-6.27150e-10-7.23397e-10
-7.52055e-10-7.17371e-10-6.33462e-10-5.21164e-10-3.99495e-10-2.76407e-10
-1.44405e-10 1.70672e-11 2.35600e-10 5.40782e-10 9.61699e-10 1.52455e-09
 2.24771e-09 3.13467e-09 4.16783e-09 5.30586e-09 6.48500e-09 7.62358e-09
 8.62862e-09 9.40263e-09 9.84824e-09 9.86956e-09 9.37269e-09 8.27036e-09
 6.49339e-09 4.00678e-09 8.24577e-10-2.97980e-09-7.26752e-09-1.18313e-08
-1.63968e-08-2.06333e-08-2.41740e-08-2.66497e-08-2.77304e-08-2.71739e-08
-2.48698e-08-2.08698e-08-1.53956e-08-8.82161e-09-1.63671e-09 5.60718e-09
 1.23531e-08 1.80973e-08 2.24415e-08 2.51301e-08 2.60669e-08 2.53131e-08
 2.30687e-08 1.96420e-08 1.54090e-08 1.07682e-08 6.10004e-09 1.73793e-09
-2.04921e-09-5.06839e-09-7.20953e-09-8.44754e-09-8.83724e-09-8.50047e-09
-7.60699e-09-6.35140e-09-4.92858e-09-3.51211e-09-2.24051e-09-1.21230e-09
-4.85229e-10-1.00816e-10
     0.0000e+00     0.0000e+00      0  0  0.00
     512   1.00000  0.0000e+00
-1.97055e-08-2.20751e-08-2.37742e-08-2.44960e-08-2.39396e-08-2.18373e-08
-1.79832e-08-1.22632e-08-4.68364e-09 4.60597e-09 1.52958e-08 2.69094e-08
 3.88099e-08 5.02211e-08 6.02641e-08 6.80153e-08 7.26104e-08 7.34069e-08
 7.00920e-08 6.26442e-08 5.13191e-08 3.67545e-08 1.99726e-08 2.22675e-09
-1.51428e-08-3.08655e-08-4.39436e-08-5.38062e-08-6.03686e-08-6.39943e-08
-6.53464e-08-6.51713e-08-6.41090e-08-6.26113e-08-6.09862e-08-5.94856e-08
-5.83070e-08-5.74829e-08-5.67374e-08-5.54081e-08-5.25373e-08-4.71444e-08
-3.85099e-08-2.63025e-08-1.05538e-08 8.42301e-09 3.01029e-08 5.38151e-08
 7.87966e-08 1.04117e-07 1.28459e-07 1.50019e-07 1.66743e-07 1.76684e-07
 1.78174e-07 1.69875e-07 1.50964e-07 1.21374e-07 8.19079e-08 3.42648e-08
-1.89270e-08-7.41664e-08-1.27283e-07-1.73750e-07-2.09131e-07-2.29683e-07
-2.33002e-07-2.18543e-07-1.87875e-07-1.44571e-07-9.36918e-08-4.09214e-08
 8.43072e-09 5.02979e-08 8.23437e-08 1.03929e-07 1.15627e-07 1.18556e-07
 1.13861e-07 1.02591e-07 8.59344e-08 6.55507e-08 4.36166e-08 2.24405e-08
 3.85784e-09-1.11526e-08-2.23524e-08-2.97946e-08-3.35104e-08-3.35993e-08
-3.05058e-08-2.50679e-08-1.82486e-08-1.08617e-08-3.54306e-09 3.14574e-09
 8.70892e-09 1.28056e-08 1.52873e-08 1.61562e-08 1.55257e-08 1.36083e-08
 1.06896e-08 7.09059e-09 3.14127e-09-8.40111e-10-4.57198e-09-7.82655e-09
-1.04353e-08-1.22924e-08-1.33558e-08-1.36404e-08-1.32091e-08-1.21619e-08
-1.06248e-08-8.73699e-09-6.64039e-09-4.47019e-09-2.34730e-09-3.73128e-10
 1.37385e-09 2.83982e-09 3.99490e-09 4.83085e-09 5.35803e-09 5.60183e-09
 5.59842e-09 5.39051e-09 5.02355e-09 4.54258e-09 3.98971e-09 3.40202e-09
 2.81011e-09 2.23746e-09 1.70072e-09 1.21020e-09 7.70450e-10 3.81571e-10
 4.09099e-11-2.55875e-10-5.14132e-10-7.39164e-10-9.35392e-10-1.10620e-09
-1.25360e-09-1.37788e-09-1.47803e-09-1.55233e-09-1.59842e-09-1.61361e-09
-1.59573e-09-1.54321e-09-1.45513e-09-1.33193e-09-1.17553e-09-9.88727e-10
-7.75324e-10-5.40918e-10-2.92518e-10-3.75268e-11 2.16570e-10 4.62343e-10
 6.92674e-10 9.00518e-10 1.07887e-09 1.22182e-09 1.32535e-09 1.38682e-09
 1.40430e-09 1.37682e-09 1.30471e-09 1.18970e-09 1.03529e-09 8.46404e-10
 6.28363e-10 3.86791e-10 1.28518e-10-1.38117e-10-4.04053e-10-6.60664e-10
-9.00210e-10-1.11534e-09-1.29858e-09-1.44252e-09-1.54067e-09-1.58860e-09
-1.58397e-09-1.52565e-09-1.41340e-09-1.24834e-09-1.03349e-09-7.74339e-10
-4.78697e-10-1.55588e-10 1.85430e-10 5.33976e-10 8.78511e-10 1.20653e-09
 1.50549e-09 1.76383e-09 1.97108e-09 2.11777e-09 2.19592e-09 2.19952e-09
 2.12490e-09 1.97132e-09 1.74105e-09 1.43902e-09 1.07288e-09 6.52980e-10
 1.92214e-10-2.94205e-10-7.89478e-10-1.27612e-09-1.73625e-09-2.15197e-09
-2.50616e-09-2.78327e-09-2.97012e-09-3.05654e-09-3.03578e-09-2.90474e-09
-2.66434e-09-2.31964e-09-1.87984e-09-1.35818e-09-7.71644e-10-1.40163e-10
 5.13990e-10 1.16690e-09 1.79390e-09 2.37037e-09 2.87287e-09 3.28022e-09
 3.57433e-09 3.74102e-09 3.77088e-09 3.65955e-09 3.40799e-09 3.02310e-09
 2.51751e-09 1.90904e-09 1.22034e-09 4.78116e-10-2.88329e-10-1.04823e-09
-1.77043e-09-2.42518e-09-2.98571e-09-3.42914e-09-3.73768e-09-3.89983e-09
-3.91054e-09-3.77090e-09-3.48817e-09-3.07545e-09-2.55064e-09-1.93554e-09
-1.25510e-09-5.36130e-10 1.93607e-10 9.05543e-10 1.57057e-09 2.16031e-09
 2.64854e-09 3.01234e-09 3.23358e-09 3.30075e-09 3.21059e-09 2.97006e-09
 2.59802e-09 2.12494e-09 1.59050e-09 1.04034e-09 5.21942e-10 7.97334e-11
-2.50410e-10-4.46521e-10-5.04934e-10-4.42043e-10-2.92387e-10-1.03783e-10
 6.89470e-11 1.71104e-10 1.55997e-10-7.55800e-12-3.29674e-10-7.96938e-10
-1.37411e-09-2.00939e-09-2.64138e-09-3.20627e-09-3.64493e-09-3.90904e-09
-3.96593e-09-3.80101e-09-3.41701e-09-2.83146e-09-2.07336e-09-1.18008e-09
-1.95196e-10 8.33410e-10 1.85579e-09 2.82215e-09 3.68479e-09 4.40039e-09
 4.93265e-09 5.25506e-09 5.35372e-09 5.22882e-09 4.89412e-09 4.37470e-09
 3.70357e-09 2.91770e-09 2.05446e-09 1.14878e-09 2.31280e-10-6.72116e-10
-1.53938e-09-2.35127e-09-3.09027e-09-3.74018e-09-4.28684e-09-4.71928e-09
-5.03064e-09-5.21875e-09-5.28569e-09-5.23629e-09-5.07628e-09-4.81024e-09
-4.44001e-09-3.96434e-09-3.37963e-09-2.68157e-09-1.86718e-09-9.36741e-10
 1.05223e-10 1.24957e-09 2.48261e-09 3.78641e-09 5.13836e-09 6.51006e-09
 7.86570e-09 9.16019e-09 1.03380e-08 1.13334e-08 1.20726e-08 1.24774e-08
 1.24703e-08 1.19806e-08 1.09502e-08 9.33939e-09 7.13175e-09 4.33888e-09
 1.00461e-09-2.79115e-09-6.92964e-09-1.12525e-08-1.55640e-08-1.96367e-08
-2.32221e-08-2.60645e-08-2.79184e-08-2.85673e-08-2.78434e-08-2.56454e-08
-2.19537e-08-1.68427e-08-1.04872e-08-3.16307e-09 4.75975e-09 1.28342e-08
 2.05624e-08 2.74314e-08 3.29554e-08 3.67190e-08 3.84175e-08 3.78873e-08
 3.51244e-08 3.02885e-08 2.36932e-08 1.57820e-08 7.09419e-09-1.77873e-09
-1.02406e-08-1.77398e-08-2.38144e-08-2.81290e-08-3.04984e-08-3.08938e-08
-2.94312e-08-2.63464e-08-2.19623e-08-1.66553e-08-1.08239e-08-4.86091e-09
 8.71053e-10 6.05981e-09 1.04578e-08 1.38899e-08 1.62560e-08 1.75286e-08
 1.77463e-08 1.70038e-08 1.54395e-08 1.32204e-08 1.05288e-08 7.54928e-09
 4.45972e-09 1.42328e-09-1.41739e-09-3.94488e-09-6.07012e-09-7.73362e-09
-8.90467e-09-9.57879e-09-9.77380e-09-9.52509e-09-8.88109e-09-7.89943e-09
-6.64399e-09-5.18239e-09-3.58344e-09-1.91464e-09-2.39574e-10 1.38441e-09
 2.90760e-09 4.28832e-09 5.49226e-09 6.49179e-09 7.26541e-09 7.79789e-09
 8.08066e-09 8.11217e-09 7.89767e-09 7.44825e-09 6.77934e-09 5.90954e-09
 4.86016e-09 3.65523e-09 2.32168e-09 8.89222e-10-6.09977e-10-2.14217e-09
-3.67308e-09-5.16867e-09-6.59522e-09-7.91892e-09-9.10589e-09-1.01231e-08
-1.09399e-08-1.15303e-08-1.18740e-08-1.19575e-08-1.17739e-08-1.13217e-08
-1.06042e-08-9.62818e-09-8.40401e-09-6.94440e-09-5.26413e-09-3.37990e-09
-1.31074e-09 9.20579e-10 3.28481e-09 5.74253e-09 8.24094e-09 1.07126e-08
 1.30765e-08 1.52413e-08 1.71105e-08 1.85885e-08 1.95876e-08 2.00358e-08
 1.98833e-08 1.91076e-08 1.77175e-08 1.57519e-08 1.32763e-08 1.03753e-08
 7.14528e-09 3.68857e-09 1.10530e-10-3.48135e-09-6.97689e-09-1.02630e-08
-1.32250e-08-1.57494e-08-1.77290e-08-1.90694e-08-1.96980e-08-1.95722e-08
-1.86862e-08-1.70756e-08-1.48173e-08-1.20263e-08-8.84966e-09-5.45854e-09
-2.03940e-09 1.21590e-09 4.12176e-09 6.51207e-09 8.25381e-09 9.25956e-09
 9.49806e-09 9.00165e-09 7.86969e-09 6.26728e-09 4.41878e-09 2.59567e-09
 1.09820e-09 2.34770e-10
     0.0000e+00     0.0000e+00      0  0  0.00
     512   1.00000  0.0000e+00
-1.97619e-08-2.00375e-08-1.94662e-08-1.79299e-08-1.53535e-08-1.17191e-08
-7.07681e-09-1.55373e-09 4.64307e-09 1.12287e-08 1.78494e-08 2.40986e-08
 2.95398e-08 3.37359e-08 3.62843e-08 3.68616e-08 3.52990e-08 3.16670e-08
 2.62646e-08 1.95298e-08 1.20446e-08 4.56714e-09-2.09618e-09-7.24209e-09
-1.03270e-08-1.10282e-08-9.30619e-09-5.41584e-09 1.18821e-10 6.58972e-09
 1.32267e-08 1.92925e-08 2.41275e-08 2.71425e-08 2.77797e-08 2.55119e-08
 1.99226e-08 1.08299e-08-1.62889e-09-1.70086e-08-3.46290e-08-5.36387e-08
-7.30451e-08-9.17156e-08-1.08386e-07-1.21694e-07-1.30239e-07-1.32677e-07
-1.27890e-07-1.15167e-07-9.42885e-08-6.55052e-08-2.95409e-08 1.23264e-08
 5.81592e-08 1.05371e-07 1.50902e-07 1.91433e-07 2.23575e-07 2.44135e-07
 2.50424e-07 2.40596e-07 2.14018e-07 1.71586e-07 1.15860e-07 5.10209e-08
-1.74230e-08-8.32319e-08-1.40272e-07-1.83439e-07-2.09461e-07-2.17375e-07
-2.08525e-07-1.86068e-07-1.54117e-07-1.16827e-07-7.77086e-08-3.93963e-08
-3.84230e-09 2.73057e-08 5.24818e-08 7.03475e-08 8.02150e-08 8.24066e-08
 7.81972e-08 6.93128e-08 5.73473e-08 4.35298e-08 2.89218e-08 1.46763e-08
 1.97696e-09-8.28262e-09-1.56983e-08-2.02398e-08-2.20367e-08-2.13264e-08
-1.85130e-08-1.41510e-08-8.83673e-09-3.13489e-09 2.43949e-09 7.44348e-09
 1.15393e-08 1.45034e-08 1.62199e-08 1.66783e-08 1.59630e-08 1.42307e-08
 1.16877e-08 8.57262e-09 5.13475e-09 1.61413e-09-1.77250e-09-4.84279e-09
-7.45681e-09-9.51951e-09-1.09799e-08-1.18284e-08-1.20910e-08-1.18228e-08
-1.11000e-08-1.00128e-08-8.65724e-09-7.12861e-09-5.51618e-09-3.89881e-09
-2.34232e-09-8.98195e-10 3.96621e-10 1.51895e-09 2.45790e-09 3.21287e-09
 3.79132e-09 4.20637e-09 4.47450e-09 4.61354e-09 4.64088e-09 4.57232e-09
 4.42167e-09 4.20088e-09 3.91999e-09 3.58715e-09 3.20927e-09 2.79275e-09
 2.34333e-09 1.86660e-09 1.36911e-09 8.58656e-10 3.43929e-10-1.65408e-10
-6.58729e-10-1.12500e-09-1.55314e-09-1.93229e-09-2.25272e-09-2.50631e-09
-2.68644e-09-2.78861e-09-2.81127e-09-2.75560e-09-2.62522e-09-2.42639e-09
-2.16764e-09-1.85865e-09-1.51032e-09-1.13526e-09-7.47119e-10-3.59028e-10
 1.69993e-11 3.70061e-10 6.90385e-10 9.69522e-10 1.20092e-09 1.38068e-09
 1.50731e-09 1.58101e-09 1.60356e-09 1.57859e-09 1.51125e-09 1.40816e-09
 1.27690e-09 1.12511e-09 9.59968e-10 7.88220e-10 6.16631e-10 4.51859e-10
 2.99167e-10 1.61672e-10 4.11266e-11-6.13754e-11-1.45437e-10-2.11789e-10
-2.62778e-10-3.01979e-10-3.33317e-10-3.60806e-10-3.88278e-10-4.19042e-10
-4.56036e-10-5.01616e-10-5.56877e-10-6.21436e-10-6.93522e-10-7.70323e-10
-8.48317e-10-9.22917e-10-9.88222e-10-1.03774e-09-1.06514e-09-1.06443e-09
-1.02996e-09-9.56885e-10-8.41808e-10-6.83256e-10-4.81896e-10-2.40534e-10
 3.57901e-11 3.39846e-10 6.62531e-10 9.92990e-10 1.31865e-09 1.62585e-09
 1.90070e-09 2.12961e-09 2.29982e-09 2.39997e-09 2.42077e-09 2.35575e-09
 2.20168e-09 1.95872e-09 1.63060e-09 1.22495e-09 7.53122e-10 2.29618e-10
-3.28143e-10-9.00093e-10-1.46427e-09-1.99790e-09-2.47827e-09-2.88370e-09
-3.19462e-09-3.39462e-09-3.47117e-09-3.41639e-09-3.22797e-09-2.90947e-09
-2.47046e-09-1.92641e-09-1.29785e-09-6.09478e-10 1.10513e-10 8.31764e-10
 1.52391e-09 2.15807e-09 2.70771e-09 3.15003e-09 3.46692e-09 3.64514e-09
 3.67675e-09 3.55975e-09 3.29773e-09 2.89933e-09 2.37854e-09 1.75498e-09
 1.05389e-09 3.05994e-10-4.53055e-10-1.18409e-09-1.84604e-09-2.39783e-09
-2.80189e-09-3.02855e-09-3.06017e-09-2.89436e-09-2.54609e-09-2.04781e-09
-1.44762e-09-8.05598e-10-1.87682e-10 3.42254e-10 7.30882e-10 9.42561e-10
 9.63855e-10 8.05403e-10 5.01032e-10 1.03633e-10-3.21779e-10-7.07052e-10
-9.90586e-10-1.12529e-09-1.08361e-09-8.59809e-10-4.69204e-10 5.49574e-11
 6.66325e-10 1.31173e-09 1.93740e-09 2.49366e-09 2.93791e-09 3.23620e-09
 3.36384e-09 3.30616e-09 3.05916e-09 2.62940e-09 2.03393e-09 1.30012e-09
 4.64755e-10-4.27507e-10-1.32716e-09-2.18413e-09-2.95231e-09-3.59342e-09
-4.07986e-09-4.39558e-09-4.53567e-09-4.50462e-09-4.31374e-09-3.97830e-09
-3.51540e-09-2.94291e-09-2.27956e-09-1.54542e-09-7.62240e-10 4.69187e-11
 8.58589e-10 1.65041e-09 2.40303e-09 3.10154e-09 3.73602e-09 4.30099e-09
 4.79364e-09 5.21168e-09 5.55126e-09 5.80563e-09 5.96472e-09 6.01587e-09
 5.94509e-09 5.73835e-09 5.38252e-09 4.86564e-09 4.17653e-09 3.30465e-09
 2.24049e-09 9.76991e-10-4.87886e-10-2.14773e-09-3.98411e-09-5.96353e-09
-8.03561e-09-1.01329e-08-1.21722e-08-1.40566e-08-1.56788e-08-1.69245e-08
-1.76768e-08-1.78217e-08-1.72550e-08-1.58908e-08-1.36713e-08-1.05773e-08
-6.63804e-09-1.93786e-09 3.37953e-09 9.11186e-09 1.50036e-08 2.07556e-08
 2.60395e-08 3.05158e-08 3.38548e-08 3.57614e-08 3.60002e-08 3.44212e-08
 3.09823e-08 2.57649e-08 1.89796e-08 1.09593e-08 2.13963e-09-6.97080e-09
-1.58283e-08-2.38954e-08-3.06824e-08-3.57846e-08-3.89134e-08-3.99173e-08
-3.87930e-08-3.56833e-08-3.08622e-08-2.47080e-08-1.76663e-08-1.02072e-08
-2.78474e-09 4.19636e-09 1.04028e-08 1.55843e-08 1.95780e-08 2.23068e-08
 2.37733e-08 2.40492e-08 2.32617e-08 2.15782e-08 1.91903e-08 1.62993e-08
 1.31027e-08 9.78248e-09 6.49654e-09 3.37334e-09 5.10518e-10-2.02373e-09
-4.18760e-09-5.96224e-09-7.34817e-09-8.36164e-09-9.03043e-09-9.38934e-09
-9.47576e-09-9.32614e-09-8.97389e-09-8.44864e-09-7.77638e-09-6.98039e-09
-6.08218e-09-5.10235e-09-4.06087e-09-2.97715e-09-1.87027e-09-7.59817e-10
 3.32986e-10 1.38444e-09 2.36845e-09 3.25772e-09 4.02573e-09 4.64897e-09
 5.10866e-09 5.39198e-09 5.49269e-09 5.41154e-09 5.15653e-09 4.74308e-09
 4.19406e-09 3.53923e-09 2.81359e-09 2.05471e-09 1.29981e-09 5.83224e-10
-6.51563e-11-6.20990e-10-1.06633e-09-1.39044e-09-1.59075e-09-1.67360e-09
-1.65483e-09-1.55925e-09-1.41918e-09-1.27194e-09-1.15704e-09-1.11346e-09
-1.17710e-09-1.37803e-09-1.73680e-09-2.25997e-09-2.93569e-09-3.73054e-09
-4.58838e-09-5.43167e-09-6.16500e-09-6.68124e-09-6.87007e-09-6.62844e-09
-5.87237e-09-4.54929e-09-2.65007e-09-2.18595e-10 2.64334e-09 5.77746e-09
 8.97672e-09 1.19986e-08 1.45827e-08 1.64738e-08 1.74491e-08 1.73486e-08
 1.61005e-08 1.37383e-08 1.04037e-08 6.33543e-09 1.84526e-09-2.71524e-09
-6.99270e-09-1.06688e-08-1.34913e-08-1.52959e-08-1.60171e-08-1.56883e-08
-1.44291e-08-1.24238e-08-9.89501e-09-7.07738e-09-4.19792e-09-1.46128e-09
 9.61090e-10 2.93952e-09 4.39202e-09 5.28695e-09 5.64183e-09 5.51753e-09
 5.00846e-09 4.23011e-09 3.30608e-09 2.35607e-09 1.48596e-09 7.80319e-10
 2.96962e-10 5.81297e-11
