      10
(6e12.5)
     0.0000e+00     0.0000e+00      0  0  0.00
     400   1.00000  0.0000e+00
 1.66029e-08 5.06663e-08 8.24369e-08 1.10092e-07 1.32206e-07 1.47792e-07
 1.56310e-07 1.57653e-07 1.52102e-07 1.40273e-07 1.23053e-07 1.01526e-07
 7.69011e-08 5.04452e-08 2.34170e-08-2.98713e-09-2.76791e-08-4.97167e-08
-6.83302e-08-8.29399e-08-9.31666e-08-9.88319e-08-9.99529e-08-9.67305e-08
-8.95327e-08-7.88726e-08-6.53837e-08-4.97910e-08-3.28805e-08-1.54669e-08
 1.63863e-09 1.76618e-08 3.18952e-08 4.37273e-08 5.26670e-08 5.83644e-08
 6.06247e-08 5.94173e-08 5.48764e-08 4.72957e-08 3.71148e-08 2.48995e-08
 1.13156e-08-2.90303e-09-1.69889e-08-3.01793e-08-4.17542e-08-5.10724e-08
-5.76059e-08-6.09677e-08-6.09335e-08-5.74557e-08-5.06676e-08-4.08792e-08
-2.85627e-08-1.43303e-08 1.09667e-09 1.69233e-08 3.23218e-08 4.64735e-08
 5.86112e-08 6.80582e-08 7.42638e-08 7.68330e-08 7.55484e-08 7.03846e-08
 6.15140e-08 4.93031e-08 3.43002e-08 1.72141e-08-1.11698e-09-1.97631e-08
-3.77484e-08-5.41020e-08-6.79122e-08-7.83807e-08-8.48739e-08-8.69665e-08
-8.44750e-08-7.74758e-08-6.63076e-08-5.15547e-08-3.40143e-08-1.46474e-08
 5.48046e-09 2.52654e-08 4.36323e-08 5.95975e-08 7.23228e-08 8.11575e-08
 8.56677e-08 8.56510e-08 8.11392e-08 7.23902e-08 5.98704e-08 4.42299e-08
 2.62718e-08 6.91581e-09-1.28432e-08-3.19817e-08-4.94980e-08-6.44650e-08
-7.60810e-08-8.37166e-08-8.69530e-08-8.56080e-08-7.97466e-08-6.96763e-08
-5.59260e-08-3.92127e-08-2.03974e-08-4.35236e-10 1.96771e-08 3.89518e-08
 5.64561e-08 7.13527e-08 8.29323e-08 9.06396e-08 9.40927e-08 9.30970e-08
 8.76515e-08 7.79515e-08 6.43829e-08 4.75109e-08 2.80608e-08 6.89090e-09
-1.50411e-08-3.67187e-08-5.71110e-08-7.52211e-08-9.01359e-08-1.01074e-07
-1.07428e-07-1.08806e-07-1.05051e-07-9.62583e-08-8.27782e-08-6.51994e-08
-4.43260e-08-2.11411e-08 3.23786e-09 2.76110e-08 5.07538e-08 7.14783e-08
 8.86963e-08 1.01480e-07 1.09118e-07 1.11158e-07 1.07444e-07 9.81299e-08
 8.36785e-08 6.48448e-08 4.26373e-08 1.82676e-08-6.91421e-09-3.14913e-08
-5.40574e-08-7.32943e-08-8.80446e-08-9.73786e-08-1.00650e-07-9.75408e-08
-8.80837e-08-7.26743e-08-5.20557e-08-2.72840e-08 3.23915e-10 2.92595e-08
 5.79011e-08 8.45985e-08 1.07759e-07 1.25927e-07 1.37861e-07 1.42600e-07
 1.39515e-07 1.28355e-07 1.09260e-07 8.27704e-08 4.98025e-08 1.16134e-08
-3.02558e-08-7.40497e-08-1.17878e-07-1.59798e-07-1.97906e-07-2.30413e-07
-2.55724e-07-2.72504e-07-2.79727e-07-2.76716e-07-2.63158e-07-2.39118e-07
-2.05030e-07-1.61678e-07-1.10170e-07-5.19070e-08 1.14536e-08 7.80379e-08
 1.45790e-07 2.12514e-07 2.75909e-07 3.33624e-07 3.83308e-07 4.22681e-07
 4.49616e-07 4.62239e-07 4.59041e-07 4.39009e-07 4.01752e-07 3.47641e-07
 2.77924e-07 1.94826e-07 1.01580e-07 2.40996e-09-9.76004e-08-1.92727e-07
-2.76943e-07-3.44358e-07-3.89720e-07-4.08952e-07-3.99633e-07-3.61395e-07
-2.96145e-07-2.08093e-07-1.03550e-07 9.48133e-09 1.21890e-07 2.24152e-07
 3.07057e-07 3.62407e-07 3.83622e-07 3.66219e-07 3.08133e-07 2.09887e-07
 7.45961e-08-9.21609e-08-2.82598e-07-4.87085e-07-6.94601e-07-8.93258e-07
-1.07086e-06-1.21552e-06-1.31623e-06-1.36346e-06-1.34971e-06-1.26997e-06
-1.12216e-06-9.07388e-07-6.30151e-07-2.98384e-07 7.66758e-08 4.80783e-07
 8.97151e-07 1.30709e-06 1.69080e-06 2.02829e-06 2.30045e-06 2.49008e-06
 2.58305e-06 2.56928e-06 2.44362e-06 2.20655e-06 1.86458e-06 1.43024e-06
 9.21824e-07 3.62595e-07-2.20307e-07-7.97387e-07-1.33863e-06-1.81550e-06
-2.20311e-06-2.48177e-06-2.63744e-06-2.66182e-06-2.55333e-06-2.31839e-06
-1.97170e-06-1.53592e-06-1.04072e-06-5.21285e-07-1.54564e-08 4.40960e-07
 8.19695e-07 1.10347e-06 1.28525e-06 1.36506e-06 1.34910e-06 1.25162e-06
 1.09425e-06 9.00167e-07 6.88077e-07 4.72208e-07 2.66648e-07 8.62444e-08
-5.78576e-08-1.61359e-07-2.24909e-07-2.51572e-07-2.46456e-07-2.16491e-07
-1.69693e-07-1.14342e-07-5.81326e-08-7.61731e-09 3.21264e-08 5.77573e-08
 6.77191e-08 6.21412e-08 4.26346e-08 1.19930e-08-2.61581e-08-6.77467e-08
-1.08629e-07-1.44930e-07-1.73334e-07-1.91305e-07-1.97239e-07-1.90529e-07
-1.71568e-07-1.41681e-07-1.02980e-07-5.81691e-08-1.03163e-08 3.73906e-08
 8.18865e-08 1.20452e-07 1.50892e-07 1.71660e-07 1.81921e-07 1.81564e-07
 1.71148e-07 1.51822e-07 1.25198e-07 9.32252e-08 5.80392e-08 2.18238e-08
-1.33183e-08-4.54779e-08-7.30327e-08-9.47166e-08-1.09666e-07-1.17437e-07
-1.18007e-07-1.11746e-07-9.93765e-08-8.19119e-08-6.05881e-08-3.67878e-08
-1.19601e-08 1.24586e-08 3.51197e-08 5.48289e-08 7.06006e-08 8.17009e-08
 8.76765e-08 8.83669e-08 8.39024e-08 7.46874e-08 6.13703e-08 4.48023e-08
 2.59863e-08 6.01980e-09-1.39660e-08-3.28675e-08-4.96677e-08-6.34891e-08
-7.36389e-08-7.96447e-08-8.12763e-08-7.85553e-08-7.17488e-08-6.13510e-08
-4.80506e-08-3.26877e-08-1.62019e-08 4.24485e-10 1.62268e-08 3.03175e-08
 4.19399e-08 5.05124e-08 5.56632e-08 5.72519e-08 5.53767e-08 5.03644e-08
 4.27455e-08 3.32132e-08 2.25718e-08 1.16742e-08 1.35586e-09-7.63309e-09
-1.46909e-08-1.94169e-08-2.16466e-08-2.14679e-08-1.92155e-08-1.54438e-08
-1.08760e-08-6.33282e-09-2.64510e-09-5.58347e-10
     0.0000e+00     0.0000e+00      0  0  0.00
     400   1.00000  0.0000e+00
-5.97468e-08-8.51055e-08-1.06171e-07-1.21609e-07-1.30594e-07-1.32808e-07
-1.28415e-07-1.17995e-07-1.02466e-07-8.29889e-08-6.08622e-08-3.74294e-08
-1.39895e-08 8.27525e-09 2.83548e-08 4.54516e-08 5.90041e-08 6.86955e-08
 7.44437e-08 7.63776e-08 7.48034e-08 7.01670e-08 6.30161e-08 5.39628e-08
 4.36456e-08 3.26944e-08 2.16989e-08 1.11842e-08 1.59453e-09-6.71773e-09
-1.34981e-08-1.85924e-08-2.19465e-08-2.35991e-08-2.36698e-08-2.23432e-08
-1.98533e-08-1.64695e-08-1.24809e-08-8.18043e-09-3.85081e-09 2.46923e-10
 3.88359e-09 6.87075e-09 9.06633e-09 1.03770e-08 1.07596e-08 1.02228e-08
 8.82623e-09 6.67503e-09 3.91376e-09 7.18173e-10-2.71498e-09-6.18001e-09
-9.47305e-09-1.24012e-08-1.47924e-08-1.65060e-08-1.74396e-08-1.75319e-08
-1.67631e-08-1.51567e-08-1.27794e-08-9.73819e-09-6.17403e-09-2.25433e-09
 1.83435e-09 5.89439e-09 9.72665e-09 1.31420e-08 1.59728e-08 1.80822e-08
 1.93692e-08 1.97728e-08 1.92756e-08 1.79047e-08 1.57300e-08 1.28599e-08
 9.43449e-09 5.61754e-09 1.58918e-09-2.46117e-09-6.34299e-09-9.87453e-09
-1.28919e-08-1.52558e-08-1.68579e-08-1.76272e-08-1.75351e-08-1.65960e-08
-1.48647e-08-1.24340e-08-9.42883e-09-5.99921e-09-2.31287e-09 1.45065e-09
 5.10734e-09 8.47822e-09 1.13978e-08 1.37209e-08 1.53293e-08 1.61403e-08
 1.61120e-08 1.52450e-08 1.35823e-08 1.12076e-08 8.24142e-09 4.83717e-09
 1.17301e-09-2.55826e-09-6.15972e-09-9.43965e-09-1.22222e-08-1.43587e-08
-1.57356e-08-1.62792e-08-1.59604e-08-1.47968e-08-1.28511e-08-1.02265e-08
-7.06206e-09-3.52583e-09 1.95526e-10 3.90663e-09 7.41549e-09 1.05454e-08
 1.31415e-08 1.50753e-08 1.62503e-08 1.66087e-08 1.61324e-08 1.48424e-08
 1.27968e-08 1.00850e-08 6.82708e-09 3.17649e-09-6.85444e-10-4.56377e-09
-8.26248e-09-1.15912e-08-1.43708e-08-1.64399e-08-1.76663e-08-1.79629e-08
-1.73007e-08-1.57071e-08-1.32569e-08-1.00669e-08-6.29696e-09-2.14991e-09
 2.13920e-09 6.32596e-09 1.01833e-08 1.35147e-08 1.61522e-08 1.79543e-08
 1.88164e-08 1.86892e-08 1.75876e-08 1.55830e-08 1.27851e-08 9.32616e-09
 5.36334e-09 1.08809e-09-3.27602e-09-7.49458e-09-1.13492e-08-1.46516e-08
-1.72410e-08-1.89781e-08-1.97515e-08-1.94978e-08-1.82202e-08-1.59883e-08
-1.29209e-08-9.16782e-09-4.90538e-09-3.41105e-10 4.28750e-09 8.72901e-09
 1.27443e-08 1.61274e-08 1.87109e-08 2.03620e-08 2.09835e-08 2.05258e-08
 1.89993e-08 1.64790e-08 1.30952e-08 9.01755e-09 4.44391e-09-4.04432e-10
-5.28563e-09-9.94685e-09-1.41418e-08-1.76495e-08-2.02865e-08-2.19125e-08
-2.24331e-08-2.18049e-08-2.00427e-08-1.72239e-08-1.34861e-08-9.01744e-09
-4.04354e-09 1.18579e-09 6.40713e-09 1.13541e-08 1.57705e-08 1.94252e-08
 2.21248e-08 2.37235e-08 2.41291e-08 2.33061e-08 2.12777e-08 1.81281e-08
 1.40021e-08 9.09919e-09 3.66424e-09-2.02665e-09-7.68105e-09-1.30052e-08
-1.77186e-08-2.15692e-08-2.43471e-08-2.58964e-08-2.61236e-08-2.50024e-08
-2.25754e-08-1.89522e-08-1.43067e-08-8.86907e-09-2.91510e-09 3.24923e-09
 9.30549e-09 1.49412e-08 1.98670e-08 2.38310e-08 2.66305e-08 2.81191e-08
 2.82113e-08 2.68832e-08 2.41715e-08 2.01726e-08 1.50407e-08 8.98698e-09
 2.27732e-09-4.77197e-09-1.18030e-08-1.84303e-08-2.42600e-08-2.89142e-08
-3.20589e-08-3.34337e-08-3.28783e-08-3.03556e-08-2.59637e-08-1.99371e-08
-1.26339e-08-4.50987e-09 3.91878e-09 1.21189e-08 1.95855e-08 2.58811e-08
 3.06666e-08 3.37167e-08 3.49228e-08 3.42833e-08 3.18867e-08 2.78921e-08
 2.25124e-08 1.60036e-08 8.65947e-09 8.10074e-10-7.17916e-09-1.49133e-08
-2.19818e-08-2.79819e-08-3.25488e-08-3.53907e-08-3.63203e-08-3.52777e-08
-3.23395e-08-2.77119e-08-2.17077e-08-1.47123e-08-7.14524e-09 5.78367e-10
 8.07740e-09 1.50239e-08 2.11501e-08 2.62460e-08 3.01513e-08 3.27465e-08
 3.39472e-08 3.37036e-08 3.20046e-08 2.88848e-08 2.44324e-08 1.87942e-08
 1.21778e-08 4.84833e-09-2.87858e-09-1.06474e-08-1.80773e-08-2.47794e-08
-3.03782e-08-3.45344e-08-3.69689e-08-3.74848e-08-3.59853e-08-3.24848e-08
-2.71114e-08-2.01001e-08-1.17807e-08-2.55888e-09 7.10277e-09 1.67050e-08
 2.57311e-08 3.36664e-08 4.00205e-08 4.43540e-08 4.63092e-08 4.56422e-08
 4.22522e-08 3.62009e-08 2.77183e-08 1.71892e-08 5.12666e-09-7.86520e-09
-2.11300e-08-3.39931e-08-4.57883e-08-5.58762e-08-6.36631e-08-6.86225e-08
-7.03247e-08-6.84738e-08-6.29444e-08-5.38118e-08-4.13642e-08-2.60940e-08
-8.66784e-09 1.01180e-08 2.93864e-08 4.82251e-08 6.57246e-08 8.10091e-08
 9.32654e-08 1.01776e-07 1.05959e-07 1.05418e-07 9.99848e-08 8.97541e-08
 7.50984e-08 5.66549e-08 3.52893e-08 1.20428e-08-1.19275e-08-3.54080e-08
-5.71843e-08-7.60941e-08-9.10842e-08-1.01272e-07-1.06013e-07-1.04967e-07
-9.81470e-08-8.59516e-08-6.91552e-08-4.88682e-08-2.64644e-08-3.48739e-09
 1.84541e-08 3.77931e-08 5.31125e-08 6.32520e-08 6.74108e-08 6.52387e-08
 5.69027e-08 4.31178e-08 2.51276e-08 4.62886e-09-1.63614e-08-3.56860e-08
-5.12621e-08-6.13101e-08-6.45765e-08-6.05265e-08-4.94835e-08-3.26843e-08
-1.22200e-08 9.16341e-09 2.84111e-08 4.26322e-08 4.96429e-08 4.84943e-08
 3.98832e-08 2.63419e-08 1.21227e-08 2.73690e-09
     0.0000e+00     0.0000e+00      0  0  0.00
     400   1.00000  0.0000e+00
-1.36100e-08-2.78517e-08-4.10379e-08-5.23697e-08-6.12068e-08-6.70893e-08
-6.97440e-08-6.90783e-08-6.51701e-08-5.82553e-08-4.87142e-08-3.70525e-08
-2.38744e-08-9.84690e-09 4.34017e-09 1.80137e-08 3.05502e-08 4.13992e-08
 5.00993e-08 5.62885e-08 5.97142e-08 6.02449e-08 5.78801e-08 5.27563e-08
 4.51418e-08 3.54213e-08 2.40714e-08 1.16339e-08-1.30997e-09-1.41598e-08
-2.63130e-08-3.71818e-08-4.62138e-08-5.29190e-08-5.69008e-08-5.78873e-08
-5.57552e-08-5.05430e-08-4.24538e-08-3.18479e-08-1.92277e-08-5.21753e-09
 9.46231e-09 2.40274e-08 3.76664e-08 4.95844e-08 5.90483e-08 6.54310e-08
 6.82502e-08 6.71980e-08 6.21640e-08 5.32486e-08 4.07699e-08 2.52605e-08
 7.45445e-09-1.17363e-08-3.12568e-08-4.99559e-08-6.66422e-08-8.01490e-08
-8.94041e-08-9.35004e-08-9.17659e-08-8.38272e-08-6.96619e-08-4.96338e-08
-2.45071e-08 4.56290e-09 3.60649e-08 6.81928e-08 9.89352e-08 1.26187e-07
 1.47880e-07 1.62123e-07 1.67337e-07 1.62390e-07 1.46706e-07 1.20351e-07
 8.40887e-08 3.93972e-08-1.15596e-08-6.60078e-08-1.20693e-07-1.72061e-07
-2.16472e-07-2.50451e-07-2.70944e-07-2.75575e-07-2.62882e-07-2.32517e-07
-1.85374e-07-1.23651e-07-5.07962e-08 2.86472e-08 1.09304e-07 1.85333e-07
 2.50860e-07 3.00461e-07 3.29655e-07 3.35367e-07 3.16311e-07 2.73246e-07
 2.09060e-07 1.28639e-07 3.85391e-08-5.35417e-08-1.39437e-07-2.11271e-07
-2.62226e-07-2.87241e-07-2.83555e-07-2.51037e-07-1.92259e-07-1.12288e-07
-1.82297e-08 8.14168e-08 1.77514e-07 2.61068e-07 3.23971e-07 3.59631e-07
 3.63470e-07 3.33246e-07 2.69194e-07 1.73995e-07 5.25662e-08-8.82730e-08
-2.40245e-07-3.94124e-07-5.40276e-07-6.69207e-07-7.72094e-07-8.41272e-07
-8.70648e-07-8.56038e-07-7.95396e-07-6.88952e-07-5.39259e-07-3.51129e-07
-1.31493e-07 1.10845e-07 3.65540e-07 6.21114e-07 8.65440e-07 1.08627e-06
 1.27181e-06 1.41132e-06 1.49571e-06 1.51811e-06 1.47442e-06 1.36370e-06
 1.18846e-06 9.54781e-07 6.72204e-07 3.53459e-07 1.39119e-08-3.29184e-07
-6.57661e-07-9.53572e-07-1.20043e-06-1.38467e-06-1.49734e-06-1.53489e-06
-1.49834e-06-1.39221e-06-1.22391e-06-1.00355e-06-7.43636e-07-4.58916e-07
-1.66464e-07 1.14113e-07 3.61651e-07 5.56378e-07 6.84307e-07 7.40882e-07
 7.31190e-07 6.66797e-07 5.62109e-07 4.32204e-07 2.92355e-07 1.58515e-07
 4.54991e-08-3.77667e-08-8.97430e-08-1.12515e-07-1.09186e-07-8.44264e-08
-4.43988e-08 4.16168e-09 5.44765e-08 1.00421e-07 1.37111e-07 1.61096e-07
 1.70530e-07 1.65169e-07 1.46203e-07 1.16029e-07 7.79090e-08 3.56014e-08
-7.01860e-09-4.63177e-08-7.92081e-08-1.03379e-07-1.17441e-07-1.20976e-07
-1.14503e-07-9.93595e-08-7.75212e-08-5.13711e-08-2.34522e-08 3.77267e-09
 2.81288e-08 4.78894e-08 6.18724e-08 6.94735e-08 7.06397e-08 6.57987e-08
 5.57583e-08 4.15926e-08 2.45284e-08 5.84124e-09-1.32305e-08-3.15521e-08
-4.81409e-08-6.21960e-08-7.31147e-08-8.04956e-08-8.41350e-08-8.40155e-08
-8.02895e-08-7.32571e-08-6.33411e-08-5.10608e-08-3.70077e-08-2.18199e-08
-6.15774e-09 9.32101e-09 2.39846e-08 3.72493e-08 4.86007e-08 5.76119e-08
 6.39596e-08 6.74359e-08 6.79568e-08 6.55663e-08 6.04345e-08 5.28487e-08
 4.32002e-08 3.19678e-08 1.96974e-08 6.97747e-09-5.58854e-09-1.74110e-08
-2.79415e-08-3.66995e-08-4.32956e-08-4.74501e-08-4.90060e-08-4.79355e-08
-4.43413e-08-3.84509e-08-3.06036e-08-2.12336e-08-1.08483e-08-3.74378e-12
 1.07230e-08 2.07640e-08 2.95902e-08 3.67397e-08 4.18409e-08 4.46310e-08
 4.49691e-08 4.28433e-08 3.83703e-08 3.17878e-08 2.34409e-08 1.37644e-08
 3.26133e-09-7.52231e-09-1.80251e-08-2.76994e-08-3.60400e-08-4.26111e-08
-4.70681e-08-4.91751e-08-4.88167e-08-4.60040e-08-4.08731e-08-3.36775e-08
-2.47740e-08-1.46055e-08-3.67861e-09 7.46194e-09 1.82601e-08 2.81769e-08
 3.67186e-08 4.34625e-08 4.80788e-08 5.03447e-08 5.01555e-08 4.75291e-08
 4.26056e-08 3.56395e-08 2.69858e-08 1.70827e-08 6.42875e-09-4.44160e-09
-1.49855e-08-2.46791e-08-3.30445e-08-3.96748e-08-4.42544e-08-4.65739e-08
-4.65381e-08-4.41708e-08-3.96129e-08-3.31155e-08-2.50271e-08-1.57755e-08
-5.84624e-09 4.24384e-09 1.39738e-08 2.28456e-08 3.04079e-08 3.62797e-08
 4.01691e-08 4.18884e-08 4.13631e-08 3.86355e-08 3.38632e-08 2.73108e-08
 1.93346e-08 1.03639e-08 8.78132e-10-8.61685e-09-1.76143e-08-2.56332e-08
-3.22436e-08-3.70899e-08-3.99099e-08-4.05500e-08-3.89706e-08-3.52470e-08
-2.95667e-08-2.22215e-08-1.35935e-08-4.13586e-09 5.65111e-09 1.52481e-08
 2.41448e-08 3.18641e-08 3.79876e-08 4.21795e-08 4.42030e-08 4.39323e-08
 4.13616e-08 3.66072e-08 2.99024e-08 2.15861e-08 1.20847e-08 1.88759e-09
-8.47851e-09-1.84745e-08-2.75781e-08-3.53144e-08-4.12807e-08-4.51686e-08
-4.67823e-08-4.60506e-08-4.30299e-08-3.79032e-08-3.09695e-08-2.26256e-08
-1.33429e-08-3.64234e-09 5.93629e-09 1.48672e-08 2.26703e-08 2.89415e-08
 3.33774e-08 3.57937e-08 3.61345e-08 3.44767e-08 3.10254e-08 2.60979e-08
 2.00990e-08 1.34928e-08 6.76789e-09 4.00297e-10-5.18268e-09-9.63639e-09
-1.27271e-08-1.43506e-08-1.45405e-08-1.34646e-08-1.14082e-08-8.74548e-09
-5.90101e-09-3.30320e-09-1.33314e-09-2.74054e-10
     0.0000e+00     0.0000e+00      0  0  0.00
     400   1.00000  0.0000e+00
-1.45883e-08 6.36900e-09 2.61789e-08 4.39043e-08 5.89184e-08 7.08842e-08
 7.97163e-08 8.55279e-08 8.85706e-08 8.91753e-08 8.76980e-08 8.44780e-08
 7.98096e-08 7.39254e-08 6.69880e-08 5.90981e-08 5.03134e-08 4.06727e-08
 3.02171e-08 1.90122e-08 7.16929e-09-5.13781e-09-1.76637e-08-3.00917e-08
-4.20449e-08-5.31063e-08-6.28400e-08-7.08129e-08-7.66219e-08-7.99258e-08
-8.04762e-08-7.81405e-08-7.29139e-08-6.49252e-08-5.44364e-08-4.18411e-08
-2.76520e-08-1.24756e-08 3.02305e-09 1.81542e-08 3.22344e-08 4.46183e-08
 5.47321e-08 6.21088e-08 6.64176e-08 6.74807e-08 6.52772e-08 5.99429e-08
 5.17690e-08 4.11925e-08 2.87731e-08 1.51600e-08 1.05649e-09-1.28142e-08
-2.57419e-08-3.70635e-08-4.62003e-08-5.26929e-08-5.62231e-08-5.66262e-08
-5.38959e-08-4.81869e-08-3.98115e-08-2.92245e-08-1.69964e-08-3.77999e-09
 9.72311e-09 2.27946e-08 3.47336e-08 4.48949e-08 5.27262e-08 5.77990e-08
 5.98278e-08 5.86825e-08 5.43947e-08 4.71602e-08 3.73324e-08 2.54040e-08
 1.19789e-08-2.25926e-09-1.65811e-08-3.02456e-08-4.25379e-08-5.28077e-08
-6.05050e-08-6.52092e-08-6.66499e-08-6.47205e-08-5.94854e-08-5.11792e-08
-4.01968e-08-2.70737e-08-1.24588e-08 2.91801e-09 1.82819e-08 3.28519e-08
 4.58809e-08 5.66939e-08 6.47238e-08 6.95408e-08 7.08747e-08 6.86308e-08
 6.28952e-08 5.39320e-08 4.21710e-08 2.81873e-08 1.26731e-08-3.59615e-09
-1.98003e-08-3.51160e-08-4.87576e-08-6.00171e-08-6.82997e-08-7.31558e-08
-7.43045e-08-7.16506e-08-6.52914e-08-5.55148e-08-4.27868e-08-2.77311e-08
-1.10990e-08 6.26739e-09 2.34786e-08 3.96442e-08 5.39209e-08 6.55575e-08
 7.39367e-08 7.86086e-08 7.93146e-08 7.60002e-08 6.88157e-08 5.81046e-08
 4.43828e-08 2.83092e-08 1.06502e-08-7.75701e-09-2.60424e-08-4.33388e-08
-5.88155e-08-7.17090e-08-8.13515e-08-8.71986e-08-8.88570e-08-8.61098e-08
-7.89408e-08-6.75532e-08-5.23799e-08-3.40805e-08-1.35234e-08 8.25047e-09
 3.00818e-08 5.07613e-08 6.91075e-08 8.40478e-08 9.46930e-08 1.00399e-07
 1.00810e-07 9.58791e-08 8.58638e-08 7.13057e-08 5.29888e-08 3.18889e-08
 9.11536e-09-1.41494e-08-3.67101e-08-5.74165e-08-7.52182e-08-8.92142e-08
-9.86967e-08-1.03186e-07-1.02454e-07-9.65310e-08-8.57050e-08-7.04974e-08
-5.16332e-08-3.00018e-08-6.61466e-09 1.74359e-08 4.10154e-08 6.29835e-08
 8.22314e-08 9.77230e-08 1.08543e-07 1.13954e-07 1.13449e-07 1.06814e-07
 9.41636e-08 7.59653e-08 5.30288e-08 2.64675e-08-2.36777e-09-3.19743e-08
-6.07916e-08-8.72929e-08-1.10065e-07-1.27875e-07-1.39717e-07-1.44851e-07
-1.42837e-07-1.33554e-07-1.17227e-07-9.44362e-08-6.61068e-08-3.34847e-08
 1.91957e-09 3.84096e-08 7.41999e-08 1.07520e-07 1.36713e-07 1.60324e-07
 1.77162e-07 1.86351e-07 1.87358e-07 1.80012e-07 1.64509e-07 1.41413e-07
 1.11641e-07 7.64359e-08 3.73187e-08-3.97703e-09-4.55905e-08-8.56277e-08
-1.22259e-07-1.53808e-07-1.78834e-07-1.96192e-07-2.05083e-07-2.05086e-07
-1.96176e-07-1.78733e-07-1.53533e-07-1.21727e-07-8.47992e-08-4.45076e-08
-2.81147e-09 3.82154e-08 7.64785e-08 1.09959e-07 1.36812e-07 1.55454e-07
 1.64654e-07 1.63608e-07 1.52001e-07 1.30059e-07 9.85717e-08 5.88956e-08
 1.29342e-08-3.69104e-08-8.78092e-08-1.36604e-07-1.79932e-07-2.14386e-07
-2.36687e-07-2.43894e-07-2.33611e-07-2.04197e-07-1.54960e-07-8.63118e-08
 1.16975e-10 1.01419e-07 2.13409e-07 3.30704e-07 4.46874e-07 5.54699e-07
 6.46512e-07 7.14635e-07 7.51890e-07 7.52150e-07 7.10895e-07 6.25730e-07
 4.96815e-07 3.27183e-07 1.22877e-07-1.07086e-07-3.50994e-07-5.94958e-07
-8.23696e-07-1.02154e-06-1.17364e-06-1.26720e-06-1.29276e-06-1.24519e-06
-1.12445e-06-9.35845e-07-6.89810e-07-4.01235e-07-8.83203e-08 2.28857e-07
 5.29943e-07 7.95897e-07 1.01038e-06 1.16085e-06 1.23922e-06 1.24211e-06
 1.17071e-06 1.03036e-06 8.29871e-07 5.80757e-07 2.96442e-07-8.53554e-09
-3.19242e-07-6.21001e-07-8.99952e-07-1.14351e-06-1.34075e-06-1.48266e-06
-1.56231e-06-1.57504e-06-1.51848e-06-1.39264e-06-1.19997e-06-9.45337e-07
-6.36027e-07-2.81668e-07 1.05943e-07 5.13085e-07 9.24463e-07 1.32364e-06
 1.69360e-06 2.01736e-06 2.27876e-06 2.46326e-06 2.55878e-06 2.55650e-06
 2.45168e-06 2.24415e-06 1.93879e-06 1.54556e-06 1.07944e-06 5.59847e-07
 9.85665e-09-5.44980e-07-1.07809e-06-1.56355e-06-1.97787e-06-2.30140e-06
-2.51875e-06-2.61911e-06-2.59754e-06-2.45644e-06-2.20582e-06-1.86256e-06
-1.44912e-06-9.92217e-07-5.21806e-07-7.00343e-08 3.31197e-07 6.55118e-07
 8.84490e-07 1.01197e-06 1.03909e-06 9.78958e-07 8.59660e-07 7.19047e-07
 5.89309e-07 4.83042e-07 3.95751e-07 3.21963e-07 2.63981e-07 2.25743e-07
 2.06571e-07 2.02503e-07 2.08509e-07 2.19150e-07 2.29527e-07 2.35663e-07
 2.34485e-07 2.23971e-07 2.03116e-07 1.71914e-07 1.31293e-07 8.28705e-08
 2.87677e-08-2.85569e-08-8.64375e-08-1.42107e-07-1.92815e-07-2.35964e-07
-2.69274e-07-2.90928e-07-2.99699e-07-2.95042e-07-2.77140e-07-2.46944e-07
-2.06173e-07-1.57294e-07-1.03427e-07-4.81645e-08 4.67820e-09 5.13999e-08
 8.87684e-08 1.14362e-07 1.26862e-07 1.26254e-07 1.13913e-07 9.25491e-08
 6.60136e-08 3.89768e-08 1.64986e-08 3.52051e-09
     0.0000e+00     0.0000e+00      0  0  0.00
     400   1.00000  0.0000e+00
-2.42115e-07-2.00956e-07-1.51275e-07-9.42221e-08-3.10763e-08 3.66742e-08
 1.07276e-07 1.78677e-07 2.48528e-07 3.14217e-07 3.72954e-07 4.21883e-07
 4.58232e-07 4.79496e-07 4.83627e-07 4.69229e-07 4.35740e-07 3.83581e-07
 3.14242e-07 2.30307e-07 1.35396e-07 3.40314e-08-6.85688e-08-1.66746e-07
-2.54708e-07-3.26863e-07-3.78182e-07-4.04569e-07-4.03222e-07-3.72956e-07
-3.14466e-07-2.30467e-07-1.25717e-07-6.87394e-09 1.17795e-07 2.38843e-07
 3.46209e-07 4.29872e-07 4.80586e-07 4.90640e-07 4.54603e-07 3.69982e-07
 2.37742e-07 6.26064e-08-1.46900e-07-3.78718e-07-6.17833e-07-8.47151e-07
-1.04865e-06-1.20471e-06-1.29962e-06-1.32100e-06-1.26116e-06-1.11821e-06
-8.96621e-07-6.07361e-07-2.67331e-07 1.01829e-07 4.75491e-07 8.28192e-07
 1.13595e-06 1.37845e-06 1.54087e-06 1.61509e-06 1.60013e-06 1.50183e-06
 1.33179e-06 1.10590e-06 8.42437e-07 5.60282e-07 2.77255e-07 8.80070e-09
-2.32911e-07-4.39434e-07-6.06088e-07-7.31646e-07-8.17752e-07-8.68176e-07
-8.87965e-07-8.82624e-07-8.57377e-07-8.16583e-07-7.63344e-07-6.99337e-07
-6.24854e-07-5.39046e-07-4.40317e-07-3.26832e-07-1.97067e-07-5.03690e-08
 1.12528e-07 2.89103e-07 4.74803e-07 6.63016e-07 8.45266e-07 1.01163e-06
 1.15133e-06 1.25350e-06 1.30806e-06 1.30660e-06 1.24331e-06 1.11577e-06
 9.25608e-07 6.78903e-07 3.86245e-07 6.24170e-08-2.74325e-07-6.03322e-07
-9.02910e-07-1.15207e-06-1.33226e-06-1.43042e-06-1.44380e-06-1.38217e-06
-1.26363e-06-1.10829e-06-9.34366e-07-7.55919e-07-5.81379e-07-4.12991e-07
-2.47949e-07-8.21182e-08 8.45077e-08 2.44583e-07 3.86578e-07 5.01714e-07
 5.85835e-07 6.34406e-07 6.41325e-07 6.08428e-07 5.53143e-07 4.98062e-07
 4.51825e-07 4.06816e-07 3.55291e-07 2.98844e-07 2.41912e-07 1.86027e-07
 1.31674e-07 8.00206e-08 3.29754e-08-7.07193e-09-3.80840e-08-5.85845e-08
-6.75923e-08-6.48923e-08-5.11541e-08-2.79698e-08 2.20452e-09 3.62382e-08
 7.05341e-08 1.01280e-07 1.24724e-07 1.37470e-07 1.36789e-07 1.20919e-07
 8.93011e-08 4.27506e-08-1.64941e-08-8.48640e-08-1.57725e-07-2.29778e-07
-2.95544e-07-3.49866e-07-3.88389e-07-4.07955e-07-4.06877e-07-3.85034e-07
-3.43831e-07-2.85999e-07-2.15314e-07-1.36237e-07-5.35442e-08 2.80382e-08
 1.04152e-07 1.71064e-07 2.25846e-07 2.66477e-07 2.91879e-07 3.01891e-07
 2.97188e-07 2.79166e-07 2.49791e-07 2.11442e-07 1.66744e-07 1.18408e-07
 6.90912e-08 2.12705e-08-2.28576e-08-6.14566e-08-9.31052e-08-1.16829e-07
-1.32105e-07-1.38849e-07-1.37383e-07-1.28390e-07-1.12860e-07-9.20228e-08
-6.72829e-08-4.01476e-08-1.21569e-08 1.51862e-08 4.04806e-08 6.24835e-08
 8.01569e-08 9.27061e-08 9.96089e-08 1.00633e-07 9.58401e-08 8.55741e-08
 7.04418e-08 5.12789e-08 2.91068e-08 5.08335e-09-1.95505e-08-4.35287e-08
-6.56231e-08-8.47063e-08-9.98032e-08-1.10134e-07-1.15152e-07-1.14570e-07
-1.08378e-07-9.68463e-08-8.05054e-08-6.01252e-08-3.66752e-08-1.12796e-08
 1.48362e-08 4.04056e-08 6.41865e-08 8.50244e-08 1.01907e-07 1.14011e-07
 1.20741e-07 1.21761e-07 1.17016e-07 1.06734e-07 9.14115e-08 7.17885e-08
 4.88152e-08 2.36068e-08-2.61222e-09-2.85703e-08-5.30122e-08-7.47614e-08
-9.27768e-08-1.06203e-07-1.14409e-07-1.17020e-07-1.13936e-07-1.05338e-07
-9.16808e-08-7.36654e-08-5.22050e-08-2.83765e-08-3.36769e-09 2.15820e-08
 4.52431e-08 6.64569e-08 8.41927e-08 9.75970e-08 1.06035e-07 1.09122e-07
 1.06742e-07 9.90522e-08 8.64773e-08 6.96850e-08 4.95527e-08 2.71195e-08
 3.52990e-09-2.00250e-08-4.23642e-08-6.23708e-08-7.90455e-08-9.15590e-08
-9.92995e-08-1.01906e-07-9.92820e-08-9.15997e-08-7.92849e-08-6.29953e-08
-4.35863e-08-2.20679e-08 4.45765e-10 2.27931e-08 4.38227e-08 6.24524e-08
 7.77264e-08 8.88660e-08 9.53103e-08 9.67450e-08 9.31145e-08 8.46225e-08
 7.17207e-08 5.50870e-08 3.55914e-08 1.42524e-08-7.81330e-09-2.94477e-08
-4.95146e-08-6.69613e-08-8.08741e-08-9.05239e-08-9.54017e-08-9.52421e-08
-9.00371e-08-8.00414e-08-6.57630e-08-4.79375e-08-2.74886e-08-5.47972e-09
 1.69411e-08 3.85992e-08 5.83521e-08 7.51499e-08 8.80922e-08 9.64740e-08
 9.98193e-08 9.79075e-08 9.07910e-08 7.87964e-08 6.25083e-08 4.27388e-08
 2.04851e-08-3.12096e-09-2.68671e-08-4.95176e-08-6.98784e-08-8.68639e-08
-9.95536e-08-1.07238e-07-1.09455e-07-1.06018e-07-9.70292e-08-8.28774e-08
-6.42231e-08-4.19616e-08-1.71803e-08 8.89156e-09 3.49407e-08 5.96389e-08
 8.17148e-08 1.00019e-07 1.13580e-07 1.21657e-07 1.23776e-07 1.19764e-07
 1.09758e-07 9.42066e-08 7.38396e-08 4.96373e-08 2.27823e-08-5.39611e-09
-3.34902e-08-6.00884e-08-8.38517e-08-1.03583e-07-1.18289e-07-1.27234e-07
-1.29980e-07-1.26416e-07-1.16765e-07-1.01575e-07-8.16831e-08-5.81783e-08
-3.23370e-08-5.55513e-09 2.07309e-08 4.51285e-08 6.63698e-08 8.33857e-08
 9.53683e-08 1.01819e-07 1.02580e-07 9.78388e-08 8.81203e-08 7.42451e-08
 5.72763e-08 3.84450e-08 1.90647e-08 4.37963e-10-1.62378e-08-2.99578e-08
-3.99841e-08-4.58998e-08-4.76388e-08-4.54879e-08-4.00569e-08-3.22198e-08
-2.30279e-08-1.36035e-08-5.02001e-09 1.82116e-09 6.30470e-09 8.19517e-09
 7.69869e-09 5.48189e-09 2.64026e-09 6.12583e-10
     0.0000e+00     0.0000e+00      0  0  0.00
     400   1.00000  0.0000e+00
 1.10432e-07 3.17216e-07 5.03048e-07 6.58904e-07 7.79215e-07 8.61547e-07
 9.06118e-07 9.15232e-07 8.92706e-07 8.43335e-07 7.72420e-07 6.85379e-07
 5.87440e-07 4.83430e-07 3.77635e-07 2.73734e-07 1.74777e-07 8.31947e-08
 8.17309e-10-7.11009e-08-1.31856e-07-1.81264e-07-2.19616e-07-2.47638e-07
-2.66433e-07-2.77423e-07-2.82285e-07-2.82861e-07-2.81057e-07-2.78707e-07
-2.77414e-07-2.78394e-07-2.82331e-07-2.89265e-07-2.98540e-07-3.08801e-07
-3.18051e-07-3.23778e-07-3.23143e-07-3.13245e-07-2.91457e-07-2.55809e-07
-2.05378e-07-1.40648e-07-6.37799e-08 2.12405e-08 1.08615e-07 1.91097e-07
 2.61070e-07 3.12156e-07 3.40359e-07 3.44198e-07 3.24395e-07 2.83714e-07
 2.26842e-07 1.59976e-07 9.02417e-08 2.51729e-08-2.77875e-08-6.20320e-08
-7.28157e-08-5.85459e-08-2.26552e-08 2.49544e-08 7.02867e-08 1.02521e-07
 1.20482e-07 1.30998e-07 1.39986e-07 1.46250e-07 1.44845e-07 1.33588e-07
 1.13372e-07 8.51185e-08 4.99164e-08 1.02729e-08-3.08217e-08-7.10478e-08
-1.08640e-07-1.42030e-07-1.69834e-07-1.90922e-07-2.04405e-07-2.09651e-07
-2.06375e-07-1.94694e-07-1.75105e-07-1.48485e-07-1.16092e-07-7.95275e-08
-4.06602e-08-1.54201e-09 3.56989e-08 6.89795e-08 9.64018e-08 1.16428e-07
 1.28055e-07 1.30927e-07 1.25368e-07 1.12339e-07 9.33257e-08 7.01972e-08
 4.50394e-08 1.99746e-08-3.02155e-09-2.22755e-08-3.65315e-08-4.50320e-08
-4.75495e-08-4.43649e-08-3.62023e-08-2.41358e-08-9.47617e-09 6.35375e-09
 2.19395e-08 3.59824e-08 4.73889e-08 5.53352e-08 5.93041e-08 5.90973e-08
 5.48256e-08 4.68792e-08 3.58816e-08 2.26316e-08 8.03704e-09-6.95272e-09
-2.14112e-08-3.44935e-08-4.54854e-08-5.38386e-08-5.91917e-08-6.13783e-08
-6.04243e-08-5.65337e-08-5.00644e-08-4.14964e-08-3.13959e-08-2.03786e-08
-9.07212e-09 1.91883e-09 1.20452e-08 2.08391e-08 2.79321e-08 3.30667e-08
 3.61024e-08 3.70183e-08 3.59078e-08 3.29662e-08 2.84720e-08 2.27664e-08
 1.62310e-08 9.26697e-09 2.27542e-09-4.36230e-09-1.03041e-08-1.52647e-08
-1.90277e-08-2.14510e-08-2.24674e-08-2.20836e-08-2.03793e-08-1.75026e-08
-1.36628e-08-9.11562e-09-4.14611e-09 9.49638e-10 5.88081e-09 1.03757e-08
 1.41941e-08 1.71393e-08 1.90678e-08 1.98956e-08 1.96017e-08 1.82269e-08
 1.58688e-08 1.26733e-08 8.82469e-09 4.53696e-09 4.56030e-11-4.40212e-09
-8.56055e-09-1.22023e-08-1.51349e-08-1.72136e-08-1.83490e-08-1.85086e-08
-1.77147e-08-1.60395e-08-1.36006e-08-1.05545e-08-7.08685e-09-3.39948e-09
 3.04484e-10 3.83355e-09 7.01699e-09 9.71029e-09 1.17990e-08 1.32025e-08
 1.38790e-08 1.38285e-08 1.30948e-08 1.17632e-08 9.95222e-09 7.80110e-09
 5.45330e-09 3.04208e-09 6.79826e-10-1.54742e-09-3.57937e-09-5.37511e-09
-6.90443e-09-8.14144e-09-9.06291e-09-9.64963e-09-9.88834e-09-9.77242e-09
-9.30103e-09-8.47769e-09-7.30978e-09-5.80978e-09-3.99754e-09-1.90339e-09
 4.27425e-10 2.92847e-09 5.50483e-09 8.02781e-09 1.03361e-08 1.22473e-08
 1.35780e-08 1.41693e-08 1.39099e-08 1.27525e-08 1.07201e-08 7.90301e-09
 4.45095e-09 5.64202e-10-3.51719e-09-7.52847e-09-1.11995e-08-1.42755e-08
-1.65362e-08-1.78113e-08-1.79950e-08-1.70574e-08-1.50512e-08-1.21087e-08
-8.42773e-09-4.24954e-09 1.64775e-10 4.55237e-09 8.66142e-09 1.22618e-08
 1.51564e-08 1.71907e-08 1.82594e-08 1.83098e-08 1.73439e-08 1.54194e-08
 1.26495e-08 9.19789e-09 5.26995e-09 1.09869e-09-3.07216e-09-7.00655e-09
-1.04929e-08-1.33571e-08-1.54706e-08-1.67544e-08-1.71790e-08-1.67601e-08
-1.55511e-08-1.36317e-08-1.10991e-08-8.06133e-09-4.63595e-09-9.52503e-10
 2.84407e-09 6.59213e-09 1.01149e-08 1.32255e-08 1.57365e-08 1.74747e-08
 1.83004e-08 1.81267e-08 1.69347e-08 1.47799e-08 1.17891e-08 8.14832e-09
 4.08349e-09-1.62348e-10-4.35094e-09-8.26670e-09-1.17281e-08-1.45916e-08
-1.67492e-08-1.81218e-08-1.86537e-08-1.83098e-08-1.70792e-08-1.49829e-08
-1.20838e-08-8.49494e-09-4.38174e-09 4.30556e-11 4.53189e-09 8.82212e-09
 1.26597e-08 1.58222e-08 1.81369e-08 1.94912e-08 1.98336e-08 1.91688e-08
 1.75477e-08 1.50581e-08 1.18183e-08 7.97349e-09 3.69366e-09-8.26552e-10
-5.37009e-09-9.70394e-09-1.35913e-08-1.68081e-08-1.91607e-08-2.05035e-08
-2.07508e-08-1.98835e-08-1.79475e-08-1.50468e-08-1.13341e-08-6.99991e-09
-2.26179e-09 2.64501e-09 7.47617e-09 1.19868e-08 1.59413e-08 1.91248e-08
 2.13553e-08 2.24956e-08 2.24634e-08 2.12382e-08 1.88635e-08 1.54449e-08
 1.11445e-08 6.17273e-09 7.77331e-10-4.76825e-09-1.01788e-08-1.51721e-08
-1.94835e-08-2.28808e-08-2.51761e-08-2.62362e-08-2.59886e-08-2.44245e-08
-2.15999e-08-1.76338e-08-1.27065e-08-7.05335e-09-9.57323e-10 5.26414e-09
 1.12768e-08 1.67519e-08 2.13895e-08 2.49411e-08 2.72263e-08 2.81421e-08
 2.76654e-08 2.58479e-08 2.28091e-08 1.87266e-08 1.38281e-08 8.38194e-09
 2.68614e-09-2.94688e-09-8.20980e-09-1.28228e-08-1.65551e-08-1.92416e-08
-2.07913e-08-2.11867e-08-2.04763e-08-1.87645e-08-1.62024e-08-1.29797e-08
-9.32017e-09-5.47390e-09-1.70524e-09 1.72660e-09 4.59284e-09 6.72162e-09
 8.01911e-09 8.47965e-09 8.18211e-09 7.27421e-09 5.94931e-09 4.42146e-09
 2.90311e-09 1.58665e-09 6.27677e-10 1.27098e-10
     0.0000e+00     0.0000e+00      0  0  0.00
     400   1.00000  0.0000e+00
 2.61887e-08-6.05832e-08-1.41985e-07-2.13905e-07-2.73466e-07-3.19005e-07
-3.49951e-07-3.66650e-07-3.70155e-07-3.61996e-07-3.43969e-07-3.17946e-07
-2.85727e-07-2.48937e-07-2.08961e-07-1.66937e-07-1.23766e-07-8.01644e-08
-3.67237e-08 6.02561e-09 4.75503e-08 8.72666e-08 1.24510e-07 1.58527e-07
 1.88488e-07 2.13519e-07 2.32756e-07 2.45398e-07 2.50779e-07 2.48430e-07
 2.38134e-07 2.19975e-07 1.94368e-07 1.62067e-07 1.24158e-07 8.20283e-08
 3.73140e-08-8.16685e-09-5.24984e-08-9.37605e-08-1.30126e-07-1.59960e-07
-1.81904e-07-1.94958e-07-1.98532e-07-1.92490e-07-1.77158e-07-1.53316e-07
-1.22168e-07-8.52849e-08-4.45365e-08-2.00218e-09 4.01267e-08 7.96545e-08
 1.14493e-07 1.42770e-07 1.62935e-07 1.73849e-07 1.74852e-07 1.65816e-07
 1.47152e-07 1.19801e-07 8.51823e-08 4.51187e-08 1.74061e-09-4.26277e-08
-8.55896e-08-1.24799e-07-1.58082e-07-1.83541e-07-1.99663e-07-2.05395e-07
-2.00212e-07-1.84158e-07-1.57853e-07-1.22472e-07-7.96979e-08-3.16322e-08
 1.93123e-08 7.05416e-08 1.19419e-07 1.63401e-07 2.00168e-07 2.27735e-07
 2.44549e-07 2.49558e-07 2.42273e-07 2.22792e-07 1.91813e-07 1.50620e-07
 1.01040e-07 4.53666e-08-1.37418e-08-7.33974e-08-1.30629e-07-1.82539e-07
-2.26453e-07-2.60060e-07-2.81530e-07-2.89601e-07-2.83648e-07-2.63712e-07
-2.30516e-07-1.85440e-07-1.30475e-07-6.81358e-08-1.35470e-09 6.66586e-08
 1.32572e-07 1.93096e-07 2.45153e-07 2.86035e-07 3.13535e-07 3.26062e-07
 3.22718e-07 3.03353e-07 2.68581e-07 2.19769e-07 1.58992e-07 8.89447e-08
 1.28437e-08-6.57163e-08-1.42922e-07-2.14916e-07-2.77981e-07-3.28712e-07
-3.64180e-07-3.82081e-07-3.80859e-07-3.59806e-07-3.19128e-07-2.59974e-07
-1.84427e-07-9.54556e-08 3.17431e-09 1.07023e-07 2.11135e-07 3.10231e-07
 3.98910e-07 4.71893e-07 5.24271e-07 5.51779e-07 5.51070e-07 5.19965e-07
 4.57678e-07 3.64990e-07 2.44367e-07 1.00001e-07-6.22318e-08-2.34905e-07
-4.09279e-07-5.75640e-07-7.23756e-07-8.43435e-07-9.25157e-07-9.60766e-07
-9.44142e-07-8.71846e-07-7.43647e-07-5.62922e-07-3.36849e-07-7.63568e-08
 2.04209e-07 4.87739e-07 7.55324e-07 9.87526e-07 1.16588e-06 1.27450e-06
 1.30168e-06 1.24118e-06 1.09319e-06 8.64691e-07 5.69181e-07 2.25789e-07
-1.42210e-07-5.09269e-07-8.49644e-07-1.13942e-06-1.35830e-06-1.49093e-06
-1.52772e-06-1.46514e-06-1.30552e-06-1.05647e-06-7.30156e-07-3.42324e-07
 8.85914e-08 5.42393e-07 9.97971e-07 1.43407e-06 1.83001e-06 2.16634e-06
 2.42544e-06 2.59211e-06 2.65410e-06 2.60261e-06 2.43277e-06 2.14407e-06
 1.74078e-06 1.23217e-06 6.32689e-07-3.81795e-08-7.56220e-07-1.49312e-06
-2.21740e-06-2.89558e-06-3.49371e-06-3.97903e-06-4.32186e-06-4.49751e-06
-4.48817e-06-4.28459e-06-3.88737e-06-3.30778e-06-2.56787e-06-1.69997e-06
-7.45359e-07 2.47873e-07 1.22764e-06 2.14130e-06 2.93948e-06 3.58011e-06
 4.03226e-06 4.27940e-06 4.32107e-06 4.17147e-06 3.85542e-06 3.40417e-06
 2.85208e-06 2.23410e-06 1.58362e-06 9.30993e-07 3.02826e-07-2.78254e-07
-7.94238e-07-1.23231e-06-1.58305e-06-1.83678e-06-1.98261e-06-2.01208e-06
-1.92511e-06-1.73720e-06-1.48213e-06-1.20102e-06-9.23916e-07-6.64123e-07
-4.28924e-07-2.27225e-07-6.59658e-08 5.26904e-08 1.29844e-07 1.69343e-07
 1.77153e-07 1.60015e-07 1.24937e-07 7.87165e-08 2.74674e-08-2.35067e-08
-6.98683e-08-1.08271e-07-1.36287e-07-1.52323e-07-1.55490e-07-1.45497e-07
-1.22579e-07-8.74402e-08-4.12526e-08 1.43266e-08 7.71349e-08 1.44511e-07
 2.13349e-07 2.80207e-07 3.41472e-07 3.93582e-07 4.33274e-07 4.57860e-07
 4.65460e-07 4.55184e-07 4.27235e-07 3.82900e-07 3.24451e-07 2.54960e-07
 1.78055e-07 9.76491e-08 1.76664e-08-5.82151e-08-1.26777e-07-1.85421e-07
-2.32266e-07-2.66191e-07-2.86823e-07-2.94482e-07-2.90091e-07-2.75062e-07
-2.51175e-07-2.20442e-07-1.84979e-07-1.46886e-07-1.08149e-07-7.05572e-08
-3.56413e-08-4.62848e-09 2.15777e-08 4.24011e-08 5.75813e-08 6.71509e-08
 7.14015e-08 7.08415e-08 6.61504e-08 5.81326e-08 4.76703e-08 3.56779e-08
 2.30576e-08 1.06616e-08-7.41682e-10-1.04952e-08-1.80761e-08-2.31104e-08
-2.53795e-08-2.48226e-08-2.15350e-08-1.57585e-08-7.86319e-09 1.67600e-09
 1.23024e-08 2.34024e-08 3.43349e-08 4.44658e-08 5.31995e-08 6.00066e-08
 6.44492e-08 6.62034e-08 6.50752e-08 6.10104e-08 5.41001e-08 4.45799e-08
 3.28190e-08 1.93005e-08 4.59843e-09-1.06452e-08-2.57490e-08-4.00260e-08
-5.28203e-08-6.35388e-08-7.16779e-08-7.68482e-08-7.87956e-08-7.74161e-08
-7.27607e-08-6.50342e-08-5.45868e-08-4.18984e-08-2.75545e-08-1.22174e-08
 3.40472e-09 1.85913e-08 3.26469e-08 4.49362e-08 5.49157e-08 6.21582e-08
 6.63747e-08 6.74297e-08 6.53475e-08 6.03097e-08 5.26441e-08 4.28074e-08
 3.13597e-08 1.89325e-08 6.19390e-09-6.18679e-09-1.75770e-08-2.74182e-08
-3.52570e-08-4.07674e-08-4.37670e-08-4.42273e-08-4.22748e-08-3.81792e-08
-3.23305e-08-2.52115e-08-1.73653e-08-9.35695e-09-1.73105e-09 5.02797e-09
 1.05288e-08 1.44996e-08 1.68072e-08 1.74650e-08 1.66278e-08 1.45735e-08
 1.16736e-08 8.35497e-09 5.05222e-09 2.15776e-09-2.58632e-11-1.32688e-09
-1.73627e-09-1.42494e-09-7.39948e-10-1.78970e-10
     0.0000e+00     0.0000e+00      0  0  0.00
     400   1.00000  0.0000e+00
 4.74193e-07 4.11511e-07 3.14321e-07 1.84537e-07 2.69576e-08-1.50897e-07
-3.39070e-07-5.25485e-07-6.96010e-07-8.34368e-07-9.23194e-07-9.47841e-07
-9.02766e-07-7.96365e-07-6.47688e-07-4.74980e-07-2.86257e-07-8.11604e-08
 1.36904e-07 3.49284e-07 5.27497e-07 6.53712e-07 7.28836e-07 7.59841e-07
 7.50796e-07 7.06192e-07 6.32986e-07 5.39463e-07 4.34762e-07 3.27420e-07
 2.24194e-07 1.30066e-07 4.80548e-08-2.07296e-08-7.67773e-08-1.21872e-07
-1.58587e-07-1.89797e-07-2.18214e-07-2.45964e-07-2.74283e-07-3.03322e-07
-3.32099e-07-3.58589e-07-3.79954e-07-3.92904e-07-3.94155e-07-3.80925e-07
-3.51411e-07-3.05146e-07-2.43198e-07-1.68180e-07-8.40641e-08 4.18257e-09
 9.10776e-08 1.71158e-07 2.39497e-07 2.92140e-07 3.26422e-07 3.41137e-07
 3.36550e-07 3.14290e-07 2.77124e-07 2.28664e-07 1.73027e-07 1.14493e-07
 5.71818e-08 4.77944e-09-3.96837e-08-7.39892e-08-9.68180e-08-1.07765e-07
-1.07289e-07-9.66047e-08-7.75332e-08-5.23299e-08-2.34960e-08 6.40558e-09
 3.49210e-08 5.98572e-08 7.94047e-08 9.22267e-08 9.75103e-08 9.49812e-08
 8.48874e-08 6.79564e-08 4.53269e-08 1.84575e-08-1.09790e-08-4.12061e-08
-7.04496e-08-9.70366e-08-1.19482e-07-1.36559e-07-1.47354e-07-1.51306e-07
-1.48223e-07-1.38281e-07-1.22010e-07-1.00251e-07-7.41136e-08-4.49066e-08
-1.40692e-08 1.69101e-08 4.65709e-08 7.35515e-08 9.66484e-08 1.14865e-07
 1.27453e-07 1.33945e-07 1.34167e-07 1.28245e-07 1.16591e-07 9.98802e-08
 7.90237e-08 5.51153e-08 2.93725e-08 3.07129e-09-2.25165e-08-4.61840e-08
-6.68433e-08-8.35734e-08-9.56596e-08-1.02624e-07-1.04248e-07-1.00573e-07
-9.19045e-08-7.87867e-08-6.19788e-08-4.24124e-08-2.11397e-08 7.24038e-10
 2.20575e-08 4.17869e-08 5.89348e-08 7.26644e-08 8.23192e-08 8.74557e-08
 8.78671e-08 8.35941e-08 7.49184e-08 6.23449e-08 4.65735e-08 2.84618e-08
 8.97869e-09-1.08487e-08-2.99889e-08-4.74560e-08-6.23554e-08-7.39244e-08
-8.15719e-08-8.49104e-08-8.37785e-08-7.82512e-08-6.86344e-08-5.54453e-08
-3.93814e-08-2.12805e-08-2.07851e-09 1.72352e-08 3.56656e-08 5.22626e-08
 6.61688e-08 7.66655e-08 8.32115e-08 8.54736e-08 8.33415e-08 7.69295e-08
 6.65678e-08 5.27859e-08 3.62880e-08 1.79196e-08-1.37593e-09-2.06068e-08
-3.87875e-08-5.49898e-08-6.83880e-08-7.82976e-08-8.42084e-08-8.58119e-08
-8.30218e-08-7.59814e-08-6.50549e-08-5.08044e-08-3.39580e-08-1.53707e-08
 4.01540e-09 2.32118e-08 4.12334e-08 5.71541e-08 7.01559e-08 7.95685e-08
 8.49063e-08 8.58967e-08 8.24916e-08 7.48636e-08 6.33942e-08 4.86583e-08
 3.14017e-08 1.25079e-08-7.05156e-09-2.62743e-08-4.41769e-08-5.98410e-08
-7.24592e-08-8.13791e-08-8.61360e-08-8.64783e-08-8.23796e-08-7.40373e-08
-6.18645e-08-4.64749e-08-2.86541e-08-9.31522e-09 1.05526e-08 2.99354e-08
 4.78419e-08 6.33484e-08 7.56471e-08 8.40929e-08 8.82411e-08 8.78679e-08
 8.29770e-08 7.38012e-08 6.07940e-08 4.46089e-08 2.60663e-08 6.11083e-09
-1.42385e-08-3.39405e-08-5.19824e-08-6.74303e-08-7.94774e-08-8.74883e-08
-9.10343e-08-8.99152e-08-8.41682e-08-7.40656e-08-6.01037e-08-4.29809e-08
-2.35634e-08-2.84032e-09 1.81293e-08 3.82697e-08 5.65413e-08 7.19935e-08
 8.38146e-08 9.13758e-08 9.42660e-08 9.23121e-08 8.55873e-08 7.44102e-08
 5.93306e-08 4.11033e-08 2.06504e-08-9.86876e-10-2.27014e-08-4.33748e-08
-6.19349e-08-7.74110e-08-8.89849e-08-9.60346e-08-9.81672e-08-9.52400e-08
-8.73687e-08-7.49242e-08-5.85164e-08-3.89632e-08-1.72505e-08 5.51822e-09
 2.81774e-08 4.95578e-08 6.85470e-08 8.41476e-08 9.55292e-08 1.02072e-07
 1.03400e-07 9.94048e-08 9.02473e-08 7.63576e-08 5.84123e-08 3.73014e-08
 1.40848e-08-1.00613e-08-3.39034e-08-5.62134e-08-7.58321e-08-9.17288e-08
-1.03055e-07-1.09189e-07-1.09772e-07-1.04724e-07-9.42562e-08-7.88604e-08
-5.92859e-08-3.65046e-08-1.16623e-08 1.39784e-08 3.91030e-08 6.24132e-08
 8.26943e-08 9.88799e-08 1.10108e-07 1.15769e-07 1.15534e-07 1.09380e-07
 9.75842e-08 8.07162e-08 5.96045e-08 3.52965e-08 9.00550e-09-1.79494e-08
-4.42085e-08-6.84373e-08-8.93914e-08-1.05977e-07-1.17306e-07-1.22738e-07
-1.21918e-07-1.14798e-07-1.01643e-07-8.30283e-08-5.98121e-08-3.31032e-08
-4.20809e-09 2.54313e-08 5.43084e-08 8.09266e-08 1.03875e-07 1.21902e-07
 1.33975e-07 1.39339e-07 1.37554e-07 1.28528e-07 1.12527e-07 9.01722e-08
 6.24295e-08 3.05690e-08-3.88296e-09-3.92102e-08-7.35877e-08-1.05173e-07
-1.32207e-07-1.53115e-07-1.66604e-07-1.71743e-07-1.68036e-07-1.55454e-07
-1.34455e-07-1.05960e-07-7.13148e-08-3.22159e-08 9.37283e-09 5.13214e-08
 9.14425e-08 1.27606e-07 1.57856e-07 1.80516e-07 1.94295e-07 1.98364e-07
 1.92415e-07 1.76691e-07 1.51982e-07 1.19584e-07 8.12365e-08 3.90222e-08
-4.74810e-09-4.76686e-08-8.73801e-08-1.21711e-07-1.48807e-07-1.67250e-07
-1.76143e-07-1.75172e-07-1.64632e-07-1.45415e-07-1.18956e-07-8.71465e-08
-5.22015e-08-1.65110e-08 1.75339e-08 4.77168e-08 7.21614e-08 8.94720e-08
 9.88387e-08 1.00100e-07 9.37552e-08 8.09307e-08 6.32848e-08 4.28634e-08
 2.19064e-08 2.61926e-09-1.30701e-08-2.37449e-08-2.86951e-08-2.80501e-08
-2.28266e-08-1.48827e-08-6.77395e-09-1.51772e-09
     0.0000e+00     0.0000e+00      0  0  0.00
     400   1.00000  0.0000e+00
-8.32688e-07-9.34986e-07-9.64210e-07-9.14840e-07-8.02150e-07-6.50442e-07
-4.77915e-07-2.95853e-07-1.15887e-07 4.95899e-08 1.91723e-07 3.05564e-07
 3.88350e-07 4.39388e-07 4.60228e-07 4.54231e-07 4.26048e-07 3.81136e-07
 3.25261e-07 2.64022e-07 2.02433e-07 1.44608e-07 9.35840e-08 5.12477e-08
 1.83771e-08-5.22618e-09-2.05303e-08-2.90261e-08-3.24620e-08-3.25923e-08
-3.09739e-08-2.88300e-08-2.69780e-08-2.58197e-08-2.53908e-08-2.54613e-08
-2.56590e-08-2.55883e-08-2.49284e-08-2.35072e-08-2.13405e-08-1.86310e-08
-1.57358e-08-1.31102e-08-1.12394e-08-1.05644e-08-1.14164e-08-1.39658e-08
-1.81913e-08-2.38704e-08-3.05944e-08-3.78023e-08-4.48320e-08-5.09800e-08
-5.55676e-08-5.80031e-08-5.78357e-08-5.47962e-08-4.88207e-08-4.00586e-08
-2.88622e-08-1.57604e-08-1.42079e-09 1.33965e-08 2.78903e-08 4.12708e-08
 5.28085e-08 6.18770e-08 6.79895e-08 7.08265e-08 7.02549e-08 6.63347e-08
 5.93139e-08 4.96130e-08 3.77989e-08 2.45497e-08 1.06132e-08-3.23979e-09
-1.62628e-08-2.77795e-08-3.72218e-08-4.41591e-08-4.83175e-08-4.95889e-08
-4.80302e-08-4.38514e-08-3.73976e-08-2.91235e-08-1.95668e-08-9.31784e-09
 1.01267e-09 1.08270e-08 1.95719e-08 2.67669e-08 3.20299e-08 3.50981e-08
 3.58428e-08 3.42752e-08 3.05437e-08 2.49203e-08 1.77802e-08 9.57584e-09
 8.08193e-10-8.00266e-09-1.63479e-08-2.37580e-08-2.98260e-08-3.42258e-08
-3.67239e-08-3.71869e-08-3.55872e-08-3.20045e-08-2.66228e-08-1.97220e-08
-1.16635e-08-2.87096e-09 6.19298e-09 1.50532e-08 2.32488e-08 3.03574e-08
 3.60162e-08 3.99382e-08 4.19245e-08 4.18713e-08 3.97727e-08 3.57175e-08
 2.98826e-08 2.25253e-08 1.39737e-08 4.61703e-09-5.10783e-09-1.47333e-08
-2.37820e-08-3.17895e-08-3.83288e-08-4.30358e-08-4.56305e-08-4.59347e-08
-4.38829e-08-3.95277e-08-3.30405e-08-2.47067e-08-1.49202e-08-4.17096e-09
 6.97335e-09 1.78940e-08 2.79544e-08 3.65405e-08 4.31034e-08 4.72022e-08
 4.85391e-08 4.69849e-08 4.25943e-08 3.56097e-08 2.64525e-08 1.57013e-08
 4.05567e-09-7.71119e-09-1.88103e-08-2.85012e-08-3.61536e-08-4.12993e-08
-4.36684e-08-4.32059e-08-4.00686e-08-3.46024e-08-2.73033e-08-1.87681e-08
-9.63926e-09-5.45913e-10 7.94977e-09 1.53975e-08 2.14886e-08 2.60656e-08
 2.91100e-08 3.07121e-08 3.10301e-08 3.02437e-08 2.85112e-08 2.59406e-08
 2.25789e-08 1.84233e-08 1.34480e-08 7.64170e-09 1.04837e-09-6.19520e-09
-1.38346e-08-2.14929e-08-2.86891e-08-3.48763e-08-3.94965e-08-4.20449e-08
-4.21374e-08-3.95673e-08-3.43434e-08-2.67028e-08-1.70967e-08-6.15061e-09
 5.39561e-09 1.67595e-08 2.71888e-08 3.60246e-08 4.27479e-08 4.70071e-08
 4.86264e-08 4.75954e-08 4.40473e-08 3.82310e-08 3.04855e-08 2.12167e-08
 1.08796e-08-3.67049e-11-1.10217e-08-2.15573e-08-3.11333e-08-3.92676e-08
-4.55308e-08-4.95715e-08-5.11400e-08-5.01077e-08-4.64781e-08-4.03905e-08
-3.21159e-08-2.20467e-08-1.06786e-08 1.41257e-09 1.35995e-08 2.52334e-08
 3.56793e-08 4.43533e-08 5.07609e-08 5.45307e-08 5.54415e-08 5.34385e-08
 4.86357e-08 4.13030e-08 3.18406e-08 2.07471e-08 8.58530e-09-4.05024e-09
-1.65593e-08-2.83542e-08-3.88724e-08-4.75899e-08-5.40372e-08-5.78239e-08
-5.86700e-08-5.64390e-08-5.11674e-08-4.30813e-08-3.25944e-08-2.02815e-08
-6.83343e-09 6.99997e-09 2.04697e-08 3.28794e-08 4.36213e-08 5.21933e-08
 5.82021e-08 6.13605e-08 6.14858e-08 5.85077e-08 5.24843e-08 4.36241e-08
 3.23033e-08 1.90679e-08 4.61299e-09-1.02605e-08-2.47093e-08-3.79175e-08
-4.91611e-08-5.78545e-08-6.35740e-08-6.60602e-08-6.52064e-08-6.10447e-08
-5.37371e-08-4.35771e-08-3.09974e-08-1.65747e-08-1.02154e-09 1.48419e-08
 3.01386e-08 4.40007e-08 5.56398e-08 6.44069e-08 6.98321e-08 7.16405e-08
 6.97474e-08 6.42423e-08 5.53720e-08 4.35283e-08 2.92442e-08 1.31895e-08
-3.84121e-09-2.09562e-08-3.72151e-08-5.16924e-08-6.35476e-08-7.20895e-08
-7.68238e-08-7.74780e-08-7.40062e-08-6.65782e-08-5.55621e-08-4.15044e-08
-2.51102e-08-7.21904e-09 1.12279e-08 2.92334e-08 4.58031e-08 6.00099e-08
 7.10575e-08 7.83326e-08 8.14390e-08 8.02126e-08 7.47193e-08 6.52418e-08
 5.22598e-08 3.64282e-08 1.85497e-08-4.57174e-10-1.95990e-08-3.78570e-08
-5.42423e-08-6.78538e-08-7.79308e-08-8.38975e-08-8.53952e-08-8.23025e-08
-7.47426e-08-6.30775e-08-4.78907e-08-2.99577e-08-1.02053e-08 1.03371e-08
 3.05917e-08 4.94878e-08 6.60154e-08 7.92763e-08 8.85308e-08 9.32382e-08
 9.30889e-08 8.80258e-08 7.82489e-08 6.42049e-08 4.65602e-08 2.61644e-08
 4.00841e-09-1.88189e-08-4.11746e-08-6.19079e-08-7.99139e-08-9.41924e-08
-1.03911e-07-1.08462e-07-1.07510e-07-1.01010e-07-8.92155e-08-7.26571e-08
-5.21212e-08-2.86157e-08-3.33197e-09 2.24045e-08 4.71994e-08 6.96725e-08
 8.85514e-08 1.02764e-07 1.11515e-07 1.14336e-07 1.11109e-07 1.02060e-07
 8.77469e-08 6.90274e-08 4.70248e-08 2.30714e-08-1.36832e-09-2.47966e-08
-4.57947e-08-6.31314e-08-7.58523e-08-8.33390e-08-8.53383e-08-8.19674e-08
-7.37047e-08-6.13657e-08-4.60595e-08-2.91176e-08-1.19888e-08 3.89333e-09
 1.72546e-08 2.71132e-08 3.28821e-08 3.44295e-08 3.20949e-08 2.66668e-08
 1.93227e-08 1.15320e-08 4.91378e-09 1.05224e-09
     0.0000e+00     0.0000e+00      0  0  0.00
     400   1.00000  0.0000e+00
 4.99724e-08 1.61263e-07 2.62922e-07 3.49140e-07 4.15739e-07 4.60231e-07
 4.81766e-07 4.80971e-07 4.59721e-07 4.20854e-07 3.67880e-07 3.04676e-07
 2.35214e-07 1.63314e-07 9.24538e-08 2.56181e-08-3.47922e-08-8.70052e-08
-1.29879e-07-1.62865e-07-1.85946e-07-1.99555e-07-2.04474e-07-2.01749e-07
-1.92589e-07-1.78284e-07-1.60126e-07-1.39350e-07-1.17086e-07-9.43249e-08
-7.18985e-08-5.04804e-08-3.05930e-08-1.26249e-08 3.14785e-09 1.65417e-08
 2.74482e-08 3.58195e-08 4.16571e-08 4.50057e-08 4.59514e-08 4.46246e-08
 4.12051e-08 3.59294e-08 2.90969e-08 2.10724e-08 1.22863e-08 3.22795e-09
-5.56847e-09-1.35464e-08-2.01565e-08-2.48927e-08-2.73314e-08-2.71689e-08
-2.42555e-08-1.86203e-08-1.04830e-08-2.50997e-10 1.14969e-08 2.40425e-08
 3.65733e-08 4.82354e-08 5.81901e-08 6.56724e-08 7.00448e-08 7.08442e-08
 6.78168e-08 6.09415e-08 5.04362e-08 3.67474e-08 2.05260e-08 2.58866e-09
-1.61300e-08-3.46326e-08-5.19161e-08-6.70279e-08-7.91200e-08-8.74967e-08
-9.16551e-08-9.13160e-08-8.64436e-08-7.72511e-08-6.41901e-08-4.79274e-08
-2.93077e-08-9.30400e-09 1.10399e-08 3.06693e-08 4.85795e-08 6.38732e-08
 7.58063e-08 8.38219e-08 8.75717e-08 8.69251e-08 8.19649e-08 7.29759e-08
 6.04248e-08 4.49353e-08 2.72609e-08 8.25533e-09-1.11584e-08-3.00241e-08
-4.73942e-08-6.23727e-08-7.41620e-08-8.21106e-08-8.57565e-08-8.48613e-08
-7.94346e-08-6.97395e-08-5.62799e-08-3.97708e-08-2.10939e-08-1.24310e-09
 1.87345e-08 3.77978e-08 5.49663e-08 6.93654e-08 8.02641e-08 8.71040e-08
 8.95198e-08 8.73554e-08 8.06746e-08 6.97625e-08 5.51210e-08 3.74524e-08
 1.76317e-08-3.33417e-09-2.43576e-08-4.43316e-08-6.21933e-08-7.69863e-08
-8.79155e-08-9.43902e-08-9.60534e-08-9.27973e-08-8.47643e-08-7.23367e-08
-5.61167e-08-3.68973e-08-1.56263e-08 6.63540e-09 2.87632e-08 4.96226e-08
 6.81272e-08 8.32964e-08 9.43107e-08 1.00559e-07 1.01673e-07 9.75544e-08
 8.83746e-08 7.45713e-08 5.68239e-08 3.60181e-08 1.32015e-08-1.04696e-08
-3.37869e-08-5.55511e-08-7.46317e-08-9.00250e-08-1.00907e-07-1.06676e-07
-1.06990e-07-1.01782e-07-9.12678e-08-7.59406e-08-5.65447e-08-3.40415e-08
-9.56262e-09 1.56468e-08 4.02908e-08 6.30889e-08 8.28425e-08 9.84975e-08
 1.09200e-07 1.14343e-07 1.13598e-07 1.06937e-07 9.46380e-08 7.72757e-08
 5.56984e-08 3.09895e-08 4.41479e-09-2.26428e-08-4.87584e-08-7.25454e-08
-9.27354e-08-1.08251e-07-1.18265e-07-1.22245e-07-1.19975e-07-1.11562e-07
-9.74201e-08-7.82480e-08-5.49877e-08-2.87784e-08-9.01967e-10 2.72773e-08
 5.43763e-08 7.90574e-08 1.00091e-07 1.16409e-07 1.27159e-07 1.31735e-07
 1.29811e-07 1.21358e-07 1.06654e-07 8.62871e-08 6.11375e-08 3.23548e-08
 1.31172e-09-3.04567e-08-6.13286e-08-8.96809e-08-1.13977e-07-1.32851e-07
-1.45183e-07-1.50167e-07-1.47355e-07-1.36698e-07-1.18566e-07-9.37431e-08
-6.34082e-08-2.90828e-08 7.44448e-09 4.42168e-08 7.92237e-08 1.10521e-07
 1.36348e-07 1.55228e-07 1.66052e-07 1.68141e-07 1.61279e-07 1.45727e-07
 1.22212e-07 9.18843e-08 5.62647e-08 1.71633e-08-2.34131e-08-6.33631e-08
-1.00597e-07-1.33141e-07-1.59237e-07-1.77431e-07-1.86654e-07-1.86280e-07
-1.76172e-07-1.56694e-07-1.28703e-07-9.35047e-08-5.27923e-08-8.56183e-09
 3.69864e-08 8.15541e-08 1.22855e-07 1.58721e-07 1.87217e-07 2.06732e-07
 2.16079e-07 2.14562e-07 2.02028e-07 1.78886e-07 1.46102e-07 1.05157e-07
 5.79803e-08 6.85962e-09-4.56720e-08-9.69599e-08-1.44361e-07-1.85381e-07
-2.17801e-07-2.39803e-07-2.50066e-07-2.47844e-07-2.33013e-07-2.06092e-07
-1.68230e-07-1.21159e-07-6.71209e-08-8.76341e-09 5.09854e-08 1.09060e-07
 1.62412e-07 2.08171e-07 2.43795e-07 2.67213e-07 2.76942e-07 2.72180e-07
 2.52864e-07 2.19694e-07 1.74118e-07 1.18274e-07 5.48996e-08-1.27933e-08
-8.12733e-08-1.46866e-07-2.05941e-07-2.55110e-07-2.91399e-07-3.12418e-07
-3.16501e-07-3.02806e-07-2.71397e-07-2.23264e-07-1.60315e-07-8.53137e-08
-1.77303e-09 8.61903e-08 1.74042e-07 2.57042e-07 3.30480e-07 3.89911e-07
 4.31403e-07 4.51763e-07 4.48749e-07 4.21240e-07 3.69363e-07 2.94554e-07
 1.99568e-07 8.84121e-08-3.37840e-08-1.60968e-07-2.86432e-07-4.03144e-07
-5.04125e-07-5.82859e-07-6.33719e-07-6.52377e-07-6.36151e-07-5.84280e-07
-4.98065e-07-3.80892e-07-2.38078e-07-7.65978e-08 9.53374e-08 2.68766e-07
 4.34502e-07 5.83647e-07 7.08032e-07 8.00589e-07 8.55625e-07 8.69024e-07
 8.38381e-07 7.63090e-07 6.44403e-07 4.85460e-07 2.91284e-07 6.87285e-08
-1.73634e-07-4.25695e-07-6.76093e-07-9.12592e-07-1.12258e-06-1.29363e-06
-1.41417e-06-1.47419e-06-1.46590e-06-1.38446e-06-1.22851e-06-1.00063e-06
-7.07621e-07-3.60464e-07 2.58840e-08 4.33046e-07 8.40039e-07 1.22435e-06
 1.56325e-06 1.83519e-06 2.02137e-06 2.10721e-06 2.08362e-06 1.94813e-06
 1.70552e-06 1.36799e-06 9.54848e-07 4.91548e-07 8.12871e-09-4.62837e-07
-8.88759e-07-1.23981e-06-1.49179e-06-1.62883e-06-1.64568e-06-1.54900e-06
-1.35666e-06-1.09444e-06-7.91740e-07-4.78014e-07-1.80159e-07 7.94492e-08
 2.84501e-07 4.25750e-07 5.01339e-07 5.16184e-07 4.80274e-07 4.06232e-07
 3.06964e-07 1.95434e-07 8.95394e-08 2.04011e-08
