      10
(6e12.5)
     0.0000e+00     0.0000e+00      0  0  0.00
     512   1.00000  0.0000e+00
 2.78831e-08 2.79539e-08 2.83682e-08 2.93806e-08 3.12038e-08 3.39750e-08
 3.77227e-08 4.23366e-08 4.75444e-08 5.28992e-08 5.77796e-08 6.14061e-08
 6.28747e-08 6.12086e-08 5.54261e-08 4.46202e-08 2.80445e-08 5.20614e-09
-2.40377e-08-5.93982e-08-1.00091e-07-1.44787e-07-1.91576e-07-2.37973e-07
-2.80948e-07-3.17017e-07-3.42403e-07-3.53269e-07-3.46028e-07-3.17710e-07
-2.66356e-07-1.91393e-07-9.39541e-08 2.28925e-08 1.54027e-07 2.92298e-07
 4.28713e-07 5.52839e-07 6.53508e-07 7.19884e-07 7.42776e-07 7.16028e-07
 6.37678e-07 5.10424e-07 3.41724e-07 1.44105e-07-6.53130e-08-2.67089e-07
-4.42271e-07-5.74688e-07-6.53189e-07-6.73644e-07-6.39830e-07-5.62567e-07
-4.57152e-07-3.39817e-07-2.24033e-07-1.17997e-07-2.47371e-08 5.55228e-08
 1.22555e-07 1.74482e-07 2.08177e-07 2.21443e-07 2.15381e-07 1.94917e-07
 1.66787e-07 1.36468e-07 1.06458e-07 7.71469e-08 4.91503e-08 2.46295e-08
 6.26691e-09-4.84324e-09-9.92850e-09-1.10783e-08-9.39792e-09-4.93670e-09
 1.85003e-09 9.33313e-09 1.57194e-08 2.03183e-08 2.32958e-08 2.45314e-08
 2.34458e-08 1.99029e-08 1.45510e-08 8.09121e-09 7.96999e-10-7.03553e-09
-1.47331e-08-2.16465e-08-2.74967e-08-3.21132e-08-3.52166e-08-3.66421e-08
-3.64782e-08-3.48832e-08-3.19927e-08-2.80308e-08-2.33173e-08-1.81579e-08
-1.28256e-08-7.59728e-09-2.72490e-09 1.60118e-09 5.24347e-09 8.10981e-09
 1.01628e-08 1.14171e-08 1.19294e-08 1.17930e-08 1.11306e-08 1.00828e-08
 8.79945e-09 7.43114e-09 6.11905e-09 4.98528e-09 4.12523e-09 3.60130e-09
 3.43864e-09 3.62373e-09 4.10638e-09 4.80506e-09 5.61455e-09 6.41508e-09
 7.08255e-09 7.49922e-09 7.56400e-09 7.20149e-09 6.36852e-09 5.05831e-09
 3.30267e-09 1.17193e-09-1.22785e-09-3.76051e-09-6.26803e-09-8.58192e-09
-1.05376e-08-1.19897e-08-1.28255e-08-1.29760e-08-1.24232e-08-1.12029e-08
-9.40220e-09-7.15256e-09-4.61838e-09-1.98319e-09 5.66745e-10 2.85931e-09
 4.75190e-09 6.14353e-09 6.98337e-09 7.27451e-09 7.07196e-09 6.47409e-09
 5.60892e-09 4.61712e-09 3.63441e-09 2.77509e-09 2.11902e-09 1.70403e-09
 1.52443e-09 1.53526e-09 1.66158e-09 1.81147e-09 1.89135e-09 1.82117e-09
 1.54668e-09 1.04666e-09 3.35083e-10-5.41444e-10-1.51056e-09-2.48513e-09
-3.37685e-09-4.10985e-09-4.63112e-09-4.91562e-09-4.96651e-09-4.81119e-09
-4.49390e-09-4.06577e-09-3.57393e-09-3.05240e-09-2.51697e-09-1.96530e-09
-1.38157e-09-7.44359e-10-3.56077e-11 7.51046e-10 1.60418e-09 2.49232e-09
 3.36660e-09 4.16785e-09 4.83626e-09 5.32113e-09 5.58906e-09 5.62864e-09
 5.45067e-09 5.08379e-09 4.56698e-09 3.94035e-09 3.23685e-09 2.47743e-09
 1.67066e-09 8.16430e-10-8.77840e-11-1.03943e-09-2.02400e-09-3.01100e-09
-3.95446e-09-4.79806e-09-5.48373e-09-5.96111e-09-6.19567e-09-6.17367e-09
-5.90265e-09-5.40753e-09-4.72374e-09-3.88967e-09-2.94044e-09-1.90449e-09
-8.04131e-10 3.40051e-10 1.50313e-09 2.65067e-09 3.73622e-09 4.70237e-09
 5.48617e-09 6.02794e-09 6.28088e-09 6.21867e-09 5.83948e-09 5.16565e-09
 4.23910e-09 3.11404e-09 1.84955e-09 5.04348e-10-8.65447e-10-2.20566e-09
-3.46154e-09-4.57503e-09-5.48399e-09-6.12489e-09-6.43932e-09-6.38303e-09
-5.93482e-09-5.10302e-09-3.92766e-09-2.47748e-09-8.42642e-10 8.74874e-10
 2.57091e-09 4.14665e-09 5.51296e-09 6.59195e-09 7.31761e-09 7.63710e-09
 7.51367e-09 6.93181e-09 5.90352e-09 4.47334e-09 2.72012e-09 7.53923e-10
-1.29218e-09-3.27448e-09-5.05285e-09-6.50400e-09-7.53165e-09-8.07253e-09
-8.09812e-09-7.61389e-09-6.65757e-09-5.29720e-09-3.62851e-09-1.77086e-09
 1.38745e-10 1.95495e-09 3.53675e-09 4.76230e-09 5.54287e-09 5.83347e-09
 5.63819e-09 5.00859e-09 4.03556e-09 2.83680e-09 1.54283e-09 2.83920e-10
-8.21082e-10-1.67371e-09-2.20303e-09-2.37147e-09-2.17960e-09-1.66839e-09
-9.17053e-10-3.51090e-11 8.51018e-10 1.61500e-09 2.14842e-09 2.37625e-09
 2.26662e-09 1.83279e-09 1.12767e-09 2.33187e-10-7.52467e-10-1.72713e-09
-2.59520e-09-3.27608e-09-3.71076e-09-3.86705e-09-3.74301e-09-3.36760e-09
-2.79668e-09-2.10363e-09-1.36583e-09-6.50209e-10-1.91316e-12 5.61006e-10
 1.04605e-09 1.47858e-09 1.89036e-09 2.30753e-09 2.74168e-09 3.18611e-09
 3.61749e-09 4.00068e-09 4.29410e-09 4.45460e-09 4.44230e-09 4.22603e-09
 3.78917e-09 3.13472e-09 2.28777e-09 1.29393e-09 2.13121e-10-8.90553e-10
-1.95990e-09-2.95342e-09-3.84870e-09-4.63962e-09-5.32871e-09-5.91797e-09
-6.40172e-09-6.76411e-09-6.98168e-09-7.02918e-09-6.88581e-09-6.53957e-09
-5.98946e-09-5.24583e-09-4.32946e-09-3.26965e-09-2.10114e-09-8.59416e-10
 4.25710e-10 1.73713e-09 3.07554e-09 4.45987e-09 5.92158e-09 7.49347e-09
 9.19619e-09 1.10266e-08 1.29510e-08 1.49057e-08 1.68010e-08 1.85287e-08
 1.99674e-08 2.09851e-08 2.14410e-08 2.11870e-08 2.00716e-08 1.79485e-08
 1.46883e-08 1.01937e-08 4.41621e-09-2.62650e-09-1.08321e-08-1.99964e-08
-2.98003e-08-3.98067e-08-4.94684e-08-5.81526e-08-6.51779e-08-6.98625e-08
-7.15765e-08-6.97937e-08-6.41410e-08-5.44430e-08-4.07614e-08-2.34267e-08
-3.05771e-09 1.94375e-08 4.28855e-08 6.58998e-08 8.69631e-08 1.04538e-07
 1.17199e-07 1.23773e-07 1.23470e-07 1.15987e-07 1.01564e-07 8.09904e-08
 5.55489e-08 2.69115e-08-3.01188e-09-3.22468e-08-5.89317e-08-8.14771e-08
-9.86878e-08-1.09832e-07-1.14650e-07-1.13317e-07-1.06376e-07-9.46656e-08
-7.92339e-08-6.12431e-08-4.18761e-08-2.22564e-08-3.38696e-09 1.38953e-08
 2.89502e-08 4.13460e-08 5.08521e-08 5.74187e-08 6.11476e-08 6.22592e-08
 6.10567e-08 5.78948e-08 5.31549e-08 4.72250e-08 4.04816e-08 3.32708e-08
 2.58929e-08 1.85925e-08 1.15560e-08 4.91608e-09-1.23805e-09-6.84963e-09
-1.18846e-08-1.63258e-08-2.01687e-08-2.34186e-08-2.60861e-08-2.81840e-08
-2.97245e-08-3.07171e-08-3.11673e-08-3.10761e-08-3.04403e-08-2.92561e-08
-2.75241e-08-2.52575e-08-2.24891e-08-1.92753e-08-1.56929e-08-1.18313e-08
-7.78417e-09-3.64244e-09 5.07313e-10 4.58241e-09 8.50261e-09 1.21901e-08
 1.55719e-08 1.85828e-08 2.11686e-08 2.32877e-08 2.49098e-08 2.60152e-08
 2.65941e-08 2.66458e-08 2.61784e-08 2.52085e-08 2.37615e-08 2.18739e-08
 1.95940e-08 1.69808e-08 1.40986e-08 1.10112e-08 7.77609e-09 4.44352e-09
 1.06054e-09-2.32263e-09-5.64670e-09-8.84075e-09-1.18249e-08-1.45174e-08
-1.68427e-08-1.87364e-08-2.01454e-08-2.10247e-08-2.13349e-08-2.10417e-08
-2.01191e-08-1.85564e-08-1.63702e-08-1.36156e-08-1.03943e-08-6.85365e-09
-3.17652e-09 4.35147e-10 3.77633e-09 6.65188e-09 8.88793e-09 1.03449e-08
 1.09337e-08 1.06340e-08 9.51141e-09 7.72801e-09 5.54270e-09 3.30010e-09
 1.40875e-09 3.02565e-10
     0.0000e+00     0.0000e+00      0  0  0.00
     512   1.00000  0.0000e+00
 5.60968e-10 4.28985e-10 2.58397e-11-6.35986e-10-1.51021e-09-2.51461e-09
-3.53304e-09-4.42149e-09-5.01759e-09-5.15275e-09-4.66641e-09-3.42155e-09
-1.32093e-09 1.67672e-09 5.54279e-09 1.01706e-08 1.53742e-08 2.08919e-08
 2.63881e-08 3.14565e-08 3.56297e-08 3.84000e-08 3.92501e-08 3.76913e-08
 3.33086e-08 2.58132e-08 1.51018e-08 1.31560e-09-1.51118e-08-3.34315e-08
-5.25882e-08-7.12603e-08-8.79257e-08-1.00947e-07-1.08679e-07-1.09601e-07
-1.02474e-07-8.65137e-08-6.16308e-08-2.87396e-08 9.96779e-09 5.09644e-08
 8.97197e-08 1.21574e-07 1.42833e-07 1.51356e-07 1.46505e-07 1.28908e-07
 1.00423e-07 6.42827e-08 2.49799e-08-1.24153e-08-4.32768e-08-6.44507e-08
-7.48922e-08-7.56921e-08-6.95698e-08-5.98526e-08-4.92162e-08-3.88734e-08
-2.86350e-08-1.77817e-08-6.27197e-09 4.59226e-09 1.26942e-08 1.64730e-08
 1.60100e-08 1.29119e-08 9.06761e-09 5.36214e-09 1.49760e-09-3.00081e-09
-7.73572e-09-1.15144e-08-1.34282e-08-1.36317e-08-1.29022e-08-1.16060e-08
-9.42845e-09-6.12939e-09-2.16196e-09 1.73372e-09 5.28747e-09 8.66598e-09
 1.18233e-08 1.43471e-08 1.59827e-08 1.68804e-08 1.72026e-08 1.68597e-08
 1.57939e-08 1.41962e-08 1.22753e-08 1.00780e-08 7.65436e-09 5.16650e-09
 2.74604e-09 4.25419e-10-1.75668e-09-3.72646e-09-5.44931e-09-6.93059e-09
-8.16397e-09-9.13699e-09-9.85469e-09-1.03258e-08-1.05517e-08-1.05365e-08
-1.02907e-08-9.82493e-09-9.15113e-09-8.28360e-09-7.23760e-09-6.03036e-09
-4.68371e-09-3.22489e-09-1.68654e-09-1.06718e-10 1.47198e-09 3.00380e-09
 4.44116e-09 5.73622e-09 6.84308e-09 7.72084e-09 8.33717e-09 8.67109e-09
 8.71424e-09 8.47087e-09 7.95690e-09 7.19869e-09 6.23160e-09 5.09874e-09
 3.84977e-09 2.53929e-09 1.22435e-09-3.93841e-11-1.20221e-09-2.22505e-09
-3.08287e-09-3.76631e-09-4.28046e-09-4.64122e-09-4.87025e-09-4.99027e-09
-5.02201e-09-4.98265e-09-4.88549e-09-4.73976e-09-4.55007e-09-4.31559e-09
-4.02960e-09-3.68027e-09-3.25261e-09-2.73150e-09-2.10496e-09-1.36761e-09
-5.23927e-10 4.09266e-10 1.40202e-09 2.41266e-09 3.39138e-09 4.28536e-09
 5.04437e-09 5.62599e-09 5.99931e-09 6.14714e-09 6.06688e-09 5.77058e-09
 5.28345e-09 4.64061e-09 3.88208e-09 3.04737e-09 2.17126e-09 1.28160e-09
 3.98823e-10-4.63603e-10-1.29771e-09-2.09839e-09-2.85983e-09-3.57216e-09
-4.21974e-09-4.78157e-09-5.23331e-09-5.55021e-09-5.71035e-09-5.69803e-09
-5.50661e-09-5.14009e-09-4.61288e-09-3.94777e-09-3.17285e-09-2.31795e-09
-1.41173e-09-4.79760e-10 4.56136e-10 1.37771e-09 2.26939e-09 3.11656e-09
 3.90342e-09 4.61126e-09 5.21807e-09 5.69996e-09 6.03380e-09 6.20026e-09
 6.18628e-09 5.98671e-09 5.60504e-09 5.05322e-09 4.35050e-09 3.52127e-09
 2.59243e-09 1.59084e-09 5.41790e-10-5.31035e-10-1.60444e-09-2.65432e-09
-3.65457e-09-4.57685e-09-5.39125e-09-6.06781e-09-6.57875e-09-6.90111e-09
-7.01923e-09-6.92651e-09-6.62581e-09-6.12846e-09-5.45222e-09-4.61883e-09
-3.65224e-09-2.57774e-09-1.42218e-09-2.14678e-10 1.01265e-09 2.22435e-09
 3.38210e-09 4.44601e-09 5.37708e-09 6.14029e-09 6.70773e-09 7.06099e-09
 7.19218e-09 7.10330e-09 6.80430e-09 6.31067e-09 5.64138e-09 4.81797e-09
 3.86492e-09 2.81077e-09 1.68900e-09 5.37856e-10-6.01394e-10-1.68748e-09
-2.68273e-09-3.55631e-09-4.28630e-09-4.86048e-09-5.27586e-09-5.53717e-09
-5.65439e-09-5.63998e-09-5.50634e-09-5.26468e-09-4.92523e-09-4.49875e-09
-3.99802e-09-3.43821e-09-2.83549e-09-2.20402e-09-1.55260e-09-8.82552e-10
-1.88311e-10 5.39104e-10 1.30677e-09 2.11462e-09 2.95207e-09 3.79745e-09
 4.62017e-09 5.38450e-09 6.05354e-09 6.59224e-09 6.96891e-09 7.15551e-09
 7.12741e-09 6.86368e-09 6.34896e-09 5.57718e-09 4.55615e-09 3.31124e-09
 1.88622e-09 3.40634e-10-1.25592e-09-2.83098e-09-4.31602e-09-5.65152e-09
-6.78958e-09-7.69473e-09-8.34354e-09-8.72366e-09-8.83296e-09-8.67897e-09
-8.27852e-09-7.65682e-09-6.84541e-09-5.87865e-09-4.78947e-09-3.60570e-09
-2.34820e-09-1.03152e-09 3.32869e-10 1.73185e-09 3.14625e-09 4.54834e-09
 5.90177e-09 7.16372e-09 8.28791e-09 9.22770e-09 9.93917e-09 1.03840e-08
 1.05320e-08 1.03638e-08 9.87194e-09 9.06283e-09 7.95755e-09 6.59149e-09
 5.01170e-09 3.27185e-09 1.42645e-09-4.73828e-10-2.38394e-09-4.26345e-09
-6.07379e-09-7.77538e-09-9.32584e-09-1.06800e-08-1.17916e-08-1.26161e-08
-1.31142e-08-1.32547e-08-1.30172e-08-1.23934e-08-1.13891e-08-1.00255e-08
-8.33929e-09-6.38134e-09-4.21327e-09-1.90187e-09 4.86831e-10 2.89228e-09
 5.26168e-09 7.54952e-09 9.71530e-09 1.17207e-08 1.35274e-08 1.50972e-08
 1.63920e-08 1.73761e-08 1.80166e-08 1.82839e-08 1.81515e-08 1.75952e-08
 1.65934e-08 1.51271e-08 1.31811e-08 1.07449e-08 7.81442e-09 4.39402e-09
 4.99555e-10-3.83641e-09-8.55800e-09-1.35789e-08-1.87760e-08-2.39864e-08
-2.90075e-08-3.36015e-08-3.75040e-08-4.04354e-08-4.21147e-08-4.22753e-08
-4.06839e-08-3.71610e-08-3.16030e-08-2.40055e-08-1.44824e-08-3.28117e-09
 9.21043e-09 2.24677e-08 3.58430e-08 4.85924e-08 5.99142e-08 6.89982e-08
 7.50849e-08 7.75298e-08 7.58686e-08 6.98765e-08 5.96163e-08 4.54658e-08
 2.81201e-08 8.56065e-09-1.20076e-08-3.22481e-08-5.08026e-08-6.64091e-08
-7.80140e-08-8.48680e-08-8.65928e-08-8.32112e-08-7.51348e-08-6.31110e-08
-4.81348e-08-3.13393e-08-1.38839e-08 3.13953e-09 1.87765e-08 3.22583e-08
 4.30327e-08 5.07765e-08 5.53862e-08 5.69533e-08 5.57314e-08 5.21004e-08
 4.65261e-08 3.95202e-08 3.16021e-08 2.32670e-08 1.49588e-08 7.05009e-09
-1.69831e-10-6.49681e-09-1.18064e-08-1.60446e-08-1.92159e-08-2.13712e-08
-2.25944e-08-2.29916e-08-2.26830e-08-2.17961e-08-2.04596e-08-1.87982e-08
-1.69274e-08-1.49483e-08-1.29428e-08-1.09698e-08-9.06410e-09-7.23915e-09
-5.49174e-09-3.80746e-09-2.16605e-09-5.46348e-10 1.06903e-09 2.68955e-09
 4.31320e-09 5.92387e-09 7.49013e-09 8.96600e-09 1.02935e-08 1.14067e-08
 1.22360e-08 1.27139e-08 1.27799e-08 1.23856e-08 1.14983e-08 1.01033e-08
 8.20504e-09 5.82888e-09 3.02435e-09-1.29410e-10-3.51771e-09-6.98673e-09
-1.03448e-08-1.33695e-08-1.58207e-08-1.74562e-08-1.80513e-08-1.74194e-08
-1.54340e-08-1.20503e-08-7.32480e-09-1.42857e-09 5.34702e-09 1.25956e-08
 1.98113e-08 2.64144e-08 3.17865e-08 3.53153e-08 3.64555e-08 3.48094e-08
 3.02202e-08 2.28500e-08 1.32096e-08 2.12778e-09-9.34061e-09-2.00515e-08
-2.89305e-08-3.51247e-08-3.81193e-08-3.77980e-08-3.44372e-08-2.86353e-08
-2.11968e-08-1.30021e-08-4.89714e-09 2.38265e-09 8.26200e-09 1.23611e-08
 1.45173e-08 1.47887e-08 1.34389e-08 1.09032e-08 7.73537e-09 4.54325e-09
 1.91924e-09 4.10109e-10
     0.0000e+00     0.0000e+00      0  0  0.00
     512   1.00000  0.0000e+00
-4.70595e-08-5.38865e-08-5.85953e-08-6.04599e-08-5.88400e-08-5.32492e-08
-4.34240e-08-2.93873e-08-1.14988e-08 9.51175e-09 3.25379e-08 5.61191e-08
 7.84978e-08 9.77157e-08 1.11791e-07 1.19002e-07 1.18119e-07 1.08531e-07
 9.04263e-08 6.50324e-08 3.45371e-08 1.74584e-09-3.03190e-08-5.88887e-08
-8.19198e-08-9.83459e-08-1.08029e-07-1.11489e-07-1.09522e-07-1.02884e-07
-9.22165e-08-7.82262e-08-6.18851e-08-4.44041e-08-2.69222e-08-1.01447e-08
 5.78253e-09 2.11087e-08 3.61917e-08 5.12331e-08 6.61076e-08 8.03572e-08
 9.33042e-08 1.04165e-07 1.12125e-07 1.16376e-07 1.16124e-07 1.10531e-07
 9.87251e-08 8.00956e-08 5.46704e-08 2.32750e-08-1.23984e-08-4.97797e-08
-8.56677e-08-1.16700e-07-1.39899e-07-1.53172e-07-1.55613e-07-1.47505e-07
-1.30116e-07-1.05400e-07-7.57011e-08-4.35549e-08-1.15744e-08 1.77356e-08
 4.23227e-08 6.09727e-08 7.34781e-08 8.03640e-08 8.22869e-08 7.96260e-08
 7.26808e-08 6.22333e-08 4.97410e-08 3.68035e-08 2.44702e-08 1.31816e-08
 3.26394e-09-4.80696e-09-1.06657e-08-1.43256e-08-1.60642e-08-1.61985e-08
-1.50571e-08-1.30274e-08-1.05120e-08-7.87062e-09-5.41086e-09-3.37205e-09
-1.90413e-09-1.07853e-09-9.02584e-10-1.31749e-09-2.21059e-09-3.44054e-09
-4.84978e-09-6.27455e-09-7.56307e-09-8.58814e-09-9.25120e-09-9.48714e-09
-9.26746e-09-8.59822e-09-7.51662e-09-6.08614e-09-4.38917e-09-2.51968e-09
-5.76886e-10 1.34129e-09 3.14409e-09 4.75276e-09 6.10416e-09 7.15295e-09
 7.87239e-09 8.25439e-09 8.30794e-09 8.05677e-09 7.53668e-09 6.79276e-09
 5.87610e-09 4.84031e-09 3.73826e-09 2.61948e-09 1.52805e-09 5.00798e-10
-4.33915e-10-1.25667e-09-1.95661e-09-2.53063e-09-2.98212e-09-3.31939e-09
-3.55401e-09-3.69938e-09-3.76948e-09-3.77754e-09-3.73443e-09-3.64735e-09
-3.51926e-09-3.34898e-09-3.13212e-09-2.86277e-09-2.53529e-09-2.14576e-09
-1.69287e-09-1.17863e-09-6.08919e-10 5.59053e-12 6.48989e-10 1.30059e-09
 1.93603e-09 2.52855e-09 3.05094e-09 3.47820e-09 3.78940e-09 3.96880e-09
 4.00720e-09 3.90292e-09 3.66146e-09 3.29520e-09 2.82292e-09 2.26799e-09
 1.65600e-09 1.01305e-09 3.64172e-10-2.68424e-10-8.65755e-10-1.41191e-09
-1.89477e-09-2.30623e-09-2.64071e-09-2.89403e-09-3.06355e-09-3.14786e-09
-3.14614e-09-3.05829e-09-2.88533e-09-2.62952e-09-2.29544e-09-1.89150e-09
-1.42991e-09-9.25698e-10-3.96142e-10 1.39885e-10 6.63098e-10 1.15454e-09
 1.59654e-09 1.97452e-09 2.27818e-09 2.50085e-09 2.63808e-09 2.68717e-09
 2.64783e-09 2.52266e-09 2.31690e-09 2.03776e-09 1.69376e-09 1.29479e-09
 8.53330e-10 3.85027e-10-9.22620e-11-5.59980e-10-1.00008e-09-1.39565e-09
-1.73092e-09-1.99175e-09-2.16719e-09-2.25075e-09-2.24074e-09-2.13944e-09
-1.95192e-09-1.68566e-09-1.35097e-09-9.60814e-10-5.30382e-10-7.67024e-11
 3.82099e-10 8.27223e-10 1.23911e-09 1.59801e-09 1.88530e-09 2.08511e-09
 2.18587e-09 2.18102e-09 2.06882e-09 1.85217e-09 1.53872e-09 1.14055e-09
 6.73615e-10 1.57107e-10-3.87438e-10-9.36939e-10-1.46717e-09-1.95324e-09
-2.37065e-09-2.69681e-09-2.91245e-09-3.00295e-09-2.95934e-09-2.77887e-09
-2.46495e-09-2.02747e-09-1.48275e-09-8.52584e-10-1.62923e-10 5.56965e-10
 1.27579e-09 1.96192e-09 2.58416e-09 3.11277e-09 3.52171e-09 3.79037e-09
 3.90406e-09 3.85494e-09 3.64309e-09 3.27633e-09 2.77024e-09 2.14818e-09
 1.43964e-09 6.77591e-10-1.03226e-10-8.67567e-10-1.58137e-09-2.21338e-09
-2.73665e-09-3.13038e-09-3.38115e-09-3.48299e-09-3.43718e-09-3.25273e-09
-2.94644e-09-2.54144e-09-2.06490e-09-1.54526e-09-1.00986e-09-4.83419e-10
 1.24615e-11 4.59849e-10 8.45361e-10 1.16062e-09 1.40148e-09 1.56701e-09
 1.65928e-09 1.68344e-09 1.64762e-09 1.56251e-09 1.44009e-09 1.29228e-09
 1.13104e-09 9.69085e-10 8.20211e-10 6.98347e-10 6.15356e-10 5.78690e-10
 5.90047e-10 6.44558e-10 7.30254e-10 8.28052e-10 9.12244e-10 9.52457e-10
 9.17661e-10 7.80818e-10 5.23009e-10 1.36729e-10-3.72218e-10-9.84197e-10
-1.66620e-09-2.37392e-09-3.05559e-09-3.65679e-09-4.12562e-09-4.41741e-09
-4.49824e-09-4.34748e-09-3.95940e-09-3.34349e-09-2.52361e-09-1.53601e-09
-4.26428e-10 7.53150e-10 1.94735e-09 3.10011e-09 4.15754e-09 5.07058e-09
 5.79787e-09 6.30815e-09 6.58183e-09 6.61160e-09 6.40212e-09 5.96870e-09
 5.33510e-09 4.53105e-09 3.58946e-09 2.54403e-09 1.42751e-09 2.70702e-10
-8.97960e-10-2.05212e-09-3.16705e-09-4.21936e-09-5.18664e-09-6.04753e-09
-6.78209e-09-7.37234e-09-7.80289e-09-8.06177e-09-8.14109e-09-8.03720e-09
-7.75052e-09-7.28490e-09-6.64670e-09-5.84399e-09-4.88590e-09-3.78209e-09
-2.54258e-09-1.17787e-09 3.00579e-10 1.87958e-09 3.54331e-09 5.27251e-09
 7.04344e-09 8.82685e-09 1.05869e-08 1.22801e-08 1.38552e-08 1.52527e-08
 1.64053e-08 1.72392e-08 1.76758e-08 1.76346e-08 1.70376e-08 1.58145e-08
 1.39090e-08 1.12856e-08 7.93769e-09 3.89413e-09-7.74532e-10-5.95192e-09
-1.14741e-08-1.71311e-08-2.26708e-08-2.78083e-08-3.22378e-08-3.56492e-08
-3.77482e-08-3.82781e-08-3.70434e-08-3.39323e-08-2.89368e-08-2.21672e-08
-1.38598e-08-4.37500e-09 5.81494e-09 1.61495e-08 2.60139e-08 3.47812e-08
 4.18580e-08 4.67293e-08 4.90022e-08 4.84431e-08 4.50059e-08 3.88452e-08
 3.03115e-08 1.99283e-08 8.35347e-09-3.67313e-09-1.53874e-08-2.60593e-08
-3.50458e-08-4.18347e-08-4.60774e-08-4.76108e-08-4.64609e-08-4.28272e-08
-3.70502e-08-2.95717e-08-2.08943e-08-1.15449e-08-2.04105e-09 7.13842e-09
 1.55789e-08 2.29474e-08 2.90020e-08 3.35931e-08 3.66591e-08 3.82175e-08
 3.83536e-08 3.72061e-08 3.49503e-08 3.17823e-08 2.79047e-08 2.35155e-08
 1.88000e-08 1.39250e-08 9.03481e-09 4.24952e-09-3.34722e-10-4.64407e-09
-8.62474e-09-1.22405e-08-1.54698e-08-1.83027e-08-2.07371e-08-2.27754e-08
-2.44221e-08-2.56812e-08-2.65551e-08-2.70428e-08-2.71390e-08-2.68344e-08
-2.61173e-08-2.49755e-08-2.33997e-08-2.13869e-08-1.89438e-08-1.60909e-08
-1.28638e-08-9.31428e-09-5.51099e-09-1.53850e-09 2.50464e-09 6.51026e-09
 1.03668e-08 1.39664e-08 1.72121e-08 2.00229e-08 2.23377e-08 2.41172e-08
 2.53433e-08 2.60179e-08 2.61598e-08 2.58007e-08 2.49810e-08 2.37451e-08
 2.21371e-08 2.01969e-08 1.79599e-08 1.54582e-08 1.27230e-08 9.78754e-09
 6.68837e-09 3.46736e-09 1.73124e-10-3.13801e-09-6.40227e-09-9.55011e-09
-1.25087e-08-1.52033e-08-1.75560e-08-1.94841e-08-2.08980e-08-2.17039e-08
-2.18106e-08-2.11434e-08-1.96618e-08-1.73771e-08-1.43651e-08-1.07689e-08
-6.79211e-09-2.68285e-09 1.28761e-09 4.84775e-09 7.74979e-09 9.79334e-09
 1.08475e-08 1.08702e-08 9.92320e-09 8.18093e-09 5.92933e-09 3.55485e-09
 1.52288e-09 3.27400e-10
     0.0000e+00     0.0000e+00      0  0  0.00
     512   1.00000  0.0000e+00
 1.01493e-08 6.07319e-09 1.05836e-09-4.69290e-09-1.08864e-08-1.71447e-08
-2.30244e-08-2.80444e-08-3.17205e-08-3.36067e-08-3.33389e-08-3.06764e-08
-2.55404e-08-1.80478e-08-8.58060e-09 2.09291e-09 1.27820e-08 2.20747e-08
 2.86853e-08 3.17194e-08 3.07438e-08 2.57801e-08 1.73602e-08 6.54802e-09
-5.21855e-09-1.64430e-08-2.59224e-08-3.29584e-08-3.72673e-08-3.86459e-08
-3.66850e-08-3.08063e-08-2.06306e-08-6.40036e-09 1.08919e-08 2.97844e-08
 4.87765e-08 6.65558e-08 8.19607e-08 9.38847e-08 1.01272e-07 1.03094e-07
 9.82132e-08 8.54746e-08 6.42534e-08 3.49860e-08-8.93088e-10-4.13046e-08
-8.34747e-08-1.23716e-07-1.57721e-07-1.81107e-07-1.89890e-07-1.81220e-07
-1.54256e-07-1.10746e-07-5.52338e-08 5.26001e-09 6.23640e-08 1.08148e-07
 1.37048e-07 1.47296e-07 1.41199e-07 1.23936e-07 1.01273e-07 7.72795e-08
 5.32403e-08 2.84943e-08 2.65920e-09-2.25271e-08-4.34308e-08-5.68438e-08
-6.22871e-08-6.19346e-08-5.82511e-08-5.20099e-08-4.28122e-08-3.09819e-08
-1.81461e-08-6.01446e-09 4.64685e-09 1.36483e-08 2.06911e-08 2.54361e-08
 2.78478e-08 2.81467e-08 2.66235e-08 2.36396e-08 1.96298e-08 1.50140e-08
 1.01682e-08 5.44245e-09 1.12621e-09-2.58179e-09-5.55593e-09-7.73557e-09
-9.12951e-09-9.79922e-09-9.84139e-09-9.38136e-09-8.55815e-09-7.50691e-09
-6.35127e-09-5.19669e-09-4.12412e-09-3.18964e-09-2.42549e-09-1.84067e-09
-1.42470e-09-1.15210e-09-9.86611e-10-8.86461e-10-8.09666e-10-7.17971e-10
-5.80090e-10-3.73905e-10-8.72871e-11 2.81756e-10 7.25737e-10 1.22920e-09
 1.77034e-09 2.32260e-09 2.85668e-09 3.34275e-09 3.75278e-09 4.06281e-09
 4.25426e-09 4.31451e-09 4.23729e-09 4.02257e-09 3.67618e-09 3.20929e-09
 2.63797e-09 1.98251e-09 1.26642e-09 5.14943e-10-2.46178e-10-9.91888e-10
-1.69882e-09-2.34593e-09-2.91475e-09-3.38977e-09-3.75907e-09-4.01480e-09
-4.15333e-09-4.17495e-09-4.08343e-09-3.88527e-09-3.58915e-09-3.20553e-09
-2.74656e-09-2.22597e-09-1.65865e-09-1.05991e-09-4.44739e-10 1.72473e-10
 7.77993e-10 1.35873e-09 1.90199e-09 2.39515e-09 2.82601e-09 3.18388e-09
 3.46016e-09 3.64813e-09 3.74243e-09 3.73923e-09 3.63688e-09 3.43671e-09
 3.14328e-09 2.76401e-09 2.30858e-09 1.78885e-09 1.21879e-09 6.14204e-10
-8.09863e-12-6.31263e-10-1.23891e-09-1.81468e-09-2.34186e-09-2.80459e-09
-3.18994e-09-3.48875e-09-3.69425e-09-3.80029e-09-3.80142e-09-3.69494e-09
-3.48311e-09-3.17310e-09-2.77447e-09-2.29679e-09-1.74986e-09-1.14648e-09
-5.04350e-10 1.55462e-10 8.12356e-10 1.44885e-09 2.04956e-09 2.59846e-09
 3.07809e-09 3.47194e-09 3.76798e-09 3.95974e-09 4.04408e-09 4.01857e-09
 3.88126e-09 3.63314e-09 3.28052e-09 2.83488e-09 2.31012e-09 1.72031e-09
 1.08001e-09 4.06014e-10-2.81714e-10-9.61636e-10-1.61351e-09-2.21987e-09
-2.76542e-09-3.23579e-09-3.61723e-09-3.89811e-09-4.07070e-09-4.13159e-09
-4.08059e-09-3.91985e-09-3.65374e-09-3.28952e-09-2.83805e-09-2.31365e-09
-1.73270e-09-1.11243e-09-4.70335e-10 1.75748e-10 8.07861e-10 1.40855e-09
 1.96188e-09 2.45413e-09 2.87398e-09 3.21234e-09 3.46230e-09 3.61932e-09
 3.68157e-09 3.65011e-09 3.52869e-09 3.32337e-09 3.04215e-09 2.69464e-09
 2.29177e-09 1.84508e-09 1.36615e-09 8.66621e-10 3.58135e-10-1.48131e-10
-6.41868e-10-1.11375e-09-1.55536e-09-1.95897e-09-2.31733e-09-2.62432e-09
-2.87562e-09-3.06849e-09-3.20061e-09-3.26934e-09-3.27207e-09-3.20712e-09
-3.07415e-09-2.87346e-09-2.60482e-09-2.26743e-09-1.86166e-09-1.39111e-09
-8.62989e-10-2.86882e-10 3.26256e-10 9.63315e-10 1.60742e-09 2.23749e-09
 2.83036e-09 3.36442e-09 3.82193e-09 4.18842e-09 4.45120e-09 4.59939e-09
 4.62582e-09 4.52857e-09 4.30944e-09 3.96998e-09 3.50837e-09 2.91971e-09
 2.19948e-09 1.34735e-09 3.69126e-10-7.22265e-10-1.90431e-09-3.14069e-09
-4.37803e-09-5.54695e-09-6.56862e-09-7.36431e-09-7.86473e-09-8.01753e-09
-7.79372e-09-7.19324e-09-6.24854e-09-5.02315e-09-3.60395e-09-2.08899e-09
-5.74260e-10 8.57469e-10 2.14424e-09 3.24893e-09 4.15974e-09 4.88687e-09
 5.45548e-09 5.89646e-09 6.23726e-09 6.49543e-09 6.67630e-09 6.77442e-09
 6.77746e-09 6.67071e-09 6.44082e-09 6.07817e-09 5.57790e-09 4.93936e-09
 4.16435e-09 3.25507e-09 2.21325e-09 1.04121e-09-2.54725e-10-1.65959e-09
-3.14594e-09-4.67217e-09-6.18387e-09-7.61797e-09-8.90918e-09-9.99694e-09
-1.08315e-08-1.13779e-08-1.16163e-08-1.15407e-08-1.11542e-08-1.04655e-08
-9.48552e-09-8.22708e-09-6.70694e-09-4.94898e-09-2.98698e-09-8.65531e-10
 1.36121e-09 3.63298e-09 5.88830e-09 8.06908e-09 1.01235e-08 1.20063e-08
 1.36770e-08 1.50965e-08 1.62240e-08 1.70155e-08 1.74260e-08 1.74129e-08
 1.69428e-08 1.59962e-08 1.45712e-08 1.26851e-08 1.03726e-08 7.68367e-09
 4.68035e-09 1.43587e-09-1.96518e-09-5.42577e-09-8.83600e-09-1.20749e-08
-1.50153e-08-1.75320e-08-1.95123e-08-2.08658e-08-2.15327e-08-2.14885e-08
-2.07451e-08-1.93495e-08-1.73799e-08-1.49432e-08-1.21708e-08-9.21436e-09
-6.23908e-09-3.41348e-09-8.95757e-10 1.18229e-09 2.73140e-09 3.71787e-09
 4.17027e-09 4.17819e-09 3.88215e-09 3.45516e-09 3.07643e-09 2.90030e-09
 3.02759e-09 3.48917e-09 4.24639e-09 5.20468e-09 6.23429e-09 7.19398e-09
 7.95540e-09 8.42674e-09 8.57378e-09 8.43475e-09 8.12402e-09 7.81921e-09
 7.72692e-09 8.02928e-09 8.82777e-09 1.01108e-08 1.17610e-08 1.35929e-08
 1.53933e-08 1.69478e-08 1.80525e-08 1.85252e-08 1.82196e-08 1.70411e-08
 1.49555e-08 1.19893e-08 8.22416e-09 3.79078e-09-1.13863e-09-6.36057e-09
-1.16552e-08-1.68037e-08-2.16028e-08-2.58740e-08-2.94657e-08-3.22547e-08
-3.41478e-08-3.50862e-08-3.50482e-08-3.40497e-08-3.21412e-08-2.94019e-08
-2.59327e-08-2.18490e-08-1.72750e-08-1.23398e-08-7.17477e-09-1.91067e-09
 3.32624e-09 8.41963e-09 1.32695e-08 1.77972e-08 2.19466e-08 2.56795e-08
 2.89683e-08 3.17871e-08 3.41048e-08 3.58811e-08 3.70637e-08 3.75883e-08
 3.73794e-08 3.63523e-08 3.44193e-08 3.15005e-08 2.75392e-08 2.25185e-08
 1.64760e-08 9.51336e-09 1.79855e-09-6.43915e-09-1.49190e-08-2.33217e-08
-3.13020e-08-3.85034e-08-4.45727e-08-4.91782e-08-5.20285e-08-5.28914e-08
-5.16122e-08-4.81280e-08-4.24802e-08-3.48251e-08-2.54443e-08-1.47496e-08
-3.28017e-09 8.31391e-09 1.93033e-08 2.89261e-08 3.64535e-08 4.12767e-08
 4.30074e-08 4.15637e-08 3.72131e-08 3.05543e-08 2.24409e-08 1.38551e-08
 5.75702e-09-1.06029e-09-6.08111e-09-9.11933e-09-1.03032e-08-9.99924e-09
-8.69852e-09-6.90255e-09-5.04011e-09-3.42633e-09-2.25064e-09-1.57779e-09
-1.35849e-09-1.45173e-09-1.66049e-09-1.78067e-09-1.65884e-09-1.24770e-09
-6.45624e-10-1.59575e-10
     0.0000e+00     0.0000e+00      0  0  0.00
     512   1.00000  0.0000e+00
 7.06296e-08 7.85697e-08 8.29462e-08 8.26550e-08 7.67418e-08 6.45108e-08
 4.56340e-08 2.02492e-08-1.09615e-08-4.67239e-08-8.51634e-08-1.23846e-07
-1.59873e-07-1.90037e-07-2.11064e-07-2.19966e-07-2.14411e-07-1.93084e-07
-1.56162e-07-1.05736e-07-4.56996e-08 1.88212e-08 8.21890e-08 1.39116e-07
 1.85544e-07 2.19188e-07 2.39542e-07 2.47441e-07 2.44339e-07 2.31617e-07
 2.10277e-07 1.81205e-07 1.45672e-07 1.05554e-07 6.30278e-08 1.99734e-08
-2.24068e-08-6.34780e-08-1.02743e-07-1.39382e-07-1.72029e-07-1.98974e-07
-2.18478e-07-2.28865e-07-2.28701e-07-2.17374e-07-1.95596e-07-1.65039e-07
-1.27600e-07-8.54322e-08-4.12030e-08 2.28877e-09 4.25712e-08 7.77099e-08
 1.06640e-07 1.29368e-07 1.46699e-07 1.59621e-07 1.68509e-07 1.72498e-07
 1.69512e-07 1.57152e-07 1.34112e-07 1.01504e-07 6.32965e-08 2.52510e-08
-7.42121e-09-3.23288e-08-5.05034e-08-6.46548e-08-7.62607e-08-8.40941e-08
-8.57402e-08-8.05866e-08-7.09679e-08-6.01289e-08-4.95461e-08-3.88217e-08
-2.77276e-08-1.72674e-08-8.63253e-09-2.09787e-09 2.64854e-09 5.78393e-09
 7.38838e-09 7.73722e-09 7.20743e-09 6.12165e-09 4.79392e-09 3.53097e-09
 2.54801e-09 1.97648e-09 1.90658e-09 2.36372e-09 3.29908e-09 4.62219e-09
 6.21170e-09 7.91916e-09 9.59375e-09 1.10975e-08 1.23071e-08 1.31246e-08
 1.34843e-08 1.33530e-08 1.27307e-08 1.16491e-08 1.01635e-08 8.34718e-09
 6.28683e-09 4.07649e-09 1.81187e-09-4.14521e-10-2.51877e-09-4.42930e-09
-6.08877e-09-7.45554e-09-8.50364e-09-9.22158e-09-9.61116e-09-9.68582e-09
-9.46866e-09-8.99042e-09-8.28732e-09-7.39894e-09-6.36669e-09-5.23205e-09
-4.03451e-09-2.81007e-09-1.59053e-09-4.03960e-10 7.24460e-10 1.77184e-09
 2.71778e-09 3.54523e-09 4.24164e-09 4.79927e-09 5.21429e-09 5.48530e-09
 5.61195e-09 5.59446e-09 5.43484e-09 5.13894e-09 4.71775e-09 4.18668e-09
 3.56350e-09 2.86628e-09 2.11244e-09 1.31922e-09 5.05010e-10-3.10032e-10
-1.10425e-09-1.85527e-09-2.54173e-09-3.14539e-09-3.65168e-09-4.04888e-09
-4.32794e-09-4.48285e-09-4.51056e-09-4.41144e-09-4.19029e-09-3.85590e-09
-3.41948e-09-2.89424e-09-2.29522e-09-1.63899e-09-9.44113e-10-2.31388e-10
 4.77768e-10 1.16281e-09 1.80396e-09 2.38280e-09 2.88417e-09 3.29663e-09
 3.61119e-09 3.82088e-09 3.92103e-09 3.90951e-09 3.78764e-09 3.56105e-09
 3.23864e-09 2.83115e-09 2.35136e-09 1.81458e-09 1.23825e-09 6.41143e-10
 4.20878e-11-5.41877e-10-1.09609e-09-1.60682e-09-2.06010e-09-2.44257e-09
-2.74357e-09-2.95648e-09-3.07856e-09-3.11000e-09-3.05292e-09-2.91139e-09
-2.69261e-09-2.40731e-09-2.06819e-09-1.68819e-09-1.27986e-09-8.56035e-10
-4.30663e-10-1.85902e-11 3.66049e-10 7.11406e-10 1.00872e-09 1.25204e-09
 1.43739e-09 1.56270e-09 1.62838e-09 1.63739e-09 1.59485e-09 1.50767e-09
 1.38373e-09 1.23155e-09 1.06083e-09 8.82582e-10 7.08457e-10 5.49247e-10
 4.13337e-10 3.06244e-10 2.31326e-10 1.90477e-10 1.84011e-10 2.10109e-10
 2.64563e-10 3.41034e-10 4.31679e-10 5.27713e-10 6.19374e-10 6.95752e-10
 7.45524e-10 7.58488e-10 7.26843e-10 6.45710e-10 5.12979e-10 3.28626e-10
 9.43519e-11-1.85634e-10-5.03727e-10-8.49395e-10-1.20996e-09-1.57070e-09
-1.91543e-09-2.22748e-09-2.48996e-09-2.68677e-09-2.80477e-09-2.83452e-09
-2.76926e-09-2.60472e-09-2.33998e-09-1.97794e-09-1.52616e-09-9.97833e-10
-4.10661e-10 2.15119e-10 8.57281e-10 1.49170e-09 2.09366e-09 2.63953e-09
 3.10779e-09 3.48004e-09 3.74138e-09 3.87994e-09 3.88712e-09 3.75943e-09
 3.49977e-09 3.11694e-09 2.62443e-09 2.03944e-09 1.38225e-09 6.75993e-10
-5.36037e-11-7.79154e-10-1.47299e-09-2.10809e-09-2.65853e-09-3.10090e-09
-3.41736e-09-3.59859e-09-3.64466e-09-3.56400e-09-3.37104e-09-3.08413e-09
-2.72495e-09-2.31811e-09-1.88924e-09-1.46132e-09-1.05057e-09-6.64259e-10
-3.01463e-10 4.45035e-11 3.83124e-10 7.23993e-10 1.07501e-09 1.44096e-09
 1.82200e-09 2.21281e-09 2.60323e-09 2.97994e-09 3.32872e-09 3.63613e-09
 3.88980e-09 4.07784e-09 4.18807e-09 4.20736e-09 4.12137e-09 3.91463e-09
 3.57106e-09 3.07561e-09 2.41770e-09 1.59545e-09 6.19538e-10-4.84738e-10
-1.67835e-09-2.91175e-09-4.12927e-09-5.27406e-09-6.29313e-09-7.14166e-09
-7.78585e-09-8.20361e-09-8.38309e-09-8.32002e-09-8.01512e-09-7.47263e-09
-6.70030e-09-5.71090e-09-4.52403e-09-3.16753e-09-1.67787e-09-9.87530e-11
 1.52167e-09 3.13447e-09 4.69370e-09 6.15956e-09 7.49973e-09 8.68894e-09
 9.70709e-09 1.05366e-08 1.11602e-08 1.15604e-08 1.17203e-08 1.16263e-08
 1.12703e-08 1.06518e-08 9.77765e-09 8.66150e-09 7.32072e-09 5.77355e-09
 4.03664e-09 2.12480e-09 5.32052e-11-2.15847e-09-4.48166e-09-6.87568e-09
-9.28669e-09-1.16490e-08-1.38885e-08-1.59268e-08-1.76853e-08-1.90879e-08
-2.00633e-08-2.05449e-08-2.04734e-08-1.97992e-08-1.84881e-08-1.65268e-08
-1.39296e-08-1.07424e-08-7.04500e-09-2.95019e-09 1.40065e-09 5.84391e-09
 1.02012e-08 1.42867e-08 1.79141e-08 2.09043e-08 2.30940e-08 2.43470e-08
 2.45662e-08 2.37061e-08 2.17835e-08 1.88841e-08 1.51624e-08 1.08331e-08
 6.15555e-09 1.41094e-09-3.12312e-09-7.19890e-09-1.06208e-08-1.32575e-08
-1.50369e-08-1.59286e-08-1.59222e-08-1.50155e-08-1.32124e-08-1.05269e-08
-6.99219e-09-2.66876e-09 2.34490e-09 7.90036e-09 1.37857e-08 1.97122e-08
 2.53091e-08 3.01387e-08 3.37445e-08 3.57254e-08 3.58068e-08 3.38756e-08
 2.99738e-08 2.42712e-08 1.70384e-08 8.62720e-09-5.49764e-10-1.00465e-08
-1.94172e-08-2.82468e-08-3.61724e-08-4.28955e-08-4.81904e-08-5.19102e-08
-5.39887e-08-5.44348e-08-5.33197e-08-5.07604e-08-4.69058e-08-4.19281e-08
-3.60173e-08-2.93752e-08-2.22076e-08-1.47154e-08-7.08648e-09 5.09360e-10
 7.92395e-09 1.50315e-08 2.17271e-08 2.79231e-08 3.35443e-08 3.85244e-08
 4.28054e-08 4.63370e-08 4.90767e-08 5.09872e-08 5.20355e-08 5.21924e-08
 5.14369e-08 4.97616e-08 4.71791e-08 4.37271e-08 3.94680e-08 3.44861e-08
 2.88797e-08 2.27541e-08 1.62176e-08 9.38074e-09 2.35826e-09-4.73039e-09
-1.17628e-08-1.86169e-08-2.51738e-08-3.13187e-08-3.69408e-08-4.19331e-08
-4.61939e-08-4.96307e-08-5.21643e-08-5.37353e-08-5.43060e-08-5.38591e-08
-5.23911e-08-4.99074e-08-4.64205e-08-4.19537e-08-3.65480e-08-3.02689e-08
-2.32098e-08-1.54949e-08-7.28060e-09 1.24264e-09 9.85024e-09 1.82888e-08
 2.62886e-08 3.35791e-08 3.99024e-08 4.50206e-08 4.87183e-08 5.08048e-08
 5.11190e-08 4.95457e-08 4.60428e-08 4.06734e-08 3.36321e-08 2.52565e-08
 1.60180e-08 6.48987e-09-2.69862e-09-1.09170e-08-1.75906e-08-2.22584e-08
-2.46275e-08-2.46181e-08-2.23953e-08-1.83820e-08-1.32496e-08-7.88683e-09
-3.34947e-09-7.13868e-10
     0.0000e+00     0.0000e+00      0  0  0.00
     512   1.00000  0.0000e+00
 2.88045e-08 2.63414e-08 2.23397e-08 1.67019e-08 9.41905e-09 5.90835e-10
-9.56066e-09-2.06841e-08-3.23017e-08-4.38237e-08-5.45744e-08-6.38303e-08
-7.08686e-08-7.50292e-08-7.58247e-08-7.30736e-08-6.69218e-08-5.78070e-08
-4.65331e-08-3.42641e-08-2.22731e-08-1.16727e-08-3.22436e-09 2.82452e-09
 6.79422e-09 9.48869e-09 1.19872e-08 1.53442e-08 2.03449e-08 2.74299e-08
 3.67585e-08 4.83095e-08 6.19096e-08 7.71445e-08 9.32362e-08 1.09027e-07
 1.23140e-07 1.34226e-07 1.41111e-07 1.42735e-07 1.37940e-07 1.25316e-07
 1.03456e-07 7.17413e-08 3.11047e-08-1.60956e-08-6.68806e-08-1.18088e-07
-1.66284e-07-2.07779e-07-2.38961e-07-2.56768e-07-2.59118e-07-2.45182e-07
-2.15586e-07-1.72487e-07-1.19382e-07-6.06434e-08-9.27973e-10 5.53627e-08
 1.04452e-07 1.43409e-07 1.70254e-07 1.84034e-07 1.84904e-07 1.74165e-07
 1.54146e-07 1.27816e-07 9.81354e-08 6.74788e-08 3.75063e-08 9.54985e-09
-1.49318e-08-3.44397e-08-4.80651e-08-5.59338e-08-5.88842e-08-5.77666e-08
-5.32105e-08-4.59578e-08-3.70604e-08-2.76054e-08-1.84155e-08-1.00816e-08
-3.07993e-09 2.26915e-09 5.85460e-09 7.72521e-09 8.04197e-09 7.07140e-09
 5.14774e-09 2.61922e-09-1.72839e-10-2.91094e-09-5.33093e-09-7.23603e-09
-8.49654e-09-9.05209e-09-8.90801e-09-8.12291e-09-6.79776e-09-5.06412e-09
-3.06874e-09-9.60726e-10 1.11835e-09 3.04418e-09 4.71668e-09 6.06325e-09
 7.04032e-09 7.63227e-09 7.84794e-09 7.71671e-09 7.28426e-09 6.60803e-09
 5.75260e-09 4.78475e-09 3.76847e-09 2.76106e-09 1.81035e-09 9.52961e-10
 2.13860e-10-3.93147e-10-8.64339e-10-1.20453e-09-1.42520e-09-1.54240e-09
-1.57473e-09-1.54193e-09-1.46411e-09-1.36085e-09-1.24988e-09-1.14585e-09
-1.05963e-09-9.98077e-10-9.64035e-10-9.56932e-10-9.73971e-10-1.01125e-09
-1.06390e-09-1.12581e-09-1.18975e-09-1.24819e-09-1.29412e-09-1.32162e-09
-1.32625e-09-1.30479e-09-1.25472e-09-1.17395e-09-1.06132e-09-9.16854e-10
-7.41905e-10-5.39112e-10-3.12136e-10-6.55871e-11 1.94994e-10 4.63860e-10
 7.35735e-10 1.00517e-09 1.26572e-09 1.51035e-09 1.73181e-09 1.92250e-09
 2.07518e-09 2.18407e-09 2.24472e-09 2.25353e-09 2.20821e-09 2.10787e-09
 1.95255e-09 1.74360e-09 1.48411e-09 1.17879e-09 8.34121e-10 4.58452e-10
 6.12410e-11-3.47407e-10-7.55969e-10-1.15177e-09-1.52291e-09-1.85912e-09
-2.15079e-09-2.38853e-09-2.56393e-09-2.67046e-09-2.70388e-09-2.66231e-09
-2.54563e-09-2.35553e-09-2.09637e-09-1.77549e-09-1.40292e-09-9.90573e-10
-5.51275e-10-9.78772e-11 3.56704e-10 7.98924e-10 1.21454e-09 1.58999e-09
 1.91383e-09 2.17653e-09 2.36991e-09 2.48770e-09 2.52630e-09 2.48543e-09
 2.36809e-09 2.17966e-09 1.92750e-09 1.62077e-09 1.26992e-09 8.86938e-10
 4.85369e-10 7.94856e-11-3.16528e-10-6.89089e-10-1.02568e-09-1.31511e-09
-1.54808e-09-1.71812e-09-1.82152e-09-1.85705e-09-1.82584e-09-1.73127e-09
-1.57893e-09-1.37657e-09-1.13402e-09-8.62876e-10-5.75873e-10-2.85863e-10
-5.15089e-12 2.54700e-10 4.83405e-10 6.72817e-10 8.17142e-10 9.12677e-10
 9.57945e-10 9.53776e-10 9.03141e-10 8.11447e-10 6.86635e-10 5.38414e-10
 3.77519e-10 2.15134e-10 6.19024e-11-7.26764e-11-1.80192e-10-2.53807e-10
-2.89207e-10-2.84621e-10-2.40268e-10-1.58644e-10-4.50593e-11 9.25971e-11
 2.44225e-10 3.97761e-10 5.40335e-10 6.59724e-10 7.44739e-10 7.85445e-10
 7.73990e-10 7.05162e-10 5.76634e-10 3.89615e-10 1.49283e-10-1.35513e-10
-4.52361e-10-7.85304e-10-1.11590e-09-1.42484e-09-1.69280e-09-1.90137e-09
-2.03453e-09-2.07965e-09-2.02803e-09-1.87547e-09-1.62249e-09-1.27425e-09
-8.40944e-10-3.37949e-10 2.14529e-10 7.92683e-10 1.37098e-09 1.92342e-09
 2.42375e-09 2.84549e-09 3.16244e-09 3.35017e-09 3.38846e-09 3.26341e-09
 2.96908e-09 2.50894e-09 1.89687e-09 1.15800e-09 3.28911e-10-5.43763e-10
-1.40611e-09-2.20055e-09-2.87051e-09-3.36542e-09-3.64596e-09-3.68932e-09
-3.49266e-09-3.07388e-09-2.47009e-09-1.73400e-09-9.28668e-10-1.21586e-10
 6.21847e-10 1.24488e-09 1.70489e-09 1.97702e-09 2.05553e-09 1.95241e-09
 1.69448e-09 1.31947e-09 8.71396e-10 3.95609e-10-6.55878e-11-4.76168e-10
-8.08379e-10-1.04374e-09-1.17340e-09-1.19787e-09-1.12590e-09-9.72706e-10
-7.57986e-10-5.03848e-10-2.32531e-10 3.56796e-11 2.84246e-10 5.01559e-10
 6.81345e-10 8.22687e-10 9.29635e-10 1.01005e-09 1.07398e-09 1.13174e-09
 1.19210e-09 1.26092e-09 1.34055e-09 1.42959e-09 1.52316e-09 1.61358e-09
 1.69108e-09 1.74447e-09 1.76154e-09 1.72944e-09 1.63511e-09 1.46624e-09
 1.21233e-09 8.65709e-10 4.22354e-10-1.17589e-10-7.49301e-10-1.46280e-09
-2.24261e-09-3.06762e-09-3.91131e-09-4.74214e-09-5.52458e-09-6.22067e-09
-6.79200e-09-7.20178e-09-7.41662e-09-7.40802e-09-7.15368e-09-6.63902e-09
-5.85854e-09-4.81694e-09-3.52958e-09-2.02231e-09-3.30735e-10 1.50055e-09
 3.41912e-09 5.36584e-09 7.27615e-09 9.08124e-09 1.07098e-08 1.20906e-08
 1.31557e-08 1.38446e-08 1.41082e-08 1.39127e-08 1.32426e-08 1.21039e-08
 1.05266e-08 8.56594e-09 6.30136e-09 3.83375e-09 1.27978e-09-1.23549e-09
-3.58744e-09-5.66121e-09-7.36022e-09-8.61247e-09-9.37384e-09-9.62845e-09
-9.38763e-09-8.68988e-09-7.60215e-09-6.22021e-09-4.66590e-09-3.08088e-09
-1.61741e-09-4.26940e-10 3.52333e-10 6.07827e-10 2.63645e-10-7.10250e-10
-2.29051e-09-4.39490e-09-6.88190e-09-9.56033e-09-1.22100e-08-1.46069e-08
-1.65454e-08-1.78509e-08-1.83883e-08-1.80676e-08-1.68489e-08-1.47456e-08
-1.18212e-08-8.18290e-09-3.97093e-09 6.51324e-10 5.50731e-09 1.04161e-08
 1.52004e-08 1.96927e-08 2.37404e-08 2.72098e-08 2.99889e-08 3.19898e-08
 3.31489e-08 3.34274e-08 3.28108e-08 3.13089e-08 2.89555e-08 2.58082e-08
 2.19463e-08 1.74685e-08 1.24884e-08 7.13019e-09 1.52431e-09-4.19602e-09
-9.89639e-09-1.54420e-08-2.06988e-08-2.55369e-08-2.98344e-08-3.34817e-08
-3.63843e-08-3.84653e-08-3.96681e-08-3.99606e-08-3.93388e-08-3.78285e-08
-3.54841e-08-3.23836e-08-2.86222e-08-2.43041e-08-1.95346e-08-1.44147e-08
-9.03862e-09-3.49391e-09 2.13797e-09 7.78078e-09 1.33621e-08 1.88099e-08
 2.40476e-08 2.89885e-08 3.35341e-08 3.75742e-08 4.09910e-08 4.36624e-08
 4.54666e-08 4.62875e-08 4.60205e-08 4.45806e-08 4.19107e-08 3.79915e-08
 3.28514e-08 2.65740e-08 1.93021e-08 1.12359e-08 2.62930e-09-6.21654e-09
-1.49629e-08-2.32478e-08-3.07058e-08-3.69902e-08-4.17940e-08-4.48695e-08
-4.60450e-08-4.52399e-08-4.24769e-08-3.78894e-08-3.17228e-08-2.43280e-08
-1.61477e-08-7.69196e-09 4.94618e-10 7.87157e-09 1.39450e-08 1.83118e-08
 2.07035e-08 2.10272e-08 1.93967e-08 1.61469e-08 1.18308e-08 7.19546e-09
 3.13826e-09 6.87050e-10
     0.0000e+00     0.0000e+00      0  0  0.00
     512   1.00000  0.0000e+00
-5.48683e-09-4.09810e-09-2.31468e-09-2.41807e-10 1.97458e-09 4.15315e-09
 6.08639e-09 7.55362e-09 8.33736e-09 8.24264e-09 7.11806e-09 4.87754e-09
 1.52003e-09-2.84868e-09-7.95953e-09-1.33111e-08-1.82178e-08-2.19973e-08
-2.41513e-08-2.44195e-08-2.27334e-08-1.92058e-08-1.41623e-08-8.05800e-09
-1.28561e-09 5.97973e-09 1.37917e-08 2.22857e-08 3.14624e-08 4.10255e-08
 5.03650e-08 5.86980e-08 6.52587e-08 6.93844e-08 7.04508e-08 6.77886e-08
 6.07256e-08 4.87612e-08 3.17544e-08 1.00273e-08-1.56122e-08-4.39397e-08
-7.34313e-08-1.02262e-07-1.28292e-07-1.49195e-07-1.62477e-07-1.65590e-07
-1.56432e-07-1.33845e-07-9.79123e-08-5.03142e-08 5.45411e-09 6.41764e-08
 1.19274e-07 1.63675e-07 1.91149e-07 1.97742e-07 1.82915e-07 1.49981e-07
 1.05527e-07 5.77281e-08 1.40293e-08-2.08894e-08-4.59985e-08-6.31030e-08
-7.46960e-08-8.18247e-08-8.34159e-08-7.76948e-08-6.45802e-08-4.68002e-08
-2.84778e-08-1.24096e-08 1.14716e-09 1.30196e-08 2.30328e-08 2.98881e-08
 3.27744e-08 3.22206e-08 2.92611e-08 2.45151e-08 1.83628e-08 1.14170e-08
 4.40052e-09-2.14462e-09-7.82413e-09-1.23164e-08-1.54451e-08-1.71891e-08
-1.76055e-08-1.68257e-08-1.50682e-08-1.25889e-08-9.64507e-09-6.49347e-09
-3.37052e-09-4.70209e-10 2.05524e-09 4.09845e-09 5.60412e-09 6.56252e-09
 7.00098e-09 6.97867e-09 6.57584e-09 5.88341e-09 4.99734e-09 4.01151e-09
 3.01010e-09 2.06350e-09 1.22551e-09 5.31920e-10 1.24833e-12-3.63991e-10
-5.74927e-10-6.52231e-10-6.22369e-10-5.14930e-10-3.60056e-10-1.86221e-10
-1.85457e-11 1.22593e-10 2.22386e-10 2.72143e-10 2.69486e-10 2.17382e-10
 1.22543e-10-5.66532e-12-1.56051e-10-3.16598e-10-4.75456e-10-6.21621e-10
-7.45420e-10-8.39354e-10-8.99096e-10-9.23594e-10-9.14300e-10-8.74403e-10
-8.08275e-10-7.20958e-10-6.17667e-10-5.03674e-10-3.84525e-10-2.65968e-10
-1.53304e-10-5.05996e-11 3.96728e-11 1.16331e-10 1.78963e-10 2.27703e-10
 2.63164e-10 2.86333e-10 2.98619e-10 3.02105e-10 2.99493e-10 2.93437e-10
 2.85909e-10 2.78141e-10 2.70817e-10 2.64334e-10 2.59093e-10 2.55563e-10
 2.54028e-10 2.54228e-10 2.55103e-10 2.54996e-10 2.52410e-10 2.46610e-10
 2.37221e-10 2.23384e-10 2.03734e-10 1.77174e-10 1.43349e-10 1.02487e-10
 5.50105e-11 1.36573e-12-5.76562e-11-1.20452e-10-1.84842e-10-2.48967e-10
-3.11696e-10-3.72041e-10-4.28139e-10-4.76965e-10-5.15390e-10-5.41600e-10
-5.55285e-10-5.56160e-10-5.42359e-10-5.10944e-10-4.60242e-10-3.91301e-10
-3.07003e-10-2.09805e-10-1.00557e-10 2.01851e-11 1.50053e-10 2.84355e-10
 4.17450e-10 5.44658e-10 6.62912e-10 7.69399e-10 8.59909e-10 9.29013e-10
 9.71864e-10 9.85792e-10 9.70097e-10 9.24324e-10 8.47420e-10 7.38799e-10
 5.99763e-10 4.33741e-10 2.45284e-10 3.91106e-11-1.79665e-10-4.04754e-10
-6.28533e-10-8.42660e-10-1.03900e-09-1.21024e-09-1.34985e-09-1.45153e-09
-1.50950e-09-1.51937e-09-1.47884e-09-1.38779e-09-1.24763e-09-1.06111e-09
-8.32806e-10-5.69468e-10-2.79680e-10 2.68290e-11 3.39664e-10 6.48043e-10
 9.41016e-10 1.20769e-09 1.43771e-09 1.62188e-09 1.75268e-09 1.82464e-09
 1.83445e-09 1.78103e-09 1.66564e-09 1.49207e-09 1.26645e-09 9.96878e-10
 6.93152e-10 3.66579e-10 2.93909e-11-3.05934e-10-6.27021e-10-9.21803e-10
-1.17912e-09-1.38946e-09-1.54549e-09-1.64232e-09-1.67743e-09-1.65039e-09
-1.56304e-09-1.42008e-09-1.22929e-09-1.00080e-09-7.46091e-10-4.77267e-10
-2.06853e-10 5.22256e-11 2.87336e-10 4.87901e-10 6.46983e-10 7.61430e-10
 8.30810e-10 8.56632e-10 8.42628e-10 7.95310e-10 7.23575e-10 6.36943e-10
 5.43377e-10 4.48415e-10 3.56202e-10 2.71088e-10 1.98136e-10 1.42475e-10
 1.08829e-10 1.02379e-10 1.30075e-10 2.00167e-10 3.19372e-10 4.89038e-10
 7.02069e-10 9.41920e-10 1.18313e-09 1.39223e-09 1.52946e-09 1.55247e-09
 1.42275e-09 1.11391e-09 6.19193e-10-4.43245e-11-8.35343e-10-1.69124e-09
-2.53390e-09-3.27824e-09-3.84329e-09-4.16436e-09-4.20335e-09-3.95478e-09
-3.44620e-09-2.73335e-09-1.89140e-09-1.00408e-09-1.52102e-10 5.97509e-10
 1.19929e-09 1.63263e-09 1.89996e-09 2.02125e-09 2.02687e-09 1.95093e-09
 1.82593e-09 1.67964e-09 1.53429e-09 1.40783e-09 1.31585e-09 1.27303e-09
 1.29278e-09 1.38515e-09 1.55366e-09 1.79209e-09 2.08237e-09 2.39483e-09
 2.69132e-09 2.93069e-09 3.07537e-09 3.09711e-09 2.98057e-09 2.72391e-09
 2.33661e-09 1.83514e-09 1.23798e-09 5.61563e-10-1.81447e-10-9.81102e-10
-1.82714e-09-2.70537e-09-3.59494e-09-4.46761e-09-5.28955e-09-6.02531e-09
-6.64244e-09-7.11550e-09-7.42802e-09-7.57198e-09-7.54543e-09-7.34940e-09
-6.98558e-09-6.45616e-09-5.76599e-09-4.92632e-09-3.95846e-09-2.89577e-09
-1.78277e-09-6.70833e-10 3.88611e-10 1.35159e-09 2.18791e-09 2.88490e-09
 3.44842e-09 3.90167e-09 4.28279e-09 4.64251e-09 5.04241e-09 5.55354e-09
 6.25393e-09 7.22370e-09 8.53666e-09 1.02486e-08 1.23834e-08 1.49198e-08
 1.77808e-08 2.08288e-08 2.38662e-08 2.66431e-08 2.88694e-08 3.02319e-08
 3.04138e-08 2.91172e-08 2.60885e-08 2.11469e-08 1.42149e-08 5.34808e-09
-5.24028e-09-1.71635e-08-2.98604e-08-4.26125e-08-5.45822e-08-6.48743e-08
-7.26197e-08-7.70718e-08-7.76980e-08-7.42503e-08-6.68055e-08-5.57710e-08
-4.18579e-08-2.60205e-08-9.36988e-09 6.93468e-09 2.18024e-08 3.43250e-08
 4.38695e-08 5.01295e-08 5.31184e-08 5.31095e-08 5.05517e-08 4.59946e-08
 4.00362e-08 3.32836e-08 2.63141e-08 1.96350e-08 1.36513e-08 8.64921e-09
 4.79462e-09 2.14114e-09 6.42273e-10 1.67431e-10 5.23485e-10 1.48055e-09
 2.79724e-09 4.24048e-09 5.59830e-09 6.68820e-09 7.36410e-09 7.52295e-09
 7.10965e-09 6.11772e-09 4.58460e-09 2.58223e-09 2.05490e-10-2.43881e-09
-5.24059e-09-8.09218e-09-1.08914e-08-1.35430e-08-1.59596e-08-1.80640e-08
-1.97917e-08-2.10935e-08-2.19378e-08-2.23091e-08-2.22072e-08-2.16454e-08
-2.06507e-08-1.92653e-08-1.75488e-08-1.55766e-08-1.34335e-08-1.12040e-08
-8.96044e-09-6.75399e-09-4.60937e-09-2.52516e-09-4.78301e-10 1.56854e-09
 3.65882e-09 5.83384e-09 8.12423e-09 1.05410e-08 1.30674e-08 1.56541e-08
 1.82192e-08 2.06557e-08 2.28438e-08 2.46648e-08 2.60129e-08 2.68018e-08
 2.69669e-08 2.64646e-08 2.52711e-08 2.33826e-08 2.08166e-08 1.76142e-08
 1.38405e-08 9.58429e-09 4.95691e-09 9.22449e-11-4.85222e-09-9.69743e-09
-1.42511e-08-1.83218e-08-2.17351e-08-2.43474e-08-2.60538e-08-2.67903e-08
-2.65308e-08-2.52840e-08-2.30937e-08-2.00433e-08-1.62625e-08-1.19318e-08
-7.27883e-09-2.56651e-09 1.92471e-09 5.91622e-09 9.15084e-09 1.14143e-08
 1.25601e-08 1.25355e-08 1.14052e-08 9.36666e-09 6.75238e-09 4.01637e-09
 1.70313e-09 3.62359e-10
     0.0000e+00     0.0000e+00      0  0  0.00
     512   1.00000  0.0000e+00
-3.47953e-08-3.07611e-08-2.43558e-08-1.53988e-08-3.85207e-09 1.01455e-08
 2.62517e-08 4.39048e-08 6.23226e-08 8.05193e-08 9.73435e-08 1.11537e-07
 1.21815e-07 1.26964e-07 1.25988e-07 1.18273e-07 1.03701e-07 8.27545e-08
 5.67009e-08 2.75893e-08-2.12449e-09-3.00195e-08-5.40831e-08-7.30867e-08
-8.68026e-08-9.59251e-08-1.01715e-07-1.05472e-07-1.08082e-07-1.09863e-07
-1.10699e-07-1.10348e-07-1.08659e-07-1.05555e-07-1.00864e-07-9.42439e-08
-8.53673e-08-7.42707e-08-6.14889e-08-4.76306e-08-3.25095e-08-1.45439e-08
 8.62916e-09 3.81627e-08 7.23578e-08 1.07405e-07 1.39594e-07 1.66379e-07
 1.85985e-07 1.96991e-07 1.98462e-07 1.90329e-07 1.73523e-07 1.49652e-07
 1.20646e-07 8.84673e-08 5.46743e-08 2.00027e-08-1.56584e-08-5.26385e-08
-9.04305e-08-1.26829e-07-1.57850e-07-1.78758e-07-1.85942e-07-1.78716e-07
-1.59914e-07-1.34619e-07-1.07486e-07-8.04907e-08-5.29928e-08-2.41671e-08
 4.51457e-09 2.94760e-08 4.78309e-08 5.95464e-08 6.64870e-08 6.98483e-08
 6.93930e-08 6.49691e-08 5.76006e-08 4.87439e-08 3.93057e-08 2.98022e-08
 2.08297e-08 1.29441e-08 6.43772e-09 1.43853e-09-2.00920e-09-4.01476e-09
-4.80578e-09-4.63076e-09-3.76286e-09-2.50417e-09-1.12838e-09 1.42405e-10
 1.12891e-09 1.70969e-09 1.82761e-09 1.47440e-09 6.86721e-10-4.57082e-10
-1.85400e-09-3.38885e-09-4.94171e-09-6.40030e-09-7.66889e-09-8.67189e-09
-9.35766e-09-9.69857e-09-9.68726e-09-9.33488e-09-8.67030e-09-7.73817e-09
-6.59645e-09-5.31181e-09-3.95330e-09-2.58654e-09-1.26914e-09-4.76730e-11
 1.04304e-09 1.97946e-09 2.74867e-09 3.34702e-09 3.77821e-09 4.05141e-09
 4.17960e-09 4.17890e-09 4.06888e-09 3.87215e-09 3.61265e-09 3.31313e-09
 2.99297e-09 2.66706e-09 2.34557e-09 2.03487e-09 1.73948e-09 1.46360e-09
 1.21079e-09 9.82368e-10 7.76525e-10 5.89129e-10 4.15602e-10 2.52699e-10
 9.89846e-11-4.63256e-11-1.84865e-10-3.19199e-10-4.51823e-10-5.84500e-10
-7.18001e-10-8.51819e-10-9.84225e-10-1.11268e-09-1.23436e-09-1.34728e-09
-1.45106e-09-1.54588e-09-1.63084e-09-1.70333e-09-1.75886e-09-1.79150e-09
-1.79593e-09-1.76944e-09-1.71117e-09-1.62064e-09-1.49805e-09-1.34419e-09
-1.15932e-09-9.43210e-10-6.96314e-10-4.20533e-10-1.19765e-10 1.99889e-10
 5.30984e-10 8.65100e-10 1.19216e-09 1.50135e-09 1.78365e-09 2.03223e-09
 2.24045e-09 2.40102e-09 2.50727e-09 2.55418e-09 2.53858e-09 2.45851e-09
 2.31261e-09 2.10080e-09 1.82651e-09 1.49742e-09 1.12446e-09 7.19887e-10
 2.95638e-10-1.37439e-10-5.68892e-10-9.87376e-10-1.38021e-09-1.73472e-09
-2.03988e-09-2.28620e-09-2.46528e-09-2.57054e-09-2.59825e-09-2.54825e-09
-2.42373e-09-2.23025e-09-1.97512e-09-1.66678e-09-1.31425e-09-9.27593e-10
-5.18880e-10-1.02117e-10 3.07496e-10 6.94923e-10 1.04664e-09 1.35106e-09
 1.59879e-09 1.78313e-09 1.90024e-09 1.94893e-09 1.93018e-09 1.84657e-09
 1.70232e-09 1.50383e-09 1.26034e-09 9.84034e-10 6.88866e-10 3.88830e-10
 9.69233e-11-1.75023e-10-4.16814e-10-6.20677e-10-7.81356e-10-8.95443e-10
-9.60921e-10-9.77090e-10-9.44955e-10-8.68443e-10-7.55133e-10-6.15214e-10
-4.59987e-10-3.00809e-10-1.48053e-10-1.07096e-11 1.03228e-10 1.87142e-10
 2.36744e-10 2.49718e-10 2.24727e-10 1.61888e-10 6.40771e-11-6.25499e-11
-2.08407e-10-3.60821e-10-5.06160e-10-6.32214e-10-7.28507e-10-7.85831e-10
-7.96422e-10-7.54082e-10-6.54543e-10-4.96794e-10-2.84039e-10-2.33430e-11
 2.74725e-10 5.96055e-10 9.23865e-10 1.24021e-09 1.52703e-09 1.76740e-09
 1.94716e-09 2.05519e-09 2.08247e-09 2.02166e-09 1.86749e-09 1.61821e-09
 1.27752e-09 8.55909e-10 3.70423e-10-1.57185e-10-7.02880e-10-1.24167e-09
-1.74737e-09-2.19239e-09-2.54860e-09-2.78995e-09-2.89650e-09-2.85803e-09
-2.67606e-09-2.36399e-09-1.94521e-09-1.45050e-09-9.15405e-10-3.76954e-10
 1.29640e-10 5.73812e-10 9.31991e-10 1.18903e-09 1.33888e-09 1.38481e-09
 1.33803e-09 1.21487e-09 1.03375e-09 8.12940e-10 5.69617e-10 3.20763e-10
 8.44757e-11-1.19411e-10-2.70064e-10-3.47733e-10-3.36077e-10-2.24243e-10
-9.15587e-12 3.02258e-10 6.92072e-10 1.13256e-09 1.58935e-09 2.02541e-09
 2.40553e-09 2.70066e-09 2.89153e-09 2.97038e-09 2.93995e-09 2.81021e-09
 2.59406e-09 2.30323e-09 1.94520e-09 1.52201e-09 1.03152e-09 4.70651e-10
-1.60726e-10-8.57109e-10-1.60664e-09-2.39192e-09-3.19188e-09-3.98409e-09
-4.74674e-09-5.45992e-09-6.10577e-09-6.66747e-09-7.12758e-09-7.46697e-09
-7.66461e-09-7.69854e-09-7.54780e-09-7.19484e-09-6.62829e-09-5.84525e-09
-4.85237e-09-3.66495e-09-2.30429e-09-7.94748e-10 8.37779e-10 2.56537e-09
 4.35584e-09 6.16986e-09 7.95891e-09 9.66544e-09 1.12264e-08 1.25803e-08
 1.36754e-08 1.44785e-08 1.49783e-08 1.51871e-08 1.51368e-08 1.48744e-08
 1.44557e-08 1.39389e-08 1.33777e-08 1.28145e-08 1.22733e-08 1.17525e-08
 1.12190e-08 1.06034e-08 9.79959e-09 8.66792e-09 7.04532e-09 4.75942e-09
 1.64654e-09-2.42790e-09-7.54786e-09-1.37262e-08-2.08879e-08-2.88600e-08
-3.73671e-08-4.60349e-08-5.43980e-08-6.19149e-08-6.79902e-08-7.20058e-08
-7.33623e-08-7.15301e-08-6.61087e-08-5.68905e-08-4.39226e-08-2.75563e-08
-8.46974e-09 1.23535e-08 3.36921e-08 5.41918e-08 7.24895e-08 8.73438e-08
 9.77553e-08 1.03068e-07 1.03038e-07 9.78577e-08 8.81378e-08 7.48346e-08
 5.91326e-08 4.22933e-08 2.55018e-08 9.75327e-09-4.19817e-09-1.58402e-08
-2.48849e-08-3.12530e-08-3.50572e-08-3.65708e-08-3.61800e-08-3.43290e-08
-3.14728e-08-2.80438e-08-2.44284e-08-2.09502e-08-1.78580e-08-1.53203e-08
-1.34277e-08-1.22006e-08-1.15996e-08-1.15354e-08-1.18807e-08-1.24812e-08
-1.31691e-08-1.37756e-08-1.41457e-08-1.41512e-08-1.37016e-08-1.27512e-08
-1.13003e-08-9.39052e-09-7.09666e-09-4.51569e-09-1.75572e-09 1.07230e-09
 3.85931e-09 6.50093e-09 8.90146e-09 1.09804e-08 1.26789e-08 1.39621e-08
 1.48152e-08 1.52379e-08 1.52417e-08 1.48520e-08 1.41142e-08 1.30972e-08
 1.18904e-08 1.05955e-08 9.31485e-09 8.13867e-09 7.13624e-09 6.35266e-09
 5.81121e-09 5.51695e-09 5.45616e-09 5.59019e-09 5.84819e-09 6.12569e-09
 6.29193e-09 6.20253e-09 5.71181e-09 4.68285e-09 2.99794e-09 5.73041e-10
-2.62331e-09-6.55028e-09-1.10791e-08-1.59861e-08-2.09586e-08-2.56143e-08
-2.95328e-08-3.22899e-08-3.34920e-08-3.28118e-08-3.00367e-08-2.51260e-08
-1.82593e-08-9.85254e-09-5.29502e-10 8.94676e-09 1.77668e-08 2.51756e-08
 3.05663e-08 3.35524e-08 3.40069e-08 3.20620e-08 2.80702e-08 2.25413e-08
 1.60699e-08 9.26898e-09 2.71691e-09-3.08371e-09-7.73646e-09-1.09732e-08
-1.26704e-08-1.28597e-08-1.17269e-08-9.59582e-09-6.89544e-09-4.11767e-09
-1.77142e-09-3.84714e-10
     0.0000e+00     0.0000e+00      0  0  0.00
     512   1.00000  0.0000e+00
-2.52810e-08-2.63145e-08-2.57340e-08-2.31984e-08-1.84530e-08-1.13683e-08
-1.97648e-09 9.49840e-09 2.26206e-08 3.67367e-08 5.09869e-08 6.43363e-08
 7.56268e-08 8.36525e-08 8.73045e-08 8.58025e-08 7.88355e-08 6.65187e-08
 4.94018e-08 2.85545e-08 5.46045e-09-1.82412e-08-4.09854e-08-6.15151e-08
-7.90732e-08-9.34153e-08-1.04642e-07-1.12956e-07-1.18427e-07-1.20887e-07
-1.20032e-07-1.15622e-07-1.07604e-07-9.60368e-08-8.08691e-08-6.18149e-08
-3.84802e-08-1.06565e-08 2.14118e-08 5.68761e-08 9.42318e-08 1.31371e-07
 1.65804e-07 1.95012e-07 2.16688e-07 2.28722e-07 2.29160e-07 2.16442e-07
 1.89776e-07 1.49446e-07 9.70062e-08 3.53807e-08-3.12015e-08-9.74624e-08
-1.57561e-07-2.05816e-07-2.37588e-07-2.50105e-07-2.42996e-07-2.18377e-07
-1.80409e-07-1.34402e-07-8.56958e-08-3.86944e-08 3.64226e-09 3.96974e-08
 6.86520e-08 8.99044e-08 1.02879e-07 1.07330e-07 1.03837e-07 9.39599e-08
 7.98295e-08 6.34536e-08 4.63175e-08 2.95142e-08 1.40592e-08 9.27239e-10
-9.20005e-09-1.61046e-08-1.99298e-08-2.09946e-08-1.97288e-08-1.66772e-08
-1.24545e-08-7.66770e-09-2.86661e-09 1.48238e-09 5.02303e-09 7.52224e-09
 8.86587e-09 9.05036e-09 8.17015e-09 6.39553e-09 3.94749e-09 1.07480e-09
-1.96848e-09-4.94299e-09-7.63896e-09-9.88753e-09-1.15683e-08-1.26114e-08
-1.29957e-08-1.27442e-08-1.19168e-08-1.06021e-08-8.90792e-09-6.95218e-09
-4.85436e-09-2.72826e-09-6.75758e-10 1.21781e-09 2.88614e-09 4.28273e-09
 5.38070e-09 6.17142e-09 6.66199e-09 6.87203e-09 6.83059e-09 6.57336e-09
 6.13968e-09 5.56952e-09 4.90103e-09 4.16914e-09 3.40450e-09 2.63288e-09
 1.87504e-09 1.14727e-09 4.62107e-10-1.71256e-10-7.46598e-10-1.26000e-09
-1.70898e-09-2.09185e-09-2.40743e-09-2.65482e-09-2.83320e-09-2.94184e-09
-2.98064e-09-2.95028e-09-2.85228e-09-2.68900e-09-2.46389e-09-2.18177e-09
-1.84910e-09-1.47392e-09-1.06573e-09-6.35408e-10-1.94943e-10 2.43369e-10
 6.67518e-10 1.06577e-09 1.42681e-09 1.74044e-09 1.99789e-09 2.19181e-09
 2.31686e-09 2.37011e-09 2.35069e-09 2.25976e-09 2.10087e-09 1.87972e-09
 1.60370e-09 1.28205e-09 9.25536e-10 5.45630e-10 1.54349e-10-2.35604e-10
-6.11915e-10-9.63589e-10-1.28047e-09-1.55294e-09-1.77273e-09-1.93342e-09
-2.03062e-09-2.06238e-09-2.02903e-09-1.93227e-09-1.77520e-09-1.56331e-09
-1.30442e-09-1.00779e-09-6.83519e-10-3.42122e-10 5.84326e-12 3.49308e-10
 6.76438e-10 9.75830e-10 1.23790e-09 1.45498e-09 1.62053e-09 1.72887e-09
 1.77609e-09 1.76089e-09 1.68476e-09 1.55159e-09 1.36679e-09 1.13673e-09
 8.69483e-10 5.75275e-10 2.65804e-10-4.67864e-11-3.50869e-10-6.35741e-10
-8.91083e-10-1.10678e-09-1.27388e-09-1.38569e-09-1.43830e-09-1.43025e-09
-1.36176e-09-1.23492e-09-1.05448e-09-8.27877e-10-5.64887e-10-2.77094e-10
 2.30347e-11 3.22716e-10 6.08724e-10 8.67724e-10 1.08713e-09 1.25586e-09
 1.36507e-09 1.40851e-09 1.38232e-09 1.28533e-09 1.11967e-09 8.90698e-10
 6.06810e-10 2.79313e-10-7.81981e-11-4.50519e-10-8.21264e-10-1.17344e-09
-1.49026e-09-1.75590e-09-1.95619e-09-2.07932e-09-2.11658e-09-2.06282e-09
-1.91657e-09-1.68026e-09-1.36048e-09-9.67752e-10-5.15989e-10-2.23276e-11
 4.93698e-10 1.01145e-09 1.50956e-09 1.96631e-09 2.36112e-09 2.67584e-09
 2.89518e-09 3.00752e-09 3.00572e-09 2.88691e-09 2.65284e-09 2.31073e-09
 1.87295e-09 1.35591e-09 7.79455e-10 1.66416e-10-4.58205e-10-1.06817e-09
-1.63727e-09-2.14122e-09-2.55931e-09-2.87478e-09-3.07504e-09-3.15263e-09
-3.10611e-09-2.94024e-09-2.66537e-09-2.29617e-09-1.85030e-09-1.34760e-09
-8.09915e-10-2.60374e-10 2.78157e-10 7.84609e-10 1.23991e-09 1.62651e-09
 1.92848e-09 2.13223e-09 2.22794e-09 2.21142e-09 2.08498e-09 1.85761e-09
 1.54577e-09 1.17397e-09 7.74481e-10 3.85385e-10 4.65507e-11-2.05427e-10
-3.41943e-10-3.46703e-10-2.19282e-10 2.27657e-11 3.43618e-10 6.91888e-10
 1.00690e-09 1.22683e-09 1.29713e-09 1.17862e-09 8.53706e-10 3.29879e-10
-3.59625e-10-1.15897e-09-1.99651e-09-2.79353e-09-3.47371e-09-3.97163e-09
-4.23909e-09-4.24879e-09-3.99547e-09-3.49408e-09-2.77619e-09-1.88545e-09
-8.72940e-10 2.06810e-10 1.29850e-09 2.34819e-09 3.30505e-09 4.12304e-09
 4.76286e-09 5.19436e-09 5.39864e-09 5.36974e-09 5.11541e-09 4.65617e-09
 4.02296e-09 3.25356e-09 2.38832e-09 1.46613e-09 5.21652e-10-4.16116e-10
-1.32375e-09-2.18204e-09-2.97424e-09-3.68468e-09-4.29818e-09-4.80046e-09
-5.17953e-09-5.42719e-09-5.54014e-09-5.52041e-09-5.37455e-09-5.11189e-09
-4.74256e-09-4.27574e-09-3.71873e-09-3.07709e-09-2.35551e-09-1.55891e-09
-6.93312e-10 2.34037e-10 1.21545e-09 2.24387e-09 3.31386e-09 4.42175e-09
 5.56448e-09 6.73694e-09 7.92840e-09 9.11868e-09 1.02750e-08 1.13505e-08
 1.22840e-08 1.30016e-08 1.34199e-08 1.34498e-08 1.30008e-08 1.19866e-08
 1.03316e-08 7.97824e-09 4.89610e-09 1.09210e-09-3.38011e-09-8.41198e-09
-1.38353e-08-1.94223e-08-2.48907e-08-2.99146e-08-3.41403e-08-3.72073e-08
-3.87715e-08-3.85323e-08-3.62602e-08-3.18246e-08-2.52196e-08-1.65854e-08
-6.22077e-09 5.41474e-09 1.77129e-08 2.99447e-08 4.13045e-08 5.09693e-08
 5.81686e-08 6.22584e-08 6.27902e-08 5.95649e-08 5.26645e-08 4.24585e-08
 2.95810e-08 1.48818e-08-6.44878e-10-1.59488e-08-3.00172e-08-4.19653e-08
-5.11099e-08-5.70170e-08-5.95166e-08-5.86867e-08-5.48153e-08-4.83536e-08
-3.98660e-08-2.99824e-08-1.93510e-08-8.59468e-09 1.72534e-09 1.11377e-08
 1.92775e-08 2.58940e-08 3.08496e-08 3.41121e-08 3.57412e-08 3.58699e-08
 3.46848e-08 3.24066e-08 2.92729e-08 2.55230e-08 2.13843e-08 1.70620e-08
 1.27310e-08 8.53067e-09 4.56484e-09 9.03681e-10-2.41109e-09-5.36046e-09
-7.94258e-09-1.01679e-08-1.20552e-08-1.36282e-08-1.49128e-08-1.59343e-08
-1.67145e-08-1.72703e-08-1.76116e-08-1.77416e-08-1.76569e-08-1.73479e-08
-1.68001e-08-1.59950e-08-1.49115e-08-1.35294e-08-1.18338e-08-9.82183e-09
-7.50802e-09-4.92861e-09-2.14305e-09 7.67401e-10 3.70414e-09 6.55812e-09
 9.21809e-09 1.15794e-08 1.35527e-08 1.50712e-08 1.60966e-08 1.66215e-08
 1.66683e-08 1.62843e-08 1.55345e-08 1.44922e-08 1.32310e-08 1.18183e-08
 1.03124e-08 8.75981e-09 7.19616e-09 5.64660e-09 4.12751e-09 2.64807e-09
 1.21221e-09-1.79023e-10-1.52512e-09-2.82495e-09-4.07708e-09-5.28017e-09
-6.43160e-09-7.52316e-09-8.53501e-09-9.43065e-09-1.01554e-08-1.06401e-08
-1.08113e-08-1.06042e-08-9.97698e-09-8.92246e-09-7.47347e-09-5.70200e-09
-3.71213e-09-1.62989e-09 4.07392e-10 2.26175e-09 3.80529e-09 4.93077e-09
 5.56167e-09 5.66225e-09 5.24766e-09 4.39255e-09 3.23526e-09 1.97536e-09
 8.63201e-10 1.89034e-10
     0.0000e+00     0.0000e+00      0  0  0.00
     512   1.00000  0.0000e+00
-1.52353e-08-1.16169e-08-7.01956e-09-1.52302e-09 4.72356e-09 1.14997e-08
 1.85171e-08 2.54300e-08 3.18513e-08 3.73762e-08 4.16102e-08 4.42015e-08
 4.48745e-08 4.34679e-08 4.00165e-08 3.48444e-08 2.85128e-08 2.16884e-08
 1.51362e-08 9.68311e-09 6.00978e-09 4.47366e-09 5.03192e-09 7.22081e-09
 1.02248e-08 1.30027e-08 1.44490e-08 1.35880e-08 9.70348e-09 2.35018e-09
-8.69043e-09-2.34214e-08-4.15687e-08-6.24653e-08-8.49663e-08-1.07485e-07
-1.28154e-07-1.45029e-07-1.56225e-07-1.60036e-07-1.55041e-07-1.40206e-07
-1.14962e-07-7.93759e-08-3.44093e-08 1.79817e-08 7.49962e-08 1.33121e-07
 1.88198e-07 2.35663e-07 2.70981e-07 2.90153e-07 2.90249e-07 2.69932e-07
 2.29878e-07 1.72970e-07 1.04164e-07 2.99604e-08-4.25004e-08-1.06551e-07
-1.57060e-07-1.91154e-07-2.08382e-07-2.10259e-07-1.99410e-07-1.78673e-07
-1.50579e-07-1.17373e-07-8.13629e-08-4.52025e-08-1.16884e-08 1.68480e-08
 3.90956e-08 5.47979e-08 6.42882e-08 6.80358e-08 6.66044e-08 6.08688e-08
 5.20531e-08 4.14735e-08 3.02801e-08 1.94096e-08 9.63401e-09 1.54193e-09
-4.51345e-09-8.40901e-09-1.02112e-08-1.01430e-08-8.54650e-09-5.83300e-09
-2.43991e-09 1.20266e-09 4.70528e-09 7.74567e-09 1.00824e-08 1.15612e-08
 1.21158e-08 1.17600e-08 1.05755e-08 8.69814e-09 6.30068e-09 3.57497e-09
 7.16007e-10-2.09175e-09-4.68557e-09-6.93250e-09-8.73452e-09-1.00307e-08
-1.07964e-08-1.10403e-08-1.08002e-08-1.01364e-08-9.12512e-09-7.85162e-09
-6.40384e-09-4.86691e-09-3.31863e-09-1.82629e-09-4.44851e-10 7.84027e-10
 1.83216e-09 2.68420e-09 3.33618e-09 3.79374e-09 4.07016e-09 4.18411e-09
 4.15749e-09 4.01362e-09 3.77601e-09 3.46721e-09 3.10776e-09 2.71557e-09
 2.30584e-09 1.89117e-09 1.48159e-09 1.08475e-09 7.06541e-10 3.51727e-10
 2.41607e-11-2.73234e-10-5.38121e-10-7.68382e-10-9.62219e-10-1.11841e-09
-1.23625e-09-1.31542e-09-1.35626e-09-1.36010e-09-1.32919e-09-1.26655e-09
-1.17588e-09-1.06153e-09-9.28586e-10-7.82562e-10-6.28794e-10-4.72653e-10
-3.19819e-10-1.75497e-10-4.36638e-11 7.24435e-11 1.69969e-10 2.47153e-10
 3.03586e-10 3.39706e-10 3.56845e-10 3.57347e-10 3.44083e-10 3.20262e-10
 2.89447e-10 2.55012e-10 2.19834e-10 1.86604e-10 1.57676e-10 1.34672e-10
 1.18964e-10 1.11864e-10 1.13492e-10 1.22323e-10 1.36486e-10 1.54549e-10
 1.74774e-10 1.94605e-10 2.11046e-10 2.21191e-10 2.22833e-10 2.14757e-10
 1.96256e-10 1.66819e-10 1.26406e-10 7.56922e-11 1.63092e-11-4.90367e-11
-1.17080e-10-1.84605e-10-2.48450e-10-3.04944e-10-3.49702e-10-3.78746e-10
-3.89654e-10-3.81085e-10-3.51996e-10-3.01840e-10-2.31110e-10-1.41845e-10
-3.76118e-11 7.72102e-11 1.97724e-10 3.18501e-10 4.33806e-10 5.37372e-10
 6.22483e-10 6.83089e-10 7.14471e-10 7.13114e-10 6.76492e-10 6.02930e-10
 4.92171e-10 3.46183e-10 1.68950e-10-3.41222e-11-2.56236e-10-4.89194e-10
-7.23598e-10-9.49181e-10-1.15532e-09-1.33149e-09-1.46772e-09-1.55517e-09
-1.58651e-09-1.55601e-09-1.45997e-09-1.29752e-09-1.07067e-09-7.84141e-10
-4.45605e-10-6.57000e-11 3.42594e-10 7.64315e-10 1.18294e-09 1.58124e-09
 1.94182e-09 2.24765e-09 2.48320e-09 2.63524e-09 2.69312e-09 2.64937e-09
 2.50080e-09 2.24864e-09 1.89834e-09 1.45969e-09 9.46939e-10 3.78016e-10
-2.26269e-10-8.42658e-10-1.44640e-09-2.01251e-09-2.51647e-09-2.93519e-09
-3.24852e-09-3.44043e-09-3.49957e-09-3.42001e-09-3.20171e-09-2.85058e-09
-2.37872e-09-1.80453e-09-1.15158e-09-4.46984e-10 2.79484e-10 9.96320e-10
 1.67203e-09 2.27691e-09 2.78478e-09 3.17461e-09 3.43121e-09 3.54516e-09
 3.51291e-09 3.33699e-09 3.02611e-09 2.59459e-09 2.06124e-09 1.44851e-09
 7.82349e-10 9.21246e-11-5.89716e-10-1.22876e-09-1.79054e-09-2.24224e-09
-2.55460e-09-2.70477e-09-2.67952e-09-2.47871e-09-2.11789e-09-1.62868e-09
-1.05726e-09-4.60976e-10 9.68026e-11 5.53329e-10 8.54014e-10 9.60473e-10
 8.56905e-10 5.53283e-10 8.53735e-11-4.88752e-10-1.09540e-09-1.65403e-09
-2.08734e-09-2.33140e-09-2.34349e-09-2.10687e-09-1.63175e-09-9.52609e-10
-1.22852e-10 7.92078e-10 1.72229e-09 2.60054e-09 3.36775e-09 3.97635e-09
 4.39175e-09 4.59230e-09 4.56864e-09 4.32304e-09 3.86856e-09 3.22828e-09
 2.43467e-09 1.52830e-09 5.55746e-10-4.33470e-10-1.39082e-09-2.27292e-09
-3.04501e-09-3.68315e-09-4.17497e-09-4.51840e-09-4.71904e-09-4.78690e-09
-4.73311e-09-4.56772e-09-4.29885e-09-3.93306e-09-3.47643e-09-2.93609e-09
-2.32113e-09-1.64270e-09-9.13318e-10-1.45562e-10 6.49273e-10 1.46173e-09
 2.28383e-09 3.10790e-09 3.92485e-09 4.72264e-09 5.48549e-09 6.19402e-09
 6.82639e-09 7.35999e-09 7.77298e-09 8.04500e-09 8.15693e-09 8.08958e-09
 7.82221e-09 7.33137e-09 6.59096e-09 5.57369e-09 4.25417e-09 2.61299e-09
 6.41244e-10-1.65526e-09-4.25264e-09-7.10640e-09-1.01496e-08-1.32913e-08
-1.64162e-08-1.93841e-08-2.20324e-08-2.41799e-08-2.56346e-08-2.62043e-08
-2.57111e-08-2.40072e-08-2.09914e-08-1.66248e-08-1.09436e-08-4.06877e-09
 3.78901e-09 1.23288e-08 2.11656e-08 2.98421e-08 3.78491e-08 4.46527e-08
 4.97289e-08 5.26044e-08 5.29006e-08 5.03760e-08 4.49636e-08 3.67976e-08
 2.62244e-08 1.37923e-08 2.21066e-10-1.36501e-08-2.69281e-08-3.87403e-08
-4.83095e-08-5.50222e-08-5.84825e-08-5.85457e-08-5.53270e-08-4.91818e-08
-4.06611e-08-3.04476e-08-1.92825e-08-7.89831e-09 3.03581e-09 1.29501e-08
 2.13971e-08 2.80645e-08 3.27786e-08 3.54985e-08 3.63022e-08 3.53643e-08
 3.29318e-08 2.92984e-08 2.47811e-08 1.96976e-08 1.43483e-08 9.00155e-09
 3.88511e-09-8.18289e-10-4.97190e-09-8.48413e-09-1.13062e-08-1.34281e-08
-1.48722e-08-1.56853e-08-1.59307e-08-1.56800e-08-1.50076e-08-1.39861e-08
-1.26837e-08-1.11622e-08-9.47727e-09-7.67738e-09-5.80484e-09-3.89658e-09
-1.98617e-09-1.06434e-10 1.70782e-09 3.41824e-09 4.98320e-09 6.36004e-09
 7.50847e-09 8.39438e-09 8.99330e-09 9.29302e-09 9.29500e-09 9.01439e-09
 8.47868e-09 7.72542e-09 6.79858e-09 5.74374e-09 4.60241e-09 3.40686e-09
 2.17720e-09 9.21616e-10-3.59994e-10-1.66990e-09-3.00512e-09-4.35019e-09
-5.67179e-09-6.91619e-09-8.01023e-09-8.86602e-09-9.38883e-09-9.48759e-09
-9.08713e-09-8.14095e-09-6.64282e-09-4.63484e-09-2.21043e-09 4.88149e-10
 3.27687e-09 5.94108e-09 8.25050e-09 9.98007e-09 1.09380e-08 1.09983e-08
 1.01291e-08 8.40822e-09 6.01961e-09 3.23079e-09 3.54258e-10-2.29918e-09
-4.46605e-09-5.96586e-09-6.71999e-09-6.75127e-09-6.16597e-09-5.12414e-09
-3.80751e-09-2.39355e-09-1.03860e-09 1.32794e-10 1.03477e-09 1.62352e-09
 1.89632e-09 1.88655e-09 1.65592e-09 1.28502e-09 8.62544e-10 4.73117e-10
 1.85073e-10 3.67786e-11
