      10
(6e12.5)
     0.0000e+00     0.0000e+00      0  0  0.00
     512   1.00000  0.0000e+00
 8.22203e-10 1.11252e-09 1.19181e-09 1.00382e-09 5.73703e-10 8.03208e-12
-5.42716e-10-9.37760e-10-1.08953e-09-9.81163e-10-6.58266e-10-2.07303e-10
 2.66092e-10 6.53365e-10 8.58670e-10 8.20873e-10 5.39860e-10 9.23868e-11
-3.80042e-10-7.16062e-10-7.96856e-10-5.97313e-10-1.98530e-10 2.48522e-10
 5.92383e-10 7.47862e-10 7.24831e-10 6.05890e-10 4.89637e-10 4.34688e-10
 4.35887e-10 4.41713e-10 3.96008e-10 2.75770e-10 1.04608e-10-6.10231e-11
-1.60299e-10-1.53104e-10-3.06170e-11 1.86378e-10 4.52059e-10 6.98559e-10
 8.43259e-10 8.09480e-10 5.60189e-10 1.29375e-10-3.71838e-10-7.88219e-10
-9.83510e-10-9.03088e-10-6.01619e-10-2.18267e-10 8.85607e-11 2.11221e-10
 1.29989e-10-9.84929e-11-3.87349e-10-6.67942e-10-9.12865e-10-1.12670e-09
-1.31930e-09-1.48447e-09-1.59741e-09-1.62779e-09-1.55458e-09-1.37391e-09
-1.10107e-09-7.71641e-10-4.42091e-10-1.83153e-10-5.91844e-11-9.63103e-11
-2.55452e-10-4.31349e-10-4.88108e-10-3.19471e-10 9.77418e-11 6.89847e-10
 1.32270e-09 1.86643e-09 2.24883e-09 2.46912e-09 2.57291e-09 2.61290e-09
 2.62266e-09 2.61496e-09 2.59628e-09 2.58048e-09 2.59042e-09 2.64827e-09
 2.76330e-09 2.92446e-09 3.09775e-09 3.22496e-09 3.22488e-09 3.00555e-09
 2.49353e-09 1.67192e-09 6.04053e-10-5.79365e-10-1.73170e-09-2.75432e-09
-3.63381e-09-4.42851e-09-5.21532e-09-6.03483e-09-6.87048e-09-7.67014e-09
-8.38724e-09-9.00867e-09-9.55181e-09-1.00387e-08-1.04712e-08-1.08250e-08
-1.10632e-08-1.11522e-08-1.10649e-08-1.07709e-08-1.02232e-08-9.34912e-09
-8.04581e-09-6.17802e-09-3.58370e-09-1.00876e-10 4.37617e-09 9.82450e-09
 1.60375e-08 2.26202e-08 2.90406e-08 3.47146e-08 3.90850e-08 4.16735e-08
 4.21097e-08 4.01569e-08 3.57467e-08 2.90053e-08 2.02465e-08 9.92609e-09
-1.41415e-09-1.31855e-08-2.47674e-08-3.55174e-08-4.47943e-08-5.20067e-08
-5.66734e-08-5.84737e-08-5.72704e-08-5.31060e-08-4.61836e-08-3.68474e-08
-2.55624e-08-1.28789e-08 6.17311e-10 1.43473e-08 2.77569e-08 4.03254e-08
 5.15975e-08 6.12533e-08 6.91944e-08 7.55972e-08 8.08913e-08 8.56521e-08
 9.04378e-08 9.56134e-08 1.01196e-07 1.06732e-07 1.11218e-07 1.13076e-07
 1.10228e-07 1.00314e-07 8.10574e-08 5.08102e-08 9.19178e-09-4.22495e-08
-9.95878e-08-1.56647e-07-2.05972e-07-2.40574e-07-2.56013e-07-2.52247e-07
-2.34711e-07-2.14279e-07-2.05813e-07-2.25193e-07-2.85236e-07-3.91425e-07
-5.38440e-07-7.08159e-07-8.69215e-07-9.77983e-07-9.81500e-07-8.23865e-07
-4.57701e-07 1.39371e-07 9.45954e-07 1.88028e-06 2.79286e-06 3.48190e-06
 3.74274e-06 3.43669e-06 2.54245e-06 1.16943e-06-4.62091e-07-2.06109e-06
-3.31365e-06-3.94621e-06-3.80985e-06-2.95255e-06-1.63552e-06-2.65203e-07
 7.51242e-07 1.16994e-06 1.01442e-06 5.52468e-07 1.39618e-07 1.16018e-08
 1.55714e-07 3.56236e-07 3.88068e-07 2.07116e-07-2.43697e-08-1.03101e-07
 1.43051e-08 1.77430e-07 2.12887e-07 1.11957e-07 2.02213e-08 4.57759e-08
 1.28814e-07 1.38255e-07 5.67738e-08-6.66920e-09 1.35458e-08 4.94333e-08
 2.19519e-08-3.14411e-08-3.27891e-08-3.13120e-10-4.19852e-09-3.51255e-08
-3.38316e-08-1.06079e-08-1.46643e-08-3.06566e-08-2.14181e-08-8.86551e-09
-1.52771e-08-1.56908e-08-4.82816e-09-3.44519e-09-4.92483e-09-3.77105e-10
 7.68653e-10-8.81743e-10-7.14510e-10-1.51710e-09-3.28612e-09-4.63520e-09
-6.22643e-09-8.12849e-09-1.00924e-08-1.21464e-08-1.41561e-08-1.58831e-08
-1.70810e-08-1.74488e-08-1.66698e-08-1.44908e-08-1.08170e-08-5.80427e-09
 1.22507e-10 6.33296e-09 1.21327e-08 1.69276e-08 2.03352e-08 2.22109e-08
 2.25782e-08 2.15223e-08 1.91187e-08 1.54277e-08 1.05491e-08 4.69134e-09
-1.77562e-09-8.30406e-09-1.42001e-08-1.87121e-08-2.11698e-08-2.11341e-08
-1.84993e-08-1.35156e-08-6.73020e-09 1.11485e-09 9.18588e-09 1.66315e-08
 2.26322e-08 2.64532e-08 2.75244e-08 2.55450e-08 2.05797e-08 1.31034e-08
 3.97481e-09-5.66230e-09-1.45322e-08-2.14147e-08-2.53422e-08-2.57788e-08
-2.27443e-08-1.68423e-08-9.16823e-09-1.10807e-09 5.92654e-09 1.07578e-08
 1.26391e-08 1.13625e-08 7.27740e-09 1.23337e-09-5.55235e-09-1.17048e-08
-1.59553e-08-1.73962e-08-1.56562e-08-1.09546e-08-4.04274e-09 3.93910e-09
 1.16628e-08 1.78560e-08 2.15545e-08 2.23034e-08 2.02394e-08 1.60329e-08
 1.07218e-08 5.48836e-09 1.41779e-09-7.32045e-10-7.12172e-10 1.14820e-09
 4.02999e-09 6.84873e-09 8.53603e-09 8.29439e-09 5.77206e-09 1.13855e-09
-4.94277e-09-1.14475e-08-1.72180e-08-2.12418e-08-2.29071e-08-2.21544e-08
-1.94703e-08-1.57249e-08-1.19149e-08-8.89686e-09-7.18426e-09-6.83938e-09
-7.47230e-09-8.35312e-09-8.62690e-09-7.58139e-09-4.88597e-09-7.20348e-10
 4.25342e-09 9.07121e-09 1.27454e-08 1.45557e-08 1.42583e-08 1.21417e-08
 8.91382e-09 5.47081e-09 2.63204e-09 9.17910e-10 4.27069e-10 8.38893e-10
 1.53871e-09 1.83440e-09 1.20740e-09-4.73911e-10-2.85598e-09-5.17308e-09
-6.48550e-09-6.00430e-09-3.37838e-09 1.17087e-09 6.91344e-09 1.28371e-08
 1.79498e-08 2.15556e-08 2.34136e-08 2.37255e-08 2.29701e-08 2.16626e-08
 2.01421e-08 1.84555e-08 1.63636e-08 1.34567e-08 9.34205e-09 3.84687e-09
-2.83750e-09-1.01285e-08-1.71573e-08-2.29766e-08-2.68032e-08-2.82095e-08
-2.71985e-08-2.41509e-08-1.96776e-08-1.44388e-08-8.98999e-09-3.70302e-09
 1.20880e-09 5.57219e-09 9.10849e-09 1.13585e-08 1.17440e-08 9.75782e-09
 5.20894e-09-1.58124e-09-9.72412e-09-1.78991e-08-2.46543e-08-2.87737e-08
-2.95771e-08-2.70482e-08-2.17623e-08-1.46644e-08-6.79329e-09 9.44076e-10
 7.87604e-09 1.35412e-08 1.75898e-08 1.96978e-08 1.95689e-08 1.70477e-08
 1.23005e-08 5.96690e-09-8.31033e-10-6.67883e-09-1.02255e-08-1.05819e-08
-7.60634e-09-1.96199e-09 5.07905e-09 1.20064e-08 1.74760e-08 2.06130e-08
 2.11332e-08 1.92779e-08 1.56240e-08 1.08670e-08 5.67726e-09 6.66249e-10
-3.57381e-09-6.45030e-09-7.44652e-09-6.29847e-09-3.19510e-09 1.11826e-09
 5.43489e-09 8.39783e-09 8.93138e-09 6.62508e-09 1.91291e-09-4.03062e-09
-9.65004e-09-1.35002e-08-1.46903e-08-1.31148e-08-9.39828e-09-4.61200e-09
 9.20199e-11 3.77846e-09 5.87498e-09 6.17696e-09 4.78312e-09 2.03661e-09
-1.50061e-09-5.07113e-09-7.80379e-09-8.89270e-09-7.85337e-09-4.76208e-09
-3.43993e-10 4.18178e-09 7.48005e-09 8.56575e-09 7.16744e-09 3.83017e-09
-2.92613e-10-3.87424e-09-5.89215e-09-5.94874e-09-4.32034e-09-1.75014e-09
 8.88369e-10 2.89469e-09 3.89941e-09 3.86106e-09 2.96647e-09 1.52375e-09
-1.01405e-10-1.51520e-09-2.33844e-09-2.30124e-09-1.37458e-09 1.39378e-10
 1.65153e-09 2.49973e-09 2.26024e-09 1.00217e-09-6.65168e-10-1.80872e-09
-1.57677e-09-5.15020e-10
     0.0000e+00     0.0000e+00      0  0  0.00
     512   1.00000  0.0000e+00
 6.40406e-11-2.62996e-10-5.85700e-10-8.45808e-10-9.94943e-10-1.00895e-09
-8.92939e-10-6.75218e-10-3.94648e-10-8.87431e-11 2.11099e-10 4.75402e-10
 6.69153e-10 7.51149e-10 6.85467e-10 4.60496e-10 1.04865e-10-3.09951e-10
-6.84741e-10-9.20983e-10-9.51200e-10-7.59246e-10-3.83694e-10 9.48694e-11
 5.75671e-10 9.59964e-10 1.16834e-09 1.15317e-09 9.08598e-10 4.77207e-10
-5.24586e-11-5.62677e-10-9.36097e-10-1.08881e-09-9.94107e-10-6.86916e-10
-2.47837e-10 2.24723e-10 6.41487e-10 9.37927e-10 1.07571e-09 1.03607e-09
 8.16011e-10 4.33700e-10-6.13323e-11-5.85111e-10-1.03145e-09-1.29784e-09
-1.31508e-09-1.06880e-09-6.04998e-10-1.91774e-11 5.65774e-10 1.02577e-09
 1.25992e-09 1.20979e-09 8.72526e-10 3.06322e-10-3.75542e-10-1.02689e-09
-1.50491e-09-1.70812e-09-1.60030e-09-1.21292e-09-6.29051e-10 4.10777e-11
 6.82596e-10 1.19133e-09 1.48345e-09 1.50438e-09 1.23971e-09 7.25920e-10
 5.44236e-11-6.38227e-10-1.19673e-09-1.48352e-09-1.41270e-09-9.71301e-10
-2.24615e-10 6.94338e-10 1.61000e-09 2.34073e-09 2.73931e-09 2.72720e-09
 2.31181e-09 1.58110e-09 6.79380e-10-2.24802e-10-9.68569e-10-1.41852e-09
-1.48889e-09-1.15595e-09-4.69419e-10 4.42893e-10 1.38624e-09 2.13258e-09
 2.47195e-09 2.26497e-09 1.47820e-09 1.92515e-10-1.41242e-09-3.08862e-09
-4.55953e-09-5.56819e-09-5.93033e-09-5.58059e-09-4.59644e-09-3.19007e-09
-1.66865e-09-3.72820e-10 3.90517e-10 4.05571e-10-4.11081e-10-1.98385e-09
-4.06620e-09-6.25230e-09-8.02548e-09-8.85003e-09-8.29335e-09-6.14491e-09
-2.49289e-09 2.26464e-09 7.47345e-09 1.23270e-08 1.60040e-08 1.78215e-08
 1.73834e-08 1.46984e-08 1.02378e-08 4.90853e-09-7.96350e-11-3.44978e-09
-4.17317e-09-1.80876e-09 3.22699e-09 9.61137e-09 1.54253e-08 1.87732e-08
 1.84437e-08 1.43195e-08 7.39657e-09-5.77562e-10-7.71367e-09-1.26145e-08
-1.47957e-08-1.47450e-08-1.36086e-08-1.26416e-08-1.26745e-08-1.38524e-08
-1.57172e-08-1.74881e-08-1.83702e-08-1.78135e-08-1.56731e-08-1.22276e-08
-8.05816e-09-3.85241e-09-2.13831e-10 2.46219e-09 4.02962e-09 4.56970e-09
 4.33621e-09 3.69231e-09 3.05428e-09 2.84773e-09 3.47326e-09 5.26924e-09
 8.45153e-09 1.30156e-08 1.86239e-08 2.45408e-08 2.96708e-08 3.27051e-08
 3.23892e-08 2.79623e-08 1.96488e-08 8.83917e-09-2.16977e-09-1.06163e-08
-1.37685e-08-9.54302e-09 2.85275e-09 2.24266e-08 4.61308e-08 6.89380e-08
 8.43573e-08 8.52244e-08 6.45922e-08 1.68716e-08-6.04479e-08-1.64432e-07
-2.84223e-07-3.99494e-07-4.80892e-07-4.92998e-07-4.01639e-07-1.90714e-07
 1.13301e-07 4.34779e-07 6.85034e-07 8.10523e-07 7.98116e-07 6.49661e-07
 3.78129e-07 2.67104e-08-3.24425e-07-5.79652e-07-6.64333e-07-5.56369e-07
-3.03678e-07-1.47406e-08 1.88002e-07 2.32164e-07 1.35576e-07-8.19532e-09
-9.30416e-08-7.13253e-08 1.62828e-08 7.90577e-08 5.81367e-08-1.98963e-08
-7.30542e-08-5.08229e-08 1.35749e-08 4.50900e-08 1.61772e-08-2.41961e-08
-1.89420e-08 2.12534e-08 3.81164e-08 1.22123e-08-1.21666e-08 2.71925e-10
 2.20679e-08 1.40132e-08-8.24760e-09-6.56645e-09 1.04989e-08 8.76131e-09
-5.21260e-09-2.14361e-09 9.46226e-09 5.57826e-09-2.02145e-09 3.20253e-09
 6.22812e-09-1.52278e-10-1.27505e-09 1.04121e-09-2.03324e-09-3.94108e-09
-2.86197e-09-3.36791e-09-3.53309e-09-2.48753e-09-1.92950e-09-1.54264e-09
-1.16975e-09-1.17238e-09-1.41649e-09-1.76339e-09-2.14516e-09-2.40744e-09
-2.39065e-09-1.96841e-09-1.07932e-09 2.10119e-10 1.71215e-09 3.15620e-09
 4.25777e-09 4.80734e-09 4.72376e-09 4.06774e-09 2.99298e-09 1.67338e-09
 2.54549e-10-1.16599e-09-2.51230e-09-3.68984e-09-4.56972e-09-5.01089e-09
-4.90387e-09-4.20571e-09-2.96731e-09-1.34618e-09 4.12087e-10 2.02671e-09
 3.24817e-09 3.91081e-09 3.96749e-09 3.50401e-09 2.71273e-09 1.81691e-09
 9.85626e-10 2.94576e-10-2.57269e-10-7.05717e-10-1.08378e-09-1.39921e-09
-1.62848e-09-1.72790e-09-1.65606e-09-1.39080e-09-9.30081e-10-2.91871e-10
 4.69196e-10 1.24200e-09 1.86945e-09 2.19788e-09 2.13035e-09 1.64401e-09
 7.75609e-10-3.88463e-10-1.70612e-09-2.98098e-09-3.99040e-09-4.53683e-09
-4.50476e-09-3.89776e-09-2.83443e-09-1.50836e-09-1.42259e-10 1.04183e-09
 1.84666e-09 2.14294e-09 1.92728e-09 1.34924e-09 6.66857e-10 1.51688e-10
 7.32486e-12 3.35716e-10 1.13588e-09 2.31161e-09 3.68374e-09 5.01566e-09
 6.06197e-09 6.63452e-09 6.65940e-09 6.19908e-09 5.43019e-09 4.57811e-09
 3.83035e-09 3.27569e-09 2.89875e-09 2.60873e-09 2.26803e-09 1.72167e-09
 8.45040e-10-3.98496e-10-1.92093e-09-3.51788e-09-4.92343e-09-5.89070e-09
-6.27077e-09-6.06906e-09-5.45673e-09-4.71940e-09-4.15929e-09-3.99971e-09
-4.32585e-09-5.06184e-09-5.98240e-09-6.76847e-09-7.09425e-09-6.71399e-09
-5.53446e-09-3.66700e-09-1.43114e-09 7.17681e-10 2.32111e-09 3.06060e-09
 2.85886e-09 1.90407e-09 5.82051e-10-6.56045e-10-1.42822e-09-1.51052e-09
-8.70884e-10 3.42024e-10 1.84441e-09 3.29197e-09 4.37361e-09 4.89785e-09
 4.84150e-09 4.34840e-09 3.67797e-09 3.11071e-09 2.84191e-09 2.91235e-09
 3.20639e-09 3.51480e-09 3.63328e-09 3.45118e-09 2.98789e-09 2.36106e-09
 1.70779e-09 1.10117e-09 4.99182e-10-2.53797e-10-1.36602e-09-2.99151e-09
-5.12182e-09-7.53055e-09-9.79978e-09-1.14258e-08-1.19778e-08-1.12541e-08
-9.36175e-09-6.68074e-09-3.73852e-09-1.05709e-09 9.76423e-10 2.18887e-09
 2.63102e-09 2.51493e-09 2.10993e-09 1.64861e-09 1.27411e-09 1.03236e-09
 9.02742e-10 8.55859e-10 9.12821e-10 1.16872e-09 1.75605e-09 2.76438e-09
 4.16675e-09 5.79662e-09 7.38437e-09 8.63598e-09 9.32617e-09 9.37269e-09
 8.85782e-09 7.98230e-09 6.97579e-09 6.01366e-09 5.17355e-09 4.43226e-09
 3.69363e-09 2.84513e-09 1.83085e-09 7.03555e-10-3.87031e-10-1.27630e-09
-1.88636e-09-2.27427e-09-2.59496e-09-3.01115e-09-3.60913e-09-4.35805e-09
-5.12030e-09-5.70336e-09-5.93483e-09-5.73602e-09-5.16543e-09-4.40552e-09
-3.68976e-09-3.20365e-09-3.00918e-09-3.02873e-09-3.09714e-09-3.05244e-09
-2.80821e-09-2.36733e-09-1.78488e-09-1.11771e-09-3.95170e-10 3.76520e-10
 1.18388e-09 1.96641e-09 2.59080e-09 2.86873e-09 2.63087e-09 1.82762e-09
 5.96492e-10-7.49562e-10-1.81217e-09-2.23838e-09-1.84481e-09-6.89182e-10
 9.42250e-10 2.62675e-09 3.93556e-09 4.54861e-09 4.31745e-09 3.27341e-09
 1.60042e-09-4.06815e-10-2.38649e-09-3.95476e-09-4.76220e-09-4.56990e-09
-3.33290e-09-1.25444e-09 1.22518e-09 3.51756e-09 5.03946e-09 5.39270e-09
 4.50387e-09 2.65418e-09 3.79764e-10-1.70868e-09-3.11117e-09-3.57110e-09
-3.12254e-09-2.04301e-09-7.36825e-10 3.97126e-10 1.06679e-09 1.14720e-09
 7.13840e-10 1.95731e-10
     0.0000e+00     0.0000e+00      0  0  0.00
     512   1.00000  0.0000e+00
 4.65443e-11 2.57780e-10 5.02435e-10 7.42962e-10 9.30238e-10 1.01820e-09
 9.80220e-10 8.18822e-10 5.65693e-10 2.72129e-10-7.69278e-12-2.33760e-10
-3.89986e-10-4.83938e-10-5.38522e-10-5.79688e-10-6.24867e-10-6.76522e-10
-7.24085e-10-7.53597e-10-7.58227e-10-7.42022e-10-7.15724e-10-6.88535e-10
-6.59688e-10-6.13259e-10-5.19986e-10-3.48312e-10-8.16875e-11 2.66990e-10
 6.52798e-10 1.00964e-09 1.26994e-09 1.38648e-09 1.34762e-09 1.17818e-09
 9.26364e-10 6.45232e-10 3.78219e-10 1.52258e-10-2.13938e-11-1.39696e-10
-1.98381e-10-1.89382e-10-1.09663e-10 2.52600e-11 1.75146e-10 2.82390e-10
 2.89564e-10 1.59890e-10-1.05652e-10-4.60903e-10-8.22547e-10-1.09266e-09
-1.18644e-09-1.05449e-09-6.94150e-10-1.49392e-10 4.99937e-10 1.15436e-09
 1.70834e-09 2.05866e-09 2.11454e-09 1.81502e-09 1.14888e-09 1.67725e-10
-1.01232e-09-2.22108e-09-3.25979e-09-3.94226e-09-4.14018e-09-3.81406e-09
-3.01837e-09-1.88398e-09-5.87758e-10 6.82743e-10 1.76291e-09 2.53630e-09
 2.94831e-09 3.01084e-09 2.79937e-09 2.43786e-09 2.06988e-09 1.82344e-09
 1.78043e-09 1.95613e-09 2.29375e-09 2.68177e-09 2.99413e-09 3.13458e-09
 3.06271e-09 2.79533e-09 2.39271e-09 1.93846e-09 1.51408e-09 1.17290e-09
 9.23916e-10 7.31371e-10 5.24210e-10 2.08200e-10-3.18309e-10-1.14253e-09
-2.31415e-09-3.82922e-09-5.62462e-09-7.58520e-09-9.56690e-09-1.14304e-08
-1.30675e-08-1.44067e-08-1.54064e-08-1.60497e-08-1.63438e-08-1.63176e-08
-1.60193e-08-1.55178e-08-1.48985e-08-1.42372e-08-1.35556e-08-1.27822e-08
-1.17408e-08-1.01628e-08-7.71779e-09-4.06150e-09 1.09784e-09 7.92607e-09
 1.64001e-08 2.62628e-08 3.70042e-08 4.78826e-08 5.79979e-08 6.63995e-08
 7.22058e-08 7.47143e-08 7.34893e-08 6.84046e-08 5.96329e-08 4.76095e-08
 3.30067e-08 1.67200e-08-1.67997e-10-1.64686e-08-3.10050e-08-4.27547e-08
-5.10008e-08-5.54524e-08-5.62799e-08-5.40401e-08-4.95281e-08-4.36137e-08
-3.70954e-08-3.05842e-08-2.44460e-08-1.88313e-08-1.37828e-08-9.38063e-09
-5.89306e-09-3.90381e-09-4.37440e-09-8.59174e-09-1.79736e-08-3.37291e-08
-5.63816e-08-8.51926e-08-1.17590e-07-1.48773e-07-1.71684e-07-1.77542e-07
-1.57083e-07-1.02566e-07-1.04097e-08 1.15892e-07 2.63124e-07 4.07093e-07
 5.15433e-07 5.56005e-07 5.07894e-07 3.70116e-07 1.64352e-07-6.92280e-08
-2.81148e-07-4.25716e-07-4.76600e-07-4.38429e-07-3.45380e-07-2.43859e-07
-1.67283e-07-1.18578e-07-7.50408e-08-1.45576e-08 5.88976e-08 1.14496e-07
 1.19219e-07 6.32786e-08-3.68500e-08-1.52148e-07-2.47710e-07-2.80701e-07
-2.15017e-07-4.89837e-08 1.87451e-07 4.64695e-07 7.58489e-07 1.02361e-06
 1.18954e-06 1.18634e-06 9.68159e-07 5.31316e-07-6.90956e-08-7.22455e-07
-1.28852e-06-1.63273e-06-1.66742e-06-1.38944e-06-8.89768e-07-3.21426e-07
 1.59494e-07 4.53935e-07 5.53881e-07 5.27142e-07 4.61266e-07 4.07654e-07
 3.63433e-07 2.99728e-07 2.05983e-07 1.04931e-07 2.87032e-08-1.08257e-08
-2.52784e-08-3.10633e-08-3.51188e-08-3.59995e-08-3.19437e-08-2.55420e-08
-2.08192e-08-1.78370e-08-1.44696e-08-1.19044e-08-1.17927e-08-1.17471e-08
-1.04317e-08-1.01835e-08-1.07932e-08-1.00294e-08-9.01190e-09-8.72434e-09
-7.70614e-09-6.39021e-09-5.70821e-09-4.75482e-09-3.79841e-09-3.33770e-09
-2.62096e-09-1.96847e-09-1.56364e-09-8.24748e-10-2.04178e-10 3.28924e-10
 1.12291e-09 1.69996e-09 2.26386e-09 2.87967e-09 3.16721e-09 3.38532e-09
 3.37119e-09 3.01891e-09 2.58497e-09 1.90515e-09 1.15990e-09 4.62854e-10
-2.44142e-10-7.43018e-10-1.08969e-09-1.23492e-09-1.14375e-09-9.33904e-10
-5.90502e-10-2.39102e-10 6.48987e-11 2.67985e-10 2.84181e-10 1.14672e-10
-2.76627e-10-8.68681e-10-1.63140e-09-2.49307e-09-3.33302e-09-4.04292e-09
-4.50941e-09-4.65149e-09-4.42353e-09-3.83708e-09-2.94531e-09-1.81265e-09
-5.15172e-10 8.57991e-10 2.20969e-09 3.45074e-09 4.50264e-09 5.30123e-09
 5.80448e-09 5.99662e-09 5.88529e-09 5.49524e-09 4.86564e-09 4.05211e-09
 3.13094e-09 2.19358e-09 1.32577e-09 5.88790e-10 1.69802e-11-3.81503e-10
-6.28786e-10-7.71586e-10-8.64965e-10-9.63761e-10-1.11855e-09-1.36076e-09
-1.68973e-09-2.07705e-09-2.46946e-09-2.78181e-09-2.91160e-09-2.78412e-09
-2.38046e-09-1.72447e-09-8.63520e-10 1.36807e-10 1.19340e-09 2.20384e-09
 3.05212e-09 3.64247e-09 3.94633e-09 4.01068e-09 3.90887e-09 3.68444e-09
 3.34381e-09 2.89214e-09 2.36069e-09 1.78701e-09 1.16665e-09 4.39206e-10
-4.63835e-10-1.55389e-09-2.75923e-09-3.95777e-09-5.04821e-09-5.99581e-09
-6.80120e-09-7.43857e-09-7.85581e-09-8.03667e-09-8.04090e-09-7.97326e-09
-7.91027e-09-7.84891e-09-7.71620e-09-7.42704e-09-6.94402e-09-6.28753e-09
-5.49065e-09-4.56680e-09-3.53540e-09-2.46089e-09-1.45191e-09-6.14447e-10
 1.12473e-11 4.75451e-10 8.86949e-10 1.36122e-09 1.98038e-09 2.78025e-09
 3.76620e-09 4.92289e-09 6.19823e-09 7.49672e-09 8.70732e-09 9.74300e-09
 1.05692e-08 1.12130e-08 1.17396e-08 1.22085e-08 1.26481e-08 1.30570e-08
 1.34087e-08 1.36529e-08 1.37213e-08 1.35426e-08 1.30620e-08 1.22561e-08
 1.11395e-08 9.75955e-09 8.17665e-09 6.44568e-09 4.61275e-09 2.71781e-09
 7.92598e-10-1.13432e-09-3.02281e-09-4.81961e-09-6.47987e-09-7.99215e-09
-9.38517e-09-1.07120e-08-1.20223e-08-1.33395e-08-1.46516e-08-1.59161e-08
-1.70577e-08-1.79493e-08-1.84166e-08-1.82975e-08-1.75204e-08-1.61387e-08
-1.43050e-08-1.22075e-08-1.00131e-08-7.85319e-09-5.83441e-09-4.03139e-09
-2.44543e-09-9.75480e-10 5.43027e-10 2.24338e-09 4.14960e-09 6.16113e-09
 8.08957e-09 9.70685e-09 1.07634e-08 1.09842e-08 1.01015e-08 7.95186e-09
 4.59072e-09 3.52302e-10-4.18343e-09-8.29158e-09-1.12245e-08-1.23291e-08
-1.11550e-08-7.56270e-09-1.82498e-09 5.34545e-09 1.29005e-08 1.96678e-08
 2.45934e-08 2.69465e-08 2.64368e-08 2.32379e-08 1.79423e-08 1.14539e-08
 4.81666e-09-9.95594e-10-5.27442e-09-7.69816e-09-8.34721e-09-7.62250e-09
-6.10090e-09-4.37343e-09-2.91136e-09-1.97936e-09-1.60111e-09-1.59371e-09
-1.66813e-09-1.55786e-09-1.13665e-09-4.85184e-10 1.34346e-10 3.85046e-10
-1.26038e-11-1.16636e-09-2.94740e-09-5.00833e-09-6.88015e-09-8.10859e-09
-8.39038e-09-7.66933e-09-6.15339e-09-4.24396e-09-2.40264e-09-9.99701e-10
-1.98539e-10 8.15050e-11 1.14484e-10 2.52708e-10 7.88665e-10 1.83991e-09
 3.29697e-09 4.85452e-09 6.11078e-09 6.69563e-09 6.39078e-09 5.21009e-09
 3.40552e-09 1.38964e-09-3.93330e-10-1.60013e-09-2.08165e-09-1.90563e-09
-1.30669e-09-5.88618e-10-1.43741e-11 2.73111e-10 2.66959e-10 5.54251e-11
-2.45802e-10-5.58723e-10-8.70768e-10-1.19730e-09-1.49513e-09-1.58153e-09
-1.11009e-09-3.40911e-10
     0.0000e+00     0.0000e+00      0  0  0.00
     512   1.00000  0.0000e+00
 1.05539e-09 6.09931e-10 9.79414e-11-3.96262e-10-7.87775e-10-1.01327e-09
-1.04631e-09-9.01123e-10-6.25186e-10-2.84871e-10 5.00157e-11 3.17922e-10
 4.73157e-10 4.89651e-10 3.61022e-10 1.00883e-10-2.54416e-10-6.45508e-10
-9.96556e-10-1.22786e-09-1.27309e-09-1.09840e-09-7.17314e-10-1.94668e-10
 3.64794e-10 8.42172e-10 1.13518e-09 1.18338e-09 9.82131e-10 5.82208e-10
 7.44076e-11-4.34862e-10-8.47784e-10-1.09231e-09-1.13057e-09-9.60294e-10
-6.11581e-10-1.40980e-10 3.74702e-10 8.44840e-10 1.17599e-09 1.29030e-09
 1.14678e-09 7.56803e-10 1.88026e-10-4.45588e-10-1.00731e-09-1.37054e-09
-1.45174e-09-1.23169e-09-7.57228e-10-1.25072e-10 5.42930e-10 1.12547e-09
 1.52358e-09 1.67382e-09 1.55223e-09 1.17465e-09 5.97796e-10-8.32140e-11
-7.46049e-10-1.26121e-09-1.51710e-09-1.44691e-09-1.05113e-09-4.04796e-10
 3.57469e-10 1.07430e-09 1.59614e-09 1.81743e-09 1.69540e-09 1.25415e-09
 5.75547e-10-2.18807e-10-9.88395e-10-1.59298e-09-1.91254e-09-1.87172e-09
-1.46399e-09-7.64159e-10 7.76978e-11 8.61191e-10 1.37865e-09 1.46871e-09
 1.06196e-09 2.01278e-10-9.66049e-10-2.21823e-09-3.30378e-09-3.99276e-09
-4.12262e-09-3.62910e-09-2.56097e-09-1.08006e-09 5.55934e-10 2.03393e-09
 3.04988e-09 3.38373e-09 2.96093e-09 1.88054e-09 4.03181e-10-1.10036e-09
-2.23090e-09-2.65003e-09-2.15116e-09-7.01059e-10 1.54765e-09 4.27456e-09
 7.04135e-09 9.36517e-09 1.08038e-08 1.10444e-08 9.98395e-09 7.77614e-09
 4.82170e-09 1.70073e-09-9.36177e-10-2.49442e-09-2.55915e-09-9.97679e-10
 1.97874e-09 5.80887e-09 9.63576e-09 1.24181e-08 1.30980e-08 1.08149e-08
 5.12947e-09-3.80275e-09-1.51566e-08-2.74915e-08-3.89447e-08-4.75513e-08
-5.16408e-08-5.02426e-08-4.34109e-08-3.23244e-08-1.90154e-08-5.75895e-09
 5.61273e-09 1.41774e-08 2.00286e-08 2.40224e-08 2.72699e-08 3.05691e-08
 3.40059e-08 3.68967e-08 3.81087e-08 3.66178e-08 3.20247e-08 2.47616e-08
 1.59353e-08 6.96606e-09-7.90085e-10-6.33786e-09-9.20342e-09-9.43411e-09
-7.46485e-09-3.91925e-09 5.71552e-10 5.45935e-09 1.02491e-08 1.43784e-08
 1.70771e-08 1.72896e-08 1.37335e-08 5.13213e-09-9.38996e-09-2.98190e-08
-5.47761e-08-8.11645e-08-1.04036e-07-1.16797e-07-1.11869e-07-8.23271e-08
-2.65332e-08 4.55289e-08 1.13690e-07 1.58933e-07 1.70874e-07 1.46970e-07
 9.29830e-08 2.41535e-08-3.90593e-08-7.78916e-08-8.22809e-08-5.81737e-08
-2.75168e-08-1.43507e-08-2.67972e-08-5.14846e-08-6.58828e-08-5.77257e-08
-3.29167e-08-5.35496e-09 1.70122e-08 3.38860e-08 4.59683e-08 5.57660e-08
 7.54598e-08 1.19436e-07 1.78117e-07 2.15010e-07 2.02096e-07 1.37095e-07
 2.51312e-08-1.23565e-07-2.81047e-07-4.08767e-07-4.69022e-07-4.30469e-07
-2.83668e-07-5.58802e-08 1.93345e-07 3.89853e-07 4.68829e-07 4.04094e-07
 2.27501e-07 1.98007e-08-1.26091e-07-1.54825e-07-8.58832e-08-3.39180e-09
 1.02396e-08-5.08119e-08-1.09114e-07-9.01221e-08-1.25690e-08 3.71411e-08
 2.16981e-08-6.08924e-09 2.89519e-09 2.34969e-08 1.88200e-08 5.24281e-09
 5.89182e-09 6.45796e-09-2.16586e-09-4.32649e-09-8.93186e-11-1.97118e-09
-3.48644e-09 8.94205e-10 1.73682e-09 1.59360e-10 2.36003e-09 2.49261e-09
 4.54025e-11 3.06644e-10-4.30695e-10-2.64907e-09-2.34040e-09-2.41732e-09
-2.97140e-09-1.43883e-09-5.67148e-10 7.08831e-11 1.77718e-09 2.21819e-09
 2.45064e-09 2.79706e-09 1.83055e-09 1.03535e-09 8.18526e-11-1.31605e-09
-1.91030e-09-2.43579e-09-2.48816e-09-1.79457e-09-1.12531e-09-3.64494e-11
 9.59721e-10 1.62921e-09 2.12628e-09 1.99384e-09 1.54900e-09 7.62414e-10
-2.59834e-10-1.16995e-09-1.93609e-09-2.26368e-09-2.16620e-09-1.66555e-09
-8.23682e-10 1.42035e-10 1.09233e-09 1.80692e-09 2.18168e-09 2.15632e-09
 1.73348e-09 1.00498e-09 1.08936e-10-7.49383e-10-1.38615e-09-1.66517e-09
-1.52932e-09-1.00207e-09-1.88764e-10 7.29709e-10 1.55037e-09 2.10583e-09
 2.28228e-09 2.01210e-09 1.30537e-09 2.75702e-10-8.95584e-10-2.01263e-09
-2.88687e-09-3.36663e-09-3.39264e-09-3.00826e-09-2.31879e-09-1.47657e-09
-6.74373e-10-9.45671e-11 1.37462e-10-3.49777e-11-5.85467e-10-1.40088e-09
-2.31679e-09-3.14594e-09-3.68367e-09-3.75598e-09-3.29791e-09-2.36260e-09
-1.07058e-09 4.22585e-10 1.94900e-09 3.35118e-09 4.47327e-09 5.17283e-09
 5.40920e-09 5.30712e-09 5.08743e-09 4.94499e-09 4.99979e-09 5.30950e-09
 5.89614e-09 6.77446e-09 7.91875e-09 9.16520e-09 1.02042e-08 1.07262e-08
 1.05721e-08 9.75340e-09 8.36233e-09 6.49237e-09 4.24716e-09 1.80117e-09
-5.71425e-10-2.56271e-09-3.98398e-09-4.86390e-09-5.38367e-09-5.73827e-09
-6.05326e-09-6.39952e-09-6.87030e-09-7.59929e-09-8.66052e-09-9.96936e-09
-1.12954e-08-1.23637e-08-1.29715e-08-1.30415e-08-1.25791e-08-1.16075e-08
-1.01668e-08-8.36473e-09-6.41226e-09-4.57976e-09-3.08872e-09-2.03352e-09
-1.37813e-09-9.99571e-10-7.52398e-10-5.02992e-10-1.06010e-10 5.95398e-10
 1.71059e-09 3.25225e-09 5.11133e-09 7.05934e-09 8.82322e-09 1.01777e-08
 1.09693e-08 1.11107e-08 1.05886e-08 9.46309e-09 7.87140e-09 6.03950e-09
 4.23702e-09 2.68147e-09 1.48003e-09 6.33908e-10 6.69858e-11-3.44822e-10
-7.52518e-10-1.32174e-09-2.20995e-09-3.50839e-09-5.17362e-09-7.03068e-09
-8.85669e-09-1.04447e-08-1.16125e-08-1.22116e-08-1.21452e-08-1.13884e-08
-1.00346e-08-8.31528e-09-6.51373e-09-4.84531e-09-3.42941e-09-2.32593e-09
-1.55172e-09-1.07129e-09-7.72080e-10-4.41533e-10 1.79724e-10 1.26508e-09
 2.81772e-09 4.70771e-09 6.76888e-09 8.86349e-09 1.08673e-08 1.26212e-08
 1.39436e-08 1.47126e-08 1.49539e-08 1.48471e-08 1.46070e-08 1.43435e-08
 1.40503e-08 1.36828e-08 1.32070e-08 1.25946e-08 1.17767e-08 1.06127e-08
 8.95614e-09 6.76970e-09 4.16995e-09 1.38119e-09-1.35473e-09-3.84669e-09
-5.95796e-09-7.58424e-09-8.65929e-09-9.18293e-09-9.25179e-09-9.05330e-09
-8.78853e-09-8.58406e-09-8.47326e-09-8.43128e-09-8.42274e-09-8.43785e-09
-8.48430e-09-8.55191e-09-8.60318e-09-8.58195e-09-8.41344e-09-8.00653e-09
-7.26159e-09-6.08439e-09-4.42373e-09-2.32264e-09 4.79075e-11 2.39179e-09
 4.34485e-09 5.57396e-09 5.86685e-09 5.18877e-09 3.70774e-09 1.77329e-09
-1.51113e-10-1.58476e-09-2.14878e-09-1.67527e-09-2.58995e-10 1.75669e-09
 3.85920e-09 5.50816e-09 6.28285e-09 5.97815e-09 4.64560e-09 2.57629e-09
 2.17791e-10-1.94306e-09-3.49545e-09-4.19756e-09-4.01527e-09-3.09605e-09
-1.70603e-09-1.54013e-10 1.28188e-09 2.39818e-09 3.07343e-09 3.25815e-09
 2.96321e-09 2.25339e-09 1.24647e-09 1.10627e-10-9.48100e-10-1.71737e-09
-2.03350e-09-1.84105e-09-1.22878e-09-4.24300e-10 2.68134e-10 5.85707e-10
 4.45099e-10 1.32630e-10
     0.0000e+00     0.0000e+00      0  0  0.00
     512   1.00000  0.0000e+00
-4.49994e-10-6.42223e-10-8.42016e-10-1.02166e-09-1.14502e-09-1.17865e-09
-1.10428e-09-9.25792e-10-6.69338e-10-3.76577e-10-9.14090e-11 1.53609e-10
 3.44395e-10 4.85056e-10 5.92338e-10 6.86712e-10 7.82430e-10 8.80130e-10
 9.66731e-10 1.02419e-09 1.03997e-09 1.01000e-09 9.35254e-10 8.18516e-10
 6.62864e-10 4.69688e-10 2.36892e-10-3.86380e-11-3.52897e-10-6.86917e-10
-1.00640e-09-1.26851e-09-1.43215e-09-1.46970e-09-1.37610e-09-1.16958e-09
-8.84465e-10-5.62227e-10-2.44715e-10 3.26606e-11 2.48514e-10 3.97327e-10
 4.82227e-10 5.07917e-10 4.83370e-10 4.29676e-10 3.80947e-10 3.74760e-10
 4.39801e-10 5.87146e-10 8.04027e-10 1.05017e-09 1.26222e-09 1.36855e-09
 1.30848e-09 1.04896e-09 5.95251e-10-6.35111e-12-6.76064e-10-1.31531e-09
-1.81936e-09-2.08554e-09-2.02652e-09-1.59359e-09-7.98697e-10 2.79838e-10
 1.50746e-09 2.70930e-09 3.69195e-09 4.27830e-09 4.34834e-09 3.86606e-09
 2.88186e-09 1.51770e-09-5.45194e-11-1.64031e-09-3.05551e-09-4.15753e-09
-4.86687e-09-5.17755e-09-5.15469e-09-4.91454e-09-4.59020e-09-4.29836e-09
-4.11810e-09-4.07891e-09-4.15387e-09-4.26868e-09-4.33359e-09-4.28043e-09
-4.07874e-09-3.72988e-09-3.25912e-09-2.71214e-09-2.14141e-09-1.57767e-09
-1.00566e-09-3.62371e-10 4.46330e-10 1.52304e-09 2.95430e-09 4.78590e-09
 7.00634e-09 9.54446e-09 1.22772e-08 1.50441e-08 1.76733e-08 2.00149e-08
 2.19626e-08 2.34549e-08 2.44686e-08 2.50237e-08 2.51844e-08 2.50371e-08
 2.46538e-08 2.40709e-08 2.32859e-08 2.22456e-08 2.08180e-08 1.87749e-08
 1.58063e-08 1.15547e-08 5.65674e-09-2.20089e-09-1.22022e-08-2.43194e-08
-3.82564e-08-5.34289e-08-6.89776e-08-8.38227e-08-9.67620e-08-1.06596e-07
-1.12257e-07-1.12936e-07-1.08187e-07-9.79915e-08-8.27294e-08-6.31008e-08
-4.00650e-08-1.48144e-08 1.12578e-08 3.66268e-08 5.97444e-08 7.91901e-08
 9.38693e-08 1.03204e-07 1.07211e-07 1.06420e-07 1.01678e-07 9.39450e-08
 8.41260e-08 7.29536e-08 6.09358e-08 4.83983e-08 3.56033e-08 2.29033e-08
 1.09074e-08 6.53005e-10-6.27854e-09-7.80838e-09-1.64003e-09 1.42138e-08
 4.06835e-08 7.67520e-08 1.18597e-07 1.59015e-07 1.87412e-07 1.90606e-07
 1.54697e-07 6.80812e-08-7.45775e-08-2.67958e-07-4.92097e-07-7.10112e-07
-8.70294e-07-9.17176e-07-8.12559e-07-5.54987e-07-1.83431e-07 2.32311e-07
 6.05901e-07 8.55662e-07 9.33361e-07 8.47325e-07 6.61801e-07 4.66716e-07
 3.31122e-07 2.67635e-07 2.36181e-07 1.89039e-07 1.19198e-07 6.62710e-08
 7.45154e-08 1.47184e-07 2.43123e-07 3.07466e-07 2.88630e-07 1.35521e-07
-1.75409e-07-5.95524e-07-1.02723e-06-1.39643e-06-1.66624e-06-1.79638e-06
-1.73384e-06-1.44124e-06-9.18280e-07-2.12881e-07 5.74427e-07 1.31031e-06
 1.86433e-06 2.13772e-06 2.08686e-06 1.74217e-06 1.20247e-06 5.97536e-07
 4.50623e-08-3.76647e-07-6.38354e-07-7.47637e-07-7.27861e-07-6.14351e-07
-4.60471e-07-3.26362e-07-2.42286e-07-1.82320e-07-1.00789e-07-2.54841e-09
 5.62472e-08 5.16260e-08 3.00548e-08 3.33428e-08 4.09586e-08 2.71804e-08
 1.16354e-08 1.08995e-08 8.03887e-09-1.27925e-09-1.83705e-09 1.42519e-09
-1.80770e-09-2.25752e-09 1.82224e-09 1.16294e-09 5.84939e-10 3.76257e-09
 3.74296e-09 3.31939e-09 5.91474e-09 6.21118e-09 6.27308e-09 8.45797e-09
 8.56630e-09 8.63243e-09 9.79093e-09 8.95470e-09 8.41798e-09 8.18878e-09
 6.45006e-09 5.45445e-09 4.24143e-09 2.27249e-09 1.16764e-09-4.15745e-10
-1.89227e-09-2.70735e-09-3.87784e-09-4.40739e-09-4.71568e-09-4.99650e-09
-4.67476e-09-4.45557e-09-3.96047e-09-3.32101e-09-2.75587e-09-1.92563e-09
-1.16218e-09-2.76239e-10 6.39535e-10 1.48206e-09 2.35750e-09 3.10192e-09
 3.79756e-09 4.37742e-09 4.82929e-09 5.13230e-09 5.19659e-09 5.03684e-09
 4.63513e-09 4.02910e-09 3.24765e-09 2.34247e-09 1.36763e-09 3.38693e-10
-7.28438e-10-1.80630e-09-2.84614e-09-3.80843e-09-4.66125e-09-5.37712e-09
-5.93970e-09-6.34525e-09-6.59537e-09-6.68891e-09-6.61822e-09-6.36238e-09
-5.89761e-09-5.22227e-09-4.35342e-09-3.30430e-09-2.10008e-09-8.04417e-10
 5.03540e-10 1.76168e-09 2.91684e-09 3.91628e-09 4.71858e-09 5.28719e-09
 5.58777e-09 5.62310e-09 5.43648e-09 5.04807e-09 4.42821e-09 3.55297e-09
 2.44453e-09 1.15611e-09-2.49870e-10-1.72786e-09-3.27085e-09-4.86820e-09
-6.43437e-09-7.83018e-09-8.96607e-09-9.84137e-09-1.04709e-08-1.07986e-08
-1.06942e-08-1.00397e-08-8.83050e-09-7.17100e-09-5.16353e-09-2.83028e-09
-1.54148e-10 2.81774e-09 5.91066e-09 8.87779e-09 1.15514e-08 1.39323e-08
 1.61012e-08 1.80532e-08 1.96633e-08 2.08164e-08 2.15228e-08 2.18837e-08
 2.19722e-08 2.17559e-08 2.11191e-08 1.99715e-08 1.83434e-08 1.63659e-08
 1.41557e-08 1.17395e-08 9.10374e-09 6.30144e-09 3.47632e-09 7.80142e-10
-1.71891e-09-4.04746e-09-6.26608e-09-8.40531e-09-1.04476e-08-1.23594e-08
-1.41421e-08-1.58381e-08-1.74811e-08-1.90576e-08-2.05240e-08-2.18377e-08
-2.29736e-08-2.39304e-08-2.47123e-08-2.53063e-08-2.56993e-08-2.59109e-08
-2.59808e-08-2.59346e-08-2.57697e-08-2.54476e-08-2.48893e-08-2.39894e-08
-2.26301e-08-2.06967e-08-1.81120e-08-1.48758e-08-1.10793e-08-6.88665e-09
-2.48451e-09 1.96698e-09 6.34174e-09 1.05334e-08 1.44725e-08 1.81551e-08
 2.16234e-08 2.49071e-08 2.79779e-08 3.07344e-08 3.30281e-08 3.47255e-08
 3.57393e-08 3.59860e-08 3.53551e-08 3.37735e-08 3.13100e-08 2.82042e-08
 2.47910e-08 2.13776e-08 1.81538e-08 1.52008e-08 1.25726e-08 1.03259e-08
 8.43828e-09 6.71653e-09 4.82870e-09 2.46474e-09-4.96420e-10-3.93590e-09
-7.56760e-09-1.10370e-08-1.39530e-08-1.58622e-08-1.62814e-08-1.48671e-08
-1.16265e-08-7.00451e-09-1.79499e-09 3.04255e-09 6.55972e-09 7.93836e-09
 6.58117e-09 2.24094e-09-4.82341e-09-1.37805e-08-2.33470e-08-3.20639e-08
-3.86043e-08-4.20107e-08-4.18259e-08-3.81286e-08-3.15039e-08-2.29568e-08
-1.37379e-08-5.08583e-09 2.03187e-09 7.08031e-09 9.98775e-09 1.10641e-08
 1.08502e-08 9.95452e-09 8.91493e-09 8.09506e-09 7.62608e-09 7.42511e-09
 7.28328e-09 6.98136e-09 6.40398e-09 5.61431e-09 4.83826e-09 4.36796e-09
 4.44972e-09 5.19441e-09 6.52220e-09 8.16619e-09 9.73902e-09 1.08333e-08
 1.11314e-08 1.04980e-08 9.01870e-09 6.96456e-09 4.70304e-09 2.58057e-09
 8.15715e-10-5.50237e-10-1.62762e-09-2.60356e-09-3.64840e-09-4.82698e-09
-6.05340e-09-7.11787e-09-7.76409e-09-7.77723e-09-7.06360e-09-5.70513e-09
-3.95742e-09-2.17982e-09-7.25995e-10 1.59435e-10 3.99811e-10 8.59950e-11
-5.69393e-10-1.30211e-09-1.87237e-09-2.11716e-09-1.95797e-09-1.38114e-09
-4.18467e-10 8.65524e-10 2.36470e-09 3.87365e-09 5.00106e-09 5.12580e-09
 3.45211e-09 1.02939e-09
     0.0000e+00     0.0000e+00      0  0  0.00
     512   1.00000  0.0000e+00
-8.96499e-10-8.60024e-10-7.38328e-10-5.46641e-10-3.20019e-10-1.09829e-10
 2.68440e-11 4.35090e-11-7.83858e-11-3.17747e-10-6.14308e-10-8.83568e-10
-1.04181e-09-1.03238e-09-8.43221e-10-5.08699e-10-9.59766e-11 3.16336e-10
 6.59387e-10 8.89869e-10 9.96793e-10 9.97661e-10 9.26064e-10 8.17264e-10
 6.99642e-10 5.94504e-10 5.19546e-10 4.90102e-10 5.16112e-10 5.96220e-10
 7.11862e-10 8.24835e-10 8.81577e-10 8.25664e-10 6.16284e-10 2.46815e-10
-2.44013e-10-7.75273e-10-1.24362e-09-1.55326e-09-1.64333e-09-1.50198e-09
-1.16523e-09-7.04451e-10-2.07725e-10 2.40622e-10 5.76226e-10 7.61553e-10
 7.84389e-10 6.55018e-10 4.07481e-10 1.02543e-10-1.75674e-10-3.35213e-10
-3.02483e-10-5.09687e-11 3.79298e-10 8.81748e-10 1.30559e-09 1.49424e-09
 1.32839e-09 7.61510e-10-1.62808e-10-1.31775e-09-2.52133e-09-3.57276e-09
-4.28456e-09-4.50799e-09-4.15628e-09-3.22655e-09-1.81288e-09-1.01166e-10
 1.65683e-09 3.18676e-09 4.24545e-09 4.67429e-09 4.43686e-09 3.62729e-09
 2.44560e-09 1.14889e-09-5.17544e-12-8.06698e-10-1.12392e-09-9.15188e-10
-2.27914e-10 8.12478e-10 2.02528e-09 3.20877e-09 4.17781e-09 4.79430e-09
 4.98624e-09 4.75656e-09 4.17929e-09 3.37852e-09 2.49371e-09 1.64616e-09
 9.19554e-10 3.54811e-10-5.00511e-11-3.40131e-10-6.01394e-10-9.51774e-10
-1.52480e-09-2.44725e-09-3.81230e-09-5.65080e-09-7.90594e-09-1.04202e-08
-1.29454e-08-1.51821e-08-1.68417e-08-1.77097e-08-1.76929e-08-1.68447e-08
-1.53692e-08-1.35963e-08-1.19206e-08-1.07096e-08-1.02078e-08-1.04609e-08
-1.12716e-08-1.21944e-08-1.25818e-08-1.16880e-08-8.81085e-09-3.43756e-09
 4.64246e-09 1.52683e-08 2.78828e-08 4.15521e-08 5.50354e-08 6.69065e-08
 7.57177e-08 8.01838e-08 7.93577e-08 7.27743e-08 6.05489e-08 4.34121e-08
 2.26644e-08 4.94857e-11-2.24348e-08-4.27537e-08-5.90644e-08-6.99373e-08
-7.45358e-08-7.27075e-08-6.49669e-08-5.23916e-08-3.64675e-08-1.89045e-08
-1.43445e-09 1.43885e-08 2.73578e-08 3.67367e-08 4.23271e-08 4.44749e-08
 4.40036e-08 4.20758e-08 4.00008e-08 3.90049e-08 3.99748e-08 4.31896e-08
 4.80772e-08 5.30527e-08 5.55077e-08 5.20163e-08 3.87944e-08 1.24082e-08
-2.93051e-08-8.61938e-08-1.54773e-07-2.27475e-07-2.92438e-07-3.34564e-07
-3.39324e-07-2.98590e-07-2.15130e-07-1.03571e-07 1.29756e-08 1.09188e-07
 1.64192e-07 1.68513e-07 1.29398e-07 6.94356e-08 1.66504e-08-9.41587e-09
-6.89240e-09 1.08302e-08 2.80497e-08 4.02758e-08 5.67388e-08 9.01944e-08
 1.45217e-07 2.17375e-07 3.01990e-07 3.99798e-07 5.13679e-07 6.41573e-07
 7.67462e-07 8.53300e-07 8.46877e-07 7.06747e-07 4.18025e-07-1.00887e-08
-5.43040e-07-1.11159e-06-1.61664e-06-1.95188e-06-2.02872e-06-1.80088e-06
-1.28741e-06-5.78993e-07 1.79408e-07 8.26486e-07 1.23373e-06 1.34707e-06
 1.20364e-06 9.11013e-07 5.94602e-07 3.42856e-07 1.77823e-07 6.77446e-08
-2.72980e-08-1.17242e-07-1.81347e-07-1.98575e-07-1.73684e-07-1.31808e-07
-9.51999e-08-7.01060e-08-5.14534e-08-3.38492e-08-1.78162e-08-7.52529e-09
-3.16876e-09-3.42835e-10 2.34939e-09 2.83894e-09 2.11512e-09 2.30866e-09
 1.83178e-09 2.83583e-11-9.87356e-10-1.75900e-09-3.41774e-09-4.33749e-09
-4.63588e-09-5.55627e-09-5.93374e-09-5.81333e-09-6.25046e-09-6.26613e-09
-5.99795e-09-6.22002e-09-6.03408e-09-5.71072e-09-5.62410e-09-4.96191e-09
-4.16545e-09-3.30392e-09-1.93136e-09-6.79117e-10 5.95445e-10 1.93530e-09
 2.84131e-09 3.61209e-09 4.03750e-09 4.03292e-09 3.90956e-09 3.48409e-09
 3.03661e-09 2.68294e-09 2.39920e-09 2.41365e-09 2.58075e-09 2.91059e-09
 3.30454e-09 3.58189e-09 3.72022e-09 3.56795e-09 3.12577e-09 2.39136e-09
 1.41172e-09 3.19135e-10-7.83443e-10-1.74211e-09-2.46032e-09-2.86794e-09
-2.95590e-09-2.78629e-09-2.45411e-09-2.07916e-09-1.76216e-09-1.58359e-09
-1.57881e-09-1.72960e-09-1.97817e-09-2.24372e-09-2.42541e-09-2.40737e-09
-2.09720e-09-1.46689e-09-5.59987e-10 5.33474e-10 1.69896e-09 2.81098e-09
 3.75028e-09 4.41969e-09 4.75770e-09 4.75272e-09 4.44826e-09 3.93269e-09
 3.31823e-09 2.71727e-09 2.21937e-09 1.87139e-09 1.67244e-09 1.58190e-09
 1.52587e-09 1.40922e-09 1.14193e-09 6.61740e-10-5.85905e-11-1.00663e-09
-2.12123e-09-3.29436e-09-4.39241e-09-5.28534e-09-5.87710e-09-6.12964e-09
-6.06141e-09-5.72620e-09-5.20132e-09-4.58799e-09-4.00595e-09-3.57399e-09
-3.37201e-09-3.40028e-09-3.57767e-09-3.79070e-09-3.94471e-09-3.96472e-09
-3.76956e-09-3.28366e-09-2.48597e-09-1.44359e-09-3.02355e-10 7.65090e-10
 1.61887e-09 2.17607e-09 2.40407e-09 2.30692e-09 1.92330e-09 1.34751e-09
 7.38065e-10 2.73065e-10 8.37874e-11 2.23296e-10 6.81092e-10 1.41366e-09
 2.35477e-09 3.40697e-09 4.44813e-09 5.36010e-09 6.06037e-09 6.52734e-09
 6.80251e-09 6.96039e-09 7.07618e-09 7.21444e-09 7.42252e-09 7.71678e-09
 8.06833e-09 8.39434e-09 8.56703e-09 8.44570e-09 7.90976e-09 6.87900e-09
 5.32950e-09 3.30368e-09 9.09647e-10-1.69074e-09-4.30481e-09-6.73623e-09
-8.80929e-09-1.03919e-08-1.14150e-08-1.18781e-08-1.18374e-08-1.13884e-08
-1.06413e-08-9.69470e-09-8.61947e-09-7.45181e-09-6.18532e-09-4.76817e-09
-3.12111e-09-1.17655e-09 1.08317e-09 3.60998e-09 6.29531e-09 8.98138e-09
 1.14712e-08 1.35409e-08 1.49662e-08 1.55670e-08 1.52600e-08 1.40828e-08
 1.21777e-08 9.75553e-09 7.06919e-09 4.39708e-09 2.01218e-09 1.28440e-10
-1.15883e-09-1.90534e-09-2.29618e-09-2.58325e-09-3.02374e-09-3.84397e-09
-5.21136e-09-7.18258e-09-9.64248e-09-1.22881e-08-1.46794e-08-1.63383e-08
-1.68629e-08-1.60128e-08-1.37534e-08-1.02848e-08-6.06394e-09-1.78102e-09
 1.74719e-09 3.75528e-09 3.71202e-09 1.44319e-09-2.81654e-09-8.43174e-09
-1.44376e-08-1.96753e-08-2.29888e-08-2.34626e-08-2.06310e-08-1.45939e-08
-6.01773e-09 3.97361e-09 1.40001e-08 2.26750e-08 2.88527e-08 3.18314e-08
 3.14713e-08 2.81953e-08 2.28680e-08 1.65838e-08 1.04215e-08 5.22613e-09
 1.46591e-09-8.07501e-10-1.89486e-09-2.30948e-09-2.59632e-09-3.15709e-09
-4.13909e-09-5.41718e-09-6.65825e-09-7.44695e-09-7.43778e-09-6.47813e-09
-4.66384e-09-2.31721e-09 1.07299e-10 2.15669e-09 3.50160e-09 4.01344e-09
 3.78106e-09 3.05946e-09 2.16709e-09 1.37389e-09 8.21393e-10 5.00079e-10
 2.91021e-10 5.13388e-11-2.99173e-10-7.29230e-10-1.10234e-09-1.23363e-09
-9.76953e-10-3.10201e-10 6.18359e-10 1.50981e-09 2.00315e-09 1.80388e-09
 8.00960e-10-8.74546e-10-2.86798e-09-4.69059e-09-5.85922e-09-6.04484e-09
-5.17672e-09-3.46528e-09-1.33579e-09 7.06074e-10 2.22931e-09 2.99592e-09
 3.00442e-09 2.45335e-09 1.64696e-09 8.80724e-10 3.46320e-10 8.60170e-11
 1.09334e-11 1.00104e-12
     0.0000e+00     0.0000e+00      0  0  0.00
     512   1.00000  0.0000e+00
 4.05455e-10 3.55000e-10 2.61614e-10 1.38175e-10 8.70056e-12-9.88752e-11
-1.63505e-10-1.78931e-10-1.55437e-10-1.15498e-10-8.40667e-11-7.74823e-11
-9.68439e-11-1.28385e-10-1.50372e-10-1.44009e-10-1.03257e-10-3.89290e-11
 2.52079e-11 6.37188e-11 6.23431e-11 2.43492e-11-3.18657e-11-8.08690e-11
-1.00988e-10-8.42403e-11-4.01521e-11 9.29177e-12 4.09619e-11 4.21202e-11
 1.63388e-11-1.91094e-11-4.28323e-11-4.06266e-11-1.24724e-11 2.85162e-11
 6.42423e-11 8.17222e-11 7.96447e-11 6.87100e-11 6.58042e-11 8.41027e-11
 1.23571e-10 1.68029e-10 1.92499e-10 1.77154e-10 1.18654e-10 3.23608e-11
-5.42311e-11-1.12846e-10-1.26272e-10-9.59278e-11-4.10176e-11 1.04659e-11
 3.36114e-11 1.50776e-11-4.51075e-11-1.38030e-10-2.53613e-10-3.86088e-10
-5.31857e-10-6.81055e-10-8.11048e-10-8.88393e-10-8.78822e-10-7.60552e-10
-5.35885e-10-2.36577e-10 8.10780e-11 3.52638e-10 5.27490e-10 5.84915e-10
 5.36288e-10 4.15505e-10 2.65626e-10 1.27859e-10 3.56604e-11 1.42098e-11
 8.20355e-11 2.49802e-10 5.14932e-10 8.56190e-10 1.23327e-09 1.59325e-09
 1.88381e-09 2.07044e-09 2.14958e-09 2.14730e-09 2.10197e-09 2.04156e-09
 1.97071e-09 1.87356e-09 1.72623e-09 1.50942e-09 1.21678e-09 8.57024e-10
 4.47533e-10 2.54546e-12-4.75616e-10-9.95584e-10-1.56876e-09-2.20191e-09
-2.89552e-09-3.64717e-09-4.45535e-09-5.31737e-09-6.21825e-09-7.11749e-09
-7.94715e-09-8.62829e-09-9.09794e-09-9.33084e-09-9.34689e-09-9.20397e-09
-8.97703e-09-8.72728e-09-8.47371e-09-8.18172e-09-7.77030e-09-7.12515e-09
-6.10772e-09-4.56425e-09-2.34405e-09 6.71618e-10 4.53773e-09 9.21865e-09
 1.45725e-08 2.03523e-08 2.62228e-08 3.17855e-08 3.66026e-08 4.02226e-08
 4.22140e-08 4.22123e-08 3.99762e-08 3.54439e-08 2.87683e-08 2.03110e-08
 1.05925e-08 2.24027e-10-1.01532e-08-1.99133e-08-2.84847e-08-3.53877e-08
-4.02668e-08-4.29158e-08-4.32979e-08-4.15543e-08-3.79838e-08-3.29958e-08
-2.70583e-08-2.06591e-08-1.42735e-08-8.33123e-09-3.18962e-09 8.81017e-10
 3.70431e-09 5.21304e-09 5.47744e-09 4.73800e-09 3.42682e-09 2.15941e-09
 1.67937e-09 2.75054e-09 6.00874e-09 1.17922e-08 1.99666e-08 2.97627e-08
 3.96633e-08 4.73922e-08 5.00597e-08 4.45300e-08 2.80181e-08-6.23817e-10
-3.76722e-08-7.23487e-08-9.23084e-08-9.16406e-08-7.08257e-08-3.39980e-08
 1.00645e-08 4.86840e-08 6.97002e-08 6.69717e-08 4.46191e-08 1.56041e-08
-6.19528e-09-1.46006e-08-1.36544e-08-1.17934e-08-1.24910e-08-1.05716e-08
 1.67865e-09 2.57605e-08 5.58107e-08 8.45221e-08 1.06002e-07 1.13113e-07
 9.87856e-08 6.19531e-08 5.51663e-09-7.08518e-08-1.65097e-07-2.60749e-07
-3.30678e-07-3.49331e-07-2.97240e-07-1.67163e-07 2.52982e-08 2.40617e-07
 4.24129e-07 5.19057e-07 4.85961e-07 3.24471e-07 8.24950e-08-1.57165e-07
-3.08852e-07-3.23849e-07-2.19881e-07-7.58770e-08 1.50500e-08 9.81769e-09
-5.00119e-08-7.50982e-08-1.98292e-08 6.43607e-08 8.94474e-08 4.29430e-08
-8.25926e-10 7.36897e-09 2.85532e-08 1.75099e-08-3.10054e-09-1.48807e-09
 4.01460e-09-3.85897e-09-6.58732e-09 2.61249e-10-7.49272e-10-4.82824e-09
-9.39589e-10 3.42470e-10-3.18626e-09-1.39677e-09 2.82929e-10-2.22669e-09
-1.14005e-09 4.72110e-10-1.19338e-09-2.34906e-10 9.66606e-10-3.12904e-10
 5.09659e-10 1.03587e-09-6.49628e-11 6.47370e-10 6.05139e-10-1.34625e-10
 5.43315e-10 1.58351e-10-1.53019e-10 2.85064e-10-2.52516e-10-1.51590e-10
 5.52614e-13-3.56002e-10-2.97341e-11-1.38951e-10-2.13454e-10-3.16938e-11
-2.49558e-10-1.09185e-10-1.03937e-10-1.39573e-10 1.15068e-11-3.47308e-11
 9.40089e-11 1.61968e-10 2.33995e-10 3.84029e-10 4.39573e-10 5.27102e-10
 5.15360e-10 4.78471e-10 4.30685e-10 3.53168e-10 2.90948e-10 2.08300e-10
 1.41350e-10 6.74039e-11-1.20743e-11-8.75396e-11-1.57793e-10-2.28464e-10
-3.29725e-10-4.69250e-10-6.40277e-10-8.26824e-10-1.01463e-09-1.18535e-09
-1.32490e-09-1.43460e-09-1.51813e-09-1.56959e-09-1.57775e-09-1.53367e-09
-1.43540e-09-1.29732e-09-1.13906e-09-9.57280e-10-7.33913e-10-4.66686e-10
-1.60953e-10 1.88777e-10 5.83179e-10 1.01260e-09 1.47849e-09 1.98601e-09
 2.52325e-09 3.08212e-09 3.66961e-09 4.27201e-09 4.85042e-09 5.37866e-09
 5.84810e-09 6.25194e-09 6.58847e-09 6.84786e-09 6.98570e-09 6.95335e-09
 6.75967e-09 6.45635e-09 6.06186e-09 5.53677e-09 4.82618e-09 3.90806e-09
 2.81292e-09 1.59040e-09 2.43437e-10-1.27901e-09-3.01235e-09-4.91887e-09
-6.88756e-09-8.78097e-09-1.05058e-08-1.20327e-08-1.33349e-08-1.43391e-08
-1.49624e-08-1.52000e-08-1.51533e-08-1.49486e-08-1.46459e-08-1.42367e-08
-1.36868e-08-1.29812e-08-1.21492e-08-1.12280e-08-1.02102e-08-9.05377e-09
-7.73371e-09-6.28418e-09-4.79209e-09-3.32903e-09-1.90959e-09-5.22212e-10
 8.37263e-10 2.15919e-09 3.43369e-09 4.68105e-09 5.95698e-09 7.31962e-09
 8.80000e-09 1.03947e-08 1.20732e-08 1.37923e-08 1.55099e-08 1.71817e-08
 1.87457e-08 2.01211e-08 2.12398e-08 2.20763e-08 2.26371e-08 2.29354e-08
 2.29888e-08 2.28141e-08 2.24095e-08 2.17584e-08 2.08352e-08 1.95798e-08
 1.79000e-08 1.57213e-08 1.30159e-08 9.81038e-09 6.20438e-09 2.35846e-09
-1.54125e-09-5.29192e-09-8.69995e-09-1.16502e-08-1.41292e-08-1.61754e-08
-1.78386e-08-1.91694e-08-2.02131e-08-2.10178e-08-2.16362e-08-2.20913e-08
-2.23488e-08-2.23543e-08-2.20978e-08-2.16264e-08-2.09941e-08-2.02170e-08
-1.92776e-08-1.81650e-08-1.69118e-08-1.55866e-08-1.42293e-08-1.28148e-08
-1.13077e-08-9.72682e-09-8.14819e-09-6.65403e-09-5.27331e-09-3.97082e-09
-2.68983e-09-1.38725e-09-2.89326e-11 1.44731e-09 3.15596e-09 5.21640e-09
 7.66962e-09 1.04455e-08 1.33815e-08 1.62649e-08 1.88801e-08 2.10192e-08
 2.24739e-08 2.30715e-08 2.27368e-08 2.15377e-08 1.96793e-08 1.74373e-08
 1.50862e-08 1.28678e-08 1.09670e-08 9.48315e-09 8.40105e-09 7.57733e-09
 6.77520e-09 5.75179e-09 4.34000e-09 2.49293e-09 2.99413e-10-2.03944e-09
-4.27121e-09-6.15741e-09-7.52732e-09-8.31898e-09-8.59247e-09-8.50718e-09
-8.27054e-09-8.06734e-09-7.99531e-09-8.04159e-09-8.09863e-09-8.00495e-09
-7.60850e-09-6.82853e-09-5.69099e-09-4.33219e-09-2.96172e-09-1.79829e-09
-1.00976e-09-6.63743e-10-6.99593e-10-9.50053e-10-1.20353e-09-1.27280e-09
-1.05462e-09-5.62710e-10 8.36424e-11 7.05904e-10 1.13150e-09 1.25948e-09
 1.09541e-09 7.42450e-10 3.62658e-10 1.21262e-10 1.25480e-10 3.85801e-10
 8.21723e-10 1.30432e-09 1.71587e-09 2.00384e-09 2.20367e-09 2.41866e-09
 2.76295e-09 3.28899e-09 3.93221e-09 4.49883e-09 4.70399e-09 4.25622e-09
 2.96988e-09 8.69140e-10-1.75183e-09-4.33318e-09-6.12356e-09-6.30882e-09
-4.17253e-09-1.22297e-09
     0.0000e+00     0.0000e+00      0  0  0.00
     512   1.00000  0.0000e+00
 1.14283e-09 1.05985e-09 8.86887e-10 6.51635e-10 3.98686e-10 1.82755e-10
 5.73314e-11 6.03821e-11 2.00794e-10 4.50305e-10 7.45897e-10 1.00497e-09
 1.14909e-09 1.12728e-09 9.29005e-10 5.81912e-10 1.38786e-10-3.36391e-10
-7.79226e-10-1.13473e-09-1.36706e-09-1.46584e-09-1.44442e-09-1.33145e-09
-1.16307e-09-9.79011e-10-8.17925e-10-7.08681e-10-6.61340e-10-6.64122e-10
-6.87967e-10-6.94407e-10-6.42506e-10-4.94971e-10-2.25845e-10 1.68791e-10
 6.59411e-10 1.17896e-09 1.63461e-09 1.93346e-09 2.00921e-09 1.83885e-09
 1.44763e-09 9.05054e-10 3.10575e-10-2.31897e-10-6.42148e-10-8.79819e-10
-9.42944e-10-8.57735e-10-6.71744e-10-4.52461e-10-2.82747e-10-2.44827e-10
-3.94269e-10-7.33750e-10-1.19895e-09-1.66522e-09-1.97498e-09-1.97796e-09
-1.57358e-09-7.45098e-10 4.25122e-10 1.76835e-09 3.06818e-09 4.10622e-09
 4.69613e-09 4.70589e-09 4.07991e-09 2.86262e-09 1.20832e-09-6.37283e-10
-2.38160e-09-3.74156e-09-4.49875e-09-4.54290e-09-3.89369e-09-2.69295e-09
-1.16831e-09 4.18775e-10 1.82264e-09 2.84877e-09 3.37300e-09 3.35067e-09
 2.82160e-09 1.90644e-09 7.82299e-10-3.63042e-10-1.37665e-09-2.16165e-09
-2.67358e-09-2.91084e-09-2.90938e-09-2.73498e-09-2.46859e-09-2.19312e-09
-1.98913e-09-1.93080e-09-2.06918e-09-2.40637e-09-2.88148e-09-3.38213e-09
-3.77382e-09-3.92771e-09-3.73618e-09-3.12334e-09-2.06394e-09-6.13053e-10
 1.07261e-09 2.74940e-09 4.14293e-09 5.02148e-09 5.25758e-09 4.86783e-09
 4.02949e-09 3.06217e-09 2.36324e-09 2.31545e-09 3.20874e-09 5.19749e-09
 8.27375e-09 1.22353e-08 1.66652e-08 2.09615e-08 2.44236e-08 2.63612e-08
 2.61835e-08 2.34597e-08 1.79706e-08 9.76296e-09-7.93438e-10-1.29601e-08
-2.56068e-08-3.72234e-08-4.60168e-08-5.01769e-08-4.83336e-08-4.00592e-08
-2.61799e-08-8.74125e-09 9.36277e-09 2.49769e-08 3.53431e-08 3.86869e-08
 3.45764e-08 2.39257e-08 8.63725e-09-8.95510e-09-2.65938e-08-4.24029e-08
-5.50068e-08-6.35515e-08-6.76770e-08-6.74663e-08-6.34016e-08-5.63314e-08
-4.74268e-08-3.80912e-08-2.98112e-08-2.39475e-08-2.14619e-08-2.25941e-08
-2.65315e-08-3.11501e-08-3.29309e-08-2.71633e-08-8.52072e-09 2.79719e-08
 8.56158e-08 1.64479e-07 2.59834e-07 3.60950e-07 4.50696e-07 5.06576e-07
 5.04693e-07 4.28695e-07 2.81130e-07 8.69108e-08-1.15029e-07-2.82443e-07
-3.78790e-07-3.84739e-07-3.09696e-07-1.93122e-07-8.76411e-08-3.16736e-08
-3.13324e-08-6.35677e-08-9.80375e-08-1.21896e-07-1.46510e-07-1.90357e-07
-2.57150e-07-3.34071e-07-4.10436e-07-4.92261e-07-5.97249e-07-7.34692e-07
-8.77083e-07-9.48299e-07-8.63919e-07-5.91715e-07-1.55578e-07 4.03859e-07
 1.03490e-06 1.65169e-06 2.14131e-06 2.39818e-06 2.34959e-06 1.97506e-06
 1.32292e-06 5.05160e-07-3.28051e-07-1.02645e-06-1.48269e-06-1.65769e-06
-1.58170e-06-1.33079e-06-9.88997e-07-6.26823e-07-2.98343e-07-4.46389e-08
 1.08997e-07 1.73423e-07 1.99282e-07 2.32854e-07 2.64557e-07 2.46210e-07
 1.72510e-07 1.03708e-07 8.10830e-08 7.30139e-08 4.45344e-08 1.77913e-08
 1.47182e-08 1.32205e-08 2.05635e-09 2.47154e-10 5.73999e-09 2.45409e-09
-5.81259e-11 5.10041e-09 5.25806e-09 3.11792e-09 6.94781e-09 7.91604e-09
 5.98962e-09 8.51642e-09 9.15014e-09 7.42030e-09 9.06419e-09 8.93750e-09
 7.28758e-09 8.22202e-09 7.29138e-09 5.79905e-09 6.04809e-09 4.33726e-09
 2.90913e-09 2.31324e-09 2.05188e-10-8.31990e-10-1.82930e-09-3.54839e-09
-4.07569e-09-5.03420e-09-5.68827e-09-5.57132e-09-5.89002e-09-5.49529e-09
-5.13669e-09-4.93167e-09-4.41560e-09-4.41033e-09-4.36014e-09-4.52511e-09
-4.85424e-09-4.92007e-09-4.94540e-09-4.56567e-09-3.93399e-09-3.05833e-09
-1.95070e-09-8.25414e-10 3.47659e-10 1.42818e-09 2.40965e-09 3.20045e-09
 3.71189e-09 3.95452e-09 3.96542e-09 3.86139e-09 3.73161e-09 3.67303e-09
 3.72402e-09 3.84510e-09 3.96271e-09 4.01944e-09 3.97245e-09 3.73726e-09
 3.21052e-09 2.34598e-09 1.18653e-09-1.87094e-10-1.69265e-09-3.22241e-09
-4.63252e-09-5.78550e-09-6.59772e-09-7.05431e-09-7.19853e-09-7.10680e-09
-6.86462e-09-6.55256e-09-6.22555e-09-5.89362e-09-5.54324e-09-5.16604e-09
-4.73007e-09-4.15562e-09-3.37063e-09-2.35689e-09-1.11552e-09 3.57583e-10
 2.03870e-09 3.86122e-09 5.73275e-09 7.53442e-09 9.13057e-09 1.04222e-08
 1.13827e-08 1.20359e-08 1.24218e-08 1.25859e-08 1.25989e-08 1.25809e-08
 1.26622e-08 1.28715e-08 1.30917e-08 1.31629e-08 1.29868e-08 1.25020e-08
 1.16160e-08 1.02141e-08 8.24409e-09 5.79341e-09 3.08005e-09 3.63274e-10
-2.14497e-09-4.31632e-09-6.08685e-09-7.41486e-09-8.28060e-09-8.74539e-09
-8.98862e-09-9.23996e-09-9.65278e-09-1.02540e-08-1.10094e-08-1.18910e-08
-1.28617e-08-1.38317e-08-1.46644e-08-1.52387e-08-1.55052e-08-1.54952e-08
-1.52935e-08-1.49860e-08-1.46146e-08-1.41912e-08-1.37309e-08-1.32368e-08
-1.26633e-08-1.19083e-08-1.08424e-08-9.36112e-09-7.40852e-09-4.95384e-09
-1.97988e-09 1.47929e-09 5.29603e-09 9.25894e-09 1.31259e-08 1.66666e-08
 1.96819e-08 2.20216e-08 2.35882e-08 2.43334e-08 2.42711e-08 2.34762e-08
 2.20453e-08 2.00546e-08 1.75575e-08 1.46060e-08 1.12532e-08 7.53494e-09
 3.45929e-09-9.68358e-10-5.69028e-09-1.05674e-08-1.54116e-08-2.00220e-08
-2.41765e-08-2.76148e-08-3.00525e-08-3.12435e-08-3.10803e-08-2.96479e-08
-2.71658e-08-2.38826e-08-2.00327e-08-1.58677e-08-1.16845e-08-7.78278e-09
-4.35852e-09-1.41912e-09 1.19742e-09 3.71380e-09 6.32933e-09 9.22287e-09
 1.25574e-08 1.64038e-08 2.06350e-08 2.48840e-08 2.86132e-08 3.12695e-08
 3.24305e-08 3.18719e-08 2.95723e-08 2.57251e-08 2.07973e-08 1.55646e-08
 1.09967e-08 8.01075e-09 7.23513e-09 8.87691e-09 1.26870e-08 1.79803e-08
 2.36914e-08 2.85012e-08 3.10625e-08 3.02910e-08 2.56358e-08 1.72191e-08
 5.81647e-09-7.27733e-09-2.04722e-08-3.21608e-08-4.09908e-08-4.60921e-08
-4.72157e-08-4.47337e-08-3.95037e-08-3.26479e-08-2.53086e-08-1.84292e-08
-1.26060e-08-8.04389e-09-4.61247e-09-1.96326e-09 3.11269e-10 2.51075e-09
 4.72372e-09 6.81759e-09 8.49871e-09 9.42253e-09 9.32326e-09 8.12061e-09
 5.97351e-09 3.26030e-09 4.83137e-10-1.86770e-09-3.43151e-09-4.04747e-09
-3.78024e-09-2.88772e-09-1.72180e-09-6.05329e-10 2.59356e-10 8.25200e-10
 1.16964e-09 1.41471e-09 1.64677e-09 1.87248e-09 2.02023e-09 1.98241e-09
 1.67809e-09 1.11289e-09 4.14297e-10-1.81459e-10-4.01744e-10-4.60815e-11
 9.27514e-10 2.37959e-09 4.01841e-09 5.46289e-09 6.33631e-09 6.37412e-09
 5.50942e-09 3.90082e-09 1.88865e-09-1.07951e-10-1.71787e-09-2.72139e-09
-3.09258e-09-2.97249e-09-2.59332e-09-2.17772e-09-1.83669e-09-1.50034e-09
-9.23330e-10-2.67343e-10
     0.0000e+00     0.0000e+00      0  0  0.00
     512   1.00000  0.0000e+00
-7.17319e-11 8.48366e-11 2.86461e-10 5.06043e-10 7.00522e-10 8.23410e-10
 8.42022e-10 7.50492e-10 5.73136e-10 3.56483e-10 1.51872e-10-4.17599e-12
-1.02413e-10-1.60641e-10-2.11704e-10-2.85592e-10-3.93566e-10-5.21282e-10
-6.34706e-10-6.96557e-10-6.84551e-10-6.01696e-10-4.74227e-10-3.38999e-10
-2.26263e-10-1.45692e-10-8.25043e-11-6.37571e-12 1.10627e-10 2.76712e-10
 4.73091e-10 6.59707e-10 7.90616e-10 8.32564e-10 7.78439e-10 6.48354e-10
 4.77946e-10 3.01574e-10 1.39795e-10-3.84875e-12-1.36598e-10-2.64302e-10
-3.80325e-10-4.63640e-10-4.89200e-10-4.44920e-10-3.44449e-10-2.27648e-10
-1.47795e-10-1.50702e-10-2.54010e-10-4.35682e-10-6.38330e-10-7.88546e-10
-8.21731e-10-7.00985e-10-4.24587e-10-2.28592e-11 4.52087e-10 9.37816e-10
 1.36767e-09 1.67106e-09 1.77579e-09 1.61996e-09 1.17213e-09 4.51437e-10
-4.60895e-10-1.42585e-09-2.27073e-09-2.82964e-09-2.98708e-09-2.70723e-09
-2.03869e-09-1.09659e-09-3.20244e-11 1.00057e-09 1.86994e-09 2.48397e-09
 2.79566e-09 2.80476e-09 2.55825e-09 2.14541e-09 1.68117e-09 1.27945e-09
 1.02380e-09 9.43986e-10 1.00693e-09 1.13066e-09 1.21958e-09 1.20473e-09
 1.06840e-09 8.43857e-10 5.95110e-10 3.87764e-10 2.62154e-10 2.18377e-10
 2.18256e-10 2.00516e-10 9.82904e-11-1.49101e-10-5.88280e-10-1.24234e-09
-2.10043e-09-3.11241e-09-4.19297e-09-5.23670e-09-6.14439e-09-6.85306e-09
-7.35291e-09-7.67914e-09-7.88501e-09-8.01413e-09-8.08430e-09-8.08607e-09
-7.99475e-09-7.78940e-09-7.46474e-09-7.02429e-09-6.45805e-09-5.72158e-09
-4.73049e-09-3.36979e-09-1.51097e-09 9.65959e-10 4.14505e-09 8.04581e-09
 1.25986e-08 1.76257e-08 2.28326e-08 2.78246e-08 3.21555e-08 3.53962e-08
 3.71987e-08 3.73393e-08 3.57317e-08 3.24096e-08 2.74879e-08 2.11354e-08
 1.35833e-08 5.15772e-09-3.70045e-09-1.24560e-08-2.05363e-08-2.74111e-08
-3.26760e-08-3.61183e-08-3.77359e-08-3.77012e-08-3.62929e-08-3.38242e-08
-3.05796e-08-2.67644e-08-2.24872e-08-1.78016e-08-1.27964e-08-7.69768e-09
-2.94568e-09 7.80793e-10 2.61309e-09 1.62107e-09-2.99157e-09-1.16426e-08
-2.40904e-08-3.91402e-08-5.44023e-08-6.62098e-08-6.98181e-08-5.99824e-08
-3.19658e-08 1.70550e-08 8.63343e-08 1.69960e-07 2.55685e-07 3.25158e-07
 3.57956e-07 3.38913e-07 2.63415e-07 1.39099e-07-1.39386e-08-1.66439e-07
-2.87724e-07-3.54833e-07-3.60413e-07-3.16370e-07-2.49436e-07-1.88469e-07
-1.49735e-07-1.29888e-07-1.13160e-07-8.84991e-08-6.18585e-08-5.18940e-08
-7.31372e-08-1.22791e-07-1.81999e-07-2.25452e-07-2.26796e-07-1.60210e-07
-9.55535e-09 2.16957e-07 4.87890e-07 7.68068e-07 1.02413e-06 1.20897e-06
 1.26222e-06 1.13409e-06 8.03891e-07 2.91297e-07-3.34011e-07-9.58615e-07
-1.45084e-06-1.69424e-06-1.62435e-06-1.25929e-06-7.04542e-07-1.21574e-07
 3.30376e-07 5.57646e-07 5.69487e-07 4.62067e-07 3.52610e-07 3.04118e-07
 2.94095e-07 2.55429e-07 1.56001e-07 3.68313e-08-3.48180e-08-4.19235e-08
-2.71827e-08-2.85487e-08-3.76353e-08-3.32236e-08-2.04479e-08-1.37236e-08
-1.05655e-08-4.95936e-09-1.43340e-09-1.75143e-09-8.52060e-10 7.60354e-10
 4.27218e-11-4.98639e-10 1.52462e-10-3.76392e-10-1.03356e-09-6.99762e-10
-1.10316e-09-1.81360e-09-1.94241e-09-2.66016e-09-3.55597e-09-3.93142e-09
-4.57153e-09-5.02644e-09-4.94496e-09-4.96518e-09-4.69224e-09-4.10330e-09
-3.61527e-09-2.85436e-09-2.00579e-09-1.25358e-09-3.60411e-10 3.86322e-10
 1.01544e-09 1.61523e-09 1.99915e-09 2.32783e-09 2.55237e-09 2.62230e-09
 2.62915e-09 2.46750e-09 2.20530e-09 1.86421e-09 1.44085e-09 1.01695e-09
 5.58385e-10 9.15970e-11-3.86608e-10-8.84285e-10-1.36167e-09-1.80511e-09
-2.16911e-09-2.44367e-09-2.63192e-09-2.73086e-09-2.74059e-09-2.64975e-09
-2.45374e-09-2.14322e-09-1.72246e-09-1.21700e-09-6.60705e-10-8.02958e-11
 5.08291e-10 1.08820e-09 1.64354e-09 2.16148e-09 2.63115e-09 3.04390e-09
 3.39441e-09 3.67869e-09 3.88770e-09 4.00103e-09 3.99006e-09 3.83427e-09
 3.53423e-09 3.10580e-09 2.56785e-09 1.94220e-09 1.25410e-09 5.24590e-10
-2.28409e-10-9.78214e-10-1.68839e-09-2.32587e-09-2.87060e-09-3.31491e-09
-3.65802e-09-3.89827e-09-4.02743e-09-4.03179e-09-3.90068e-09-3.64000e-09
-3.27390e-09-2.82130e-09-2.27591e-09-1.62067e-09-8.58473e-10-2.36832e-11
 8.31004e-10 1.65328e-09 2.40531e-09 3.06709e-09 3.61887e-09 4.02318e-09
 4.24033e-09 4.26100e-09 4.11351e-09 3.84022e-09 3.46691e-09 2.99163e-09
 2.40334e-09 1.70680e-09 9.25848e-10 8.99785e-11-7.82841e-10-1.69323e-09
-2.63776e-09-3.57836e-09-4.44660e-09-5.17526e-09-5.72449e-09-6.08721e-09
-6.27009e-09-6.27162e-09-6.08281e-09-5.70506e-09-5.16988e-09-4.53765e-09
-3.86125e-09-3.15705e-09-2.41601e-09-1.62696e-09-7.96206e-10 4.42650e-11
 8.58534e-10 1.63022e-09 2.35611e-09 3.02715e-09 3.61481e-09 4.07555e-09
 4.38004e-09 4.53562e-09 4.57388e-09 4.52495e-09 4.40744e-09 4.23493e-09
 4.02962e-09 3.83241e-09 3.69352e-09 3.64502e-09 3.68244e-09 3.77399e-09
 3.88462e-09 3.98905e-09 4.06785e-09 4.10469e-09 4.08913e-09 4.01692e-09
 3.89558e-09 3.74859e-09 3.59750e-09 3.43913e-09 3.24506e-09 2.97179e-09
 2.56853e-09 1.99354e-09 1.22961e-09 2.79948e-10-8.41766e-10-2.11079e-09
-3.48832e-09-4.91764e-09-6.31945e-09-7.59963e-09-8.66907e-09-9.45944e-09
-9.92436e-09-1.00286e-08-9.74485e-09-9.07177e-09-8.05509e-09-6.78977e-09
-5.40155e-09-4.01888e-09-2.75449e-09-1.70230e-09-9.27763e-10-4.41207e-10
-1.69842e-10 4.51150e-11 4.03457e-10 1.07342e-09 2.13985e-09 3.58241e-09
 5.26985e-09 6.96746e-09 8.35148e-09 9.04192e-09 8.67704e-09 7.01536e-09
 4.02931e-09-4.14145e-11-4.70180e-09-9.27286e-09-1.29977e-08-1.51686e-08
-1.52547e-08-1.30136e-08-8.58079e-09-2.49526e-09 4.37597e-09 1.09943e-08
 1.63459e-08 1.96347e-08 2.04231e-08 1.86999e-08 1.48807e-08 9.72975e-09
 4.20129e-09-7.62251e-10-4.43002e-09-6.42641e-09-6.77581e-09-5.84341e-09
-4.19752e-09-2.43695e-09-1.03859e-09-2.58940e-10-9.82042e-11-3.37889e-10
-6.47716e-10-7.22326e-10-4.03014e-10 2.55177e-10 1.00394e-09 1.49870e-09
 1.42485e-09 6.16128e-10-8.69652e-10-2.75277e-09-4.60919e-09-5.99130e-09
-6.56015e-09-6.19040e-09-5.00836e-09-3.34858e-09-1.64170e-09-2.70991e-10
 5.48161e-10 8.24634e-10 7.68375e-10 6.95643e-10 8.97386e-10 1.52167e-09
 2.51223e-09 3.62520e-09 4.51819e-09 4.87546e-09 4.52477e-09 3.50783e-09
 2.07226e-09 5.83588e-10-6.03631e-10-1.26492e-09-1.37440e-09-1.09528e-09
-6.97869e-10-4.42875e-10-4.76036e-10-7.76081e-10-1.17959e-09-1.46697e-09
-1.46841e-09-1.14761e-09-6.24344e-10-1.16658e-10 1.74400e-10 1.86028e-10
 6.80459e-11 4.93888e-12
     0.0000e+00     0.0000e+00      0  0  0.00
     512   1.00000  0.0000e+00
 8.17282e-11 1.97406e-10 2.78973e-10 3.09231e-10 2.87621e-10 2.35295e-10
 1.90897e-10 1.97156e-10 2.82677e-10 4.46441e-10 6.52955e-10 8.41510e-10
 9.46442e-10 9.20942e-10 7.55113e-10 4.80124e-10 1.56472e-10-1.47855e-10
-3.80022e-10-5.17435e-10-5.70034e-10-5.69643e-10-5.51864e-10-5.39729e-10
-5.37224e-10-5.34706e-10-5.20964e-10-4.93797e-10-4.63091e-10-4.44423e-10
-4.46388e-10-4.59110e-10-4.51669e-10-3.81769e-10-2.14476e-10 5.82705e-11
 4.06712e-10 7.67205e-10 1.06105e-09 1.22087e-09 1.21280e-09 1.04512e-09
 7.61291e-10 4.22796e-10 9.00207e-11-1.91751e-10-3.97338e-10-5.17917e-10
-5.53697e-10-5.10219e-10-4.01718e-10-2.57906e-10-1.26480e-10-6.56521e-11
-1.26346e-10-3.29372e-10-6.47473e-10-1.00247e-09-1.28179e-09-1.36971e-09
-1.18260e-09-6.96409e-10 4.25066e-11 9.26544e-10 1.81169e-09 2.54762e-09
 3.00314e-09 3.08359e-09 2.74294e-09 1.99378e-09 9.13944e-10-3.54862e-10
-1.62121e-09-2.67306e-09-3.31964e-09-3.43732e-09-3.00413e-09-2.10859e-09
-9.28342e-10 3.14316e-10 1.40496e-09 2.18069e-09 2.55312e-09 2.50975e-09
 2.10127e-09 1.42452e-09 6.05203e-10-2.20218e-10-9.24369e-10-1.40963e-09
-1.62653e-09-1.58472e-09-1.34967e-09-1.02197e-09-7.05038e-10-4.76287e-10
-3.74785e-10-4.06989e-10-5.60884e-10-8.16828e-10-1.14836e-09-1.51378e-09
-1.84676e-09-2.05734e-09-2.05021e-09-1.75568e-09-1.16053e-09-3.24616e-10
 6.24477e-10 1.51816e-09 2.18589e-09 2.49337e-09 2.37082e-09 1.83152e-09
 9.82968e-10 2.60898e-11-7.68464e-10-1.11170e-09-7.66503e-10 3.82292e-10
 2.27852e-09 4.68296e-09 7.20827e-09 9.39486e-09 1.08055e-08 1.11115e-08
 1.01546e-08 7.97929e-09 4.83896e-09 1.17199e-09-2.45780e-09-5.45864e-09
-7.33942e-09-7.84439e-09-7.04495e-09-5.32821e-09-3.26276e-09-1.39885e-09
-9.74127e-11 5.42991e-10 6.43839e-10 4.19351e-10 2.61969e-11-5.44043e-10
-1.48739e-09-3.11699e-09-5.72133e-09-9.40184e-09-1.39654e-08-1.89288e-08
-2.36263e-08-2.73634e-08-2.95682e-08-2.99145e-08-2.83969e-08-2.53463e-08
-2.13751e-08-1.72648e-08-1.38181e-08-1.16945e-08-1.12426e-08-1.23399e-08
-1.42676e-08-1.56620e-08-1.45897e-08-8.77995e-09 3.98247e-09 2.53277e-08
 5.56896e-08 9.36930e-08 1.35648e-07 1.75324e-07 2.04137e-07 2.12489e-07
 1.93530e-07 1.47002e-07 7.94463e-08 2.88260e-09-6.68840e-08-1.14578e-07
-1.30602e-07-1.14875e-07-7.77466e-08-3.59103e-08-5.21602e-09 6.20077e-09
 1.36096e-09-9.08126e-09-1.60564e-08-1.95436e-08-2.79141e-08-5.05319e-08
-9.14059e-08-1.49576e-07-2.23213e-07-3.10457e-07-4.06550e-07-5.03189e-07
-5.89655e-07-6.47702e-07-6.44403e-07-5.39414e-07-3.05423e-07 5.74102e-08
 5.17831e-07 1.01238e-06 1.45056e-06 1.73239e-06 1.77242e-06 1.52541e-06
 1.00984e-06 3.16715e-07-4.06706e-07-9.96172e-07-1.32199e-06-1.33607e-06
-1.09243e-06-7.24054e-07-3.80935e-07-1.59292e-07-6.14355e-08-1.58180e-08
 5.17130e-08 1.51153e-07 2.26952e-07 2.26329e-07 1.63477e-07 1.01672e-07
 7.72693e-08 6.91673e-08 4.87522e-08 2.36077e-08 1.19436e-08 8.73806e-09
 2.98598e-09-1.08847e-09-2.98630e-11-3.34031e-10-2.55515e-09-1.83162e-09
-5.10417e-10-1.06017e-09-2.68911e-10 1.41019e-09 1.55161e-09 2.13720e-09
 3.38170e-09 3.43014e-09 3.64970e-09 4.31588e-09 4.08620e-09 4.02545e-09
 4.22681e-09 3.80053e-09 3.65458e-09 3.60551e-09 3.10330e-09 2.82801e-09
 2.36103e-09 1.53180e-09 8.36471e-10-1.02881e-10-1.04488e-09-1.72631e-09
-2.41596e-09-2.79682e-09-2.94101e-09-2.96199e-09-2.70092e-09-2.41933e-09
-2.11806e-09-1.86022e-09-1.80484e-09-1.85910e-09-2.07882e-09-2.36875e-09
-2.63921e-09-2.87728e-09-2.98009e-09-2.93471e-09-2.68179e-09-2.20767e-09
-1.55087e-09-7.59205e-10 4.90820e-11 7.62802e-10 1.27973e-09 1.56196e-09
 1.63967e-09 1.57661e-09 1.45413e-09 1.34092e-09 1.29094e-09 1.33343e-09
 1.47649e-09 1.70853e-09 1.99671e-09 2.28193e-09 2.47674e-09 2.49208e-09
 2.27437e-09 1.82136e-09 1.17263e-09 3.98225e-10-4.11330e-10-1.16924e-09
-1.81399e-09-2.30216e-09-2.59759e-09-2.68223e-09-2.57073e-09-2.31246e-09
-1.97883e-09-1.64361e-09-1.36881e-09-1.19303e-09-1.11752e-09-1.10328e-09
-1.09016e-09-1.01898e-09-8.34415e-10-4.87844e-10 4.11465e-11 7.29915e-10
 1.51663e-09 2.30679e-09 2.98857e-09 3.46646e-09 3.69215e-09 3.66797e-09
 3.42505e-09 3.00313e-09 2.45249e-09 1.84554e-09 1.27020e-09 8.00503e-10
 4.68096e-10 2.59761e-10 1.34280e-10 3.99524e-11-6.66174e-11-2.13924e-10
-4.29757e-10-7.38337e-10-1.13630e-09-1.58115e-09-1.99390e-09-2.28228e-09
-2.37788e-09-2.24902e-09-1.89435e-09-1.33687e-09-6.18034e-10 1.96397e-10
 1.01151e-09 1.72375e-09 2.24748e-09 2.53140e-09 2.56746e-09 2.37904e-09
 2.00004e-09 1.47166e-09 8.47060e-10 1.92077e-10-4.24325e-10-9.59915e-10
-1.41829e-09-1.83462e-09-2.25606e-09-2.72611e-09-3.26785e-09-3.88003e-09
-4.53977e-09-5.19397e-09-5.75269e-09-6.10246e-09-6.13412e-09-5.77604e-09
-5.01653e-09-3.89593e-09-2.48390e-09-8.70683e-10 8.31861e-10 2.49838e-09
 4.00603e-09 5.25215e-09 6.17719e-09 6.77437e-09 7.07100e-09 7.11038e-09
 6.94703e-09 6.63873e-09 6.23319e-09 5.75263e-09 5.18017e-09 4.46087e-09
 3.52579e-09 2.32764e-09 8.58951e-10-8.48365e-10-2.71944e-09-4.63451e-09
-6.44177e-09-7.97640e-09-9.08265e-09-9.64129e-09-9.58821e-09-8.91935e-09
-7.69584e-09-6.05027e-09-4.18187e-09-2.32881e-09-7.17522e-10 4.89602e-10
 1.22690e-09 1.53190e-09 1.52860e-09 1.40121e-09 1.36115e-09 1.60634e-09
 2.28460e-09 3.45415e-09 5.04060e-09 6.82617e-09 8.47983e-09 9.61296e-09
 9.86146e-09 8.97077e-09 6.85826e-09 3.66215e-09-2.37606e-10-4.25426e-09
-7.68122e-09-9.82229e-09-1.01398e-08-8.37346e-09-4.61526e-09 6.68380e-10
 6.68608e-09 1.24350e-08 1.68658e-08 1.90864e-08 1.85471e-08 1.51609e-08
 9.34255e-09 1.94666e-09-5.89001e-09-1.29595e-08-1.82070e-08-2.09277e-08
-2.08922e-08-1.83754e-08-1.40743e-08-8.92890e-09-3.89836e-09 2.46029e-10
 3.06452e-09 4.50048e-09 4.83329e-09 4.55008e-09 4.17318e-09 4.09410e-09
 4.46402e-09 5.16991e-09 5.89403e-09 6.23749e-09 5.87290e-09 4.66640e-09
 2.72764e-09 3.82542e-10-1.92292e-09-3.75664e-09-4.82459e-09-5.04965e-09
-4.57941e-09-3.71787e-09-2.81101e-09-2.12949e-09-1.78550e-09-1.71201e-09
-1.71309e-09-1.56336e-09-1.11519e-09-3.69645e-10 5.15587e-10 1.28185e-09
 1.67164e-09 1.54107e-09 9.35048e-10 9.09615e-11-6.34967e-10-8.93145e-10
-4.73170e-10 6.06608e-10 2.08931e-09 3.55509e-09 4.55850e-09 4.77948e-09
 4.13018e-09 2.78030e-09 1.09442e-09-4.97409e-10-1.64632e-09-2.18938e-09
-2.17643e-09-1.81696e-09-1.37140e-09-1.03349e-09-8.53137e-10-7.28454e-10
-4.67877e-10-1.38503e-10
