      10
(6e12.5)
     0.0000e+00     0.0000e+00      0  0  0.00
     512   1.00000  0.0000e+00
 1.07271e-05 3.26916e-05 5.29615e-05 7.03661e-05 8.40178e-05 9.33292e-05
 9.80132e-05 9.80690e-05 9.37547e-05 8.55415e-05 7.40573e-05 6.00341e-05
 4.42711e-05 2.76060e-05 1.08836e-05-5.08236e-06-1.95530e-05-3.19079e-05
-4.16844e-05-4.86120e-05-5.26266e-05-5.38492e-05-5.25397e-05-4.90547e-05
-4.38154e-05-3.72742e-05-2.98815e-05-2.20578e-05-1.41765e-05-6.55168e-06
 5.66928e-07 6.99169e-06 1.25859e-05 1.72484e-05 2.09006e-05 2.34762e-05
 2.49155e-05 2.51660e-05 2.41934e-05 2.19972e-05 1.86260e-05 1.41846e-05
 8.83505e-06 2.79836e-06-3.64156e-06-1.01377e-05-1.62943e-05-2.16980e-05
-2.59603e-05-2.87636e-05-2.99022e-05-2.93140e-05-2.70824e-05-2.34030e-05
-1.85337e-05-1.27631e-05-6.39631e-06 2.58289e-07 6.90260e-06 1.32592e-05
 1.90807e-05 2.41607e-05 2.83426e-05 3.15208e-05 3.36310e-05 3.46380e-05
 3.45254e-05 3.32875e-05 3.09221e-05 2.74340e-05 2.28496e-05 1.72363e-05
 1.07154e-05 3.46495e-06-4.28210e-06-1.22407e-05-2.00750e-05-2.74077e-05
-3.38451e-05-3.90176e-05-4.26240e-05-4.44647e-05-4.44604e-05-4.26562e-05
-3.92042e-05-3.43193e-05-2.82380e-05-2.12056e-05-1.34803e-05-5.33440e-06
 2.95367e-06 1.11089e-05 1.88706e-05 2.60037e-05 3.23058e-05 3.76055e-05
 4.17524e-05 4.46101e-05 4.60571e-05 4.59904e-05 4.43308e-05 4.10358e-05
 3.61193e-05 2.96652e-05 2.18346e-05 1.28659e-05 3.06930e-06-7.18004e-06
-1.74475e-05-2.72517e-05-3.60939e-05-4.35047e-05-4.90945e-05-5.25888e-05
-5.38456e-05-5.28581e-05-4.97365e-05-4.46634e-05-3.78567e-05-2.95652e-05
-2.00828e-05-9.75567e-06 1.02249e-06 1.18252e-05 2.22173e-05 3.17842e-05
 4.01557e-05 4.70160e-05 5.21024e-05 5.52109e-05 5.62105e-05 5.50528e-05
 5.17681e-05 4.64611e-05 3.93111e-05 3.05666e-05 2.05327e-05 9.56327e-06
-1.93628e-06-1.35026e-05-2.46185e-05-3.47388e-05-4.33411e-05-4.99904e-05
-5.43944e-05-5.64258e-05-5.61102e-05-5.35956e-05-4.91069e-05-4.28974e-05
-3.52263e-05-2.63700e-05-1.66449e-05-6.41743e-06 3.90159e-06 1.38791e-05
 2.30880e-05 3.11382e-05 3.77037e-05 4.25396e-05 4.54855e-05 4.64664e-05
 4.55003e-05 4.26988e-05 3.82558e-05 3.24362e-05 2.55642e-05 1.80023e-05
 1.01220e-05 2.28385e-06-5.16429e-06-1.18856e-05-1.75664e-05-2.19469e-05
-2.48600e-05-2.62654e-05-2.62646e-05-2.50856e-05-2.30404e-05-2.04645e-05
-1.76458e-05-1.47675e-05-1.19001e-05-9.03648e-06-6.14188e-06-3.20018e-06
-2.42530e-07 2.64846e-06 5.35291e-06 7.73517e-06 9.66327e-06 1.10192e-05
 1.17032e-05 1.16437e-05 1.08152e-05 9.25163e-06 7.04788e-06 4.35555e-06
 1.36934e-06-1.70108e-06-4.66433e-06-7.36340e-06-9.66582e-06-1.14479e-05
-1.25998e-05-1.30524e-05-1.28045e-05-1.19348e-05-1.05935e-05-8.97115e-06
-7.25098e-06-5.55322e-06-3.88854e-06-2.15262e-06-1.74398e-07 2.21509e-06
 5.12778e-06 8.58337e-06 1.24954e-05 1.66832e-05 2.09041e-05 2.48899e-05
 2.83777e-05 3.11339e-05 3.29769e-05 3.38015e-05 3.35981e-05 3.24536e-05
 3.05342e-05 2.80580e-05 2.52565e-05 2.23260e-05 1.93764e-05 1.64100e-05
 1.33368e-05 1.00016e-05 6.19294e-06 1.64006e-06-3.97609e-06-1.09889e-05
-1.96924e-05-3.02638e-05-4.26626e-05-5.65287e-05-7.11246e-05-8.53697e-05
-9.79652e-05-1.07552e-04-1.12858e-04-1.12841e-04-1.06809e-04-9.45194e-05
-7.62517e-05-5.28427e-05-2.56921e-05 3.32034e-06 3.20801e-05 5.85882e-05
 8.12211e-05 9.88327e-05 1.10773e-04 1.16863e-04 1.17343e-04 1.12791e-04
 1.04039e-04 9.20766e-05 7.79591e-05 6.27166e-05 4.72812e-05 3.24326e-05
 1.87654e-05 6.67754e-06-3.62326e-06-1.20974e-05-1.88363e-05-2.40144e-05
-2.78416e-05-3.05302e-05-3.22806e-05-3.32768e-05-3.36851e-05-3.36524e-05
-3.33040e-05-3.27399e-05-3.20316e-05-3.12181e-05-3.03044e-05-2.92648e-05
-2.80496e-05-2.65953e-05-2.48333e-05-2.26978e-05-2.01338e-05-1.71061e-05
-1.36061e-05-9.65446e-06-5.30066e-06-6.24088e-07 4.26257e-06 9.21104e-06
 1.40401e-05 1.85446e-05 2.25090e-05 2.57240e-05 2.80039e-05 2.92053e-05
 2.92455e-05 2.81211e-05 2.59169e-05 2.27952e-05 1.89676e-05 1.46651e-05
 1.01145e-05 5.52020e-06 1.05286e-06-3.15403e-06-7.00055e-06-1.04118e-05
-1.33284e-05-1.57003e-05-1.74854e-05-1.86489e-05-1.91635e-05-1.90089e-05
-1.81754e-05-1.66687e-05-1.45145e-05-1.17599e-05-8.47386e-06-4.75076e-06
-7.18378e-07 3.45677e-06 7.57206e-06 1.14008e-05 1.47100e-05 1.72816e-05
 1.89337e-05 1.95421e-05 1.90577e-05 1.75204e-05 1.50583e-05 1.18674e-05
 8.17786e-06 4.22508e-06 2.29806e-07-3.61647e-06-7.16057e-06-1.02894e-05
-1.29250e-05-1.50157e-05-1.65269e-05-1.74364e-05-1.77335e-05-1.74188e-05
-1.65013e-05-1.49967e-05-1.29305e-05-1.03419e-05-7.28715e-06-3.83959e-06
-9.12532e-08 3.84233e-06 7.81365e-06 1.16392e-05 1.51070e-05 1.79951e-05
 2.00945e-05 2.12332e-05 2.12988e-05 2.02564e-05 1.81597e-05 1.51528e-05
 1.14554e-05 7.32932e-06 3.04003e-06-1.16925e-06-5.09065e-06-8.56055e-06
-1.14649e-05-1.37384e-05-1.53568e-05-1.63264e-05-1.66738e-05-1.64381e-05
-1.56683e-05-1.44183e-05-1.27414e-05-1.06867e-05-8.30162e-06-5.63651e-06
-2.74671e-06 3.05224e-07 3.44479e-06 6.57655e-06 9.57411e-06 1.22779e-05
 1.45071e-05 1.60829e-05 1.68545e-05 1.67223e-05 1.56573e-05 1.37125e-05
 1.10224e-05 7.79042e-06 4.26020e-06 6.76378e-07-2.74724e-06-5.83942e-06
-8.47055e-06-1.05509e-05-1.20301e-05-1.28933e-05-1.31551e-05-1.28526e-05
-1.20399e-05-1.07835e-05-9.15950e-06-7.24792e-06-5.12504e-06-2.86089e-06
-5.22501e-07 1.82358e-06 4.11210e-06 6.27914e-06 8.25827e-06 9.97248e-06
 1.13258e-05 1.22035e-05 1.24869e-05 1.20785e-05 1.09259e-05 9.03988e-06
 6.50646e-06 3.48767e-06 2.08627e-07-3.07122e-06-6.09982e-06-8.67388e-06
-1.06597e-05-1.19883e-05-1.26393e-05-1.26270e-05-1.19921e-05-1.07949e-05
-9.10927e-06-7.01950e-06-4.61907e-06-2.01017e-06 6.98252e-07 3.39595e-06
 5.97856e-06 8.35036e-06 1.04229e-05 1.21164e-05 1.33653e-05 1.41185e-05
 1.43355e-05 1.39790e-05 1.30099e-05 1.13924e-05 9.11104e-06 6.19328e-06
 2.72589e-06-1.13699e-06-5.17400e-06-9.10894e-06-1.26396e-05-1.54823e-05
-1.74231e-05-1.83538e-05-1.82756e-05-1.72741e-05-1.54857e-05-1.30699e-05
-1.01915e-05-7.00932e-06-3.67067e-06-3.11497e-07 2.94063e-06 5.96464e-06
 8.64782e-06 1.08921e-05 1.26206e-05 1.37794e-05 1.43355e-05 1.42795e-05
 1.36294e-05 1.24293e-05 1.07415e-05 8.63776e-06 6.19664e-06 3.50656e-06
 6.75792e-07-2.15866e-06-4.83045e-06-7.15191e-06-8.92839e-06-9.97996e-06
-1.01733e-05-9.46411e-06-7.93465e-06-5.80100e-06-3.37574e-06-1.00426e-06
 1.00015e-06 2.40744e-06 3.10300e-06 3.10060e-06 2.53710e-06 1.65064e-06
 7.47655e-07 1.66737e-07
     0.0000e+00     0.0000e+00      0  0  0.00
     512   1.00000  0.0000e+00
-8.52925e-06-1.68242e-05-2.40585e-05-2.97846e-05-3.37052e-05-3.56724e-05
-3.56786e-05-3.38415e-05-3.03830e-05-2.56058e-05-1.98679e-05-1.35574e-05
-7.07139e-06-7.96643e-07 4.91548e-06 9.77817e-06 1.35911e-05 1.62463e-05
 1.77182e-05 1.80479e-05 1.73308e-05 1.57078e-05 1.33531e-05 1.04600e-05
 7.22783e-06 3.85197e-06 5.13112e-07-2.63027e-06-5.44456e-06-7.82004e-06
-9.66827e-06-1.09208e-05-1.15321e-05-1.14862e-05-1.08021e-05-9.53280e-06
-7.75733e-06-5.57056e-06-3.07637e-06-3.84400e-07 2.39077e-06 5.13032e-06
 7.71417e-06 1.00241e-05 1.19441e-05 1.33642e-05 1.41916e-05 1.43683e-05
 1.38837e-05 1.27768e-05 1.11270e-05 9.04045e-06 6.64040e-06 4.05695e-06
 1.41422e-06-1.17952e-06-3.63388e-06-5.87595e-06-7.85177e-06-9.52658e-06
-1.08805e-05-1.19002e-05-1.25701e-05-1.28690e-05-1.27730e-05-1.22643e-05
-1.13410e-05-1.00211e-05-8.34012e-06-6.34579e-06-4.09599e-06-1.66176e-06
 8.66971e-07 3.37969e-06 5.75159e-06 7.85369e-06 9.56275e-06 1.07742e-05
 1.14189e-05 1.14772e-05 1.09826e-05 1.00138e-05 8.68003e-06 7.10666e-06
 5.42529e-06 3.75851e-06 2.19999e-06 8.03530e-07-4.13289e-07-1.45961e-06
-2.36273e-06-3.16006e-06-3.88877e-06-4.57400e-06-5.21957e-06-5.80553e-06
-6.29370e-06-6.63844e-06-6.79757e-06-6.73852e-06-6.43790e-06-5.87850e-06
-5.05072e-06-3.96238e-06-2.65204e-06-1.19386e-06 3.10303e-07 1.74557e-06
 3.00027e-06 3.98486e-06 4.64926e-06 4.98899e-06 5.03774e-06 4.85431e-06
 4.51209e-06 4.09443e-06 3.68843e-06 3.36629e-06 3.16212e-06 3.06429e-06
 3.02567e-06 2.97916e-06 2.85062e-06 2.56953e-06 2.08038e-06 1.35473e-06
 3.99870e-07-7.39826e-07-1.98855e-06-3.24996e-06-4.42143e-06-5.40753e-06
-6.12820e-06-6.52233e-06-6.55270e-06-6.21719e-06-5.55997e-06-4.67037e-06
-3.66712e-06-2.67703e-06-1.81194e-06-1.14345e-06-6.86021e-07-4.02050e-07
-2.25073e-07-8.14058e-08 1.03283e-07 4.08753e-07 9.16953e-07 1.68686e-06
 2.72446e-06 3.97509e-06 5.33794e-06 6.68564e-06 7.88012e-06 8.78523e-06
 9.28103e-06 9.28015e-06 8.74115e-06 7.67499e-06 6.14450e-06 4.25712e-06
 2.15119e-06-2.18728e-08-2.11414e-06-3.99387e-06-5.55754e-06-6.74497e-06
-7.55195e-06-8.02842e-06-8.26079e-06-8.34721e-06-8.37010e-06-8.36930e-06
-8.33004e-06-8.19743e-06-7.90704e-06-7.40731e-06-6.66023e-06-5.62773e-06
-4.26754e-06-2.55348e-06-5.01119e-07 1.82627e-06 4.32747e-06 6.87523e-06
 9.32677e-06 1.15341e-05 1.33560e-05 1.46717e-05 1.53920e-05 1.54648e-05
 1.48789e-05 1.36659e-05 1.18954e-05 9.66482e-06 7.08491e-06 4.27040e-06
 1.33146e-06-1.63833e-06-4.57238e-06-7.42931e-06-1.01798e-05-1.27895e-05
-1.51985e-05-1.73031e-05-1.89582e-05-2.00108e-05-2.03436e-05-1.98994e-05
-1.86749e-05-1.66974e-05-1.40106e-05-1.06851e-05-6.83091e-06-2.59395e-06
 1.85562e-06 6.33497e-06 1.06595e-05 1.46521e-05 1.81508e-05 2.10153e-05
 2.31314e-05 2.44130e-05 2.48074e-05 2.43041e-05 2.29391e-05 2.07857e-05
 1.79396e-05 1.45055e-05 1.05917e-05 6.30436e-06 1.74339e-06-2.99293e-06
-7.79861e-06-1.25489e-05-1.70829e-05-2.11887e-05-2.46129e-05-2.71056e-05
-2.84732e-05-2.86064e-05-2.74735e-05-2.50980e-05-2.15509e-05-1.69622e-05
-1.15259e-05-5.48848e-06 8.67780e-07 7.24019e-06 1.33241e-05 1.88311e-05
 2.35034e-05 2.71250e-05 2.95270e-05 3.05920e-05 3.02637e-05 2.85597e-05
 2.55767e-05 2.14790e-05 1.64738e-05 1.07887e-05 4.65766e-06-1.68713e-06
-8.02042e-06-1.41231e-05-1.97800e-05-2.47759e-05-2.88877e-05-3.18826e-05
-3.35449e-05-3.37252e-05-3.23856e-05-2.96092e-05-2.55720e-05-2.05010e-05
-1.46480e-05-8.28080e-06-1.67197e-06 4.91969e-06 1.12601e-05 1.71441e-05
 2.23981e-05 2.68796e-05 3.04718e-05 3.30758e-05 3.46037e-05 3.49787e-05
 3.41480e-05 3.21046e-05 2.89052e-05 2.46694e-05 1.95607e-05 1.37653e-05
 7.48093e-06 9.16266e-07-5.70360e-06-1.21339e-05-1.81170e-05-2.33915e-05
-2.76933e-05-3.07644e-05-3.23905e-05-3.24553e-05-3.09790e-05-2.81178e-05
-2.41267e-05-1.93159e-05-1.40209e-05-8.57681e-06-3.28558e-06 1.60877e-06
 5.92375e-06 9.53559e-06 1.23783e-05 1.44364e-05 1.57256e-05 1.62633e-05
 1.60434e-05 1.50249e-05 1.31448e-05 1.03488e-05 6.62878e-06 2.04485e-06
-3.27168e-06-9.12626e-06-1.52651e-05-2.13703e-05-2.70514e-05-3.18514e-05
-3.52768e-05-3.68392e-05-3.60954e-05-3.26960e-05-2.64474e-05-1.73708e-05
-5.73005e-06 7.97941e-06 2.30650e-05 3.86714e-05 5.38144e-05 6.74455e-05
 7.85487e-05 8.62284e-05 8.97690e-05 8.86827e-05 8.27597e-05 7.21141e-05
 5.72085e-05 3.88540e-05 1.81881e-05-3.39208e-06-2.43892e-05-4.34299e-05
-5.94318e-05-7.16660e-05-7.97570e-05-8.36542e-05-8.35847e-05-7.99926e-05
-7.34728e-05-6.47067e-05-5.44045e-05-4.32560e-05-3.18927e-05-2.08618e-05
-1.06089e-05-1.46575e-06 6.35569e-06 1.27598e-05 1.77553e-05 2.14327e-05
 2.39372e-05 2.54429e-05 2.61354e-05 2.61973e-05 2.57941e-05 2.50636e-05
 2.41118e-05 2.30126e-05 2.18113e-05 2.05289e-05 1.91678e-05 1.77181e-05
 1.61629e-05 1.44834e-05 1.26612e-05 1.06823e-05 8.54240e-06 6.25263e-06
 3.84324e-06 1.36393e-06-1.11955e-06-3.53110e-06-5.79093e-06-7.82245e-06
-9.56084e-06-1.09613e-05-1.20020e-05-1.26787e-05-1.29953e-05-1.29561e-05
-1.25667e-05-1.18415e-05-1.08116e-05-9.52475e-06-8.03722e-06-6.40765e-06
-4.69692e-06-2.96806e-06-1.28372e-06 2.97325e-07 1.72324e-06 2.95084e-06
 3.94639e-06 4.68652e-06 5.16038e-06 5.37117e-06 5.33512e-06 5.07927e-06
 4.64075e-06 4.06695e-06 3.41440e-06 2.74369e-06 2.11146e-06 1.56307e-06
 1.12855e-06 8.20283e-07 6.29563e-07 5.24659e-07 4.56385e-07 3.72922e-07
 2.37619e-07 3.97912e-08-2.07555e-07-4.80931e-07-7.59352e-07-1.02572e-06
-1.26069e-06-1.44230e-06-1.55263e-06-1.58372e-06-1.53886e-06-1.43063e-06
-1.27840e-06-1.10643e-06-9.42182e-07-8.12585e-07-7.37688e-07-7.24629e-07
-7.65430e-07-8.38319e-07-9.09968e-07-9.37451e-07-8.72021e-07-6.67800e-07
-2.93649e-07 2.57951e-07 9.68460e-07 1.79421e-06 2.66719e-06 3.49850e-06
 4.19018e-06 4.65498e-06 4.83608e-06 4.71618e-06 4.31151e-06 3.65564e-06
 2.78701e-06 1.75071e-06 6.05987e-07-5.75884e-07-1.72261e-06-2.77117e-06
-3.67313e-06-4.39597e-06-4.92323e-06-5.25450e-06-5.40411e-06-5.39591e-06
-5.25403e-06-4.99389e-06-4.61796e-06-4.11742e-06-3.47690e-06-2.67932e-06
-1.71202e-06-5.77308e-07 6.95667e-07 2.04655e-06 3.38962e-06 4.62350e-06
 5.63989e-06 6.33433e-06 6.62252e-06 6.45992e-06 5.85661e-06 4.87859e-06
 3.63224e-06 2.23873e-06 8.15067e-07-5.28434e-07-1.68587e-06-2.56342e-06
-3.09404e-06-3.24996e-06-3.04872e-06-2.55280e-06-1.86504e-06-1.12168e-06
-4.80875e-07-1.03392e-07
     0.0000e+00     0.0000e+00      0  0  0.00
     512   1.00000  0.0000e+00
-1.75207e-06 1.18170e-05 2.45724e-05 3.58338e-05 4.51019e-05 5.20593e-05
 5.65547e-05 5.85791e-05 5.82424e-05 5.57483e-05 5.13687e-05 4.54201e-05
 3.82469e-05 3.02151e-05 2.17058e-05 1.31047e-05 4.78556e-06-2.91416e-06
-9.72239e-06-1.54593e-05-2.00442e-05-2.34753e-05-2.57987e-05-2.70933e-05
-2.74675e-05-2.70523e-05-2.59894e-05-2.44157e-05-2.24503e-05-2.01843e-05
-1.76767e-05-1.49580e-05-1.20386e-05-8.92246e-06-5.62167e-06-2.16797e-06
 1.38129e-06 4.93797e-06 8.38004e-06 1.15579e-05 1.43100e-05 1.64797e-05
 1.79256e-05 1.85321e-05 1.82251e-05 1.69911e-05 1.48890e-05 1.20464e-05
 8.64217e-06 4.87978e-06 9.57585e-07-2.95477e-06-6.71939e-06-1.02110e-05
-1.32991e-05-1.58507e-05-1.77473e-05-1.88982e-05-1.92462e-05-1.87661e-05
-1.74611e-05-1.53584e-05-1.25084e-05-8.98516e-06-4.88887e-06-3.50047e-07
 4.46540e-06 9.35757e-06 1.41026e-05 1.84644e-05 2.22052e-05 2.51039e-05
 2.69771e-05 2.76948e-05 2.71832e-05 2.54271e-05 2.24778e-05 1.84635e-05
 1.35870e-05 8.10589e-06 2.30042e-06-3.56118e-06-9.24999e-06-1.45887e-05
-1.94396e-05-2.36762e-05-2.71646e-05-2.97707e-05-3.13789e-05-3.19062e-05
-3.13066e-05-2.95675e-05-2.67083e-05-2.27815e-05-1.78786e-05-1.21340e-05
-5.72610e-06 1.12331e-06 8.14825e-06 1.50461e-05 2.14958e-05 2.71782e-05
 3.17960e-05 3.50975e-05 3.69040e-05 3.71238e-05 3.57508e-05 3.28573e-05
 2.85940e-05 2.31901e-05 1.69409e-05 1.01775e-05 3.22475e-06-3.63547e-06
-1.01813e-05-1.62464e-05-2.16944e-05-2.63899e-05-3.01898e-05-3.29555e-05
-3.45704e-05-3.49510e-05-3.40542e-05-3.18794e-05-2.84705e-05-2.39200e-05
-1.83737e-05-1.20295e-05-5.12922e-06 2.05002e-06 9.20064e-06 1.59948e-05
 2.21051e-05 2.72281e-05 3.11067e-05 3.35563e-05 3.44882e-05 3.39147e-05
 3.19371e-05 2.87291e-05 2.45248e-05 1.96049e-05 1.42703e-05 8.80268e-06
 3.42094e-06-1.74490e-06-6.64576e-06-1.12734e-05-1.56072e-05-1.95802e-05
-2.30788e-05-2.59605e-05-2.80707e-05-2.92589e-05-2.93970e-05-2.83936e-05
-2.62073e-05-2.28599e-05-1.84468e-05-1.31368e-05-7.16083e-06-8.00662e-07
 5.61887e-06 1.17439e-05 1.72195e-05 2.17235e-05 2.49997e-05 2.68893e-05
 2.73512e-05 2.64603e-05 2.43859e-05 2.13663e-05 1.76865e-05 1.36491e-05
 9.53534e-06 5.56179e-06 1.84254e-06-1.62023e-06-4.90436e-06-8.10199e-06
-1.12514e-05-1.43063e-05-1.71500e-05-1.96197e-05-2.15242e-05-2.26620e-05
-2.28477e-05-2.19389e-05-1.98609e-05-1.66300e-05-1.23686e-05-7.30190e-06
-1.73501e-06 3.97683e-06 9.45472e-06 1.43240e-05 1.82477e-05 2.09616e-05
 2.23039e-05 2.22386e-05 2.08632e-05 1.83948e-05 1.51384e-05 1.14503e-05
 7.69927e-06 4.22276e-06 1.28072e-06-9.86251e-07-2.58315e-06-3.65107e-06
-4.41093e-06-5.07700e-06-5.78376e-06-6.56832e-06-7.39775e-06-8.19352e-06
-8.83874e-06-9.18946e-06-9.09881e-06-8.44563e-06-7.16307e-06-5.26538e-06
-2.86479e-06-1.66934e-07 2.55561e-06 4.99835e-06 6.85717e-06 7.85756e-06
 7.78570e-06 6.52310e-06 4.07851e-06 6.04357e-07-3.61042e-06-8.16891e-06
-1.26073e-05-1.64426e-05-1.92306e-05-2.06300e-05-2.04574e-05-1.87196e-05
-1.56174e-05-1.15106e-05-6.84028e-06-2.02638e-06 2.60916e-06 6.85260e-06
 1.05687e-05 1.36879e-05 1.62147e-05 1.82237e-05 1.98357e-05 2.11846e-05
 2.23844e-05 2.35008e-05 2.45350e-05 2.54267e-05 2.60710e-05 2.63414e-05
 2.61109e-05 2.52660e-05 2.37181e-05 2.14205e-05 1.83878e-05 1.47010e-05
 1.04933e-05 5.92751e-06 1.17437e-06-3.60815e-06-8.30646e-06-1.28901e-05
-1.74357e-05-2.21171e-05-2.71617e-05-3.27776e-05-3.90603e-05-4.59014e-05
-5.29505e-05-5.96614e-05-6.53785e-05-6.94010e-05-7.10260e-05-6.96083e-05
-6.46486e-05-5.58920e-05-4.34173e-05-2.76987e-05-9.62851e-06 9.53975e-06
 2.83775e-05 4.55410e-05 5.99562e-05 7.08873e-05 7.79460e-05 8.10723e-05
 8.04913e-05 7.66510e-05 7.01547e-05 6.16938e-05 5.19883e-05 4.17328e-05
 3.15462e-05 2.19307e-05 1.32449e-05 5.69750e-06-6.39180e-07-5.80215e-06
-9.90454e-06-1.31014e-05-1.55622e-05-1.74567e-05-1.89495e-05-2.01908e-05
-2.13034e-05-2.23740e-05-2.34483e-05-2.45309e-05-2.55883e-05-2.65561e-05
-2.73489e-05-2.78701e-05-2.80201e-05-2.77033e-05-2.68372e-05-2.53581e-05
-2.32245e-05-2.04211e-05-1.69643e-05-1.29067e-05-8.33752e-06-3.37874e-06
 1.82202e-06 7.09666e-06 1.22583e-05 1.71038e-05 2.14227e-05 2.50141e-05
 2.77078e-05 2.93839e-05 2.99844e-05 2.95187e-05 2.80560e-05 2.57073e-05
 2.26054e-05 1.88960e-05 1.47354e-05 1.02870e-05 5.71521e-06 1.17694e-06
-3.18573e-06-7.25120e-06-1.09205e-05-1.41150e-05-1.67705e-05-1.88324e-05
-2.02550e-05-2.10006e-05-2.10388e-05-2.03509e-05-1.89376e-05-1.68265e-05
-1.40762e-05-1.07771e-05-7.05051e-06-3.04590e-06 1.06155e-06 5.07795e-06
 8.80287e-06 1.20469e-05 1.46517e-05 1.65042e-05 1.75441e-05 1.77618e-05
 1.71899e-05 1.58868e-05 1.39245e-05 1.13893e-05 8.38886e-06 5.05587e-06
 1.54434e-06-1.97983e-06-5.35249e-06-8.42578e-06-1.10788e-05-1.32204e-05
-1.47857e-05-1.57324e-05-1.60404e-05-1.57112e-05-1.47638e-05-1.32335e-05
-1.11735e-05-8.65475e-06-5.76346e-06-2.59971e-06 7.21248e-07 4.06682e-06
 7.28899e-06 1.02332e-05 1.27523e-05 1.47239e-05 1.60678e-05 1.67531e-05
 1.67915e-05 1.62214e-05 1.50885e-05 1.34308e-05 1.12777e-05 8.66403e-06
 5.64617e-06 2.31230e-06-1.21535e-06-4.78537e-06-8.22807e-06-1.13704e-05
-1.40515e-05-1.61334e-05-1.75061e-05-1.80920e-05-1.78530e-05-1.67951e-05
-1.49687e-05-1.24660e-05-9.41776e-06-5.98476e-06-2.34450e-06 1.31943e-06
 4.82292e-06 7.98554e-06 1.06391e-05 1.26409e-05 1.38887e-05 1.43341e-05
 1.39939e-05 1.29499e-05 1.13353e-05 9.30885e-06 7.02593e-06 4.61620e-06
 2.17956e-06-2.03610e-07-2.45999e-06-4.51526e-06-6.29166e-06-7.71142e-06
-8.70481e-06-9.21994e-06-9.23073e-06-8.73923e-06-7.77291e-06-6.38215e-06
-4.63975e-06-2.63930e-06-4.90532e-07 1.68613e-06 3.76546e-06 5.62755e-06
 7.17028e-06 8.31635e-06 9.01096e-06 9.21618e-06 8.91143e-06 8.10105e-06
 6.82294e-06 5.15486e-06 3.21630e-06 1.15907e-06-8.56398e-07-2.69310e-06
-4.26507e-06-5.54562e-06-6.55202e-06-7.32018e-06-7.88367e-06-8.26072e-06
-8.44987e-06-8.43338e-06-8.18433e-06-7.67346e-06-6.87472e-06-5.77073e-06
-4.35931e-06-2.66064e-06-7.22967e-07 1.37474e-06 3.52353e-06 5.58921e-06
 7.42365e-06 8.88399e-06 9.85353e-06 1.02540e-05 1.00462e-05 9.22726e-06
 7.83554e-06 5.95965e-06 3.74325e-06 1.37916e-06-9.07686e-07-2.88788e-06
-4.36386e-06-5.20996e-06-5.40219e-06-5.01843e-06-4.20860e-06-3.15706e-06
-2.05096e-06-1.05343e-06-2.82449e-07 2.00842e-07 3.95141e-07 3.56523e-07
 1.91785e-07 4.70667e-08
     0.0000e+00     0.0000e+00      0  0  0.00
     512   1.00000  0.0000e+00
 1.49097e-06-1.23400e-06-3.88156e-06-6.29768e-06-8.35593e-06-9.96739e-06
-1.10836e-05-1.16924e-05-1.18102e-05-1.14746e-05-1.07400e-05-9.67511e-06
-8.36332e-06-6.90289e-06-5.40183e-06-3.96103e-06-2.65172e-06-1.50288e-06
-5.06437e-07 3.68896e-07 1.16707e-06 1.93653e-06 2.71975e-06 3.54356e-06
 4.41468e-06 5.31964e-06 6.22634e-06 7.08674e-06 7.84102e-06 8.42328e-06
 8.76769e-06 8.81474e-06 8.51825e-06 7.85292e-06 6.81998e-06 5.44750e-06
 3.78492e-06 1.89683e-06-1.39458e-07-2.23303e-06-4.27981e-06-6.16856e-06
-7.79106e-06-9.05255e-06-9.88256e-06-1.02448e-05-1.01393e-05-9.59346e-06
-8.64915e-06-7.35725e-06-5.77938e-06-3.98514e-06-2.04302e-06-1.68058e-08
 2.02870e-06 4.02134e-06 5.88105e-06 7.52443e-06 8.87084e-06 9.84756e-06
 1.03944e-05 1.04690e-05 1.00508e-05 9.14251e-06 7.77172e-06 5.99115e-06
 3.87806e-06 1.52982e-06-9.44620e-07-3.43419e-06-5.83134e-06-8.03287e-06
-9.93887e-06-1.14534e-05-1.24873e-05-1.29651e-05-1.28386e-05-1.21025e-05
-1.08010e-05-9.01928e-06-6.86989e-06-4.48212e-06-1.99244e-06 4.73565e-07
 2.82086e-06 4.98960e-06 6.94478e-06 8.66630e-06 1.01449e-05 1.13797e-05
 1.23736e-05 1.31278e-05 1.36355e-05 1.38797e-05 1.38325e-05 1.34573e-05
 1.27157e-05 1.15767e-05 1.00260e-05 8.06994e-06 5.73440e-06 3.06043e-06
 1.03923e-07-3.05974e-06-6.33168e-06-9.59136e-06-1.27026e-05-1.55209e-05
-1.79040e-05-1.97223e-05-2.08655e-05-2.12470e-05-2.08176e-05-1.95818e-05
-1.76016e-05-1.49789e-05-1.18313e-05-8.28362e-06-4.46924e-06-5.27881e-07
 3.40389e-06 7.20084e-06 1.07527e-05 1.39632e-05 1.67457e-05 1.90200e-05
 2.07088e-05 2.17384e-05 2.20458e-05 2.15899e-05 2.03624e-05 1.83940e-05
 1.57517e-05 1.25301e-05 8.84298e-06 4.81971e-06 6.03995e-07-3.65103e-06
-7.78792e-06-1.16480e-05-1.50749e-05-1.79176e-05-2.00338e-05-2.13008e-05
-2.16403e-05-2.10431e-05-1.95737e-05-1.73485e-05-1.45084e-05-1.12091e-05
-7.61954e-06-3.91567e-06-2.66489e-07 3.17932e-06 6.30511e-06 9.03208e-06
 1.13161e-05 1.31369e-05 1.44849e-05 1.53501e-05 1.57178e-05 1.55715e-05
 1.48993e-05 1.37021e-05 1.20026e-05 9.84989e-06 7.31645e-06 4.49258e-06
 1.48028e-06-1.61012e-06-4.65916e-06-7.53582e-06-1.00988e-05-1.22022e-05
-1.37055e-05-1.44958e-05-1.45183e-05-1.38008e-05-1.24514e-05-1.06247e-05
-8.48149e-06-6.16923e-06-3.81805e-06-1.53730e-06 5.89438e-07 2.50883e-06
 4.20027e-06 5.67183e-06 6.94921e-06 8.06201e-06 9.03189e-06 9.86439e-06
 1.05447e-05 1.10380e-05 1.12941e-05 1.12566e-05 1.08747e-05 1.01139e-05
 8.96279e-06 7.43194e-06 5.54710e-06 3.34616e-06 8.84589e-07-1.75518e-06
-4.45606e-06-7.06088e-06-9.37639e-06-1.12018e-05-1.23790e-05-1.28346e-05
-1.25857e-05-1.17142e-05-1.03387e-05-8.60034e-06-6.65130e-06-4.63821e-06
-2.68711e-06-8.93216e-07 6.84964e-07 2.02486e-06 3.13110e-06 4.02248e-06
 4.72019e-06 5.23967e-06 5.58506e-06 5.74694e-06 5.70591e-06 5.44427e-06
 4.96339e-06 4.29645e-06 3.50645e-06 2.67076e-06 1.86177e-06 1.13371e-06
 5.19625e-07 3.67263e-08-3.01759e-07-4.72774e-07-4.42725e-07-1.93379e-07
 2.40709e-07 7.58341e-07 1.21505e-06 1.45979e-06 1.35711e-06 7.98552e-07
-2.78103e-07-1.86684e-06-3.88604e-06-6.18624e-06-8.56255e-06-1.07702e-05
-1.25494e-05-1.36583e-05-1.39049e-05-1.31702e-05-1.14253e-05-8.74190e-06
-5.28978e-06-1.31426e-06 2.90165e-06 7.07517e-06 1.09495e-05 1.43071e-05
 1.69740e-05 1.88201e-05 1.97613e-05 1.97691e-05 1.88856e-05 1.72350e-05
 1.50087e-05 1.24182e-05 9.64262e-06 6.80423e-06 3.97492e-06 1.18676e-06
-1.56673e-06-4.32362e-06-7.12787e-06-9.99959e-06-1.29186e-05-1.58202e-05
-1.85944e-05-2.10890e-05-2.31213e-05-2.44970e-05-2.50303e-05-2.45622e-05
-2.29803e-05-2.02405e-05-1.63821e-05-1.15260e-05-5.85646e-06 3.98325e-07
 6.97564e-06 1.35796e-05 1.98842e-05 2.55485e-05 3.02469e-05 3.37044e-05
 3.57321e-05 3.62505e-05 3.52867e-05 3.29463e-05 2.93845e-05 2.47925e-05
 1.93899e-05 1.33989e-05 7.01174e-06 3.85181e-07-6.33546e-06-1.29935e-05
-1.94173e-05-2.54278e-05-3.08416e-05-3.54699e-05-3.91180e-05-4.15950e-05
-4.27270e-05-4.23716e-05-4.04349e-05-3.68917e-05-3.18016e-05-2.53136e-05
-1.76534e-05-9.10160e-06 2.24459e-08 9.36589e-06 1.85457e-05 2.71595e-05
 3.48049e-05 4.11061e-05 4.57467e-05 4.84991e-05 4.92339e-05 4.79165e-05
 4.46142e-05 3.95157e-05 3.29286e-05 2.52336e-05 1.68245e-05 8.08154e-06
-6.24343e-07-8.93431e-06-1.65224e-05-2.31208e-05-2.85378e-05-3.26631e-05
-3.54605e-05-3.69514e-05-3.71941e-05-3.62633e-05-3.42416e-05-3.12214e-05
-2.73143e-05-2.26562e-05-1.74014e-05-1.17138e-05-5.76444e-06 2.62650e-07
 6.16445e-06 1.17218e-05 1.67085e-05 2.09052e-05 2.41215e-05 2.62163e-05
 2.71040e-05 2.67538e-05 2.52019e-05 2.25720e-05 1.90774e-05 1.49823e-05
 1.05505e-05 6.02724e-06 1.64496e-06-2.38292e-06-5.87986e-06-8.71775e-06
-1.08194e-05-1.21536e-05-1.27282e-05-1.25842e-05-1.17933e-05-1.04595e-05
-8.72317e-06-6.75209e-06-4.71958e-06-2.78219e-06-1.06802e-06 3.28235e-07
 1.34817e-06 1.97278e-06 2.22374e-06 2.15831e-06 1.85814e-06 1.41661e-06
 9.27170e-07 4.71711e-07 1.10656e-07-1.21327e-07-2.13365e-07-1.73292e-07
-2.37765e-08 1.98284e-07 4.44051e-07 6.63458e-07 8.19274e-07 8.93460e-07
 8.85137e-07 8.06520e-07 6.79784e-07 5.34031e-07 4.00686e-07 3.07578e-07
 2.73932e-07 3.07657e-07 4.04582e-07 5.49362e-07 7.18371e-07 8.83980e-07
 1.01849e-06 1.09688e-06 1.10014e-06 1.02054e-06 8.66410e-07 6.61662e-07
 4.40009e-07 2.37654e-07 8.52270e-08-9.68097e-10-2.36553e-08-5.95840e-10
 4.47900e-08 8.99992e-08 1.12999e-07 8.76897e-08-1.61072e-08-2.23140e-07
-5.41835e-07-9.61836e-07-1.45783e-06-1.99398e-06-2.52775e-06-3.01360e-06
-3.40707e-06-3.66940e-06-3.77108e-06-3.69394e-06-3.43256e-06-2.99539e-06
-2.40373e-06-1.68775e-06-8.81323e-07-1.83744e-08 8.69939e-07 1.75919e-06
 2.63493e-06 3.49105e-06 4.32340e-06 5.12217e-06 5.86389e-06 6.50505e-06
 6.98391e-06 7.23394e-06 7.20214e-06 6.86023e-06 6.20287e-06 5.23834e-06
 3.98449e-06 2.47492e-06 7.65419e-07-1.06856e-06-2.93947e-06-4.75461e-06
-6.42156e-06-7.85289e-06-8.97074e-06-9.71187e-06-1.00317e-05-9.90707e-06
-9.33945e-06-8.35783e-06-7.01890e-06-5.40161e-06-3.59777e-06-1.70331e-06
 1.88140e-07 1.99139e-06 3.63484e-06 5.06182e-06 6.22858e-06 7.10073e-06
 7.64744e-06 7.83699e-06 7.64137e-06 7.05156e-06 6.09399e-06 4.83594e-06
 3.37593e-06 1.82673e-06 3.03205e-07-1.08236e-06-2.22649e-06-3.04626e-06
-3.49057e-06-3.54763e-06-3.24890e-06-2.66874e-06-1.91915e-06-1.13998e-06
-4.84643e-07-1.03722e-07
     0.0000e+00     0.0000e+00      0  0  0.00
     512   1.00000  0.0000e+00
 3.76025e-07 6.32554e-07 9.10695e-07 1.17573e-06 1.38533e-06 1.49474e-06
 1.46290e-06 1.25838e-06 8.64686e-07 2.84099e-07-4.60127e-07-1.32317e-06
-2.24056e-06-3.13346e-06-3.91626e-06-4.50724e-06-4.84234e-06-4.88667e-06
-4.63717e-06-4.11659e-06-3.36456e-06-2.43000e-06-1.36749e-06-2.36704e-07
 8.99165e-07 1.97813e-06 2.94460e-06 3.75202e-06 4.36406e-06 4.75646e-06
 4.91906e-06 4.85637e-06 4.58630e-06 4.13676e-06 3.54166e-06 2.83838e-06
 2.06685e-06 1.26855e-06 4.84845e-07-2.44696e-07-8.84064e-07-1.40292e-06
-1.77804e-06-1.99355e-06-2.04109e-06-1.92051e-06-1.64064e-06-1.22170e-06
-6.99473e-07-1.27288e-07 4.27682e-07 8.93140e-07 1.20306e-06 1.30755e-06
 1.17718e-06 8.03248e-07 1.98668e-07-5.99475e-07-1.53021e-06-2.51455e-06
-3.46463e-06-4.29307e-06-4.92094e-06-5.28407e-06-5.33798e-06-5.06258e-06
-4.46565e-06-3.58252e-06-2.47133e-06-1.20608e-06 1.30887e-07 1.45683e-06
 2.69626e-06 3.78661e-06 4.68116e-06 5.34936e-06 5.77637e-06 5.96266e-06
 5.92331e-06 5.68405e-06 5.27542e-06 4.72872e-06 4.07420e-06 3.33970e-06
 2.55041e-06 1.72865e-06 8.91107e-07 4.60782e-08-8.05133e-07-1.66305e-06
-2.52403e-06-3.37527e-06-4.19174e-06-4.93572e-06-5.55957e-06-6.01083e-06
-6.23866e-06-6.20014e-06-5.86529e-06-5.22071e-06-4.27276e-06-3.05015e-06
-1.60460e-06-8.21689e-09 1.65123e-06 3.27639e-06 4.76756e-06 6.03051e-06
 6.98332e-06 7.56269e-06 7.73033e-06 7.47615e-06 6.81661e-06 5.79317e-06
 4.47221e-06 2.94212e-06 1.30563e-06-3.31600e-07-1.87307e-06-3.23939e-06
-4.37155e-06-5.23255e-06-5.80817e-06-6.10473e-06-6.14402e-06-5.95782e-06
-5.58352e-06-5.05985e-06-4.42341e-06-3.70659e-06-2.93684e-06-2.13854e-06
-1.33643e-06-5.56916e-07 1.75028e-07 8.41176e-07 1.43372e-06 1.95508e-06
 2.41388e-06 2.81788e-06 3.16682e-06 3.44939e-06 3.64565e-06 3.73189e-06
 3.68794e-06 3.50749e-06 3.20430e-06 2.80811e-06 2.35463e-06 1.87649e-06
 1.39713e-06 9.29912e-07 4.81926e-07 5.69455e-08-3.45072e-07-7.28834e-07
-1.10101e-06-1.46349e-06-1.80594e-06-2.10235e-06-2.31396e-06-2.39522e-06
-2.30055e-06-1.99352e-06-1.45919e-06-7.13345e-07 1.97219e-07 1.20203e-06
 2.21643e-06 3.15029e-06 3.91609e-06 4.43569e-06 4.64607e-06 4.50459e-06
 3.99470e-06 3.13096e-06 1.96364e-06 5.81862e-07-8.91730e-07-2.32029e-06
-3.57888e-06-4.57555e-06-5.26222e-06-5.63520e-06-5.72806e-06-5.60091e-06
-5.32738e-06-4.98028e-06-4.61858e-06-4.27817e-06-3.96779e-06-3.67136e-06
-3.35614e-06-2.98228e-06-2.50924e-06-1.90079e-06-1.13180e-06-1.94748e-07
 8.97075e-07 2.10867e-06 3.38278e-06 4.64151e-06 5.79282e-06 6.74177e-06
 7.40384e-06 7.71773e-06 7.65578e-06 7.23123e-06 6.50352e-06 5.58027e-06
 4.60657e-06 3.73654e-06 3.09706e-06 2.75892e-06 2.72187e-06 2.91499e-06
 3.21073e-06 3.44848e-06 3.46248e-06 3.10841e-06 2.28334e-06 9.38559e-07
-9.13360e-07-3.19789e-06-5.78556e-06-8.50421e-06-1.11537e-05-1.35234e-05
-1.54144e-05-1.66613e-05-1.71495e-05-1.68230e-05-1.56870e-05-1.38021e-05
-1.12737e-05-8.24209e-06-4.87212e-06-1.34110e-06 2.17444e-06 5.51090e-06
 8.53254e-06 1.11472e-05 1.33126e-05 1.50272e-05 1.63096e-05 1.71772e-05
 1.76317e-05 1.76597e-05 1.72424e-05 1.63630e-05 1.50072e-05 1.31636e-05
 1.08279e-05 8.01168e-06 4.75435e-06 1.13417e-06-2.72564e-06-6.65889e-06
-1.04653e-05-1.39258e-05-1.68242e-05-1.89708e-05-2.02207e-05-2.04856e-05
-1.97405e-05-1.80268e-05-1.54483e-05-1.21631e-05-8.37112e-06-4.30060e-06
-1.96233e-07 3.69576e-06 7.15337e-06 1.00063e-05 1.21489e-05 1.35368e-05
 1.41759e-05 1.41110e-05 1.34184e-05 1.22013e-05 1.05840e-05 8.69933e-06
 6.67492e-06 4.62398e-06 2.64049e-06 7.95447e-07-8.64923e-07-2.31736e-06
-3.55626e-06-4.58601e-06-5.41311e-06-6.04133e-06-6.47118e-06-6.70233e-06
-6.73761e-06-6.58688e-06-6.26778e-06-5.80435e-06-5.22824e-06-4.58298e-06
-3.92398e-06-3.31278e-06-2.81263e-06-2.48128e-06-2.35153e-06-2.41087e-06
-2.60113e-06-2.83806e-06-3.03245e-06-3.09911e-06-2.95656e-06-2.52828e-06
-1.75092e-06-5.85607e-07 9.72817e-07 2.89008e-06 5.08921e-06 7.44995e-06
 9.81248e-06 1.19874e-05 1.37753e-05 1.49951e-05 1.55134e-05 1.52629e-05
 1.42456e-05 1.25255e-05 1.02137e-05 7.45051e-06 4.39145e-06 1.19781e-06
-1.97195e-06-4.97419e-06-7.68803e-06-1.00163e-05-1.18882e-05-1.32627e-05
-1.41214e-05-1.44559e-05-1.42655e-05-1.35649e-05-1.23924e-05-1.08086e-05
-8.88414e-06-6.68656e-06-4.27993e-06-1.73392e-06 8.68808e-07 3.43125e-06
 5.84288e-06 7.98235e-06 9.72569e-06 1.09598e-05 1.15975e-05 1.15898e-05
 1.09305e-05 9.65523e-06 7.83759e-06 5.58572e-06 3.03561e-06 3.39540e-07
-2.34604e-06-4.86959e-06-7.09222e-06-8.89471e-06-1.01812e-05-1.08842e-05
-1.09751e-05-1.04702e-05-9.42284e-06-7.91476e-06-6.05854e-06-3.99551e-06
-1.88028e-06 1.43306e-07 1.96679e-06 3.53351e-06 4.83771e-06 5.90841e-06
 6.79049e-06 7.52947e-06 8.15871e-06 8.68982e-06 9.10984e-06 9.38466e-06
 9.46835e-06 9.31592e-06 8.89418e-06 8.19036e-06 7.21915e-06 6.02211e-06
 4.65532e-06 3.17217e-06 1.61283e-06 1.63902e-09-1.65038e-06-3.33529e-06
-5.03079e-06-6.68888e-06-8.24360e-06-9.62960e-06-1.07959e-05-1.17138e-05
-1.23802e-05-1.28108e-05-1.30248e-05-1.30277e-05-1.27988e-05-1.22886e-05
-1.14285e-05-1.01440e-05-8.36942e-06-6.06160e-06-3.21701e-06 1.09118e-07
 3.78518e-06 7.59897e-06 1.12762e-05 1.45158e-05 1.70272e-05 1.85668e-05
 1.89732e-05 1.81940e-05 1.62901e-05 1.34217e-05 9.82786e-06 5.80048e-06
 1.65748e-06-2.28074e-06-5.70756e-06-8.34325e-06-9.95156e-06-1.03651e-05
-9.51819e-06-7.47327e-06-4.42355e-06-6.68433e-07 3.42558e-06 7.46927e-06
 1.10919e-05 1.39661e-05 1.58156e-05 1.64241e-05 1.56538e-05 1.34708e-05
 9.96298e-06 5.34760e-06-3.26812e-08-5.73377e-06-1.12685e-05-1.61847e-05
-2.01214e-05-2.28307e-05-2.41810e-05-2.41498e-05-2.28115e-05-2.03227e-05
-1.69038e-05-1.28173e-05-8.34517e-06-3.77028e-06 6.38310e-07 4.63832e-06
 8.02708e-06 1.06569e-05 1.24496e-05 1.34019e-05 1.35761e-05 1.30805e-05
 1.20497e-05 1.06285e-05 8.95816e-06 7.16654e-06 5.36315e-06 3.63774e-06
 2.05886e-06 6.72879e-07-4.95031e-07-1.43800e-06-2.16334e-06-2.68771e-06
-3.03239e-06-3.21982e-06-3.27161e-06-3.20665e-06-3.03838e-06-2.77340e-06
-2.41396e-06-1.96307e-06-1.42882e-06-8.26783e-07-1.82008e-07 4.69368e-07
 1.08064e-06 1.59735e-06 1.96256e-06 2.12749e-06 2.06733e-06 1.79321e-06
 1.35097e-06 8.08728e-07 2.41949e-07-2.79126e-07-6.99364e-07-9.84501e-07
-1.12220e-06-1.12006e-06-1.00193e-06-8.02807e-07-5.63767e-07-3.27894e-07
-1.37068e-07-2.89895e-08
     0.0000e+00     0.0000e+00      0  0  0.00
     512   1.00000  0.0000e+00
-1.66995e-06 1.33973e-06 4.17446e-06 6.73869e-06 8.98787e-06 1.09190e-05
 1.25579e-05 1.39400e-05 1.50889e-05 1.60029e-05 1.66528e-05 1.69872e-05
 1.69398e-05 1.64428e-05 1.54449e-05 1.39287e-05 1.19212e-05 9.49103e-06
 6.73177e-06 3.74044e-06 6.07611e-07-2.57572e-06-5.70969e-06-8.68863e-06
-1.14111e-05-1.37885e-05-1.57505e-05-1.72465e-05-1.82459e-05-1.87401e-05
-1.87415e-05-1.82775e-05-1.73786e-05-1.60656e-05-1.43429e-05-1.22014e-05
-9.62990e-06-6.62750e-06-3.21510e-06 5.50071e-07 4.56164e-06 8.66241e-06
 1.26555e-05 1.63216e-05 1.94390e-05 2.18079e-05 2.32741e-05 2.37466e-05
 2.32030e-05 2.16842e-05 1.92780e-05 1.61012e-05 1.22931e-05 8.01908e-06
 3.46892e-06-1.15504e-06-5.65387e-06-9.84582e-06-1.35762e-05-1.67224e-05
-1.91970e-05-2.09493e-05-2.19642e-05-2.22548e-05-2.18496e-05-2.07797e-05
-1.90688e-05-1.67333e-05-1.37923e-05-1.02800e-05-6.25797e-06-1.82753e-06
 2.86075e-06 7.61008e-06 1.21919e-05 1.63649e-05 1.98980e-05 2.25962e-05
 2.43221e-05 2.50038e-05 2.46297e-05 2.32361e-05 2.08933e-05 1.76989e-05
 1.37817e-05 9.30838e-06 4.47818e-06-4.90686e-07-5.37453e-06-9.95719e-06
-1.40441e-05-1.74741e-05-2.01271e-05-2.19291e-05-2.28519e-05-2.29073e-05
-2.21370e-05-2.05999e-05-1.83602e-05-1.54842e-05-1.20479e-05-8.14603e-06
-3.89943e-06 5.41524e-07 4.99817e-06 9.27232e-06 1.31597e-05 1.64655e-05
 1.90250e-05 2.07267e-05 2.15266e-05 2.14422e-05 2.05319e-05 1.88730e-05
 1.65495e-05 1.36544e-05 1.02992e-05 6.61672e-06 2.75177e-06-1.14932e-06
-4.94098e-06-8.48097e-06-1.16371e-05-1.42947e-05-1.63634e-05-1.77817e-05
-1.85189e-05-1.85740e-05-1.79725e-05-1.67600e-05-1.49918e-05-1.27274e-05
-1.00340e-05-6.99573e-06-3.72010e-06-3.37302e-07 3.00724e-06 6.16439e-06
 8.99211e-06 1.13665e-05 1.31981e-05 1.44479e-05 1.51301e-05 1.52918e-05
 1.49826e-05 1.42330e-05 1.30540e-05 1.14587e-05 9.48618e-06 7.20544e-06
 4.69989e-06 2.05677e-06-6.29970e-07-3.25742e-06-5.71812e-06-7.90764e-06
-9.73189e-06-1.11122e-05-1.19878e-05-1.23181e-05-1.20888e-05-1.13167e-05
-1.00480e-05-8.35495e-06-6.33554e-06-4.11662e-06-1.85096e-06 2.96770e-07
 2.17295e-06 3.65600e-06 4.66844e-06 5.18418e-06 5.23768e-06 4.92837e-06
 4.40511e-06 3.82698e-06 3.31622e-06 2.92860e-06 2.65754e-06 2.46775e-06
 2.32917e-06 2.22022e-06 2.11000e-06 1.95456e-06 1.71333e-06 1.36591e-06
 9.18139e-07 3.99934e-07-1.39523e-07-6.36459e-07-1.01872e-06-1.21755e-06
-1.18525e-06-9.10320e-07-4.22292e-07 2.11707e-07 8.91684e-07 1.48884e-06
 1.85582e-06 1.85148e-06 1.37527e-06 3.93741e-07-1.05178e-06-2.84935e-06
-4.82163e-06-6.73703e-06-8.33991e-06-9.40051e-06-9.76641e-06-9.38854e-06
-8.30603e-06-6.60221e-06-4.37098e-06-1.72275e-06 1.19313e-06 4.19073e-06
 7.07459e-06 9.66724e-06 1.18253e-05 1.34461e-05 1.44719e-05 1.48928e-05
 1.47453e-05 1.40981e-05 1.30254e-05 1.15788e-05 9.77421e-06 7.59477e-06
 5.00341e-06 1.95670e-06-1.57633e-06-5.58299e-06-9.97276e-06-1.45631e-05
-1.90928e-05-2.32475e-05-2.66834e-05-2.90567e-05-3.00679e-05-2.95163e-05
-2.73463e-05-2.36597e-05-1.86786e-05-1.26806e-05-5.95472e-06 1.19611e-06
 8.43856e-06 1.54208e-05 2.18086e-05 2.73190e-05 3.17379e-05 3.49226e-05
 3.68013e-05 3.73733e-05 3.67062e-05 3.49191e-05 3.21505e-05 2.85214e-05
 2.41116e-05 1.89606e-05 1.30852e-05 6.50130e-06-7.51531e-07-8.57376e-06
-1.67684e-05-2.50280e-05-3.29544e-05-4.00934e-05-4.59728e-05-5.01481e-05
-5.22590e-05-5.20864e-05-4.95910e-05-4.49127e-05-3.83245e-05-3.01655e-05
-2.08017e-05-1.06334e-05-1.04596e-07 1.03163e-05 2.01772e-05 2.90795e-05
 3.67041e-05 4.28232e-05 4.73041e-05 5.01108e-05 5.12964e-05 5.09789e-05
 4.93007e-05 4.63857e-05 4.23098e-05 3.71013e-05 3.07658e-05 2.33179e-05
 1.48127e-05 5.38533e-06-4.71264e-06-1.51044e-05-2.53139e-05-3.48086e-05
-4.30502e-05-4.95543e-05-5.39506e-05-5.60235e-05-5.57237e-05-5.31479e-05
-4.84965e-05-4.20310e-05-3.40629e-05-2.49678e-05-1.51850e-05-5.18863e-06
 4.54797e-06 1.35842e-05 2.15370e-05 2.80970e-05 3.30420e-05 3.62489e-05
 3.76986e-05 3.74636e-05 3.56896e-05 3.25816e-05 2.83959e-05 2.34257e-05
 1.79815e-05 1.23728e-05 6.89211e-06 1.79981e-06-2.69109e-06-6.42367e-06
-9.29868e-06-1.12728e-05-1.23581e-05-1.26212e-05-1.21763e-05-1.11694e-05
-9.75798e-06-8.09252e-06-6.30299e-06-4.49253e-06-2.74045e-06-1.11232e-06
 3.32897e-07 1.54394e-06 2.48184e-06 3.12237e-06 3.45525e-06 3.48122e-06
 3.20921e-06 2.65505e-06 1.84182e-06 8.00679e-07-4.28799e-07-1.79703e-06
-3.24159e-06-4.68665e-06-6.04664e-06-7.23121e-06-8.15113e-06-8.72721e-06
-8.90073e-06-8.63955e-06-7.93846e-06-6.81838e-06-5.32787e-06-3.54409e-06
-1.56785e-06 4.89502e-07 2.52366e-06 4.45170e-06 6.21758e-06 7.78775e-06
 9.13867e-06 1.02436e-05 1.10683e-05 1.15754e-05 1.17311e-05 1.15102e-05
 1.08988e-05 9.89593e-06 8.51514e-06 6.78589e-06 4.75555e-06 2.48898e-06
 6.56652e-08-2.42263e-06-4.87284e-06-7.17394e-06-9.21450e-06-1.08912e-05
-1.21170e-05-1.28307e-05-1.30051e-05-1.26499e-05-1.18055e-05-1.05367e-05
-8.92857e-06-7.08112e-06-5.09987e-06-3.08058e-06-1.09371e-06 8.23852e-07
 2.66462e-06 4.43462e-06 6.13194e-06 7.73164e-06 9.18486e-06 1.04263e-05
 1.13821e-05 1.19768e-05 1.21419e-05 1.18238e-05 1.09914e-05 9.64460e-06
 7.81975e-06 5.58988e-06 3.05882e-06 3.53813e-07-2.38034e-06-4.98934e-06
-7.32161e-06-9.24165e-06-1.06423e-05-1.14566e-05-1.16661e-05-1.13008e-05
-1.04310e-05-9.15566e-06-7.59294e-06-5.86904e-06-4.10355e-06-2.39174e-06
-7.89385e-07 6.91413e-07 2.07083e-06 3.37744e-06 4.62282e-06 5.78997e-06
 6.83838e-06 7.71342e-06 8.35250e-06 8.69147e-06 8.67313e-06 8.25563e-06
 7.42068e-06 6.18141e-06 4.58744e-06 2.72311e-06 6.98825e-07-1.35958e-06
-3.31989e-06-5.05256e-06-6.44184e-06-7.39735e-06-7.86453e-06-7.83246e-06
-7.33664e-06-6.45403e-06-5.29171e-06-3.97396e-06-2.62896e-06-1.37349e-06
-2.96328e-07 5.57260e-07 1.19511e-06 1.67402e-06 2.07766e-06 2.48293e-06
 2.93163e-06 3.42395e-06 3.92971e-06 4.39847e-06 4.76373e-06 4.94988e-06
 4.88432e-06 4.51049e-06 3.79978e-06 2.76180e-06 1.45007e-06-4.14833e-08
-1.59068e-06-3.06264e-06-4.32367e-06-5.25282e-06-5.75326e-06-5.76475e-06
-5.27567e-06-4.32963e-06-3.02363e-06-1.49731e-06 8.33481e-08 1.54494e-06
 2.72797e-06 3.50998e-06 3.82570e-06 3.67929e-06 3.14489e-06 2.35142e-06
 1.45170e-06 5.84554e-07-1.52341e-07-7.04286e-07-1.04648e-06-1.17815e-06
-1.12520e-06-9.38311e-07-6.82478e-07-4.22915e-07-2.11500e-07-7.60315e-08
-1.50736e-08-5.84246e-10
     0.0000e+00     0.0000e+00      0  0  0.00
     512   1.00000  0.0000e+00
-2.77628e-06-4.15401e-06-5.35013e-06-6.30909e-06-7.00016e-06-7.41206e-06
-7.54796e-06-7.42167e-06-7.05357e-06-6.46686e-06-5.68576e-06-4.73576e-06
-3.64477e-06-2.44524e-06-1.17515e-06 1.26929e-07 1.43054e-06 2.71699e-06
 3.97378e-06 5.18554e-06 6.32703e-06 7.35857e-06 8.22522e-06 8.86231e-06
 9.20525e-06 9.19972e-06 8.81022e-06 8.02642e-06 6.86725e-06 5.38229e-06
 3.64903e-06 1.76515e-06-1.63393e-07-2.03547e-06-3.76572e-06-5.29106e-06
-6.57238e-06-7.59282e-06-8.35370e-06-8.86860e-06-9.15626e-06-9.23368e-06
-9.11112e-06-8.79027e-06-8.26668e-06-7.53649e-06-6.60209e-06-5.47118e-06
-4.15193e-06-2.65280e-06-9.88565e-07 8.13588e-07 2.71084e-06 4.64165e-06
 6.52449e-06 8.26312e-06 9.75807e-06 1.09192e-05 1.16758e-05 1.19820e-05
 1.18196e-05 1.11981e-05 1.01530e-05 8.74038e-06 7.02850e-06 5.08655e-06
 2.97812e-06 7.61046e-07-1.50857e-06-3.77305e-06-5.97087e-06-8.03410e-06
-9.88668e-06-1.14466e-05-1.26329e-05-1.33729e-05-1.36095e-05-1.33066e-05
-1.24520e-05-1.10550e-05-9.14062e-06-6.75309e-06-3.96415e-06-8.77325e-07
 2.37557e-06 5.63986e-06 8.74534e-06 1.15181e-05 1.37956e-05 1.54417e-05
 1.63614e-05 1.65089e-05 1.58910e-05 1.45637e-05 1.26253e-05 1.02043e-05
 7.44197e-06 4.47680e-06 1.43380e-06-1.57829e-06-4.46695e-06-7.15571e-06
-9.58166e-06-1.16897e-05-1.34281e-05-1.47482e-05-1.56073e-05-1.59701e-05
-1.58095e-05-1.51095e-05-1.38664e-05-1.20888e-05-9.80090e-06-7.05498e-06
-3.94146e-06-5.85214e-07 2.86645e-06 6.25220e-06 9.40352e-06 1.21558e-05
 1.43623e-05 1.59085e-05 1.67244e-05 1.67918e-05 1.61438e-05 1.48551e-05
 1.30289e-05 1.07832e-05 8.23692e-06 5.49928e-06 2.66318e-06-1.93927e-07
-3.00580e-06-5.71337e-06-8.26048e-06-1.05865e-05-1.26183e-05-1.42673e-05
-1.54360e-05-1.60284e-05-1.59634e-05-1.51890e-05-1.36913e-05-1.14995e-05
-8.69246e-06-5.40609e-06-1.82870e-06 1.82216e-06 5.32882e-06 8.49388e-06
 1.11537e-05 1.31894e-05 1.45326e-05 1.51645e-05 1.51112e-05 1.44368e-05
 1.32334e-05 1.16123e-05 9.69415e-06 7.59884e-06 5.43306e-06 3.28051e-06
 1.19783e-06-7.85394e-07-2.66556e-06-4.46039e-06-6.19646e-06-7.88865e-06
-9.52002e-06-1.10330e-05-1.23339e-05-1.33061e-05-1.38285e-05-1.37930e-05
-1.31182e-05-1.17610e-05-9.73410e-06-7.12256e-06-4.08506e-06-8.30135e-07
 2.41674e-06 5.44016e-06 8.05711e-06 1.01352e-05 1.15997e-05 1.24282e-05
 1.26401e-05 1.22868e-05 1.14439e-05 1.02032e-05 8.66680e-06 6.94182e-06
 5.13275e-06 3.33532e-06 1.63343e-06 9.64503e-08-1.22705e-06-2.31603e-06
-3.17576e-06-3.82606e-06-4.28727e-06-4.57449e-06-4.69931e-06-4.67252e-06
-4.50734e-06-4.22301e-06-3.84553e-06-3.41031e-06-2.97195e-06-2.61099e-06
-2.42265e-06-2.48899e-06-2.85193e-06-3.49795e-06-4.35229e-06-5.28520e-06
-6.13387e-06-6.73250e-06-6.93728e-06-6.64046e-06-5.77801e-06-4.33578e-06
-2.35350e-06 7.50196e-08 2.80747e-06 5.66602e-06 8.45524e-06 1.09783e-05
 1.30483e-05 1.44979e-05 1.51905e-05 1.50347e-05 1.39953e-05 1.20990e-05
 9.43280e-06 6.13973e-06 2.41210e-06-1.51569e-06-5.37624e-06-8.89201e-06
-1.18162e-05-1.39718e-05-1.52641e-05-1.56690e-05-1.52154e-05-1.39722e-05
-1.20362e-05-9.52450e-06-6.57184e-06-3.33102e-06 2.89966e-08 3.32820e-06
 6.38427e-06 9.02445e-06 1.10990e-05 1.24955e-05 1.31542e-05 1.30800e-05
 1.23447e-05 1.10753e-05 9.42555e-06 7.54573e-06 5.56545e-06 3.58838e-06
 1.68944e-06-8.72150e-08-1.72234e-06-3.20751e-06-4.53053e-06-5.66378e-06
-6.55859e-06-7.15745e-06-7.42496e-06-7.37199e-06-7.05035e-06-6.52747e-06
-5.86475e-06-5.10707e-06-4.27925e-06-3.39013e-06-2.44388e-06-1.45224e-06
-4.42647e-07 5.36924e-07 1.41602e-06 2.10517e-06 2.50891e-06 2.54822e-06
 2.18547e-06 1.44125e-06 3.97705e-07-8.10972e-07-2.01613e-06-3.03536e-06
-3.69539e-06-3.85659e-06-3.43400e-06-2.40972e-06-8.34902e-07 1.17686e-06
 3.46111e-06 5.81812e-06 8.03170e-06 9.88114e-06 1.11429e-05 1.16011e-05
 1.10800e-05 9.48492e-06 6.83052e-06 3.25701e-06-9.71695e-07-5.49418e-06
-9.89683e-06-1.37639e-05-1.67248e-05-1.84929e-05-1.88909e-05-1.78626e-05
-1.54733e-05-1.18994e-05-7.40084e-06-2.28237e-06 3.14135e-06 8.56765e-06
 1.37174e-05 1.83417e-05 2.22249e-05 2.51817e-05 2.70549e-05 2.77168e-05
 2.70755e-05 2.50839e-05 2.17512e-05 1.71585e-05 1.14698e-05 4.92523e-06
-2.18137e-06-9.51683e-06-1.67131e-05-2.33843e-05-2.91586e-05-3.37030e-05
-3.67431e-05-3.80875e-05-3.76492e-05-3.54504e-05-3.16157e-05-2.63618e-05
-1.99846e-05-1.28398e-05-5.32047e-06 2.17302e-06 9.26863e-06 1.56578e-05
 2.11173e-05 2.55124e-05 2.87882e-05 3.09585e-05 3.20899e-05 3.22793e-05
 3.16297e-05 3.02360e-05 2.81830e-05 2.55429e-05 2.23723e-05 1.87165e-05
 1.46182e-05 1.01194e-05 5.26215e-06 1.02876e-07-5.26921e-06-1.07314e-05
-1.61375e-05-2.13176e-05-2.60742e-05-3.01919e-05-3.34619e-05-3.57082e-05
-3.68087e-05-3.67085e-05-3.54213e-05-3.30177e-05-2.96041e-05-2.53004e-05
-2.02224e-05-1.44746e-05-8.15481e-06-1.36698e-06 5.76983e-06 1.31181e-05
 2.05137e-05 2.77476e-05 3.45485e-05 4.05866e-05 4.54970e-05 4.89084e-05
 5.04727e-05 4.98971e-05 4.69747e-05 4.16156e-05 3.38886e-05 2.40630e-05
 1.26155e-05 1.87069e-07-1.24816e-05-2.46099e-05-3.54395e-05-4.42968e-05
-5.06449e-05-5.41210e-05-5.45646e-05-5.20303e-05-4.67834e-05-3.92816e-05
-3.01502e-05-2.01271e-05-9.96385e-06-3.17818e-07 8.30261e-06 1.55440e-05
 2.11996e-05 2.51972e-05 2.75803e-05 2.84868e-05 2.81233e-05 2.67388e-05
 2.45989e-05 2.19609e-05 1.90515e-05 1.60490e-05 1.30731e-05 1.01905e-05
 7.43614e-06 4.83693e-06 2.42072e-06 2.11728e-07-1.77492e-06-3.53142e-06
-5.05345e-06-6.33891e-06-7.38833e-06-8.20594e-06-8.80165e-06-9.19181e-06
-9.39716e-06-9.43871e-06-9.33423e-06-9.09676e-06-8.73480e-06-8.25327e-06
-7.65491e-06-6.94203e-06-6.11849e-06-5.19116e-06-4.17036e-06-3.06940e-06
-1.90371e-06-6.91059e-07 5.46564e-07 1.77991e-06 2.96855e-06 4.05705e-06
 4.97620e-06 5.65582e-06 6.04663e-06 6.13693e-06 5.95261e-06 5.54355e-06
 4.96949e-06 4.29190e-06 3.56850e-06 2.84786e-06 2.16556e-06 1.54229e-06
 9.83467e-07 4.81458e-07 2.13579e-08-4.11681e-07-8.26759e-07-1.22481e-06
-1.59834e-06-1.93177e-06-2.20280e-06-2.38708e-06-2.46596e-06-2.43261e-06
-2.29219e-06-2.05701e-06-1.74117e-06-1.35769e-06-9.19129e-07-4.40707e-07
 5.44778e-08 5.29990e-07 9.36305e-07 1.22262e-06 1.35572e-06 1.33211e-06
 1.17530e-06 9.23996e-07 6.22541e-07 3.15356e-07 4.09882e-08-1.73257e-07
-3.12571e-07-3.73496e-07-3.63452e-07-3.00249e-07-2.09116e-07-1.16966e-07
-4.61424e-08-9.19423e-09
     0.0000e+00     0.0000e+00      0  0  0.00
     512   1.00000  0.0000e+00
-1.97655e-06-2.19496e-06-2.34819e-06-2.42127e-06-2.40301e-06-2.28647e-06
-2.06893e-06-1.75211e-06-1.34302e-06-8.53996e-07-3.01022e-07 2.98365e-07
 9.24810e-07 1.55446e-06 2.15660e-06 2.69522e-06 3.13523e-06 3.44949e-06
 3.62166e-06 3.64579e-06 3.52544e-06 3.27211e-06 2.90240e-06 2.43590e-06
 1.89447e-06 1.30143e-06 6.79896e-07 5.09985e-08-5.66735e-07-1.15690e-06
-1.70477e-06-2.19730e-06-2.62331e-06-2.97345e-06-3.23952e-06-3.41311e-06
-3.48443e-06-3.44255e-06-3.27712e-06-2.98080e-06-2.55171e-06-1.99569e-06
-1.32780e-06-5.73360e-07 2.30697e-07 1.03550e-06 1.78315e-06 2.41347e-06
 2.87311e-06 3.12419e-06 3.14987e-06 2.95565e-06 2.56704e-06 2.02516e-06
 1.38164e-06 6.93491e-07 1.75081e-08-5.94839e-07-1.10108e-06-1.46992e-06
-1.68239e-06-1.73180e-06-1.62279e-06-1.36976e-06-9.95629e-07-5.30598e-07
-1.01684e-08 5.27731e-07 1.04561e-06 1.50876e-06 1.88698e-06 2.15566e-06
 2.29631e-06 2.29657e-06 2.15070e-06 1.86128e-06 1.44121e-06 9.14421e-07
 3.14933e-07-3.15953e-07-9.33770e-07-1.49578e-06-1.96598e-06-2.31900e-06
-2.54187e-06-2.63313e-06-2.59999e-06-2.45473e-06-2.21182e-06-1.88694e-06
-1.49673e-06-1.05880e-06-5.92016e-07-1.16389e-07 3.48110e-07 7.83680e-07
 1.17699e-06 1.52058e-06 1.81203e-06 2.05141e-06 2.23846e-06 2.37094e-06
 2.44360e-06 2.44749e-06 2.36950e-06 2.19382e-06 1.90561e-06 1.49577e-06
 9.65637e-07 3.30193e-07-3.81975e-07-1.13111e-06-1.86867e-06-2.54052e-06
-3.09405e-06-3.48843e-06-3.70225e-06-3.73448e-06-3.59987e-06-3.32280e-06
-2.93237e-06-2.45877e-06-1.92996e-06-1.36897e-06-7.92829e-07-2.13933e-07
 3.57076e-07 9.08947e-07 1.42961e-06 1.90755e-06 2.33228e-06 2.69302e-06
 2.97786e-06 3.17527e-06 3.27714e-06 3.28115e-06 3.19164e-06 3.01785e-06
 2.77038e-06 2.45875e-06 2.09165e-06 1.67847e-06 1.22981e-06 7.58032e-07
 2.79489e-07-1.84452e-07-6.10499e-07-9.78582e-07-1.27516e-06-1.49376e-06
-1.63463e-06-1.70606e-06-1.72645e-06-1.72372e-06-1.73062e-06-1.77811e-06
-1.88887e-06-2.07178e-06-2.31844e-06-2.60360e-06-2.88991e-06-3.13489e-06
-3.29679e-06-3.33818e-06-3.22829e-06-2.94527e-06-2.47914e-06-1.83494e-06
-1.03402e-06-1.11380e-07 8.89880e-07 1.92329e-06 2.94048e-06 3.89010e-06
 4.71738e-06 5.36677e-06 5.78821e-06 5.94465e-06 5.81714e-06 5.40763e-06
 4.74062e-06 3.86224e-06 2.83582e-06 1.73528e-06 6.37638e-07-3.84502e-07
-1.26925e-06-1.97006e-06-2.45864e-06-2.72587e-06-2.78071e-06-2.64802e-06
-2.36595e-06-1.98147e-06-1.54426e-06-1.10122e-06-6.93614e-07-3.56634e-07
-1.19374e-07-4.06774e-09-2.41720e-08-1.81692e-07-4.64887e-07-8.48051e-07
-1.29456e-06-1.76221e-06-2.20805e-06-2.59213e-06-2.88217e-06-3.05800e-06
-3.11326e-06-3.05417e-06-2.89644e-06-2.66068e-06-2.36718e-06-2.03081e-06
-1.65667e-06-1.23847e-06-7.60971e-07-2.05496e-07 4.43962e-07 1.19553e-06
 2.04503e-06 2.97296e-06 3.94478e-06 4.91437e-06 5.82797e-06 6.62756e-06
 7.25388e-06 7.64927e-06 7.76197e-06 7.55282e-06 7.00146e-06 6.10858e-06
 4.89548e-06 3.40356e-06 1.69339e-06-1.57692e-07-2.05856e-06-3.90741e-06
-5.59645e-06-7.01966e-06-8.08345e-06-8.71706e-06-8.88002e-06-8.56694e-06
-7.80971e-06-6.67592e-06-5.26382e-06-3.69300e-06-2.09073e-06-5.76736e-07
 7.48460e-07 1.81029e-06 2.56306e-06 2.98982e-06 3.09911e-06 2.91937e-06
 2.49399e-06 1.87861e-06 1.13970e-06 3.51305e-07-4.11416e-07-1.08031e-06
-1.60063e-06-1.93310e-06-2.05018e-06-1.93062e-06-1.55986e-06-9.38031e-07
-8.92942e-08 9.35308e-07 2.06352e-06 3.20830e-06 4.27136e-06 5.15164e-06
 5.76245e-06 6.04701e-06 5.98352e-06 5.58190e-06 4.87796e-06 3.92774e-06
 2.80168e-06 1.57809e-06 3.37309e-07-8.43478e-07-1.89462e-06-2.75728e-06
-3.38571e-06-3.75068e-06-3.84556e-06-3.69199e-06-3.33970e-06-2.85839e-06
-2.32582e-06-1.81848e-06-1.40486e-06-1.13758e-06-1.04496e-06-1.12650e-06
-1.35407e-06-1.67752e-06-2.03202e-06-2.34532e-06-2.54541e-06-2.57025e-06
-2.37710e-06-1.94719e-06-1.28654e-06-4.25857e-07 5.80383e-07 1.65852e-06
 2.72536e-06 3.69953e-06 4.50848e-06 5.09117e-06 5.40046e-06 5.40576e-06
 5.09275e-06 4.46082e-06 3.52221e-06 2.30391e-06 8.49487e-07-7.80220e-07
-2.50695e-06-4.23586e-06-5.85935e-06-7.26467e-06-8.34340e-06-9.00124e-06
-9.16834e-06-8.80961e-06-7.93119e-06-6.58058e-06-4.84097e-06-2.82209e-06
-6.46730e-07 1.56677e-06 3.71980e-06 5.73872e-06 7.56934e-06 9.16765e-06
 1.04952e-05 1.15208e-05 1.22237e-05 1.25925e-05 1.26212e-05 1.23041e-05
 1.16339e-05 1.06028e-05 9.20807e-06 7.45732e-06 5.37093e-06 2.98134e-06
 3.33784e-07-2.50898e-06-5.46156e-06-8.41484e-06-1.12398e-05-1.37940e-05
-1.59323e-05-1.75221e-05-1.84561e-05-1.86589e-05-1.80888e-05-1.67450e-05
-1.46790e-05-1.20028e-05-8.88545e-06-5.53746e-06-2.18784e-06 9.39712e-07
 3.64960e-06 5.79239e-06 7.27720e-06 8.07954e-06 8.24288e-06 7.87165e-06
 7.11627e-06 6.15282e-06 5.16036e-06 4.30051e-06 3.70364e-06 3.46290e-06
 3.63395e-06 4.23641e-06 5.25556e-06 6.64637e-06 8.33802e-06 1.02338e-05
 1.22080e-05 1.41056e-05 1.57503e-05 1.69594e-05 1.75643e-05 1.74283e-05
 1.64572e-05 1.46019e-05 1.18578e-05 8.26994e-06 3.94326e-06-9.52593e-07
-6.19626e-06-1.15410e-05-1.67387e-05-2.15535e-05-2.57678e-05-2.91870e-05
-3.16508e-05-3.30434e-05-3.32973e-05-3.23891e-05-3.03372e-05-2.72040e-05
-2.30993e-05-1.81824e-05-1.26564e-05-6.75461e-06-7.22731e-07 5.19836e-06
 1.07863e-05 1.58467e-05 2.02181e-05 2.37750e-05 2.64294e-05 2.81288e-05
 2.88550e-05 2.86236e-05 2.74796e-05 2.54878e-05 2.27291e-05 1.93109e-05
 1.53857e-05 1.11590e-05 6.87258e-06 2.77053e-06-9.30005e-07-4.05481e-06
-6.47768e-06-8.12191e-06-8.96443e-06-9.04379e-06-8.46508e-06-7.39435e-06
-6.04185e-06-4.63741e-06-3.40288e-06-2.52624e-06-2.14188e-06-2.31977e-06
-3.06379e-06-4.31882e-06-5.98397e-06-7.92662e-06-9.99268e-06-1.20141e-05
-1.38199e-05-1.52501e-05-1.61677e-05-1.64631e-05-1.60568e-05-1.49027e-05
-1.29922e-05-1.03600e-05-7.09418e-06-3.34128e-06 7.04944e-07 4.82858e-06
 8.81634e-06 1.24716e-05 1.56172e-05 1.80968e-05 1.97816e-05 2.05844e-05
 2.04733e-05 1.94807e-05 1.77027e-05 1.52876e-05 1.24195e-05 9.30072e-06
 6.12891e-06 3.07273e-06 2.58618e-07-2.23022e-06-4.34850e-06-6.08099e-06
-7.43396e-06-8.42696e-06-9.08535e-06-9.43468e-06-9.49740e-06-9.29070e-06
-8.82509e-06-8.10560e-06-7.13803e-06-5.94030e-06-4.55394e-06-3.04819e-06
-1.51402e-06-5.18337e-08 1.24223e-06 2.28835e-06 3.03144e-06 3.44449e-06
 3.52888e-06 3.31398e-06 2.85580e-06 2.23314e-06 1.54133e-06 8.84461e-07
 3.65754e-07 7.67306e-08
     0.0000e+00     0.0000e+00      0  0  0.00
     512   1.00000  0.0000e+00
 4.64853e-06 2.84370e-05 4.88738e-05 6.47578e-05 7.54430e-05 8.08217e-05
 8.12711e-05 7.75644e-05 7.07513e-05 6.20185e-05 5.25451e-05 4.33760e-05
 3.53321e-05 2.89620e-05 2.45267e-05 2.20098e-05 2.11540e-05 2.15163e-05
 2.25410e-05 2.36494e-05 2.43341e-05 2.42225e-05 2.30885e-05 2.08253e-05
 1.74109e-05 1.28839e-05 7.33108e-06 8.78176e-07-6.31984e-06-1.40887e-05
-2.22414e-05-3.05770e-05-3.88672e-05-4.68430e-05-5.41889e-05-6.05524e-05
-6.55584e-05-6.88248e-05-6.99802e-05-6.86937e-05-6.47197e-05-5.79476e-05
-4.84504e-05-3.65136e-05-2.26302e-05-7.46443e-06 8.19956e-06 2.35174e-05
 3.76504e-05 4.98326e-05 5.94359e-05 6.60382e-05 6.94781e-05 6.98602e-05
 6.74993e-05 6.28351e-05 5.63514e-05 4.85163e-05 3.97466e-05 3.03901e-05
 2.07212e-05 1.09487e-05 1.23279e-06-8.28988e-06-1.74745e-05-2.61435e-05
-3.40766e-05-4.10141e-05-4.66649e-05-5.07155e-05-5.28484e-05-5.27799e-05
-5.03144e-05-4.54017e-05-3.81821e-05-2.90055e-05-1.84108e-05-7.07511e-06
 4.24945e-06 1.48022e-05 2.38851e-05 3.09306e-05 3.55613e-05 3.76444e-05
 3.73197e-05 3.49651e-05 3.11064e-05 2.63107e-05 2.10994e-05 1.58887e-05
 1.09603e-05 6.45935e-06 2.41111e-06-1.24615e-06-4.62017e-06-7.81877e-06
-1.09064e-05-1.38768e-05-1.66488e-05-1.90736e-05-2.09451e-05-2.20139e-05
-2.20157e-05-2.07202e-05-1.79907e-05-1.38352e-05-8.43751e-06-2.16004e-06
 4.48982e-06 1.09183e-05 1.65105e-05 2.06980e-05 2.30293e-05 2.32303e-05
 2.12493e-05 1.72874e-05 1.17946e-05 5.40155e-06-1.19374e-06-7.33392e-06
-1.24803e-05-1.62631e-05-1.85026e-05-1.91994e-05-1.85018e-05-1.66563e-05
-1.39552e-05-1.06858e-05-7.09125e-06-3.35202e-06 4.11611e-07 4.13148e-06
 7.78788e-06 1.14023e-05 1.50135e-05 1.86333e-05 2.21988e-05 2.55397e-05
 2.83737e-05 3.03286e-05 3.09911e-05 2.99676e-05 2.69420e-05 2.17299e-05
 1.43292e-05 4.95500e-06-5.94809e-06-1.77160e-05-2.95163e-05-4.04537e-05
-4.96950e-05-5.65621e-05-6.05864e-05-6.15365e-05-5.94207e-05-5.44610e-05
-4.70431e-05-3.76536e-05-2.68155e-05-1.50354e-05-2.77046e-06 9.57755e-06
 2.16513e-05 3.31300e-05 4.37333e-05 5.32227e-05 6.13851e-05 6.80008e-05
 7.28147e-05 7.55303e-05 7.58321e-05 7.34290e-05 6.81074e-05 5.97832e-05
 4.85421e-05 3.46708e-05 1.86784e-05 1.29702e-06-1.65464e-05-3.37911e-05
-4.93484e-05-6.22406e-05-7.17227e-05-7.73433e-05-7.89592e-05-7.67272e-05
-7.10774e-05-6.26592e-05-5.22609e-05-4.07152e-05-2.88066e-05-1.72050e-05
-6.44215e-06 3.08383e-06 1.11043e-05 1.74777e-05 2.21796e-05 2.52838e-05
 2.69409e-05 2.73553e-05 2.67617e-05 2.54048e-05 2.35210e-05 2.13247e-05
 1.89984e-05 1.66864e-05 1.44937e-05 1.24866e-05 1.06969e-05 9.12771e-06
 7.76021e-06 6.56083e-06 5.48826e-06 4.49970e-06 3.55594e-06 2.62526e-06
 1.68584e-06 7.26914e-07-2.51349e-07-1.23892e-06-2.21777e-06-3.16419e-06
-4.05136e-06-4.85190e-06-5.54023e-06-6.09451e-06-6.49819e-06-6.74096e-06
-6.81925e-06-6.73614e-06-6.50092e-06-6.12827e-06-5.63717e-06-5.04966e-06
-4.38963e-06-3.68150e-06-2.94916e-06-2.21497e-06-1.49898e-06-8.18417e-07
-1.87315e-07 3.83593e-07 8.86836e-07 1.31800e-06 1.67540e-06 1.95974e-06
 2.17362e-06 2.32113e-06 2.40745e-06 2.43844e-06 2.42030e-06 2.35935e-06
 2.26179e-06 2.13354e-06 1.98020e-06 1.80695e-06 1.61858e-06 1.41947e-06
 1.21365e-06 1.00479e-06 7.96303e-07 5.91292e-07 3.92625e-07 2.02915e-07
 2.45232e-08-1.40453e-07-2.90203e-07-4.23223e-07-5.38338e-07-6.34723e-07
-7.11915e-07-7.69820e-07-8.08707e-07-8.29192e-07-8.32221e-07-8.19029e-07
-7.91104e-07-7.50136e-07-6.97971e-07-6.36551e-07-5.67868e-07-4.93910e-07
-4.16611e-07-3.37815e-07-2.59239e-07-1.82438e-07-1.08794e-07-3.94914e-08
 2.44856e-08 8.23557e-08 1.33538e-07 1.77641e-07 2.14457e-07 2.43938e-07
 2.66188e-07 2.81441e-07 2.90040e-07 2.92425e-07 2.89107e-07 2.80659e-07
 2.67693e-07 2.50847e-07 2.30774e-07 2.08125e-07 1.83541e-07 1.57639e-07
 1.31011e-07 1.04207e-07 7.77363e-08 5.20594e-08 2.75836e-08 4.66119e-09
-1.64126e-08-3.54004e-08-5.21223e-08-6.64549e-08-7.83289e-08-8.77263e-08
-9.46771e-08-9.92546e-08-1.01571e-07-1.01772e-07-1.00031e-07-9.65443e-08
-9.15260e-08-8.52007e-08-7.77993e-08-6.95541e-08-6.06939e-08-5.14398e-08
-4.20016e-08-3.25746e-08-2.33374e-08-1.44493e-08-6.04913e-09 1.74541e-09
 8.83852e-09 1.51561e-08 2.06452e-08 2.52733e-08 2.90270e-08 3.19106e-08
 3.39446e-08 3.51637e-08 3.56149e-08 3.53559e-08 3.44523e-08 3.29767e-08
 3.10057e-08 2.86190e-08 2.58970e-08 2.29197e-08 1.97648e-08 1.65070e-08
 1.32162e-08 9.95717e-09 6.78858e-09 3.76234e-09 9.23293e-10-1.69105e-09
-4.05057e-09-6.13251e-09-7.92126e-09-9.40807e-09-1.05906e-08-1.14725e-08
-1.20626e-08-1.23747e-08-1.24267e-08-1.22396e-08-1.18374e-08-1.12461e-08
-1.04929e-08-9.60585e-09-8.61317e-09-7.54261e-09-6.42106e-09-5.27406e-09
-4.12545e-09-2.99707e-09-1.90850e-09-8.76911e-10 8.30929e-11 9.59499e-10
 1.74290e-09 2.42647e-09 3.00582e-09 3.47894e-09 3.84596e-09 4.10905e-09
 4.27211e-09 4.34062e-09 4.32136e-09 4.22221e-09 4.05185e-09 3.81959e-09
 3.53510e-09 3.20820e-09 2.84869e-09 2.46613e-09 2.06970e-09 1.66807e-09
 1.26927e-09 8.80564e-10 5.08435e-10 1.58486e-10-1.64573e-10-4.56942e-10
-7.15724e-10-9.38902e-10-1.12530e-09-1.27455e-09-1.38700e-09-1.46366e-09
-1.50616e-09-1.51659e-09-1.49750e-09-1.45178e-09-1.38255e-09-1.29314e-09
-1.18694e-09-1.06741e-09-9.37929e-10-8.01798e-10-6.62152e-10-5.21929e-10
-3.83824e-10-2.50264e-10-1.23382e-10-5.00418e-12 1.03361e-10 2.00521e-10
 2.85598e-10 3.58017e-10 4.17488e-10 4.63994e-10 4.97761e-10 5.19237e-10
 5.29064e-10 5.28048e-10 5.17131e-10 4.97363e-10 4.69871e-10 4.35831e-10
 3.96444e-10 3.52911e-10 3.06406e-10 2.58064e-10 2.08956e-10 1.60079e-10
 1.12339e-10 6.65453e-11 2.34025e-11-1.64954e-11-5.26661e-11-8.47388e-11
-1.12452e-10-1.35650e-10-1.54276e-10-1.68366e-10-1.78039e-10-1.83488e-10
-1.84971e-10-1.82799e-10-1.77327e-10-1.68941e-10-1.58049e-10-1.45069e-10
-1.30423e-10-1.14527e-10-9.77816e-11-8.05683e-11-6.32430e-11-4.61322e-11
-2.95306e-11-1.36989e-11 1.13651e-12 1.47832e-11 2.70818e-11 3.79048e-11
 4.71542e-11 5.47605e-11 6.06806e-11 6.48970e-11 6.74167e-11 6.82713e-11
 6.75174e-11 6.52373e-11 6.15401e-11 5.65626e-11 5.04702e-11 4.34568e-11
 3.57432e-11 2.75748e-11 1.92167e-11 1.09466e-11 3.04651e-12-4.20865e-12
-1.05637e-11-1.57969e-11-1.97345e-11-2.22640e-11-2.33466e-11-2.30254e-11
-2.14305e-11-1.87780e-11-1.53630e-11-1.15454e-11-7.72902e-12-4.33383e-12
-1.76300e-12-3.65946e-13
     0.0000e+00     0.0000e+00      0  0  0.00
     512   1.00000  0.0000e+00
 1.71316e-05 1.23675e-05 7.67404e-06 3.25899e-06-7.66498e-07-4.37874e-06
-7.62237e-06-1.05917e-05-1.34136e-05-1.62255e-05-1.91460e-05-2.22434e-05
-2.55077e-05-2.88325e-05-3.20146e-05-3.47701e-05-3.67647e-05-3.76556e-05
-3.71441e-05-3.50379e-05-3.13042e-05-2.60811e-05-1.96409e-05-1.23329e-05
-4.52982e-06 3.41430e-06 1.11906e-05 1.85462e-05 2.52812e-05 3.12353e-05
 3.62716e-05 4.02668e-05 4.31096e-05 4.47044e-05 4.49730e-05 4.38559e-05
 4.13178e-05 3.73577e-05 3.20181e-05 2.53873e-05 1.75992e-05 8.83786e-06
-6.47506e-07-1.05294e-05-2.03992e-05-2.97809e-05-3.81597e-05-4.50220e-05
-4.99021e-05-5.24317e-05-5.23903e-05-4.97534e-05-4.47169e-05-3.76695e-05
-2.91213e-05-1.96282e-05-9.73183e-06 8.56780e-08 9.42994e-06 1.80033e-05
 2.55955e-05 3.20609e-05 3.72944e-05 4.12145e-05 4.37579e-05 4.48781e-05
 4.45412e-05 4.27241e-05 3.94215e-05 3.46589e-05 2.85042e-05 2.10708e-05
 1.25206e-05 3.07589e-06-6.95856e-06-1.71796e-05-2.70921e-05-3.61409e-05
-4.37568e-05-4.94110e-05-5.26731e-05-5.32649e-05-5.11056e-05-4.63418e-05
-3.93418e-05-3.06360e-05-2.08282e-05-1.05213e-05-2.67460e-07 9.46666e-06
 1.83217e-05 2.60478e-05 3.24893e-05 3.75592e-05 4.12127e-05 4.34310e-05
 4.42159e-05 4.35859e-05 4.15673e-05 3.81913e-05 3.35025e-05 2.75737e-05
 2.05148e-05 1.24761e-05 3.65197e-06-5.70344e-06-1.52530e-05-2.45654e-05
-3.31342e-05-4.04229e-05-4.59189e-05-4.91896e-05-4.99382e-05-4.80503e-05
-4.36237e-05-3.69739e-05-2.86002e-05-1.91033e-05-9.09555e-06 8.58423e-07
 1.02699e-05 1.87455e-05 2.59987e-05 3.18472e-05 3.61964e-05 3.90171e-05
 4.03249e-05 4.01672e-05 3.86190e-05 3.57761e-05 3.17416e-05 2.66212e-05
 2.05315e-05 1.36107e-05 6.02249e-06-2.04129e-06-1.03525e-05-1.86271e-05
-2.65024e-05-3.35333e-05-3.92241e-05-4.30905e-05-4.47262e-05-4.38676e-05
-4.04486e-05-3.46337e-05-2.68151e-05-1.75743e-05-7.60098e-06 2.41315e-06
 1.18604e-05 2.02520e-05 2.72197e-05 3.25133e-05 3.59986e-05 3.76469e-05
 3.75166e-05 3.57344e-05 3.24790e-05 2.79686e-05 2.24518e-05 1.61917e-05
 9.44482e-06 2.45089e-06-4.56327e-06-1.13818e-05-1.78056e-05-2.36529e-05
-2.87489e-05-3.29028e-05-3.58855e-05-3.74296e-05-3.72662e-05-3.51837e-05
-3.10855e-05-2.50358e-05-1.72936e-05-8.31809e-06 1.26691e-06 1.07507e-05
 1.94481e-05 2.68098e-05 3.24792e-05 3.62818e-05 3.81837e-05 3.82566e-05
 3.66545e-05 3.35926e-05 2.93259e-05 2.41323e-05 1.83007e-05 1.21228e-05
 5.88371e-06-1.53961e-07-5.76793e-06-1.07811e-05-1.50546e-05-1.84884e-05
-2.10323e-05-2.26866e-05-2.34874e-05-2.34822e-05-2.27088e-05-2.11960e-05
-1.89924e-05-1.62085e-05-1.30426e-05-9.78833e-06-6.82336e-06-4.57407e-06
-3.44783e-06-3.73358e-06-5.49193e-06-8.48789e-06-1.22131e-05-1.59859e-05
-1.90777e-05-2.08229e-05-2.07033e-05-1.84081e-05-1.38683e-05-7.26473e-06
 9.88195e-07 1.02830e-05 1.99009e-05 2.91213e-05 3.73076e-05 4.39500e-05
 4.86828e-05 5.12879e-05 5.16846e-05 4.99125e-05 4.61117e-05 4.05050e-05
 3.33836e-05 2.50942e-05 1.60223e-05 6.57282e-06-2.84955e-06-1.18589e-05
-2.01036e-05-2.72785e-05-3.31365e-05-3.75010e-05-4.02799e-05-4.14727e-05
-4.11628e-05-3.94960e-05-3.66572e-05-3.28514e-05-2.82893e-05-2.31772e-05
-1.77070e-05-1.20496e-05-6.35127e-06-7.35536e-07 4.68902e-06 9.81870e-06
 1.45468e-05 1.87610e-05 2.23451e-05 2.51815e-05 2.71540e-05 2.81533e-05
 2.80891e-05 2.69057e-05 2.46004e-05 2.12361e-05 1.69458e-05 1.19249e-05
 6.41926e-06 7.09985e-07-4.90470e-06-1.01289e-05-1.46910e-05-1.83693e-05
-2.10167e-05-2.25735e-05-2.30593e-05-2.25517e-05-2.11631e-05-1.90231e-05
-1.62675e-05-1.30309e-05-9.44057e-06-5.61292e-06-1.65197e-06 2.34763e-06
 6.29293e-06 1.00843e-05 1.36106e-05 1.67500e-05 1.93737e-05 2.13493e-05
 2.25455e-05 2.28417e-05 2.21439e-05 2.04039e-05 1.76385e-05 1.39416e-05
 9.48407e-06 4.50102e-06-7.26371e-07-5.89277e-06-1.06936e-05-1.48504e-05
-1.81355e-05-2.03982e-05-2.15852e-05-2.17409e-05-2.09848e-05-1.94777e-05
-1.73908e-05-1.48840e-05-1.20933e-05-9.12588e-06-6.06007e-06-2.94919e-06
 1.70648e-07 3.26950e-06 6.31026e-06 9.23781e-06 1.19745e-05 1.44214e-05
 1.64622e-05 1.79680e-05 1.88065e-05 1.88566e-05 1.80296e-05 1.62908e-05
 1.36790e-05 1.03144e-05 6.39247e-06 2.16525e-06-2.08286e-06-6.06177e-06
-9.50379e-06-1.21893e-05-1.39690e-05-1.47860e-05-1.46865e-05-1.38084e-05
-1.23468e-05-1.05132e-05-8.50271e-06-6.47158e-06-4.52695e-06-2.72581e-06
-1.08137e-06 4.24904e-07 1.82774e-06 3.16087e-06 4.44127e-06 5.65982e-06
 6.78044e-06 7.74367e-06 8.47079e-06 8.86877e-06 8.84026e-06 8.30126e-06
 7.20302e-06 5.55143e-06 3.41962e-06 9.49650e-07-1.65967e-06-4.17557e-06
-6.35743e-06-7.98391e-06-8.88087e-06-8.94494e-06-8.16051e-06-6.61111e-06
-4.47662e-06-2.00570e-06 5.29281e-07 2.87489e-06 4.82687e-06 6.24810e-06
 7.07473e-06 7.31185e-06 7.02069e-06 6.30011e-06 5.26595e-06 4.03147e-06
 2.69215e-06 1.31860e-06-4.26003e-08-1.36612e-06-2.64657e-06-3.89590e-06
-5.13463e-06-6.37556e-06-7.60498e-06-8.76936e-06-9.77163e-06-1.04788e-05
-1.07400e-05-1.04099e-05-9.37191e-06-7.55989e-06-4.97788e-06-1.71210e-06
 2.06629e-06 6.10621e-06 1.00968e-05 1.37088e-05 1.66429e-05 1.86654e-05
 1.96285e-05 1.94788e-05 1.82547e-05 1.60739e-05 1.31117e-05 9.57480e-06
 5.67559e-06 1.61035e-06-2.45418e-06-6.38296e-06-1.00668e-05-1.34171e-05
-1.63647e-05-1.88580e-05-2.08542e-05-2.23059e-05-2.31482e-05-2.32957e-05
-2.26500e-05-2.11149e-05-1.86157e-05-1.51181e-05-1.06438e-05-5.28350e-06
 7.92915e-07 7.33393e-06 1.40137e-05 2.04503e-05 2.62412e-05 3.10123e-05
 3.44620e-05 3.63838e-05 3.66725e-05 3.53253e-05 3.24362e-05 2.81815e-05
 2.27958e-05 1.65430e-05 9.68907e-06 2.48256e-06-4.85247e-06-1.21111e-05
-1.90972e-05-2.56178e-05-3.14856e-05-3.65196e-05-4.05410e-05-4.33675e-05
-4.48153e-05-4.47120e-05-4.29215e-05-3.93703e-05-3.40688e-05-2.71234e-05
-1.87410e-05-9.22810e-06 1.01517e-06 1.15104e-05 2.17275e-05 3.11246e-05
 3.92013e-05 4.55531e-05 4.99041e-05 5.21106e-05 5.21489e-05 5.01053e-05
 4.61643e-05 4.05918e-05 3.37078e-05 2.58564e-05 1.73788e-05 8.59637e-06
-1.93224e-07-8.70914e-06-1.66805e-05-2.38478e-05-2.99727e-05-3.48450e-05
-3.82840e-05-4.01417e-05-4.03124e-05-3.87524e-05-3.55050e-05-3.07205e-05
-2.46605e-05-1.76852e-05-1.02300e-05-2.77703e-06 4.17659e-06 1.01571e-05
 1.47589e-05 1.76978e-05 1.88645e-05 1.83551e-05 1.64552e-05 1.35833e-05
 1.02197e-05 6.84171e-06 3.86745e-06 1.60583e-06 2.11419e-07-3.48916e-07
-3.09471e-07-9.08534e-08
