      10
(6e12.5)
     0.0000e+00     0.0000e+00      0  0  0.00
     401   1.00000  0.0000e+00
 5.16826e-08 1.13200e-07 1.65973e-07 2.06980e-07 2.34546e-07 2.48287e-07
 2.48955e-07 2.38215e-07 2.18374e-07 1.92088e-07 1.62089e-07 1.30934e-07
 1.00808e-07 7.33877e-08 4.97629e-08 3.04278e-08 1.53267e-08 3.94629e-09
-4.55871e-09-1.12214e-08-1.71147e-08-2.32141e-08-3.02827e-08-3.87869e-08
-4.88496e-08-6.02423e-08-7.24150e-08-8.45581e-08-9.56906e-08-1.04764e-07
-1.10775e-07-1.12868e-07-1.10433e-07-1.03173e-07-9.11501e-08-7.47974e-08
-5.48967e-08-3.25295e-08-8.99909e-09 1.42665e-08 3.58234e-08 5.43240e-08
 6.86237e-08 7.78712e-08 8.15779e-08 7.96588e-08 7.24416e-08 6.06429e-08
 4.53138e-08 2.77583e-08 9.42994e-09-8.18175e-09-2.36698e-08-3.58209e-08
-4.37102e-08-4.67730e-08-4.48468e-08-3.81797e-08-2.74060e-08-1.34913e-08
 2.34893e-09 1.87485e-08 3.42999e-08 4.76649e-08 5.76771e-08 6.34306e-08
 6.43462e-08 6.02148e-08 5.12122e-08 3.78888e-08 2.11323e-08 2.10856e-09
-1.78179e-08-3.71781e-08-5.45027e-08-6.84307e-08-7.78143e-08-8.18139e-08
-7.99750e-08-7.22783e-08-5.91592e-08-4.14900e-08-2.05252e-08 2.18750e-09
 2.49251e-08 4.59266e-08 6.35368e-08 7.63434e-08 8.32955e-08 8.37912e-08
 7.77283e-08 6.55138e-08 4.80328e-08 2.65801e-08 2.76195e-09-2.16233e-08
-4.47172e-08-6.47372e-08-8.01058e-08-8.95678e-08-9.22852e-08-8.79063e-08
-7.66013e-08-5.90637e-08-3.64736e-08-1.04244e-08 1.71839e-08 4.42796e-08
 6.87715e-08 8.87091e-08 1.02438e-07 1.08736e-07 1.06923e-07 9.69288e-08
 7.93135e-08 5.52446e-08 2.64208e-08-5.04581e-09-3.67843e-08-6.63439e-08
-9.13849e-08-1.09865e-07-1.20206e-07-1.21429e-07-1.13240e-07-9.60691e-08
-7.10507e-08-3.99491e-08-5.03771e-09 3.10640e-08 6.55811e-08 9.57905e-08
 1.19231e-07 1.33897e-07 1.38410e-07 1.32140e-07 1.15277e-07 8.88369e-08
 5.46102e-08 1.50365e-08-2.69676e-08-6.82260e-08-1.05544e-07-1.35956e-07
-1.56957e-07-1.66706e-07-1.64177e-07-1.49257e-07-1.22776e-07-8.64612e-08
-4.28361e-08 4.95470e-09 5.33684e-08 9.87269e-08 1.37500e-07 1.66584e-07
 1.83557e-07 1.86887e-07 1.76066e-07 1.51678e-07 1.15374e-07 6.97659e-08
 1.82514e-08-3.52290e-08-8.64787e-08-1.31360e-07-1.66114e-07-1.87668e-07
-1.93892e-07-1.83800e-07-1.57666e-07-1.17046e-07-6.46992e-08-4.41569e-09
 5.92433e-08 1.21271e-07 1.76587e-07 2.20422e-07 2.48700e-07 2.58375e-07
 2.47706e-07 2.16445e-07 1.65915e-07 9.89763e-08 1.98731e-08-6.60315e-08
-1.52619e-07-2.33452e-07-3.02248e-07-3.53363e-07-3.82247e-07-3.85825e-07
-3.62797e-07-3.13798e-07-2.41439e-07-1.50184e-07-4.60973e-08 6.35508e-08
 1.70784e-07 2.67498e-07 3.46078e-07 4.00003e-07 4.24401e-07 4.16500e-07
 3.75948e-07 3.04964e-07 2.08302e-07 9.30216e-08-3.19341e-08-1.56321e-07
-2.69315e-07-3.60324e-07-4.19829e-07-4.40201e-07-4.16428e-07-3.46700e-07
-2.32787e-07-8.01841e-08 1.02018e-07 3.01541e-07 5.03590e-07 6.91767e-07
 8.49166e-07 9.59600e-07 1.00887e-06 9.85982e-07 8.84264e-07 7.02217e-07
 4.44090e-07 1.20078e-07-2.53894e-07-6.56823e-07-1.06370e-06-1.44695e-06
-1.77819e-06-2.03020e-06-2.17897e-06-2.20569e-06-2.09851e-06-1.85400e-06
-1.47790e-06-9.85252e-07-3.99398e-07 2.49282e-07 9.24186e-07 1.58345e-06
 2.18301e-06 2.68147e-06 3.04391e-06 3.24373e-06 3.26365e-06 3.09674e-06
 2.74731e-06 2.23125e-06 1.57553e-06 8.16954e-07 2.02007e-10-8.24673e-07
-1.60534e-06-2.29068e-06-2.83456e-06-3.19955e-06-3.36028e-06-3.30630e-06
-3.04419e-06-2.59872e-06-2.01094e-06-1.33305e-06-6.22366e-07 6.47597e-08
 6.79718e-07 1.18750e-06 1.56797e-06 1.81234e-06 1.92014e-06 1.90087e-06
 1.77529e-06 1.57063e-06 1.31302e-06 1.02468e-06 7.26036e-07 4.37263e-07
 1.75881e-07-4.68437e-08-2.26241e-07-3.61533e-07-4.53984e-07-5.06913e-07
-5.25589e-07-5.16309e-07-4.85519e-07-4.39340e-07-3.83277e-07-3.21991e-07
-2.59227e-07-1.97853e-07-1.39975e-07-8.70612e-08-4.00921e-08 2.87619e-10
 3.36429e-08 5.96735e-08 7.81816e-08 8.90781e-08 9.24278e-08 8.85133e-08
 7.78963e-08 6.14530e-08 4.03805e-08 1.61736e-08-9.43475e-09-3.45697e-08
-5.73336e-08-7.59335e-08-8.88119e-08-9.47731e-08-9.30882e-08-8.35668e-08
-6.65917e-08-4.31120e-08-1.45904e-08 1.70920e-08 4.97661e-08 8.11297e-08
 1.08916e-07 1.31067e-07 1.45887e-07 1.52178e-07 1.49333e-07 1.37386e-07
 1.17017e-07 8.95088e-08 5.66543e-08 2.06286e-08-1.61675e-08-5.12814e-08
-8.23877e-08-1.07455e-07-1.24891e-07-1.33651e-07-1.33317e-07-1.24113e-07
-1.06886e-07-8.30405e-08-5.44227e-08-2.31861e-08 8.37216e-09 3.79807e-08
 6.35586e-08 8.33654e-08 9.61223e-08 1.01098e-07 9.81524e-08 8.77340e-08
 7.08364e-08 4.89120e-08 2.37532e-08-2.64910e-09-2.82590e-08-5.11505e-08
-6.96506e-08-8.24600e-08-8.87429e-08-8.81802e-08-8.09826e-08-6.78617e-08
-4.99623e-08-2.87654e-08-5.96643e-09 1.66622e-08 3.74118e-08 5.47700e-08
 6.75346e-08 7.49013e-08 7.65172e-08 7.24973e-08 6.34012e-08 5.01746e-08
 3.40584e-08 1.64755e-08-1.09563e-09-1.72474e-08-3.07609e-08-4.07057e-08
-4.65127e-08-4.80117e-08-4.54317e-08-3.93639e-08-3.06920e-08-2.04957e-08
-9.93505e-09-1.27990e-10 7.96910e-09 1.36642e-08 1.66054e-08 1.68208e-08
 1.47153e-08 1.10238e-08 6.72168e-09 2.90176e-09 6.25956e-10
     0.0000e+00     0.0000e+00      0  0  0.00
     401   1.00000  0.0000e+00
 4.29484e-08 1.06577e-07 1.63674e-07 2.10817e-07 2.45595e-07 2.66662e-07
 2.73705e-07 2.67354e-07 2.49035e-07 2.20795e-07 1.85093e-07 1.44599e-07
 1.01992e-07 5.97909e-08 2.02139e-08-1.49295e-08-4.43066e-08-6.70944e-08
-8.29757e-08-9.21007e-08-9.50235e-08-9.26188e-08-8.59884e-08-7.63639e-08
-6.50116e-08-5.31411e-08-4.18263e-08-3.19416e-08-2.41207e-08-1.87356e-08
-1.58932e-08-1.54518e-08-1.70542e-08-2.01748e-08-2.41746e-08-2.83612e-08
-3.20496e-08-3.46206e-08-3.55686e-08-3.45376e-08-3.13460e-08-2.59979e-08
-1.86799e-08-9.74358e-09 3.21280e-10 1.09243e-08 2.14198e-08 3.11556e-08
 3.95202e-08 4.59850e-08 5.01441e-08 5.17451e-08 5.07069e-08 4.71233e-08
 4.12541e-08 3.35070e-08 2.44084e-08 1.45650e-08 4.61860e-09-4.79934e-09
-1.31116e-08-1.98324e-08-2.45982e-08-2.71913e-08-2.75536e-08-2.57877e-08
-2.21445e-08-1.70016e-08-1.08343e-08-4.17917e-09 2.40555e-09 8.38157e-09
 1.32710e-08 1.66924e-08 1.83881e-08 1.82410e-08 1.62821e-08 1.26869e-08
 7.76069e-09 1.91099e-09-4.38502e-09-1.06169e-08-1.62797e-08-2.09126e-08
-2.41333e-08-2.56664e-08-2.53646e-08-2.32214e-08-1.93722e-08-1.40828e-08
-7.73096e-09-7.78673e-10 6.26363e-09 1.28780e-08 1.85781e-08 2.29452e-08
 2.56600e-08 2.65267e-08 2.54885e-08 2.26329e-08 1.81840e-08 1.24846e-08
 5.97045e-09-8.62026e-10-7.49525e-09-1.34311e-08-1.82271e-08-2.15293e-08
-2.31003e-08-2.28370e-08-2.07759e-08-1.70905e-08-1.20789e-08-6.13945e-09
 2.59352e-10 6.61519e-09 1.24331e-08 1.72641e-08 2.07353e-08 2.25766e-08
 2.26430e-08 2.09255e-08 1.75503e-08 1.27694e-08 6.93866e-09 4.89808e-10
-6.09673e-09-1.23209e-08-1.77027e-08-2.18237e-08-2.43595e-08-2.51013e-08
-2.39696e-08-2.10182e-08-1.64349e-08-1.05378e-08-3.75645e-09 3.40694e-09
 1.04217e-08 1.67672e-08 2.19651e-08 2.56094e-08 2.73995e-08 2.71755e-08
 2.49414e-08 2.08624e-08 1.52393e-08 8.48005e-09 1.07577e-09-6.42469e-09
-1.34521e-08-1.94681e-08-2.40199e-08-2.67797e-08-2.75580e-08-2.63021e-08
-2.30984e-08-1.81779e-08-1.19121e-08-4.78436e-09 2.65903e-09 9.86175e-09
 1.62960e-08 2.14882e-08 2.50432e-08 2.66782e-08 2.62588e-08 2.38192e-08
 1.95536e-08 1.37898e-08 6.95852e-09-4.33502e-10-7.82864e-09-1.46547e-08
-2.03765e-08-2.45476e-08-2.68474e-08-2.71001e-08-2.52794e-08-2.15090e-08
-1.60605e-08-9.34233e-09-1.87016e-09 5.77731e-09 1.30093e-08 1.92694e-08
 2.40731e-08 2.70404e-08 2.79259e-08 2.66422e-08 2.32723e-08 1.80641e-08
 1.14087e-08 3.80736e-09-4.16509e-09-1.19006e-08-1.88004e-08-2.43192e-08
-2.80102e-08-2.95623e-08-2.88257e-08-2.58240e-08-2.07539e-08-1.39721e-08
-5.97231e-09 2.64887e-09 1.12367e-08 1.91300e-08 2.57133e-08 3.04652e-08
 3.29986e-08 3.30893e-08 3.06940e-08 2.59564e-08 1.91989e-08 1.09005e-08
 1.66268e-09-7.83480e-09-1.68842e-08-2.48017e-08-3.09789e-08-3.49303e-08
-3.63323e-08-3.50500e-08-3.11500e-08-2.48956e-08-1.67274e-08-7.23056e-09
 2.90790e-09 1.29484e-08 2.21513e-08 2.98291e-08 3.53952e-08 3.84056e-08
 3.85919e-08 3.58839e-08 3.04197e-08 2.25431e-08 1.27865e-08 1.83912e-09
-9.49744e-09-2.03658e-08-2.99165e-08-3.73751e-08-4.21066e-08-4.36728e-08
-4.18766e-08-3.67871e-08-2.87439e-08-1.83371e-08-6.36276e-09 6.24083e-09
 1.84726e-08 2.93546e-08 3.80170e-08 4.37710e-08 4.61648e-08 4.50155e-08
 4.04170e-08 3.27231e-08 2.25132e-08 1.05430e-08-2.31222e-09-1.51178e-08
-2.69395e-08-3.69018e-08-4.42427e-08-4.83653e-08-4.88838e-08-4.56606e-08
-3.88311e-08-2.88106e-08-1.62795e-08-2.14435e-09 1.25258e-08 2.65825e-08
 3.88940e-08 4.84445e-08 5.44256e-08 5.63097e-08 5.38972e-08 4.73337e-08
 3.70949e-08 2.39451e-08 8.87200e-09-6.99191e-09-2.24569e-08-3.63638e-08
-4.76679e-08-5.55133e-08-5.92952e-08-5.87043e-08-5.37515e-08-4.47700e-08
-3.23942e-08-1.75153e-08-1.21783e-09 1.52980e-08 3.08029e-08 4.41270e-08
 5.42451e-08 6.03522e-08 6.19255e-08 5.87687e-08 5.10350e-08 3.92256e-08
 2.41625e-08 6.93512e-09-1.11772e-08-2.88013e-08-4.45771e-08-5.72663e-08
-6.58509e-08-6.96128e-08-6.81883e-08-6.15935e-08-5.02225e-08-3.48203e-08
-1.64357e-08 3.64264e-09 2.39671e-08 4.30258e-08 5.93495e-08 7.16259e-08
 7.88119e-08 8.02319e-08 7.56479e-08 6.52914e-08 4.98527e-08 3.04268e-08
 8.42633e-09-1.45287e-08-3.67304e-08-5.65035e-08-7.23198e-08-8.29045e-08
-8.73321e-08-8.51066e-08-7.62200e-08-6.11798e-08-4.09962e-08-1.71227e-08
 8.64738e-09 3.43204e-08 5.78618e-08 7.73598e-08 9.11758e-08 9.80692e-08
 9.72909e-08 8.86443e-08 7.25137e-08 4.98579e-08 2.21679e-08-8.61578e-09
-4.02278e-08-7.02396e-08-9.62477e-08-1.16069e-07-1.27926e-07-1.30597e-07
-1.23524e-07-1.06863e-07-8.14879e-08-4.89329e-08-1.13027e-08 2.88622e-08
 6.87539e-08 1.05496e-07 1.36356e-07 1.58967e-07 1.71518e-07 1.72913e-07
 1.62872e-07 1.41964e-07 1.11570e-07 7.37828e-08 3.12556e-08-1.29979e-08
-5.58294e-08-9.41968e-08-1.25406e-07-1.47332e-07-1.58602e-07-1.58716e-07
-1.48089e-07-1.28022e-07-1.00575e-07-6.83812e-08-3.44004e-08-1.63898e-09
 2.71393e-08 4.96861e-08 6.44963e-08 7.09639e-08 6.94449e-08 6.12146e-08
 4.83165e-08 3.33090e-08 1.89310e-08 7.71584e-09 1.59515e-09
     0.0000e+00     0.0000e+00      0  0  0.00
     401   1.00000  0.0000e+00
-1.62636e-10 4.96519e-08 9.66857e-08 1.38441e-07 1.73025e-07 1.99163e-07
 2.16174e-07 2.23903e-07 2.22645e-07 2.13048e-07 1.96036e-07 1.72736e-07
 1.44417e-07 1.12436e-07 7.81914e-08 4.30714e-08 8.41437e-09-2.45285e-08
-5.46212e-08-8.08660e-08-1.02423e-07-1.18632e-07-1.29040e-07-1.33426e-07
-1.31833e-07-1.24579e-07-1.12259e-07-9.57212e-08-7.60323e-08-5.44186e-08
-3.22005e-08-1.07174e-08 8.75313e-09 2.50763e-08 3.73378e-08 4.49118e-08
 4.75121e-08 4.52202e-08 3.84841e-08 2.80902e-08 1.51088e-08 8.19117e-10
-1.33828e-08-2.60860e-08-3.59711e-08-4.19129e-08-4.30726e-08-3.89718e-08
-2.95434e-08-1.51539e-08 3.40634e-09 2.49640e-08 4.80334e-08 7.09121e-08
 9.17976e-08 1.08917e-07 1.20664e-07 1.25719e-07 1.23171e-07 1.12598e-07
 9.41262e-08 6.84544e-08 3.68299e-08 9.85218e-10-3.69681e-08-7.46802e-08
-1.09728e-07-1.39793e-07-1.62834e-07-1.77246e-07-1.81984e-07-1.76663e-07
-1.61602e-07-1.37824e-07-1.06999e-07-7.13360e-08-3.34222e-08 3.96427e-09
 3.80646e-08 6.63521e-08 8.67355e-08 9.77391e-08 9.86471e-08 8.95985e-08
 7.16213e-08 4.65968e-08 1.71477e-08-1.35393e-08-4.19474e-08-6.44997e-08
-7.78525e-08-7.91946e-08-6.65319e-08-3.89340e-08 3.28665e-09 5.84860e-08
 1.23707e-07 1.94810e-07 2.66714e-07 3.33724e-07 3.89941e-07 4.29708e-07
 4.48088e-07 4.41323e-07 4.07240e-07 3.45559e-07 2.58058e-07 1.48585e-07
 2.28872e-08-1.11726e-07-2.46870e-07-3.73711e-07-4.83682e-07-5.69249e-07
-6.24646e-07-6.46523e-07-6.34430e-07-5.91055e-07-5.22188e-07-4.36369e-07
-3.44221e-07-2.57466e-07-1.87698e-07-1.44967e-07-1.36309e-07-1.64368e-07
-2.26258e-07-3.12837e-07-4.08549e-07-4.91974e-07-5.37288e-07-5.17123e-07
-4.07828e-07-1.97061e-07 1.09915e-07 4.90193e-07 9.09096e-07 1.32667e-06
 1.70196e-06 1.99663e-06 2.17885e-06 2.22653e-06 2.12904e-06 1.88779e-06
 1.51598e-06 1.03762e-06 4.85382e-07-1.02222e-07-6.84095e-07-1.21973e-06
-1.67191e-06-2.00957e-06-2.21179e-06-2.27113e-06-2.19248e-06-1.98934e-06
-1.68170e-06-1.29556e-06-8.62459e-07-4.18073e-07 9.80933e-10 3.62476e-07
 6.44127e-07 8.35976e-07 9.38697e-07 9.60619e-07 9.15402e-07 8.19977e-07
 6.92933e-07 5.52708e-07 4.14205e-07 2.86500e-07 1.74381e-07 8.09808e-08
 8.34305e-09-4.32509e-08-7.53128e-08-9.04711e-08-9.18946e-08-8.29397e-08
-6.68517e-08-4.65697e-08-2.46122e-08-2.99498e-09 1.67739e-08 3.36351e-08
 4.69009e-08 5.61696e-08 6.12421e-08 6.20609e-08 5.86718e-08 5.12088e-08
 3.99030e-08 2.51029e-08 7.29649e-09-1.28716e-08-3.45948e-08-5.69164e-08
-7.87589e-08-9.89717e-08-1.16392e-07-1.29918e-07-1.38581e-07-1.41632e-07
-1.38602e-07-1.29365e-07-1.14160e-07-9.36051e-08-6.86664e-08-4.06147e-08
-1.09472e-08 1.87058e-08 4.66879e-08 7.14283e-08 9.15493e-08 1.05963e-07
 1.13944e-07 1.15183e-07 1.09806e-07 9.83640e-08 8.18002e-08 6.13788e-08
 3.85952e-08 1.50689e-08-7.57229e-09-2.78065e-08-4.43249e-08-5.61213e-08
-6.25591e-08-6.34104e-08-5.88643e-08-4.95046e-08-3.62579e-08-2.03173e-08
-3.04850e-09 1.41138e-08 2.97745e-08 4.26836e-08 5.18288e-08 5.65082e-08
 5.63784e-08 5.14752e-08 4.22059e-08 2.93136e-08 1.38162e-08-3.07325e-09
-2.00414e-08-3.57757e-08-4.90644e-08-5.88875e-08-6.44924e-08-6.54494e-08
-6.16826e-08-5.34746e-08-4.14425e-08-2.64897e-08-9.73449e-09 7.57600e-09
 2.41601e-08 3.87970e-08 5.04186e-08 5.81894e-08 6.15666e-08 6.03377e-08
 5.46341e-08 4.49195e-08 3.19539e-08 1.67349e-08 4.22184e-10-1.57504e-08
-3.05683e-08-4.29281e-08-5.19188e-08-5.68888e-08-5.74927e-08-5.37158e-08
-4.58725e-08-3.45797e-08-2.07087e-08-5.31788e-09 1.04273e-08 2.53422e-08
 3.83114e-08 4.83722e-08 5.47871e-08 5.70986e-08 5.51615e-08 4.91514e-08
 3.95485e-08 2.71006e-08 1.27653e-08-2.36372e-09-1.71403e-08-3.04530e-08
-4.13081e-08-4.89046e-08-5.26929e-08-5.24162e-08-4.81291e-08-4.01925e-08
-2.92448e-08-1.61514e-08-1.93773e-09 1.22902e-08 2.54299e-08 3.64656e-08
 4.45456e-08 4.90468e-08 4.96218e-08 4.62253e-08 3.91188e-08 2.88497e-08
 1.62098e-08 2.17393e-09-1.21735e-08-2.57216e-08-3.74173e-08-4.63456e-08
-5.17985e-08-5.33301e-08-5.07913e-08-4.43423e-08-3.44411e-08-2.18091e-08
-7.37699e-09 7.78486e-09 2.25471e-08 3.58057e-08 4.65635e-08 5.40059e-08
 5.75645e-08 5.69606e-08 5.22262e-08 4.37015e-08 3.20089e-08 1.80057e-08
 2.72094e-09-1.27190e-08-2.71756e-08-3.95850e-08-4.90372e-08-5.48432e-08
-5.65879e-08-5.41612e-08-4.77648e-08-3.78958e-08-2.53090e-08-1.09584e-08
 4.07304e-09 1.86545e-08 3.16942e-08 4.22227e-08 4.94645e-08 5.28953e-08
 5.22819e-08 4.76994e-08 3.95219e-08 2.83934e-08 1.51763e-08 8.83656e-10
-1.33981e-08-2.65915e-08-3.77112e-08-4.59413e-08-5.06974e-08-5.16686e-08
-4.88379e-08-4.24793e-08-3.31337e-08-2.15655e-08-8.69971e-09 4.45648e-09
 1.68970e-08 2.76963e-08 3.60812e-08 4.14915e-08 4.36221e-08 4.24451e-08
 3.82070e-08 3.14005e-08 2.27147e-08 1.29705e-08 3.04544e-09-6.20640e-09
-1.40311e-08-1.98442e-08-2.32833e-08-2.42376e-08-2.28512e-08-1.95008e-08
-1.47494e-08-9.28090e-09-3.81970e-09 9.58159e-10 4.51206e-09 6.51129e-09
 6.88838e-09 5.86272e-09 3.93035e-09 1.81971e-09 4.11730e-10
     0.0000e+00     0.0000e+00      0  0  0.00
     401   1.00000  0.0000e+00
 5.13264e-08 1.24881e-07 1.89191e-07 2.40600e-07 2.76914e-07 2.97358e-07
 3.02433e-07 2.93682e-07 2.73416e-07 2.44411e-07 2.09622e-07 1.71911e-07
 1.33830e-07 9.74681e-08 6.43535e-08 3.54288e-08 1.10760e-08-8.81280e-09
-2.47293e-08-3.74168e-08-4.77310e-08-5.65114e-08-6.44759e-08-7.21409e-08
-7.97709e-08-8.73589e-08-9.46393e-08-1.01136e-07-1.06236e-07-1.09275e-07
-1.09617e-07-1.06739e-07-1.00301e-07-9.02085e-08-7.66425e-08-6.00667e-08
-4.12007e-08-2.09717e-08-4.52251e-10 1.92140e-08 3.69004e-08 5.15900e-08
 6.24592e-08 6.89425e-08 7.07751e-08 6.80150e-08 6.10441e-08 5.05437e-08
 3.74458e-08 2.28574e-08 7.97293e-09-6.01508e-09-1.80032e-08-2.70609e-08
-3.25050e-08-3.39550e-08-3.13625e-08-2.50100e-08-1.54855e-08-3.63703e-09
 9.49141e-09 2.27404e-08 3.49295e-08 4.49556e-08 5.18813e-08 5.50082e-08
 5.39322e-08 4.85789e-08 3.92162e-08 2.64393e-08 1.11269e-08-5.62731e-09
-2.25972e-08-3.85166e-08-5.21746e-08-6.25098e-08-6.86954e-08-7.02077e-08
-6.68694e-08-5.88657e-08-4.67343e-08-3.13280e-08-1.37552e-08 4.70142e-09
 2.26815e-08 3.88499e-08 5.19986e-08 6.11391e-08 6.55792e-08 6.49780e-08
 5.93750e-08 4.91912e-08 3.51991e-08 1.84674e-08 2.81340e-10-1.79534e-08
-3.48177e-08-4.89871e-08-5.93347e-08-6.50190e-08-6.55505e-08-6.08335e-08
-5.11771e-08-3.72748e-08-2.01551e-08-1.10617e-09 1.84201e-08 3.69177e-08
 5.29400e-08 6.52115e-08 7.27261e-08 7.48276e-08 7.12625e-08 6.22051e-08
 4.82489e-08 3.03688e-08 9.85295e-09-1.17891e-08-3.29368e-08-5.19786e-08
-6.74338e-08-7.80674e-08-8.29892e-08-8.17296e-08-7.42844e-08-6.11262e-08
-4.31782e-08-2.17520e-08 1.54724e-09 2.49423e-08 4.66223e-08 6.48873e-08
 7.82874e-08 8.57425e-08 8.66341e-08 8.08581e-08 6.88357e-08 5.14798e-08
 3.01208e-08 6.39925e-09-1.78658e-08-4.08194e-08-6.07135e-08-7.60374e-08
-8.56272e-08-8.87474e-08-8.51396e-08-7.50381e-08-5.91521e-08-3.86163e-08
-1.49142e-08 1.02226e-08 3.49337e-08 5.73602e-08 7.57801e-08 8.87372e-08
 9.51558e-08 9.44305e-08 8.64826e-08 7.17769e-08 5.12968e-08 2.64778e-08
-8.94100e-10-2.88115e-08-5.51917e-08-7.80288e-08-9.55407e-08-1.06302e-07
-1.09355e-07-1.04291e-07-9.12952e-08-7.11574e-08-4.52331e-08-1.53632e-08
 1.62509e-08 4.72090e-08 7.51010e-08 9.77052e-08 1.13180e-07 1.20226e-07
 1.18204e-07 1.07194e-07 8.79907e-08 6.20404e-08 3.13211e-08-1.81261e-09
-3.48110e-08-6.51187e-08-9.03610e-08-1.08516e-07-1.18068e-07-1.18125e-07
-1.08504e-07-8.97721e-08-6.32264e-08-3.08217e-08 4.96267e-09 4.13058e-08
 7.52667e-08 1.04022e-07 1.25101e-07 1.36586e-07 1.37272e-07 1.26771e-07
 1.05542e-07 7.48719e-08 3.67863e-08-6.08444e-09-5.06851e-08-9.37479e-08
-1.32028e-07-1.62544e-07-1.82816e-07-1.91065e-07-1.86373e-07-1.68777e-07
-1.39283e-07-9.98119e-08-5.30607e-08-2.30972e-09 4.88228e-08 9.66519e-08
 1.37704e-07 1.68984e-07 1.88209e-07 1.93998e-07 1.85998e-07 1.64929e-07
 1.32554e-07 9.15633e-08 4.53820e-08-2.08371e-09-4.67480e-08-8.46675e-08
-1.12361e-07-1.27106e-07-1.27180e-07-1.12040e-07-8.24087e-08-4.02743e-08
 1.12213e-08 6.79844e-08 1.25256e-07 1.77959e-07 2.21081e-07 2.50067e-07
 2.61188e-07 2.51862e-07 2.20905e-07 1.68692e-07 9.72127e-08 1.00032e-08
-8.80363e-08-1.90945e-07-2.92098e-07-3.84674e-07-4.62143e-07-5.18759e-07
-5.49993e-07-5.52899e-07-5.26372e-07-4.71289e-07-3.90512e-07-2.88751e-07
-1.72288e-07-4.85578e-08 7.43742e-08 1.88415e-07 2.86072e-07 3.61048e-07
 4.08775e-07 4.26823e-07 4.15166e-07 3.76279e-07 3.15063e-07 2.38573e-07
 1.55583e-07 7.59721e-08 9.98476e-09-3.26030e-08-4.33425e-08-1.59307e-08
 5.30794e-08 1.63734e-07 3.12343e-07 4.91385e-07 6.89673e-07 8.92798e-07
 1.08383e-06 1.24429e-06 1.35528e-06 1.39884e-06 1.35932e-06 1.22474e-06
 9.88047e-07 6.48133e-07 2.10592e-07-3.11891e-07-8.99558e-07-1.52604e-06
-2.15930e-06-2.76301e-06-3.29839e-06-3.72636e-06-4.01000e-06-4.11709e-06
-4.02264e-06-3.71121e-06-3.17902e-06-2.43564e-06-1.50632e-06-4.35335e-07
 7.12863e-07 1.86045e-06 2.92975e-06 3.85392e-06 4.57996e-06 5.06844e-06
 5.29434e-06 5.24894e-06 4.94074e-06 4.39472e-06 3.65008e-06 2.75738e-06
 1.77504e-06 7.65536e-07-2.09043e-07-1.09153e-06-1.83410e-06-2.40203e-06
-2.77659e-06-2.95663e-06-2.95745e-06-2.80521e-06-2.53030e-06-2.16530e-06
-1.74522e-06-1.30706e-06-8.87853e-07-5.20520e-07-2.28510e-07-2.39263e-08
 9.04301e-08 1.21348e-07 8.92838e-08 2.72303e-08-3.15380e-08-6.83375e-08
-8.20702e-08-7.78810e-08-5.58103e-08-1.15742e-08 5.60903e-08 1.42715e-07
 2.40807e-07 3.42396e-07 4.39756e-07 5.25851e-07 5.94812e-07 6.42175e-07
 6.65099e-07 6.62553e-07 6.35230e-07 5.85291e-07 5.16068e-07 4.31749e-07
 3.37058e-07 2.36950e-07 1.36316e-07 3.96923e-08-4.89873e-08-1.26599e-07
-1.90940e-07-2.40753e-07-2.75669e-07-2.96088e-07-3.03014e-07-2.97907e-07
-2.82546e-07-2.58908e-07-2.29045e-07-1.94974e-07-1.58589e-07-1.21595e-07
-8.54775e-08-5.14774e-08-2.05986e-08 6.38061e-09 2.88885e-08 4.65429e-08
 5.91382e-08 6.66410e-08 6.91987e-08 6.71571e-08 6.10799e-08 5.17700e-08
 4.02816e-08 2.79171e-08 1.61958e-08 6.79299e-09 1.44392e-09
     0.0000e+00     0.0000e+00      0  0  0.00
     401   1.00000  0.0000e+00
 1.13931e-07 1.90978e-07 2.58721e-07 3.13211e-07 3.51778e-07 3.73078e-07
 3.77047e-07 3.64767e-07 3.38261e-07 3.00251e-07 2.53895e-07 2.02514e-07
 1.49342e-07 9.73029e-08 4.88170e-08 5.66863e-09-3.10752e-08-6.10776e-08
-8.46788e-08-1.02786e-07-1.16719e-07-1.28032e-07-1.38335e-07-1.49116e-07
-1.61599e-07-1.76628e-07-1.94571e-07-2.15271e-07-2.38028e-07-2.61623e-07
-2.84402e-07-3.04391e-07-3.19454e-07-3.27456e-07-3.26436e-07-3.14768e-07
-2.91294e-07-2.55441e-07-2.07292e-07-1.47631e-07-7.79373e-08-3.32264e-10
 8.25343e-08 1.67644e-07 2.51811e-07 3.31900e-07 4.05044e-07 4.68847e-07
 5.21557e-07 5.62176e-07 5.90526e-07 6.07224e-07 6.13597e-07 6.11524e-07
 6.03205e-07 5.90891e-07 5.76578e-07 5.61699e-07 5.46843e-07 5.31517e-07
 5.13993e-07 4.91249e-07 4.59043e-07 4.12126e-07 3.44583e-07 2.50324e-07
 1.23664e-07-3.99942e-08-2.43458e-07-4.87050e-07-7.67997e-07-1.07997e-06
-1.41284e-06-1.75265e-06-2.08197e-06-2.38050e-06-2.62610e-06-2.79603e-06
-2.86858e-06-2.82477e-06-2.65016e-06-2.33665e-06-1.88402e-06-1.30109e-06
-6.06504e-07 1.71174e-07 9.93835e-07 1.81456e-06 2.57894e-06 3.22970e-06
 3.71806e-06 4.01668e-06 4.12284e-06 4.04984e-06 3.81752e-06 3.44904e-06
 2.97115e-06 2.41385e-06 1.80856e-06 1.18611e-06 5.75288e-07 2.02948e-09
-5.11341e-07-9.47058e-07-1.29293e-06-1.54327e-06-1.69977e-06-1.77197e-06
-1.77623e-06-1.73357e-06-1.66669e-06-1.59426e-06-1.52562e-06-1.46061e-06
-1.39288e-06-1.31360e-06-1.21685e-06-1.10473e-06-9.86238e-07-8.68837e-07
-7.52876e-07-6.36758e-07-5.23314e-07-4.14559e-07-3.02518e-07-1.73387e-07
-2.22581e-08 1.40853e-07 3.00757e-07 4.49239e-07 5.85478e-07 7.08570e-07
 8.14502e-07 8.98908e-07 9.59134e-07 9.93819e-07 1.00227e-06 9.84431e-07
 9.40971e-07 8.73424e-07 7.84200e-07 6.76477e-07 5.54108e-07 4.21537e-07
 2.83662e-07 1.45648e-07 1.26899e-08-1.10275e-07-2.18845e-07-3.09398e-07
-3.79299e-07-4.27046e-07-4.52333e-07-4.56032e-07-4.40104e-07-4.07459e-07
-3.61755e-07-3.07142e-07-2.47971e-07-1.88520e-07-1.32715e-07-8.38864e-08
-4.45630e-08-1.63362e-08 2.04267e-10 5.45943e-09 7.38671e-10-1.18885e-08
-2.97903e-08-5.00052e-08-6.94932e-08-8.53903e-08-9.52411e-08-9.71897e-08
-9.01183e-08-7.37266e-08-4.85499e-08-1.59099e-08 2.21968e-08 6.32608e-08
 1.04458e-07 1.42874e-07 1.75730e-07 2.00601e-07 2.15601e-07 2.19521e-07
 2.11925e-07 1.93179e-07 1.64431e-07 1.27519e-07 8.48355e-08 3.91535e-08
-6.57786e-09-4.94473e-08-8.67917e-08-1.16384e-07-1.36584e-07-1.46450e-07
-1.45791e-07-1.35172e-07-1.15853e-07-8.96875e-08-5.89637e-08-2.62333e-08
 5.88434e-09 3.48993e-08 5.86349e-08 7.53845e-08 8.40321e-08 8.41282e-08
 7.59117e-08 6.02752e-08 3.86837e-08 1.30550e-08-1.43907e-08-4.13089e-08
-6.54188e-08-8.46806e-08-9.74499e-08-1.02601e-07-9.96119e-08-8.86035e-08
-7.03267e-08-4.61043e-08-1.77257e-08 1.26935e-08 4.28761e-08 7.05545e-08
 9.36397e-08 1.10380e-07 1.19498e-07 1.20286e-07 1.12659e-07 9.71532e-08
 7.48898e-08 4.74895e-08 1.69517e-08-1.44983e-08-4.45775e-08-7.11163e-08
-9.22198e-08-1.06408e-07-1.12721e-07-1.10790e-07-1.00853e-07-8.37466e-08
-6.08313e-08-3.38910e-08-4.99279e-09 2.36710e-08 4.99475e-08 7.18855e-08
 8.78816e-08 9.67997e-08 9.80529e-08 9.16434e-08 7.81583e-08 5.87210e-08
 3.49026e-08 8.59950e-09-1.81129e-08-4.31386e-08-6.45204e-08-8.05903e-08
-9.00993e-08-9.23152e-08-8.70779e-08-7.48071e-08-5.64652e-08-3.34812e-08
-7.64384e-09 1.90312e-08 4.44547e-08 6.66260e-08 8.37890e-08 9.45682e-08
 9.80756e-08 9.39801e-08 8.25343e-08 6.45555e-08 4.13640e-08 1.46842e-08
-1.34848e-08-4.10196e-08-6.58307e-08-8.60202e-08-1.00027e-07-1.06746e-07
-1.05620e-07-9.66779e-08-8.05376e-08-5.83606e-08-3.17639e-08-2.69760e-09
 2.66996e-08 5.42580e-08 7.79378e-08 9.59808e-08 1.07044e-07 1.10304e-07
 1.05524e-07 9.30670e-08 7.38674e-08 4.93602e-08 2.13743e-08-8.00320e-09
-3.65831e-08-6.22400e-08-8.30741e-08-9.75527e-08-1.04622e-07-1.03786e-07
-9.51497e-08-7.94106e-08-5.78056e-08-3.20100e-08-4.00886e-09 2.40516e-08
 5.00240e-08 7.19210e-08 8.80696e-08 9.72438e-08 9.87601e-08 9.25259e-08
 7.90422e-08 5.93683e-08 3.50441e-08 7.97475e-09-1.97180e-08-4.58628e-08
-6.84074e-08-8.55735e-08-9.59915e-08-9.88099e-08-9.37684e-08-8.12229e-08
-6.21172e-08-3.79095e-08-1.04645e-08 1.80851e-08 4.54996e-08 6.96058e-08
 8.84694e-08 1.00548e-07 1.04809e-07 1.00812e-07 8.87476e-08 6.94315e-08
 4.42509e-08 1.50623e-08-1.59505e-08-4.64412e-08-7.40759e-08-9.67084e-08
-1.12543e-07-1.20278e-07-1.19208e-07-1.09284e-07-9.11163e-08-6.59315e-08
-3.54840e-08-1.92775e-09 3.23424e-08 6.48720e-08 9.33336e-08 1.15701e-07
 1.30402e-07 1.36431e-07 1.33423e-07 1.21678e-07 1.02135e-07 7.62928e-08
 4.60866e-08 1.37356e-08-1.84335e-08-4.81687e-08-7.34661e-08-9.27231e-08
-1.04856e-07-1.09375e-07-1.06404e-07-9.66524e-08-8.13361e-08-6.20557e-08
-4.06430e-08-1.89897e-08 1.12568e-09 1.81977e-08 3.11241e-08 3.92942e-08
 4.26252e-08 4.15431e-08 3.69078e-08 2.98893e-08 2.18066e-08 1.39463e-08
 7.37764e-09 2.78853e-09 3.60856e-10-2.94939e-10-1.32637e-10
     0.0000e+00     0.0000e+00      0  0  0.00
     401   1.00000  0.0000e+00
-6.72385e-07-7.07033e-07-7.31361e-07-7.42946e-07-7.38870e-07-7.16221e-07
-6.72586e-07-6.06494e-07-5.17737e-07-4.07549e-07-2.78580e-07-1.34697e-07
 1.94023e-08 1.78697e-07 3.38406e-07 4.94517e-07 6.44175e-07 7.85805e-07
 9.18740e-07 1.04189e-06 1.15148e-06 1.23997e-06 1.29942e-06 1.32712e-06
 1.32649e-06 1.30162e-06 1.25215e-06 1.17326e-06 1.05873e-06 9.03508e-07
 7.04842e-07 4.62802e-07 1.80879e-07-1.33434e-07-4.68492e-07-8.09018e-07
-1.13722e-06-1.43422e-06-1.68153e-06-1.86196e-06-1.96100e-06-1.96979e-06
-1.88825e-06-1.72503e-06-1.49443e-06-1.21327e-06-8.98988e-07-5.68530e-07
-2.37464e-07 8.05481e-08 3.73773e-07 6.32050e-07 8.45819e-07 1.00446e-06
 1.09663e-06 1.11604e-06 1.06912e-06 9.75409e-07 8.57595e-07 7.30857e-07
 6.02191e-07 4.77050e-07 3.62122e-07 2.62306e-07 1.79119e-07 1.12675e-07
 6.27114e-08 2.75071e-08 3.67976e-09-1.25636e-08-2.46508e-08-3.56171e-08
-4.78969e-08-6.30087e-08-8.15575e-08-1.03387e-07-1.27672e-07-1.53040e-07
-1.77775e-07-2.00043e-07-2.18091e-07-2.30414e-07-2.35892e-07-2.33894e-07
-2.24355e-07-2.07768e-07-1.85090e-07-1.57604e-07-1.26811e-07-9.43287e-08
-6.17842e-08-3.07096e-08-2.43981e-09 2.19655e-08 4.17733e-08 5.66078e-08
 6.64528e-08 7.16182e-08 7.26834e-08 7.04298e-08 6.57658e-08 5.96461e-08
 5.29934e-08 4.66306e-08 4.12265e-08 3.72549e-08 3.49728e-08 3.44166e-08
 3.54145e-08 3.76142e-08 4.05253e-08 4.35724e-08 4.61531e-08 4.76950e-08
 4.77073e-08 4.58241e-08 4.18364e-08 3.57106e-08 2.75906e-08 1.77874e-08
 6.75574e-09-4.93906e-09-1.66633e-08-2.77627e-08-3.76103e-08-4.56517e-08
-5.14441e-08-5.46882e-08-5.52489e-08-5.31635e-08-4.86367e-08-4.20232e-08
-3.38018e-08-2.45423e-08-1.48654e-08-5.39783e-09 3.27392e-09 1.06443e-08
 1.63209e-08 2.00476e-08 2.17165e-08 2.13716e-08 1.92018e-08 1.55250e-08
 1.07607e-08 5.39389e-09-6.51824e-11-5.12014e-09-9.32329e-09-1.23066e-08
-1.38084e-08-1.36942e-08-1.19673e-08-8.76829e-09-4.36177e-09 8.87886e-10
 6.54795e-09 1.21517e-08 1.72335e-08 2.13648e-08 2.41873e-08 2.54415e-08
 2.49872e-08 2.28160e-08 1.90512e-08 1.39383e-08 7.82419e-09 1.13097e-09
-5.67392e-09-1.21085e-08-1.77092e-08-2.20655e-08-2.48552e-08-2.58728e-08
-2.50476e-08-2.24496e-08-1.82820e-08-1.28639e-08-6.60594e-09 1.89756e-11
 6.50943e-09 1.23728e-08 1.71647e-08 2.05254e-08 2.22088e-08 2.20996e-08
 2.02185e-08 1.67174e-08 1.18681e-08 6.04391e-09-3.04684e-10-6.68090e-09
-1.25774e-08-1.75158e-08-2.10880e-08-2.29929e-08-2.30641e-08-2.12857e-08
-1.77950e-08-1.28695e-08-6.90078e-09-3.57911e-10 6.25172e-09 1.24212e-08
 1.76800e-08 2.16272e-08 2.39598e-08 2.44968e-08 2.31940e-08 2.01496e-08
 1.55972e-08 9.88874e-09 3.46762e-09-3.16685e-09-9.50092e-09-1.50513e-08
-1.94081e-08-2.22697e-08-2.34634e-08-2.29505e-08-2.08181e-08-1.72617e-08
-1.25645e-08-7.07706e-09-1.19588e-09 4.66060e-09 1.00815e-08 1.46933e-08
 1.81864e-08 2.03341e-08 2.10059e-08 2.01751e-08 1.79202e-08 1.44178e-08
 9.92776e-09 4.77120e-09-6.92937e-10-6.08920e-09-1.10441e-08-1.52060e-08
-1.82693e-08-2.00013e-08-2.02643e-08-1.90271e-08-1.63692e-08-1.24763e-08
-7.62952e-09-2.18430e-09 3.45806e-09 8.88282e-09 1.36943e-08 1.75448e-08
 2.01587e-08 2.13500e-08 2.10319e-08 1.92206e-08 1.60321e-08 1.16765e-08
 6.44552e-09 6.95118e-10-5.17589e-09-1.07503e-08-1.56189e-08-1.94077e-08
-2.18064e-08-2.25967e-08-2.16777e-08-1.90822e-08-1.49813e-08-9.67611e-09
-3.57583e-09 2.83455e-09 9.03590e-09 1.45226e-08 1.88508e-08 2.16786e-08
 2.27950e-08 2.21328e-08 1.97673e-08 1.59021e-08 1.08455e-08 4.98211e-09
-1.25798e-09-7.42874e-09-1.30955e-08-1.78582e-08-2.13722e-08-2.33685e-08
-2.36724e-08-2.22217e-08-1.90802e-08-1.44434e-08-8.63342e-09-2.07873e-09
 4.71698e-09 1.12168e-08 1.68981e-08 2.13014e-08 2.40725e-08 2.49932e-08
 2.39963e-08 2.11661e-08 1.67253e-08 1.10115e-08 4.44901e-09-2.48218e-09
-9.27777e-09-1.54409e-08-2.05134e-08-2.41049e-08-2.59218e-08-2.57920e-08
-2.36845e-08-1.97189e-08-1.41623e-08-7.41305e-09 2.89027e-11 7.60275e-09
 1.47331e-08 2.08763e-08 2.55635e-08 2.84353e-08 2.92684e-08 2.79891e-08
 2.46776e-08 1.95619e-08 1.30021e-08 5.46614e-09-2.50244e-09-1.03229e-08
-1.74195e-08-2.32647e-08-2.74205e-08-2.95727e-08-2.95557e-08-2.73663e-08
-2.31643e-08-1.72624e-08-1.01032e-08-2.22781e-09 5.76487e-09 1.32627e-08
 1.96877e-08 2.45419e-08 2.74472e-08 2.81747e-08 2.66619e-08 2.30165e-08
 1.75054e-08 1.05338e-08 2.61511e-09-5.66515e-09-1.36881e-08-2.08432e-08
-2.65709e-08-3.04051e-08-3.20110e-08-3.12174e-08-2.80351e-08-2.26608e-08
-1.54634e-08-6.95346e-09 2.25847e-09 1.15108e-08 2.01408e-08 2.75315e-08
 3.31536e-08 3.66007e-08 3.76198e-08 3.61330e-08 3.22498e-08 2.62644e-08
 1.86358e-08 9.94997e-09 8.67391e-10-7.93828e-09-1.58407e-08-2.23130e-08
-2.69651e-08-2.95653e-08-3.00468e-08-2.85045e-08-2.51817e-08-2.04505e-08
-1.47830e-08-8.71174e-09-2.78045e-09 2.51139e-09 6.76294e-09 9.71514e-09
 1.12741e-08 1.15102e-08 1.06349e-08 8.96037e-09 6.85051e-09 4.67021e-09
 2.73735e-09 1.27989e-09 3.99204e-10 4.24221e-11-1.09657e-11
     0.0000e+00     0.0000e+00      0  0  0.00
     401   1.00000  0.0000e+00
-1.93298e-07-3.97090e-07-5.73400e-07-7.11653e-07-8.05339e-07-8.52013e-07
-8.52981e-07-8.12735e-07-7.38221e-07-6.38002e-07-5.21407e-07-3.97724e-07
-2.75494e-07-1.61947e-07-6.26110e-08 1.89032e-08 8.09401e-08 1.23678e-07
 1.48872e-07 1.59502e-07 1.59350e-07 1.52559e-07 1.43204e-07 1.34906e-07
 1.30522e-07 1.31923e-07 1.39885e-07 1.54079e-07 1.73167e-07 1.94986e-07
 2.16802e-07 2.35608e-07 2.48440e-07 2.52687e-07 2.46359e-07 2.28303e-07
 1.98339e-07 1.57313e-07 1.07060e-07 5.02767e-08-9.67656e-09-6.90385e-08
-1.23943e-07-1.70731e-07-2.06249e-07-2.28114e-07-2.34913e-07-2.26333e-07
-2.03198e-07-1.67423e-07-1.21867e-07-7.01239e-08-1.62453e-08 3.55737e-08
 8.13163e-08 1.17455e-07 1.41226e-07 1.50838e-07 1.45620e-07 1.26069e-07
 9.38215e-08 5.15296e-08 2.66586e-09-4.87391e-08-9.84046e-08-1.42131e-07
-1.76130e-07-1.97325e-07-2.03603e-07-1.93997e-07-1.68775e-07-1.29446e-07
-7.86542e-08-1.99981e-08 4.22362e-08 1.03391e-07 1.58789e-07 2.04091e-07
 2.35630e-07 2.50711e-07 2.47836e-07 2.26844e-07 1.88960e-07 1.36736e-07
 7.38892e-08 5.04248e-09-6.46111e-08-1.29700e-07-1.85087e-07-2.26272e-07
-2.49752e-07-2.53318e-07-2.36247e-07-1.99386e-07-1.45126e-07-7.72510e-08
-6.84231e-10 7.88562e-08 1.55274e-07 2.22551e-07 2.75207e-07 3.08735e-07
 3.19968e-07 3.07358e-07 2.71135e-07 2.13326e-07 1.37646e-07 4.92444e-08
-4.56586e-08-1.40220e-07-2.27485e-07-3.00909e-07-3.54872e-07-3.85124e-07
-3.89135e-07-3.66328e-07-3.18171e-07-2.48105e-07-1.61326e-07-6.44141e-08
 3.51513e-08 1.29558e-07 2.11267e-07 2.73618e-07 3.11376e-07 3.21188e-07
 3.01911e-07 2.54766e-07 1.83319e-07 9.32800e-08-7.88716e-09-1.11495e-07
-2.08292e-07-2.89183e-07-3.45965e-07-3.72005e-07-3.62834e-07-3.16597e-07
-2.34317e-07-1.19949e-07 1.97863e-08 1.75791e-07 3.37181e-07 4.92039e-07
 6.28282e-07 7.34577e-07 8.01232e-07 8.20987e-07 7.89659e-07 7.06576e-07
 5.74768e-07 4.00895e-07 1.94899e-07-3.06204e-08-2.61257e-07-4.81822e-07
-6.77482e-07-8.34909e-07-9.43365e-07-9.95624e-07-9.88637e-07-9.23910e-07
-8.07538e-07-6.49886e-07-4.64916e-07-2.69196e-07-8.06415e-08 8.29163e-08
 2.05244e-07 2.73174e-07 2.77920e-07 2.16115e-07 9.04726e-08-8.99921e-08
-3.10242e-07-5.49981e-07-7.84887e-07-9.88255e-07-1.13297e-06-1.19368e-06
-1.14898e-06-9.83535e-07-6.89831e-07-2.69525e-07 2.65824e-07 8.94700e-07
 1.58632e-06 2.30206e-06 2.99747e-06 3.62501e-06 4.13698e-06 4.48886e-06
 4.64246e-06 4.56890e-06 4.25095e-06 3.68465e-06 2.87984e-06 1.85963e-06
 6.59023e-07-6.75427e-07-2.08336e-06-3.48918e-06-4.80843e-06-5.96074e-06
-6.87883e-06-7.50894e-06-7.80888e-06-7.74926e-06-7.31740e-06-6.52087e-06
-5.38893e-06-3.97208e-06-2.34037e-06-5.80397e-07 1.20920e-06 2.92378e-06
 4.46009e-06 5.72425e-06 6.63968e-06 7.15427e-06 7.24601e-06 6.92739e-06
 6.24672e-06 5.28175e-06 4.12546e-06 2.87276e-06 1.61285e-06 4.23891e-07
-6.31554e-07-1.50854e-06-2.17753e-06-2.62153e-06-2.83638e-06-2.83345e-06
-2.64292e-06-2.31487e-06-1.91062e-06-1.48498e-06-1.07495e-06-7.03692e-07
-3.89432e-07-1.46610e-07 1.80737e-08 1.06684e-07 1.27792e-07 9.42421e-08
 2.15219e-08-7.39062e-08-1.76101e-07-2.70790e-07-3.46331e-07-3.94343e-07
-4.09933e-07-3.91642e-07-3.41148e-07-2.62769e-07-1.62838e-07-4.89969e-08
 7.05327e-08 1.87642e-07 2.94921e-07 3.86133e-07 4.56557e-07 5.03199e-07
 5.24864e-07 5.22087e-07 4.96936e-07 4.52727e-07 3.93676e-07 3.24526e-07
 2.50178e-07 1.75344e-07 1.04244e-07 4.03698e-08-1.36855e-08-5.63114e-08
-8.68846e-08-1.05704e-07-1.13870e-07-1.13114e-07-1.05606e-07-9.37383e-08
-7.99130e-08-6.63495e-08-5.49199e-08-4.70253e-08-4.35206e-08-4.46880e-08
-5.02573e-08-5.94668e-08-7.11604e-08-8.39126e-08-9.61713e-08-1.06401e-07
-1.13218e-07-1.15511e-07-1.12529e-07-1.03952e-07-8.99074e-08-7.09615e-08
-4.80734e-08-2.25206e-08 4.20039e-09 3.04900e-08 5.47662e-08 7.55814e-08
 9.17271e-08 1.02321e-07 1.06867e-07 1.05287e-07 9.79193e-08 8.54874e-08
 6.90446e-08 4.98890e-08 2.94625e-08 9.24435e-09-9.35438e-09-2.50911e-08
-3.69818e-08-4.43692e-08-4.69616e-08-4.48421e-08-3.84527e-08-2.85538e-08
-1.61581e-08-2.44650e-09 1.13261e-08 2.39299e-08 3.42572e-08 4.14076e-08
 4.47533e-08 4.39814e-08 3.91163e-08 3.05174e-08 1.88487e-08 5.02088e-09
-9.88364e-09-2.46942e-08-3.82412e-08-4.94477e-08-5.74147e-08-6.14900e-08
-6.13170e-08-5.68618e-08-4.84163e-08-3.65751e-08-2.21886e-08-6.29801e-09
 9.94186e-09 2.53506e-08 3.88130e-08 4.93631e-08 5.62550e-08 5.90163e-08
 5.74830e-08 5.18111e-08 4.24624e-08 3.01664e-08 1.58635e-08 6.32646e-10
-1.43915e-08-2.81055e-08-3.95195e-08-4.78299e-08-5.24795e-08-5.31979e-08
-5.00170e-08-4.32612e-08-3.35184e-08-2.15919e-08-8.43488e-09 4.92943e-09
 1.74908e-08 2.83303e-08 3.66901e-08 4.20317e-08 4.40768e-08 4.28227e-08
 3.85344e-08 3.17135e-08 2.30514e-08 1.33638e-08 3.51589e-09-5.65692e-09
-1.34230e-08-1.92183e-08-2.26953e-08-2.37506e-08-2.25259e-08-1.93855e-08
-1.48729e-08-9.64645e-09-4.40013e-09 2.20862e-10 3.69905e-09 5.71397e-09
 6.19345e-09 5.33657e-09 3.60395e-09 1.67625e-09 3.80331e-10
     0.0000e+00     0.0000e+00      0  0  0.00
     401   1.00000  0.0000e+00
-1.08842e-07-3.91528e-07-6.84673e-07-9.68801e-07-1.22110e-06-1.41608e-06
-1.52875e-06-1.54151e-06-1.45177e-06-1.27280e-06-1.02531e-06-7.27393e-07
-3.92739e-07-3.71967e-08 3.13132e-07 6.23440e-07 8.65284e-07 1.02893e-06
 1.11855e-06 1.14079e-06 1.10153e-06 1.00905e-06 8.75375e-07 7.14466e-07
 5.40160e-07 3.65036e-07 1.99668e-07 5.23094e-08-7.12159e-08-1.67614e-07
-2.35987e-07-2.77464e-07-2.94775e-07-2.91794e-07-2.73063e-07-2.43387e-07
-2.07463e-07-1.69568e-07-1.33319e-07-1.01512e-07-7.60433e-08-5.78981e-08
-4.72202e-08-4.34317e-08-4.53927e-08-5.15756e-08-6.02488e-08-6.96550e-08
-7.81636e-08-8.43872e-08-8.72634e-08-8.61039e-08-8.06135e-08-7.08801e-08
-5.73381e-08-4.07102e-08-2.19359e-08-2.08846e-09 1.77117e-08 3.63794e-08
 5.29373e-08 6.65762e-08 7.67043e-08 8.29786e-08 8.53139e-08 8.38685e-08
 7.90135e-08 7.12927e-08 6.13754e-08 5.00068e-08 3.79563e-08 2.59673e-08
 1.47109e-08 4.74615e-09-3.50909e-09-9.79376e-09-1.40075e-08-1.62045e-08
-1.65801e-08-1.54481e-08-1.32065e-08-1.02973e-08-7.16575e-09-4.22804e-09
-1.84341e-09-2.90573e-10 2.50824e-10-2.88828e-10-1.86616e-09-4.33140e-09
-7.44526e-09-1.09033e-08-1.43639e-08-1.74775e-08-1.99172e-08-2.14084e-08
-2.17535e-08-2.08482e-08-1.86869e-08-1.53604e-08-1.10461e-08-5.99582e-09
-5.21410e-10 5.02401e-09 1.02732e-08 1.48746e-08 1.85175e-08 2.09530e-08
 2.20145e-08 2.16354e-08 1.98569e-08 1.68218e-08 1.27604e-08 7.97152e-09
 2.79918e-09-2.39273e-09-7.24553e-09-1.14285e-08-1.46606e-08-1.67311e-08
-1.75161e-08-1.69859e-08-1.52066e-08-1.23356e-08-8.61086e-09-4.33212e-09
 1.65068e-10 4.53818e-09 8.46418e-09 1.16615e-08 1.39078e-08 1.50532e-08
 1.50298e-08 1.38580e-08 1.16479e-08 8.59108e-09 4.94272e-09 9.99975e-10
-2.92000e-09-6.50353e-09-9.46676e-09-1.15810e-08-1.26907e-08-1.27221e-08
-1.16835e-08-9.66379e-09-6.82550e-09-3.39417e-09 3.56347e-10 4.12256e-09
 7.59519e-09 1.04863e-08 1.25550e-08 1.36273e-08 1.36086e-08 1.24896e-08
 1.03458e-08 7.32972e-09 3.65947e-09-3.95891e-10-4.53289e-09-8.43537e-09
-1.18009e-08-1.43667e-08-1.59315e-08-1.63690e-08-1.56361e-08-1.37755e-08
-1.09127e-08-7.24886e-09-3.04714e-09 1.38518e-09 5.72085e-09 9.64066e-09
 1.28593e-08 1.51442e-08 1.63292e-08 1.63262e-08 1.51327e-08 1.28340e-08
 9.60187e-09 5.68321e-09 1.37728e-09-2.99299e-09-7.10404e-09-1.06516e-08
-1.33730e-08-1.50683e-08-1.56129e-08-1.49650e-08-1.31706e-08-1.03656e-08
-6.76860e-09-2.66000e-09 1.64616e-09 5.82631e-09 9.56567e-09 1.25790e-08
 1.46352e-08 1.55777e-08 1.53348e-08 1.39238e-08 1.14494e-08 8.09602e-09
 4.11744e-09-1.80322e-10-4.46542e-09-8.41142e-09-1.17227e-08-1.41510e-08
-1.55081e-08-1.56811e-08-1.46492e-08-1.24903e-08-9.37178e-09-5.52967e-09
-1.24911e-09 3.15069e-09 7.33453e-09 1.09787e-08 1.38012e-08 1.55859e-08
 1.61976e-08 1.55879e-08 1.37958e-08 1.09479e-08 7.25411e-09 2.99393e-09
-1.50819e-09-5.91164e-09-9.88649e-09-1.31349e-08-1.54097e-08-1.65338e-08
-1.64171e-08-1.50677e-08-1.25905e-08-9.17577e-09-5.08174e-09-6.17647e-10
 3.87648e-09 8.05466e-09 1.15934e-08 1.42202e-08 1.57353e-08 1.60241e-08
 1.50638e-08 1.29273e-08 9.77963e-09 5.86692e-09 1.49707e-09-2.98630e-09
-7.23083e-09-1.09010e-08-1.37035e-08-1.54107e-08-1.58791e-08-1.50626e-08
-1.30166e-08-9.89385e-09-5.93217e-09-1.43856e-09 3.23408e-09 7.71422e-09
 1.16407e-08 1.46915e-08 1.66091e-08 1.72214e-08 1.64562e-08 1.43491e-08
 1.10420e-08 6.77388e-09 1.86389e-09-3.31250e-09-8.35152e-09-1.28515e-08
-1.64444e-08-1.88258e-08-1.97790e-08-1.91939e-08-1.70774e-08-1.35550e-08
-8.86403e-09-3.33746e-09 2.62033e-09 8.56302e-09 1.40354e-08 1.86078e-08
 2.19087e-08 2.36535e-08 2.36677e-08 2.19020e-08 1.84379e-08 1.34845e-08
 7.36631e-09 5.01955e-10-6.62352e-09-1.34916e-08-1.95870e-08-2.44345e-08
-2.76344e-08-2.88940e-08-2.80536e-08-2.51029e-08-2.01891e-08-1.36121e-08
-5.80930e-09 2.67134e-09 1.12085e-08 1.91524e-08 2.58748e-08 3.08196e-08
 3.35505e-08 3.37906e-08 3.14505e-08 2.66419e-08 1.96745e-08 1.10359e-08
 1.35683e-09-8.63743e-09-1.81830e-08-2.65380e-08-3.30413e-08-3.71659e-08
-3.85616e-08-3.70839e-08-3.28078e-08-2.60238e-08-1.72184e-08-7.03856e-09
 3.75738e-09 1.43567e-08 2.39543e-08 3.18144e-08 3.73284e-08 4.00633e-08
 3.97984e-08 3.65441e-08 3.05436e-08 2.22545e-08 1.23148e-08 1.49278e-09
-9.37352e-09-1.94420e-08-2.79321e-08-3.41853e-08-3.77156e-08-3.82470e-08
-3.57365e-08-3.03791e-08-2.25934e-08-1.29895e-08-2.31980e-09 8.58162e-09
 1.88658e-08 2.77361e-08 3.45098e-08 3.86693e-08 3.98974e-08 3.80977e-08
 3.33985e-08 2.61404e-08 1.68506e-08 6.20284e-09-5.03344e-09-1.60491e-08
-2.60541e-08-3.43340e-08-4.03015e-08-4.35396e-08-4.38334e-08-4.11873e-08
-3.58252e-08-2.81731e-08-1.88239e-08-8.48860e-09 2.06425e-09 1.20719e-08
 2.08386e-08 2.77873e-08 3.25001e-08 3.47462e-08 3.44969e-08 3.19260e-08
 2.73923e-08 2.14050e-08 1.45730e-08 7.54198e-09 9.27855e-10-4.74605e-09
-9.09819e-09-1.19180e-08-1.31731e-08-1.29958e-08-1.16546e-08-9.51455e-09
-6.99022e-09-4.49435e-09-2.38431e-09-9.11404e-10-1.78759e-10
     0.0000e+00     0.0000e+00      0  0  0.00
     401   1.00000  0.0000e+00
-8.97579e-08-7.40264e-09 7.33500e-08 1.47709e-07 2.12161e-07 2.64564e-07
 3.03840e-07 3.29757e-07 3.42796e-07 3.43953e-07 3.34506e-07 3.15846e-07
 2.89376e-07 2.56468e-07 2.18427e-07 1.76493e-07 1.31866e-07 8.57463e-08
 3.93522e-08-6.06777e-09-4.92406e-08-8.88895e-08-1.23780e-07-1.52781e-07
-1.74930e-07-1.89500e-07-1.96065e-07-1.94551e-07-1.85274e-07-1.68944e-07
-1.46648e-07-1.19795e-07-9.00393e-08-5.91793e-08-2.90420e-08-1.35935e-09
 2.23498e-08 4.08818e-08 5.34291e-08 5.96317e-08 5.95936e-08 5.38640e-08
 4.33857e-08 2.94173e-08 1.34328e-08-2.99335e-09-1.83071e-08-3.10911e-08
-4.01683e-08-4.46869e-08-4.41805e-08-3.85990e-08-2.83076e-08-1.40577e-08
 3.07257e-09 2.17623e-08 4.05523e-08 5.79603e-08 7.25966e-08 8.32735e-08
 8.90975e-08 8.95387e-08 8.44705e-08 7.41771e-08 5.93292e-08 4.09280e-08
 2.02259e-08-1.37038e-09-2.24060e-08-4.14850e-08-5.73705e-08-6.90713e-08
-7.59086e-08-7.75596e-08-7.40757e-08-6.58748e-08-5.37061e-08-3.85905e-08
-2.17407e-08-4.46951e-09 1.19098e-08 2.61827e-08 3.73267e-08 4.45889e-08
 4.75423e-08 4.61126e-08 4.05752e-08 3.15243e-08 1.98199e-08 6.51529e-09
-7.22958e-09-2.02421e-08-3.14303e-08-3.98668e-08-4.48562e-08-4.59836e-08
-4.31409e-08-3.65337e-08-2.66650e-08-1.42971e-08-3.93048e-10 1.39577e-08
 2.76250e-08 3.95278e-08 4.87207e-08 5.44697e-08 5.63089e-08 5.40761e-08
 4.79237e-08 3.83056e-08 2.59403e-08 1.17524e-08-3.20272e-09-1.78225e-08
-3.10410e-08-4.19069e-08-4.96498e-08-5.37340e-08-5.38939e-08-5.01513e-08
-4.28121e-08-3.24431e-08-1.98321e-08-5.92948e-09 8.22302e-09 2.15723e-08
 3.31348e-08 4.20709e-08 4.77452e-08 4.97680e-08 4.80170e-08 4.26389e-08
 3.40332e-08 2.28220e-08 9.80748e-09-4.07985e-09-1.78419e-08-3.04801e-08
-4.10653e-08-4.88030e-08-5.30882e-08-5.35475e-08-5.00657e-08-4.27969e-08
-3.21605e-08-1.88234e-08-3.66795e-09 1.22564e-08 2.77968e-08 4.17766e-08
 5.30823e-08 6.07548e-08 6.40742e-08 6.26297e-08 5.63678e-08 4.56136e-08
 3.10638e-08 1.37487e-08-5.03459e-09-2.38158e-08-4.10681e-08-5.53394e-08
-6.53864e-08-7.02970e-08-6.95881e-08-6.32642e-08-5.18290e-08-3.62458e-08
-1.78491e-08 1.78031e-09 2.09666e-08 3.80970e-08 5.17721e-08 6.09302e-08
 6.49336e-08 6.36094e-08 5.72455e-08 4.65432e-08 3.25332e-08 1.64658e-08
-3.10513e-10-1.64663e-08-3.07944e-08-4.22909e-08-5.02112e-08-5.41011e-08
-5.38046e-08-4.94523e-08-4.14373e-08-3.03821e-08-1.70988e-08-2.54322e-09
 1.22374e-08 2.61639e-08 3.81937e-08 4.73948e-08 5.30182e-08 5.45629e-08
 5.18259e-08 4.49317e-08 3.43365e-08 2.08031e-08 5.34672e-09-1.08447e-08
-2.65055e-08-4.03927e-08-5.13858e-08-5.85756e-08-6.13379e-08-5.93853e-08
-5.27940e-08-4.20027e-08-2.77841e-08-1.11897e-08 6.52616e-09 2.40018e-08
 3.98759e-08 5.28987e-08 6.20358e-08 6.65548e-08 6.60840e-08 6.06393e-08
 5.06166e-08 3.67527e-08 2.00621e-08 1.75693e-09-1.68428e-08-3.44001e-08
-4.96462e-08-6.14593e-08-6.89368e-08-7.14594e-08-6.87452e-08-6.08883e-08
-4.83743e-08-3.20662e-08-1.31534e-08 6.93379e-09 2.66429e-08 4.44353e-08
 5.89242e-08 6.89972e-08 7.39075e-08 7.33247e-08 6.73417e-08 5.64446e-08
 4.14585e-08 2.34768e-08 3.78586e-09-1.62131e-08-3.50832e-08-5.14370e-08
-6.40284e-08-7.18507e-08-7.42307e-08-7.09071e-08-6.20768e-08-4.83974e-08
-3.09385e-08-1.10861e-08 9.58621e-09 2.94612e-08 4.70153e-08 6.09346e-08
 7.02001e-08 7.41427e-08 7.24724e-08 6.52898e-08 5.30827e-08 3.67080e-08
 1.73521e-08-3.53614e-09-2.43445e-08-4.34252e-08-5.92399e-08-7.05022e-08
-7.62980e-08-7.61663e-08-7.01298e-08-5.86768e-08-4.27039e-08-2.34328e-08
-2.31412e-09 1.90739e-08 3.91271e-08 5.63190e-08 6.93064e-08 7.70335e-08
 7.88258e-08 7.44616e-08 6.42072e-08 4.88069e-08 2.94263e-08 7.55554e-09
-1.51153e-08-3.68315e-08-5.59071e-08-7.08460e-08-8.04469e-08-8.38892e-08
-8.07986e-08-7.12875e-08-5.59652e-08-3.59111e-08-1.26063e-08 1.21737e-08
 3.64981e-08 5.84370e-08 7.62199e-08 8.83801e-08 9.38724e-08 9.21571e-08
 8.32438e-08 6.76958e-08 4.65939e-08 2.14614e-08-5.84511e-09-3.32719e-08
-5.87227e-08-8.02182e-08-9.60488e-08-1.04908e-07-1.05997e-07-9.90931e-08
-8.45798e-08-6.34269e-08-3.71301e-08-7.60452e-09 2.29564e-08 5.22473e-08
 7.80271e-08 9.82893e-08 1.11415e-07 1.16294e-07 1.12418e-07 9.99299e-08
 7.96352e-08 5.29601e-08 2.18649e-08-1.12966e-08-4.39576e-08-7.35436e-08
-9.76808e-08-1.14387e-07-1.22226e-07-1.20420e-07-1.08914e-07-8.83954e-08
-6.02648e-08-2.65543e-08 1.02061e-08 4.71749e-08 8.14253e-08 1.10187e-07
 1.31077e-07 1.42296e-07 1.42765e-07 1.32207e-07 1.11167e-07 8.09833e-08
 4.37041e-08 1.95448e-09-4.12472e-08-8.27182e-08-1.19367e-07-1.48447e-07
-1.67782e-07-1.75928e-07-1.72279e-07-1.57089e-07-1.31452e-07-9.72196e-08
-5.68745e-08-1.33538e-08 3.01733e-08 7.05626e-08 1.04961e-07 1.31053e-07
 1.47246e-07 1.52791e-07 1.47810e-07 1.33262e-07 1.10841e-07 8.28132e-08
 5.18228e-08 2.06445e-08-8.08073e-09-3.21086e-08-4.98149e-08-6.03466e-08
-6.36767e-08-6.05597e-08-5.23973e-08-4.10341e-08-2.85076e-08-1.67692e-08
-7.40114e-09-1.35496e-09 1.25296e-09 1.24869e-09 3.78607e-10
     0.0000e+00     0.0000e+00      0  0  0.00
     401   1.00000  0.0000e+00
 6.55842e-08 2.42634e-07 4.02168e-07 5.35427e-07 6.36677e-07 7.03146e-07
 7.34747e-07 7.33647e-07 7.03733e-07 6.50039e-07 5.78189e-07 4.93900e-07
 4.02566e-07 3.08952e-07 2.17007e-07 1.29778e-07 4.94242e-08-2.26984e-08
-8.58966e-08-1.39981e-07-1.85099e-07-2.21592e-07-2.49866e-07-2.70316e-07
-2.83273e-07-2.89000e-07-2.87720e-07-2.79662e-07-2.65126e-07-2.44543e-07
-2.18532e-07-1.87929e-07-1.53797e-07-1.17408e-07-8.01922e-08-4.36675e-08
-9.34885e-09 2.13485e-08 4.72052e-08 6.72832e-08 8.09922e-08 8.81320e-08
 8.89065e-08 8.39097e-08 7.40841e-08 6.06539e-08 4.50376e-08 2.87481e-08
 1.32848e-08 2.58336e-11-9.87148e-09-1.55545e-08-1.65379e-08-1.27395e-08
-4.48411e-09 7.52163e-09 2.22430e-08 3.83949e-08 5.45402e-08 6.92010e-08
 8.09743e-08 8.86438e-08 9.12795e-08 8.83176e-08 7.96140e-08 6.54658e-08
 4.65981e-08 2.41132e-08-5.88856e-10-2.59122e-08-5.01812e-08-7.17639e-08
-8.91927e-08-1.01272e-07-1.07167e-07-1.06463e-07-9.91976e-08-8.58582e-08
-6.73535e-08-4.49569e-08-2.02223e-08 5.12148e-09 2.92903e-08 5.05712e-08
 6.74452e-08 7.87020e-08 8.35381e-08 8.16284e-08 7.31631e-08 5.88420e-08
 3.98254e-08 1.76501e-08-5.88959e-09-2.88848e-08-4.94669e-08-6.59612e-08
-7.70243e-08-8.17493e-08-7.97340e-08-7.11071e-08-5.65130e-08-3.70575e-08
-1.42194e-08 1.02645e-08 3.45291e-08 5.67161e-08 7.51077e-08 8.82498e-08
 9.50605e-08 9.49153e-08 8.77027e-08 7.38426e-08 5.42670e-08 3.03608e-08
 3.86537e-09-2.32490e-08-4.89340e-08-7.12257e-08-8.84010e-08-9.91166e-08
-1.02516e-07-9.82978e-08-8.67386e-08-6.86720e-08-4.54251e-08-1.87177e-08
 9.46499e-09 3.70189e-08 6.18750e-08 8.21510e-08 9.62916e-08 1.03188e-07
 1.02265e-07 9.35339e-08 7.75990e-08 5.56193e-08 2.92273e-08 4.08538e-10
-2.86479e-08-5.57161e-08-7.87054e-08-9.58213e-08-1.05706e-07-1.07544e-07
-1.01127e-07-8.68765e-08-6.58125e-08-3.94837e-08-9.85346e-09 2.08450e-08
 5.02763e-08 7.61795e-08 9.65412e-08 1.09751e-07 1.14729e-07 1.11010e-07
 9.87897e-08 7.89108e-08 5.28085e-08 2.24057e-08-1.00283e-08-4.20476e-08
-7.12143e-08-9.52848e-08-1.12383e-07-1.21144e-07-1.20823e-07-1.11354e-07
-9.33572e-08-6.80988e-08-3.73983e-08-3.50092e-09 3.10819e-08 6.37529e-08
 9.20166e-08 1.13665e-07 1.26948e-07 1.30713e-07 1.24509e-07 1.08641e-07
 8.41607e-08 5.28049e-08 1.68774e-08-2.09208e-08-5.76927e-08-9.05678e-08
-1.16925e-07-1.34603e-07-1.42074e-07-1.38581e-07-1.24214e-07-9.99180e-08
-6.74408e-08-2.92066e-08 1.18653e-08 5.25880e-08 8.97579e-08 1.20410e-07
 1.42056e-07 1.52877e-07 1.51878e-07 1.38966e-07 1.14970e-07 8.15918e-08
 4.12887e-08-2.90029e-09-4.75813e-08-8.92664e-08-1.24650e-07-1.50875e-07
-1.65770e-07-1.68027e-07-1.57309e-07-1.34282e-07-1.00562e-07-5.85938e-08
-1.14672e-08 3.73128e-08 8.40835e-08 1.25295e-07 1.57776e-07 1.78969e-07
 1.87135e-07 1.81486e-07 1.62263e-07 1.30727e-07 8.90826e-08 4.03290e-08
-1.19535e-08-6.38600e-08-1.11450e-07-1.51050e-07-1.79536e-07-1.94593e-07
-1.94904e-07-1.80272e-07-1.51649e-07-1.11082e-07-6.15620e-08-6.81623e-09
 4.89684e-08 1.01451e-07 1.46461e-07 1.80313e-07 2.00097e-07 2.03924e-07
 1.91099e-07 1.62200e-07 1.19076e-07 6.47331e-08 3.13003e-09-6.11050e-08
-1.23017e-07-1.77698e-07-2.20666e-07-2.48221e-07-2.57743e-07-2.47919e-07
-2.18880e-07-1.72218e-07-1.10906e-07-3.90987e-08 3.81549e-08 1.15276e-07
 1.86568e-07 2.46646e-07 2.90857e-07 3.15647e-07 3.18858e-07 2.99923e-07
 2.59943e-07 2.01644e-07 1.29202e-07 4.79493e-08-3.60061e-08-1.16242e-07
-1.86514e-07-2.41247e-07-2.75992e-07-2.87801e-07-2.75503e-07-2.39847e-07
-1.83499e-07-1.10891e-07-2.79355e-08 5.84028e-08 1.40621e-07 2.11267e-07
 2.63536e-07 2.91844e-07 2.92323e-07 2.63205e-07 2.05047e-07 1.20788e-07
 1.56286e-08-1.03281e-07-2.27302e-07-3.46913e-07-4.52404e-07-5.34620e-07
-5.85685e-07-5.99667e-07-5.73110e-07-5.05411e-07-3.98988e-07-2.59230e-07
-9.42131e-08 8.58033e-08 2.69068e-07 4.43174e-07 5.95974e-07 7.16521e-07
 7.95952e-07 8.28256e-07 8.10843e-07 7.44885e-07 6.35371e-07 4.90856e-07
 3.22916e-07 1.45323e-07-2.69979e-08-1.79153e-07-2.97531e-07-3.71015e-07
-3.92071e-07-3.57614e-07-2.69560e-07-1.35017e-07 3.39589e-08 2.21022e-07
 4.06603e-07 5.69318e-07 6.87640e-07 7.41714e-07 7.15180e-07 5.96865e-07
 3.82207e-07 7.42601e-08-3.15816e-07-7.68885e-07-1.25861e-06-1.75285e-06
-2.21567e-06-2.60974e-06-2.89914e-06-3.05217e-06-3.04410e-06-2.85957e-06
-2.49429e-06-1.95609e-06-1.26478e-06-4.51026e-07 4.45962e-07 1.38131e-06
 2.30716e-06 3.17520e-06 3.93980e-06 4.56078e-06 5.00432e-06 5.24250e-06
 5.25366e-06 5.02447e-06 4.55244e-06 3.84799e-06 2.93560e-06 1.85400e-06
 6.55206e-07-5.97653e-07-1.83379e-06-2.97936e-06-3.96291e-06-4.72138e-06
-5.20600e-06-5.38757e-06-5.26057e-06-4.84493e-06-4.18320e-06-3.33303e-06
-2.35903e-06-1.32731e-06-3.02156e-07 6.55832e-07 1.49067e-06 2.15160e-06
 2.59486e-06 2.78944e-06 2.72794e-06 2.43750e-06 1.98187e-06 1.44737e-06
 9.14684e-07 4.36614e-07 4.05055e-08-2.55507e-07-4.37381e-07-5.03872e-07
-4.71604e-07-3.69693e-07-2.33633e-07-1.03717e-07-2.28146e-08
