.F.
    0   64
GREEN.1
    6.0      8.00       1  256  512    1.000    6    1
    1    1    1    1    1    1    1    1    1    1    0
 0.1900E+01 0.3406E+01 0.2009E+01 0.2215E+01   600.00    300.00
 0.6100E+01 0.5544E+01 0.3295E+01 0.2609E+01   600.00    300.00
 0.0100E+01 0.5544E+01 0.3295E+01 0.2609E+01   600.00    300.00
 1.2900E+01 0.6271E+01 0.3739E+01 0.2781E+01   600.00    300.00
 1.9000E+01 0.6407E+01 0.3768E+01 0.2822E+01   600.00    300.00
 0.6000E+03 0.7407E+01 0.4768E+01 0.2822E+01   600.00    300.00
    3
  0.4000000E+03  1.500000E+00         0
   5  10000.0     30.0      1.0       0.8
   46.00    -125.0     5.0
   53.00    -130.0     5.0
   206.00   -155.0     5.0
   241.00   -160.0     5.0
   316.00   -175.0     5.0
