.F.
    0   64
GREEN.1
    6.0      18.00       1  256  512    1.000     6    1
    1    1    1    1    1    1    1    1    1    1    0
 0.1900E+01 0.3406E+01 0.2009E+01 0.2215E+01   600.00    300.00
 0.6200E+01 0.5544E+01 0.3295E+01 0.2609E+01   600.00    300.00
 0.9900E+01 0.6271E+01 0.3739E+01 0.2781E+01   600.00    300.00
 0.3000E+01 0.6271E+01 0.3739E+01 0.2781E+01   600.00    300.00
 1.9000E+01 0.6407E+01 0.3768E+01 0.2822E+01   600.00    300.00
 0.6000E+03 0.7407E+01 0.4768E+01 0.2822E+01   600.00    300.00
    4
  0.4000000E+03  1.500000E+00         0
   4  10000.0     30.0      1.0       0.8
   206.00     -160.6     10.0
   241.00     -164.1     10.0
   258.00     -165.8     10.0
   270.00     -167.0     10.0
