       3
(7e14.5)
     0.0000e+00     0.0000e+00      0  0  0.00
     661   0.50000  0.0000e+00
   2.17164e-04   2.38179e-04   2.50136e-04   2.60370e-04   2.58242e-04   2.32214e-04   1.89961e-04
   1.47345e-04   1.21753e-04   1.29813e-04   1.69929e-04   2.15740e-04   2.35646e-04   2.23279e-04
   1.86036e-04   1.30079e-04   7.05880e-05   3.04121e-05   2.67850e-05   5.45696e-05   8.94754e-05
   1.15939e-04   1.23504e-04   9.88550e-05   4.02666e-05  -3.20919e-05  -8.33519e-05  -8.48020e-05
  -4.90559e-05  -5.93513e-07   4.50311e-05   6.35982e-05   4.54226e-05  -2.29048e-07  -4.63349e-05
  -7.07565e-05  -8.58277e-05  -1.16900e-04  -1.52082e-04  -1.54630e-04  -1.14895e-04  -5.41408e-05
   3.11325e-06   3.15091e-05   2.04643e-05  -2.19535e-05  -7.79524e-05  -1.14501e-04  -1.15173e-04
  -1.02023e-04  -1.00242e-04  -1.12552e-04  -1.26657e-04  -1.26899e-04  -1.08570e-04  -7.75746e-05
  -5.03414e-05  -3.47213e-05  -3.39227e-05  -5.12322e-05  -8.87513e-05  -1.38412e-04  -1.84186e-04
  -2.10951e-04  -2.14452e-04  -1.99431e-04  -1.70472e-04  -1.34527e-04  -1.06194e-04  -9.76697e-05
  -1.07828e-04  -1.25274e-04  -1.46161e-04  -1.78004e-04  -2.18947e-04  -2.46353e-04  -2.38192e-04
  -1.92018e-04  -5.82822e-05   7.87831e-05   2.45416e-04   4.00270e-04   5.71089e-04   8.35527e-04
   9.79684e-04   8.62568e-04   9.79987e-04  -5.51529e-04  -4.33035e-03  -1.00463e-03  -3.08358e-03
  -2.23623e-03  -2.82271e-03  -7.88923e-03   4.48400e-03   5.02981e-05   4.47954e-03   1.01815e-03
   2.37701e-03   1.11288e-02   1.41489e-03  -1.47447e-03  -2.68334e-03   3.14938e-03  -1.17828e-02
  -4.26403e-03  -1.06936e-03   3.98502e-03   3.24174e-03   9.90508e-03   4.67789e-03   1.39613e-03
  -4.89016e-03  -6.95229e-03  -4.01409e-03   5.98586e-04   4.04542e-03   4.76348e-03   2.63850e-03
   9.57301e-05  -2.82877e-03  -6.46399e-05  -8.92210e-04  -6.47242e-04   1.75013e-03   4.70328e-04
   4.65421e-04  -2.49915e-04  -8.14270e-04  -1.26098e-05   1.20874e-03   4.32623e-04  -8.81742e-04
  -2.75863e-05  -2.38041e-04   2.16750e-04  -1.33361e-04   1.41730e-04  -8.84771e-05  -4.75331e-04
   1.68320e-04  -2.36647e-04  -7.62741e-04   3.85970e-04   5.65788e-04  -7.57318e-04  -3.16716e-05
  -6.74205e-04   1.40581e-04  -2.27246e-04  -1.08319e-04   3.53067e-04  -4.12618e-05  -6.45827e-04
   3.04920e-04  -5.79094e-04  -4.55450e-04  -6.25114e-04   1.69206e-04  -1.25096e-04   1.32319e-04
   1.28809e-04  -5.95855e-05   1.76369e-04  -3.03803e-04  -5.16186e-04  -3.56124e-04  -7.18004e-04
   3.91507e-05   2.80819e-04  -7.38500e-06   6.11433e-04   6.78319e-05  -3.53294e-04  -2.84191e-04
  -2.30803e-04   1.34092e-04  -3.51601e-04  -1.85284e-05   6.39369e-05   2.77033e-04  -9.26759e-05
   4.73074e-05  -1.87948e-04   1.75683e-04   9.68367e-05  -1.25464e-04  -1.52062e-04  -6.97710e-05
  -3.83124e-04   3.40608e-05  -9.59035e-05  -2.10853e-04   2.63479e-04   5.35118e-05   1.94690e-04
   5.71278e-05  -3.73252e-04   1.07290e-05   4.12752e-04  -7.66197e-05  -1.31410e-04   2.23316e-04
  -1.31167e-04  -1.30518e-05  -6.44434e-05  -1.04179e-04   2.86648e-04  -1.38636e-04   3.34268e-04
   3.61955e-04   1.64104e-04  -7.28078e-05   6.09757e-05  -3.04803e-05   1.48841e-04   1.00700e-04
   3.33493e-05   2.83972e-04   2.17964e-04   1.87663e-04  -6.11924e-05   2.18964e-04   2.53275e-04
  -1.41968e-05   1.33175e-04  -1.62091e-04  -3.32053e-05  -4.86929e-05   2.28509e-04   2.59565e-04
   2.08290e-04   2.13794e-04   4.11918e-05  -5.80468e-07  -1.80025e-04  -3.02464e-04  -2.12264e-05
   2.19846e-04  -1.35509e-04   1.36322e-04   1.43417e-04  -6.21018e-05  -2.81524e-04  -2.62448e-04
  -7.23852e-05   1.38538e-04   4.26070e-04   4.26491e-05  -5.67630e-05  -2.18608e-04  -5.67292e-04
  -2.71613e-04   3.10401e-05   1.20731e-04  -5.75708e-05   2.57133e-04   2.90771e-04  -1.08869e-04
  -2.21247e-04  -1.31291e-04  -2.63777e-04  -1.60103e-04  -1.76525e-04  -2.01064e-04  -2.26655e-05
   1.30638e-04   2.75054e-05  -2.93619e-04  -1.01902e-04  -4.03163e-05   6.60324e-07   1.87656e-04
  -2.50999e-04  -4.36875e-05   1.25228e-04   1.27884e-04  -1.77157e-04  -8.25758e-05  -1.49673e-04
   1.38381e-04   2.69472e-04  -3.16969e-04  -5.13105e-05   1.02991e-04   1.62994e-05  -1.40209e-04
   1.44184e-04   1.65463e-04  -9.04035e-05  -6.84984e-05   5.05645e-05   1.46860e-04   1.51171e-04
   1.12661e-05  -1.88655e-04  -2.45323e-05   1.01226e-04   2.63920e-04   3.14740e-04   3.12097e-04
   2.43203e-04  -7.68703e-05  -2.92986e-04  -1.14307e-04   5.59301e-05   2.91365e-04   3.06525e-04
   7.25904e-05   1.33967e-04   4.13182e-05  -1.77058e-05   2.02352e-04   7.21700e-05  -5.86864e-05
   1.03163e-04  -4.00272e-05  -9.11449e-05   1.13829e-04   1.38970e-04   5.65749e-06  -1.33759e-05
  -8.57281e-05  -1.81331e-05   1.27018e-05  -1.10581e-04  -1.98039e-04   5.51551e-05   1.00902e-04
  -2.01988e-05  -6.72685e-05   5.94076e-05   9.96312e-05  -1.22284e-04  -2.30005e-04  -1.19431e-05
  -1.49596e-04  -2.74922e-04  -2.76406e-04  -2.27400e-04  -3.96115e-05   1.18664e-04   1.80742e-04
  -2.25545e-05  -1.28453e-04  -8.57293e-05   6.06094e-06  -1.81885e-04  -2.67306e-04  -4.21627e-05
  -6.31136e-05  -1.24435e-04  -1.47731e-05  -8.48883e-05  -1.17808e-04  -6.13826e-05   9.37789e-05
   3.29112e-04   1.39892e-04  -4.73894e-05  -1.70233e-04  -2.10282e-04  -1.38649e-04  -5.68787e-05
   1.31889e-04   2.28180e-04   2.95473e-04   1.57094e-04  -6.39530e-05  -2.01278e-04  -1.38356e-04
  -2.53902e-05   8.25972e-05   1.68612e-05   1.70331e-05   8.37908e-05   1.85366e-04   2.05786e-04
   9.34219e-05  -3.26848e-05  -1.16185e-04  -1.81767e-04  -4.10444e-05   1.06083e-04   7.22485e-05
  -1.47707e-05  -6.92611e-05  -8.20253e-05   4.61166e-05   1.41998e-04   1.19017e-04   8.84651e-05
  -1.39088e-05  -1.13617e-04  -7.94214e-05  -1.19410e-04  -9.63464e-05   4.43256e-05   2.30068e-05
   2.05498e-05   5.83031e-05   1.28783e-04   1.29383e-04   4.95159e-05   1.24262e-05  -8.91723e-05
  -6.81822e-05   7.83225e-05   4.05637e-05   1.27767e-05  -4.27405e-06  -1.71875e-05   8.23026e-05
   1.80661e-04   1.73919e-04   7.69853e-05  -1.10114e-04  -1.70892e-04  -8.69923e-05  -6.74135e-05
   1.13880e-05   1.13260e-04   9.57016e-05   1.36746e-04  -5.21437e-06  -7.61120e-05   4.72950e-05
   7.51495e-05   5.35629e-05   5.36128e-05   4.95763e-05  -4.46915e-05  -6.93432e-05  -1.29416e-04
  -1.25889e-04  -1.02319e-04  -4.24408e-05   2.92423e-05   2.64186e-05   5.34943e-05   2.10677e-05
   1.99995e-05   5.31083e-05   3.69851e-05   8.10631e-06  -1.04274e-04  -1.23456e-04  -1.04857e-04
  -8.37779e-05  -1.40600e-04  -1.84856e-04  -1.23238e-04  -9.83749e-05  -4.01536e-05   7.56637e-05
   1.81706e-04   1.41689e-04   8.09780e-05  -2.34562e-05  -7.75196e-05  -8.20611e-05  -1.46762e-05
   1.31232e-05   2.57781e-05   7.19007e-06  -9.48386e-06  -1.65788e-05  -1.22800e-05   1.33922e-05
   7.85832e-05   1.25994e-04   1.86296e-04   1.58433e-04   1.18665e-04   1.00940e-04   1.11654e-04
   6.20428e-05   5.60344e-05  -3.43370e-05  -7.13644e-05  -1.16836e-04  -1.38807e-04  -4.84965e-05
   1.51043e-04   2.73518e-04   3.06888e-04   2.50676e-04   1.33547e-04  -7.27976e-05  -1.64044e-04
  -1.65767e-04  -1.80517e-04  -1.78743e-04  -1.23602e-04  -1.40356e-05   1.14522e-04   2.24945e-04
   1.53234e-04   6.31556e-05   6.97818e-06  -7.43987e-05  -1.70282e-04  -1.93678e-04  -1.71872e-04
  -1.15640e-04  -1.53193e-04  -9.02807e-05  -1.52468e-05  -3.24722e-05  -4.40471e-05   2.24527e-06
   1.65375e-05   5.71971e-05  -1.12717e-05  -8.25029e-05  -1.19095e-04  -1.69146e-04  -1.53714e-04
  -1.65351e-04  -1.96143e-04  -1.28440e-04  -4.70997e-05  -9.06823e-06   1.27377e-05   5.65087e-05
  -4.00841e-05  -1.74535e-04  -2.22741e-04  -1.57890e-04  -1.06899e-04  -2.33513e-05   4.58511e-05
   5.77270e-05   2.38173e-05  -5.27288e-06  -5.60032e-05  -1.34653e-05   2.62436e-05   3.87890e-05
   5.47376e-05   9.29693e-05   1.33900e-04   7.44960e-05   8.56916e-05   6.84074e-05   4.20528e-05
   4.48045e-05   7.25464e-05   3.69891e-05   1.05261e-04   1.23257e-04   1.85878e-04   1.90235e-04
   1.39556e-04   8.61050e-05   5.54912e-05   5.68080e-06   6.88812e-05   1.90485e-04   1.46048e-04
   7.70246e-05  -8.71469e-06  -2.71736e-05   6.42442e-05   1.39829e-04   1.89370e-04   2.45933e-04
   2.00832e-04   1.13668e-04   2.26969e-05  -6.10671e-05  -9.05023e-05  -6.58303e-05   7.44848e-07
   7.41581e-05   7.70403e-05   4.24567e-05  -1.81528e-05  -2.93020e-05   5.65371e-06   3.41036e-05
   3.47840e-05   2.57378e-05  -2.36329e-05  -4.55311e-05  -3.96832e-05  -2.64173e-05  -5.06509e-05
  -7.32919e-05  -8.07144e-05  -5.58045e-05  -1.47322e-05  -1.44239e-05  -5.34066e-05  -7.49873e-05
  -9.41616e-05  -1.37233e-04  -1.64097e-04  -7.73330e-05  -7.00712e-07   3.53985e-06   8.26312e-06
  -3.64354e-05  -1.08444e-04  -1.50111e-04  -1.73271e-04  -1.63940e-04  -1.00283e-04  -4.56003e-05
  -7.99437e-06  -8.56052e-06  -1.66767e-05  -4.34064e-05  -7.78338e-05  -9.96447e-05  -8.96249e-05
  -9.74330e-05  -4.44325e-05  -3.86404e-05  -1.14144e-05   8.99296e-06   1.01191e-05  -1.01722e-05
  -4.27850e-05  -3.22568e-05   1.78486e-05   2.72370e-05   3.62906e-05   6.69763e-05   8.01841e-05
   6.80473e-05   3.24167e-05  -3.72517e-05  -6.49370e-05  -2.31437e-05   3.34741e-05   7.02132e-05
   9.36893e-05   6.88325e-05   2.65778e-05  -2.66861e-05  -6.35462e-05  -2.49743e-05  -2.62814e-05
  -2.31196e-05   3.05078e-05   2.11644e-05   1.10864e-05   1.23916e-05   2.36257e-05   5.18377e-05
   4.42740e-05  -1.68718e-07   1.81119e-06  -1.38531e-05  -1.93591e-05   1.27754e-05   2.36214e-06
  -4.77562e-05  -5.61434e-05  -1.26933e-05
     0.0000e+00     0.0000e+00      0  0  0.00
     661   0.50000  0.0000e+00
   1.62666e-04   1.43450e-04   8.00436e-05  -1.10329e-05  -8.28775e-05  -1.01194e-04  -6.95380e-05
  -1.33032e-05   4.60702e-05   9.64144e-05   1.29924e-04   1.54365e-04   1.73284e-04   1.76569e-04
   1.53821e-04   1.10402e-04   6.13371e-05   2.64987e-05   2.19528e-05   5.38843e-05   1.07572e-04
   1.50954e-04   1.61516e-04   1.41195e-04   1.08645e-04   7.95520e-05   5.52368e-05   4.41246e-05
   5.72830e-05   8.56149e-05   1.07601e-04   1.11870e-04   9.56577e-05   6.41418e-05   3.44792e-05
   1.62283e-05   2.81401e-06  -2.74849e-06  -2.69968e-06  -2.90180e-06  -3.06594e-06  -3.38462e-06
  -1.46906e-07   1.34532e-05   3.81187e-05   6.45983e-05   6.82673e-05   3.76569e-05  -2.10281e-05
  -8.67943e-05  -1.27117e-04  -1.24150e-04  -9.10608e-05  -5.95934e-05  -6.08689e-05  -9.22238e-05
  -1.17237e-04  -1.09939e-04  -7.08111e-05  -1.94318e-05   1.90924e-05   2.52250e-05  -8.13563e-06
  -6.37502e-05  -1.18625e-04  -1.60608e-04  -1.78589e-04  -1.63909e-04  -1.23746e-04  -7.91994e-05
  -4.09862e-05  -1.62236e-05  -3.44288e-06   9.78234e-07  -8.88291e-06  -2.36698e-05  -3.30897e-05
  -3.46178e-05  -1.78936e-05   6.34769e-05   1.67973e-04   1.67592e-04   2.29990e-04   2.26894e-04
   1.55421e-04   9.71487e-05   3.08772e-05   4.59615e-05  -9.62467e-04  -4.15296e-03  -1.39727e-03
   8.58787e-04  -2.50962e-04  -1.28417e-03  -5.51562e-03   3.26443e-03   5.20709e-03  -1.86948e-04
  -1.58734e-03   3.82602e-03   6.89773e-03  -7.11986e-04  -7.00998e-03   1.13691e-03  -7.71490e-04
  -5.61888e-03  -7.44421e-04   1.87350e-03   6.06524e-03  -1.17827e-03   6.45719e-03   3.74850e-04
  -2.17300e-03  -3.39067e-03  -3.99443e-03  -3.86676e-04   2.51609e-03   3.76451e-03   1.27383e-03
   1.03938e-03  -2.93401e-03  -1.57167e-05   2.94107e-04   1.08474e-03  -1.93834e-04   1.15593e-03
  -1.99813e-03   5.05442e-04   2.37136e-04   1.95149e-03   6.35192e-04  -2.24976e-03   3.23286e-04
   5.67594e-05   5.23476e-04   2.49688e-04  -8.86248e-04   6.03092e-05  -9.23249e-05   2.94959e-04
  -9.91593e-04   1.30436e-03  -1.76467e-04  -3.15522e-04  -3.23226e-04  -3.72988e-05  -7.43319e-04
   5.60243e-04  -7.97134e-04  -3.98166e-04   2.88574e-04  -3.29088e-04  -1.16766e-04  -8.32030e-04
   8.18875e-04  -3.79607e-04   1.01961e-04   1.08449e-04  -7.23616e-04  -1.29504e-04  -3.08267e-04
  -2.94318e-04   3.46881e-04   5.20820e-05  -6.01529e-04   1.99322e-04  -2.38301e-04  -6.11702e-05
  -3.79360e-04   2.98272e-05   1.66969e-04   7.10017e-06   2.80083e-04  -3.21376e-04   3.99290e-04
  -5.25316e-04  -7.71232e-04  -2.07158e-04   6.24661e-04   3.66183e-04  -1.67489e-04   3.38047e-04
  -1.69376e-04   2.68801e-04  -8.64447e-05   5.72921e-04  -3.07857e-04  -6.62915e-05   9.47758e-05
   1.63036e-04   2.14766e-04  -2.07536e-04   9.16270e-05   8.69790e-05   5.86021e-05   3.15687e-05
  -5.34058e-05   2.32746e-04   1.24820e-04   2.55075e-04   1.43084e-04   8.40925e-05   1.10635e-04
  -5.94068e-05  -1.44203e-04   2.60054e-05  -2.96905e-04   1.98179e-04  -4.26647e-05   2.60031e-04
  -1.25202e-04   2.34132e-04   2.29436e-04   1.32234e-04   5.60275e-05  -3.02298e-05  -5.46408e-05
  -7.55172e-05  -2.37182e-04  -2.77862e-04   2.05425e-04   1.64151e-04   1.50736e-04   8.85652e-05
   1.02837e-04  -4.28422e-05  -7.42756e-05   1.49879e-04  -3.43306e-04  -1.32363e-04  -1.41755e-04
  -1.70818e-04  -1.59141e-04   2.72139e-04   3.02939e-04  -8.01343e-05  -2.51071e-04   2.48190e-05
  -3.15080e-04  -1.11404e-05  -1.85032e-04  -4.36674e-05  -1.73448e-04  -1.03181e-04   1.95904e-05
   3.57998e-04   7.98922e-05  -2.40222e-04  -9.55880e-05   7.81516e-05  -1.40176e-04   4.15494e-05
  -1.12990e-04  -9.78520e-05   1.05030e-04  -5.87456e-05   2.21140e-04   1.13959e-04   1.72676e-04
   3.85464e-05  -2.52003e-04   2.79908e-04   3.75710e-04   1.04462e-04   9.71084e-05  -2.22919e-05
  -9.89631e-05  -3.42517e-04   1.13281e-04   1.88620e-04   8.87058e-05   2.63179e-04   4.16865e-04
  -1.42572e-04  -3.32511e-04   1.32019e-04   4.12051e-05   1.69012e-04   7.22827e-05  -1.73930e-04
  -1.31435e-05   1.01955e-04  -2.27296e-04  -2.79353e-05  -4.21303e-05  -2.59706e-05  -7.39843e-05
   2.16493e-04   2.11523e-04  -1.26373e-04  -2.08404e-04   1.06771e-04  -1.25144e-04  -1.89794e-04
  -1.02433e-04  -5.82920e-05   5.51690e-05  -2.19907e-05  -2.00081e-04   1.74012e-04   1.35886e-04
  -1.89178e-04  -1.61919e-05   2.55460e-05  -1.65193e-04  -8.75627e-05   3.73626e-05  -3.48770e-05
  -1.84113e-04  -3.57576e-05   1.10702e-04   1.41484e-04   1.83317e-06  -1.47698e-04  -1.89601e-04
   1.16199e-04   1.68065e-04   1.01850e-04  -3.18119e-05   3.06197e-05  -1.90492e-04  -9.79051e-05
  -1.08025e-04   8.79050e-05   1.01752e-04   2.38278e-04   2.06217e-04   1.21676e-04   1.16029e-06
  -1.91938e-04  -3.26914e-04   1.29198e-04   3.62436e-04  -1.87061e-05  -2.20699e-04  -5.04074e-05
  -4.50247e-06   8.23381e-05   7.73720e-05  -8.57093e-05  -3.40517e-05  -2.25107e-05   3.71390e-05
  -4.25031e-05   4.78765e-05  -7.39551e-05  -2.10305e-05  -2.86243e-04  -2.75269e-04  -2.61620e-04
  -1.59822e-04  -6.94721e-05  -3.54916e-05  -2.16824e-05   9.15084e-05  -3.44874e-06  -5.19672e-05
   5.20192e-05  -1.46378e-05   3.40268e-05  -9.18701e-05  -7.09002e-05   3.05110e-05  -2.08888e-05
   6.06856e-05   2.14505e-04   1.24015e-04   1.45345e-04  -2.58451e-05   4.13875e-05   9.15585e-05
   2.14764e-04   1.67477e-04   5.58616e-05   2.67031e-04   1.95373e-04  -7.75277e-05  -1.06620e-04
  -1.19659e-04  -1.00525e-04   1.66037e-04   1.50653e-04   1.90100e-04   1.25492e-04   3.25516e-05
  -1.20957e-04  -1.46354e-04   4.20545e-05  -1.16354e-05   2.02868e-05   1.81025e-05   8.60695e-05
   1.15246e-04   9.78324e-05   8.37496e-05   1.05281e-05   9.68262e-06  -3.73317e-05  -1.31196e-04
  -1.57948e-04  -9.29761e-05   4.39113e-05   6.25888e-05   8.08368e-06   9.42133e-05   7.87165e-05
   1.58320e-04   3.99971e-05  -2.37638e-04  -2.46174e-04  -9.88689e-05   2.84727e-07   6.86703e-05
   8.47472e-05   1.21280e-04   6.59840e-05   1.91554e-05  -5.51104e-05  -1.22460e-04  -1.05581e-04
  -7.34578e-05  -2.21676e-05  -9.70316e-06  -5.59688e-05  -1.52594e-04  -6.28624e-05  -3.80199e-05
   3.31811e-05  -5.22029e-05  -1.41389e-04  -9.63943e-05   6.57251e-06   9.66048e-05   1.17025e-04
   2.73535e-05  -1.00490e-05  -8.28010e-05  -8.77183e-05  -1.07742e-05   6.60750e-05   1.71572e-05
  -4.86781e-05  -1.80521e-04  -6.80374e-05   8.73155e-05   1.70045e-04   2.77367e-04   2.18278e-04
   1.00715e-04  -4.02593e-05  -1.47934e-04  -1.46108e-04  -1.17123e-04  -7.97356e-06   8.96739e-05
   9.69523e-05   3.77066e-05  -2.39152e-05  -6.26955e-05  -9.06818e-05  -1.35334e-04  -1.51760e-04
  -1.37460e-04  -6.77431e-05  -4.44859e-05  -3.78818e-05  -7.25221e-05  -6.36831e-05  -6.46149e-05
  -5.61632e-05  -3.50701e-05   3.58925e-07   1.51249e-05  -1.81622e-06  -5.68417e-05  -1.56823e-04
  -8.36087e-05  -3.29020e-05   1.97430e-06   4.21157e-05   3.15899e-05   5.02618e-05   7.83200e-05
   5.22018e-05   5.14297e-05   1.03526e-04   2.15276e-05  -3.03609e-05  -3.12694e-06   2.02377e-05
   8.91053e-05   9.79879e-05   5.70481e-05   9.62211e-05   2.27618e-04   2.26295e-04   1.35177e-04
   6.33242e-06  -3.49003e-05  -2.52851e-05   5.23537e-05   8.49510e-05   1.53567e-04   1.60881e-04
   1.48307e-04   1.07036e-04   6.82673e-05   8.84281e-08   4.23453e-06   1.32182e-04   1.84021e-04
   1.51808e-04   1.36556e-04   6.93386e-05  -4.73949e-05  -6.08472e-05  -6.80054e-05  -3.92608e-05
  -4.30438e-05  -2.56537e-05   2.18203e-05   6.06729e-05   7.10290e-05   2.79144e-05  -7.87764e-06
  -2.70513e-05  -7.03891e-05  -1.22436e-04  -1.51843e-04  -1.72173e-04  -2.29780e-04  -1.60570e-04
  -1.56823e-04  -1.55983e-04  -1.53469e-04  -1.62843e-04  -1.13448e-04  -3.46229e-05  -1.74610e-06
  -5.04895e-05  -1.12853e-04  -2.10566e-04  -3.10613e-04  -2.15721e-04  -1.30693e-04  -4.34089e-05
  -7.92664e-06  -1.34559e-05  -1.66165e-05   2.53345e-05   4.41733e-05   8.80777e-05   1.80164e-05
  -7.20068e-05  -1.11406e-04  -2.46635e-05   4.13567e-05   8.48750e-05   1.35247e-04   1.44810e-04
   1.34210e-04   1.10204e-04   3.55286e-05   8.80301e-06  -8.88172e-07   3.71102e-05   9.99418e-05
   1.22984e-04   1.47244e-04   1.04243e-04   6.78968e-05   4.90683e-05   3.73634e-05   4.91042e-05
   1.44231e-04   1.65692e-04   1.36727e-04   8.69047e-05   1.80876e-05  -2.05517e-05   2.25157e-05
   5.97104e-06  -6.01305e-05  -7.42419e-05  -5.38159e-05  -1.14136e-05   5.47675e-05   1.10485e-04
   1.22625e-04   1.06452e-04   6.11232e-06  -1.11981e-04  -1.38370e-04  -1.11421e-04  -3.97615e-05
  -2.87377e-05  -4.95363e-05  -7.69432e-05  -8.77686e-05  -8.81790e-05  -7.19359e-05   1.69301e-05
   1.20790e-04   8.10212e-05   1.40693e-05   1.60419e-05  -3.77352e-05  -4.61330e-05  -7.77039e-05
  -9.51305e-05  -6.46442e-05  -2.61500e-05   1.06485e-05  -1.18154e-06  -2.09835e-05  -1.67144e-05
  -8.34501e-05  -4.33889e-05  -9.91556e-06   3.49559e-05   7.74509e-05   8.87939e-05   5.19557e-05
   2.50595e-05  -1.49652e-05  -3.21569e-05  -5.16496e-05  -4.82095e-05  -2.96671e-05  -3.18650e-05
  -4.51118e-05  -5.05001e-05  -1.54939e-05   5.81133e-05   8.05130e-05   7.04919e-05   6.98365e-05
   2.40337e-05  -3.40665e-05  -1.12305e-04  -1.24260e-04  -6.65078e-05  -2.95979e-05  -2.57191e-05
   3.05677e-05   1.14725e-04   1.54491e-04   1.55445e-04   1.43820e-04   7.99713e-05   1.55132e-05
  -4.47815e-05  -8.10692e-05  -1.10694e-04  -6.85451e-05  -2.90445e-05   1.50477e-06   4.44028e-05
   1.15268e-04   1.58139e-04   1.69605e-04
     0.0000e+00     0.0000e+00      0  0  0.00
     661   0.50000  0.0000e+00
   1.18421e-05  -7.18700e-06  -1.12040e-05  -2.66851e-06   1.72840e-05   5.28638e-05   1.00212e-04
   1.41260e-04   1.57107e-04   1.44667e-04   1.12114e-04   7.49034e-05   4.86144e-05   3.79930e-05
   3.77892e-05   4.43177e-05   6.03463e-05   8.25117e-05   1.03010e-04   1.22084e-04   1.38734e-04
   1.41336e-04   1.20956e-04   8.58468e-05   5.62272e-05   4.88344e-05   6.35643e-05   8.76009e-05
   1.08123e-04   1.16975e-04   1.07492e-04   7.94074e-05   4.45319e-05   1.72764e-05   6.14751e-06
   1.48570e-05   4.19120e-05   7.97849e-05   1.13627e-04   1.27997e-04   1.18340e-04   8.64178e-05
   4.20438e-05   1.11623e-06  -2.75011e-05  -4.96928e-05  -7.02067e-05  -8.69393e-05  -9.73853e-05
  -9.58712e-05  -7.95668e-05  -4.86147e-05  -1.09866e-05   1.58263e-05   1.64002e-05  -1.50185e-05
  -7.13011e-05  -1.37411e-04  -1.96050e-04  -2.35542e-04  -2.52847e-04  -2.47293e-04  -2.27990e-04
  -2.09073e-04  -1.96903e-04  -1.91723e-04  -1.92133e-04  -1.97016e-04  -2.01721e-04  -2.07545e-04
  -2.23644e-04  -2.55231e-04  -2.90166e-04  -3.10135e-04  -3.12258e-04  -3.06861e-04  -3.00263e-04
  -2.92822e-04  -2.67361e-04  -3.31120e-04  -3.06861e-04  -1.99035e-04  -3.70386e-04  -4.02628e-04
  -3.33624e-05  -6.09728e-05  -2.64244e-05   3.48709e-04   5.92216e-04   7.62090e-04   1.53148e-04
  -4.56552e-04  -6.07150e-04  -7.24354e-04  -6.29917e-04  -2.12596e-04   7.29502e-04   1.71030e-03
   7.59135e-04   2.69437e-04   1.05459e-03  -2.95489e-04  -6.67476e-04  -1.98992e-04  -3.19407e-04
   3.25455e-04   6.23687e-04   4.78800e-04   1.32442e-03   3.07506e-04   7.27183e-04  -1.50897e-03
   3.21074e-05  -1.57092e-04   3.70672e-04   1.26578e-03   1.37252e-03   4.84345e-04  -5.64802e-04
  -8.01914e-04  -8.79889e-04   3.06240e-04   1.34194e-03   1.18584e-03   1.93858e-04  -8.95222e-04
  -1.30083e-03  -1.65540e-04   1.52372e-03   1.16094e-03  -4.49772e-04  -8.93617e-04  -5.48726e-04
   5.84284e-04   5.25531e-04  -4.82119e-04  -2.87162e-04   3.47194e-04   3.29287e-04  -3.00130e-04
  -2.82161e-04  -6.66822e-05  -2.41294e-04  -6.17308e-05  -3.14031e-04   1.31489e-04   6.64877e-05
  -3.46328e-05  -1.90941e-04  -3.30892e-04   7.28758e-05  -1.93477e-04  -7.55605e-05  -4.62046e-05
  -3.39375e-07  -2.56931e-04  -2.23974e-04  -2.29241e-04  -9.39750e-05  -4.47933e-04  -2.17931e-04
   1.88021e-04   3.99889e-05   4.93191e-05  -1.97497e-04   5.96268e-05  -2.21106e-04  -2.94947e-04
  -2.64607e-05  -5.09911e-05  -6.10587e-06  -2.09222e-04  -2.02652e-04  -1.59938e-04  -2.70963e-05
  -3.01155e-04   1.94311e-04   5.11070e-05   8.38354e-05  -1.25306e-04  -5.31640e-05   3.11577e-06
  -3.69476e-05  -1.32398e-05  -1.77929e-04  -1.12373e-04  -1.12385e-04  -7.16551e-05   7.99378e-05
   5.93671e-05   9.80907e-05  -5.78331e-05  -7.69603e-06   2.76325e-05   3.57080e-05   9.68715e-05
   2.07750e-04   1.41710e-04  -2.60154e-05  -1.39801e-04  -1.62378e-04  -1.75334e-04  -1.73752e-05
   7.82576e-05   2.73142e-04  -1.07127e-05   5.82149e-05   2.39536e-04   5.70611e-05   2.67010e-05
   5.01651e-05   1.44080e-06  -3.82987e-05   1.39092e-04  -5.58358e-06   2.57111e-05   1.53980e-05
  -1.55353e-05   8.80184e-05   2.17812e-04   1.92085e-04   8.59741e-06   4.84091e-05   1.68199e-05
   1.34330e-05   4.68630e-05  -3.19877e-05   3.58920e-05   6.76289e-05   2.42324e-05   5.87819e-05
   9.98881e-06   4.46649e-05   1.87676e-04   5.05047e-05  -4.86857e-05  -8.36818e-05  -1.31594e-04
   6.01112e-05   4.31996e-05   3.20749e-05   1.24911e-04   1.02254e-04  -1.32502e-05  -4.92747e-05
  -3.00144e-05   8.84388e-05   1.14538e-05  -1.32465e-04   1.01622e-04   8.63003e-05  -1.16361e-05
  -4.72438e-05   4.94024e-05   1.24712e-04   2.25046e-05  -3.08909e-05  -5.14598e-05  -7.94706e-05
  -6.39327e-05  -1.42215e-05   1.32199e-04  -3.30121e-05  -5.22097e-05   4.79089e-06  -2.82577e-05
  -1.29296e-04  -4.17475e-05   5.52714e-05   1.59358e-04   2.18608e-05  -1.06847e-04  -5.75013e-05
  -5.18508e-05   9.81888e-06   8.08353e-05   3.02928e-06  -4.09462e-05  -1.03086e-04   3.08012e-05
  -3.03768e-05  -1.08633e-04  -8.77020e-06   4.27425e-06   1.53843e-05   2.06848e-05  -2.97360e-05
  -8.47217e-05   3.49647e-05  -4.88476e-05  -1.47936e-04  -9.20430e-05  -1.53105e-05   5.77492e-05
   5.38053e-05  -1.32236e-05   7.67797e-05   6.04721e-05   2.89184e-06  -2.85185e-05  -1.34328e-04
  -1.39258e-04  -9.57292e-05   1.33303e-05  -2.36876e-05  -1.48924e-06   6.69029e-05   9.55439e-05
   1.73409e-06  -1.40323e-05  -1.26209e-05  -1.19749e-04  -6.82370e-05   7.28866e-05   7.59918e-05
   6.50641e-05  -2.44430e-05  -6.31280e-05   5.60867e-05   7.76501e-07  -7.35046e-05  -8.57724e-05
  -2.52187e-05  -2.52550e-05  -2.40689e-05   1.43750e-04   7.24414e-06  -1.19968e-04   9.95598e-06
   2.00814e-04   9.57263e-05  -4.29700e-05  -5.79381e-05  -1.21822e-04  -5.00602e-05   6.36491e-05
   4.22765e-05   2.43689e-05   3.00365e-05  -3.75949e-06  -3.22627e-05   9.49744e-05   5.22214e-05
  -5.40599e-06  -7.23253e-05  -8.58300e-05  -2.17284e-05   8.74043e-05   6.82763e-05   9.65746e-06
  -3.66726e-06   7.24934e-05   5.96557e-05  -5.43372e-05  -8.73274e-05  -1.27395e-05   5.81652e-05
   1.42171e-05  -3.09445e-05  -5.42920e-06   3.70708e-06   2.54124e-05   3.70346e-05   3.97988e-05
   3.09917e-05  -6.03474e-06  -3.73278e-06  -1.43289e-05   2.99517e-06   5.95567e-06   6.42708e-05
   8.25785e-05  -3.07306e-05  -9.25109e-05  -3.75748e-05  -1.32925e-05   1.10663e-05   1.03860e-04
   1.17728e-04   4.52442e-06  -1.50021e-04  -2.00049e-04  -1.34170e-04   3.52333e-05   1.65885e-04
   1.89559e-04   9.92060e-05   2.60516e-05  -1.78850e-05  -4.11473e-05  -4.64589e-05  -1.06504e-04
  -1.05231e-04  -2.02039e-06   6.86153e-05   7.32668e-05   6.32838e-06  -2.84255e-05  -5.41464e-07
   1.23989e-05  -1.74953e-05  -2.14009e-05  -2.49055e-05   3.32329e-05  -7.32741e-07  -5.61364e-05
  -7.86986e-05   3.90816e-07   1.07672e-04   8.47622e-05   4.42930e-07  -1.57370e-05  -4.69345e-05
  -2.29733e-05   1.69834e-05  -4.16917e-06  -4.53631e-05  -4.99923e-05  -4.19226e-05  -3.97805e-05
  -2.35146e-05   5.06589e-06   4.10734e-05   5.64169e-05   5.00181e-05   2.13898e-05   1.25607e-06
  -5.94477e-05  -8.38549e-05  -6.12226e-05  -5.52203e-05   2.77422e-05   9.70102e-05   3.12848e-05
  -6.59559e-05  -6.46152e-05  -6.17065e-06   6.83988e-05   6.43715e-05  -1.03248e-05  -4.14950e-05
   1.91136e-05   7.70437e-05   7.79861e-05   2.37998e-05  -2.69217e-05  -3.04157e-05  -1.10359e-05
  -1.43034e-05  -2.45149e-05  -3.08659e-05   5.41890e-06   5.74099e-05  -8.80937e-06  -4.58345e-05
  -1.00730e-05   4.39271e-05   5.66885e-05   4.53800e-05   4.77330e-06  -4.46984e-05  -6.90490e-05
  -4.23231e-05  -3.95565e-05  -2.90926e-05   1.32092e-05   9.17750e-05   1.07713e-04   9.43359e-05
   2.20819e-05  -4.04419e-05  -4.80225e-05  -1.96405e-05   1.92858e-05   3.75605e-05  -9.21666e-06
  -7.01715e-05  -7.57945e-05   9.79386e-06   6.56474e-05   6.25285e-05   2.88803e-05   1.36028e-06
   4.14122e-06  -5.84491e-06  -7.00245e-06   3.60863e-05   2.64026e-05  -1.02727e-05  -6.69758e-05
  -6.84664e-05  -6.97278e-06   1.99197e-05   1.49972e-05  -4.06484e-05  -4.43846e-05  -4.60469e-06
   1.90193e-05   2.97548e-05   2.85796e-05   9.64209e-06   1.36703e-05  -8.80293e-06   1.04927e-05
   3.16968e-05   5.71095e-06  -3.56271e-05  -6.29882e-05  -6.13642e-05  -6.51037e-05  -3.05173e-05
   2.19330e-05   6.68231e-05   6.49274e-05   4.18577e-05  -5.83178e-07  -6.08634e-05  -9.91158e-05
  -8.93710e-05  -4.48623e-05   2.96048e-05   9.11788e-05   7.74066e-05   1.24102e-05  -3.89599e-05
  -8.52411e-05  -7.93116e-05  -6.14558e-05  -5.80989e-05  -1.59850e-05   6.32897e-05   8.22350e-05
   5.76599e-05   1.44617e-05  -1.94108e-05   6.34722e-08   3.28437e-05   4.64176e-05   3.58696e-05
  -1.46212e-05  -2.43703e-05   2.20477e-05   1.64760e-05  -2.21822e-05  -6.12703e-05  -5.47916e-05
  -8.80232e-06   5.07881e-05   7.08043e-05   7.94367e-05   7.14242e-05   4.24226e-07  -6.83929e-05
  -6.84465e-05  -2.67813e-05   2.22280e-05   3.97568e-05   3.40729e-05   3.41848e-05   2.20510e-05
  -2.20847e-06  -1.27350e-05   3.32064e-06   1.58450e-05   2.04227e-05  -6.93533e-06  -3.19050e-05
  -1.90570e-05   2.00237e-06   1.42425e-05   2.08096e-05   1.14493e-05  -1.17362e-06  -1.60727e-05
  -3.86429e-05  -3.92124e-05  -2.81831e-05   2.23147e-05   6.63362e-05   6.96568e-05   3.51918e-05
  -1.77214e-05  -5.30316e-05  -3.87956e-05  -2.60531e-05  -1.12939e-05  -2.35864e-06   1.10057e-05
   3.93138e-05   4.35584e-05   2.28719e-05  -1.07823e-05  -4.67906e-05  -6.87049e-05  -6.25700e-05
  -2.93519e-05  -1.84995e-05  -1.82097e-05   2.12783e-06   2.84602e-05   6.06062e-05   9.07644e-05
   7.08196e-05  -1.38610e-05  -5.54145e-05  -7.99975e-05  -8.54546e-05  -4.94366e-05   2.39548e-06
   3.88727e-05   3.56129e-05  -1.29246e-05  -1.75840e-05   3.95237e-05   7.67989e-05   7.65336e-05
   2.18110e-05  -4.30329e-05  -7.19980e-05  -5.59967e-05  -2.46655e-05   8.44319e-06   3.43789e-05
   3.62704e-05   2.18293e-05   2.08043e-05   4.92928e-06  -2.06819e-05  -1.79868e-05  -6.72021e-06
  -3.01093e-06   1.08881e-05   4.18039e-06  -5.85414e-06   1.61009e-06   1.66890e-05   1.83294e-05
  -4.00215e-06  -3.13598e-05  -2.77708e-05  -1.59796e-05   1.18963e-05   5.12244e-05   4.38474e-05
   7.31821e-06  -2.81324e-05  -4.97284e-05  -4.92926e-05  -2.12131e-05   3.59721e-05   1.00075e-04
   8.51589e-05   1.69935e-05  -5.35396e-05  -1.02668e-04  -8.88164e-05  -3.09434e-05   2.43785e-05
   5.73391e-05   7.33589e-05   6.70152e-05