#depth variance  VR       nsta
  8  4.524e-08  2.429e-02   1
#mxx        mxy        mxz        myy        myz        mzz
-6.838e+21 -1.934e+21 -1.053e+21  5.150e+21  3.870e+20  1.688e+21
#st1 rk1 dp1 st2 rk2 dp2
234  10  89 144 179  80
#pdc pclvd piso
 53  47   0

#filename
TD002.data
#dt   npts  dist   Az   Zcor VR
1.000  250 206.0 123.0    5  2.429e-02
#data T          R          Z    synth T          R          Z
 8.111e-05 -4.877e-05 -2.038e-05  3.559e-05 -2.889e-06  1.187e-05
 7.690e-05 -4.050e-05 -3.134e-05 -1.504e-05 -6.227e-06 -5.323e-06
-7.945e-06 -7.537e-06  1.520e-05  3.000e-06  5.043e-06  7.150e-07
-8.616e-05  5.741e-06  4.013e-06  1.539e-05 -4.260e-06  9.401e-06
-6.547e-05  3.033e-05 -2.213e-05 -7.408e-07 -4.074e-06 -5.460e-06
 3.990e-05  3.003e-05 -3.113e-06  5.124e-06  3.991e-06  3.465e-06
 8.582e-05 -1.639e-05  3.107e-06  7.486e-06 -5.382e-06  6.541e-06
 3.086e-05 -3.841e-05 -2.104e-06  4.659e-06 -1.672e-06 -5.079e-06
 3.968e-07 -2.487e-05 -1.037e-06  5.682e-06  2.136e-06  6.023e-06
 1.332e-05  3.668e-06 -2.041e-05  6.273e-06 -5.815e-06  2.803e-06
 4.358e-06  8.438e-06 -3.240e-05  5.952e-06  5.196e-07 -2.931e-06
-2.865e-05 -2.254e-05 -3.966e-05  6.183e-06 -7.269e-07  7.051e-06
-3.937e-05  6.365e-06 -6.975e-05  6.476e-06 -4.839e-06 -7.655e-07
-6.398e-05  6.884e-05 -6.557e-05  6.426e-06  1.433e-06  6.393e-07
-2.958e-05  5.090e-05 -1.156e-05  6.662e-06 -3.382e-06  5.739e-06
 3.372e-05 -4.882e-05  1.220e-05  6.692e-06 -2.608e-06 -2.421e-06
 6.875e-05 -1.091e-04  1.050e-07  6.714e-06  2.559e-07  4.104e-06
 7.061e-05 -6.655e-05 -9.965e-06  6.741e-06 -4.581e-06  2.112e-06
-1.846e-05  8.318e-05 -2.019e-05  6.552e-06 -4.795e-07 -6.296e-07
-1.330e-04  1.380e-04 -3.623e-05  6.217e-06 -2.330e-06  4.935e-06
-1.179e-04  1.419e-05 -5.856e-05  5.917e-06 -3.303e-06 -9.341e-07
 1.151e-06 -1.111e-04 -2.516e-05  5.620e-06 -4.655e-07  2.638e-06
 8.223e-05 -9.501e-05  2.244e-05  5.417e-06 -3.900e-06  2.414e-06
 8.598e-05  3.062e-05  2.580e-05  5.042e-06 -1.244e-06 -1.989e-07
 6.308e-07  8.058e-05  2.231e-05  4.986e-06 -2.404e-06  3.722e-06
-1.164e-04  2.386e-05  2.662e-05  4.935e-06 -2.820e-06 -3.457e-07
-1.436e-04 -5.841e-05 -8.124e-06  4.819e-06 -1.224e-06  2.547e-06
-2.458e-05 -4.656e-05 -2.597e-05  4.723e-06 -3.266e-06  1.288e-06
 1.311e-04  5.883e-06  1.727e-05  4.767e-06 -1.300e-06  7.115e-07
 1.356e-04  2.345e-05  5.678e-05  4.829e-06 -2.659e-06  2.189e-06
-2.475e-05  2.156e-06  3.663e-05  4.875e-06 -2.005e-06  2.755e-07
-1.593e-04  5.653e-05 -2.383e-05  5.018e-06 -1.936e-06  2.114e-06
-9.031e-05  9.473e-05 -1.666e-05  5.291e-06 -2.387e-06  5.481e-07
 7.868e-05 -4.998e-05  5.288e-05  5.476e-06 -1.702e-06  1.255e-06
 1.333e-04 -1.683e-04  9.630e-05  5.660e-06 -2.351e-06  1.011e-06
 5.325e-05 -4.953e-05  8.211e-05  5.777e-06 -1.876e-06  8.662e-07
-4.319e-05  1.079e-04  1.604e-05  5.886e-06 -2.170e-06  1.071e-06
-6.976e-05  1.224e-04 -3.986e-05  5.805e-06 -2.036e-06  6.027e-07
-1.309e-05  4.661e-05 -1.101e-05  5.526e-06 -2.153e-06  9.806e-07
 6.802e-05 -5.309e-05  3.271e-05  5.113e-06 -2.136e-06  7.369e-07
 6.689e-05 -1.041e-04  4.006e-05  4.873e-06 -2.085e-06  7.942e-07
-2.066e-05 -4.444e-05  1.149e-05  4.644e-06 -2.106e-06  5.492e-07
-7.162e-05  5.207e-05  2.909e-05  4.239e-06 -2.058e-06  6.493e-07
-2.547e-05  3.712e-05  1.622e-04  3.805e-06 -2.116e-06  6.289e-07
 9.600e-05 -9.908e-06 -9.126e-05  3.605e-06 -1.979e-06  6.447e-07
 8.468e-05  8.387e-05  2.103e-04  3.506e-06 -1.997e-06  5.763e-07
-3.315e-05 -5.284e-05 -1.631e-05  3.469e-06 -1.987e-06  4.609e-07
-1.124e-04  4.652e-05 -5.642e-05  3.476e-06 -1.897e-06  5.104e-07
-1.104e-04  1.362e-04 -8.352e-05  3.642e-06 -1.895e-06  5.564e-07
-3.519e-06 -4.634e-05 -1.486e-05  4.032e-06 -1.908e-06  4.248e-07
 2.978e-05  3.702e-05 -9.147e-05  4.565e-06 -1.815e-06  3.723e-07
 8.651e-05 -8.063e-05  1.281e-04  4.968e-06 -1.888e-06  4.367e-07
 6.886e-05  1.208e-06 -1.265e-04  5.324e-06 -1.981e-06  4.886e-07
-1.738e-05 -4.317e-05 -3.654e-05  5.744e-06 -1.940e-06  3.166e-07
-6.628e-05 -9.146e-07 -1.851e-06  6.072e-06 -1.934e-06  2.332e-07
-9.992e-05  2.001e-06 -1.473e-04  6.101e-06 -2.086e-06  3.796e-07
-2.953e-05 -6.300e-05  7.489e-05  5.880e-06 -2.156e-06  3.335e-07
-1.982e-06 -5.320e-05  7.312e-05  5.470e-06 -2.058e-06  1.124e-07
 7.945e-05  2.928e-05 -6.149e-05  5.081e-06 -2.133e-06  2.416e-07
 5.526e-05  8.063e-05 -1.143e-04  4.829e-06 -2.344e-06  2.005e-07
-7.937e-06  2.910e-06  3.678e-05  4.535e-06 -2.212e-06  4.058e-08
-1.111e-04 -6.454e-05 -2.832e-05  4.132e-06 -2.071e-06  8.575e-08
-7.617e-05 -1.251e-04 -1.272e-05  3.896e-06 -2.220e-06  5.746e-08
-1.838e-05 -7.320e-05  3.350e-07  3.931e-06 -2.241e-06 -1.160e-07
 5.781e-05  1.125e-04  3.179e-05  4.201e-06 -2.035e-06 -1.005e-07
 1.183e-05  1.410e-04 -9.831e-05  4.595e-06 -2.102e-06 -4.285e-08
 1.712e-04  1.137e-04 -3.038e-05  4.856e-06 -2.177e-06 -2.391e-07
 1.120e-04 -1.008e-04 -7.522e-05  4.946e-06 -2.005e-06 -4.547e-07
 1.529e-03 -1.140e-04  2.077e-05  5.055e-06 -1.972e-06 -3.038e-07
-5.324e-04 -9.961e-05  1.276e-04  5.159e-06 -2.184e-06 -2.234e-07
-3.143e-04  1.876e-04 -1.536e-04  5.063e-06 -2.107e-06 -5.957e-07
 9.814e-04 -3.240e-04  6.047e-05  4.689e-06 -1.922e-06 -6.873e-07
-7.491e-05  6.239e-04  1.081e-04  4.149e-06 -2.073e-06 -4.961e-07
-7.680e-06  3.125e-04 -1.736e-04  3.632e-06 -2.120e-06 -7.220e-07
 1.944e-04 -9.317e-04  9.878e-05  3.159e-06 -1.910e-06 -8.418e-07
-1.005e-03 -1.863e-04 -4.536e-06  2.736e-06 -1.889e-06 -7.900e-07
-2.995e-04 -8.208e-06 -1.503e-04  2.533e-06 -1.965e-06 -9.274e-07
-3.395e-04 -1.615e-04  1.379e-04  2.543e-06 -1.788e-06 -1.116e-06
-1.058e-04  1.292e-04  4.175e-05  2.582e-06 -1.549e-06 -1.060e-06
 1.608e-04  1.159e-05  2.493e-05  2.774e-06 -1.676e-06 -1.047e-06
-2.060e-04 -5.030e-05  1.553e-04  3.143e-06 -1.792e-06 -1.213e-06
 8.822e-04  2.881e-04  2.158e-06  3.452e-06 -1.566e-06 -1.357e-06
 8.345e-05  9.671e-05  1.038e-04  3.598e-06 -1.414e-06 -1.340e-06
 1.183e-04  2.704e-04  8.520e-05  3.634e-06 -1.553e-06 -1.374e-06
-5.509e-04 -2.781e-04  1.115e-04  3.491e-06 -1.525e-06 -1.536e-06
-4.733e-04 -3.866e-04 -1.659e-04  3.272e-06 -1.463e-06 -1.478e-06
-7.752e-05 -5.576e-04 -2.870e-04  2.996e-06 -1.582e-06 -1.418e-06
-3.644e-04 -1.380e-04 -2.552e-04  2.656e-06 -1.488e-06 -1.733e-06
 5.254e-04  4.550e-05 -1.529e-04  2.403e-06 -1.193e-06 -1.811e-06
 1.158e-04  7.007e-05  2.046e-04  2.359e-06 -1.181e-06 -1.549e-06
 5.935e-04  4.748e-04  1.895e-04  2.425e-06 -1.304e-06 -1.660e-06
-2.521e-04  6.195e-05  1.023e-04  2.662e-06 -1.210e-06 -1.777e-06
-8.292e-05  4.193e-04 -8.965e-05  3.040e-06 -1.118e-06 -1.679e-06
-6.201e-04 -2.139e-04 -3.714e-05  3.397e-06 -1.010e-06 -1.946e-06
-6.176e-05 -1.532e-04 -8.017e-05  3.649e-06 -8.033e-07 -1.865e-06
-2.574e-04 -4.880e-04  1.218e-05  3.776e-06 -8.495e-07 -1.636e-06
 5.844e-04  3.597e-04 -4.687e-05  3.686e-06 -9.082e-07 -1.836e-06
 6.058e-04  1.610e-04  7.342e-05  3.463e-06 -8.543e-07 -1.776e-06
 4.536e-04  4.014e-04  1.294e-04  3.114e-06 -8.225e-07 -1.741e-06
-6.041e-04 -3.877e-04  9.949e-05  2.707e-06 -5.405e-07 -1.953e-06
-4.276e-04 -7.469e-05 -1.605e-04  2.287e-06 -2.917e-07 -1.721e-06
-5.582e-04 -9.873e-05 -8.120e-05  1.974e-06 -4.781e-07 -1.612e-06
 4.801e-04  2.920e-04  7.912e-05  1.847e-06 -4.376e-07 -1.766e-06
 2.475e-04 -2.055e-04  1.230e-04  1.938e-06 -1.651e-07 -1.655e-06
 7.106e-04  2.390e-04 -9.365e-05  2.059e-06 -1.442e-07 -1.691e-06
-2.771e-04 -2.391e-04 -1.879e-04  2.175e-06  7.536e-08 -1.854e-06
-1.516e-04  2.301e-04  2.358e-05  2.252e-06  2.846e-07 -1.597e-06
-7.485e-04 -3.427e-04  2.416e-04  2.191e-06  6.581e-08 -1.483e-06
 7.054e-05  1.938e-04  4.433e-06  1.878e-06  1.071e-07 -1.702e-06
 3.938e-04 -1.424e-05 -1.425e-04  1.397e-06  3.182e-07 -1.665e-06
 8.377e-04  1.802e-04 -1.140e-04  9.127e-07  3.105e-07 -1.646e-06
-2.137e-04 -1.777e-04 -1.947e-05  5.555e-07  5.488e-07 -1.745e-06
-5.351e-04 -9.120e-05  4.314e-05  1.228e-07  7.057e-07 -1.518e-06
-3.557e-04  2.354e-04  5.135e-05 -1.883e-07  4.802e-07 -1.553e-06
-9.245e-05  2.460e-04  7.530e-05 -1.405e-07  6.107e-07 -1.743e-06
 4.657e-04 -2.403e-04 -1.053e-04  1.352e-07  8.518e-07 -1.555e-06
 3.581e-04 -3.291e-04 -1.157e-04  4.045e-07  8.034e-07 -1.591e-06
 1.593e-04  2.770e-04 -4.215e-05  6.327e-07  9.083e-07 -1.671e-06
-6.084e-04  7.599e-05  2.225e-04  7.564e-07  9.932e-07 -1.416e-06
-4.243e-04 -8.461e-05 -7.076e-05  8.330e-07  7.974e-07 -1.448e-06
 1.441e-04 -2.393e-04 -2.798e-04  6.660e-07  7.905e-07 -1.519e-06
 3.884e-04  3.600e-04  3.276e-04  3.446e-07  9.608e-07 -1.370e-06
 3.639e-04 -9.150e-05  8.034e-06  1.310e-07  9.864e-07 -1.285e-06
-1.448e-04  7.563e-05 -1.618e-04  4.820e-08  9.471e-07 -1.278e-06
-5.442e-04  2.539e-05  6.467e-05  1.509e-08  9.987e-07 -1.070e-06
-3.109e-04 -2.736e-04 -2.704e-05  2.009e-07  9.854e-07 -9.195e-07
 2.613e-04 -1.930e-05 -4.624e-05  4.939e-07  9.072e-07 -9.845e-07
 5.167e-04  3.858e-04  3.653e-05  8.477e-07  9.409e-07 -8.280e-07
-4.893e-05 -6.899e-05  1.298e-04  1.073e-06  9.740e-07 -5.583e-07
-4.483e-04 -1.899e-04 -1.728e-04  1.141e-06  9.460e-07 -5.031e-07
-4.663e-04  1.040e-04  8.971e-05  1.012e-06  8.444e-07 -4.659e-07
 1.042e-04 -2.116e-04 -3.545e-05  6.846e-07  7.012e-07 -2.152e-07
 6.969e-04 -3.912e-05  2.178e-05  2.397e-07  7.274e-07 -3.987e-08
 2.410e-04  1.147e-04  5.578e-05 -1.580e-07  7.554e-07 -7.245e-08
-3.194e-04 -3.621e-05  3.521e-05 -4.882e-07  6.034e-07  1.072e-07
-5.454e-04  3.978e-05 -1.321e-04 -5.698e-07  6.151e-07  3.546e-07
-4.192e-05 -1.088e-05  7.896e-06 -5.079e-07  6.945e-07  2.644e-07
 4.993e-04 -7.189e-05  5.064e-05 -3.126e-07  3.960e-07  3.409e-07
 2.891e-04 -2.379e-07  8.937e-05 -9.917e-08  2.916e-07  5.849e-07
-2.569e-04  2.161e-04 -3.317e-05 -3.653e-08  4.815e-07  4.932e-07
-3.245e-04 -2.154e-04 -2.534e-05 -1.689e-07  3.039e-07  5.314e-07
-9.434e-05 -3.843e-05  8.427e-05 -3.683e-07  3.213e-08  5.962e-07
 6.752e-04  2.180e-05  4.693e-05 -6.046e-07  1.236e-07  5.919e-07
 2.118e-04  8.932e-05 -1.958e-04 -7.812e-07  9.007e-08  5.672e-07
-5.194e-04  5.837e-05  1.120e-04 -8.278e-07 -1.878e-07  4.888e-07
-6.223e-04  2.799e-05  4.220e-05 -6.003e-07 -7.435e-08  6.148e-07
 1.742e-04 -4.752e-05 -7.469e-05 -3.334e-07  6.702e-08  5.403e-07
 6.945e-04 -4.749e-05 -3.567e-06  3.703e-08 -2.523e-07  2.937e-07
 1.249e-04 -1.327e-04 -2.766e-05  4.539e-07 -4.045e-07  4.119e-07
-4.739e-04  8.790e-05  9.913e-05  7.454e-07 -2.393e-07  5.235e-07
-2.527e-04  1.307e-04  8.852e-06  7.082e-07 -3.404e-07  3.498e-07
 2.427e-04 -2.216e-04 -5.845e-05  5.154e-07 -5.321e-07  3.498e-07
 3.561e-04  9.594e-05  1.005e-05  2.460e-07 -5.027e-07  4.817e-07
-2.123e-04  1.470e-04 -2.194e-06 -9.029e-08 -6.312e-07  3.782e-07
-5.115e-04  4.596e-05  1.296e-05 -4.828e-07 -8.072e-07  3.658e-07
 1.442e-05 -4.011e-04 -3.346e-05 -6.999e-07 -7.756e-07  6.195e-07
 5.917e-04 -1.318e-05  8.358e-05 -7.309e-07 -7.458e-07  7.150e-07
 2.560e-04  3.674e-04 -4.690e-06 -6.555e-07 -8.536e-07  6.685e-07
-6.196e-04  9.489e-05 -4.626e-05 -7.053e-07 -1.064e-06  8.125e-07
-3.890e-04 -1.345e-04  5.112e-05 -8.572e-07 -1.257e-06  9.647e-07
 4.436e-04 -8.956e-05  8.986e-06 -1.075e-06 -1.265e-06  1.163e-06
 6.246e-04  6.083e-05 -6.055e-05 -1.272e-06 -1.214e-06  1.295e-06
-3.566e-04  4.530e-05 -3.285e-05 -1.538e-06 -1.309e-06  1.404e-06
-7.130e-04 -7.448e-05 -2.756e-05 -1.683e-06 -1.317e-06  1.578e-06
 3.428e-04 -7.802e-05 -4.388e-05 -1.544e-06 -1.344e-06  1.551e-06
 6.770e-04  6.496e-05  2.425e-05 -1.104e-06 -1.511e-06  1.757e-06
-8.854e-05  2.086e-04  1.194e-04 -6.174e-07 -1.356e-06  2.098e-06
-6.511e-04  1.479e-04 -1.522e-05 -8.871e-08 -1.138e-06  2.008e-06
 7.947e-05 -1.574e-04 -9.103e-05  3.475e-07 -1.228e-06  2.088e-06
 5.377e-04 -2.768e-04 -1.490e-04  5.851e-07 -1.272e-06  2.269e-06
-1.762e-04  1.539e-04  1.670e-05  4.770e-07 -1.258e-06  2.212e-06
-5.071e-04  8.941e-06  3.808e-05  9.652e-08 -1.258e-06  2.465e-06
 1.209e-04 -2.572e-05  5.664e-05 -4.549e-07 -1.034e-06  2.748e-06
 5.598e-04  1.062e-04  6.666e-06 -8.793e-07 -8.362e-07  2.636e-06
-3.475e-04 -1.421e-05 -7.881e-05 -1.171e-06 -8.158e-07  2.720e-06
-3.132e-04 -5.849e-05  2.019e-05 -1.383e-06 -7.344e-07  2.864e-06
 4.435e-04 -7.869e-06 -5.704e-05 -1.624e-06 -7.174e-07  2.780e-06
 1.238e-04  1.148e-04 -7.588e-06 -1.838e-06 -6.349e-07  2.933e-06
-5.266e-04  9.561e-06  5.963e-05 -2.128e-06 -3.264e-07  3.015e-06
 1.052e-04 -8.089e-05  2.236e-05 -2.464e-06 -2.654e-07  2.701e-06
 1.356e-04 -7.618e-05 -6.688e-05 -2.881e-06 -4.068e-07  2.693e-06
-9.749e-05  8.191e-05  8.977e-06 -3.179e-06 -3.774e-07  2.749e-06
 1.765e-05  9.695e-05  5.151e-05 -3.206e-06 -4.286e-07  2.533e-06
 2.742e-04 -1.170e-04 -7.298e-05 -2.867e-06 -4.645e-07  2.695e-06
-3.388e-04 -7.190e-05  9.632e-06 -2.428e-06 -2.494e-07  2.812e-06
 7.275e-05  8.529e-05  9.360e-05 -2.028e-06 -2.499e-07  2.654e-06
 2.787e-06  2.663e-05 -7.059e-05 -1.812e-06 -3.498e-07  2.922e-06
-1.049e-04  7.272e-06  1.092e-05 -1.790e-06 -1.634e-07  3.123e-06
 1.237e-04  2.665e-05  1.168e-04 -2.092e-06  1.219e-08  3.172e-06
 1.504e-05 -1.296e-04  4.441e-05 -2.664e-06  2.838e-07  3.463e-06
 1.176e-05 -6.648e-05 -5.777e-05 -3.445e-06  7.701e-07  3.443e-06
-1.754e-05  1.471e-05 -3.004e-05 -4.103e-06  1.036e-06  3.248e-06
-4.818e-05  1.459e-04 -2.862e-05 -4.450e-06  1.223e-06  3.252e-06
 5.745e-05 -9.832e-05  7.600e-05 -4.435e-06  1.565e-06  3.075e-06
-5.008e-05  5.198e-05  2.350e-05 -4.331e-06  1.706e-06  2.792e-06
-1.836e-04  8.546e-05 -6.496e-06 -4.263e-06  1.727e-06  2.597e-06
 8.445e-05 -9.204e-05  1.328e-05 -4.318e-06  1.856e-06  2.328e-06
 2.634e-04 -2.290e-04 -5.670e-06 -4.338e-06  1.754e-06  2.103e-06
-6.538e-05  7.339e-05 -6.379e-05 -4.356e-06  1.539e-06  2.115e-06
-3.353e-05  1.407e-04  1.005e-04 -4.329e-06  1.562e-06  2.141e-06
-1.145e-04  5.531e-05  2.507e-06 -4.264e-06  1.581e-06  2.141e-06
-9.606e-05 -7.574e-05 -9.823e-05 -4.090e-06  1.561e-06  2.275e-06
 7.712e-05 -2.594e-04  4.985e-05 -3.944e-06  1.761e-06  2.399e-06
 1.741e-04 -1.502e-05 -3.689e-05 -3.847e-06  1.917e-06  2.453e-06
 1.043e-04  1.535e-04  3.258e-05 -4.005e-06  1.947e-06  2.516e-06
-4.594e-05  1.941e-04  1.274e-05 -4.466e-06  2.120e-06  2.495e-06
-8.438e-05 -4.446e-05 -6.772e-06 -5.102e-06  2.272e-06  2.430e-06
-4.288e-05 -2.062e-04 -7.143e-05 -5.598e-06  2.251e-06  2.323e-06
 9.070e-05  1.943e-05  4.397e-05 -5.896e-06  2.310e-06  2.257e-06
 1.087e-04  2.686e-04 -4.227e-05 -5.786e-06  2.345e-06  2.205e-06
-2.825e-05 -4.734e-05 -4.637e-05 -5.340e-06  2.243e-06  2.112e-06
-1.374e-04 -1.148e-04  4.678e-05 -4.762e-06  2.271e-06  2.144e-06
 2.253e-05  3.189e-05 -3.059e-05 -4.323e-06  2.386e-06  2.132e-06
 1.844e-04  9.893e-06  1.000e-04 -4.106e-06  2.398e-06  2.008e-06
-6.200e-05 -2.559e-05 -2.498e-05 -4.267e-06  2.544e-06  2.010e-06
-2.046e-04  3.823e-06 -1.103e-04 -4.637e-06  2.765e-06  1.839e-06
 1.089e-04  4.477e-05  9.599e-05 -5.115e-06  2.809e-06  1.573e-06
 2.306e-04  1.430e-04 -4.077e-05 -5.545e-06  2.863e-06  1.411e-06
-1.706e-04 -1.098e-04  3.808e-05 -5.864e-06  2.968e-06  1.138e-06
-1.513e-04 -1.467e-04 -6.241e-06 -5.962e-06  2.881e-06  8.682e-07
 1.310e-04  1.702e-04  3.793e-05 -6.031e-06  2.783e-06  7.443e-07
 4.712e-05  2.093e-05 -5.283e-05 -6.112e-06  2.781e-06  5.882e-07
-4.679e-05 -9.798e-05 -1.430e-05 -6.280e-06  2.692e-06  4.629e-07
-1.085e-05  7.769e-05 -6.056e-05 -6.399e-06  2.663e-06  4.327e-07
-7.787e-05 -4.960e-05  4.308e-05 -6.413e-06  2.832e-06  3.741e-07
-4.177e-05  8.517e-05  9.050e-05 -6.289e-06  2.954e-06  2.269e-07
 1.301e-04  2.671e-04 -5.576e-05 -6.108e-06  3.066e-06  1.251e-07
 3.526e-06 -1.619e-04  4.398e-05 -5.842e-06  3.255e-06 -5.217e-08
-9.948e-05 -2.237e-04 -1.093e-04 -5.781e-06  3.320e-06 -2.923e-07
-4.401e-05 -7.251e-07  1.125e-05 -6.033e-06  3.270e-06 -4.416e-07
 1.157e-04  9.363e-05  4.950e-05 -6.584e-06  3.277e-06 -5.883e-07
 3.626e-05  1.342e-04  5.080e-05 -7.220e-06  3.227e-06 -6.947e-07
-7.405e-05 -1.560e-05 -7.899e-05 -7.754e-06  3.130e-06 -6.867e-07
-9.949e-05  2.826e-05  6.298e-05 -7.878e-06  3.148e-06 -6.928e-07
 2.662e-05  3.829e-05 -8.997e-05 -7.670e-06  3.191e-06 -6.756e-07
-4.939e-05 -2.192e-04  6.099e-05 -7.193e-06  3.197e-06 -6.817e-07
 3.545e-05 -7.804e-05 -5.121e-05 -6.659e-06  3.295e-06 -7.123e-07
 1.519e-04  9.196e-05 -5.460e-05 -6.232e-06  3.349e-06 -7.893e-07
 4.626e-05  3.466e-05  1.048e-04 -6.141e-06  3.291e-06 -9.112e-07
-1.469e-04  1.112e-04 -8.594e-06 -6.400e-06  3.242e-06 -9.832e-07
 3.037e-05  2.578e-05  1.633e-06 -6.843e-06  3.169e-06 -1.036e-06
 1.771e-04  1.110e-05 -1.292e-04 -7.087e-06  3.002e-06 -1.054e-06
-1.810e-04 -1.790e-04 -5.603e-05 -7.185e-06  2.886e-06 -9.753e-07
-1.472e-04 -8.432e-05  7.058e-05 -7.188e-06  2.818e-06 -9.373e-07
 1.759e-04  1.851e-04  1.282e-04 -7.137e-06  2.734e-06 -8.985e-07
 2.219e-04  1.141e-04  2.411e-05 -7.012e-06  2.707e-06 -8.753e-07
-1.269e-04 -1.608e-04 -6.571e-05 -6.988e-06  2.741e-06 -9.316e-07
-5.177e-05 -8.982e-05 -4.338e-05 -7.032e-06  2.705e-06 -1.044e-06
 2.430e-05  1.134e-04  1.695e-05 -7.061e-06  2.674e-06 -1.162e-06
-1.400e-04  5.637e-05  7.648e-06 -6.898e-06  2.655e-06 -1.312e-06
