       3
(7e14.5)
     0.0000e+00     0.0000e+00      0  0  0.00
     119   1.00000  0.0000e+00
  -8.70614e-05  -1.08691e-04  -1.36576e-04  -1.66398e-04  -1.95227e-04  -2.24488e-04  -2.57161e-04
  -2.92193e-04  -3.22842e-04  -3.41128e-04  -3.43778e-04  -3.34023e-04  -3.18177e-04  -3.00338e-04
  -2.79257e-04  -2.49511e-04  -2.05985e-04  -1.48222e-04  -8.11885e-05  -1.14195e-05   5.90516e-05
   1.36107e-04   2.31524e-04   3.57800e-04   5.23570e-04   7.30414e-04   9.69758e-04   1.21920e-03
   1.43992e-03   1.57857e-03   1.57685e-03   1.39166e-03   1.02804e-03   5.69889e-04   1.69396e-04
  -2.54946e-05   4.00355e-05   2.96729e-04   5.97913e-04   7.97249e-04   8.11619e-04   6.46643e-04
   3.65684e-04   2.31613e-05  -3.69735e-04  -8.23788e-04  -1.33971e-03  -1.89937e-03  -2.48349e-03
  -3.10264e-03  -3.80179e-03  -4.61286e-03  -5.48627e-03  -6.24136e-03  -6.55659e-03  -6.04307e-03
  -4.42200e-03  -1.71273e-03   1.70299e-03   5.18813e-03   8.06340e-03   9.80008e-03   1.01267e-02
   9.06986e-03   6.94589e-03   4.28329e-03   1.68103e-03  -3.43583e-04  -1.47391e-03  -1.66690e-03
  -1.14880e-03  -3.17495e-04   4.13137e-04   7.53919e-04   5.96322e-04  -1.48235e-05  -9.38253e-04
  -1.99434e-03  -3.00837e-03  -3.82369e-03  -4.30781e-03  -4.37904e-03  -4.03142e-03  -3.32200e-03
  -2.33332e-03  -1.15791e-03   8.92571e-05   1.26406e-03   2.20677e-03   2.77416e-03   2.88668e-03
   2.57219e-03   1.97541e-03   1.30690e-03   7.48144e-04   3.76327e-04   1.54976e-04  -1.51827e-05
  -2.21304e-04  -4.85959e-04  -7.61724e-04  -9.62267e-04  -1.01175e-03  -8.89042e-04  -6.36187e-04
  -3.28891e-04  -4.16409e-05   1.70591e-04   2.81605e-04   2.99672e-04   2.60530e-04   2.08039e-04
   1.74915e-04   1.69964e-04   1.77752e-04   1.73703e-04   1.40273e-04   7.73933e-05   1.99947e-05
     0.0000e+00     0.0000e+00      0  0  0.00
     119   1.00000  0.0000e+00
   1.13150e-04   1.63570e-04   2.12014e-04   2.58414e-04   3.06240e-04   3.58843e-04   4.14639e-04
   4.67079e-04   5.10443e-04   5.45444e-04   5.78838e-04   6.17510e-04   6.62455e-04   7.07595e-04
   7.43704e-04   7.63476e-04   7.63666e-04   7.43519e-04   7.01919e-04   6.36095e-04   5.42823e-04
   4.20772e-04   2.71211e-04   9.49256e-05  -1.13708e-04  -3.70832e-04  -7.00095e-04  -1.12119e-03
  -1.63405e-03  -2.20508e-03  -2.76109e-03  -3.19396e-03  -3.37921e-03  -3.21340e-03  -2.66361e-03
  -1.79567e-03  -7.53768e-04   2.90700e-04   1.18634e-03   1.83185e-03   2.18688e-03   2.26568e-03
   2.12290e-03   1.83407e-03   1.46551e-03   1.04624e-03   5.69761e-04   2.43107e-05  -5.86187e-04
  -1.24634e-03  -1.93450e-03  -2.61275e-03  -3.21253e-03  -3.62972e-03  -3.73547e-03  -3.39875e-03
  -2.51218e-03  -1.03205e-03   9.67408e-04   3.26501e-03   5.50089e-03   7.21544e-03   7.95580e-03
   7.44598e-03   5.71965e-03   3.12712e-03   2.28611e-04  -2.35346e-03  -4.07997e-03  -4.63554e-03
  -4.03254e-03  -2.61882e-03  -9.59245e-04   3.79797e-04   1.04168e-03   9.71128e-04   3.62763e-04
  -4.67919e-04  -1.22188e-03  -1.70635e-03  -1.83631e-03  -1.58781e-03  -9.89026e-04  -1.46212e-04
   7.57650e-04   1.50544e-03   1.91497e-03   1.91704e-03   1.59375e-03   1.13489e-03   7.39999e-04
   5.30411e-04   5.13062e-04   6.05108e-04   6.94485e-04   6.95909e-04   5.81127e-04   3.81208e-04
   1.60898e-04  -2.89953e-05  -1.92971e-04  -3.87315e-04  -6.74900e-04  -1.08336e-03  -1.58447e-03
  -2.08410e-03  -2.43906e-03  -2.51476e-03  -2.24668e-03  -1.66283e-03  -8.66173e-04   2.99490e-06
   8.00236e-04   1.39273e-03   1.67291e-03   1.58689e-03   1.17139e-03   5.86905e-04   1.40569e-04
     0.0000e+00     0.0000e+00      0  0  0.00
     119   1.00000  0.0000e+00
  -4.41507e-04  -4.92591e-04  -5.48018e-04  -6.04368e-04  -6.56047e-04  -6.97931e-04  -7.27120e-04
  -7.42844e-04  -7.44955e-04  -7.32131e-04  -7.01172e-04  -6.47946e-04  -5.69042e-04  -4.63056e-04
  -3.31329e-04  -1.77655e-04  -6.38969e-06   1.79920e-04   3.81702e-04   6.02595e-04   8.50620e-04
   1.14076e-03   1.49631e-03   1.94456e-03   2.50434e-03   3.16760e-03   3.88041e-03   4.53082e-03
   4.95171e-03   4.94752e-03   4.35087e-03   3.10829e-03   1.35991e-03  -5.77001e-04  -2.35369e-03
  -3.73500e-03  -4.62214e-03  -5.00332e-03  -4.92354e-03  -4.47785e-03  -3.79644e-03  -3.01917e-03
  -2.27653e-03  -1.67565e-03  -1.28341e-03  -1.11803e-03  -1.15650e-03  -1.34581e-03  -1.61053e-03
  -1.86118e-03  -1.99810e-03  -1.91015e-03  -1.49237e-03  -6.91225e-04   4.55571e-04   1.81402e-03
   3.18214e-03   4.33880e-03   5.09571e-03   5.33442e-03   5.02656e-03   4.24305e-03   3.14880e-03
   1.96312e-03   8.76985e-04  -1.78783e-05  -7.15741e-04  -1.21902e-03  -1.48800e-03  -1.47267e-03
  -1.18759e-03  -7.45401e-04  -3.15298e-04  -4.74602e-05  -1.93681e-05  -2.22024e-04  -5.74549e-04
  -9.58486e-04  -1.26311e-03  -1.42299e-03  -1.43403e-03  -1.34448e-03  -1.22781e-03  -1.15126e-03
  -1.14807e-03  -1.20134e-03  -1.25208e-03  -1.22897e-03  -1.07942e-03  -7.88422e-04  -3.84657e-04
   7.13915e-05   5.17781e-04   9.14020e-04   1.23491e-03   1.45507e-03   1.55127e-03   1.51723e-03
   1.37009e-03   1.14000e-03   8.58576e-04   5.61812e-04   2.93806e-04   9.55061e-05  -8.37219e-06
  -1.38271e-05   5.57721e-05   1.46085e-04   1.91390e-04   1.48010e-04   1.26948e-05  -1.80431e-04
  -3.72400e-04  -4.99038e-04  -5.18861e-04  -4.33479e-04  -2.83579e-04  -1.28268e-04  -2.85358e-05