       3
(7e14.5)
     0.0000e+00     0.0000e+00      0  0  0.00
     700   1.00000  0.0000e+00
  -2.31110e-05  -1.63098e-05  -7.31791e-06   2.82909e-06   1.21353e-05   1.87623e-05   2.31885e-05
   2.80416e-05   3.46258e-05   4.03307e-05   4.07324e-05   3.42302e-05   2.45353e-05   1.84545e-05
   1.96425e-05   2.44039e-05   2.48938e-05   1.65715e-05   2.40996e-06  -1.04444e-05  -1.72521e-05
  -1.80807e-05  -1.55112e-05  -1.21961e-05  -8.86406e-06  -5.03639e-06  -2.08580e-06  -3.79966e-06
  -1.21250e-05  -2.32377e-05  -3.03292e-05  -3.06356e-05  -2.87960e-05  -3.21603e-05  -4.31369e-05
  -5.61564e-05  -6.20232e-05  -5.58292e-05  -4.04182e-05  -2.37784e-05  -1.25900e-05  -7.21244e-06
  -1.56668e-06   1.16782e-05   3.38590e-05   5.86870e-05   7.80233e-05   8.88797e-05   9.46782e-05
   1.00874e-04   1.09446e-04   1.16301e-04   1.14449e-04   1.00467e-04   7.83301e-05   5.62286e-05
   3.94052e-05   2.68863e-05   1.44012e-05  -7.20019e-07  -1.76809e-05  -3.38537e-05  -4.75423e-05
  -5.89603e-05  -6.92168e-05  -7.88072e-05  -8.64290e-05  -8.99089e-05  -8.92700e-05  -8.75846e-05
  -8.83179e-05  -9.34234e-05  -1.02544e-04  -1.12057e-04  -1.16841e-04  -1.14233e-04  -1.06088e-04
  -9.78293e-05  -9.35080e-05  -9.11204e-05  -8.45369e-05  -6.92030e-05  -4.67626e-05  -2.43926e-05
  -7.76033e-06   4.37297e-06   1.81449e-05   3.85494e-05   6.52179e-05   9.38859e-05   1.21590e-04
   1.48495e-04   1.73815e-04   1.93602e-04   2.03636e-04   2.02805e-04   1.93954e-04   1.81305e-04
   1.65905e-04   1.45688e-04   1.20694e-04   9.49220e-05   7.21768e-05   5.20228e-05   3.21532e-05
   1.32620e-05  -1.24184e-06  -1.09741e-05  -2.02911e-05  -3.26376e-05  -4.59709e-05  -5.50679e-05
  -5.60480e-05  -4.99156e-05  -4.29778e-05  -4.08066e-05  -4.30225e-05  -4.58641e-05  -4.73109e-05
  -4.82133e-05  -5.23449e-05  -6.53959e-05  -9.06461e-05  -1.24822e-04  -1.58250e-04  -1.79557e-04
  -1.80265e-04  -1.55422e-04  -1.02204e-04  -2.15501e-05   7.55134e-05   1.60063e-04   1.82038e-04
   8.21017e-05  -1.77608e-04  -5.72978e-04  -9.80468e-04  -1.18227e-03  -1.00983e-03  -4.58221e-04
   2.65247e-04   7.99098e-04   9.20190e-04   6.46444e-04   3.12005e-04   2.25926e-04   4.13722e-04
   5.52041e-04   4.43338e-04   2.78932e-04   2.79091e-04   3.34397e-04   2.94212e-04   2.10767e-04
   1.56115e-04   1.21442e-04   8.24274e-05   4.51943e-05   4.43956e-06  -4.07892e-05  -7.87658e-05
  -1.11705e-04  -1.37856e-04  -1.53193e-04  -1.58644e-04  -1.62711e-04  -1.64469e-04  -1.62967e-04
  -1.66230e-04  -1.76342e-04  -1.82138e-04  -1.73315e-04  -1.53126e-04  -1.37789e-04  -1.32934e-04
  -1.27153e-04  -1.04190e-04  -6.75962e-05  -3.86289e-05  -2.59946e-05  -1.78205e-05  -7.63475e-06
   1.83764e-06   3.12111e-06  -5.45844e-06  -1.98507e-05  -3.34034e-05  -3.61085e-05  -2.44643e-05
  -4.67249e-06   1.27957e-05   2.36741e-05   3.10613e-05   3.51640e-05   4.14611e-05   5.46665e-05
   7.51959e-05   9.60082e-05   1.09376e-04   1.16318e-04   1.22372e-04   1.27080e-04   1.26662e-04
   1.18525e-04   1.05375e-04   9.05856e-05   7.94330e-05   7.11929e-05   5.65213e-05   3.12765e-05
   3.20469e-06  -1.72860e-05  -3.03935e-05  -4.08220e-05  -4.92891e-05  -5.24380e-05  -5.60029e-05
  -6.54664e-05  -7.12648e-05  -6.58770e-05  -6.06460e-05  -6.81757e-05  -8.83153e-05  -1.06942e-04
  -1.13425e-04  -1.06271e-04  -9.12304e-05  -7.23135e-05  -5.17629e-05  -3.46671e-05  -2.22410e-05
  -1.51317e-05  -9.82693e-06  -4.87946e-06  -6.17045e-09   7.68821e-06   1.79678e-05   3.00825e-05
   4.51345e-05   6.25330e-05   8.13388e-05   1.01294e-04   1.13980e-04   1.13344e-04   1.06954e-04
   1.05746e-04   1.05334e-04   9.81467e-05   8.44785e-05   6.67214e-05   4.75332e-05   2.97699e-05
   1.37860e-05  -1.68891e-06  -1.45082e-05  -2.37797e-05  -3.09636e-05  -4.14078e-05  -5.87479e-05
  -8.13898e-05  -1.01307e-04  -1.10248e-04  -1.04737e-04  -9.17822e-05  -8.39881e-05  -8.34446e-05
  -8.39618e-05  -7.81830e-05  -6.35249e-05  -4.21176e-05  -1.84138e-05   4.90536e-07   9.71327e-06
   1.67057e-05   2.80607e-05   3.85612e-05   4.02628e-05   3.68481e-05   3.78843e-05   4.31301e-05
   4.64750e-05   4.20352e-05   2.94046e-05   1.67975e-05   1.00875e-05   7.10265e-06   6.00281e-06
   4.28603e-06  -1.57075e-06  -8.37041e-06  -8.70242e-06  -7.61899e-08   1.28315e-05   2.35313e-05
   2.79598e-05   2.79928e-05   2.79673e-05   2.80923e-05   2.70330e-05   2.26597e-05   1.35953e-05
   5.85883e-06   6.51574e-06   1.31133e-05   1.77713e-05   1.61009e-05   8.14779e-06  -5.73019e-06
  -2.16987e-05  -3.28021e-05  -3.42622e-05  -2.88504e-05  -2.49249e-05  -2.92110e-05  -4.30937e-05
  -6.18318e-05  -7.56954e-05  -7.67651e-05  -6.23962e-05  -3.74292e-05  -1.31663e-05   9.66453e-07
   6.48034e-06   1.12885e-05   2.03287e-05   3.50823e-05   5.50135e-05   7.59275e-05   9.01522e-05
   9.18834e-05   8.24242e-05   6.86101e-05   5.93188e-05   6.00199e-05   6.59150e-05   6.26954e-05
   4.26177e-05   1.50610e-05  -4.26379e-06  -9.47642e-06  -8.20828e-06  -1.43868e-05  -3.30654e-05
  -5.61777e-05  -7.18733e-05  -7.48738e-05  -6.85943e-05  -6.15337e-05  -6.13363e-05  -7.14050e-05
  -8.78350e-05  -1.02037e-04  -1.07982e-04  -1.05693e-04  -1.00280e-04  -9.49535e-05  -8.59981e-05
  -6.83323e-05  -4.41345e-05  -1.90024e-05   4.82497e-06   2.76551e-05   4.81889e-05   6.43665e-05
   7.56462e-05   8.42548e-05   9.26872e-05   1.01031e-04   1.06639e-04   1.06908e-04   1.03574e-04
   1.00696e-04   9.92617e-05   9.87639e-05   9.92197e-05   9.56214e-05   8.16030e-05   5.85047e-05
   3.55151e-05   1.98094e-05   1.05794e-05   3.98421e-06  -2.00229e-06  -9.57264e-06  -2.01733e-05
  -3.25137e-05  -4.45567e-05  -5.48539e-05  -6.30416e-05  -6.99806e-05  -7.50428e-05  -7.68241e-05
  -7.63635e-05  -7.75165e-05  -8.06717e-05  -8.14535e-05  -7.66744e-05  -6.85225e-05  -6.09714e-05
  -5.45085e-05  -4.63382e-05  -3.42848e-05  -1.90724e-05  -2.95317e-06   1.25241e-05   2.65928e-05
   3.70928e-05   4.16991e-05   4.02346e-05   3.57665e-05   3.09907e-05   2.47110e-05   1.59836e-05
   7.64591e-06   3.14259e-06   2.60364e-06   3.70196e-06   4.21144e-06   2.93666e-06   6.37995e-07
  -1.41445e-07   2.39350e-06   8.27001e-06   1.49880e-05   1.69045e-05   1.08972e-05   5.76052e-07
  -5.65195e-06  -1.61887e-06   1.09183e-05   2.60372e-05   3.70623e-05   3.91756e-05   3.51513e-05
   3.42275e-05   4.20819e-05   5.53236e-05   6.55215e-05   6.65440e-05   5.75297e-05   4.29265e-05
   3.11340e-05   2.72748e-05   2.82350e-05   2.57601e-05   1.33106e-05  -7.87002e-06  -3.08204e-05
  -4.78743e-05  -5.53957e-05  -5.63334e-05  -5.83398e-05  -6.78869e-05  -8.40502e-05  -9.90778e-05
  -1.03276e-04  -9.38419e-05  -7.85868e-05  -6.64551e-05  -5.93332e-05  -5.23123e-05  -3.89599e-05
  -1.77270e-05   5.60036e-06   2.37936e-05   3.38651e-05   3.73402e-05   3.74147e-05   3.64574e-05
   3.65456e-05   3.96826e-05   4.56020e-05   5.06372e-05   5.14819e-05   4.80251e-05   4.10297e-05
   3.14431e-05   2.12872e-05   1.30068e-05   8.73398e-06   8.13631e-06   7.79856e-06   3.86272e-06
  -3.52655e-06  -1.07474e-05  -1.54661e-05  -1.92403e-05  -2.43029e-05  -3.04119e-05  -3.42662e-05
  -3.19034e-05  -2.31663e-05  -1.20809e-05  -2.27625e-06   6.10553e-06   1.66042e-05   3.20327e-05
   5.08673e-05   6.79099e-05   7.67893e-05   7.46860e-05   6.54295e-05   5.58289e-05   4.93182e-05
   4.31584e-05   3.25082e-05   1.69135e-05   7.16068e-07  -1.22006e-05  -2.19203e-05  -3.06777e-05
  -4.09262e-05  -5.46217e-05  -7.12015e-05  -8.78891e-05  -1.02000e-04  -1.12298e-04  -1.19389e-04
  -1.24023e-04  -1.24501e-04  -1.17775e-04  -1.02513e-04  -8.03762e-05  -5.43283e-05  -2.65170e-05
   1.75929e-06   2.97326e-05   5.62666e-05   7.95188e-05   9.80411e-05   1.10964e-04   1.17843e-04
   1.19186e-04   1.15991e-04   1.08599e-04   9.72752e-05   8.34303e-05   6.93476e-05   5.67405e-05
   4.67464e-05   3.98315e-05   3.49351e-05   2.98484e-05   2.21326e-05   1.04229e-05  -2.96840e-06
  -1.24000e-05  -1.48148e-05  -1.42484e-05  -1.84241e-05  -3.09187e-05  -4.72454e-05  -5.93820e-05
  -6.33143e-05  -6.14242e-05  -5.93659e-05  -6.07313e-05  -6.36146e-05  -6.23792e-05  -5.41675e-05
  -4.22166e-05  -3.24312e-05  -2.82969e-05  -2.84617e-05  -2.84564e-05  -2.46698e-05  -1.80208e-05
  -1.28717e-05  -1.07799e-05  -9.37181e-06  -5.91724e-06  -5.60608e-07   5.19491e-06   1.18970e-05
   2.08999e-05   3.01237e-05   3.47522e-05   3.25470e-05   2.57491e-05   1.81145e-05   1.18956e-05
   8.41704e-06   9.03475e-06   1.42600e-05   2.34679e-05   3.44426e-05   4.37335e-05   4.87411e-05
   4.96763e-05   4.87303e-05   4.73675e-05   4.53909e-05   4.07564e-05   3.08007e-05   1.45813e-05
  -4.97345e-06  -2.13888e-05  -2.85494e-05  -2.61626e-05  -2.03942e-05  -1.84469e-05  -2.22562e-05
  -2.73947e-05  -2.76508e-05  -2.15184e-05  -1.48555e-05  -1.49011e-05  -2.25898e-05  -3.12449e-05
  -3.32462e-05  -2.66993e-05  -1.60181e-05  -7.50018e-06  -3.19281e-06   5.07210e-07   7.56057e-06
   1.68246e-05   2.28550e-05   2.15546e-05   1.46825e-05   8.14180e-06   5.96686e-06   7.19973e-06
   7.91720e-06   5.96616e-06   2.93186e-06   1.89761e-06   3.71014e-06   5.59169e-06   4.77392e-06
   1.49786e-06  -1.78194e-06  -3.13823e-06  -2.27790e-06   1.15191e-07   1.78661e-06  -1.15751e-06
  -1.21686e-05  -2.93803e-05  -4.42270e-05  -4.74866e-05  -3.78685e-05  -2.38923e-05  -1.71805e-05
  -2.31527e-05  -3.70008e-05  -4.81077e-05  -4.82106e-05  -3.65115e-05  -1.98386e-05  -6.66590e-06
  -3.11816e-07   1.13469e-06   1.29527e-06   3.79074e-06   1.16136e-05   2.67883e-05   4.89832e-05
   7.36848e-05   9.27856e-05   1.00079e-04   9.74270e-05   9.25844e-05   9.08749e-05   9.06465e-05
   8.63079e-05   7.44290e-05   5.62690e-05   3.65361e-05   2.08927e-05   1.28248e-05   1.02595e-05
   5.66032e-06  -8.40864e-06  -3.27702e-05  -6.07517e-05  -8.43000e-05  -9.95836e-05  -1.07875e-04
  -1.12486e-04  -1.14942e-04  -1.13726e-04  -1.06536e-04  -9.29997e-05  -7.57574e-05  -5.78132e-05
  -3.84859e-05  -1.54322e-05   1.04564e-05   3.43416e-05   5.06893e-05   5.73036e-05   5.66999e-05
   5.35988e-05   5.11520e-05   4.88759e-05   4.37009e-05   3.33418e-05   1.91529e-05   5.90645e-06
     0.0000e+00     0.0000e+00      0  0  0.00
     700   1.00000  0.0000e+00
   2.39772e-05   3.93681e-05   4.43618e-05   3.40884e-05   1.20996e-05  -9.83879e-06  -1.98703e-05
  -1.57535e-05  -6.42351e-06  -3.13418e-06  -8.88750e-06  -1.71784e-05  -1.94285e-05  -1.15268e-05
   4.21166e-06   2.15084e-05   3.37213e-05   3.66183e-05   3.05216e-05   2.01747e-05   1.15909e-05
   8.47145e-06   1.03508e-05   1.28799e-05   1.15461e-05   5.43334e-06  -3.43254e-06  -1.16226e-05
  -1.56394e-05  -1.44567e-05  -1.16616e-05  -1.40334e-05  -2.54417e-05  -4.21786e-05  -5.51614e-05
  -5.81904e-05  -5.38889e-05  -5.02278e-05  -5.14723e-05  -5.32535e-05  -4.65640e-05  -2.67789e-05
   1.33620e-06   2.73671e-05   4.33417e-05   4.87263e-05   4.87262e-05   4.94166e-05   5.39312e-05
   6.11248e-05   6.69529e-05   6.70398e-05   5.91002e-05   4.46987e-05   2.96273e-05   2.13641e-05
   2.35786e-05   3.29013e-05   4.15492e-05   4.23941e-05   3.22912e-05   1.32235e-05  -8.44195e-06
  -2.49546e-05  -3.18867e-05  -3.12149e-05  -2.94346e-05  -3.08242e-05  -3.30560e-05  -3.17585e-05
  -2.69938e-05  -2.27916e-05  -2.23376e-05  -2.42674e-05  -2.40217e-05  -1.95827e-05  -1.45825e-05
  -1.44692e-05  -2.08730e-05  -3.10630e-05  -4.16177e-05  -5.08944e-05  -5.80577e-05  -6.17922e-05
  -6.17384e-05  -6.01834e-05  -6.09716e-05  -6.47466e-05  -6.57744e-05  -5.64424e-05  -3.53101e-05
  -9.80249e-06   9.46369e-06   1.83692e-05   2.32456e-05   3.40007e-05   5.35863e-05   7.64259e-05
   9.45869e-05   1.03705e-04   1.05471e-04   1.05213e-04   1.05836e-04   1.05451e-04   1.01665e-04
   9.49915e-05   8.69207e-05   7.72224e-05   6.47594e-05   5.05312e-05   3.76895e-05   2.87667e-05
   2.38056e-05   2.03056e-05   1.41979e-05   1.73575e-06  -1.70636e-05  -3.69230e-05  -5.20089e-05
  -6.10818e-05  -6.61100e-05  -7.01029e-05  -7.73373e-05  -8.96027e-05  -1.01233e-04  -1.01256e-04
  -8.14429e-05  -4.20733e-05   8.53552e-06   5.72013e-05   8.74416e-05   7.95946e-05   1.27642e-05
  -1.26022e-04  -3.24784e-04  -5.33904e-04  -6.66585e-04  -6.21221e-04  -3.85865e-04  -3.66090e-05
   2.99223e-04   4.43991e-04   3.70691e-04   1.63638e-04   5.46818e-05   1.25134e-04   2.72108e-04
   3.08800e-04   2.29777e-04   1.93197e-04   2.49096e-04   2.81991e-04   2.55852e-04   2.26713e-04
   1.97465e-04   1.64849e-04   1.35184e-04   8.88391e-05   3.57198e-05  -8.83382e-06  -4.91477e-05
  -7.95301e-05  -1.05915e-04  -1.37162e-04  -1.73426e-04  -2.00989e-04  -2.13221e-04  -2.09395e-04
  -1.96334e-04  -1.79951e-04  -1.69718e-04  -1.64223e-04  -1.53482e-04  -1.36007e-04  -1.18018e-04
  -9.87913e-05  -7.86536e-05  -5.93162e-05  -4.53306e-05  -3.18391e-05  -6.45353e-06   3.57024e-05
   7.42900e-05   9.88843e-05   1.08750e-04   1.06347e-04   9.99516e-05   9.44979e-05   9.25291e-05
   9.49173e-05   9.79577e-05   9.60582e-05   8.37984e-05   6.39690e-05   4.64219e-05   3.98957e-05
   4.33234e-05   4.71088e-05   4.29564e-05   2.81001e-05   9.84242e-06  -2.02218e-06  -4.56222e-06
  -7.67710e-06  -1.99828e-05  -3.97050e-05  -5.93264e-05  -7.09924e-05  -7.43176e-05  -7.74047e-05
  -8.53923e-05  -9.04477e-05  -8.65083e-05  -7.34198e-05  -5.57466e-05  -4.14992e-05  -3.08682e-05
  -1.72450e-05   2.52224e-06   2.84816e-05   5.51420e-05   7.51232e-05   8.56230e-05   8.69821e-05
   7.86660e-05   6.94546e-05   6.74582e-05   6.78421e-05   6.08227e-05   4.54964e-05   2.88393e-05
   1.10183e-05  -4.95442e-06  -1.52778e-05  -1.92039e-05  -2.05967e-05  -2.55150e-05  -3.52636e-05
  -4.34376e-05  -4.56401e-05  -4.19227e-05  -3.69814e-05  -3.41703e-05  -3.46430e-05  -3.46316e-05
  -3.07927e-05  -2.28605e-05  -1.22428e-05  -3.18552e-06   4.57402e-06   1.19009e-05   1.64568e-05
   2.19018e-05   3.21217e-05   4.27954e-05   4.49637e-05   3.67999e-05   2.64742e-05   1.88965e-05
   1.04046e-05   2.26308e-06  -8.95462e-06  -2.66881e-05  -5.10126e-05  -8.01907e-05  -1.07818e-04
  -1.23021e-04  -1.17743e-04  -9.57363e-05  -6.70552e-05  -3.93842e-05  -1.42782e-05   1.00796e-05
   3.66101e-05   6.39778e-05   8.68485e-05   1.01226e-04   1.06912e-04   1.01994e-04   8.60580e-05
   6.38504e-05   4.55122e-05   3.59180e-05   2.95170e-05   2.23729e-05   1.81793e-05   1.96175e-05
   2.26649e-05   2.15716e-05   1.28061e-05  -7.65843e-07  -1.18899e-05  -1.46929e-05  -1.10898e-05
  -7.89468e-06  -9.11739e-06  -1.27821e-05  -1.16699e-05  -7.03787e-06  -7.36870e-06  -1.68761e-05
  -3.16167e-05  -4.45885e-05  -5.22802e-05  -5.35498e-05  -4.76845e-05  -3.69348e-05  -2.34614e-05
  -1.04424e-05  -2.39975e-06   2.26191e-06   8.99358e-06   2.00036e-05   3.51284e-05   5.14116e-05
   5.83250e-05   4.83409e-05   2.70199e-05   4.91123e-06  -1.53070e-05  -3.71529e-05  -6.00005e-05
  -7.83307e-05  -8.72518e-05  -8.65822e-05  -7.99872e-05  -7.05490e-05  -6.03948e-05  -5.09447e-05
  -4.14218e-05  -2.82182e-05  -1.01957e-05   9.17043e-06   2.62379e-05   3.95862e-05   5.05554e-05
   6.22904e-05   7.60366e-05   8.87567e-05   9.66469e-05   9.74587e-05   9.54703e-05   9.69329e-05
   1.01233e-04   1.03561e-04   1.01263e-04   9.46909e-05   8.28317e-05   6.34663e-05   3.98350e-05
   1.89520e-05   3.77599e-06  -9.24491e-06  -2.70373e-05  -5.39397e-05  -8.76046e-05  -1.20844e-04
  -1.45771e-04  -1.58317e-04  -1.59929e-04  -1.54852e-04  -1.48024e-04  -1.40780e-04  -1.27372e-04
  -1.02421e-04  -6.95419e-05  -3.62647e-05  -7.61842e-06   1.50170e-05   3.48663e-05   5.50245e-05
   7.26908e-05   8.40024e-05   8.94384e-05   9.33733e-05   9.83602e-05   1.02382e-04   1.02969e-04
   9.97072e-05   9.16605e-05   7.65545e-05   5.56626e-05   3.47909e-05   1.88391e-05   9.51228e-06
   3.32426e-06  -6.77382e-06  -2.36556e-05  -4.15228e-05  -5.26210e-05  -5.46330e-05  -4.83085e-05
  -3.66247e-05  -2.61107e-05  -2.34194e-05  -2.82143e-05  -3.49837e-05  -3.80546e-05  -3.53861e-05
  -2.81259e-05  -1.75552e-05  -5.66960e-06   2.96982e-06   4.15615e-06  -1.31639e-06  -8.45143e-06
  -1.24985e-05  -1.17950e-05  -7.66874e-06  -3.96639e-06  -3.70993e-06  -4.46061e-06   2.13596e-07
   1.35574e-05   3.10358e-05   4.37856e-05   4.51047e-05   3.70228e-05   2.88707e-05   2.89393e-05
   3.72008e-05   4.56302e-05   4.44109e-05   3.00385e-05   8.98884e-06  -7.15535e-06  -1.06592e-05
  -4.33680e-06   3.57327e-06   7.35256e-06   5.09342e-06  -2.51019e-06  -1.29673e-05  -2.35707e-05
  -3.19419e-05  -3.78057e-05  -4.29741e-05  -4.84218e-05  -5.42334e-05  -5.86205e-05  -5.77630e-05
  -4.91121e-05  -3.31322e-05  -1.54301e-05  -4.04817e-06  -2.61299e-06  -6.77690e-06  -8.33365e-06
  -1.72955e-06   1.25550e-05   2.83102e-05   3.69279e-05   3.46456e-05   2.53415e-05   1.70917e-05
   1.53032e-05   1.80178e-05   1.91808e-05   1.64632e-05   1.25988e-05   1.19419e-05   1.71833e-05
   2.66586e-05   3.55352e-05   3.84048e-05   3.38990e-05   2.57723e-05   1.70899e-05   7.53963e-06
  -3.09611e-06  -1.27222e-05  -1.82627e-05  -1.79255e-05  -1.34764e-05  -8.75904e-06  -6.59530e-06
  -7.40870e-06  -9.15127e-06  -8.41842e-06  -4.11282e-06   1.32932e-06   4.80895e-06   4.84810e-06
   1.00892e-06  -6.46492e-06  -1.43095e-05  -1.79962e-05  -1.66671e-05  -1.35611e-05  -1.23079e-05
  -1.42274e-05  -1.80475e-05  -2.10224e-05  -1.99830e-05  -1.44741e-05  -8.08126e-06  -4.06312e-06
  -1.40205e-06   2.51048e-06   7.54426e-06   1.07359e-05   9.70141e-06   5.96799e-06   3.13557e-06
   3.28772e-06   6.18746e-06   1.00349e-05   1.17908e-05   9.69051e-06   4.96528e-06   3.63295e-07
  -2.00051e-06  -1.82713e-06   1.61505e-08   2.47303e-06   3.95185e-06   2.41078e-06  -1.50470e-06
  -3.87371e-06  -1.43161e-06   5.72394e-06   1.47771e-05   2.16463e-05   2.40033e-05   2.33338e-05
   2.25742e-05   2.28974e-05   2.24227e-05   1.71832e-05   4.57073e-06  -1.42652e-05  -3.54439e-05
  -5.41988e-05  -6.61818e-05  -6.91075e-05  -6.40593e-05  -5.38098e-05  -4.02544e-05  -2.40582e-05
  -7.59458e-06   4.91675e-06   1.12968e-05   1.29617e-05   1.43138e-05   2.01799e-05   3.19365e-05
   4.60932e-05   5.66479e-05   5.95408e-05   5.62426e-05   5.25891e-05   5.25249e-05   5.42239e-05
   5.30550e-05   4.58262e-05   3.26719e-05   1.56099e-05  -2.25785e-06  -1.77774e-05  -2.96697e-05
  -3.83698e-05  -4.42247e-05  -4.61619e-05  -4.30709e-05  -3.58887e-05  -2.84080e-05  -2.48498e-05
  -2.68982e-05  -3.10281e-05  -3.14738e-05  -2.76188e-05  -2.41337e-05  -2.46620e-05  -2.84550e-05
  -3.26954e-05  -3.39938e-05  -2.97017e-05  -2.02388e-05  -8.50284e-06   1.75005e-06   8.08249e-06
   1.16333e-05   1.61325e-05   2.38520e-05   3.34790e-05   4.10269e-05   4.28500e-05   3.86287e-05
   3.10761e-05   2.49858e-05   2.45242e-05   2.92354e-05   3.41196e-05   3.48203e-05   3.16555e-05
   2.75799e-05   2.36135e-05   1.79818e-05   8.62069e-06  -4.21913e-06  -1.66998e-05  -2.44005e-05
  -2.69320e-05  -2.89953e-05  -3.55329e-05  -4.57625e-05  -5.28114e-05  -4.92431e-05  -3.45047e-05
  -1.66144e-05  -6.09545e-06  -7.05466e-06  -1.37958e-05  -1.62899e-05  -8.50779e-06   6.57732e-06
   2.00931e-05   2.54311e-05   2.29651e-05   1.76001e-05   1.40683e-05   1.36316e-05   1.37722e-05
   1.17877e-05   8.64607e-06   8.45348e-06   1.35939e-05   2.12403e-05   2.53660e-05   2.25547e-05
   1.55860e-05   1.02713e-05   9.27814e-06   9.12040e-06   4.67731e-06  -3.77869e-06  -1.00270e-05
  -8.47050e-06  -3.85842e-07   6.60401e-06   5.20378e-06  -5.04859e-06  -1.76849e-05  -2.46341e-05
  -2.22901e-05  -1.35264e-05  -5.16833e-06  -4.08261e-06  -1.27283e-05  -2.70241e-05  -3.90395e-05
  -4.26656e-05  -3.82641e-05  -3.21361e-05  -2.99006e-05  -3.08984e-05  -2.99050e-05  -2.35325e-05
  -1.41154e-05  -7.30173e-06  -5.54461e-06  -4.64547e-06   1.97474e-06   1.64241e-05   3.41203e-05
   4.79078e-05   5.37483e-05   5.27544e-05   4.91360e-05   4.74750e-05   5.03197e-05   5.63773e-05
   6.07867e-05   5.89348e-05   5.01509e-05   3.86268e-05   3.00122e-05   2.59234e-05   2.24731e-05
   1.37141e-05  -3.54019e-06  -2.68195e-05  -4.97002e-05  -6.57386e-05  -7.19678e-05  -7.11108e-05
  -6.90384e-05  -6.98696e-05  -7.34975e-05  -7.61531e-05  -7.16017e-05  -5.35031e-05  -2.04084e-05
   2.05828e-05   5.60344e-05   7.38842e-05   7.09782e-05   5.32994e-05   3.00301e-05   9.44759e-06
     0.0000e+00     0.0000e+00      0  0  0.00
     700   1.00000  0.0000e+00
  -1.07193e-05  -2.01044e-05  -2.57993e-05  -2.45796e-05  -1.64131e-05  -5.80158e-06   6.18888e-07
  -1.85685e-06  -1.21938e-05  -2.24853e-05  -2.31838e-05  -1.15029e-05   5.45464e-06   1.62538e-05
   1.43358e-05   2.75247e-06  -8.95504e-06  -1.29207e-05  -8.12593e-06   8.19413e-07   7.82778e-06
   9.54642e-06   6.53205e-06   1.24302e-06  -3.37796e-06  -4.75195e-06  -2.30829e-06   2.19026e-06
   6.02952e-06   7.14159e-06   5.46604e-06   2.97062e-06   1.92853e-06   3.96796e-06   9.79965e-06
   1.72872e-05   2.15005e-05   1.88415e-05   1.14172e-05   6.21917e-06   8.48190e-06   1.52356e-05
   1.79704e-05   1.18992e-05   1.39753e-06  -3.93904e-06   1.16919e-06   1.26417e-05   2.13029e-05
   2.06820e-05   1.10025e-05  -2.00236e-06  -1.11172e-05  -1.14374e-05  -3.24185e-06   7.20856e-06
   1.17743e-05   6.90828e-06  -4.24893e-06  -1.50570e-05  -2.02611e-05  -1.91845e-05  -1.52740e-05
  -1.27464e-05  -1.38769e-05  -1.85045e-05  -2.45756e-05  -2.93134e-05  -3.09341e-05  -2.98240e-05
  -2.78370e-05  -2.61380e-05  -2.46183e-05  -2.33304e-05  -2.33336e-05  -2.62787e-05  -3.29074e-05
  -4.07960e-05  -4.43394e-05  -3.92543e-05  -2.75248e-05  -1.66890e-05  -1.35085e-05  -1.77852e-05
  -2.29026e-05  -2.19064e-05  -1.26929e-05   1.37421e-06   1.45252e-05   2.25214e-05   2.50534e-05
   2.58494e-05   3.01176e-05   4.02802e-05   5.38124e-05   6.52148e-05   7.11443e-05   7.34817e-05
   7.66047e-05   8.29121e-05   9.12128e-05   9.81469e-05   1.01159e-04   1.00699e-04   9.90252e-05
   9.70046e-05   9.42263e-05   9.13979e-05   9.02169e-05   9.01459e-05   8.67526e-05   7.47925e-05
   5.33597e-05   2.71358e-05   2.64695e-06  -1.59741e-05  -2.94061e-05  -4.32451e-05  -6.45181e-05
  -9.56767e-05  -1.31760e-04  -1.64604e-04  -1.89619e-04  -2.08404e-04  -2.25985e-04  -2.46629e-04
  -2.71063e-04  -2.95375e-04  -3.12060e-04  -3.13431e-04  -2.94003e-04  -2.51194e-04  -1.87096e-04
  -1.10808e-04  -4.10162e-05   2.84322e-06   1.84892e-05   4.00635e-05   1.03942e-04   1.96490e-04
   2.62742e-04   2.79314e-04   2.71920e-04   2.76069e-04   2.90655e-04   2.90867e-04   2.68727e-04
   2.51197e-04   2.48736e-04   2.32540e-04   1.90822e-04   1.57011e-04   1.36925e-04   1.02256e-04
   6.63466e-05   4.56969e-05   1.51482e-05  -1.44322e-05  -3.46750e-05  -5.45868e-05  -7.44878e-05
  -9.52378e-05  -1.08965e-04  -1.14674e-04  -1.17372e-04  -1.22966e-04  -1.29702e-04  -1.36761e-04
  -1.43150e-04  -1.44677e-04  -1.35915e-04  -1.17758e-04  -9.88305e-05  -8.90429e-05  -8.68936e-05
  -8.59732e-05  -8.23817e-05  -7.35711e-05  -5.78116e-05  -3.96132e-05  -2.68414e-05  -2.15386e-05
  -1.94911e-05  -1.54102e-05  -4.16856e-06   1.33351e-05   3.04892e-05   4.24154e-05   4.72274e-05
   4.33590e-05   3.33388e-05   2.74211e-05   3.31303e-05   4.56651e-05   5.55561e-05   5.86594e-05
   5.60833e-05   5.27147e-05   5.16824e-05   5.32994e-05   5.57653e-05   5.42045e-05   4.67730e-05
   3.73172e-05   2.90425e-05   2.29606e-05   1.78000e-05   1.23137e-05   5.86553e-06   8.25488e-07
   8.88887e-07   3.87803e-06   5.75379e-06   5.68118e-06   5.75529e-06   6.09142e-06   6.10136e-06
   3.70427e-06  -1.55718e-06  -9.46894e-06  -1.63212e-05  -1.94326e-05  -1.99661e-05  -1.85482e-05
  -1.47927e-05  -9.72881e-06  -7.27937e-06  -7.91129e-06  -9.66126e-06  -1.31105e-05  -1.75084e-05
  -2.07293e-05  -2.20703e-05  -2.21486e-05  -2.20051e-05  -2.04843e-05  -1.62832e-05  -9.28501e-06
  -3.73651e-06  -3.85694e-06  -9.49710e-06  -1.56043e-05  -1.57615e-05  -9.60989e-06  -1.82310e-06
   3.07035e-06   4.63314e-06   4.99761e-06   4.02097e-06   2.06083e-08  -4.78097e-06  -7.46181e-06
  -5.42438e-06   6.78509e-07   7.08330e-06   1.11632e-05   1.11448e-05   7.81921e-06   6.22343e-06
   7.07619e-06   7.92718e-06   7.86997e-06   6.87079e-06   5.73161e-06   6.60174e-06   7.97896e-06
   7.22919e-06   4.45044e-06   1.61114e-06   1.34877e-06   3.21270e-06   6.56597e-06   9.79165e-06
   1.11130e-05   1.03194e-05   8.13702e-06   4.55029e-06  -5.09320e-07  -4.65835e-06  -6.50866e-06
  -7.38791e-06  -6.47735e-06   2.64517e-07   9.52915e-06   1.20701e-05   6.30072e-06  -1.86311e-06
  -6.65707e-06  -7.01431e-06  -6.37690e-06  -6.03128e-06  -5.50570e-06  -4.23844e-06  -2.15583e-06
   4.00093e-07   2.11312e-06  -6.79569e-08  -5.22427e-06  -1.02893e-05  -1.33221e-05  -1.28311e-05
  -9.29392e-06  -5.72014e-06  -5.45348e-06  -8.52303e-06  -1.11695e-05  -9.83250e-06  -5.05035e-06
   8.11953e-07   7.67383e-06   1.37560e-05   1.68501e-05   1.64565e-05   1.18506e-05   5.17962e-06
  -1.87056e-07  -2.73560e-06  -2.85441e-06  -2.05596e-06  -1.05661e-06  -1.01118e-06  -9.52765e-07
   2.08740e-06   8.50888e-06   1.47631e-05   1.60276e-05   1.18875e-05   6.49274e-06   2.74711e-06
   1.77881e-06   4.13766e-06   6.89682e-06   6.76954e-06   3.56924e-06  -1.62529e-06  -7.33400e-06
  -1.08502e-05  -1.04952e-05  -7.29602e-06  -2.39720e-06   1.90770e-06   3.12367e-06   7.55741e-07
  -4.03019e-06  -9.13577e-06  -1.15472e-05  -1.02722e-05  -8.16709e-06  -8.89126e-06  -1.20341e-05
  -1.40810e-05  -1.40215e-05  -1.45828e-05  -1.60646e-05  -1.43267e-05  -6.82075e-06   4.04453e-06
   1.29222e-05   1.70131e-05   1.67899e-05   1.30300e-05   7.73061e-06   3.68490e-06   2.71604e-06
   5.45506e-06   9.06775e-06   1.00740e-05   8.95005e-06   8.86666e-06   9.97013e-06   1.00807e-05
   8.28155e-06   5.25597e-06   1.79282e-06  -1.32056e-06  -3.10782e-06  -3.77436e-06  -3.67169e-06
  -2.27548e-06   6.14669e-07   3.10359e-06   2.59854e-06  -2.15841e-07  -2.75200e-06  -4.51352e-06
  -6.75465e-06  -1.03525e-05  -1.36240e-05  -1.33658e-05  -8.81044e-06  -2.65429e-06   1.08692e-06
  -3.05225e-07  -4.77367e-06  -6.76272e-06  -3.73454e-06   1.87850e-06   6.73581e-06   8.62733e-06
   6.41525e-06   2.85298e-06   1.58488e-06   2.44556e-06   3.13979e-06   2.65001e-06   1.65977e-06
   1.01887e-06   6.60542e-07   3.44956e-07   4.55926e-09  -6.36390e-08   8.10788e-07   1.96813e-06
   2.19946e-06   2.26453e-06   3.17265e-06   3.27694e-06   5.55826e-07  -2.64032e-06  -3.11562e-06
  -2.57948e-06  -4.64246e-06  -9.10744e-06  -1.14738e-05  -7.33951e-06   3.13368e-06   1.37819e-05
   1.71535e-05   1.08667e-05  -1.04721e-06  -1.10069e-05  -1.27976e-05  -6.43457e-06   2.48887e-06
   7.66211e-06   5.45289e-06  -2.34477e-06  -9.63084e-06  -1.11850e-05  -6.42808e-06   1.53126e-06
   8.55367e-06   1.10878e-05   7.72453e-06   1.09132e-06  -3.11103e-06  -5.57463e-07   6.97047e-06
   1.28696e-05   1.15692e-05   2.37503e-06  -9.85047e-06  -1.76493e-05  -1.61404e-05  -7.19333e-06
   2.41253e-06   7.12146e-06   5.39471e-06  -4.27802e-07  -5.62757e-06  -7.03987e-06  -4.66399e-06
  -4.75920e-07   2.03017e-06  -2.11754e-07  -6.40795e-06  -1.16733e-05  -1.08669e-05  -3.28452e-06
   7.06203e-06   1.54516e-05   1.94718e-05   1.84960e-05   1.30046e-05   5.39642e-06   1.77893e-07
   4.74659e-07   3.61825e-06   3.88085e-06  -7.08884e-07  -6.86215e-06  -9.95475e-06  -7.94390e-06
  -3.22177e-06  -6.26922e-08   3.15861e-07  -1.47681e-07  -3.11683e-08  -3.97294e-07  -3.13359e-06
  -7.37102e-06  -9.89100e-06  -8.26998e-06  -2.58382e-06   4.07242e-06   7.05214e-06   4.50174e-06
  -3.81756e-07  -3.74003e-06  -5.28227e-06  -5.55158e-06  -3.33801e-06   1.55668e-06   6.21273e-06
   6.83961e-06   2.83389e-06  -2.05180e-06  -3.25444e-06   6.12093e-07   5.92057e-06   7.28104e-06
   3.51900e-06  -1.40838e-06  -4.07724e-06  -4.53002e-06  -3.42154e-06  -1.10998e-07   5.51620e-06
   1.06310e-05   1.09250e-05   5.81339e-06  -4.78686e-07  -3.20763e-06  -1.54947e-06   1.26461e-06
   1.62592e-06  -1.45071e-06  -6.54597e-06  -1.08673e-05  -1.11422e-05  -6.16553e-06   1.11287e-06
   6.19613e-06   6.56180e-06   3.09302e-06  -5.46229e-07  -1.52445e-06  -6.42665e-07  -1.00808e-06
  -3.61266e-06  -4.82130e-06  -6.75528e-07   6.96701e-06   1.14434e-05   8.31366e-06   5.38495e-07
  -4.87098e-06  -4.99378e-06  -2.62355e-06  -6.83790e-07   8.06154e-07   2.43709e-06   2.92652e-06
   4.96540e-07  -4.60105e-06  -1.03028e-05  -1.39326e-05  -1.35658e-05  -9.27038e-06  -2.87443e-06
   3.90419e-06   9.79875e-06   1.31895e-05   1.23385e-05   7.19147e-06   6.46646e-07  -3.24093e-06
  -2.87056e-06  -2.28775e-07   1.48169e-06   2.16005e-07  -3.22892e-06  -5.37702e-06  -3.57042e-06
   1.13368e-06   5.23167e-06   6.15066e-06   4.16022e-06   1.21346e-06  -5.55441e-07   3.26258e-07
   3.39014e-06   6.06610e-06   5.79396e-06   2.55138e-06  -1.23931e-06  -3.68437e-06  -4.80220e-06
  -4.65481e-06  -2.81593e-06   2.01232e-07   2.65330e-06   3.09952e-06   1.84718e-06   4.89281e-07
  -1.26709e-07  -6.75200e-07  -1.56445e-06  -2.00266e-06  -1.61213e-06  -1.24495e-06  -2.09770e-06
  -4.37294e-06  -6.67795e-06  -6.49619e-06  -2.25329e-06   3.71196e-06   5.74101e-06   8.10461e-07
  -7.26967e-06  -1.15397e-05  -7.77805e-06   2.11649e-06   1.15123e-05   1.48825e-05   1.15993e-05
   4.81229e-06  -9.60935e-07  -2.19977e-06   3.63886e-07   2.20216e-06   1.10880e-07  -3.92559e-06
  -5.19297e-06  -2.36425e-06   9.51691e-07   1.41979e-06   1.10738e-08  -7.54802e-07  -7.14490e-07
  -6.22953e-07   1.40520e-07   1.88298e-06   2.94933e-06   1.12752e-06  -3.38504e-06  -7.55114e-06
  -8.82213e-06  -7.29215e-06  -4.36489e-06  -1.27220e-06   1.51825e-06   4.13684e-06   6.15601e-06
   6.32797e-06   4.21433e-06   6.65773e-07  -3.13136e-06  -6.00024e-06  -7.35885e-06  -7.12096e-06
  -4.68466e-06   7.53316e-07   8.49470e-06   1.51824e-05   1.67309e-05   1.20758e-05   4.56363e-06
  -1.05672e-06  -2.54575e-06  -1.05326e-06   1.26257e-06   3.34051e-06   4.11459e-06   1.76855e-06
  -4.05648e-06  -1.01901e-05  -1.16770e-05  -5.74146e-06   4.63642e-06   1.24396e-05   1.28332e-05
   6.93868e-06  -1.35187e-07  -3.88441e-06  -3.45535e-06  -1.65660e-06  -1.99698e-06  -6.14351e-06
  -1.28703e-05  -1.83270e-05  -1.84368e-05  -1.23239e-05  -3.52873e-06   2.19150e-06   1.70927e-06
  -2.11818e-06  -3.07455e-06   2.34152e-06   1.13388e-05   1.70025e-05   1.51634e-05   8.26514e-06
   1.85213e-06  -1.36531e-06  -2.38584e-06  -2.58232e-06  -2.12311e-06  -1.22639e-06  -3.97113e-07