       3
(7e14.5)
     0.0000e+00     0.0000e+00      0  0  0.00
     300   1.00000  0.0000e+00
  -4.03729e-06  -1.58249e-07   3.06114e-06   3.12998e-06   1.05976e-06  -4.18687e-07  -4.94640e-08
   8.71402e-07   1.17741e-06   6.31379e-07  -1.06070e-06  -3.59126e-06  -4.87707e-06  -2.51457e-06
   2.89030e-06   7.18567e-06   7.30219e-06   4.19550e-06   1.27323e-06  -1.28420e-07  -9.35442e-07
  -1.69018e-06  -2.51573e-06  -3.78644e-06  -5.41681e-06  -5.16060e-06  -2.29324e-06   1.07081e-06
   2.64515e-06   1.92604e-06   3.88180e-07   1.42949e-07   1.75158e-06   4.23412e-06   6.44044e-06
   7.00922e-06   4.20644e-06  -1.44988e-06  -6.78983e-06  -9.48814e-06  -8.85674e-06  -6.11085e-06
  -3.90580e-06  -3.16340e-06  -1.44417e-06   2.77201e-06   7.41920e-06   9.65036e-06   8.49745e-06
   5.28580e-06   3.65228e-06   2.42660e-06  -4.70645e-07  -5.97316e-06  -1.20090e-05  -1.46280e-05
  -1.40855e-05  -9.75414e-06  -2.04830e-06   7.46780e-06   1.56717e-05   1.84275e-05   1.52591e-05
   9.54938e-06   4.88335e-06   2.55281e-06   1.20201e-06  -1.45617e-06  -7.19631e-06  -1.37264e-05
  -1.73262e-05  -1.30788e-05  -3.59914e-06   5.68927e-06   1.20787e-05   1.14948e-05   6.45214e-06
   3.05875e-06   1.60337e-06  -2.82194e-06  -1.16879e-05  -1.14368e-05  -1.40064e-05  -1.77208e-05
  -1.92727e-05  -2.32820e-05  -1.77041e-05   1.07872e-06   2.76892e-05   5.10599e-05   5.89583e-05
   5.24630e-05   2.85913e-05  -2.35988e-07  -2.99028e-05  -4.49189e-05  -4.40708e-05  -2.86443e-05
  -1.29634e-05   1.24383e-06   8.40250e-06   1.35281e-05   9.85731e-06   4.89757e-06  -2.06102e-06
  -2.03093e-06  -1.71897e-06  -1.94523e-07  -1.55483e-06  -1.18279e-06   7.68455e-07   4.83652e-06
   1.03343e-05   1.30875e-05   1.09088e-05   5.06254e-06  -2.07860e-06  -5.30395e-06  -3.04071e-06
  -3.33073e-06  -9.27777e-06  -1.80383e-05  -1.97327e-05  -1.10138e-05  -1.24571e-06   2.49000e-06
   1.78464e-06   5.27783e-06   1.26826e-05   2.24756e-05   2.13492e-05   8.94943e-06  -3.04065e-06
  -5.38379e-06  -3.46713e-06  -5.07185e-06  -1.44363e-05  -1.78153e-05  -1.00447e-05   2.00201e-06
   4.34339e-06  -1.01549e-06  -3.31294e-06   6.06298e-06   1.30168e-05   5.79684e-06  -2.01666e-06
   2.50974e-06   9.91091e-06   1.39301e-06  -1.26158e-05  -1.04373e-05  -1.84264e-06  -3.01867e-06
  -2.18802e-06   1.09935e-05   1.45723e-05   4.10987e-06  -3.89006e-07  -1.76369e-06  -8.28228e-06
  -1.24221e-05  -5.43363e-06  -1.65706e-06  -1.55082e-06   2.67544e-06   7.01202e-06   6.65878e-06
   7.08305e-06   8.33777e-06   5.28073e-06   1.70648e-06  -2.74226e-06  -9.64280e-06  -1.40601e-05
  -8.91464e-06  -1.53474e-06  -1.49438e-06  -2.16974e-06   3.67061e-06   8.17863e-06   9.23506e-06
   9.59175e-06   9.10592e-06   5.26577e-06   1.40660e-08  -5.69384e-06  -8.65418e-06  -9.22454e-06
  -8.27142e-06  -8.18981e-06  -7.81744e-06  -4.98293e-06   2.34925e-07   5.62613e-06   1.03934e-05
   1.16642e-05   1.14275e-05   9.24526e-06   3.38390e-06  -3.42492e-06  -7.19659e-06  -7.26981e-06
  -6.44840e-06  -6.62217e-06  -6.39705e-06  -7.39788e-06  -8.40509e-06  -4.07647e-06   2.88235e-06
   8.50206e-06   1.04973e-05   7.62378e-06   4.49914e-06   4.76877e-06   6.59242e-06   5.73357e-06
   9.38808e-07  -4.39293e-06  -7.91493e-06  -8.03802e-06  -5.24990e-06  -4.29505e-06  -4.96300e-06
  -5.33497e-06  -2.56433e-06   3.31156e-06   1.09263e-05   1.41251e-05   9.47499e-06   2.41829e-06
  -3.74216e-06  -4.50108e-06  -1.64123e-06   5.46857e-07  -1.21335e-07  -3.37476e-06  -5.67306e-06
  -5.55724e-06  -4.01938e-06  -1.74939e-06   4.43144e-08   5.02532e-06   9.08007e-06   8.12346e-06
   3.29926e-06  -3.41949e-06  -7.20777e-06  -5.08065e-06  -1.33941e-07   3.47161e-06   2.99641e-06
  -4.11715e-07  -3.84643e-06  -4.71167e-06  -1.77291e-06   2.08025e-06   2.16974e-06  -2.87134e-07
  -2.31194e-06  -9.53848e-07   2.36378e-06   2.55155e-06   7.67714e-07  -5.71084e-07  -1.08314e-06
  -4.30223e-07   7.45625e-07   4.39997e-07  -2.06847e-06  -4.11094e-06  -3.54436e-06  -7.46121e-07
   2.31365e-06   3.99089e-06   2.24820e-06  -3.40229e-07  -4.47341e-07   1.76595e-06   6.38500e-06
   9.48938e-06   7.74161e-06   1.74281e-06  -6.08678e-06  -1.10935e-05  -1.17505e-05  -8.31442e-06
  -2.32366e-06   3.48169e-06   7.27250e-06   7.38600e-06   3.87674e-06   1.34753e-07  -1.88678e-06
  -1.90472e-06  -7.40060e-07   7.78677e-07   1.25323e-06  -1.51932e-07  -3.58439e-06
     0.0000e+00     0.0000e+00      0  0  0.00
     300   1.00000  0.0000e+00
   7.10926e-06   6.51171e-06   4.99108e-06   3.12348e-06   1.71884e-06   1.33854e-06   7.39160e-07
  -1.47479e-06  -5.44958e-06  -9.05896e-06  -9.78703e-06  -7.30564e-06  -3.86643e-06  -7.14888e-07
   2.98447e-06   6.93830e-06   9.09902e-06   7.79728e-06   4.44147e-06   2.09135e-06   1.71374e-06
   1.52905e-06  -7.11865e-07  -4.02662e-06  -6.06253e-06  -6.45440e-06  -5.15008e-06  -1.92816e-06
   2.08791e-06   4.88166e-06   4.38508e-06   1.38483e-06  -3.47184e-07   7.02242e-07   1.51380e-06
  -4.47144e-07  -3.26632e-06  -3.84695e-06  -2.03398e-06   8.72588e-08   1.51840e-06   1.70748e-06
   9.31084e-07  -2.04254e-07  -1.40184e-06  -2.32064e-06  -4.22013e-06  -7.51751e-06  -8.81605e-06
  -4.76819e-06   1.51680e-06   8.50389e-06   1.34932e-05   1.55481e-05   1.58762e-05   1.40477e-05
   1.09579e-05   5.21398e-06  -3.64622e-06  -1.49733e-05  -2.55104e-05  -3.07044e-05  -2.62688e-05
  -1.53085e-05  -4.46602e-06   2.03387e-06   5.66747e-06   1.17828e-05   2.15516e-05   3.06529e-05
   3.11183e-05   2.12551e-05   6.23799e-06  -6.83367e-06  -1.44704e-05  -1.61597e-05  -1.74984e-05
  -1.52695e-05  -1.32191e-05  -1.04211e-05  -3.13739e-06  -1.26760e-06   9.13728e-07   1.63790e-06
  -2.83129e-06  -6.96033e-06  -6.42631e-06  -2.36691e-06   8.15477e-06   2.72173e-05   4.76319e-05
   5.79242e-05   5.18100e-05   3.24974e-05   5.22411e-06  -3.00208e-05  -7.01602e-05  -9.79937e-05
  -1.01579e-04  -7.67896e-05  -3.38613e-05   1.22630e-05   5.16218e-05   7.53441e-05   8.17914e-05
   7.69406e-05   6.51241e-05   4.76598e-05   1.37919e-05  -2.64688e-05  -5.96530e-05  -7.02680e-05
  -6.59665e-05  -4.85642e-05  -2.91409e-05  -1.12394e-05   6.27216e-06   2.22839e-05   3.61746e-05
   3.68643e-05   2.60808e-05   9.92997e-06  -1.55084e-06  -3.27389e-06  -7.67742e-08   1.96171e-06
  -2.48168e-06  -6.72435e-06  -4.82386e-06   1.43779e-06   3.59380e-06  -3.34635e-06  -1.15384e-05
  -1.10853e-05  -1.32140e-06   3.88291e-06   1.62817e-06  -2.71191e-06   3.52316e-07   6.88728e-06
   6.23935e-06  -1.69974e-06  -1.48860e-06   5.84884e-06   1.14342e-05   6.71165e-06  -2.78077e-06
  -3.49664e-06   7.18019e-07  -2.49620e-07  -2.70291e-06  -2.01053e-06  -2.83679e-06  -9.48750e-06
  -6.66303e-06   4.11731e-06   6.81665e-06  -1.59307e-06  -5.77327e-06   1.50063e-06   6.51130e-06
   6.57900e-06   2.92675e-06   1.37902e-06   1.63547e-06  -4.37028e-06  -1.12543e-05  -7.05956e-06
   3.41228e-06   3.13760e-06  -2.38542e-06  -6.24404e-06  -9.19008e-06  -6.77285e-06   5.25654e-06
   1.43180e-05   1.08577e-05   1.98597e-06  -3.81646e-06  -4.09469e-06  -7.47490e-07  -3.10947e-07
  -3.62002e-06  -3.04008e-06   8.24910e-07   2.83187e-06   4.21371e-06   4.53055e-06   1.82194e-06
   1.36835e-06  -6.16309e-07  -6.06160e-06  -6.15208e-06  -7.23739e-07   3.43436e-06   5.46763e-06
   5.16022e-06   1.83649e-06  -1.31556e-07  -3.14758e-07  -3.56145e-07   6.81879e-07  -7.61327e-07
  -5.67527e-06  -7.92346e-06  -5.47012e-06   4.76992e-07   7.05361e-06   6.09842e-06   2.66472e-06
   2.42644e-06   2.57867e-06   3.81535e-06   4.91817e-06  -4.64342e-08  -6.89135e-06  -1.01222e-05
  -1.00822e-05  -4.99266e-06  -1.93025e-06  -1.95924e-06  -4.39482e-07   1.64479e-07   2.72498e-06
   6.60762e-06   6.35655e-06   6.60110e-06   5.92102e-06   5.35260e-06   4.70630e-06  -2.14125e-07
  -5.04090e-06  -1.18705e-05  -1.43590e-05  -1.00499e-05  -4.41832e-06   1.95781e-07   2.22391e-06
   3.69855e-06   4.55151e-06   5.81195e-06   8.48177e-06   1.02498e-05   1.00859e-05   6.93671e-06
   2.40394e-07  -7.33767e-06  -1.16072e-05  -1.06526e-05  -5.42025e-06  -3.16810e-07   3.81193e-06
   4.98031e-06   3.30898e-06   1.12947e-06  -3.04297e-07   3.59125e-07  -2.43032e-07  -1.90469e-06
  -2.36678e-06  -1.74513e-06  -1.59740e-06  -1.02082e-06   1.30366e-07   1.93932e-06   4.07927e-06
   4.81980e-06   2.70010e-06  -5.57808e-07  -5.18438e-06  -7.99891e-06  -7.69197e-06  -4.34268e-06
   8.62784e-07   3.89994e-06   4.24597e-06   3.59209e-06   2.42136e-06   1.15872e-06   1.74972e-06
   3.90232e-06   4.19828e-06   1.61652e-06  -3.31057e-06  -7.58911e-06  -8.93808e-06  -6.83586e-06
  -2.98675e-06   1.44075e-06   5.72637e-06   7.52175e-06   6.43455e-06   3.80850e-06   2.46052e-06
   2.16837e-06   1.66245e-06  -8.90245e-08  -3.08893e-06  -6.38444e-06  -8.45885e-06
     0.0000e+00     0.0000e+00      0  0  0.00
     300   1.00000  0.0000e+00
   7.46088e-07  -1.16222e-06  -4.30321e-06  -6.24452e-06  -4.57018e-06   1.65425e-07   4.35793e-06
   5.15406e-06   3.66557e-06   3.23779e-06   4.50589e-06   4.58378e-06   1.68327e-06  -2.79498e-06
  -5.97043e-06  -6.42712e-06  -4.86559e-06  -3.47040e-06  -3.39941e-06  -3.40699e-06  -6.74420e-07
   4.78444e-06   8.77288e-06   7.95138e-06   3.76160e-06   3.46473e-07  -3.62615e-07   3.30904e-07
   1.07790e-06   1.15804e-06   1.46693e-07  -3.15224e-06  -7.91504e-06  -1.01916e-05  -7.05486e-06
  -4.29811e-07   4.44175e-06   5.07058e-06   3.18481e-06   1.38873e-06   1.06566e-06   2.33388e-06
   4.54061e-06   6.54956e-06   6.95785e-06   5.25209e-06   2.15145e-06  -1.96813e-06  -6.83290e-06
  -1.05743e-05  -1.28276e-05  -1.35839e-05  -1.16469e-05  -6.21727e-06  -1.00368e-07   5.27444e-06
   7.40888e-06   8.34417e-06   1.14245e-05   1.49906e-05   1.70852e-05   1.42882e-05   6.05501e-06
  -4.87206e-06  -1.31764e-05  -1.60097e-05  -1.46488e-05  -1.22340e-05  -1.09377e-05  -9.25132e-06
  -5.01371e-06   1.28631e-06   9.37074e-06   1.49320e-05   1.46759e-05   9.52322e-06   2.00340e-06
  -2.95297e-06   1.63347e-06   1.60951e-06   1.55720e-06   3.25141e-07  -1.78431e-06   1.42032e-06
   5.56625e-06   6.45329e-06   2.20097e-06   1.62300e-06   3.35781e-06   4.40540e-06   2.36040e-06
  -8.19315e-06  -2.29267e-05  -4.49772e-05  -6.17283e-05  -6.26101e-05  -3.84825e-05   2.54117e-06
   4.69257e-05   8.20684e-05   1.00790e-04   9.81889e-05   7.45983e-05   3.66744e-05  -2.87231e-06
  -3.93176e-05  -6.90899e-05  -9.05053e-05  -9.49811e-05  -8.20865e-05  -5.28417e-05  -1.36568e-05
   2.01609e-05   4.16206e-05   5.26065e-05   5.71406e-05   5.63073e-05   4.71541e-05   3.01497e-05
   8.68720e-06  -9.19874e-06  -2.06526e-05  -2.66253e-05  -2.67730e-05  -2.37900e-05  -1.98447e-05
  -1.64532e-05  -1.06642e-05  -1.18795e-06   7.02372e-06   8.77046e-06   2.91833e-06   1.12045e-06
   5.03988e-06   7.37390e-06   6.87583e-06   5.93875e-06   6.48104e-06   7.36626e-06   5.33309e-06
   3.84658e-06   5.41409e-06   4.41519e-06  -2.48642e-06  -1.06812e-05  -1.55984e-05  -1.51063e-05
  -1.34078e-05  -8.23610e-06  -2.27347e-06   1.11321e-06   2.72284e-06   4.83792e-06   7.22996e-06
   7.99022e-06   1.18611e-05   1.76521e-05   1.39616e-05   5.77166e-06  -5.59826e-07  -7.03826e-06
  -1.31835e-05  -1.56650e-05  -1.25388e-05  -1.04887e-05  -9.35654e-06  -5.22886e-06  -1.00969e-06
   2.56979e-06   1.07177e-05   2.04446e-05   1.99337e-05   1.23273e-05   1.79720e-06  -6.75182e-06
  -1.04746e-05  -2.95888e-06   8.60713e-07  -5.80041e-06  -1.35763e-05  -1.42782e-05  -1.16383e-05
  -5.10732e-06   3.87353e-06   1.09412e-05   1.53387e-05   1.53054e-05   1.12985e-05   7.14290e-06
   5.88156e-06   2.08202e-06  -3.34506e-06  -1.05284e-05  -1.86851e-05  -2.14114e-05  -1.58467e-05
  -7.17764e-06   2.67230e-06   1.21790e-05   1.50733e-05   1.51716e-05   1.48044e-05   1.09448e-05
   4.78377e-06  -3.60148e-06  -1.11285e-05  -1.19230e-05  -1.11383e-05  -1.06302e-05  -5.88120e-06
  -1.90027e-06   7.54848e-07   6.57351e-06   1.09632e-05   1.24115e-05   1.07767e-05   3.37480e-06
  -3.85387e-06  -8.33977e-06  -1.02321e-05  -7.59842e-06  -3.82061e-06  -1.21555e-06   2.58541e-06
   2.26490e-06   1.46650e-06   2.15656e-06   1.71607e-06   6.16817e-06   7.63595e-06   6.57699e-06
   1.28758e-06  -6.68485e-06  -8.33294e-06  -7.97102e-06  -4.74763e-06  -1.57856e-06  -2.46200e-09
   8.68475e-07   1.25653e-06   2.19953e-06   4.69721e-07  -6.94678e-07   3.20613e-06   8.23288e-06
   1.03252e-05   6.33188e-06  -2.65689e-06  -9.78447e-06  -1.05322e-05  -6.18210e-06  -4.91177e-07
   9.57504e-07  -2.28654e-06  -4.23980e-06  -6.02089e-07   5.73932e-06   1.00720e-05   9.34138e-06
   1.90282e-06  -4.53289e-06  -4.99140e-06  -8.47747e-07   2.03188e-06  -4.44982e-07  -5.49739e-06
  -8.03554e-06  -4.82315e-06   1.92725e-06   7.27396e-06   7.57329e-06   3.62787e-06  -1.56447e-07
  -1.90039e-06  -2.96603e-07   2.73312e-06   1.88693e-06  -2.24080e-06  -6.63180e-06  -8.78190e-06
  -6.10259e-06   1.01393e-06   8.12237e-06   1.06424e-05   6.96688e-06   1.09247e-06  -4.06981e-06
  -7.36323e-06  -7.26495e-06  -3.90790e-06   8.05725e-07   4.22098e-06   4.46567e-06   2.40452e-06
   5.36810e-07   6.19386e-07   2.49338e-06   3.48716e-06   1.24679e-06  -3.85203e-06