       3
(7e14.5)
     0.0000e+00     0.0000e+00      0  0  0.00
     300   1.00000  0.0000e+00
  -4.87969e-06   9.34708e-06   1.96032e-05   1.94343e-05   1.03572e-05  -1.11162e-06  -3.66945e-06
   3.78951e-06   1.51482e-05   1.90513e-05   1.44361e-05   7.92470e-06   1.72276e-06  -5.63219e-06
  -1.08821e-05  -1.07189e-05  -7.52049e-06  -4.96755e-06  -4.99172e-06  -1.05576e-05  -2.11275e-05
  -2.62878e-05  -1.89554e-05  -3.34517e-06   6.32094e-06   2.97264e-06  -5.69228e-06  -1.02965e-05
  -8.04285e-06  -1.78781e-06   3.42622e-06   7.29467e-06   7.61142e-06   4.33049e-06  -7.09405e-06
  -2.37437e-05  -4.17295e-05  -5.23475e-05  -4.96434e-05  -3.15283e-05  -9.82105e-06   6.00612e-06
   1.14927e-05   1.17870e-05   1.34226e-05   1.80066e-05   2.43915e-05   3.04343e-05   3.61361e-05
   3.76191e-05   3.37828e-05   2.76959e-05   2.44797e-05   2.12470e-05   1.33284e-05   1.70748e-06
  -8.82745e-06  -1.21948e-05  -1.20549e-05  -1.04999e-05   1.02322e-06   5.68368e-06   1.83451e-05
   1.97665e-05   2.81410e-05   2.53873e-05   1.69789e-05   1.12218e-05  -4.49137e-06  -4.88907e-06
  -2.15916e-05  -4.03620e-05  -5.49658e-05  -5.36611e-05  -2.66721e-05  -6.89168e-06   4.77457e-06
  -1.13800e-06  -1.01296e-05  -1.51057e-05  -1.11966e-05   3.33942e-06   1.44058e-05   2.41394e-05
   2.00653e-05   6.26553e-06   2.85901e-06   5.21176e-07   1.41814e-05   2.23644e-05   2.36689e-05
   1.98995e-05   2.02227e-06  -2.12321e-05  -3.05492e-05  -4.29755e-05  -4.09768e-05  -3.65604e-05
  -4.46617e-05  -3.00520e-05  -2.19440e-05  -1.12932e-06   2.95305e-05   3.60523e-05   4.37170e-05
   3.44517e-05   2.32186e-05   1.72369e-05   1.25792e-05   2.37471e-05   9.03159e-06   5.32940e-06
   1.77794e-06   6.14045e-06  -2.37163e-06  -1.62451e-05  -2.32838e-05  -2.42573e-05  -2.72118e-05
  -1.21289e-05   4.13561e-08   2.62450e-05   3.02757e-05   3.03514e-05   1.67520e-05   1.58061e-06
  -7.75761e-06  -1.38195e-06   2.88906e-06   6.65607e-06  -8.33625e-06  -2.17357e-05  -1.14653e-05
   9.45536e-06   1.43317e-05   5.43060e-06  -2.16013e-05  -2.85843e-05  -1.89756e-05   3.69083e-06
   9.88591e-06   2.35391e-05   2.20125e-05   2.36471e-05   2.46751e-05   1.60625e-05   5.26965e-06
  -1.18271e-05  -3.17870e-05  -4.18177e-05  -3.01168e-05  -2.26374e-05  -9.56320e-06  -2.01305e-06
   1.70945e-07   4.16740e-06   4.72770e-06  -3.08581e-06   7.50742e-06   2.28029e-05   1.93858e-05
   4.95576e-06  -8.98423e-06  -1.83498e-05  -9.44910e-06  -1.22893e-05  -1.57457e-05  -2.05030e-05
  -2.34197e-05  -1.70142e-05  -1.70770e-05  -1.14539e-05   9.39162e-06   2.65439e-05   3.69871e-05
   2.42844e-05   1.15280e-05   6.13813e-06   5.15513e-06   1.33526e-05   4.72150e-05   3.61804e-05
  -5.55582e-06  -4.48669e-05  -1.80976e-05   7.96039e-06  -1.73947e-06   7.26831e-06   2.22914e-05
   7.45228e-06  -1.38312e-06   1.35050e-05   1.88542e-05   1.27343e-05   2.92020e-05   4.04881e-05
   3.23608e-05   1.89144e-05  -9.39194e-07  -1.07337e-05  -1.79085e-05  -2.20365e-05  -2.93480e-05
  -3.67971e-05  -6.68998e-05  -8.70240e-05  -6.97315e-05  -3.86377e-05  -1.08586e-05   1.32559e-05
   2.14840e-05   1.13517e-05   8.12367e-06  -6.18434e-06   1.98391e-06   1.95613e-05   2.32914e-05
   1.56849e-05   4.01619e-06  -1.47861e-05  -3.81481e-05  -3.31220e-05  -1.26855e-05   2.54576e-05
   4.19457e-05   3.65589e-05   1.27350e-05  -3.93177e-06  -2.46795e-06   1.93825e-05   3.11195e-05
   2.17929e-05  -3.57089e-06  -2.11911e-05  -3.70503e-05  -2.77200e-05  -5.35614e-06   1.51043e-05
   3.00743e-05   4.48175e-05   3.65040e-05   2.09977e-05   1.90088e-05   3.70652e-05   4.36246e-05
   4.01614e-05   2.99283e-05   1.97765e-05   9.69986e-06   2.18665e-06   2.73144e-06   5.39906e-06
  -1.16824e-06  -1.07659e-05  -2.66601e-05  -4.34109e-05  -6.01024e-05  -7.41390e-05  -7.42517e-05
  -7.27763e-05  -7.15579e-05  -6.12032e-05  -3.89455e-05  -1.84613e-05  -3.22950e-07   4.91543e-06
   7.81558e-07   5.15989e-06   1.73229e-05   3.48826e-05   3.36205e-05   2.17651e-05   6.68853e-06
   1.16746e-06   3.99549e-06   1.90999e-05   3.77743e-05   4.28839e-05   3.35554e-05   1.84048e-05
   8.12484e-06   1.11788e-05   1.97218e-05   2.42644e-05   1.97191e-05   6.13055e-06  -1.09982e-05
  -2.30935e-05  -2.75790e-05  -2.91978e-05  -2.43345e-05  -1.91105e-05  -8.68335e-06   8.93434e-06
   2.58452e-05   3.30398e-05   3.62165e-05   4.59496e-05   5.44092e-05   4.84817e-05
     0.0000e+00     0.0000e+00      0  0  0.00
     300   1.00000  0.0000e+00
   7.69563e-06  -3.58103e-06  -1.33944e-05  -1.69192e-05  -9.41914e-06   4.05675e-06   1.22612e-05
   9.92863e-06   3.36129e-06  -3.36818e-06  -1.08061e-05  -1.63412e-05  -1.60956e-05  -1.12421e-05
  -5.85953e-06  -2.70333e-06  -1.03918e-06  -1.03864e-06  -2.03456e-06  -2.56403e-06  -1.02770e-06
   3.09543e-06   9.69081e-06   1.79222e-05   2.24707e-05   2.00218e-05   1.21929e-05   5.13224e-06
   9.29947e-07  -2.52120e-06  -7.59912e-06  -1.27134e-05  -1.34269e-05  -1.16600e-05  -1.38977e-05
  -1.88708e-05  -1.89099e-05  -7.99691e-06   1.18467e-05   3.07997e-05   3.84170e-05   3.34747e-05
   2.46674e-05   1.79143e-05   1.19663e-05   4.88873e-06  -1.47786e-06  -5.25959e-06  -6.41776e-06
  -5.68707e-06  -4.96541e-06  -4.01114e-06  -1.91695e-06  -1.08784e-06  -4.39167e-06  -1.28017e-05
  -2.31036e-05  -2.74280e-05  -2.10835e-05  -1.67628e-05  -1.40525e-05  -1.45114e-05  -1.17915e-05
  -5.90099e-06   2.12687e-06   1.15675e-05   2.14969e-05   2.37516e-05   2.67643e-05   1.17462e-05
  -9.46739e-07  -1.87762e-05  -2.12433e-05  -2.07257e-05  -6.22062e-06   1.21632e-06   2.15617e-06
  -1.26506e-05  -2.93419e-05  -2.85900e-05  -9.69007e-06   2.46345e-05   3.98460e-05   4.28957e-05
   2.87521e-05   1.14392e-05   7.92302e-06   1.82532e-05   2.48394e-05   1.62176e-05   1.71636e-06
  -3.43065e-06  -9.66939e-06  -1.09123e-05  -1.45142e-05  -1.35236e-05  -1.73395e-05  -1.11775e-05
  -5.90310e-06  -1.15416e-05  -6.76116e-06   3.47651e-06   2.10117e-05   4.61678e-06  -1.38299e-05
  -3.42050e-05  -4.18852e-05  -2.06849e-05   5.79819e-06   4.01422e-05   7.46177e-05   9.58994e-05
   9.36608e-05   5.61461e-05  -1.07713e-05  -8.22003e-05  -1.33039e-04  -1.44472e-04  -1.06566e-04
  -3.97331e-05   7.06907e-06   3.98989e-05   5.19868e-05   6.35337e-05   6.66324e-05   6.56034e-05
   5.35241e-05   1.90333e-05  -1.93128e-05  -4.52395e-05  -4.16540e-05  -3.17864e-05  -1.59175e-05
  -1.09243e-05  -6.49285e-06  -7.04859e-06  -5.10731e-06   4.11562e-06   1.66285e-05   1.90610e-05
   2.67750e-05   1.39896e-05  -5.96163e-07  -4.26238e-06  -1.30661e-06   1.52922e-05   1.62051e-05
   9.73497e-06  -3.74227e-06  -1.38785e-05  -9.78788e-06  -4.79149e-06  -8.23449e-06  -1.55088e-05
  -3.48660e-05  -2.64348e-05   4.55949e-07   2.22595e-05   2.98832e-05   6.78870e-06   4.69619e-07
  -5.69630e-06  -1.28701e-05  -4.69613e-06   1.66454e-06  -1.14274e-05  -1.43664e-05  -5.04657e-06
   1.45093e-05   1.62303e-05   1.28098e-05   1.83092e-05   1.84732e-05   5.37922e-06  -1.40710e-05
  -6.80996e-06   2.21558e-06   9.53140e-06   1.87043e-06  -1.30179e-05  -2.27154e-05  -2.49449e-05
  -7.71673e-06   8.91688e-06   2.13000e-05   1.97491e-05   1.55237e-05   1.88851e-05   1.11842e-05
   1.93504e-06   6.89883e-06   1.50145e-05   6.33548e-06  -8.22119e-06  -3.22630e-05  -3.41667e-05
  -2.32131e-05  -5.90951e-06   1.58205e-05   1.36884e-05   5.49598e-07  -2.16184e-06   6.68573e-06
   8.43276e-07  -1.41444e-05  -1.37487e-05  -2.55071e-05  -2.21648e-05  -1.52940e-05  -1.75357e-05
  -1.17994e-05   8.37894e-06   1.65552e-05   2.68558e-05   3.40891e-05   2.67432e-05   1.95974e-05
   8.14628e-06  -3.58365e-06   2.53269e-06   8.52378e-06   4.31027e-06  -8.46550e-06  -2.25397e-05
  -3.13396e-05  -1.63397e-05  -1.35780e-05  -8.72744e-06   2.30560e-07   5.92404e-06   2.99633e-06
   9.49686e-06   3.71460e-06   7.20553e-06   4.45406e-06  -2.35976e-06  -4.34953e-06   5.60898e-06
   7.16754e-06   6.50823e-06   9.95339e-06   1.49359e-05   2.06691e-05   1.29006e-05   4.14947e-06
  -2.51886e-06  -7.31310e-06   6.97889e-06   1.06867e-05  -8.24508e-07  -6.27945e-06  -1.04260e-05
  -6.29043e-06   7.59345e-06   1.37850e-05   1.41649e-05   1.72679e-06  -1.38650e-05  -2.51644e-05
  -2.80630e-05  -1.39491e-05  -2.91442e-06  -1.54439e-05  -2.71138e-05  -4.09558e-05  -3.05237e-05
  -1.41313e-05   2.64927e-06   1.72558e-05   2.30858e-05   2.93630e-05   2.65516e-05   1.92077e-05
   2.37805e-05   2.73638e-05   2.23639e-05   1.43504e-06  -2.50207e-05  -2.81443e-05  -1.50957e-05
   3.07407e-07   7.91106e-07  -5.04528e-06  -1.22459e-05  -1.23843e-05  -8.80965e-06  -3.18553e-06
   4.70340e-06   1.59058e-05   1.63036e-05   1.40460e-05   1.13433e-05   1.37318e-05   1.48479e-05
   1.65875e-05   1.94593e-05   1.70497e-05   1.10283e-05   5.32854e-06   1.53893e-06
     0.0000e+00     0.0000e+00      0  0  0.00
     300   1.00000  0.0000e+00
   1.05521e-05   1.13836e-06  -3.43644e-06  -1.29518e-06   1.88422e-06  -5.58050e-07  -8.06941e-06
  -1.34083e-05  -1.17823e-05  -5.90305e-06  -6.89513e-08   4.91235e-06   9.31568e-06   1.19301e-05
   1.09083e-05   4.18579e-06  -5.74246e-06  -1.03981e-05  -4.45878e-06   5.35750e-06   6.26495e-06
  -5.73279e-06  -1.92245e-05  -1.82945e-05  -1.58220e-06   1.48388e-05   1.82931e-05   1.11141e-05
   2.23006e-06  -4.07176e-06  -8.42609e-06  -1.10029e-05  -9.84000e-06  -3.51785e-06   5.07715e-06
   1.19293e-05   1.34201e-05   6.56617e-06  -7.50244e-06  -1.98850e-05  -2.11785e-05  -9.49165e-06
   8.59007e-06   2.13893e-05   2.10385e-05   1.01799e-05  -1.50235e-06  -5.97070e-06  -2.09368e-06
   4.70853e-06   7.44933e-06   5.06331e-06  -8.26287e-07  -6.90243e-06  -1.09427e-05  -1.02931e-05
  -9.55667e-06  -3.72912e-06  -2.22191e-06   1.45169e-06   3.79181e-06   6.53341e-06   6.61865e-06
   3.07943e-06  -7.14567e-07  -1.39017e-06   2.44227e-06   7.19587e-06   9.54844e-06   1.03592e-05
   7.17362e-06  -9.65079e-07  -1.31729e-05  -2.18654e-05  -2.09279e-05  -1.27070e-05  -1.28057e-06
   1.16096e-05   1.76981e-05   1.04759e-05  -5.55357e-06  -1.87574e-05  -1.63926e-05   1.56047e-06
   1.87583e-05   2.19720e-05   1.28484e-05   1.40747e-06  -1.01024e-05  -1.54712e-05  -8.62480e-06
   3.43896e-06   1.53829e-05   1.97749e-05   1.20812e-05  -7.03442e-06  -1.80784e-05  -1.18151e-05
  -4.23195e-06   6.45346e-06   1.07625e-05   9.22571e-06   4.57857e-06   4.35549e-06   5.71131e-06
  -8.50642e-07  -2.11763e-05  -5.00114e-05  -7.68007e-05  -7.54945e-05  -4.54616e-05   1.26736e-05
   7.47030e-05   1.27848e-04   1.50810e-04   1.33695e-04   6.75662e-05  -2.12239e-05  -9.58418e-05
  -1.31981e-04  -1.24996e-04  -8.31706e-05  -3.64155e-05  -1.77830e-06   1.62159e-05   3.15182e-05
   4.28242e-05   4.04333e-05   3.63759e-05   3.29155e-05   2.75899e-05   1.48576e-05  -4.86001e-06
  -2.21587e-05  -2.46411e-05  -1.07859e-05   1.45158e-06   1.19097e-06  -1.19337e-05  -2.15921e-05
  -1.35540e-05   3.81113e-07   1.01888e-05   1.10133e-05   4.15884e-06  -3.85342e-06  -5.16453e-06
  -2.75407e-06   5.44341e-06   9.49825e-06   6.18959e-06   2.78050e-07  -1.60934e-06   3.70948e-06
   6.82962e-06   2.44383e-08  -2.47976e-06   1.99595e-07  -2.46973e-07  -6.44100e-06  -6.08649e-06
  -1.12960e-06   2.91904e-06  -2.80475e-06  -3.61885e-06  -2.16807e-06  -3.19658e-06  -2.65017e-06
   4.37207e-06   5.35230e-06  -4.19456e-06  -9.15199e-06  -3.58175e-06   2.77134e-06   5.77878e-06
   1.54758e-05   2.13044e-05   6.03107e-06  -1.35134e-05  -1.97505e-05  -1.15220e-05   4.87287e-06
   1.55348e-05   7.09127e-06  -1.14180e-05  -2.16741e-05  -1.43311e-05  -1.01442e-06   2.00682e-05
   3.49958e-05   2.25492e-05  -1.86799e-06  -1.33567e-05  -1.85296e-05  -2.17891e-05  -7.36939e-06
   6.56394e-06   5.76921e-06   1.59300e-06  -3.26434e-06  -6.98992e-06   2.40021e-06   1.58633e-05
   1.64728e-05   1.23981e-05   6.04362e-06  -1.37449e-05  -3.13436e-05  -2.56203e-05  -9.03019e-06
   1.18640e-05   3.14570e-05   2.68905e-05  -5.15327e-07  -2.42234e-05  -3.02681e-05  -1.41767e-05
   1.43709e-05   3.17116e-05   2.89108e-05   8.32622e-06  -1.92323e-05  -3.07635e-05  -1.82178e-05
   4.04732e-06   2.11093e-05   1.93020e-05  -1.68539e-06  -2.37497e-05  -2.37246e-05  -3.09830e-06
   2.29265e-05   3.28256e-05   2.22240e-05   3.37480e-06  -1.80990e-05  -3.02793e-05  -2.01780e-05
  -7.89150e-07   1.32613e-05   1.76522e-05   8.17932e-06  -7.40555e-06  -1.89985e-05  -1.63051e-05
  -2.59716e-06   5.90310e-06   1.02401e-05   1.24897e-05   6.95540e-06   8.73419e-07  -2.38844e-06
  -3.80115e-06  -2.02386e-06  -9.58641e-07   4.68154e-07   1.48522e-06  -1.25512e-06  -1.04633e-06
   8.45958e-07   3.05691e-06   2.07105e-06  -2.31081e-06  -1.68042e-06   2.35111e-06   9.56347e-06
   1.15324e-05  -1.25292e-07  -1.47204e-05  -2.27290e-05  -1.48050e-05   2.47124e-06   1.31531e-05
   1.02945e-05  -8.17127e-07  -5.97482e-06  -3.43176e-07   9.32359e-06   1.53432e-05   1.24401e-05
   5.23537e-06  -5.43967e-06  -1.41649e-05  -1.44246e-05  -7.52963e-06  -1.40351e-06  -2.62759e-06
  -9.38225e-06  -1.03458e-05  -1.14454e-06   1.01053e-05   1.53928e-05   1.24176e-05   6.55580e-06
   4.01122e-06   3.09920e-06  -1.36280e-06  -7.42642e-06  -9.65545e-06  -6.03459e-06