       3
(7e14.5)
     0.0000e+00     0.0000e+00      0  0  0.00
     700   1.00000  0.0000e+00
  -1.78035e-05  -2.40204e-05  -2.48583e-05  -2.04488e-05  -1.34030e-05  -5.99585e-06  -2.01999e-06
  -4.24328e-06  -9.24720e-06  -1.16446e-05  -8.71691e-06  -1.35347e-06   4.93201e-06   5.20292e-06
   3.71504e-06   8.49219e-06   1.75966e-05   2.25498e-05   1.99719e-05   1.33867e-05   8.77930e-06
   9.36719e-06   1.38555e-05   1.82493e-05   1.88622e-05   1.42344e-05   6.08689e-06  -1.44275e-06
  -5.91309e-06  -8.26400e-06  -9.01809e-06  -8.68503e-06  -8.89582e-06  -9.87654e-06  -1.13722e-05
  -1.46373e-05  -1.85298e-05  -1.93806e-05  -1.60883e-05  -9.49691e-06  -9.66850e-07   3.89030e-06
  -5.99749e-07  -8.88895e-06  -1.00750e-05  -2.53939e-06   6.55247e-06   1.08008e-05   8.91864e-06
   4.60007e-06   1.66423e-06  -1.04810e-06  -4.80123e-06  -4.45831e-06   3.15839e-06   1.21039e-05
   1.55638e-05   1.36830e-05   1.12275e-05   1.10703e-05   1.39515e-05   1.91265e-05   2.17082e-05
   1.56752e-05   1.49629e-06  -1.39996e-05  -2.51704e-05  -3.00197e-05  -2.85494e-05  -2.36325e-05
  -1.92095e-05  -1.71064e-05  -1.63320e-05  -1.42926e-05  -8.55142e-06   2.02223e-06   1.51609e-05
   2.55925e-05   2.87353e-05   2.44649e-05   1.73742e-05   1.34733e-05   1.64446e-05   2.45950e-05
   2.96754e-05   2.34833e-05   8.18916e-06  -5.57383e-06  -1.04097e-05  -7.23196e-06  -3.09725e-06
  -6.32045e-06  -1.75619e-05  -2.71097e-05  -2.69598e-05  -2.14094e-05  -1.84372e-05  -1.89295e-05
  -1.87748e-05  -1.64105e-05  -1.34962e-05  -9.17597e-06  -2.65870e-06   1.27513e-06  -1.57663e-06
  -7.22171e-06  -8.76087e-06  -4.43481e-06   3.66846e-06   1.21983e-05   1.64370e-05   1.47376e-05
   1.06500e-05   7.87895e-06   8.82325e-06   1.45471e-05   2.11805e-05   2.16292e-05   1.41877e-05
   4.84000e-06  -2.95159e-07   9.13137e-07   6.74377e-06   1.18879e-05   1.09892e-05   5.96985e-06
   3.78530e-06   6.12470e-06   7.48171e-06   3.92818e-06  -1.86475e-06  -5.50994e-06  -6.38255e-06
  -6.36958e-06  -5.17540e-06  -2.64618e-06  -3.39404e-06  -1.08909e-05  -1.87497e-05  -1.84594e-05
  -1.21754e-05  -8.76375e-06  -1.02825e-05  -1.17898e-05  -1.01119e-05  -5.96932e-06  -2.14767e-06
  -1.63132e-06  -5.64863e-06  -1.00117e-05  -9.80174e-06  -6.39651e-06  -3.73910e-06  -1.31958e-06
   2.89940e-06   9.05249e-06   1.11887e-05   1.55944e-05   1.59508e-05   1.17617e-05   9.64979e-06
   1.28753e-05   1.60756e-05   1.46686e-05   1.09504e-05   8.04876e-06   9.98498e-06   1.38996e-05
   1.08847e-05  -8.08247e-06  -3.93691e-05  -6.46252e-05  -6.77559e-05  -4.69567e-05  -1.06789e-05
   3.01547e-05   5.83417e-05   7.82152e-05   8.43957e-05   5.59745e-05   2.44444e-07  -5.42557e-05
  -8.57425e-05  -8.20312e-05  -4.52741e-05   1.08178e-05   6.12346e-05   8.24724e-05   5.99307e-05
  -2.45272e-07  -5.02822e-05  -6.00667e-05  -2.01970e-05   3.38163e-05   5.03537e-05   3.07924e-05
  -8.73271e-06  -3.98510e-05  -4.13681e-05  -1.97515e-05   1.68945e-05   3.89687e-05   1.93800e-05
  -2.68990e-05  -4.55702e-05  -2.57860e-05   1.66571e-05   3.88338e-05   2.95980e-05  -8.00152e-06
  -4.65321e-05  -3.94560e-05   6.67592e-06   3.53047e-05   6.81721e-06  -3.59095e-05  -3.07771e-05
   5.81086e-06   1.43976e-05  -2.74125e-06  -1.62800e-05  -1.73912e-05  -1.20171e-05   1.28205e-05
   3.63724e-05   2.62413e-06  -4.20556e-05  -1.53446e-05   4.78353e-05   5.57308e-05   2.15401e-05
   3.38590e-06   2.59435e-07   8.43926e-06   4.01846e-05   5.12848e-05   6.49176e-06  -1.94453e-05
   1.38584e-05   3.39394e-05  -6.25563e-06  -3.82292e-05  -1.72129e-05   7.03924e-06   8.66966e-06
  -3.73484e-06  -3.96829e-05  -5.45115e-05  -1.03050e-05   8.94051e-06  -3.19356e-05  -4.34781e-05
  -7.80380e-06   1.01770e-05  -5.87398e-06  -2.58614e-05  -2.57639e-05   8.71440e-06   4.57077e-05
   2.24225e-05  -1.52693e-05   7.03776e-07   1.71320e-05   5.78637e-07  -5.96744e-06  -5.66148e-06
  -6.99904e-07   1.29241e-05  -8.71418e-06  -3.05385e-05   1.39995e-06   2.44488e-05   6.70130e-06
   1.81111e-06   1.51280e-05   1.46907e-05   1.58032e-05   1.39248e-05   5.66856e-06   2.09240e-05
   1.33643e-05  -1.50361e-05   6.41661e-06   2.29888e-05  -9.82001e-08  -1.39241e-05  -8.88334e-06
   1.70952e-05   2.41259e-05   4.38268e-06   2.43813e-06   9.97593e-06   1.73095e-06  -9.97173e-06
  -5.88921e-06  -4.71319e-06  -1.46294e-05  -2.59179e-05  -1.40220e-05  -4.97295e-06  -1.86721e-05
  -1.78763e-05  -1.18380e-05  -1.75741e-05  -1.93813e-05  -1.27425e-05   8.60992e-07  -3.78541e-06
  -1.72996e-05  -1.62587e-05  -9.10198e-06   2.22269e-06   1.34952e-05   1.12344e-05  -9.03994e-07
  -1.16909e-05  -9.93726e-06   1.07686e-05   2.72633e-05   2.84632e-05   2.33177e-05   1.35280e-05
   7.46438e-06   6.41516e-06   7.66675e-06   1.05671e-05   1.63107e-05   1.83411e-05   1.03869e-05
   2.26543e-07  -4.43670e-06  -8.50327e-06  -1.09792e-05  -5.54172e-06  -2.57817e-06  -4.66961e-06
  -7.80114e-06  -6.38052e-06  -6.15976e-06  -9.49008e-06  -1.20725e-05  -8.02308e-06   2.61518e-06
   9.53227e-06   1.28446e-05   1.40494e-05   1.27875e-05   7.18894e-06   4.35058e-06   1.00629e-05
   1.39625e-05   9.68690e-06   9.90923e-06   1.02444e-05  -2.53667e-06  -1.12258e-05  -1.00777e-05
  -4.73753e-06  -5.53671e-06  -1.57170e-05  -2.69512e-05  -2.94111e-05  -2.71504e-05  -2.14827e-05
  -1.52899e-05  -1.55383e-05  -2.00176e-05  -2.26508e-05  -1.65970e-05  -5.78679e-06   2.43509e-06
   6.55378e-06   7.36946e-06   7.88758e-06   1.37060e-05   1.75645e-05   1.52342e-05   1.33222e-05
   1.78738e-05   2.59412e-05   2.77738e-05   1.96889e-05   1.30130e-05   1.09005e-05   8.10445e-06
   4.92059e-06   1.14827e-05   1.97948e-05   1.60440e-05   9.79563e-06   8.66510e-06   9.67688e-07
  -1.00551e-05  -1.27899e-05  -9.27563e-06  -7.61034e-06  -1.48875e-05  -2.54771e-05  -2.59991e-05
  -2.31725e-05  -2.63814e-05  -2.54030e-05  -1.65751e-05  -1.10941e-05  -1.05901e-05  -5.52372e-06
   8.53229e-08   4.98665e-06   9.76949e-06   1.48356e-05   1.95349e-05   1.56872e-05   7.63145e-06
   6.99094e-06   9.07094e-06   8.66345e-06   1.09616e-05   1.45743e-05   1.42745e-05   1.04899e-05
   4.34388e-06  -1.25161e-07  -3.06721e-06  -6.24478e-06  -4.82952e-06   8.17987e-07   4.88599e-06
   2.83089e-06  -3.89147e-06  -9.05964e-06  -1.10226e-05  -8.96150e-06  -2.37162e-06  -6.94363e-07
  -4.36738e-06  -6.18917e-06  -6.51510e-06  -7.44045e-06  -6.53894e-06  -3.59890e-06  -3.49573e-06
  -6.99500e-06  -5.79919e-06   9.00792e-07   5.75005e-06   5.87492e-06  -3.57450e-08  -9.90214e-06
  -1.01126e-05  -2.75036e-07   4.52086e-06   5.01386e-06   6.32687e-06   2.85229e-06  -1.42290e-06
  -2.14755e-06  -2.02446e-06  -2.35014e-06  -4.94318e-06  -6.49479e-06  -2.28457e-06   3.38354e-06
   7.14932e-06   9.50429e-06   1.01726e-05   1.22320e-05   1.75087e-05   2.03284e-05   1.64199e-05
   9.37360e-06   5.63002e-06   5.20930e-06   7.49996e-06   1.16010e-05   1.07971e-05   3.14340e-06
  -4.92049e-06  -9.42401e-06  -9.79275e-06  -8.04379e-06  -7.57031e-06  -1.14244e-05  -1.94271e-05
  -2.44167e-05  -2.11368e-05  -1.08806e-05  -3.11814e-06  -6.93360e-06  -1.40576e-05  -1.19726e-05
  -3.27020e-06   3.09141e-06   4.19981e-06   3.67439e-06   3.99827e-06   4.75311e-06   6.87192e-06
   9.03416e-06   7.60480e-06   4.85154e-06   3.34578e-06   5.80187e-07   1.92867e-07   5.55778e-06
   1.04300e-05   9.75414e-06   2.80764e-06  -6.75858e-06  -1.39772e-05  -1.57415e-05  -1.25481e-05
  -6.47894e-06   2.84366e-06   1.05159e-05   9.35764e-06   1.50700e-06  -2.67294e-06   2.20908e-06
   1.03429e-05   1.31589e-05   9.73013e-06   6.38184e-06   7.31921e-06   1.18962e-05   1.45736e-05
   1.22035e-05   8.49588e-06   6.63875e-06   4.51736e-06   1.09944e-06  -4.53024e-06  -1.25098e-05
  -1.62526e-05  -1.16081e-05  -5.72387e-06  -9.42152e-06  -2.20169e-05  -2.84891e-05  -1.95183e-05
  -4.21775e-06   3.97241e-06   1.48892e-06  -6.50650e-06  -1.24489e-05  -1.31744e-05  -1.04693e-05
  -6.97893e-06  -5.96382e-06  -8.57923e-06  -1.20926e-05  -1.28169e-05  -7.75167e-06   2.98611e-06
   1.55005e-05   2.39946e-05   2.61431e-05   2.38400e-05   1.93217e-05   1.54488e-05   1.72706e-05
   2.59731e-05   3.38283e-05   3.29586e-05   2.42962e-05   1.20932e-05   7.06309e-08  -4.96887e-06
  -4.61275e-07   8.25292e-06   1.11694e-05   1.82531e-06  -1.42870e-05  -2.58130e-05  -2.50780e-05
  -1.65421e-05  -1.15521e-05  -1.52342e-05  -2.23265e-05  -2.50092e-05  -2.15586e-05  -1.40414e-05
  -8.89929e-06  -1.04013e-05  -1.32163e-05  -1.26469e-05  -8.86697e-06  -2.35774e-06   3.17291e-06
   4.84261e-06   4.98481e-06   5.82516e-06   6.71109e-06   7.12238e-06   5.56399e-06   1.81444e-06
  -7.85861e-07   8.75865e-08   3.05942e-06   5.58762e-06   4.41593e-06  -1.55423e-06  -7.85582e-06
  -7.51447e-06   1.71375e-07   9.64084e-06   1.70751e-05   2.10674e-05   1.87010e-05   1.06623e-05
   3.25576e-06   3.23536e-06   1.09732e-05   2.03700e-05   2.34193e-05   1.77402e-05   7.58313e-06
   2.97987e-07  -1.53676e-06   2.12193e-08   9.58746e-07  -3.93866e-06  -1.60670e-05  -2.80509e-05
  -3.01989e-05  -2.23493e-05  -1.37388e-05  -1.20600e-05  -1.65491e-05  -1.92908e-05  -1.54752e-05
  -8.10599e-06   4.72850e-07   1.13940e-05   2.20478e-05   2.54174e-05   1.83378e-05   7.45946e-06
   2.10719e-06   3.50294e-06   6.92361e-06   8.02666e-06   6.47030e-06   4.15786e-06   4.51438e-07
  -3.74589e-06  -3.93305e-06  -1.79089e-08   3.18417e-06   2.21720e-06  -2.90077e-06  -1.00350e-05
  -1.55012e-05  -1.52383e-05  -8.16728e-06  -1.05425e-06  -1.57526e-06  -7.24523e-06  -1.20807e-05
  -1.47237e-05  -1.45216e-05  -1.00443e-05  -3.17175e-06   2.60149e-06   7.70133e-06   1.14120e-05
   8.10753e-06  -1.39330e-06  -6.50672e-06  -1.51396e-06   8.77373e-06   1.65172e-05   1.79973e-05
   1.44781e-05   7.35270e-06  -2.36917e-07  -2.16964e-06   4.84630e-06   1.59346e-05   2.25739e-05
   2.04633e-05   1.07510e-05  -2.49618e-07  -3.61826e-06   1.56864e-06   5.64794e-06   1.42299e-06
  -7.61154e-06  -1.54696e-05  -2.04269e-05  -2.17729e-05  -1.94867e-05  -1.51846e-05  -1.06149e-05
  -5.80624e-06  -1.03323e-07   5.88660e-06   1.03929e-05   1.10154e-05   6.84695e-06   1.72459e-06
     0.0000e+00     0.0000e+00      0  0  0.00
     700   1.00000  0.0000e+00
   6.32018e-07  -7.51467e-07  -1.77608e-06  -3.57926e-06  -7.21663e-06  -1.00315e-05  -1.02353e-05
  -9.29317e-06  -8.73466e-06  -7.58258e-06  -5.71404e-06  -5.88874e-06  -9.26031e-06  -1.05585e-05
  -4.17709e-06   7.19177e-06   1.30595e-05   7.06989e-06  -3.18403e-06  -4.74581e-06   4.56981e-06
   1.31426e-05   9.83065e-06  -1.34336e-06  -7.03574e-06  -1.09900e-06   1.10166e-05   1.97863e-05
   2.06060e-05   1.65418e-05   1.17794e-05   7.68690e-06   5.37446e-06   5.21293e-06   3.59722e-06
  -3.76490e-06  -1.44377e-05  -1.93282e-05  -1.35936e-05  -3.79719e-06   1.10389e-06   3.06967e-07
  -1.41894e-06  -1.08821e-06   1.56818e-06   5.20483e-06   8.05665e-06   1.05377e-05   1.18176e-05
   9.24888e-06   2.12774e-06  -7.85185e-06  -1.68497e-05  -2.10822e-05  -2.00371e-05  -1.66974e-05
  -1.63481e-05  -2.27129e-05  -3.39857e-05  -4.33971e-05  -4.31252e-05  -3.01462e-05  -8.79444e-06
   1.04341e-05   1.93914e-05   2.20698e-05   2.80029e-05   4.10447e-05   5.62632e-05   6.36009e-05
   5.66235e-05   3.93776e-05   2.17940e-05   1.08647e-05   5.06689e-06  -6.85623e-07  -7.56853e-06
  -1.47219e-05  -2.26268e-05  -3.13958e-05  -3.73657e-05  -3.53337e-05  -2.64850e-05  -1.81518e-05
  -1.47751e-05  -1.46423e-05  -1.39607e-05  -9.13067e-06  -3.29972e-07   7.71853e-06   1.25794e-05
   1.61336e-05   1.85719e-05   1.74510e-05   1.35109e-05   9.47558e-06   4.91544e-06   1.25799e-07
  -1.54665e-07   5.10794e-06   8.75039e-06   6.83299e-06   4.68384e-06   8.30018e-06   1.59180e-05
   1.93294e-05   1.42447e-05   6.60764e-06   2.45189e-06  -2.08480e-06  -1.20375e-05  -2.40125e-05
  -2.98442e-05  -2.58062e-05  -1.65502e-05  -9.39070e-06  -7.25678e-06  -6.54502e-06  -2.05941e-06
   5.06426e-06   8.07664e-06   1.94542e-06  -1.06164e-05  -2.08169e-05  -2.32194e-05  -1.94697e-05
  -1.38630e-05  -9.11113e-06  -5.95350e-06  -4.00629e-06  -8.93751e-07   4.96081e-06   1.06054e-05
   1.16258e-05   7.94222e-06   4.13395e-06   2.77257e-06   4.05693e-06   9.37923e-06   1.87994e-05
   2.78559e-05   3.04812e-05   2.55339e-05   1.58455e-05   6.19748e-06   3.06402e-06   9.45938e-06
   1.79451e-05   1.56200e-05  -7.28821e-07  -1.81206e-05  -2.12769e-05  -8.42039e-06   9.62172e-06
   2.09925e-05   2.17007e-05   1.96613e-05   1.23783e-05   3.59553e-06  -4.41674e-06  -9.22070e-06
  -1.18750e-05  -1.65182e-05  -2.19483e-05  -2.17132e-05  -1.67775e-05  -1.52861e-05  -1.86236e-05
  -2.07072e-05  -1.36350e-05   1.43063e-06   9.38363e-06  -3.98201e-06  -3.72924e-05  -6.77183e-05
  -7.20057e-05  -4.58853e-05  -1.38661e-05   1.84081e-05   5.21265e-05   7.76390e-05   8.92243e-05
   7.24283e-05   3.03580e-05  -2.98353e-05  -6.90654e-05  -7.64556e-05  -5.77152e-05  -1.73700e-05
   1.41808e-05   3.30262e-05   2.94134e-05   8.30633e-06   1.76257e-06   2.21498e-05   5.77346e-05
   6.31236e-05   3.72165e-05  -7.59844e-07  -1.01912e-05   9.51667e-06   3.08051e-05   3.33729e-05
   9.94147e-06  -1.80304e-05  -2.78984e-05  -1.04451e-05   1.41922e-05   2.52230e-05  -1.72833e-07
  -3.43453e-05  -4.14982e-05  -1.99115e-05  -2.90368e-06   7.91363e-06  -2.92968e-06  -3.42227e-05
  -5.18263e-05  -1.51515e-05   2.32109e-05   1.95256e-05  -2.28884e-05  -4.50226e-05  -3.17740e-05
  -4.95781e-06   6.60745e-06  -2.65802e-06  -2.78961e-05  -3.08329e-05   8.81984e-07   2.89615e-05
   2.69465e-06  -3.75042e-05  -2.15564e-05   2.82347e-05   5.62679e-05   4.35964e-05   1.42645e-05
  -7.60171e-07   1.63794e-05   4.19040e-05   2.97796e-05  -1.73418e-06   6.94424e-06   4.61988e-05
   4.09058e-05   4.41933e-06  -2.18570e-05  -1.82714e-05   3.46260e-06   7.38925e-06  -2.74091e-05
  -6.07882e-05  -3.82272e-05   2.25238e-07  -8.45598e-06  -2.91414e-05  -5.63826e-06   2.31622e-05
   2.92146e-05   1.19133e-05  -1.12936e-05   4.02997e-06   4.73113e-05   3.38202e-05  -1.23913e-05
  -1.28329e-05   1.27610e-05   1.15116e-05  -9.30366e-06  -1.37248e-05   5.92815e-06   7.87304e-06
  -1.36349e-05  -3.19938e-05  -1.60910e-05  -8.89131e-07  -2.41772e-05  -4.45241e-05  -3.16856e-05
   1.45663e-06  -1.70335e-06  -2.49168e-05  -1.00936e-05   6.45674e-06  -7.71136e-06  -1.23363e-05
  -2.11112e-06   1.56656e-05   1.13300e-05  -6.21518e-06  -3.61691e-06   8.43362e-06   1.09262e-05
   2.01326e-05   3.82841e-05   3.57077e-05   2.05580e-05   2.15830e-05   3.84797e-05   3.67419e-05
   1.58756e-05   1.21502e-05   1.02154e-05  -2.31086e-06  -7.39603e-06   4.21519e-06   7.65463e-06
  -1.32256e-05  -3.34681e-05  -3.01784e-05  -1.80770e-05  -1.10213e-05  -4.49618e-06  -6.58015e-06
  -2.37438e-05  -3.12384e-05  -1.23161e-05   4.45536e-09  -6.19526e-06  -3.62524e-06   2.42239e-06
   3.44487e-06   1.16466e-05   1.41335e-05   1.05301e-05   1.18652e-06  -3.11862e-06  -1.42698e-06
   3.85972e-06   1.45995e-05   1.57594e-05   4.69671e-06  -5.86171e-06  -8.60246e-06  -5.27018e-06
   1.80186e-06   1.05050e-05   5.27661e-06  -1.46381e-05  -1.89240e-05  -1.87170e-05  -1.55933e-05
  -1.04964e-05  -1.07446e-05  -1.46724e-05  -1.63735e-05  -1.63045e-05  -1.78748e-05  -1.61099e-05
  -1.42417e-05  -1.24582e-05   3.04432e-06   2.02547e-05   2.30005e-05   1.82596e-05   1.13916e-05
   1.28689e-05   2.87015e-05   4.25460e-05   4.74200e-05   4.38591e-05   3.11693e-05   2.40911e-05
   2.60235e-05   2.14929e-05   1.15720e-05   7.02748e-06   9.04452e-06   1.43280e-05   7.06650e-06
  -1.32888e-05  -2.90125e-05  -3.35757e-05  -2.74445e-05  -2.20976e-05  -2.91961e-05  -4.21021e-05
  -5.02096e-05  -5.24659e-05  -4.77212e-05  -3.11240e-05  -1.34183e-05  -8.02708e-06  -1.29362e-05
  -1.17750e-05  -3.18265e-06   2.39626e-06   4.64843e-06   9.22897e-06   1.93090e-05   2.83320e-05
   3.28257e-05   3.40608e-05   3.47511e-05   3.47572e-05   3.15303e-05   2.74139e-05   2.61630e-05
   2.68131e-05   1.77087e-05  -2.23679e-06  -1.81151e-05  -1.95312e-05  -1.24618e-05  -1.17637e-05
  -2.19219e-05  -2.92412e-05  -2.66297e-05  -2.04234e-05  -9.63573e-06   3.48930e-06   1.00129e-05
   4.73734e-06  -5.04278e-06  -9.25041e-06  -6.46661e-06  -6.65293e-07   2.68448e-06   5.43458e-06
   9.01486e-06   1.15109e-05   1.02046e-05   2.47106e-06  -1.42462e-06   2.42378e-06   4.49764e-06
   2.79242e-06   1.71600e-06   8.66200e-07   8.79148e-07   3.45944e-07  -7.39690e-07  -1.79585e-08
  -1.60687e-06  -3.20475e-06  -1.07948e-06   4.33080e-06   6.29032e-06   2.08152e-07  -8.21904e-06
  -1.16375e-05  -1.20814e-05  -1.12835e-05  -6.09659e-06  -5.42660e-06  -9.97157e-06  -9.09995e-06
  -2.28762e-06   5.35857e-06   8.73146e-06   3.49841e-06  -2.39132e-06   6.16964e-07   7.76648e-06
   1.58349e-05   2.30022e-05   2.41013e-05   2.09780e-05   1.79017e-05   1.68343e-05   1.68862e-05
   1.24858e-05   5.47652e-06  -2.12157e-06  -1.34191e-05  -2.34941e-05  -2.65093e-05  -2.43917e-05
  -2.06057e-05  -1.71891e-05  -1.67245e-05  -2.31184e-05  -3.05693e-05  -2.86551e-05  -1.73745e-05
  -3.57185e-06   8.42186e-06   1.28676e-05   8.15749e-06   1.95063e-06   3.60398e-06   1.31223e-05
   2.02283e-05   2.12810e-05   2.01000e-05   1.64739e-05   1.18140e-05   8.34820e-06   8.21984e-06
   1.07850e-05   1.56789e-05   2.06144e-05   1.84744e-05   1.03548e-05   4.35532e-06   1.52165e-06
  -3.35692e-06  -1.12792e-05  -1.85069e-05  -2.10529e-05  -1.70141e-05  -8.63317e-06  -5.37620e-06
  -1.04611e-05  -1.35479e-05  -7.43236e-06   2.03289e-06   5.97663e-06   1.70043e-06  -7.01060e-06
  -1.43139e-05  -1.78901e-05  -1.63749e-05  -7.11422e-06   2.18401e-06   1.66565e-06  -8.60474e-06
  -2.14237e-05  -2.66500e-05  -1.94174e-05  -5.57833e-06   4.39403e-06   6.81359e-06   8.30172e-06
   1.29556e-05   1.81071e-05   2.31446e-05   2.91208e-05   3.30596e-05   2.99695e-05   2.31143e-05
   1.81646e-05   1.56293e-05   1.21632e-05   7.22579e-06   4.65189e-06   2.08858e-06  -3.49553e-06
  -9.60216e-06  -1.47629e-05  -1.57850e-05  -1.13118e-05  -5.39067e-06  -3.22070e-06  -3.50073e-06
   2.62035e-06   1.60067e-05   2.58883e-05   2.51029e-05   1.65468e-05   5.13586e-06  -5.65826e-06
  -1.51452e-05  -2.21827e-05  -2.49600e-05  -2.70372e-05  -3.41141e-05  -4.41352e-05  -4.63873e-05
  -3.67881e-05  -2.48241e-05  -1.65350e-05  -1.08917e-05  -8.68166e-06  -8.10592e-06  -5.54071e-06
   5.13636e-07   9.75191e-06   2.11480e-05   2.85963e-05   2.55404e-05   1.66651e-05   1.31534e-05
   1.76792e-05   2.42046e-05   2.59494e-05   2.04012e-05   1.20517e-05   6.09924e-06   5.06527e-06
   7.77047e-06   1.02113e-05   9.64693e-06   6.53760e-06   4.48108e-06   4.72402e-06   6.49596e-06
   9.26051e-06   1.13694e-05   8.93964e-06  -9.86621e-07  -1.41591e-05  -1.86581e-05  -7.65480e-06
   8.57444e-06   1.51198e-05   8.59578e-06  -2.15849e-06  -7.83314e-06  -8.00756e-06  -4.75112e-06
   3.45882e-07   6.93296e-07  -7.24030e-06  -1.77184e-05  -2.24108e-05  -2.19884e-05  -2.20328e-05
  -2.34537e-05  -2.53571e-05  -2.79147e-05  -2.88172e-05  -2.71335e-05  -2.58315e-05  -2.24168e-05
  -1.14691e-05   3.33061e-06   1.41275e-05   2.07326e-05   2.77202e-05   3.81082e-05   4.74896e-05
   4.90960e-05   4.48242e-05   3.84410e-05   2.87882e-05   1.80724e-05   8.88410e-06   6.09236e-07
  -9.94325e-06  -2.15117e-05  -2.97400e-05  -3.30987e-05  -3.16780e-05  -2.55416e-05  -2.02335e-05
  -2.02074e-05  -1.94057e-05  -1.41143e-05  -7.12937e-06  -2.57065e-06  -2.62765e-06  -1.51101e-06
   6.35268e-06   1.82516e-05   2.76807e-05   2.97771e-05   2.40418e-05   1.66474e-05   1.50348e-05
   2.03933e-05   2.76573e-05   2.88821e-05   2.25002e-05   1.35300e-05   4.14503e-06  -5.18986e-06
  -1.13161e-05  -1.37920e-05  -1.49821e-05  -1.62452e-05  -1.73326e-05  -1.83473e-05  -1.89581e-05
  -1.97341e-05  -2.18808e-05  -2.29358e-05  -1.89731e-05  -1.09354e-05  -3.30402e-06   1.18631e-06
   3.65662e-07  -4.87580e-06  -8.21479e-06  -4.20211e-06   5.12466e-06   1.21188e-05   1.23880e-05
   8.09316e-06   3.93144e-06   1.69222e-06   4.65693e-07   1.35243e-06   5.32627e-06   9.82917e-06
   1.10241e-05   8.44836e-06   6.18631e-06   7.38231e-06   9.42210e-06   4.74730e-06  -6.28190e-06
  -1.22692e-05  -7.63429e-06  -5.82480e-07   1.01400e-06  -1.19101e-06  -2.17765e-06  -9.32115e-07
     0.0000e+00     0.0000e+00      0  0  0.00
     700   1.00000  0.0000e+00
   3.94069e-06   4.61375e-06   4.61948e-06   3.94824e-06   2.12822e-06  -4.32076e-07  -2.95777e-06
  -4.86438e-06  -5.43552e-06  -4.55802e-06  -3.11867e-06  -2.05746e-06  -1.48202e-06  -6.22996e-07
   9.20710e-07   2.37840e-06   1.81671e-06  -1.40859e-06  -4.70188e-06  -4.95510e-06  -1.65269e-06
   3.23957e-06   6.74409e-06   6.83795e-06   3.88837e-06   1.47858e-07  -1.40431e-06   1.02145e-07
   2.28222e-06   2.75833e-06   2.13054e-06   1.72143e-06   1.42189e-06   5.91421e-07  -1.41448e-06
  -3.77527e-06  -3.77507e-06  -3.31432e-07   3.73446e-06   4.43944e-06   1.24684e-06  -3.26151e-06
  -6.93366e-06  -8.64793e-06  -8.17694e-06  -5.38786e-06  -5.60985e-07   4.44885e-06   6.35532e-06
   3.57225e-06  -1.56397e-06  -5.05697e-06  -4.63543e-06   8.62400e-08   7.18027e-06   1.16554e-05
   9.29719e-06   1.00065e-06  -7.94178e-06  -1.09614e-05  -5.23517e-06   5.01940e-06   1.14279e-05
   9.04612e-06   4.14411e-07  -7.58484e-06  -9.31301e-06  -4.22177e-06   3.25070e-06   7.40924e-06
   5.52670e-06  -3.65900e-07  -5.17367e-06  -5.30321e-06  -1.50715e-06   3.07803e-06   5.06933e-06
   2.75968e-06  -2.33569e-06  -6.80953e-06  -7.58827e-06  -4.27484e-06   7.22902e-07   3.82539e-06
   3.52133e-06   5.94440e-07  -3.05053e-06  -4.89023e-06  -2.95820e-06   1.86989e-06   6.02880e-06
   6.24171e-06   2.78555e-06  -3.13149e-07  -1.73622e-07   1.77277e-06   2.11033e-06   3.44814e-07
  -9.33959e-07  -2.76504e-07   1.63528e-06   2.65363e-06   8.26033e-07  -3.03923e-06  -5.87217e-06
  -5.06762e-06  -7.56024e-07   3.87417e-06   5.35166e-06   2.85458e-06  -8.64757e-07  -2.40926e-06
  -1.17928e-06   8.22366e-07   1.37492e-06  -4.94776e-07  -3.38585e-06  -4.30606e-06  -2.32688e-06
   3.27961e-07   9.90705e-07  -7.60054e-07  -2.62925e-06  -1.88351e-06   1.57533e-06   4.66284e-06
   4.67552e-06   1.41630e-06  -2.63082e-06  -4.51917e-06  -3.23806e-06   8.24051e-07   5.58253e-06
   7.62609e-06   5.52437e-06   9.56514e-07  -3.32890e-06  -4.90156e-06  -3.19616e-06  -3.03954e-07
   1.20425e-06   4.52597e-07  -1.23118e-06  -1.54130e-06   1.93024e-07   2.25064e-06   1.42467e-06
  -3.76649e-06  -1.06696e-05  -1.43484e-05  -1.13602e-05  -1.79214e-06   8.44752e-06   1.61573e-05
   1.85047e-05   1.27123e-05   2.39387e-06  -7.09383e-06  -1.22460e-05  -9.97017e-06  -2.54331e-06
   3.95548e-06   6.47805e-06   4.80165e-06   1.31759e-07  -2.38023e-06   1.32761e-07   7.67897e-06
   1.51703e-05   1.68121e-05   1.19507e-05   6.18606e-06   1.48503e-06  -5.75967e-06  -1.97568e-05
  -3.41227e-05  -4.61986e-05  -4.81055e-05  -3.07143e-05  -6.85480e-06   1.80360e-05   4.37851e-05
   6.20897e-05   6.61795e-05   4.80677e-05   8.45632e-06  -2.75348e-05  -4.07198e-05  -3.21554e-05
  -1.54398e-05  -7.26586e-06  -5.20449e-06  -9.51590e-07  -2.38023e-06  -6.30517e-06  -9.19727e-06
  -3.78707e-06   7.42769e-06   1.26709e-05   1.01886e-05   8.55036e-06   6.52542e-06  -8.50069e-07
  -9.65892e-06  -8.52172e-06   3.33828e-06   7.76423e-06   1.84571e-06  -3.71737e-06  -3.14785e-06
  -3.00894e-06  -2.35519e-06   5.06422e-06   1.45940e-05   1.08325e-05  -1.37218e-06  -7.57244e-06
  -7.74966e-06  -4.77249e-06   1.05158e-07   8.35942e-06   7.11882e-06  -3.35595e-06  -7.80988e-06
  -5.08232e-06  -7.32206e-06  -4.69113e-06   5.67286e-06   6.69975e-06   2.55751e-07  -2.88082e-06
  -4.84327e-06  -9.28665e-06  -4.64242e-06   5.37287e-06   6.55297e-06   5.44497e-06   3.25044e-06
  -3.24565e-06  -5.22161e-06  -8.18569e-07   2.40740e-06   7.16483e-06   5.62292e-06   1.74056e-07
   2.57848e-07  -1.45861e-06  -3.34886e-06   3.39503e-06   5.01995e-06   2.04067e-06   2.01546e-06
  -1.91965e-06  -1.05167e-05  -1.05668e-05  -4.74395e-06   1.68743e-06   6.61405e-06   6.03327e-06
  -1.77401e-06  -2.30604e-06   3.58410e-06   2.36546e-06   3.94540e-06   6.83428e-06  -1.83718e-06
  -5.34003e-06  -2.49922e-06  -3.18681e-06   6.51671e-07   9.34219e-07  -2.49981e-06   1.37409e-06
   2.69043e-06   1.59483e-07  -8.09861e-07   3.58841e-07  -2.30560e-06  -5.64399e-06  -1.66826e-06
   1.17298e-06   3.95654e-06   3.71658e-06  -4.18443e-06  -2.84693e-06  -2.32101e-06   4.00786e-07
   4.94775e-06   3.82810e-06   2.17207e-07  -2.66994e-06  -3.94847e-06  -3.47442e-06  -9.77028e-07
  -2.35744e-07   2.00834e-06   3.91648e-07   9.44767e-07   4.59838e-06   3.00084e-06   3.33412e-07
  -4.12929e-06  -1.54993e-06   3.89576e-06   4.58484e-06   2.88834e-06   1.43584e-06   5.60852e-07
   1.66871e-07   7.67866e-08   1.24803e-06   1.05129e-06  -1.66248e-06  -5.43578e-06  -4.53911e-06
  -1.92424e-06   1.36211e-06   3.09003e-06   9.44571e-07  -3.02423e-06  -7.68672e-06  -8.18258e-06
  -3.49167e-06   4.54758e-07   1.05613e-06  -2.15305e-06  -3.13106e-06  -1.96323e-06   3.33202e-06
   8.48396e-06   1.03675e-05   5.45592e-06   7.04729e-07  -1.57396e-06   2.30316e-06   6.38801e-06
   8.16207e-06   4.77113e-06  -2.69474e-07  -4.74584e-06  -6.05232e-06  -3.95295e-06  -7.48326e-07
   1.97389e-06   2.11033e-06   1.41955e-06  -1.29559e-06  -3.50863e-06  -4.61427e-06  -5.62584e-06
  -5.25380e-06  -4.21282e-06  -2.19043e-06  -6.05855e-07  -8.31146e-07  -2.05819e-06  -7.92354e-07
   8.19312e-07   1.81773e-06   1.16813e-06   1.18819e-06   3.44405e-06   6.76942e-06   6.20014e-06
   5.38066e-07  -4.97105e-06  -4.91878e-06   1.55755e-06   7.09557e-06   5.90381e-06  -5.85292e-07
  -6.40562e-06  -8.18245e-06  -4.59374e-06   2.67771e-06   7.05620e-06   5.33418e-06   7.54742e-07
  -2.12499e-06  -2.11739e-06  -5.90093e-07   1.02709e-06   8.50863e-08  -1.53278e-06  -1.48312e-06
  -1.19475e-06  -1.08015e-06  -1.23574e-06  -1.26719e-06  -1.05314e-06  -1.10588e-06  -5.36433e-07
   1.36773e-06   4.69009e-06   7.36266e-06   8.23126e-06   5.86924e-06   8.17472e-07  -3.28892e-06
  -4.68438e-06  -2.79655e-06  -8.06088e-07   5.36286e-09  -1.29323e-06  -4.30428e-06  -5.37480e-06
  -3.83017e-06  -1.99034e-06  -4.39448e-07   1.24578e-06   1.70413e-06   1.43869e-06   2.14287e-06
   2.44791e-06   1.64381e-06  -5.87054e-07  -3.10967e-06  -4.31218e-06  -3.70216e-06  -2.15461e-06
  -1.20117e-06  -5.35702e-07   1.51691e-06   3.31260e-06   2.89442e-06   1.04514e-06  -2.61082e-07
   7.30372e-07   3.68333e-06   5.24232e-06   4.14902e-06   1.01027e-06  -1.60641e-06  -1.60674e-06
  -2.19676e-07   2.03959e-07  -8.63252e-07  -3.24819e-06  -5.14919e-06  -3.91220e-06   3.75471e-07
   5.85980e-06   8.35625e-06   4.24583e-06  -3.05830e-06  -7.62308e-06  -6.45714e-06  -9.77493e-07
   4.25785e-06   4.77250e-06   1.10530e-06  -2.06787e-06  -2.19863e-06  -4.18985e-07   1.38343e-06
   1.72850e-06   6.36766e-07  -4.82279e-07  -1.30263e-06  -7.96889e-07   1.37227e-06   3.00852e-06
   1.81664e-06  -1.49539e-06  -3.98394e-06  -3.99888e-06  -3.45261e-06  -2.43740e-06  -1.62425e-07
   2.94464e-06   4.77499e-06   2.81557e-06  -1.93130e-06  -5.77511e-06  -6.26517e-06  -3.23419e-06
   1.65542e-06   5.74011e-06   6.86511e-06   4.31180e-06   2.02257e-08  -3.43225e-06  -4.19932e-06
  -1.57721e-06   1.98175e-06   2.96835e-06   1.60662e-06  -2.18845e-07  -2.20204e-07   2.34723e-06
   4.97977e-06   5.18710e-06   2.59904e-06  -1.42358e-06  -3.74103e-06  -3.54962e-06  -2.46498e-06
  -2.20789e-06  -3.30591e-06  -3.87056e-06  -2.43219e-06   1.11694e-06   4.85939e-06   6.21873e-06
   4.44765e-06   1.44609e-06  -1.23485e-06  -2.93480e-06  -3.91153e-06  -3.90943e-06  -2.62044e-06
  -8.88612e-07  -5.65888e-07  -6.20442e-07   1.26288e-06   4.43063e-06   5.48004e-06   2.16819e-06
  -3.80492e-06  -7.66071e-06  -5.75027e-06   1.24804e-07   3.56196e-06   1.73799e-06  -2.72334e-06
  -5.33609e-06  -3.64357e-06   1.08913e-06   4.70592e-06   5.01138e-06   3.59561e-06   2.74522e-06
   2.93676e-06   2.76171e-06   5.19564e-07  -2.63802e-06  -3.24063e-06  -6.87886e-08   3.98713e-06
   5.70098e-06   3.29066e-06  -1.67270e-06  -5.59026e-06  -6.07788e-06  -3.17014e-06   1.44599e-06
   4.74614e-06   4.45421e-06   1.10237e-06  -3.28109e-06  -5.53693e-06  -3.02691e-06   3.06091e-06
   7.54084e-06   6.47794e-06   5.82607e-07  -6.71554e-06  -1.10211e-05  -9.10513e-06  -2.72134e-06
   3.61993e-06   6.23922e-06   4.01378e-06  -8.44967e-07  -5.01930e-06  -5.72316e-06  -2.01810e-06
   4.25282e-06   8.64171e-06   7.43074e-06   1.33956e-06  -5.48216e-06  -8.70322e-06  -6.31712e-06
   8.21775e-08   6.02837e-06   7.35170e-06   3.57210e-06  -1.57015e-06  -4.02136e-06  -2.18526e-06
   2.36112e-06   5.82496e-06   5.52625e-06   2.15207e-06  -1.98274e-06  -4.70005e-06  -4.40203e-06
  -1.77295e-06   8.32169e-07   1.19008e-06  -9.47982e-07  -2.82073e-06  -1.79318e-06   1.09161e-06
   2.97578e-06   3.11324e-06   2.41899e-06   1.38823e-06  -2.25882e-07  -2.17651e-06  -3.20381e-06
  -2.82036e-06  -1.32069e-06   6.12256e-07   1.90952e-06   1.41948e-06  -4.14004e-08  -7.18309e-07
   4.36083e-07   1.87072e-06   1.02826e-06  -1.82690e-06  -3.60655e-06  -2.89979e-06  -9.71910e-07
   8.15509e-07   1.47115e-06   4.95658e-07  -9.62674e-07  -7.54777e-07   1.00375e-06   2.21760e-06
   1.87555e-06   1.15501e-06   1.09937e-06   1.04017e-06  -1.46608e-07  -1.86513e-06  -2.27321e-06
  -5.85040e-07   1.67496e-06   2.34632e-06   1.08108e-06  -1.14310e-06  -2.40662e-06  -1.88822e-06
  -1.93098e-07   1.72389e-06   2.67018e-06   1.62957e-06  -1.03827e-06  -4.21228e-06  -5.47017e-06
  -2.57545e-06   3.31261e-06   7.79507e-06   6.64906e-06   4.48468e-07  -5.44390e-06  -6.49638e-06
  -3.26360e-06   8.26559e-07   3.20590e-06   3.19813e-06   1.59172e-06  -2.31007e-07  -1.56814e-06
  -2.37844e-06  -2.66022e-06  -1.12328e-06   2.47694e-06   5.62749e-06   5.08717e-06   5.04759e-07
  -4.91889e-06  -7.49817e-06  -5.73408e-06  -8.50041e-07   3.79593e-06   5.39790e-06   3.47759e-06
  -7.20700e-08  -1.91681e-06  -8.14637e-07   6.30249e-07   5.06891e-08  -1.56192e-06  -1.58001e-06
   6.53719e-07   2.71128e-06   2.93239e-06   1.70200e-06  -4.17364e-07  -2.56690e-06  -3.37408e-06
  -2.07568e-06   3.36381e-07   1.89157e-06   2.27671e-06   2.96009e-06   3.64413e-06   2.04256e-06
  -2.00252e-06  -5.41693e-06  -5.36846e-06  -2.29634e-06   1.21163e-06   2.74985e-06   1.49668e-06