       3
(7e14.5)
     0.0000e+00     0.0000e+00      0  0  0.00
     300   1.00000  0.0000e+00
  -3.21208e-05  -3.02273e-05  -6.74529e-06   6.55952e-06  -4.34548e-06  -1.57535e-05  -1.91619e-06
   2.73773e-05   3.88645e-05   2.15090e-05  -6.24672e-07  -4.74939e-06   8.74089e-06   2.27342e-05
   1.94341e-05  -2.52793e-06  -2.92639e-05  -3.85079e-05  -2.55452e-05  -1.32428e-07   2.99187e-05
   5.26678e-05   5.32005e-05  -2.21147e-05  -1.38353e-04  -2.18976e-04  -3.01696e-04  -1.51392e-04
   7.92291e-05   3.73805e-04   5.78798e-04   5.14414e-04   2.17698e-04  -2.62010e-04  -5.01546e-04
  -4.70037e-04  -1.37934e-04   6.62672e-05   9.49895e-05  -8.80578e-05  -1.90879e-04  -5.55537e-05
   2.10490e-04   2.91226e-04   8.35186e-05  -1.07617e-04  -1.16269e-04   6.20996e-05   2.03284e-04
   6.61940e-05  -1.38731e-04  -9.58484e-05   1.18024e-04   1.02084e-04  -1.27843e-04  -1.83736e-04
   2.08303e-05   1.51611e-04   2.97946e-06  -1.47052e-04  -2.27065e-05   1.42019e-04  -1.31562e-05
  -5.19015e-05   6.26164e-05   1.66162e-05  -2.21512e-05   2.64589e-05   1.14787e-05  -3.22898e-05
  -1.82558e-05   1.06971e-05   1.56816e-05  -2.44386e-05  -2.61673e-05  -6.96986e-06  -1.62330e-05
  -7.11590e-06  -1.28657e-05   1.17763e-05   3.01980e-05   3.14256e-05   1.30813e-05  -2.72231e-05
  -3.17073e-05  -2.61197e-05   8.36827e-07   2.50549e-05   8.46204e-06  -2.11334e-05  -3.19333e-05
  -2.73769e-05  -1.32524e-07   1.49609e-05   4.25053e-05   3.49534e-05   2.23606e-05   1.13769e-05
  -6.21275e-06  -1.09854e-05   1.67894e-05   1.26244e-05  -2.13303e-05  -3.73979e-05  -2.09378e-05
   8.47375e-06   1.38811e-05  -5.86508e-06  -1.14555e-05   6.64782e-06   2.03482e-05   2.31323e-05
   2.68547e-05  -1.14870e-06  -2.10027e-05  -4.89073e-06   1.80405e-05   7.04231e-06  -9.11612e-08
  -1.28050e-05  -2.29568e-05  -1.62061e-05  -1.25946e-05  -1.02710e-05   2.16017e-06   1.53358e-05
   1.41181e-05  -5.09679e-06  -6.81997e-06   1.33605e-05   3.25958e-05   1.60642e-05  -1.97337e-05
  -3.99875e-05  -1.84648e-05   1.47186e-05   1.45754e-05   2.10421e-06  -7.28862e-06  -2.11567e-05
  -2.08877e-05  -3.23157e-06   1.71897e-05   1.21646e-05  -9.83237e-06  -2.64122e-05  -1.40544e-05
   1.64166e-05   3.35447e-05   2.48501e-05   9.58469e-07  -3.89370e-06   4.85370e-06   3.44462e-06
   9.74622e-07  -3.64324e-06  -9.32811e-06  -1.32159e-05   3.24701e-07   6.70529e-06   7.14379e-06
  -4.31284e-06  -4.27839e-06   1.08929e-05   2.28634e-05   1.84628e-05  -5.53450e-06  -2.61303e-05
  -2.01063e-05  -1.69106e-06   7.54193e-06   5.31249e-06  -4.40750e-06  -7.17514e-06   9.80177e-06
   1.84087e-05   8.14400e-06  -6.44050e-06  -2.09764e-05  -1.90681e-05  -3.54906e-06   1.67126e-05
   1.82045e-05   7.78537e-06  -5.35008e-06  -1.65054e-05  -1.48075e-05   3.15298e-07   8.70297e-06
   7.93274e-06   4.87296e-06  -7.70856e-06  -2.20748e-05  -1.66347e-05   1.44117e-05   2.09141e-05
  -1.04760e-07  -1.57493e-05  -3.21460e-06   1.91477e-05   1.30111e-05  -4.86448e-06  -5.13584e-06
   3.02529e-06   8.98556e-06   2.50386e-06  -8.15973e-06  -1.54178e-05  -1.41029e-05  -1.05794e-05
   8.86683e-07   7.09540e-06   8.10813e-07  -5.61797e-06   3.82035e-06   1.80834e-05   2.32391e-05
   1.77896e-05   1.78537e-05   1.73401e-05  -1.30958e-05  -4.57080e-05  -4.29058e-05  -6.35034e-06
   2.43618e-05   2.79758e-05   6.01626e-06  -1.55395e-05  -2.05358e-05  -2.37923e-07   2.04581e-05
   1.70266e-05   9.88785e-06  -8.59483e-07  -1.88993e-05  -2.11242e-05  -2.90236e-06   9.64345e-06
   8.22015e-06  -6.93889e-06  -1.47099e-05  -3.98985e-06   2.19500e-05   2.37825e-05  -2.37182e-07
  -1.17342e-05   8.58172e-07   4.22480e-06  -9.67180e-07  -2.22077e-06   5.76118e-06   1.40613e-05
   7.34473e-06  -1.24954e-05  -2.49466e-05  -2.10704e-05  -1.01822e-05  -1.17594e-05  -1.83646e-05
  -1.18711e-05   1.36512e-05   3.80739e-05   3.90811e-05   1.62063e-05  -1.34530e-05  -3.12667e-05
  -2.55634e-05  -2.33445e-06   1.89539e-05   1.64269e-05   1.52187e-06  -3.17532e-06  -1.62056e-06
  -2.69653e-08  -5.74621e-07   1.83466e-06   2.23060e-06   4.13994e-06   5.87548e-06   1.99441e-06
   2.53672e-06   5.39246e-06   7.95260e-06   7.84557e-06  -3.89271e-06  -1.26967e-05  -8.70419e-06
   1.59139e-06   4.10166e-06  -9.73981e-07  -3.04715e-06  -5.56836e-06  -1.22834e-05  -1.64799e-05
  -5.57847e-06   1.08342e-05   1.79673e-05   1.32423e-05   2.63797e-06  -1.05734e-05
     0.0000e+00     0.0000e+00      0  0  0.00
     300   1.00000  0.0000e+00
   1.14826e-06   1.77482e-06  -5.64687e-06  -6.65678e-06  -5.75452e-07  -1.93965e-06  -1.54006e-05
  -2.74444e-05  -2.26559e-05  -2.63633e-06   1.45535e-05   1.46256e-05   4.96941e-07  -1.33875e-05
  -1.34498e-05  -1.72970e-05  -4.62155e-05  -9.12461e-05  -1.14356e-04  -6.06090e-05   7.17052e-05
   2.12428e-04   2.51675e-04   1.40221e-04  -1.02341e-05  -1.01917e-04  -3.08805e-05   1.08593e-05
  -4.83956e-05  -1.52903e-04  -1.56755e-04   3.97569e-06   1.10719e-04   1.18379e-04   7.04727e-05
   5.32818e-05  -2.47810e-05  -1.46730e-04  -1.48076e-04  -4.58551e-05   6.99171e-06   3.13371e-05
   6.80469e-05  -1.84615e-05   1.26740e-05   1.83198e-04   9.89612e-05  -4.27237e-05  -2.20721e-05
   5.20136e-06  -2.42642e-05  -1.65888e-05  -1.99934e-05  -9.63479e-05   2.07998e-06   7.38273e-05
  -7.07305e-05  -8.83759e-05   5.70859e-05   1.12767e-05  -2.15519e-05   2.96537e-05   2.52737e-07
   6.01889e-05  -1.89586e-06  -5.47116e-05   2.38569e-05  -3.39455e-05  -5.52517e-06   8.31992e-05
   1.81961e-05  -1.50419e-05  -1.51049e-05  -1.45278e-05   3.19959e-05  -1.49560e-05  -2.18799e-05
   1.39878e-05  -1.25904e-06   3.04071e-05  -1.02155e-05   2.04580e-05   1.81520e-05  -5.90744e-06
  -2.68194e-05  -3.19775e-05  -1.78120e-05  -1.12732e-05  -7.38999e-06  -9.01069e-06  -1.63441e-05
  -7.38433e-06  -3.60927e-06   1.28867e-05   1.64506e-05   1.48976e-05   4.14450e-06  -9.60241e-06
   2.81871e-07  -1.00246e-05  -1.50898e-05  -3.87032e-06   1.34765e-05   4.63270e-06  -8.48949e-06
  -1.69338e-05  -8.56765e-06   1.75235e-05   3.47951e-05   1.74247e-05   5.88754e-06  -1.55906e-06
   4.68670e-06   2.81794e-05   3.05605e-05   9.25468e-06  -5.08325e-06  -1.31249e-05  -1.25435e-05
  -1.03707e-05  -7.41855e-06  -4.75957e-06  -8.34458e-06  -6.28170e-06   7.59177e-06   1.22183e-05
   8.57932e-06   1.13790e-05   6.62719e-06  -7.75352e-06  -3.06812e-05  -2.53520e-05   7.11857e-06
   2.67305e-05   7.95214e-06  -2.39555e-05  -3.99614e-05  -2.04431e-05   9.07518e-07   2.25032e-05
   2.91995e-05   1.89852e-05  -3.83494e-07  -1.38106e-05  -1.10537e-05   2.63886e-06   1.56000e-06
  -2.80264e-06  -5.33726e-06  -5.09432e-06  -1.01084e-05  -3.28591e-05  -4.17343e-05  -1.14251e-05
   2.08741e-05   3.44021e-05   2.31594e-05   1.73153e-05   6.57115e-06  -6.50488e-06  -1.52586e-05
  -2.77204e-06   2.59541e-05   3.44090e-05   1.42733e-05  -1.83854e-05  -2.83453e-05  -1.71404e-05
  -1.09882e-05  -1.49676e-05   2.13454e-06   2.93771e-05   2.83398e-05   1.05005e-05   4.44359e-07
   6.90069e-06   8.31665e-06   6.80665e-06   1.67501e-05   1.81651e-05  -2.89251e-06  -1.52808e-05
  -1.81923e-05  -2.18085e-05  -1.87704e-05  -5.18591e-06   2.81241e-06  -6.26587e-06  -1.47584e-05
  -8.44631e-06   6.76791e-06   1.92828e-05   2.35570e-05   1.24288e-05  -7.30400e-06  -1.28968e-05
  -4.98593e-06   1.03805e-06   2.26425e-06  -5.82155e-06  -1.40409e-05  -1.12546e-05  -7.06203e-06
  -4.60736e-06  -9.79834e-06  -9.61070e-06   4.39871e-06   2.75861e-05   2.95053e-05   7.04349e-06
  -6.05358e-06   6.01782e-07   4.43400e-06  -1.22359e-06  -1.28224e-05  -2.00875e-05  -1.79715e-05
  -1.63176e-05  -1.42565e-05  -6.21323e-06   1.18725e-06   6.15008e-06   1.63653e-05   1.84340e-05
   7.95305e-06   3.56962e-06   1.20054e-05   3.10085e-05   2.77218e-05  -7.42599e-06  -1.98215e-05
  -6.06125e-06   6.77813e-06   3.82566e-06  -9.61110e-06  -1.98230e-05  -2.52747e-05  -1.58108e-05
   9.82075e-06   2.21792e-05   1.77856e-05   2.48339e-05   2.39885e-05   5.29374e-06  -3.96275e-06
   1.08560e-05   1.67441e-05   8.03100e-07  -8.08417e-06  -2.03906e-05  -3.75948e-05  -3.58682e-05
  -1.87759e-05   1.68533e-06   1.93147e-05   1.49119e-05  -1.46492e-06  -1.28273e-05  -2.26271e-05
  -3.30410e-05  -2.40598e-05   1.19908e-06   2.92354e-05   4.38676e-05   3.45720e-05   9.57224e-06
  -1.51452e-05  -2.83330e-05  -2.05709e-05   1.90066e-06   2.18116e-05   1.72248e-05  -7.38766e-06
  -1.43004e-05   7.60775e-06   1.34345e-05  -8.92241e-06  -2.08470e-05   1.52088e-06   3.20018e-05
   3.51341e-05   9.37917e-06  -1.42855e-05  -1.47336e-05  -7.69606e-06  -9.47779e-06  -8.80786e-06
   4.43087e-06   1.44085e-05   4.80363e-06  -1.75490e-05  -2.35719e-05  -1.31622e-05   3.26008e-06
   1.78406e-05   2.20029e-05   1.25013e-05   6.33468e-07  -4.65679e-06  -7.84891e-06
     0.0000e+00     0.0000e+00      0  0  0.00
     300   1.00000  0.0000e+00
  -1.02432e-06  -7.19618e-06  -8.94369e-06  -2.84320e-06   7.76089e-06   1.51837e-05   1.34074e-05
   4.08557e-06  -3.35340e-06  -4.59463e-06  -3.64644e-06  -4.64138e-06  -7.11649e-06  -7.88260e-06
  -5.12631e-06  -1.43870e-05  -1.33550e-05  -1.41003e-05  -1.19611e-06   4.75354e-05   9.72691e-05
   1.09449e-04   7.24304e-05   6.28860e-06  -3.11442e-05  -3.06651e-05  -5.78292e-05  -1.27999e-04
  -2.05363e-04  -1.89911e-04  -9.19893e-05   1.01395e-05   5.97809e-05   1.31538e-04   2.29558e-04
   2.43015e-04   1.18313e-04   2.50872e-05   2.57947e-05  -3.25339e-05  -1.52873e-04  -1.36289e-04
  -7.11506e-05  -8.43086e-05  -5.74339e-05   1.44780e-05   2.32648e-05   9.61760e-06   6.21332e-06
   1.82624e-05   4.12124e-05   1.67815e-05   3.57048e-05   4.12622e-05   4.25797e-07  -7.26723e-07
   1.57825e-05  -1.91408e-05  -3.39919e-06  -9.47198e-06  -3.77764e-05  -1.58445e-05   7.02892e-07
  -1.66627e-05   1.14506e-05   2.79881e-05   1.08711e-06   4.80342e-06  -8.40510e-06  -2.31972e-05
   2.19589e-05  -1.47366e-05   1.49598e-05   1.54997e-05  -5.37809e-06   2.31321e-05  -7.49188e-06
   4.89682e-06  -1.68192e-05  -1.52639e-05   6.22713e-06  -6.26348e-06   9.85532e-06  -1.20119e-06
   1.55556e-06  -1.18850e-05  -5.98355e-06  -3.42402e-06   1.22507e-05   1.60385e-05   6.01569e-06
  -2.69451e-06  -1.16746e-05  -1.24951e-05  -2.36346e-06   7.95644e-07   9.81641e-06   7.81041e-06
   6.02708e-07  -8.50646e-06  -3.66224e-06  -9.11863e-06  -4.29050e-06   1.07373e-06   5.32381e-06
   1.30327e-06   6.24496e-06   7.57469e-06   9.34695e-06   5.27975e-07  -8.42636e-06  -4.69002e-06
  -8.63525e-07  -1.64376e-06   5.91374e-07   6.89697e-07  -4.17454e-06  -5.76147e-06   4.33537e-06
   2.55920e-06   7.45147e-07   8.86560e-08  -1.23941e-06  -2.89522e-06   4.23951e-06   6.62227e-06
   4.62297e-07  -5.00938e-06  -1.18415e-06   3.20702e-06   1.31420e-06  -4.75187e-06  -9.56554e-06
  -5.02637e-06   4.86368e-06   1.63384e-05   1.60533e-05  -3.45987e-08  -1.55813e-05  -1.45121e-05
  -5.30534e-06   5.86402e-06   1.38201e-05   1.14656e-05  -3.08503e-06  -1.38150e-05  -1.80791e-05
  -1.10617e-05   9.61132e-06   1.84596e-05   1.78901e-05   6.05247e-06  -8.75106e-06  -9.47078e-06
  -5.59252e-06  -3.36920e-06  -1.04161e-07   9.20715e-07  -1.93011e-06  -4.73777e-06   1.47263e-06
   4.71912e-06   8.66868e-07  -2.88376e-06   8.46313e-06   1.53422e-05   1.45646e-05   4.12572e-06
  -1.16310e-05  -1.85740e-05  -1.33654e-05  -2.48620e-06   5.89524e-06   2.32756e-06  -2.11402e-06
  -8.19772e-06  -7.96790e-06   2.22768e-06   1.15431e-05   1.13859e-05   9.83977e-08  -1.09609e-05
  -7.55228e-06   4.93151e-06   1.33971e-05   5.72106e-06  -2.79453e-06  -1.08648e-05  -1.03367e-05
  -1.71497e-06   1.94155e-06   3.72956e-06   1.70806e-06  -1.60532e-07   2.39931e-06   4.98482e-06
   2.55908e-06   2.90491e-06  -3.51653e-07  -4.04756e-06  -1.61961e-07   4.04449e-06   3.92718e-06
   2.11553e-06   1.44738e-06  -2.29822e-06  -7.07691e-07  -4.24358e-07  -4.71168e-06  -1.05696e-05
  -1.17543e-05  -5.14953e-06   4.10641e-06   1.42150e-05   1.60662e-05   8.56381e-06   7.07696e-07
  -2.57231e-06  -7.64787e-07   1.64029e-06  -2.12074e-06  -1.21173e-05  -1.52096e-05  -9.27127e-06
  -2.32652e-06  -1.06761e-06  -9.84892e-07  -3.39763e-07   2.58707e-06   8.00210e-06   1.16815e-05
   1.13345e-05   9.50172e-06   8.67556e-06   8.44233e-06  -9.69795e-07  -1.30076e-05  -1.63316e-05
  -1.59346e-05  -1.03309e-05  -6.43124e-06   1.00692e-06   9.92650e-06   9.40234e-06   2.13511e-06
  -4.88252e-06  -3.09262e-06   8.40669e-06   1.81143e-05   1.36730e-05   7.10778e-08  -1.19191e-05
  -1.02276e-05  -1.82911e-06   2.64708e-06   1.79004e-06  -5.08177e-06  -7.56044e-06  -4.77703e-06
  -3.46831e-06  -2.76310e-06  -4.13042e-06  -2.85131e-06   4.51621e-06   1.51137e-05   2.02787e-05
   1.37857e-05  -1.11015e-06  -1.24032e-05  -1.63725e-05  -1.17352e-05  -2.10715e-06   7.08453e-06
   8.16487e-06   2.67869e-06  -5.11771e-06  -1.11511e-05  -7.43573e-06   8.98709e-07   4.99219e-06
   5.97521e-06   9.60062e-06   1.19962e-05   6.75434e-06  -8.92849e-07  -7.63462e-06  -1.12258e-05
  -8.62530e-06  -1.06458e-06   6.14782e-06   8.29514e-06   2.33261e-06  -5.91525e-06  -5.69397e-06
  -2.29452e-06  -1.64036e-06  -1.88075e-06  -2.27163e-06   1.15503e-06   7.76844e-06