       3
(7e14.5)
     0.0000e+00     0.0000e+00      0  0  0.00
     300   1.00000  0.0000e+00
  -1.26189e-05  -2.17128e-05  -1.59192e-05  -2.34976e-06   8.77355e-06   1.43785e-05   1.42149e-05
   7.74706e-06  -2.76709e-06  -1.41072e-05  -2.08701e-05  -1.66377e-05  -1.48429e-06   1.79522e-05
   2.95719e-05   2.21888e-05   1.43503e-07  -1.82135e-05  -1.96009e-05  -5.68330e-06   1.03061e-05
   1.35497e-05   1.47119e-06  -1.21434e-05  -9.91511e-06   8.11300e-06   2.26828e-05   1.65950e-05
  -3.65421e-06  -1.60165e-05  -1.03312e-05   3.31786e-06   9.76348e-06   4.17136e-06  -6.35647e-06
  -1.04844e-05  -5.86137e-06  -1.05532e-06  -2.98609e-06  -7.45388e-06  -4.91677e-06   6.45743e-06
   1.29676e-05   6.88554e-06  -8.13726e-06  -1.71526e-05  -1.45755e-05   5.51615e-07   1.98258e-05
   3.08618e-05   2.51243e-05   5.61587e-06  -1.38460e-05  -2.50455e-05  -2.14210e-05  -7.37384e-06
   6.64391e-06   7.88351e-06  -1.36359e-06  -9.78236e-06  -9.19392e-06  -1.75686e-06   1.45906e-05
   3.29756e-05   7.52301e-05   4.76497e-05  -1.60773e-06   1.70673e-06  -4.20004e-05  -7.61346e-05
  -7.98066e-05  -1.07672e-04  -1.22749e-04  -9.60036e-05  -6.12559e-05   3.14089e-05   1.33661e-04
   2.35873e-04   2.90319e-04   2.51013e-04   1.44679e-04  -3.66501e-05  -2.01741e-04  -3.11231e-04
  -2.86107e-04  -1.61222e-04   1.31815e-05   1.30352e-04   1.53657e-04   8.89263e-05  -6.08092e-06
  -6.99337e-05  -6.01634e-05   1.67314e-05   1.08520e-04   1.22492e-04   5.17936e-05  -6.22361e-05
  -1.17543e-04  -8.85063e-05   3.54029e-06   7.17386e-05   7.36712e-05   1.37995e-06  -6.87460e-05
  -8.31011e-05  -9.76166e-06   6.35640e-05   6.60475e-05   2.01796e-06  -5.93365e-05  -6.14209e-05
  -6.56099e-06   5.48477e-05   5.64297e-05  -5.03355e-06  -5.39476e-05  -3.91505e-05   1.89761e-05
   6.12261e-05   4.21191e-05  -1.80034e-05  -4.81536e-05  -1.15343e-05   3.53005e-05   3.51511e-05
  -1.85265e-05  -6.08811e-05  -3.17991e-05   3.51188e-05   6.56422e-05   2.43325e-05  -3.74432e-05
  -4.28252e-05  -3.40302e-06   2.35537e-05   6.84970e-06  -1.94147e-05   4.22781e-07   4.60413e-05
   4.13899e-05  -2.72259e-05  -8.22459e-05  -4.90369e-05   2.13232e-05   4.88109e-05   2.25234e-05
   1.23179e-06   1.44563e-05   2.20123e-05  -1.60580e-05  -5.78705e-05  -3.54506e-05   2.56565e-05
   4.00452e-05  -6.62788e-06  -2.65826e-05   1.82828e-05   4.78161e-05  -2.44614e-06  -4.61339e-05
  -1.41420e-05   3.15405e-05   1.47049e-05  -2.53018e-05  -1.21874e-05   1.64570e-05  -5.07949e-06
  -3.32288e-05  -3.85550e-06   2.19363e-05   2.96381e-06   3.45311e-06   3.00539e-05   1.58399e-05
  -1.43092e-05  -1.63832e-05  -1.14363e-05  -7.96467e-06   1.29854e-05   1.64090e-05   3.02439e-06
  -2.73470e-06  -1.05296e-05  -8.69626e-06   1.30168e-06   6.30547e-06   1.05431e-05   3.53773e-06
   6.64009e-07  -3.91727e-06  -1.56587e-05  -1.95546e-05   6.25189e-07   2.21558e-05   2.43918e-05
   1.12522e-05  -1.14013e-05  -2.71086e-05  -1.67771e-05   5.86295e-06   1.90193e-05   1.50015e-05
  -1.10224e-06  -1.14543e-05  -8.81383e-06  -4.69847e-06  -1.05244e-05  -1.54282e-05  -2.82965e-06
   1.18064e-05   6.96708e-06  -2.62304e-07   1.11284e-05   1.67340e-05   1.07692e-06  -6.48548e-06
  -2.09053e-06   1.15894e-06   5.71388e-08  -4.21010e-06  -1.22055e-05  -7.51321e-06   3.68685e-06
   5.63680e-06   1.50874e-06   3.69272e-06   1.06354e-05   1.05787e-05  -8.23763e-07  -9.76344e-06
  -1.29200e-05  -1.23590e-05   2.51147e-06   2.02813e-05   2.05291e-05   7.29245e-06   4.48059e-06
  -2.80156e-06  -2.48345e-05  -3.04367e-05  -8.52230e-06   1.09945e-05   1.10826e-05   7.66849e-06
  -3.62008e-06  -1.52846e-05  -7.39855e-06   1.17328e-05   1.59635e-05   5.79262e-06   5.46641e-07
  -1.19522e-06   2.82938e-06   1.27274e-05   1.03466e-05  -7.53748e-06  -1.72539e-05  -1.64779e-05
  -1.40532e-05  -9.61320e-06   1.07277e-06   1.08520e-05   1.21930e-05   1.34451e-05   1.49329e-05
   1.20136e-05  -1.99229e-06  -2.18167e-05  -2.38766e-05  -6.56063e-06   1.20766e-05   2.09719e-05
   1.09016e-05  -1.03856e-05  -1.87832e-05  -1.19926e-05   2.02859e-06   1.34456e-05   1.35687e-05
   8.29764e-06   5.01405e-06   2.46350e-06  -4.54943e-07  -2.98315e-06  -4.96494e-06  -6.02023e-06
  -6.49388e-06  -4.67915e-06  -4.01137e-06  -1.30965e-05  -2.35023e-05  -1.64515e-05   7.06536e-06
   2.79005e-05   3.01638e-05   1.52685e-05   1.40574e-07  -7.71511e-06  -6.46022e-06
     0.0000e+00     0.0000e+00      0  0  0.00
     300   1.00000  0.0000e+00
   4.50101e-06   7.69320e-06   5.88140e-06   4.64595e-08  -5.53859e-06  -7.21442e-06  -6.23029e-06
  -4.72317e-06   3.33571e-07   9.09895e-06   1.30837e-05   4.84352e-06  -1.14736e-05  -2.04582e-05
  -1.09125e-05   7.78909e-06   1.59516e-05   7.64299e-06  -4.49006e-06  -6.65067e-06  -3.45904e-07
   4.06265e-06   1.60333e-06  -2.35561e-06  -2.60374e-06   4.12320e-08   3.64711e-06   1.10104e-05
   1.54287e-05   3.73500e-06  -1.81371e-05  -2.77529e-05  -1.61491e-05   5.21840e-06   1.93267e-05
   1.64261e-05   1.56794e-06  -1.03236e-05  -1.09979e-05  -6.11144e-06   1.15877e-06   9.61093e-06
   9.27499e-06   1.42830e-05   1.61142e-05   6.42910e-06  -7.92357e-06  -2.35793e-05  -3.32049e-05
  -3.27767e-05  -2.05455e-05  -3.51879e-06   1.10738e-05   2.28416e-05   3.31925e-05   3.95729e-05
   3.36396e-05   1.25799e-05  -1.33125e-05  -2.80004e-05  -2.09361e-05  -1.10803e-07   1.56019e-05
   8.86142e-06  -1.30217e-05  -2.50482e-05  -2.04522e-05  -1.83206e-05   1.56369e-05   3.11839e-05
  -1.00378e-06  -1.60427e-05  -1.72726e-05  -7.58875e-06   2.22747e-05   2.71458e-05   2.43824e-05
   2.14523e-05   1.60498e-05   4.01696e-06  -3.68840e-05  -8.07654e-05  -1.14857e-04  -9.15145e-05
  -3.23463e-05   5.41110e-05   1.40280e-04   1.86935e-04   1.79393e-04   9.14030e-05  -3.66600e-05
  -1.45144e-04  -1.60752e-04  -1.11312e-04  -4.14039e-05  -1.49397e-05  -3.65024e-06   8.37089e-06
   2.85441e-05   3.49331e-05   3.91060e-05   3.73813e-05   3.16034e-05   5.36252e-06  -5.26097e-06
  -2.34140e-06   4.31596e-07  -1.20653e-05  -2.35370e-05   1.24205e-06   1.84310e-05   1.77409e-06
  -2.10246e-05  -1.94750e-05  -1.03535e-05  -1.85323e-05  -8.37984e-06   1.35270e-05   2.13684e-05
   2.77924e-05   1.62865e-05  -1.80802e-05  -2.67833e-05  -6.79932e-07   8.64635e-06   1.01419e-05
   2.13425e-06  -1.70532e-05  -1.97582e-05  -4.69410e-06   5.82445e-06   1.84465e-05   1.96020e-05
   1.50297e-05   1.56921e-05   1.45733e-05  -5.51406e-06  -2.08144e-05  -2.54935e-05  -1.25261e-05
   2.58855e-06   8.87401e-06   9.20046e-06  -4.40089e-07  -1.03932e-05  -1.65631e-06   3.67360e-06
  -7.43920e-07   7.16719e-06   2.13658e-05   1.10271e-05  -2.11468e-05  -2.71843e-05  -2.13686e-06
   1.48094e-05   9.30941e-06  -1.15185e-06  -6.44442e-06  -8.07951e-06  -1.46745e-05  -1.86236e-05
  -5.32411e-06   2.42342e-05   4.18108e-05   2.22545e-05  -8.39781e-06  -1.81852e-05  -2.33427e-05
  -1.83821e-05  -2.28789e-06   6.70007e-06   6.24419e-06   6.16900e-06   1.01402e-05   7.96611e-06
  -2.20491e-06  -1.45222e-05  -1.03414e-05  -2.77058e-06  -5.66065e-06  -4.91152e-06   3.97839e-06
   1.20553e-05   1.64909e-05   1.22087e-05  -3.62401e-06  -1.70806e-05  -1.24766e-05  -8.01397e-07
   6.75749e-06   1.57848e-05   2.19575e-05   4.50644e-06  -1.86934e-05  -1.90934e-05  -2.73955e-06
   1.19331e-05   5.75985e-06  -1.56393e-05  -1.93838e-05  -1.46412e-06   2.42325e-05   2.61681e-05
   8.67071e-06   2.08781e-06   8.10666e-06   1.23383e-06  -1.19348e-05  -1.71169e-05  -1.84796e-05
  -1.53954e-05  -1.00199e-05   4.77395e-06   1.84841e-05   9.58580e-06  -1.63697e-07   3.47515e-06
   3.14993e-06  -2.59827e-06  -3.00884e-06  -5.17648e-06   6.94250e-06   2.04318e-05   3.82723e-06
  -2.13629e-05  -3.07253e-05  -1.95725e-05   2.29862e-06   1.68192e-05   2.39856e-05   1.76012e-05
  -9.41222e-06  -2.26988e-05  -1.99711e-05  -4.01328e-06   1.62526e-05   2.81075e-05   2.22216e-05
  -2.26895e-06  -1.79209e-05  -9.50555e-06  -7.29417e-07  -7.97381e-06  -1.14561e-05  -1.77475e-06
   6.60615e-06  -6.45135e-07  -1.24693e-05  -4.55410e-06   9.78829e-06   1.60703e-05   2.01538e-05
   1.79011e-05   6.15479e-06  -5.06947e-06  -9.25965e-06  -1.19882e-05  -1.16844e-05  -2.62199e-06
   6.26873e-06   1.03484e-05   6.00878e-06  -3.11992e-06  -7.54962e-06   5.85677e-07   8.18507e-06
   9.53101e-07  -8.47974e-06  -8.29079e-06  -8.87441e-07   7.72177e-06   3.12263e-06  -1.63561e-05
  -2.05045e-05  -5.61573e-06   8.00416e-06   1.06111e-05   8.93155e-06   8.57971e-06   7.83400e-06
   1.19640e-06  -7.63833e-06  -7.64054e-06  -9.06558e-07   3.79822e-06  -3.19773e-07  -9.07108e-06
  -1.30607e-05  -6.16859e-06   5.16161e-06   1.38000e-05   1.41919e-05   3.52282e-06  -1.03087e-05
  -1.52212e-05  -1.10066e-05   3.07486e-06   1.88044e-05   2.08658e-05   9.36588e-06
     0.0000e+00     0.0000e+00      0  0  0.00
     300   1.00000  0.0000e+00
  -1.02270e-05  -7.74662e-06  -2.40556e-06   3.63571e-06   8.47854e-06   9.95081e-06   7.55167e-06
   2.60532e-06  -4.08506e-06  -9.52191e-06  -8.06783e-06   6.95785e-07   1.14435e-05   1.87126e-05
   1.95776e-05   1.34382e-05   1.86439e-06  -8.76930e-06  -1.20463e-05  -8.40874e-06  -1.78633e-06
   4.42738e-06   5.77731e-06   1.07274e-06  -4.14974e-06  -5.03488e-06  -3.53542e-06  -5.03102e-06
  -8.44601e-06  -7.15727e-06   1.07023e-06   1.07702e-05   1.32501e-05   4.73986e-06  -7.99717e-06
  -1.59083e-05  -1.62030e-05  -1.20103e-05  -5.22573e-06   5.33329e-06   6.56593e-06   1.53581e-05
   1.72045e-05   4.88545e-06  -1.05591e-05  -2.42275e-05  -2.67525e-05  -1.55922e-05  -3.02347e-06
   1.06445e-05   1.76389e-05   1.89830e-05   2.35726e-05   2.70935e-05   2.48994e-05   1.20848e-05
  -5.52791e-06  -1.83680e-05  -2.00642e-05  -1.70430e-05  -1.32233e-05  -1.22484e-05  -9.09811e-06
  -6.43411e-06   4.22353e-07   1.40136e-05   1.64570e-05   1.29932e-05   1.43547e-05   7.18406e-06
   1.27698e-06  -3.38568e-07  -8.32792e-06  -7.47527e-06   1.01729e-06   9.49224e-06   1.96426e-05
   1.93534e-05   1.31145e-05   2.35022e-06  -1.18871e-05  -3.74886e-05  -7.61838e-05  -1.06558e-04
  -1.03122e-04  -4.42773e-05   4.50979e-05   1.21482e-04   1.49343e-04   1.29297e-04   7.59378e-05
   1.32102e-05  -4.24005e-05  -7.36272e-05  -7.18008e-05  -4.87553e-05  -3.46108e-05  -3.03166e-05
  -1.99910e-05   3.13865e-07   1.19456e-05   6.97008e-06   2.74589e-06   1.87653e-05   3.33517e-05
   2.73877e-05   6.67769e-06  -8.89888e-06  -9.87317e-06  -2.19451e-07   1.42043e-05   1.57220e-05
   1.01649e-06  -1.25656e-05  -8.49196e-06  -4.05541e-06  -1.87962e-05  -9.45407e-06   7.86220e-06
   7.44645e-06   4.40075e-06   1.44767e-07  -6.19677e-06  -4.57434e-06   8.23515e-06   5.04657e-06
   4.39865e-06   2.30640e-06   1.74792e-06   3.25196e-06   5.65090e-06  -4.42899e-06  -1.10071e-05
  -9.34654e-06  -7.25024e-07   4.33783e-06   3.96599e-06   5.93821e-06   7.29098e-06  -7.04849e-06
  -1.42194e-05  -1.10112e-05  -8.19952e-06  -5.88599e-06  -2.38019e-06   7.45871e-06   1.62250e-05
   1.42464e-05   7.40564e-06   8.82097e-07  -3.69099e-06  -6.21684e-06  -3.15631e-06   4.60503e-07
  -1.87411e-06  -1.56439e-06  -2.28461e-07  -4.46013e-06  -1.04490e-05  -1.27450e-05  -1.15960e-05
  -3.97746e-06   1.41830e-05   2.59176e-05   2.21691e-05   4.03177e-06  -9.95092e-06  -1.10009e-05
  -2.63833e-06   6.65807e-06   6.72069e-06   5.19843e-06  -1.51035e-07  -6.18257e-06  -4.32404e-06
   6.20218e-07  -1.09398e-06  -3.17690e-06  -5.40252e-07  -1.75554e-06  -3.40635e-06   2.12862e-06
   2.65216e-06   7.30366e-07   6.75434e-06   1.22710e-05   7.20434e-06  -4.99003e-06  -1.60660e-05
  -1.69374e-05  -9.69143e-06  -3.47599e-06   3.01869e-06   6.31751e-06   3.44852e-06   4.70838e-06
   7.42761e-06   1.14876e-06  -2.55833e-06  -5.08197e-06  -3.75993e-06   5.39931e-07   3.11080e-06
   7.34630e-08  -5.16659e-07  -1.43937e-06  -3.90783e-06  -1.16749e-06   1.64977e-06   9.54384e-06
   1.34526e-05   4.14086e-06   9.28687e-08  -3.63079e-06  -5.17822e-06  -4.30638e-06  -2.22716e-06
  -3.50138e-06  -6.58066e-06  -9.74310e-06  -7.18185e-06   4.85830e-06   1.08885e-05   1.36455e-05
   6.38213e-06  -2.20757e-06  -3.25380e-06   8.04138e-07  -1.16273e-08   2.63606e-07  -2.49020e-06
  -3.74290e-06  -3.83098e-06  -7.54038e-06  -1.03522e-06   5.85611e-06   8.96226e-06   1.26017e-06
  -9.21157e-06  -7.98336e-06   6.23717e-06   1.85552e-05   1.73209e-05   5.86438e-06  -5.06627e-06
  -1.21306e-05  -1.66190e-05  -1.27599e-05  -6.16745e-07   5.18132e-06   6.07051e-06   4.11025e-06
   9.96221e-07   1.59283e-06   1.87315e-06  -1.40209e-07  -1.03789e-05  -1.75580e-05  -1.41476e-05
  -4.98903e-06   5.65169e-06   1.00837e-05   5.99753e-06   4.10549e-06   6.64168e-06   8.86964e-06
   7.64616e-06   3.39984e-07  -9.57183e-06  -9.56234e-06   2.28390e-07   8.62638e-06   1.18179e-05
   6.63264e-06  -5.98195e-06  -1.06468e-05  -1.89565e-06   8.76629e-06   1.21017e-05   3.36441e-06
  -1.04896e-05  -1.76406e-05  -1.11667e-05   4.23154e-06   1.12355e-05   7.63145e-06   1.78078e-06
  -3.86117e-07  -1.15098e-06  -1.76053e-06  -1.06781e-06   8.80772e-07   3.33696e-06   2.21551e-06
  -2.44046e-06  -4.39028e-06  -3.58250e-06  -4.74196e-06  -6.72575e-06  -6.41248e-06