       3
(7e14.5)
     0.0000e+00     0.0000e+00      0  0  0.00
     700   1.00000  0.0000e+00
  -5.62866e-06  -3.75853e-06  -7.68545e-07   3.46569e-06   9.24459e-06   1.62761e-05   2.28193e-05
   2.63635e-05   2.55588e-05   2.11007e-05   1.52850e-05   1.05057e-05   7.29362e-06   4.14576e-06
  -4.86968e-07  -6.56800e-06  -1.24889e-05  -1.61246e-05  -1.62074e-05  -1.32232e-05  -9.46309e-06
  -7.56690e-06  -8.38222e-06  -1.04462e-05  -1.18655e-05  -1.19834e-05  -1.12814e-05  -1.06836e-05
  -1.08507e-05  -1.15542e-05  -1.13336e-05  -8.74836e-06  -4.55704e-06  -1.35433e-06  -4.80999e-07
  -5.72167e-07   5.77805e-07   3.57838e-06   7.20334e-06   1.00656e-05   1.19970e-05   1.40750e-05
   1.72794e-05   2.12482e-05   2.43892e-05   2.49391e-05   2.24470e-05   1.81557e-05   1.37416e-05
   1.00768e-05   7.01920e-06   3.72919e-06  -9.77722e-07  -7.56471e-06  -1.48711e-05  -2.04035e-05
  -2.18466e-05  -1.89316e-05  -1.39037e-05  -1.00233e-05  -9.37752e-06  -1.15867e-05  -1.41358e-05
  -1.41034e-05  -9.83910e-06  -2.22830e-06   5.82679e-06   1.13930e-05   1.28863e-05   1.05081e-05
   6.36269e-06   3.25149e-06   2.34101e-06   2.60015e-06   2.39233e-06   9.92519e-07  -1.16228e-06
  -3.05095e-06  -3.48434e-06  -1.64184e-06   2.19748e-06   6.51487e-06   9.00769e-06   7.56036e-06
   2.08570e-06  -4.51229e-06  -8.21039e-06  -7.35936e-06  -4.32804e-06  -3.42632e-06  -6.75923e-06
  -1.20893e-05  -1.48210e-05  -1.16643e-05  -2.87429e-06   7.49286e-06   1.35659e-05   1.19237e-05
   4.38392e-06  -3.54899e-06  -6.91011e-06  -4.63809e-06   5.71898e-07   4.82863e-06   5.84613e-06
   4.17291e-06   2.09487e-06   1.63102e-06   3.24746e-06   5.85759e-06   7.94122e-06   8.90116e-06
   8.92386e-06   7.85537e-06   5.31598e-06   1.85179e-06  -9.84779e-07  -1.97304e-06  -7.41941e-07
   2.68363e-06   7.42931e-06   1.11279e-05   1.10580e-05   6.50807e-06  -5.04133e-07  -6.79079e-06
  -1.02077e-05  -1.09541e-05  -1.06501e-05  -1.03802e-05  -9.99949e-06  -9.11777e-06  -8.11168e-06
  -7.44551e-06  -6.35009e-06  -3.38446e-06   9.56688e-07   3.24105e-06   2.86712e-07  -6.93016e-06
  -1.34079e-05  -1.43877e-05  -9.45291e-06  -2.37349e-06   2.34441e-06   2.80620e-06   4.91549e-07
  -1.16315e-06   5.90131e-07   5.41098e-06   9.87431e-06   1.03770e-05   6.33643e-06   6.63746e-07
  -2.41232e-06  -6.35239e-07   3.99135e-06   7.03960e-06   6.11046e-06   2.89572e-06   8.29640e-07
   1.46200e-06   3.63840e-06   5.89886e-06   7.58550e-06   7.41909e-06   4.36354e-06  -1.37504e-06
  -7.80105e-06  -1.17975e-05  -1.08932e-05  -5.08630e-06   2.90151e-06   1.01486e-05   1.40460e-05
   1.38823e-05   1.13090e-05   9.69649e-06   1.19103e-05   1.80778e-05   2.56867e-05   3.08270e-05
   3.13472e-05   2.85236e-05   2.51549e-05   2.27222e-05   2.00909e-05   1.35061e-05  -1.81975e-06
  -2.83426e-05  -6.39133e-05  -1.00969e-04  -1.28579e-04  -1.40398e-04  -1.32938e-04  -1.14692e-04
  -8.81475e-05  -4.76764e-05   2.32238e-06   6.07296e-05   1.22516e-04   1.68929e-04   1.84977e-04
   1.61720e-04   1.00234e-04   1.82767e-05  -6.22684e-05  -1.14132e-04  -1.21077e-04  -8.40026e-05
  -1.77714e-05   4.99760e-05   9.20966e-05   9.45561e-05   6.08551e-05   9.50464e-06  -3.20522e-05
  -4.30108e-05  -2.31265e-05   1.08206e-05   3.64170e-05   3.68039e-05   1.26977e-05  -1.89825e-05
  -3.73070e-05  -3.28648e-05  -1.28528e-05   5.86436e-06   8.72643e-06  -4.13549e-06  -1.97228e-05
  -2.47353e-05  -1.55267e-05  -1.82604e-06   3.28611e-06  -4.56926e-06  -1.71180e-05  -2.19330e-05
  -1.42388e-05  -2.16759e-06   5.37582e-06   6.77072e-06   7.77627e-06   1.11421e-05   1.31364e-05
   9.37022e-06   1.92317e-06  -3.47591e-06  -4.41583e-06  -2.81198e-06  -9.53136e-07   2.06905e-06
   5.87758e-06   4.15388e-06  -4.07074e-06  -8.43021e-06  -4.97719e-06   2.05724e-06   7.50140e-06
   6.61368e-06   5.25837e-07  -8.12285e-06  -1.81347e-05  -2.36146e-05  -1.87501e-05  -6.00536e-06
   4.51285e-06   7.30298e-06   6.44613e-06   6.10305e-06   6.66977e-06   9.94324e-06   1.54979e-05
   1.76885e-05   1.29028e-05   4.60091e-06  -1.77269e-06  -4.91884e-06  -4.80775e-06  -5.68431e-07
   4.81664e-06   6.67193e-06   6.58206e-06   5.50876e-06   1.49209e-06  -3.77735e-06  -8.30603e-06
  -1.00110e-05  -7.11847e-06  -6.71410e-07   5.79031e-06   9.59915e-06   8.59772e-06   4.36814e-06
   1.80303e-06   3.39692e-06   7.67024e-06   1.11281e-05   1.05847e-05   6.95695e-06   3.95884e-06
   2.71575e-06  -5.33284e-07  -7.21376e-06  -1.28290e-05  -1.36852e-05  -1.01933e-05  -3.87692e-06
   1.90840e-06   3.76679e-06   1.00697e-06  -4.90971e-06  -1.17013e-05  -1.63173e-05  -1.62010e-05
  -1.16740e-05  -6.52257e-06  -5.24294e-06  -8.67454e-06  -1.33605e-05  -1.66143e-05  -1.79744e-05
  -1.64984e-05  -1.12266e-05  -2.34688e-06   7.47240e-06   1.46814e-05   1.81550e-05   1.88609e-05
   1.73337e-05   1.44582e-05   1.16275e-05   1.04097e-05   1.13819e-05   1.25399e-05   1.16719e-05
   8.74014e-06   6.09703e-06   5.32954e-06   5.12189e-06   3.15678e-06  -1.23872e-06  -5.83042e-06
  -8.21880e-06  -7.83197e-06  -6.51996e-06  -6.19347e-06  -7.22912e-06  -9.33218e-06  -1.10785e-05
  -1.02840e-05  -6.18293e-06  -2.38477e-07   4.84067e-06   6.80919e-06   5.57698e-06   3.42626e-06
   2.70641e-06   3.84350e-06   5.91060e-06   7.37029e-06   6.66687e-06   4.03574e-06   1.44890e-06
   5.18369e-07   1.79577e-06   5.18238e-06   9.28058e-06   1.15943e-05   1.05759e-05   6.76724e-06
   2.10680e-06  -1.75269e-06  -5.30691e-06  -8.84486e-06  -1.10528e-05  -1.10988e-05  -9.36581e-06
  -7.42917e-06  -6.51862e-06  -6.60647e-06  -6.71181e-06  -5.58187e-06  -2.69729e-06   9.94874e-07
   3.37253e-06   2.26613e-06  -2.45036e-06  -8.37760e-06  -1.21721e-05  -1.20936e-05  -9.20856e-06
  -5.99576e-06  -4.65261e-06  -5.99523e-06  -9.22098e-06  -1.23529e-05  -1.27844e-05  -8.79985e-06
  -9.93130e-07   8.22192e-06   1.54218e-05   1.77262e-05   1.50796e-05   1.04494e-05   7.80544e-06
   9.53031e-06   1.39646e-05   1.64332e-05   1.39242e-05   7.71185e-06   1.65701e-06  -9.52802e-07
   6.37913e-07   4.39199e-06   7.25648e-06   7.37752e-06   5.03215e-06   2.25726e-06   1.70492e-06
   4.63277e-06   8.82927e-06   1.02837e-05   6.16076e-06  -2.68164e-06  -1.20477e-05  -1.75325e-05
  -1.72500e-05  -1.28066e-05  -7.39140e-06  -2.65735e-06   1.43902e-06   4.73875e-06   6.00717e-06
   3.49873e-06  -2.71161e-06  -9.28441e-06  -1.24281e-05  -1.09980e-05  -7.26257e-06  -4.64996e-06
  -5.13308e-06  -8.77782e-06  -1.29072e-05  -1.28869e-05  -6.28473e-06   4.18817e-06   1.27611e-05
   1.56070e-05   1.36273e-05   1.04811e-05   8.62376e-06   6.87700e-06   2.62351e-06  -3.71896e-06
  -8.50261e-06  -8.70685e-06  -5.11143e-06  -1.66901e-06  -2.44544e-06  -8.08036e-06  -1.45668e-05
  -1.63392e-05  -1.07462e-05  -1.67993e-07   9.78153e-06   1.46805e-05   1.37448e-05   9.31447e-06
   4.98645e-06   3.70468e-06   6.17725e-06   1.07608e-05   1.45760e-05   1.49026e-05   1.10416e-05
   4.87104e-06  -6.52112e-07  -2.78260e-06  -3.19992e-07   5.24784e-06   1.08574e-05   1.37110e-05
   1.23473e-05   6.81162e-06  -1.40697e-06  -9.65237e-06  -1.55678e-05  -1.82517e-05  -1.81612e-05
  -1.60514e-05  -1.29292e-05  -1.05085e-05  -1.00855e-05  -1.12142e-05  -1.24228e-05  -1.26275e-05
  -1.15344e-05  -9.12116e-06  -5.65279e-06  -2.05507e-06   2.85900e-09  -4.33431e-07  -1.92222e-06
  -1.86185e-06   8.37520e-07   5.10654e-06   8.84996e-06   1.07872e-05   1.16372e-05   1.31467e-05
   1.58741e-05   1.86608e-05   1.98807e-05   1.84989e-05   1.47491e-05   1.02172e-05   6.51417e-06
   3.57086e-06   4.14864e-07  -2.61772e-06  -3.56543e-06  -1.12579e-06   3.29570e-06   6.34125e-06
   5.73323e-06   2.09243e-06  -1.49148e-06  -2.52997e-06  -1.66768e-06  -1.94348e-06  -5.87334e-06
  -1.29153e-05  -1.98965e-05  -2.37497e-05  -2.32773e-05  -1.94030e-05  -1.46708e-05  -1.18652e-05
  -1.17841e-05  -1.25623e-05  -1.12465e-05  -6.43142e-06   5.80550e-07   6.92150e-06   1.01653e-05
   9.49982e-06   6.07356e-06   2.58263e-06   1.29337e-06   2.19189e-06   3.22124e-06   2.76524e-06
   1.35461e-06   1.17959e-06   3.84631e-06   9.34509e-06   1.64148e-05   2.31439e-05   2.78477e-05
   2.96476e-05   2.86641e-05   2.56260e-05   2.06458e-05   1.28985e-05   2.19516e-06  -9.61275e-06
  -1.95938e-05  -2.57421e-05  -2.79666e-05  -2.74716e-05  -2.58252e-05  -2.43487e-05  -2.34682e-05
  -2.23016e-05  -1.92614e-05  -1.33716e-05  -5.27590e-06   3.03522e-06   9.41075e-06   1.24966e-05
   1.22713e-05   9.95060e-06   6.95233e-06   4.35449e-06   3.02898e-06   3.57253e-06   6.02714e-06
   9.70921e-06   1.32714e-05   1.53664e-05   1.54079e-05   1.40435e-05   1.30039e-05   1.32885e-05
   1.39655e-05   1.33606e-05   1.10394e-05   7.52239e-06   2.74768e-06  -4.20059e-06  -1.36454e-05
  -2.34426e-05  -2.96800e-05  -2.99950e-05  -2.60803e-05  -2.17433e-05  -1.89497e-05  -1.68007e-05
  -1.38007e-05  -1.01159e-05  -7.07873e-06  -5.07883e-06  -2.79604e-06   1.18725e-06   6.30949e-06
   1.04882e-05   1.27836e-05   1.40980e-05   1.52157e-05   1.53550e-05   1.27916e-05   7.00308e-06
  -3.08301e-07  -6.16275e-06  -7.74822e-06  -4.27974e-06   2.05324e-06   7.61727e-06   1.02597e-05
   1.05503e-05   1.05595e-05   1.18035e-05   1.36507e-05   1.39597e-05   1.18220e-05   8.71354e-06
   6.57737e-06   5.75869e-06   4.79735e-06   1.87538e-06  -3.38108e-06  -9.10328e-06  -1.27249e-05
  -1.31401e-05  -1.10124e-05  -7.28714e-06  -2.75254e-06   7.89026e-07   7.35444e-07  -3.72015e-06
  -9.91929e-06  -1.38312e-05  -1.38965e-05  -1.20148e-05  -1.10119e-05  -1.14769e-05  -1.11846e-05
  -7.71473e-06  -1.54775e-06   4.44527e-06   8.39776e-06   1.07389e-05   1.23166e-05   1.23125e-05
   8.40987e-06  -5.41500e-07  -1.21496e-05  -2.13549e-05  -2.38054e-05  -1.87213e-05  -8.97249e-06
   8.78956e-07   7.57312e-06   1.06847e-05   1.17769e-05   1.27138e-05   1.45119e-05   1.72523e-05
   2.01874e-05   2.17304e-05   1.98587e-05   1.37103e-05   5.06585e-06  -2.60693e-06  -6.81123e-06
  -7.38291e-06  -5.70751e-06  -3.52814e-06  -2.41734e-06  -2.98270e-06  -4.67038e-06  -6.39507e-06
  -7.14516e-06  -6.43235e-06  -4.55362e-06  -2.43244e-06  -9.99150e-07  -4.51800e-07  -2.20459e-07
     0.0000e+00     0.0000e+00      0  0  0.00
     700   1.00000  0.0000e+00
  -3.71372e-05  -4.13518e-05  -4.13453e-05  -3.59647e-05  -2.63450e-05  -1.52889e-05  -5.07058e-06
   3.78159e-06   1.14202e-05   1.73252e-05   2.05864e-05   2.12635e-05   2.09364e-05   2.12666e-05
   2.25679e-05   2.44549e-05   2.72584e-05   3.21273e-05   3.96330e-05   4.84334e-05   5.56118e-05
   5.88045e-05   5.78826e-05   5.50384e-05   5.31000e-05   5.26370e-05   5.07784e-05   4.39599e-05
   3.15850e-05   1.61650e-05   2.56717e-07  -1.60697e-05  -3.44096e-05  -5.51126e-05  -7.58743e-05
  -9.31550e-05  -1.04460e-04  -1.09432e-04  -1.09002e-04  -1.04030e-04  -9.45983e-05  -8.03173e-05
  -6.15929e-05  -4.04960e-05  -1.98332e-05  -1.45683e-06   1.46337e-05   2.95977e-05   4.41280e-05
   5.73573e-05   6.71081e-05   7.08570e-05   6.71857e-05   5.73869e-05   4.58297e-05   3.78122e-05
   3.54767e-05   3.53751e-05   3.10873e-05   1.87128e-05  -2.94996e-07  -2.09218e-05  -3.80118e-05
  -4.78886e-05  -4.85754e-05  -4.09146e-05  -2.95409e-05  -2.10575e-05  -1.93280e-05  -2.18728e-05
  -2.15310e-05  -1.25579e-05   4.48001e-06   2.31644e-05   3.64535e-05   4.21188e-05   4.33922e-05
   4.48456e-05   4.83154e-05   5.26541e-05   5.61010e-05   5.79271e-05   5.81419e-05   5.59134e-05
   4.93047e-05   3.74094e-05   2.21475e-05   7.62868e-06  -2.88093e-06  -9.95603e-06  -1.72626e-05
  -2.75331e-05  -4.02667e-05  -5.35353e-05  -6.62041e-05  -7.72113e-05  -8.45071e-05  -8.63266e-05
  -8.30248e-05  -7.69259e-05  -7.03939e-05  -6.46051e-05  -5.97771e-05  -5.55375e-05  -5.07395e-05
  -4.31740e-05  -3.03600e-05  -1.20834e-05   7.30438e-06   2.10699e-05   2.60997e-05   2.62548e-05
   2.88807e-05   3.83955e-05   5.35125e-05   6.91348e-05   7.97739e-05   8.22027e-05   7.70991e-05
   6.89049e-05   6.31788e-05   6.29705e-05   6.72624e-05   7.22184e-05   7.35773e-05   6.86752e-05
   5.72970e-05   4.09566e-05   2.17174e-05   2.09678e-06  -1.49038e-05  -2.71969e-05  -3.54780e-05
  -4.28032e-05  -5.12253e-05  -5.97050e-05  -6.56496e-05  -6.78713e-05  -6.73365e-05  -6.49631e-05
  -5.98511e-05  -5.08894e-05  -3.95859e-05  -2.98343e-05  -2.44318e-05  -2.27389e-05  -2.20738e-05
  -2.08241e-05  -1.90991e-05  -1.69085e-05  -1.33189e-05  -7.43947e-06   1.38697e-07   7.59726e-06
   1.34857e-05   1.75110e-05   1.96648e-05   1.98538e-05   1.87771e-05   1.81843e-05   1.96984e-05
   2.32286e-05   2.66033e-05   2.79776e-05   2.69798e-05   2.32113e-05   1.85050e-05   1.37661e-05
   8.77468e-06   3.18091e-06  -2.18816e-06  -5.52633e-06  -5.17568e-06  -4.82672e-07   6.49312e-06
   1.23772e-05   1.32453e-05   7.36713e-06  -2.02027e-06  -8.80079e-06  -7.86763e-06   9.19823e-07
   1.38569e-05   2.48860e-05   2.86378e-05   2.32196e-05   1.07552e-05  -3.20752e-06  -1.21338e-05
  -1.18692e-05  -3.80261e-06   7.98525e-06   2.03748e-05   2.91581e-05   3.50238e-05   4.13967e-05
   4.52677e-05   4.13000e-05   2.90097e-05   4.40982e-06  -3.34264e-05  -7.90593e-05  -1.24097e-04
  -1.59113e-04  -1.75734e-04  -1.70371e-04  -1.40460e-04  -9.03309e-05  -3.09675e-05   2.20064e-05
   5.43294e-05   6.28014e-05   5.30547e-05   3.69922e-05   2.90599e-05   3.75444e-05   6.13809e-05
   8.89547e-05   1.05681e-04   1.00831e-04   7.74281e-05   5.15889e-05   4.02990e-05   5.06322e-05
   7.20103e-05   8.36722e-05   7.00756e-05   3.50010e-05  -2.37247e-06  -2.27587e-05  -2.19322e-05
  -1.52019e-05  -2.10596e-05  -4.41340e-05  -7.08157e-05  -8.44449e-05  -8.23066e-05  -7.58071e-05
  -7.39100e-05  -7.51365e-05  -7.24283e-05  -6.23445e-05  -5.07132e-05  -4.30581e-05  -3.52784e-05
  -1.84190e-05   4.30063e-06   1.84126e-05   1.98466e-05   2.23974e-05   3.58037e-05   5.06903e-05
   5.70320e-05   5.37682e-05   4.29483e-05   2.84367e-05   1.97292e-05   2.07749e-05   2.52948e-05
   2.71278e-05   2.69081e-05   2.77554e-05   2.70651e-05   2.09928e-05   1.20571e-05   4.72197e-06
  -1.39278e-06  -6.68632e-06  -8.76391e-06  -8.80102e-06  -1.10820e-05  -1.49812e-05  -1.61487e-05
  -1.48453e-05  -1.16936e-05  -4.47317e-06   5.77438e-06   1.55473e-05   2.17054e-05   2.07334e-05
   1.21861e-05  -9.61747e-07  -1.61393e-05  -3.08280e-05  -3.96751e-05  -4.09466e-05  -3.77182e-05
  -3.30106e-05  -3.00969e-05  -2.96760e-05  -2.91053e-05  -2.68029e-05  -2.23935e-05  -1.61574e-05
  -9.41745e-06  -5.12045e-06  -4.77476e-06  -6.70968e-06  -7.54162e-06  -3.60740e-06   5.89496e-06
   1.72783e-05   2.50211e-05   2.65509e-05   2.46219e-05   2.44130e-05   2.81641e-05   3.37183e-05
   3.74219e-05   3.64340e-05   3.09921e-05   2.48006e-05   2.24789e-05   2.47844e-05   2.84415e-05
   2.98083e-05   2.77104e-05   2.37058e-05   1.91906e-05   1.44229e-05   8.53875e-06   1.04126e-06
  -6.31769e-06  -1.12148e-05  -1.34567e-05  -1.52650e-05  -1.92054e-05  -2.54761e-05  -2.98301e-05
  -2.80504e-05  -2.16707e-05  -1.63876e-05  -1.54621e-05  -1.75082e-05  -1.96406e-05  -2.02149e-05
  -1.96027e-05  -1.94857e-05  -2.04992e-05  -2.21576e-05  -2.37881e-05  -2.42998e-05  -2.30482e-05
  -2.11208e-05  -2.02528e-05  -2.10641e-05  -2.23873e-05  -2.12804e-05  -1.47051e-05  -2.68844e-06
   1.19947e-05   2.56263e-05   3.46868e-05   3.68751e-05   3.31335e-05   2.74099e-05   2.32628e-05
   2.13136e-05   1.93235e-05   1.54581e-05   1.02996e-05   5.30739e-06   9.53450e-07  -2.89214e-06
  -5.72960e-06  -6.28647e-06  -4.24671e-06  -1.85698e-06  -1.59420e-06  -3.56202e-06  -5.37572e-06
  -4.39136e-06  -1.12804e-06   1.09854e-06   7.93937e-07   6.18104e-07   3.86155e-06   1.00962e-05
   1.55406e-05   1.72061e-05   1.57719e-05   1.44663e-05   1.59656e-05   2.09220e-05   2.74227e-05
   3.32661e-05   3.78674e-05   4.10277e-05   4.17515e-05   3.89093e-05   3.24223e-05   2.33519e-05
   1.31692e-05   3.01179e-06  -6.31025e-06  -1.43641e-05  -2.16109e-05  -2.88279e-05  -3.57899e-05
  -4.07185e-05  -4.12337e-05  -3.67644e-05  -3.02967e-05  -2.67762e-05  -2.95031e-05  -3.76133e-05
  -4.68217e-05  -5.29935e-05  -5.46429e-05  -5.29663e-05  -5.03172e-05  -4.84157e-05  -4.72160e-05
  -4.54792e-05  -4.23881e-05  -3.76341e-05  -3.15922e-05  -2.50025e-05  -1.85530e-05  -1.19261e-05
  -4.39486e-06   3.91159e-06   1.21981e-05   2.00965e-05   2.81999e-05   3.78348e-05   5.03497e-05
   6.57427e-05   8.11828e-05   9.18605e-05   9.47887e-05   9.14925e-05   8.60909e-05   8.08596e-05
   7.49545e-05   6.66765e-05   5.58056e-05   4.38410e-05   3.23951e-05   2.21843e-05   1.32775e-05
   5.32974e-06  -1.63323e-06  -6.70723e-06  -8.30879e-06  -6.26340e-06  -3.29400e-06  -4.06416e-06
  -1.13785e-05  -2.33792e-05  -3.47063e-05  -4.09185e-05  -4.20696e-05  -4.24358e-05  -4.59974e-05
  -5.24237e-05  -5.87995e-05  -6.34620e-05  -6.66713e-05  -6.83114e-05  -6.73962e-05  -6.37292e-05
  -5.89141e-05  -5.52205e-05  -5.34135e-05  -5.25676e-05  -5.10036e-05  -4.70670e-05  -3.99474e-05
  -2.98032e-05  -1.74991e-05  -4.61059e-06   7.24138e-06   1.75996e-05   2.73439e-05   3.77000e-05
   4.97606e-05   6.39321e-05   7.88490e-05   9.14711e-05   9.88809e-05   1.00646e-04   9.84243e-05
   9.33236e-05   8.52196e-05   7.42518e-05   6.18114e-05   4.94350e-05   3.79714e-05   2.79734e-05
   1.96779e-05   1.25612e-05   5.05074e-06  -4.14139e-06  -1.41145e-05  -2.23959e-05  -2.82959e-05
  -3.41317e-05  -4.23830e-05  -5.24522e-05  -6.10014e-05  -6.53886e-05  -6.60232e-05  -6.52709e-05
  -6.45746e-05  -6.40029e-05  -6.33359e-05  -6.20306e-05  -5.88370e-05  -5.25486e-05  -4.38840e-05
  -3.61401e-05  -3.21877e-05  -3.06579e-05  -2.64618e-05  -1.53333e-05   1.93235e-06   1.98674e-05
   3.33196e-05   4.12576e-05   4.62156e-05   5.10914e-05   5.66798e-05   6.17008e-05   6.43392e-05
   6.34650e-05   5.89814e-05   5.18273e-05   4.35646e-05   3.51913e-05   2.64969e-05   1.67566e-05
   6.69826e-06  -3.76106e-07  -1.16811e-06   4.38776e-06   1.26651e-05   1.83998e-05   1.79851e-05
   1.16799e-05   2.91705e-06  -4.35955e-06  -8.14264e-06  -8.42628e-06  -6.39757e-06  -3.95837e-06
  -3.04607e-06  -4.97518e-06  -9.82678e-06  -1.61918e-05  -2.26985e-05  -2.94711e-05  -3.79225e-05
  -4.88499e-05  -6.05887e-05  -6.96441e-05  -7.27441e-05  -6.87782e-05  -5.91160e-05  -4.61634e-05
  -3.16936e-05  -1.58868e-05   2.34419e-06   2.29348e-05   4.26505e-05   5.63280e-05   6.02608e-05
   5.52860e-05   4.69506e-05   4.14382e-05   4.05230e-05   4.05927e-05   3.64168e-05   2.54899e-05
   9.69742e-06  -6.29788e-06  -1.84099e-05  -2.54574e-05  -2.89359e-05  -3.15727e-05  -3.60364e-05
  -4.33110e-05  -5.10225e-05  -5.43740e-05  -4.99029e-05  -3.78330e-05  -2.15424e-05  -5.57014e-06
   6.96819e-06   1.61230e-05   2.45128e-05   3.47539e-05   4.67559e-05   5.77190e-05   6.42748e-05
   6.48529e-05   6.06043e-05   5.42215e-05   4.78727e-05   4.19761e-05   3.62510e-05   3.11207e-05
   2.69296e-05   2.25059e-05   1.54645e-05   4.77893e-06  -7.39407e-06  -1.70738e-05  -2.18036e-05
  -2.23997e-05  -2.10885e-05  -1.88839e-05  -1.56319e-05  -1.18322e-05  -9.46780e-06  -1.07054e-05
  -1.53413e-05  -2.07938e-05  -2.45493e-05  -2.58316e-05  -2.55106e-05  -2.51959e-05  -2.65300e-05
  -3.06572e-05  -3.77855e-05  -4.62869e-05  -5.33170e-05  -5.72691e-05  -5.87183e-05  -5.90530e-05
  -5.87286e-05  -5.70457e-05  -5.31594e-05  -4.64761e-05  -3.66368e-05  -2.35978e-05  -7.84032e-06
   9.11531e-06   2.48637e-05   3.71689e-05   4.51178e-05   4.98395e-05   5.39121e-05   5.88941e-05
   6.33052e-05   6.41205e-05   6.06163e-05   5.55241e-05   5.24187e-05   5.29813e-05   5.62552e-05
   5.96230e-05   6.01924e-05   5.60407e-05   4.73216e-05   3.70506e-05   2.95990e-05   2.71441e-05
   2.78594e-05   2.72076e-05   2.15836e-05   1.13892e-05   6.69963e-07  -6.48988e-06  -9.37379e-06
  -1.09841e-05  -1.53873e-05  -2.47115e-05  -3.81618e-05  -5.36037e-05  -6.95897e-05  -8.53025e-05
  -9.87000e-05  -1.06133e-04  -1.04500e-04  -9.39754e-05  -7.79690e-05  -6.00169e-05  -4.14035e-05
  -2.17747e-05  -1.46568e-06   1.72839e-05   3.17699e-05   4.09321e-05   4.59228e-05   4.85536e-05
   4.91650e-05   4.70835e-05   4.26025e-05   3.70213e-05   3.12184e-05   2.50424e-05   1.76550e-05
   8.90363e-06   1.33990e-07  -6.54463e-06  -9.76028e-06  -9.51192e-06  -6.61143e-06  -2.48851e-06
     0.0000e+00     0.0000e+00      0  0  0.00
     700   1.00000  0.0000e+00
  -9.57047e-06  -8.49492e-06  -6.25583e-06  -4.10784e-06  -3.53300e-06  -4.96868e-06  -7.69727e-06
  -1.04233e-05  -1.19383e-05  -1.16367e-05  -9.68957e-06  -6.72219e-06  -3.37490e-06  -2.36743e-07
   2.57664e-06   5.79513e-06   1.03697e-05   1.58043e-05   1.95742e-05   1.89543e-05   1.38383e-05
   7.66083e-06   4.53911e-06   5.39558e-06   7.48650e-06   7.79358e-06   6.20700e-06   4.92910e-06
   5.61088e-06   7.38941e-06   7.42497e-06   4.00118e-06  -1.40660e-06  -5.94063e-06  -8.24494e-06
  -9.04179e-06  -9.30008e-06  -8.89513e-06  -7.15602e-06  -3.71740e-06   8.53236e-07   4.68914e-06
   5.67900e-06   3.28355e-06  -9.05389e-07  -4.14227e-06  -4.21437e-06  -8.73787e-07   3.54708e-06
   5.21159e-06   1.47460e-06  -6.93423e-06  -1.56999e-05  -1.90471e-05  -1.37184e-05  -2.00540e-06
   9.29008e-06   1.35738e-05   9.15702e-06  -2.58704e-07  -8.90849e-06  -1.25687e-05  -1.02423e-05
  -3.81300e-06   3.24228e-06   7.15139e-06   5.12465e-06  -2.70311e-06  -1.19769e-05  -1.62691e-05
  -1.18537e-05  -8.47060e-07   1.07000e-05   1.80166e-05   2.03020e-05   1.92369e-05   1.64563e-05
   1.31254e-05   1.05161e-05   9.30660e-06   8.85624e-06   7.95748e-06   6.29892e-06   4.77975e-06
   4.11307e-06   3.05791e-06  -7.37842e-07  -7.59678e-06  -1.43042e-05  -1.66877e-05  -1.37151e-05
  -8.58680e-06  -6.02260e-06  -8.09375e-06  -1.26486e-05  -1.57716e-05  -1.55622e-05  -1.29124e-05
  -9.78336e-06  -7.66008e-06  -7.06633e-06  -7.76178e-06  -8.76016e-06  -8.51012e-06  -5.57908e-06
   2.85439e-07   7.44318e-06   1.28463e-05   1.38972e-05   1.04159e-05   4.92340e-06   1.02738e-06
   8.79728e-07   3.78804e-06   7.32423e-06   9.56533e-06   1.03006e-05   1.03548e-05   1.03776e-05
   1.04217e-05   1.02756e-05   1.01335e-05   1.07186e-05   1.24243e-05   1.44939e-05   1.53194e-05
   1.37333e-05   9.83591e-06   5.03380e-06   1.16411e-06  -7.56248e-07  -7.82137e-07   1.00791e-07
  -1.01372e-07  -3.60383e-06  -1.04031e-05  -1.70412e-05  -1.92764e-05  -1.61168e-05  -1.07113e-05
  -7.40785e-06  -8.29642e-06  -1.25848e-05  -1.79033e-05  -2.15926e-05  -2.19118e-05  -1.91723e-05
  -1.58985e-05  -1.49169e-05  -1.65176e-05  -1.78490e-05  -1.56283e-05  -9.60469e-06  -2.83074e-06
   1.26638e-06   1.92794e-06   1.27407e-06   2.53951e-06   7.75991e-06   1.67855e-05   2.76707e-05
   3.69758e-05   4.08280e-05   3.78899e-05   3.07448e-05   2.20312e-05   1.49358e-05   1.15673e-05
   1.14950e-05   1.19314e-05   9.92490e-06   5.20618e-06  -1.87548e-07  -3.04560e-06  -1.57683e-06
   2.23074e-06   4.59099e-06   2.89034e-06  -2.14374e-06  -7.75618e-06  -1.14552e-05  -1.14297e-05
  -8.88436e-06  -7.49611e-06  -1.19686e-05  -2.33471e-05  -3.69842e-05  -4.48688e-05  -4.19510e-05
  -3.02672e-05  -1.79945e-05  -1.28427e-05  -1.48131e-05  -1.64252e-05  -1.51163e-05  -9.46340e-06
   1.33902e-06   1.04194e-05   1.85518e-05   2.94437e-05   3.97925e-05   4.94841e-05   5.95528e-05
   6.54744e-05   6.22568e-05   4.79644e-05   2.24126e-05  -1.24167e-05  -4.96902e-05  -7.99976e-05
  -9.32668e-05  -8.27872e-05  -5.03961e-05  -4.90835e-06   3.76623e-05   6.15568e-05   6.04296e-05
   3.98835e-05   1.34742e-05  -5.07301e-06  -9.36621e-06  -2.54045e-06   4.87109e-06   5.13783e-06
  -3.50552e-07  -5.99587e-06  -5.43569e-06   1.28017e-06   6.94440e-06   5.09911e-06  -2.86530e-06
  -1.11400e-05  -1.26697e-05  -6.76794e-06   1.01652e-06   4.72481e-06   2.57054e-06   1.60976e-07
   1.83535e-06   5.38735e-06   3.95473e-06  -5.58490e-06  -1.63791e-05  -1.99186e-05  -1.48137e-05
  -9.21126e-06  -9.59038e-06  -1.26516e-05  -1.21329e-05  -8.96068e-06  -7.76961e-06  -7.31617e-06
  -2.20531e-06   6.82310e-06   1.35051e-05   1.32790e-05   6.23830e-06  -1.25850e-06  -3.40812e-06
  -2.21000e-06   7.68535e-07   7.35818e-06   1.61850e-05   1.96268e-05   1.43419e-05   7.53068e-06
   4.90383e-06   4.76895e-06   5.70258e-06   7.69931e-06   8.66212e-06   5.71970e-06   1.83237e-06
   2.55705e-06   4.99214e-06   5.98461e-06   8.47244e-06   1.10248e-05   9.45775e-06   6.27548e-06
   3.58532e-06  -2.04476e-06  -9.67234e-06  -1.58040e-05  -1.91124e-05  -1.65566e-05  -8.91792e-06
  -3.28032e-06  -2.45683e-06  -4.75287e-06  -6.59919e-06  -5.47520e-06  -3.23719e-06  -2.91159e-06
  -5.60776e-06  -8.53321e-06  -8.35002e-06  -5.91742e-06  -4.10027e-06  -3.64004e-06  -3.26689e-06
  -2.62314e-06  -2.62538e-06  -3.79915e-06  -4.16823e-06  -2.32960e-06  -5.83997e-08  -2.31433e-07
  -4.27238e-06  -1.10377e-05  -1.66797e-05  -1.75616e-05  -1.22285e-05  -2.22220e-06   8.56884e-06
   1.57840e-05   1.71691e-05   1.40263e-05   1.07356e-05   1.18969e-05   1.74669e-05   2.29837e-05
   2.47802e-05   2.15893e-05   1.55198e-05   1.01866e-05   6.32042e-06   3.43575e-06   1.98353e-06
   1.55408e-06   9.36870e-07  -9.09799e-07  -4.11248e-06  -6.48277e-06  -4.77263e-06   7.87409e-07
   6.20005e-06   7.42908e-06   4.06597e-06  -5.49462e-08  -7.83010e-07   1.78747e-06   4.10804e-06
   2.42581e-06  -4.47307e-06  -1.47478e-05  -2.42011e-05  -2.81699e-05  -2.40088e-05  -1.27142e-05
  -1.14405e-07   5.87972e-06   2.01483e-06  -7.65592e-06  -1.52701e-05  -1.54983e-05  -9.83784e-06
  -4.29734e-06  -3.54040e-06  -7.63597e-06  -1.27165e-05  -1.48326e-05  -1.28788e-05  -8.59976e-06
  -4.09921e-06  -4.46150e-07   1.95567e-06   3.54887e-06   4.57455e-06   5.04052e-06   4.95164e-06
   4.54708e-06   4.60130e-06   6.36788e-06   1.06596e-05   1.66692e-05   2.24440e-05   2.55012e-05
   2.41654e-05   1.95112e-05   1.54527e-05   1.47794e-05   1.63704e-05   1.71449e-05   1.52712e-05
   1.14043e-05   7.09193e-06   3.20790e-06   1.21370e-07  -1.01283e-06   3.12162e-07   1.97061e-06
   1.68867e-07  -5.88419e-06  -1.24308e-05  -1.52043e-05  -1.41730e-05  -1.31703e-05  -1.52320e-05
  -1.90726e-05  -2.09588e-05  -1.85861e-05  -1.30356e-05  -8.01910e-06  -7.12050e-06  -1.04964e-05
  -1.43921e-05  -1.44906e-05  -9.48509e-06  -1.48619e-06   4.98384e-06   6.33030e-06   2.78681e-06
  -2.15566e-06  -4.60359e-06  -2.49537e-06   3.77017e-06   1.13549e-05   1.58984e-05   1.42477e-05
   7.28353e-06  -1.17315e-06  -7.42567e-06  -9.31583e-06  -6.73556e-06  -1.21653e-06   4.28837e-06
   6.52777e-06   4.69105e-06   1.37245e-06  -1.53123e-07   7.91839e-07   2.75075e-06   4.84224e-06
   7.50595e-06   1.10821e-05   1.42889e-05   1.48295e-05   1.19574e-05   7.60714e-06   4.87994e-06
   5.35773e-06   7.74906e-06   9.21911e-06   8.40562e-06   6.12837e-06   3.67280e-06   1.55858e-06
  -6.54574e-07  -3.52935e-06  -6.43308e-06  -7.46210e-06  -5.82836e-06  -3.28346e-06  -2.44351e-06
  -4.15393e-06  -7.46798e-06  -1.12019e-05  -1.48295e-05  -1.85303e-05  -2.20043e-05  -2.42963e-05
  -2.43944e-05  -2.16606e-05  -1.66599e-05  -1.09367e-05  -5.99093e-06  -1.80631e-06   3.20355e-06
   1.00373e-05   1.73738e-05   2.23992e-05   2.28651e-05   1.83807e-05   1.09555e-05   4.16818e-06
   8.78343e-07   1.78715e-06   5.47303e-06   9.53678e-06   1.17045e-05   1.07922e-05   7.57314e-06
   4.25103e-06   2.67404e-06   3.33666e-06   5.27748e-06   7.06074e-06   7.41683e-06   4.89782e-06
  -1.44330e-06  -1.00474e-05  -1.68589e-05  -1.80415e-05  -1.30619e-05  -5.56018e-06  -3.88320e-07
   2.97671e-07  -1.55011e-06  -2.06245e-06   8.88745e-07   6.03339e-06   9.82239e-06   8.81763e-06
   2.19453e-06  -7.25810e-06  -1.48066e-05  -1.74530e-05  -1.59306e-05  -1.30370e-05  -1.05713e-05
  -8.67554e-06  -6.57133e-06  -3.67859e-06  -1.87755e-07   3.77229e-06   8.18710e-06   1.22023e-05
   1.40093e-05   1.28420e-05   1.02529e-05   8.12133e-06   6.56012e-06   4.15780e-06   9.41855e-07
  -7.23767e-07   6.89579e-07   4.03935e-06   6.82527e-06   7.21902e-06   5.07782e-06   2.03014e-06
   1.97135e-07   3.76057e-07   1.75364e-06   3.04042e-06   3.43544e-06   2.82515e-06   1.40524e-06
  -1.87920e-07  -1.41842e-06  -2.37976e-06  -2.91484e-06  -2.20917e-06   8.10964e-08   2.38730e-06
   1.67866e-06  -3.28883e-06  -1.00615e-05  -1.44496e-05  -1.41396e-05  -1.04355e-05  -6.67650e-06
  -5.42132e-06  -7.35041e-06  -1.18316e-05  -1.70798e-05  -2.08478e-05  -2.21957e-05  -2.14534e-05
  -1.87003e-05  -1.32078e-05  -4.56581e-06   5.73244e-06   1.40084e-05   1.75542e-05   1.81102e-05
   2.01191e-05   2.55934e-05   3.18171e-05   3.41693e-05   3.05846e-05   2.28400e-05   1.42704e-05
   7.03438e-06   1.86940e-06  -6.12487e-07   3.30873e-07   4.21989e-06   8.26493e-06   8.76856e-06
   4.24441e-06  -2.91355e-06  -8.19767e-06  -8.66705e-06  -4.78648e-06   1.08769e-07   1.75014e-06
  -2.39676e-06  -1.09315e-05  -1.85230e-05  -2.00164e-05  -1.46145e-05  -6.33333e-06  -7.60940e-07
  -7.89628e-07  -5.12484e-06  -1.02575e-05  -1.35012e-05  -1.41647e-05  -1.25477e-05  -9.27928e-06
  -5.53631e-06  -3.31466e-06  -4.68147e-06  -1.00564e-05  -1.70600e-05  -2.12264e-05  -1.86601e-05
  -9.16434e-06   3.35839e-06   1.33744e-05   1.72300e-05   1.50605e-05   1.04619e-05   8.16648e-06
   1.05281e-05   1.54929e-05   1.83443e-05   1.62322e-05   1.07132e-05   5.67066e-06   3.58975e-06
   4.00050e-06   5.02965e-06   5.81809e-06   7.26254e-06   1.07747e-05   1.61673e-05   2.07330e-05
   2.09221e-05   1.53971e-05   6.50513e-06  -1.23969e-06  -4.17103e-06  -2.31733e-06   4.63569e-07
  -3.07836e-07  -5.84966e-06  -1.33085e-05  -1.83198e-05  -1.81801e-05  -1.35954e-05  -7.78637e-06
  -4.38595e-06  -5.62913e-06  -1.12487e-05  -1.80663e-05  -2.20946e-05  -2.18005e-05  -1.87650e-05
  -1.52147e-05  -1.17427e-05  -8.18775e-06  -5.09238e-06  -3.24983e-06  -2.44141e-06  -1.30993e-06
   1.58606e-06   6.25129e-06   1.10641e-05   1.40389e-05   1.43223e-05   1.31378e-05   1.29947e-05
   1.49991e-05   1.78494e-05   1.95834e-05   1.90794e-05   1.61615e-05   1.13213e-05   5.42581e-06
  -7.90259e-07  -6.49913e-06  -1.02104e-05  -1.05242e-05  -7.57102e-06  -3.22573e-06   2.29218e-07
   1.35883e-06   1.39496e-07  -1.91559e-06  -2.34171e-06   5.69141e-07   5.81989e-06   9.60004e-06
   7.61793e-06  -1.64043e-06  -1.51271e-05  -2.58988e-05  -2.69286e-05  -1.72337e-05  -3.42094e-06
   6.23750e-06   8.88700e-06   7.88758e-06   7.10502e-06   6.71085e-06   4.96736e-06   1.82411e-06