       3
(7e14.5)
     0.0000e+00     0.0000e+00      0  0  0.00
     300   1.00000  0.0000e+00
   7.80139e-06   1.16408e-05   9.06522e-06   9.42567e-07  -7.45915e-06  -1.10357e-05  -9.21593e-06
  -5.07773e-06  -1.36770e-06   2.37653e-06   7.07478e-06   1.04896e-05   8.58755e-06   2.08945e-06
  -1.88667e-06   1.28987e-06   7.41694e-06   7.98868e-06  -4.79486e-07  -1.18700e-05  -1.73036e-05
  -1.27218e-05  -1.67502e-06   9.14265e-06   1.37243e-05   9.86810e-06   1.32453e-06  -4.53721e-06
  -3.35449e-06   2.23838e-06   6.24418e-06   4.04654e-06  -4.63214e-06  -1.26677e-05  -1.21757e-05
  -3.51470e-06   5.18501e-06   7.04843e-06   3.06696e-06  -5.02394e-07  -1.03405e-06  -2.22617e-06
  -2.09826e-06   9.96827e-08   3.09009e-06   4.58556e-06   2.63166e-06  -3.17500e-06  -1.02051e-05
  -1.09752e-05  -7.71390e-06   6.01403e-07   1.02289e-05   1.67736e-05   1.65699e-05   8.50349e-06
  -2.31239e-06  -1.09238e-05  -1.11908e-05  -4.26750e-06   3.40490e-06   5.53047e-06   1.67565e-06
  -5.15731e-06  -1.14348e-05  -1.18396e-05  -7.26799e-06  -9.27846e-07   4.82798e-06  -6.84811e-06
  -1.82484e-05  -4.03410e-05  -2.48931e-05   6.52873e-06   1.64040e-05   5.03653e-05   6.91876e-05
   5.31527e-05   5.38926e-05   5.23473e-05   4.27696e-05   3.60608e-05   2.32185e-06  -3.84970e-05
  -9.99288e-05  -1.55556e-04  -1.77252e-04  -1.60156e-04  -9.10599e-05   1.72294e-05   1.28929e-04
   2.04508e-04   2.22914e-04   1.69473e-04   5.83057e-05  -5.85702e-05  -1.33116e-04  -1.46227e-04
  -9.71982e-05  -2.15576e-05   3.71670e-05   4.73007e-05   1.84907e-05  -1.90498e-05  -3.83682e-05
  -2.14801e-05   1.32440e-05   3.38055e-05   3.03395e-05   6.09035e-06  -1.17665e-05  -7.70009e-06
   1.54077e-05   3.03830e-05   2.29785e-05  -6.85570e-06  -2.45093e-05  -2.22890e-05  -4.70828e-06
   2.42164e-06  -7.76682e-07  -3.61923e-06   4.00333e-06   1.17571e-05   7.40445e-06  -3.78265e-06
  -1.12699e-05  -8.71293e-06  -5.57192e-06  -1.01842e-05  -2.50023e-06   2.12295e-05   2.08534e-05
   5.56769e-06  -4.90285e-06  -1.12687e-05  -3.40787e-06   3.73493e-06   3.20233e-06   8.45729e-06
   7.78634e-06  -6.12002e-06  -2.41491e-05  -2.21588e-05  -5.36409e-07   1.44461e-05   1.65203e-05
   1.81534e-05   1.21085e-05  -2.68328e-06  -9.25960e-06  -2.81789e-06   2.48551e-06  -2.81106e-06
  -8.36460e-06  -9.53817e-06  -1.40535e-05  -1.62316e-05  -2.72464e-06   6.05454e-06   6.73996e-06
   1.24712e-05   1.22895e-05   9.02587e-06   3.70616e-06  -4.69110e-06  -1.24585e-05  -1.17500e-05
  -7.80290e-06   2.86200e-06   1.39361e-05   1.39986e-05   5.09929e-06  -4.64311e-06  -1.05677e-05
  -6.70023e-06   6.76165e-07   1.60625e-06  -5.84102e-06  -6.18815e-06   2.55544e-06   5.23897e-06
  -5.22305e-07  -4.05205e-06  -7.02828e-06  -5.74562e-06   2.05618e-06   1.06679e-05   1.50659e-05
   1.51573e-05   1.01242e-05  -3.28187e-07  -1.22853e-05  -1.81412e-05  -1.25758e-05   3.26237e-07
   7.28604e-06   6.90548e-06   6.08679e-06   3.63460e-06   2.53175e-07  -4.40879e-06  -5.99929e-06
  -3.13600e-07   7.95336e-06   1.12486e-05   1.16071e-05   8.60979e-06   3.18485e-06  -4.20553e-06
  -1.36964e-05  -1.80276e-05  -1.47317e-05  -6.35467e-06  -6.99041e-07  -5.79700e-07  -1.14392e-06
   9.87476e-07   6.34961e-06   8.12903e-06   5.20946e-06  -1.10421e-06  -4.45892e-06  -2.98522e-06
  -3.58773e-07   3.24938e-06   6.05589e-06   4.56744e-06  -1.73933e-07  -4.37519e-06  -4.90470e-06
  -1.09729e-06   4.86774e-06   7.40223e-06   4.06035e-06  -1.45591e-06  -6.09977e-06  -8.43445e-06
  -5.97681e-06  -1.18189e-06   1.18911e-06   8.87011e-07  -9.80070e-08  -2.03004e-06  -3.57359e-06
  -1.60744e-06   3.49620e-06   7.98993e-06   8.55457e-06   2.99432e-06  -1.83424e-06  -3.22025e-06
  -5.20343e-06  -6.95143e-06  -7.87126e-06  -5.27428e-06   4.02197e-07   6.17440e-06   9.84161e-06
   9.90855e-06   6.37977e-06   1.79980e-06  -1.42786e-06  -3.72327e-07   3.08028e-06   4.82891e-06
   1.58486e-06  -5.62136e-06  -1.12040e-05  -1.18301e-05  -7.32884e-06  -9.78898e-08   6.48379e-06
   1.03543e-05   9.47858e-06   3.99478e-06  -1.75856e-06  -5.16921e-06  -4.12918e-06   2.46089e-06
   1.04271e-05   1.38031e-05   9.70162e-06  -2.03528e-06  -1.46409e-05  -1.82208e-05  -1.17345e-05
  -2.52110e-06   2.24531e-06   9.86783e-07  -3.87704e-06  -7.14376e-06  -5.26182e-06   8.66059e-07
   7.65503e-06   1.17084e-05   1.04860e-05   2.88627e-06  -4.48219e-06  -6.73075e-06
     0.0000e+00     0.0000e+00      0  0  0.00
     300   1.00000  0.0000e+00
   3.48045e-06  -9.31976e-06  -1.92333e-05  -2.10853e-05  -1.46130e-05  -3.86602e-06   4.98242e-06
   8.35838e-06   6.83752e-06   1.33943e-06  -7.72170e-06  -1.80585e-05  -2.31001e-05  -1.75639e-05
  -4.52570e-06   7.73596e-06   1.37402e-05   1.53096e-05   1.71359e-05   1.93753e-05   1.78345e-05
   1.13543e-05   5.54823e-06   5.76916e-06   1.01131e-05   1.15878e-05   6.34107e-06  -1.73446e-06
  -7.73905e-06  -1.09114e-05  -1.27837e-05  -1.38352e-05  -1.17113e-05  -5.26620e-06   2.94083e-06
   8.79664e-06   1.18372e-05   1.29467e-05   1.15204e-05   6.42488e-06  -1.58018e-06  -8.96586e-06
  -9.24527e-06  -7.53808e-06  -3.67474e-06   1.58038e-06   4.72485e-07  -1.81164e-06  -4.59684e-06
  -4.98284e-06  -5.05353e-06  -4.67646e-06  -5.71993e-06  -6.91971e-06  -4.76769e-06  -1.04689e-06
   8.25504e-06   1.87186e-05   2.20570e-05   1.39911e-05  -3.08992e-06  -1.69495e-05  -2.42422e-05
  -1.88692e-05  -5.46436e-06   9.98840e-06   1.94176e-05   1.85052e-05   5.85507e-06  -1.36269e-05
  -2.33794e-05  -2.61240e-05  -1.26609e-05   5.44321e-06   2.11714e-05   1.93472e-05   1.95514e-05
   1.72258e-05   3.47765e-06  -1.64227e-06  -7.38843e-06  -1.70838e-05  -2.72210e-05  -3.85535e-05
  -4.65779e-05  -3.75933e-05  -2.67959e-05  -3.69211e-06   2.54908e-05   6.47263e-05   1.04330e-04
   1.21154e-04   1.11709e-04   6.89953e-05   3.16152e-06  -6.46910e-05  -1.15308e-04  -1.28020e-04
  -9.96498e-05  -4.03274e-05   1.53059e-05   3.99534e-05   2.84226e-05  -1.02612e-05  -3.51327e-05
  -2.69761e-05   1.66498e-05   5.13488e-05   5.82371e-05   2.00895e-05  -2.76485e-05  -4.70382e-05
  -2.49132e-05   1.21605e-05   2.66132e-05   7.27887e-06  -1.79397e-05  -1.82229e-05  -1.10094e-06
   1.67191e-05   1.67369e-05   6.94581e-06   9.02889e-06   2.44202e-05   2.94299e-05   6.09143e-06
  -1.38595e-05   1.70325e-07   2.65148e-05   1.44506e-05  -1.61045e-05  -2.48870e-05  -1.65313e-05
  -1.19691e-05  -2.26574e-06   3.74578e-06  -8.96619e-06  -2.75333e-05  -2.74213e-05  -1.15551e-05
   1.84234e-06   4.00707e-06   1.09745e-05   2.38835e-05   2.35475e-05   1.19391e-05   4.12642e-06
  -1.48239e-06  -1.34257e-05  -1.91445e-05  -8.89939e-06  -8.84233e-07  -1.75438e-06   2.25737e-06
   7.40723e-06   3.27662e-06   2.55643e-06   2.81846e-06   4.46573e-06   1.08245e-05   1.37653e-05
   7.95897e-06   8.31727e-07  -5.66881e-06  -2.00670e-05  -2.97729e-05  -2.76370e-05  -1.86879e-05
   1.52722e-07   1.82105e-05   2.58698e-05   2.72809e-05   2.29574e-05   1.46743e-05   4.95720e-06
   1.88641e-06   1.82561e-06   2.08769e-06  -1.08782e-06  -8.76409e-06  -1.82194e-05  -1.99416e-05
  -1.11232e-05   3.62833e-06   1.21490e-05   8.31333e-06  -7.53382e-07  -7.68944e-06  -8.94718e-06
  -3.58578e-06   3.40045e-06   5.15783e-06  -2.41354e-06  -1.03997e-05  -1.21289e-05  -6.42027e-06
   1.39864e-06   4.50199e-06   3.96917e-06   6.60267e-07  -7.81473e-07  -2.21050e-07  -1.37170e-06
  -6.42623e-06  -1.02984e-05  -9.50107e-06  -1.81554e-06   9.73135e-06   1.18790e-05   3.93979e-06
  -2.80683e-06   1.44174e-06   1.00484e-05   1.43234e-05   1.23221e-05   5.68552e-06  -7.92296e-07
  -3.29252e-06  -3.87632e-06  -4.02635e-06  -2.72426e-06  -2.85285e-06  -4.23107e-06  -3.48647e-06
   5.72850e-07   5.63885e-06   1.03683e-05   1.04076e-05   4.28326e-06  -5.20227e-07  -1.83409e-06
   1.09790e-06   6.86165e-06   1.48085e-05   1.78298e-05   1.12534e-05  -3.22447e-06  -1.76799e-05
  -2.42330e-05  -2.23996e-05  -1.82425e-05  -1.38128e-05  -8.27102e-06  -1.28087e-06   4.82653e-06
   6.30308e-06   4.23077e-06   5.07090e-06   9.15665e-06   1.30380e-05   1.14817e-05   2.86495e-06
  -5.51678e-06  -5.68901e-06  -8.74426e-07  -5.73165e-07  -6.66008e-06  -1.22191e-05  -1.03276e-05
  -2.43244e-06   4.01488e-06   4.63422e-06   5.61314e-07  -5.46543e-06  -6.38543e-06  -3.09221e-06
   2.65143e-07   2.14291e-06   3.82102e-06   5.22369e-06   4.91560e-06   1.62102e-06  -3.89492e-06
  -9.08397e-06  -1.32805e-05  -1.50561e-05  -1.30218e-05  -6.28365e-06   2.59113e-06   9.75488e-06
   1.13943e-05   8.86177e-06   8.19144e-06   1.28454e-05   2.08332e-05   2.49625e-05   1.94815e-05
   6.76993e-06  -7.17804e-06  -1.58662e-05  -1.66550e-05  -1.03173e-05  -2.49270e-06   3.66321e-06
   7.53059e-06   8.84064e-06   8.75378e-06   8.10744e-06   8.52199e-06   7.24771e-06
     0.0000e+00     0.0000e+00      0  0  0.00
     300   1.00000  0.0000e+00
   4.47882e-06   2.86260e-06  -3.31942e-07  -3.80143e-06  -4.97145e-06  -3.15436e-06   1.71281e-07
   2.70688e-06   2.08266e-06  -1.04347e-06  -4.55104e-06  -7.21389e-06  -8.06757e-06  -4.58517e-06
   3.50475e-06   1.03634e-05   9.22276e-06   9.71756e-07  -6.69154e-06  -6.81059e-06  -2.64457e-07
   7.30658e-06   1.15751e-05   1.07753e-05   5.00279e-06  -3.39923e-06  -9.69331e-06  -9.02328e-06
  -1.96779e-06   5.20105e-06   5.95477e-06   9.67042e-07  -3.39240e-06  -1.83809e-06   4.09751e-06
   9.27603e-06   9.56612e-06   4.56849e-06  -1.86875e-06  -7.10200e-06  -9.16166e-06  -5.94055e-06
   4.12668e-06   8.51016e-06   8.51120e-06   3.00712e-06  -7.29743e-06  -1.72070e-05  -2.31711e-05
  -1.85734e-05  -8.01022e-06   3.27835e-06   1.04873e-05   9.15068e-06   4.14585e-06   1.97590e-06
   5.03668e-06   1.02811e-05   1.08404e-05   8.43760e-06   3.71350e-07  -8.09783e-06  -1.48876e-05
  -1.32030e-05  -2.54186e-06   9.21106e-06   1.16099e-05   1.09042e-06  -1.46456e-05  -2.18442e-05
  -1.20093e-05   1.39072e-05   2.46115e-05   2.22994e-05   2.30943e-05   3.70843e-07  -3.62612e-06
   4.28534e-06  -3.72024e-06  -4.01784e-06   4.06850e-06  -1.93305e-06  -5.36252e-06  -3.44549e-06
  -2.08431e-06  -3.88757e-06  -3.49788e-06  -7.79818e-06  -1.51540e-05  -2.37829e-05  -3.59356e-05
  -4.09259e-05  -3.40591e-05  -1.09991e-05   3.12861e-05   7.63408e-05   1.07002e-04   1.04017e-04
   6.19388e-05   4.48080e-08  -6.18948e-05  -9.65052e-05  -8.83935e-05  -5.94558e-05  -2.27277e-05
   8.92291e-07   8.70676e-06   1.06672e-05   2.27900e-05   3.22129e-05   3.63621e-05   2.38503e-05
   2.88264e-06  -1.27025e-05  -1.51995e-05  -9.56749e-07   1.10922e-05   7.77296e-06  -2.85211e-06
  -1.07222e-05  -1.16933e-06   7.82003e-06   2.91578e-06  -1.64185e-05  -2.85966e-05  -1.56276e-05
   4.21112e-06   1.10668e-05   5.57428e-06   8.93818e-06   1.84701e-05   1.59492e-05   1.82562e-06
  -5.35186e-06  -3.93960e-06   5.56780e-06   1.28228e-05   1.72560e-06  -1.06900e-05  -1.17257e-05
  -1.18149e-05  -1.85608e-05  -1.69582e-05   4.20395e-06   2.04971e-05   1.43188e-05   5.32593e-06
   7.31264e-07  -5.07693e-06  -1.05179e-05  -6.76181e-06   6.48320e-06   2.36338e-06  -5.83799e-06
   1.35980e-06   2.97841e-06  -4.55267e-06   6.84047e-07   7.81914e-06  -3.84132e-08  -2.34317e-06
   2.19884e-06  -1.44833e-06  -2.41097e-06  -3.58160e-06  -1.50061e-05  -1.33678e-05  -3.78327e-07
   1.20667e-05   1.97403e-05   1.48384e-05   5.78406e-06   1.86164e-07   3.98168e-07   2.99798e-06
  -1.99748e-06  -9.13088e-06  -1.01007e-05  -4.37753e-06  -2.86385e-07   9.51797e-07   1.34118e-06
   4.84457e-06   6.79637e-06   2.40497e-06  -3.05533e-06  -4.42577e-06  -1.70977e-06   4.06696e-06
   6.62376e-06   3.61279e-06  -3.17651e-06  -9.58436e-06  -1.15725e-05  -6.36411e-06   4.46973e-06
   1.57883e-05   2.13592e-05   1.47225e-05  -1.30699e-06  -1.23941e-05  -1.51715e-05  -1.02805e-05
  -2.25896e-06  -1.01963e-06  -4.21831e-06  -4.83166e-06  -5.74633e-06  -6.99081e-06  -6.12823e-06
  -2.80524e-06   2.95166e-06   9.66871e-06   9.45796e-06   2.62304e-06  -2.53975e-06  -4.63043e-07
   7.51094e-06   1.33523e-05   8.74080e-06  -1.89787e-06  -1.05253e-05  -1.17806e-05  -6.92837e-06
  -3.51560e-07   3.79840e-06   2.58132e-06  -3.32552e-06  -1.12469e-05  -1.63599e-05  -8.81270e-06
   1.03115e-05   2.85981e-05   3.32256e-05   1.97173e-05  -1.97775e-06  -1.62916e-05  -1.71785e-05
  -8.31944e-06   3.81388e-07   2.39601e-06  -9.49097e-07  -4.39208e-06  -3.65436e-06  -1.02031e-06
   3.01248e-06   5.83955e-06   6.41797e-06   5.75335e-06   3.89238e-06   2.05016e-06   3.33714e-07
  -1.48317e-06  -4.66781e-06  -7.22352e-06  -7.81765e-06  -5.49367e-06   2.05108e-07   7.85289e-06
   1.02669e-05   3.19756e-06  -6.79523e-06  -1.19602e-05  -9.88036e-06  -4.91335e-06  -1.43709e-06
  -4.25679e-07   1.31068e-06   1.97576e-06  -6.54502e-07  -5.19617e-06  -3.98798e-06   4.39861e-06
   1.13727e-05   8.60131e-06  -1.27249e-06  -8.21874e-06  -5.48508e-06   1.87491e-06   5.58007e-06
   3.07416e-06  -2.32704e-06  -5.34308e-06  -1.67267e-06   7.14336e-06   1.35273e-05   1.10478e-05
   2.44971e-06  -7.18388e-06  -1.14679e-05  -6.53531e-06   3.29222e-06   1.01806e-05   9.75670e-06
   3.58403e-06  -4.73153e-06  -1.13435e-05  -1.22033e-05  -4.56991e-06   6.39373e-06