      10
(6e12.5)
     0.0000e+00     0.0000e+00      0  0  0.00
     512   1.00000  0.0000e+00
 2.41357e-08 2.77489e-08 3.07758e-08 3.31300e-08 3.47655e-08 3.56822e-08
 3.59281e-08 3.55976e-08 3.48252e-08 3.37743e-08 3.26226e-08 3.15420e-08
 3.06762e-08 3.01155e-08 2.98729e-08 2.98625e-08 2.98840e-08 2.96117e-08
 2.85919e-08 2.62537e-08 2.19371e-08 1.49316e-08 4.52728e-09-9.91246e-09
-2.88603e-08-5.25233e-08-8.07370e-08-1.12865e-07-1.47720e-07-1.83522e-07
-2.17912e-07-2.48028e-07-2.70653e-07-2.82441e-07-2.80181e-07-2.61103e-07
-2.23202e-07-1.65555e-07-8.86093e-08 5.57470e-09 1.13177e-07 2.28598e-07
 3.44625e-07 4.52849e-07 5.44328e-07 6.10357e-07 6.43199e-07 6.36889e-07
 5.88207e-07 4.97429e-07 3.68376e-07 2.08299e-07 2.80714e-08-1.58325e-07
-3.35469e-07-4.88027e-07-6.02021e-07-6.66732e-07-6.76686e-07-6.33007e-07
-5.43864e-07-4.23025e-07-2.86836e-07-1.51154e-07-2.87411e-08 7.26718e-08
 1.50852e-07 2.07506e-07 2.45482e-07 2.66518e-07 2.70658e-07 2.57377e-07
 2.27643e-07 1.85386e-07 1.37132e-07 8.98185e-08 4.82429e-08 1.39278e-08
-1.38245e-08-3.56993e-08-5.09644e-08-5.80943e-08-5.66532e-08-4.84218e-08
-3.65472e-08-2.35786e-08-1.04268e-08 2.79813e-09 1.52933e-08 2.53262e-08
 3.14996e-08 3.38212e-08 3.32045e-08 3.01835e-08 2.46239e-08 1.66609e-08
 7.30200e-09-2.23668e-09-1.13891e-08-2.00193e-08-2.76711e-08-3.36062e-08
-3.74841e-08-3.94724e-08-3.96945e-08-3.80615e-08-3.46899e-08-3.00271e-08
-2.44834e-08-1.82974e-08-1.17871e-08-5.39442e-09 5.45174e-10 5.84145e-09
 1.03031e-08 1.37531e-08 1.61375e-08 1.74952e-08 1.78872e-08 1.74211e-08
 1.62722e-08 1.46406e-08 1.27249e-08 1.07252e-08 8.82579e-09 7.17024e-09
 5.85515e-09 4.92727e-09 4.37818e-09 4.14916e-09 4.14312e-09 4.23657e-09
 4.29424e-09 4.18663e-09 3.80557e-09 3.07648e-09 1.96689e-09 4.90974e-10
-1.29036e-09-3.27432e-09-5.32661e-09-7.29589e-09-9.03030e-09-1.03940e-08
-1.12821e-08-1.16322e-08-1.14303e-08-1.07098e-08-9.54574e-09-8.04419e-09
-6.32835e-09-4.52319e-09-2.74045e-09-1.06692e-09 4.41850e-10 1.76204e-09
 2.89718e-09 3.87022e-09 4.71336e-09 5.45710e-09 6.12020e-09 6.70303e-09
 7.18602e-09 7.53355e-09 7.70213e-09 7.65011e-09 7.34717e-09 6.78193e-09
 5.96675e-09 4.93834e-09 3.75328e-09 2.47941e-09 1.18526e-09-6.97694e-11
-1.24235e-09-2.30831e-09-3.26122e-09-4.10723e-09-4.85729e-09-5.51891e-09
-6.08962e-09-6.55367e-09-6.88268e-09-7.04066e-09-6.99219e-09-6.71141e-09
-6.18921e-09-5.43704e-09-4.48668e-09-3.38574e-09-2.18993e-09-9.54306e-10
 2.74310e-10 1.46176e-09 2.58710e-09 3.63974e-09 4.61376e-09 5.50076e-09
 6.28375e-09 6.93516e-09 7.41935e-09 7.69819e-09 7.73810e-09 7.51743e-09
 7.03241e-09 6.29897e-09 5.35008e-09 4.22989e-09 2.98625e-09 1.66354e-09
 2.98131e-10-1.08198e-09-2.45411e-09-3.79591e-09-5.08002e-09-6.27013e-09
-7.32037e-09-8.17896e-09-8.79509e-09-9.12687e-09-9.14812e-09-8.85221e-09
-8.25152e-09-7.37327e-09-6.25328e-09-4.93007e-09-3.44105e-09-1.82178e-09
-1.08162e-10 1.65941e-09 3.43179e-09 5.14875e-09 6.74043e-09 8.13269e-09
 9.25512e-09 1.00493e-08 1.04753e-08 1.05142e-08 1.01668e-08 9.45026e-09
 8.39242e-09 7.02876e-09 5.40080e-09 3.55738e-09 1.55731e-09-5.28366e-10
-2.61617e-09-4.61332e-09-6.42441e-09-7.96022e-09-9.14644e-09-9.92996e-09
-1.02818e-08-1.01964e-08-9.68851e-09-8.78961e-09-7.54486e-09-6.01213e-09
-4.26238e-09-2.37996e-09-4.60840e-10 1.39233e-09 3.07829e-09 4.50694e-09
 5.60848e-09 6.33966e-09 6.68627e-09 6.66147e-09 6.30123e-09 5.65887e-09
 4.80047e-09 3.80141e-09 2.74398e-09 1.71459e-09 7.98904e-10 7.41213e-11
-4.00761e-10-5.94346e-10-5.09139e-10-1.82567e-10 3.17917e-10 9.04256e-10
 1.47908e-09 1.94639e-09 2.22008e-09 2.22989e-09 1.92544e-09 1.27984e-09
 2.94469e-10-9.96046e-10-2.52080e-09-4.17399e-09-5.82179e-09-7.31496e-09
-8.50580e-09-9.26609e-09-9.50226e-09-9.16479e-09-8.25142e-09-6.80512e-09
-4.90855e-09-2.67654e-09-2.48193e-10 2.22177e-09 4.57359e-09 6.65608e-09
 8.34181e-09 9.54108e-09 1.02110e-08 1.03576e-08 1.00304e-08 9.31099e-09
 8.29730e-09 7.08871e-09 5.77399e-09 4.42419e-09 3.08935e-09 1.79785e-09
 5.57527e-10-6.40933e-10-1.81822e-09-2.99830e-09-4.19876e-09-5.42090e-09
-6.64222e-09-7.81423e-09-8.86748e-09-9.72305e-09-1.03064e-08-1.05592e-08
-1.04464e-08-9.95776e-09-9.10623e-09-7.92283e-09-6.45079e-09-4.73912e-09
-2.83647e-09-7.85529e-10 1.38139e-09 3.64458e-09 5.99519e-09 8.42839e-09
 1.09319e-08 1.34726e-08 1.59861e-08 1.83714e-08 2.04941e-08 2.21956e-08
 2.33067e-08 2.36612e-08 2.31088e-08 2.15262e-08 1.88267e-08 1.49694e-08
 9.96746e-09 3.89502e-09-3.10924e-09-1.08415e-08-1.90351e-08-2.73648e-08
-3.54518e-08-4.28706e-08-4.91611e-08-5.38485e-08-5.64717e-08-5.66219e-08
-5.39851e-08-4.83852e-08-3.98204e-08-2.84882e-08-1.47954e-08 6.45809e-10
 1.70406e-08 3.34519e-08 4.88609e-08 6.22436e-08 7.26577e-08 7.93281e-08
 8.17201e-08 7.95907e-08 7.30138e-08 6.23795e-08 4.83682e-08 3.19016e-08
 1.40742e-08-3.93302e-09-2.09492e-08-3.59131e-08-4.79640e-08-5.65092e-08
-6.12599e-08-6.22275e-08-5.96873e-08-5.41229e-08-4.61654e-08-3.65324e-08
-2.59670e-08-1.51804e-08-4.80647e-09 4.62685e-09 1.27130e-08 1.91714e-08
 2.38437e-08 2.66846e-08 2.77508e-08 2.71887e-08 2.52205e-08 2.21245e-08
 1.82123e-08 1.38037e-08 9.20494e-09 4.69054e-09 4.89500e-10-3.22238e-09
-6.32466e-09-8.74949e-09-1.04746e-08-1.15129e-08-1.19012e-08-1.16906e-08
-1.09419e-08-9.72490e-09-8.11953e-09-6.21426e-09-4.10276e-09-1.87841e-09
 3.71362e-10 2.56891e-09 4.64719e-09 6.54797e-09 8.21979e-09 9.61717e-09
 1.07015e-08 1.14420e-08 1.18165e-08 1.18118e-08 1.14256e-08 1.06678e-08
 9.56075e-09 8.13651e-09 6.43236e-09 4.48594e-09 2.33310e-09 9.57634e-12
-2.44366e-09-4.97406e-09-7.51380e-09-9.98107e-09-1.22863e-08-1.43403e-08
-1.60622e-08-1.73850e-08-1.82581e-08-1.86491e-08-1.85437e-08-1.79425e-08
-1.68580e-08-1.53102e-08-1.33256e-08-1.09387e-08-8.19464e-09-5.15086e-09
-1.87629e-09 1.55184e-09 5.05159e-09 8.53845e-09 1.19254e-08 1.51216e-08
 1.80326e-08 2.05638e-08 2.26268e-08 2.41472e-08 2.50704e-08 2.53645e-08
 2.50206e-08 2.40502e-08 2.24811e-08 2.03517e-08 1.77056e-08 1.45885e-08
 1.10482e-08 7.13966e-09 2.93104e-09-1.48946e-09-6.00953e-09-1.04915e-08
-1.47747e-08-1.86801e-08-2.20198e-08-2.46086e-08-2.62808e-08-2.69087e-08
-2.64200e-08-2.48106e-08-2.21506e-08-1.85819e-08-1.43091e-08-9.58538e-09
-4.69414e-09 7.11938e-11 4.42696e-09 8.11661e-09 1.09259e-08 1.26980e-08
 1.33510e-08 1.28941e-08 1.14419e-08 9.22000e-09 6.55866e-09 3.87520e-09
 1.64393e-09 3.51543e-10
     0.0000e+00     0.0000e+00      0  0  0.00
     512   1.00000  0.0000e+00
-1.52532e-09-8.80887e-10-2.09543e-10 4.45572e-10 1.03878e-09 1.52510e-09
 1.86367e-09 2.02159e-09 1.97800e-09 1.72822e-09 1.28718e-09 6.91826e-10
 1.92901e-12-7.00874e-10-1.31611e-09-1.72958e-09-1.82020e-09-1.46721e-09
-5.58190e-10 9.99807e-10 3.26339e-09 6.23244e-09 9.83216e-09 1.39018e-08
 1.81903e-08 2.23563e-08 2.59776e-08 2.85709e-08 2.96257e-08 2.86521e-08
 2.52372e-08 1.91029e-08 1.01578e-08-1.46273e-09-1.53692e-08-3.09061e-08
-4.71553e-08-6.29601e-08-7.69742e-08-8.77410e-08-9.38020e-08-9.38276e-08
-8.67735e-08-7.20939e-08-4.99939e-08-2.15946e-08 1.11048e-08 4.54380e-08
 7.83595e-08 1.06809e-07 1.28146e-07 1.40467e-07 1.42642e-07 1.34211e-07
 1.15380e-07 8.72026e-08 5.18068e-08 1.23472e-08-2.73574e-08-6.31509e-08
-9.09395e-08-1.07561e-07-1.11764e-07-1.04634e-07-8.92771e-08-6.97646e-08
-4.96869e-08-3.11286e-08-1.45580e-08 5.38147e-10 1.46487e-08 2.73796e-08
 3.73316e-08 4.28601e-08 4.31858e-08 3.90344e-08 3.22862e-08 2.48573e-08
 1.76695e-08 1.05356e-08 3.01214e-09-4.62444e-09-1.12423e-08-1.56877e-08
-1.77163e-08-1.80410e-08-1.74719e-08-1.61392e-08-1.36709e-08-1.00221e-08
-5.85671e-09-1.99161e-09 1.32920e-09 4.36368e-09 7.18164e-09 9.39471e-09
 1.06616e-08 1.11388e-08 1.11906e-08 1.08773e-08 1.00408e-08 8.75607e-09
 7.34121e-09 5.95655e-09 4.52299e-09 3.04017e-09 1.67478e-09 5.02052e-10
-5.67467e-10-1.57469e-09-2.45522e-09-3.19873e-09-3.86818e-09-4.47346e-09
-4.97367e-09-5.36735e-09-5.67492e-09-5.88135e-09-5.96091e-09-5.90892e-09
-5.71937e-09-5.37500e-09-4.86854e-09-4.20781e-09-3.40767e-09-2.49371e-09
-1.50515e-09-4.87700e-10 5.11822e-10 1.44786e-09 2.28091e-09 2.98113e-09
 3.52864e-09 3.91377e-09 4.13756e-09 4.21140e-09 4.15559e-09 3.99688e-09
 3.76492e-09 3.48853e-09 3.19210e-09 2.89248e-09 2.59700e-09 2.30321e-09
 2.00039e-09 1.67271e-09 1.30340e-09 8.79267e-10 3.94652e-10-1.46337e-10
-7.29677e-10-1.33306e-09-1.92840e-09-2.48457e-09-2.97043e-09-3.35827e-09
-3.62744e-09-3.76690e-09-3.77586e-09-3.66233e-09-3.44063e-09-3.12890e-09
-2.74695e-09-2.31423e-09-1.84756e-09-1.35936e-09-8.57264e-10-3.45401e-10
 1.73252e-10 6.94520e-10 1.21132e-09 1.71284e-09 2.18453e-09 2.60894e-09
 2.96744e-09 3.24258e-09 3.42052e-09 3.49296e-09 3.45822e-09 3.32121e-09
 3.09231e-09 2.78543e-09 2.41569e-09 1.99729e-09 1.54192e-09 1.05833e-09
 5.52950e-10 3.13162e-11-5.00104e-10-1.03235e-09-1.55311e-09-2.04688e-09
-2.49601e-09-2.88257e-09-3.19043e-09-3.40732e-09-3.52624e-09-3.54595e-09
-3.47034e-09-3.30669e-09-3.06371e-09-2.74983e-09-2.37227e-09-1.93697e-09
-1.44956e-09-9.16933e-10-3.48872e-10 2.41206e-10 8.36479e-10 1.41788e-09
 1.96570e-09 2.46130e-09 2.88872e-09 3.23607e-09 3.49607e-09 3.66543e-09
 3.74327e-09 3.72931e-09 3.62293e-09 3.42346e-09 3.13163e-09 2.75125e-09
 2.29048e-09 1.76213e-09 1.18319e-09 5.73564e-10-4.55054e-11-6.53240e-10
-1.23112e-09-1.76407e-09-2.24055e-09-2.65156e-09-2.98910e-09-3.24497e-09
-3.41078e-09-3.47939e-09-3.44704e-09-3.31528e-09-3.09187e-09-2.79022e-09
-2.42745e-09-2.02191e-09-1.59086e-09-1.14892e-09-7.07418e-10-2.74688e-10
 1.42834e-10 5.39138e-10 9.07314e-10 1.23915e-09 1.52612e-09 1.76161e-09
 1.94347e-09 2.07561e-09 2.16759e-09 2.23198e-09 2.28039e-09 2.31993e-09
 2.35131e-09 2.36938e-09 2.36530e-09 2.32942e-09 2.25341e-09 2.13116e-09
 1.95840e-09 1.73176e-09 1.44773e-09 1.10234e-09 6.91665e-10 2.13363e-10
-3.31226e-10-9.34799e-10-1.58238e-09-2.25079e-09-2.90979e-09-3.52475e-09
-4.06014e-09-4.48299e-09-4.76534e-09-4.88545e-09-4.82807e-09-4.58455e-09
-4.15324e-09-3.54039e-09-2.76144e-09-1.84207e-09-8.18218e-10 2.65337e-10
 1.35798e-09 2.40736e-09 3.36394e-09 4.18516e-09 4.83846e-09 5.30277e-09
 5.56854e-09 5.63714e-09 5.51981e-09 5.23640e-09 4.81339e-09 4.28114e-09
 3.67040e-09 3.00860e-09 2.31678e-09 1.60818e-09 8.88882e-10 1.60051e-10
-5.79324e-10-1.33001e-09-2.09070e-09-2.85652e-09-3.61778e-09-4.35882e-09
-5.05731e-09-5.68439e-09-6.20602e-09-6.58583e-09-6.78922e-09-6.78784e-09
-6.56372e-09-6.11212e-09-5.44239e-09-4.57658e-09-3.54615e-09-2.38778e-09
-1.14002e-09 1.58739e-10 1.47138e-09 2.76311e-09 4.00314e-09 5.16647e-09
 6.23466e-09 7.19502e-09 8.03826e-09 8.75550e-09 9.33558e-09 9.76352e-09
 1.00205e-08 1.00853e-08 9.93674e-09 9.55575e-09 8.92628e-09 8.03504e-09
 6.87037e-09 5.42176e-09 3.68098e-09 1.64503e-09-6.80183e-10-3.27625e-09
-6.10947e-09-9.12839e-09-1.22611e-08-1.54119e-08-1.84589e-08-2.12531e-08
-2.36215e-08-2.53749e-08-2.63200e-08-2.62749e-08-2.50852e-08-2.26394e-08
-1.88831e-08-1.38298e-08-7.57076e-09-2.81261e-10 7.77668e-09 1.62578e-08
 2.47440e-08 3.27625e-08 3.98101e-08 4.53839e-08 4.90145e-08 5.03037e-08
 4.89631e-08 4.48515e-08 3.80083e-08 2.86740e-08 1.72925e-08 4.49080e-09
-8.96298e-09-2.22184e-08-3.44113e-08-4.47346e-08-5.25054e-08-5.72217e-08
-5.86043e-08-5.66192e-08-5.14771e-08-4.36103e-08-3.36269e-08-2.22490e-08
-1.02419e-08 1.65249e-09 1.27688e-08 2.25528e-08 3.05819e-08 3.65756e-08
 4.03981e-08 4.20501e-08 4.16520e-08 3.94205e-08 3.56442e-08 3.06572e-08
 2.48141e-08 1.84679e-08 1.19518e-08 5.56411e-09-4.43153e-10-5.87261e-09
-1.05835e-08-1.44882e-08-1.75462e-08-1.97570e-08-2.11529e-08-2.17928e-08
-2.17555e-08-2.11317e-08-2.00163e-08-1.84999e-08-1.66621e-08-1.45693e-08
-1.22759e-08-9.82795e-09-7.26729e-09-4.63491e-09-1.97339e-09 6.71245e-10
 3.24870e-09 5.70470e-09 7.98300e-09 1.00290e-08 1.17943e-08 1.32397e-08
 1.43364e-08 1.50650e-08 1.54121e-08 1.53698e-08 1.49352e-08 1.41134e-08
 1.29203e-08 1.13852e-08 9.55113e-09 7.47360e-09 5.21871e-09 2.86041e-09
 4.77568e-10-1.84981e-09-4.04504e-09-6.03952e-09-7.77737e-09-9.21964e-09
-1.03477e-08-1.11649e-08-1.16969e-08-1.19885e-08-1.20995e-08-1.20968e-08
-1.20464e-08-1.20053e-08-1.20138e-08-1.20899e-08-1.22260e-08-1.23860e-08
-1.25055e-08-1.24934e-08-1.22360e-08-1.16022e-08-1.04508e-08-8.64008e-09
-6.04216e-09-2.56080e-09 1.84748e-09 7.15286e-09 1.32359e-08 1.98780e-08
 2.67604e-08 3.34714e-08 3.95224e-08 4.43719e-08 4.74633e-08 4.82790e-08
 4.64129e-08 4.16502e-08 3.40311e-08 2.38823e-08 1.18095e-08-1.35140e-09
-1.46171e-08-2.69630e-08-3.74375e-08-4.52684e-08-4.99452e-08-5.12672e-08
-4.93492e-08-4.45866e-08-3.75886e-08-2.90906e-08-1.98640e-08-1.06408e-08
-2.05946e-09 5.36872e-09 1.12803e-08 1.54690e-08 1.78823e-08 1.86069e-08
 1.78473e-08 1.58985e-08 1.31179e-08 9.89737e-09 6.63821e-09 3.72822e-09
 1.52018e-09 3.16442e-10
     0.0000e+00     0.0000e+00      0  0  0.00
     512   1.00000  0.0000e+00
-2.41028e-08-3.09555e-08-3.74145e-08-4.29204e-08-4.68729e-08-4.86724e-08
-4.77699e-08-4.37221e-08-3.62481e-08-2.52834e-08-1.10265e-08 6.02810e-09
 2.50758e-08 4.50111e-08 6.44642e-08 8.18739e-08 9.56236e-08 1.04248e-07
 1.06598e-07 1.01923e-07 9.00294e-08 7.15010e-08 4.77018e-08 2.05700e-08
-7.58993e-09-3.43735e-08-5.76304e-08-7.57704e-08-8.79520e-08-9.41271e-08
-9.48980e-08-9.12193e-08-8.40862e-08-7.43671e-08-6.28380e-08-5.03196e-08
-3.77389e-08-2.60171e-08-1.58157e-08-7.29924e-09-1.32514e-10 6.24577e-09
 1.23089e-08 1.83288e-08 2.44385e-08 3.07307e-08 3.73614e-08 4.46362e-08
 5.29137e-08 6.22497e-08 7.21246e-08 8.15875e-08 8.95726e-08 9.49835e-08
 9.66152e-08 9.32197e-08 8.37191e-08 6.74279e-08 4.43107e-08 1.52022e-08
-1.81586e-08-5.32375e-08-8.69707e-08-1.16177e-07-1.37953e-07-1.50065e-07
-1.51324e-07-1.41783e-07-1.22681e-07-9.61673e-08-6.49140e-08-3.17261e-08
 7.27353e-10 3.00649e-08 5.43001e-08 7.19867e-08 8.24086e-08 8.57291e-08
 8.29441e-08 7.55349e-08 6.49542e-08 5.22701e-08 3.82309e-08 2.36727e-08
 9.81135e-09-1.99997e-09-1.08920e-08-1.68284e-08-2.02703e-08-2.15574e-08
-2.07545e-08-1.80495e-08-1.40372e-08-9.47294e-09-4.89663e-09-6.25456e-10
 3.04226e-09 5.80968e-09 7.51265e-09 8.13980e-09 7.75705e-09 6.48723e-09
 4.51944e-09 2.07844e-09-6.05920e-10-3.30531e-09-5.80996e-09-7.94965e-09
-9.59549e-09-1.06612e-08-1.11109e-08-1.09541e-08-1.02355e-08-9.03219e-09
-7.44743e-09-5.59724e-09-3.60150e-09-1.57812e-09 3.65016e-10 2.13600e-09
 3.66140e-09 4.88886e-09 5.78856e-09 6.35208e-09 6.59072e-09 6.53266e-09
 6.21866e-09 5.69727e-09 5.02057e-09 4.24043e-09 3.40572e-09 2.55993e-09
 1.73925e-09 9.71402e-10 2.75280e-10-3.38682e-10-8.67512e-10-1.31409e-09
-1.68486e-09-1.98745e-09-2.22911e-09-2.41585e-09-2.55124e-09-2.63599e-09
-2.66873e-09-2.64662e-09-2.56586e-09-2.42315e-09-2.21727e-09-1.94965e-09
-1.62479e-09-1.25064e-09-8.38191e-10-4.00484e-10 4.78194e-11 4.91527e-10
 9.16580e-10 1.31048e-09 1.66190e-09 1.96132e-09 2.20193e-09 2.37917e-09
 2.49013e-09 2.53344e-09 2.50866e-09 2.41584e-09 2.25614e-09 2.03242e-09
 1.74870e-09 1.41005e-09 1.02356e-09 5.98897e-10 1.48103e-10-3.14900e-10
-7.75499e-10-1.21980e-09-1.63481e-09-2.00790e-09-2.32741e-09-2.58382e-09
-2.77038e-09-2.88267e-09-2.91761e-09-2.87279e-09-2.74671e-09-2.53955e-09
-2.25427e-09-1.89660e-09-1.47405e-09-9.95583e-10-4.72309e-10 8.19825e-11
 6.50978e-10 1.21702e-09 1.76277e-09 2.27185e-09 2.72853e-09 3.11775e-09
 3.42564e-09 3.64050e-09 3.75356e-09 3.75886e-09 3.65274e-09 3.43391e-09
 3.10376e-09 2.66720e-09 2.13356e-09 1.51625e-09 8.31797e-10 9.94368e-11
-6.59069e-10-1.41995e-09-2.15835e-09-2.84954e-09-3.47018e-09-3.99888e-09
-4.41661e-09-4.70703e-09-4.85673e-09-4.85589e-09-4.69937e-09-4.38737e-09
-3.92573e-09-3.32595e-09-2.60483e-09-1.78403e-09-8.89625e-10 4.89271e-11
 1.00031e-09 1.93256e-09 2.81406e-09 3.61440e-09 4.30516e-09 4.86065e-09
 5.25908e-09 5.48394e-09 5.52498e-09 5.37872e-09 5.04873e-09 4.54579e-09
 3.88751e-09 3.09735e-09 2.20380e-09 1.23920e-09 2.38156e-10-7.63566e-10
-1.72997e-09-2.62643e-09-3.42120e-09-4.08646e-09-4.59977e-09-4.94561e-09
-5.11559e-09-5.10824e-09-4.92931e-09-4.59116e-09-4.11123e-09-3.51116e-09
-2.81590e-09-2.05217e-09-1.24755e-09-4.30259e-10 3.71667e-10 1.13183e-09
 1.82629e-09 2.43398e-09 2.93756e-09 3.32418e-09 3.58620e-09 3.72231e-09
 3.73836e-09 3.64664e-09 3.46448e-09 3.21314e-09 2.91635e-09 2.59814e-09
 2.27994e-09 1.97747e-09 1.69781e-09 1.43816e-09 1.18652e-09 9.23735e-10
 6.25714e-10 2.66445e-10-1.77433e-10-7.21502e-10-1.36902e-09-2.10790e-09
-2.91038e-09-3.73513e-09-4.53065e-09-5.23949e-09-5.80346e-09-6.16930e-09
-6.29446e-09-6.15129e-09-5.72898e-09-5.03393e-09-4.08903e-09-2.93182e-09
-1.61212e-09-1.88492e-10 1.27640e-09 2.72015e-09 4.08373e-09 5.31370e-09
 6.36370e-09 7.19586e-09 7.78246e-09 8.10704e-09 8.16439e-09 7.95950e-09
 7.50589e-09 6.82380e-09 5.93877e-09 4.88018e-09 3.67983e-09 2.37087e-09
 9.87209e-10-4.36836e-10-1.86654e-09-3.26698e-09-4.60389e-09-5.84452e-09
-6.95841e-09-7.91799e-09-8.69900e-09-9.28080e-09-9.64687e-09-9.78498e-09
-9.68702e-09-9.34878e-09-8.76942e-09-7.95101e-09-6.89843e-09-5.61966e-09
-4.12617e-09-2.43381e-09-5.63688e-10 1.45711e-09 3.59476e-09 5.80802e-09
 8.04796e-09 1.02578e-08 1.23731e-08 1.43223e-08 1.60281e-08 1.74094e-08
 1.83839e-08 1.88714e-08 1.87975e-08 1.80987e-08 1.67269e-08 1.46544e-08
 1.18797e-08 8.43158e-09 4.37376e-09-1.92551e-10-5.12802e-09-1.02573e-08
-1.53738e-08-2.02469e-08-2.46326e-08-2.82853e-08-3.09728e-08-3.24919e-08
-3.26844e-08-3.14520e-08-2.87696e-08-2.46938e-08-1.93678e-08-1.30185e-08
-5.94823e-09 1.48084e-09 8.86763e-09 1.57964e-08 2.18635e-08 2.67058e-08
 3.00292e-08 3.16334e-08 3.14313e-08 2.94593e-08 2.58771e-08 2.09564e-08
 1.50606e-08 8.61445e-09 2.06948e-09-4.13257e-09-9.59413e-09-1.39903e-08
-1.70893e-08-1.87655e-08-1.90033e-08-1.78936e-08-1.56183e-08-1.24278e-08
-8.61354e-09-4.48222e-09-3.33044e-10 3.56065e-09 6.96646e-09 9.70441e-09
 1.16538e-08 1.27546e-08 1.30041e-08 1.24507e-08 1.11854e-08 9.33309e-09
 7.04252e-09 4.47519e-09 1.79435e-09-8.45158e-10-3.30490e-09-5.46838e-09
-7.24437e-09-8.56881e-09-9.40541e-09-9.74483e-09-9.60240e-09-9.01466e-09
-8.03533e-09-6.73092e-09-5.17605e-09-3.44867e-09-1.62621e-09 2.17132e-10
 2.01197e-09 3.69474e-09 5.20893e-09 6.50640e-09 7.54875e-09 8.30798e-09
 8.76646e-09 8.91644e-09 8.75919e-09 8.30403e-09 7.56711e-09 6.57038e-09
 5.34075e-09 3.90946e-09 2.31120e-09 5.83078e-10-1.23605e-09-3.10547e-09
-4.98206e-09-6.82023e-09-8.57272e-09-1.01922e-08-1.16332e-08-1.28534e-08
-1.38158e-08-1.44892e-08-1.48488e-08-1.48756e-08-1.45564e-08-1.38835e-08
-1.28551e-08-1.14762e-08-9.75766e-09-7.71667e-09-5.37636e-09-2.76713e-09
 7.16502e-11 3.09013e-09 6.22724e-09 9.41049e-09 1.25562e-08 1.55706e-08
 1.83530e-08 2.07995e-08 2.28085e-08 2.42858e-08 2.51499e-08 2.53391e-08
 2.48165e-08 2.35736e-08 2.16318e-08 1.90404e-08 1.58742e-08 1.22275e-08
 8.20763e-09 3.92835e-09-4.94549e-10-4.94385e-09-9.29898e-09-1.34334e-08
-1.72133e-08-2.04982e-08-2.31459e-08-2.50203e-08-2.60046e-08-2.60156e-08
-2.50183e-08-2.30347e-08-2.01480e-08-1.64996e-08-1.22814e-08-7.72390e-09
-3.08257e-09 1.37709e-09 5.39561e-09 8.73723e-09 1.12087e-08 1.26775e-08
 1.30872e-08 1.24697e-08 1.09517e-08 8.75606e-09 6.19425e-09 3.64918e-09
 1.54775e-09 3.31515e-10
     0.0000e+00     0.0000e+00      0  0  0.00
     512   1.00000  0.0000e+00
 1.43114e-08 1.32605e-08 1.13155e-08 8.46034e-09 4.74104e-09 2.72141e-10
-4.75961e-09-1.00967e-08-1.54179e-08-2.03520e-08-2.44978e-08-2.74503e-08
-2.88323e-08-2.83284e-08-2.57213e-08-2.09337e-08-1.41047e-08-5.69677e-09
 3.47878e-09 1.24208e-08 2.01874e-08 2.60363e-08 2.93990e-08 2.98571e-08
 2.72618e-08 2.18789e-08 1.43986e-08 5.78873e-09-2.96429e-09-1.11150e-08
-1.82663e-08-2.42755e-08-2.90503e-08-3.23697e-08-3.38419e-08-3.30413e-08
-2.97464e-08-2.40946e-08-1.65213e-08-7.51643e-09 2.61279e-09 1.37703e-08
 2.58807e-08 3.86661e-08 5.15308e-08 6.35489e-08 7.35253e-08 8.01557e-08
 8.22848e-08 7.91830e-08 7.06173e-08 5.65854e-08 3.71084e-08 1.24867e-08
-1.63518e-08-4.78625e-08-8.00420e-08-1.10400e-07-1.35942e-07-1.53456e-07
-1.59919e-07-1.52912e-07-1.31226e-07-9.54534e-08-4.82621e-08 5.58503e-09
 5.96251e-08 1.06711e-07 1.40427e-07 1.56547e-07 1.54142e-07 1.35841e-07
 1.06994e-07 7.39441e-08 4.20238e-08 1.41145e-08-9.52266e-09-3.00361e-08
-4.81349e-08-6.28347e-08-7.17674e-08-7.29587e-08-6.66730e-08-5.56421e-08
-4.32787e-08-3.14241e-08-1.98324e-08-7.80686e-09 4.02517e-09 1.39020e-08
 2.06376e-08 2.45097e-08 2.63744e-08 2.65530e-08 2.49650e-08 2.18613e-08
 1.78697e-08 1.35235e-08 9.13885e-09 5.01118e-09 1.42441e-09-1.46439e-09
-3.59448e-09-4.94178e-09-5.55258e-09-5.54571e-09-5.05670e-09-4.22615e-09
-3.20989e-09-2.15354e-09-1.17489e-09-3.70049e-10 1.93785e-10 4.86810e-10
 5.07355e-10 2.75779e-10-1.65343e-10-7.59105e-10-1.44225e-09-2.14788e-09
-2.81122e-09-3.37609e-09-3.79701e-09-4.04116e-09-4.09024e-09-3.93987e-09
-3.59853e-09-3.08616e-09-2.43136e-09-1.66875e-09-8.37043e-10 2.35846e-11
 8.73864e-10 1.67742e-09 2.40275e-09 3.02457e-09 3.52448e-09 3.89103e-09
 4.11905e-09 4.20877e-09 4.16518e-09 3.99758e-09 3.71885e-09 3.34457e-09
 2.89188e-09 2.37852e-09 1.82199e-09 1.23896e-09 6.44615e-10 5.28307e-11
-5.23325e-10-1.07140e-09-1.57999e-09-2.03916e-09-2.44072e-09-2.77807e-09
-3.04547e-09-3.23749e-09-3.34937e-09-3.37822e-09-3.32368e-09-3.18765e-09
-2.97346e-09-2.68557e-09-2.33011e-09-1.91558e-09-1.45250e-09-9.51837e-10
-4.24325e-10 1.18569e-10 6.63549e-10 1.19585e-09 1.70109e-09 2.16695e-09
 2.58306e-09 2.93923e-09 3.22405e-09 3.42602e-09 3.53672e-09 3.55289e-09
 3.47532e-09 3.30591e-09 3.04616e-09 2.69880e-09 2.27097e-09 1.77508e-09
 1.22622e-09 6.38766e-10 2.55448e-11-6.00190e-10-1.22236e-09-1.82232e-09
-2.38163e-09-2.88469e-09-3.31884e-09-3.67246e-09-3.93366e-09-4.09148e-09
-4.13855e-09-4.07260e-09-3.89543e-09-3.61086e-09-3.22389e-09-2.74187e-09
-2.17611e-09-1.54190e-09-8.56815e-10-1.39005e-10 5.93378e-10 1.32138e-09
 2.02445e-09 2.68123e-09 3.27136e-09 3.77716e-09 4.18419e-09 4.48080e-09
 4.65745e-09 4.70714e-09 4.62676e-09 4.41789e-09 4.08656e-09 3.64229e-09
 3.09722e-09 2.46585e-09 1.76524e-09 1.01511e-09 2.37287e-10-5.45365e-10
-1.31034e-09-2.03642e-09-2.70376e-09-3.29387e-09-3.79020e-09-4.17905e-09
-4.45040e-09-4.59830e-09-4.62073e-09-4.51910e-09-4.29795e-09-3.96515e-09
-3.53210e-09-3.01354e-09-2.42663e-09-1.78999e-09-1.12281e-09-4.44161e-10
 2.27529e-10 8.75052e-10 1.48315e-09 2.03915e-09 2.53317e-09 2.95809e-09
 3.30909e-09 3.58289e-09 3.77706e-09 3.88989e-09 3.92049e-09 3.86881e-09
 3.73563e-09 3.52249e-09 3.23196e-09 2.86884e-09 2.44149e-09 1.96208e-09
 1.44525e-09 9.06252e-10 3.59370e-10-1.83146e-10-7.12060e-10-1.22282e-09
-1.71737e-09-2.20418e-09-2.69503e-09-3.19955e-09-3.72018e-09-4.24909e-09
-4.76661e-09-5.24040e-09-5.62523e-09-5.86522e-09-5.90061e-09-5.67833e-09
-5.16298e-09-4.34408e-09-3.23896e-09-1.89251e-09-3.74872e-10 1.22347e-09
 2.80108e-09 4.25863e-09 5.51248e-09 6.50399e-09 7.20218e-09 7.60110e-09
 7.71535e-09 7.57491e-09 7.21913e-09 6.68960e-09 6.02312e-09 5.24788e-09
 4.38430e-09 3.44932e-09 2.46071e-09 1.43885e-09 4.05615e-10-6.17852e-10
-1.61291e-09-2.56472e-09-3.46322e-09-4.30359e-09-5.08538e-09-5.80943e-09
-6.47285e-09-7.06446e-09-7.56289e-09-7.93846e-09-8.15803e-09-8.19098e-09
-8.01433e-09-7.61605e-09-6.99622e-09-6.16623e-09-5.14618e-09-3.96101e-09
-2.63653e-09-1.19727e-09 3.33001e-10 1.92854e-09 3.55821e-09 5.18330e-09
 6.75792e-09 8.23184e-09 9.55472e-09 1.06808e-08 1.15727e-08 1.22026e-08
 1.25521e-08 1.26093e-08 1.23661e-08 1.18158e-08 1.09531e-08 9.77639e-09
 8.29158e-09 6.51671e-09 4.48492e-09 2.24475e-09-1.42173e-10-2.60536e-09
-5.06982e-09-7.45950e-09-9.69906e-09-1.17144e-08-1.34327e-08-1.47832e-08
-1.57004e-08-1.61295e-08-1.60331e-08-1.53984e-08-1.42422e-08-1.26123e-08
-1.05849e-08-8.25872e-09-5.74777e-09-3.17350e-09-6.58455e-10 1.67944e-09
 3.73256e-09 5.41005e-09 6.64542e-09 7.40454e-09 7.69224e-09 7.55494e-09
 7.07649e-09 6.36586e-09 5.53797e-09 4.69294e-09 3.90105e-09 3.19782e-09
 2.58801e-09 2.05490e-09 1.57102e-09 1.10768e-09 6.42063e-10 1.62420e-10
-3.27811e-10-8.06162e-10-1.22758e-09-1.52270e-09-1.60130e-09-1.36479e-09
-7.29884e-10 3.42493e-10 1.82645e-09 3.63094e-09 5.61949e-09 7.63681e-09
 9.52923e-09 1.11555e-08 1.23929e-08 1.31441e-08 1.33441e-08 1.29633e-08
 1.20061e-08 1.05063e-08 8.52350e-09 6.14087e-09 3.46227e-09 6.05025e-10
-2.31048e-09-5.17141e-09-7.87960e-09-1.03538e-08-1.25284e-08-1.43516e-08
-1.57847e-08-1.68035e-08-1.73994e-08-1.75798e-08-1.73660e-08-1.67896e-08
-1.58882e-08-1.47008e-08-1.32645e-08-1.16146e-08-9.78608e-09-7.81607e-09
-5.74456e-09-3.61285e-09-1.46059e-09 6.76756e-10 2.76851e-09 4.78697e-09
 6.70427e-09 8.49034e-09 1.01133e-08 1.15424e-08 1.27514e-08 1.37215e-08
 1.44422e-08 1.49102e-08 1.51270e-08 1.50976e-08 1.48317e-08 1.43454e-08
 1.36625e-08 1.28128e-08 1.18279e-08 1.07352e-08 9.55344e-09 8.28939e-09
 6.93858e-09 5.48778e-09 3.91818e-09 2.20773e-09 3.33149e-10-1.72719e-09
-3.98833e-09-6.45203e-09-9.09946e-09-1.18856e-08-1.47376e-08-1.75576e-08
-2.02280e-08-2.26166e-08-2.45807e-08-2.59712e-08-2.66376e-08-2.64357e-08
-2.52383e-08-2.29484e-08-1.95129e-08-1.49356e-08-9.28771e-09-2.71856e-09
 4.53484e-09 1.21417e-08 1.96788e-08 2.66443e-08 3.24868e-08 3.66565e-08
 3.86770e-08 3.82246e-08 3.51959e-08 2.97472e-08 2.22977e-08 1.34937e-08
 4.13845e-09-4.90471e-09-1.28207e-08-1.89461e-08-2.28506e-08-2.43823e-08
-2.36681e-08-2.10722e-08-1.71234e-08-1.24257e-08-7.56986e-09-3.06435e-09
 7.08145e-10 3.50999e-09 5.25170e-09 5.98044e-09 5.85365e-09 5.10184e-09
 3.98796e-09 2.76879e-09 1.66099e-09 8.13810e-10 2.90617e-10 6.14081e-11
 7.42222e-12 2.09288e-12
     0.0000e+00     0.0000e+00      0  0  0.00
     512   1.00000  0.0000e+00
 3.89685e-08 4.79677e-08 5.62462e-08 6.29605e-08 6.72031e-08 6.80658e-08
 6.47159e-08 5.64824e-08 4.29448e-08 2.40183e-08 2.72538e-11-2.82399e-08
-5.95058e-08-9.20153e-08-1.23591e-07-1.51735e-07-1.73801e-07-1.87246e-07
-1.89907e-07-1.80281e-07-1.57907e-07-1.23724e-07-8.00551e-08-3.02482e-08
 2.16869e-08 7.15238e-08 1.15415e-07 1.50442e-07 1.74986e-07 1.88858e-07
 1.93096e-07 1.89423e-07 1.79587e-07 1.64947e-07 1.46445e-07 1.24904e-07
 1.01339e-07 7.69911e-08 5.29692e-08 2.97748e-08 7.16632e-09-1.54513e-08
-3.84596e-08-6.17572e-08-8.48219e-08-1.06891e-07-1.27208e-07-1.45225e-07
-1.60433e-07-1.71871e-07-1.78072e-07-1.77731e-07-1.70261e-07-1.55677e-07
-1.34292e-07-1.06687e-07-7.37514e-08-3.67158e-08 2.58072e-09 4.16186e-08
 7.76477e-08 1.08205e-07 1.31622e-07 1.47455e-07 1.56347e-07 1.59497e-07
 1.58150e-07 1.53068e-07 1.44123e-07 1.30321e-07 1.10321e-07 8.33534e-08
 5.01864e-08 1.36377e-08-2.18469e-08-5.15622e-08-7.23033e-08-8.36128e-08
-8.76761e-08-8.76914e-08-8.56824e-08-8.13735e-08-7.31354e-08-6.03175e-08
-4.47929e-08-3.00068e-08-1.83414e-08-9.59261e-09-2.21141e-09 4.33329e-09
 9.03306e-09 1.10011e-08 1.07470e-08 9.45688e-09 7.72873e-09 5.59028e-09
 3.25644e-09 1.21291e-09-2.26759e-10-9.89936e-10-1.02819e-09-3.27795e-10
 9.97600e-10 2.78509e-09 4.88535e-09 7.11600e-09 9.27165e-09 1.11851e-08
 1.27246e-08 1.37776e-08 1.42743e-08 1.41909e-08 1.35343e-08 1.23467e-08
 1.07062e-08 8.71012e-09 6.46612e-09 4.08907e-09 1.69054e-09-6.26981e-10
-2.77107e-09-4.66468e-09-6.24998e-09-7.48852e-09-8.36243e-09-8.87364e-09
-9.03942e-09-8.88814e-09-8.45598e-09-7.78396e-09-6.91685e-09-5.90212e-09
-4.78801e-09-3.62147e-09-2.44617e-09-1.30020e-09-2.14987e-10 7.84771e-10
 1.68022e-09 2.45693e-09 3.10444e-09 3.61637e-09 3.98986e-09 4.22518e-09
 4.32598e-09 4.29866e-09 4.15121e-09 3.89309e-09 3.53553e-09 3.09116e-09
 2.57384e-09 1.99904e-09 1.38325e-09 7.43241e-10 9.59980e-11-5.41613e-10
-1.15387e-09-1.72584e-09-2.24243e-09-2.68917e-09-3.05369e-09-3.32592e-09
-3.49821e-09-3.56611e-09-3.52824e-09-3.38579e-09-3.14272e-09-2.80561e-09
-2.38256e-09-1.88324e-09-1.32038e-09-7.10191e-10-7.09054e-11 5.78725e-10
 1.22060e-09 1.83773e-09 2.41334e-09 2.93011e-09 3.37147e-09 3.72363e-09
 3.97629e-09 4.12182e-09 4.15416e-09 4.06871e-09 3.86338e-09 3.54016e-09
 3.10612e-09 2.57252e-09 1.95283e-09 1.26184e-09 5.16269e-10-2.64735e-10
-1.05988e-09-1.84697e-09-2.60416e-09-3.31010e-09-3.94342e-09-4.48289e-09
-4.90858e-09-5.20372e-09-5.35603e-09-5.35788e-09-5.20549e-09-4.89863e-09
-4.44078e-09-3.84000e-09-3.10960e-09-2.26746e-09-1.33469e-09-3.35120e-10
 7.04298e-10 1.75344e-09 2.77985e-09 3.75060e-09 4.63423e-09 5.40202e-09
 6.02853e-09 6.49151e-09 6.77207e-09 6.85551e-09 6.73303e-09 6.40286e-09
 5.87048e-09 5.14799e-09 4.25339e-09 3.21050e-09 2.04910e-09 8.04236e-10
-4.85661e-10-1.78057e-09-3.04008e-09-4.22413e-09-5.29357e-09-6.21110e-09
-6.94314e-09-7.46218e-09-7.74829e-09-7.78958e-09-7.58222e-09-7.13092e-09
-6.44868e-09-5.55630e-09-4.48194e-09-3.26021e-09-1.93061e-09-5.36598e-10
 8.75326e-10 2.25761e-09 3.56377e-09 4.74991e-09 5.77677e-09 6.61140e-09
 7.22755e-09 7.60582e-09 7.73479e-09 7.61131e-09 7.24020e-09 6.63454e-09
 5.81625e-09 4.81528e-09 3.66876e-09 2.41996e-09 1.11581e-09-1.96413e-10
-1.47113e-09-2.66584e-09-3.74314e-09-4.67270e-09-5.43252e-09-6.01021e-09
-6.40294e-09-6.61540e-09-6.65722e-09-6.54131e-09-6.28207e-09-5.89313e-09
-5.38539e-09-4.76627e-09-4.04037e-09-3.21183e-09-2.28777e-09-1.28065e-09
-2.08330e-10 9.07061e-10 2.04000e-09 3.16244e-09 4.24511e-09 5.25873e-09
 6.17547e-09 6.97012e-09 7.62012e-09 8.10440e-09 8.40234e-09 8.49330e-09
 8.35725e-09 7.97571e-09 7.33354e-09 6.42228e-09 5.24460e-09 3.81840e-09
 2.17933e-09 3.80057e-10-1.51421e-09-3.43185e-09-5.30057e-09-7.05166e-09
-8.62278e-09-9.96004e-09-1.10196e-08-1.17680e-08-1.21818e-08-1.22455e-08
-1.19506e-08-1.12960e-08-1.02902e-08-8.95353e-09-7.31881e-09-5.43092e-09
-3.34403e-09-1.11823e-09 1.18411e-09 3.50161e-09 5.77667e-09 7.95662e-09
 9.99281e-09 1.18383e-08 1.34455e-08 1.47658e-08 1.57508e-08 1.63556e-08
 1.65433e-08 1.62885e-08 1.55796e-08 1.44191e-08 1.28224e-08 1.08153e-08
 8.43250e-09 5.71553e-09 2.71310e-09-5.17670e-10-3.90915e-09-7.38147e-09
-1.08425e-08-1.41901e-08-1.73155e-08-2.01090e-08-2.24653e-08-2.42876e-08
-2.54909e-08-2.60039e-08-2.57708e-08-2.47543e-08-2.29391e-08-2.03373e-08
-1.69928e-08-1.29855e-08-8.43161e-09-3.48124e-09 1.68903e-09 6.88642e-09
 1.19133e-08 1.65779e-08 2.07033e-08 2.41347e-08 2.67459e-08 2.84456e-08
 2.91829e-08 2.89521e-08 2.77948e-08 2.57982e-08 2.30879e-08 1.98155e-08
 1.61415e-08 1.22195e-08 8.18548e-09 4.15734e-09 2.43510e-10-3.44754e-09
-6.80302e-09-9.70868e-09-1.20574e-08-1.37607e-08-1.47596e-08-1.50328e-08
-1.46001e-08-1.35206e-08-1.18894e-08-9.83444e-09-7.51411e-09-5.11637e-09
-2.85233e-09-9.37049e-10 4.44030e-10 1.17085e-09 1.20863e-09 6.04164e-10
-5.33646e-10-2.05528e-09-3.78698e-09-5.54389e-09-7.14432e-09-8.42571e-09
-9.25766e-09-9.54870e-09-9.24744e-09-8.34208e-09-6.86116e-09-4.87463e-09
-2.49161e-09 1.48157e-10 2.88805e-09 5.56939e-09 8.04299e-09 1.01763e-08
 1.18575e-08 1.29987e-08 1.35398e-08 1.34509e-08 1.27338e-08 1.14213e-08
 9.57415e-09 7.27634e-09 4.62761e-09 1.73572e-09-1.28958e-09-4.33900e-09
-7.30353e-09-1.00741e-08-1.25443e-08-1.46158e-08-1.62059e-08-1.72527e-08
-1.77161e-08-1.75773e-08-1.68356e-08-1.55051e-08-1.36134e-08-1.12010e-08
-8.32282e-09-5.04754e-09-1.45555e-09 2.36535e-09 6.32365e-09 1.03253e-08
 1.42725e-08 1.80624e-08 2.15888e-08 2.47455e-08 2.74331e-08 2.95641e-08
 3.10674e-08 3.18897e-08 3.19940e-08 3.13565e-08 2.99643e-08 2.78152e-08
 2.49215e-08 2.13133e-08 1.70396e-08 1.21678e-08 6.78220e-09 9.84596e-10
-5.10511e-09-1.13493e-08-1.75959e-08-2.36834e-08-2.94479e-08-3.47300e-08
-3.93812e-08-4.32681e-08-4.62734e-08-4.82947e-08-4.92447e-08-4.90545e-08
-4.76800e-08-4.51071e-08-4.13554e-08-3.64784e-08-3.05648e-08-2.37379e-08
-1.61528e-08-7.99024e-09 5.48856e-10 9.24516e-09 1.78612e-08 2.61413e-08
 3.38133e-08 4.05902e-08 4.61773e-08 5.02858e-08 5.26559e-08 5.30878e-08
 5.14715e-08 4.78113e-08 4.22377e-08 3.50084e-08 2.64957e-08 1.71641e-08
 7.54310e-09-1.80464e-09-1.03189e-08-1.74830e-08-2.28659e-08-2.61633e-08
-2.72315e-08-2.61137e-08-2.30565e-08-1.85155e-08-1.31447e-08-7.76299e-09
-3.29664e-09-7.06299e-10
     0.0000e+00     0.0000e+00      0  0  0.00
     512   1.00000  0.0000e+00
 2.83118e-08 3.00915e-08 3.08479e-08 3.03270e-08 2.83127e-08 2.46513e-08
 1.92759e-08 1.22268e-08 3.66765e-09-6.10604e-09-1.66671e-08-2.74680e-08
-3.78638e-08-4.71472e-08-5.45946e-08-5.95292e-08-6.14213e-08-5.99965e-08
-5.52591e-08-4.74791e-08-3.72766e-08-2.56515e-08-1.37959e-08-2.89463e-09
 5.98870e-09 1.20656e-08 1.49669e-08 1.47980e-08 1.21063e-08 7.74341e-09
 2.66616e-09-2.23451e-09-6.22843e-09-8.74035e-09-9.27540e-09-7.36835e-09
-2.62277e-09 5.17050e-09 1.59287e-08 2.92761e-08 4.46296e-08 6.12996e-08
 7.85356e-08 9.54611e-08 1.10912e-07 1.23284e-07 1.30595e-07 1.30886e-07
 1.22784e-07 1.05810e-07 8.03331e-08 4.73590e-08 8.28267e-09-3.51880e-08
-8.08708e-08-1.26031e-07-1.67572e-07-2.02318e-07-2.27224e-07-2.39609e-07
-2.37563e-07-2.20420e-07-1.88973e-07-1.45373e-07-9.28727e-08-3.54995e-08
 2.23168e-08 7.61968e-08 1.22301e-07 1.57707e-07 1.80601e-07 1.90312e-07
 1.87243e-07 1.72743e-07 1.48966e-07 1.18686e-07 8.50242e-08 5.10514e-08
 1.93454e-08-8.33340e-09-3.10672e-08-4.84717e-08-6.02936e-08-6.62922e-08
-6.65450e-08-6.18523e-08-5.37042e-08-4.36914e-08-3.29201e-08-2.20325e-08
-1.16742e-08-2.68712e-09 4.23428e-09 8.87889e-09 1.13881e-08 1.19514e-08
 1.07762e-08 8.21806e-09 4.74763e-09 8.15524e-10-3.17691e-09-6.85663e-09
-9.91890e-09-1.21621e-08-1.34676e-08-1.37902e-08-1.31693e-08-1.17121e-08
-9.56708e-09-6.91422e-09-3.95175e-09-8.74381e-10 2.13793e-09 4.92607e-09
 7.36147e-09 9.35045e-09 1.08335e-08 1.17862e-08 1.22169e-08 1.21600e-08
 1.16702e-08 1.08170e-08 9.67696e-09 8.32803e-09 6.84567e-09 5.29951e-09
 3.75138e-09 2.25370e-09 8.47770e-10-4.36561e-10-1.57977e-09-2.57100e-09
-3.40621e-09-4.08666e-09-4.61758e-09-5.00690e-09-5.26416e-09-5.39968e-09
-5.42340e-09-5.34418e-09-5.16990e-09-4.90772e-09-4.56415e-09-4.14578e-09
-3.66021e-09-3.11630e-09-2.52456e-09-1.89723e-09-1.24744e-09-5.88409e-10
 6.60014e-11 7.01183e-10 1.30267e-09 1.85659e-09 2.34962e-09 2.76975e-09
 3.10722e-09 3.35449e-09 3.50657e-09 3.56164e-09 3.52093e-09 3.38855e-09
 3.17184e-09 2.88068e-09 2.52620e-09 2.12066e-09 1.67771e-09 1.21170e-09
 7.36653e-10 2.66286e-10-1.86047e-10-6.08084e-10-9.89186e-10-1.32072e-09
-1.59667e-09-1.81355e-09-1.96968e-09-2.06509e-09-2.10169e-09-2.08322e-09
-2.01510e-09-1.90363e-09-1.75520e-09-1.57636e-09-1.37450e-09-1.15779e-09
-9.34277e-10-7.10537e-10-4.91462e-10-2.81045e-10-8.25990e-11 1.01459e-10
 2.69646e-10 4.21556e-10 5.57661e-10 6.78711e-10 7.85526e-10 8.78998e-10
 9.60355e-10 1.03150e-09 1.09430e-09 1.14937e-09 1.19599e-09 1.23264e-09
 1.25738e-09 1.26791e-09 1.26119e-09 1.23354e-09 1.18138e-09 1.10180e-09
 9.92418e-10 8.51449e-10 6.77796e-10 4.71135e-10 2.32308e-10-3.60204e-11
-3.28909e-10-6.39241e-10-9.58238e-10-1.27587e-09-1.58106e-09-1.86191e-09
-2.10631e-09-2.30244e-09-2.43917e-09-2.50657e-09-2.49648e-09-2.40290e-09
-2.22233e-09-1.95440e-09-1.60248e-09-1.17419e-09-6.81072e-10-1.37611e-10
 4.39187e-10 1.02981e-09 1.61293e-09 2.16624e-09 2.66718e-09 3.09378e-09
 3.42586e-09 3.64582e-09 3.73943e-09 3.69717e-09 3.51521e-09 3.19565e-09
 2.74656e-09 2.18172e-09 1.51975e-09 7.83805e-10 1.32522e-12-7.97196e-10
-1.58011e-09-2.31576e-09-2.97352e-09-3.52546e-09-3.94781e-09-4.22185e-09
-4.33501e-09-4.28160e-09-4.06217e-09-3.68297e-09-3.15633e-09-2.50101e-09
-1.74189e-09-9.09532e-10-3.92078e-11 8.30690e-10 1.66006e-09 2.40852e-09
 3.03810e-09 3.51645e-09 3.81944e-09 3.93325e-09 3.85620e-09 3.59958e-09
 3.18777e-09 2.65726e-09 2.05380e-09 1.42776e-09 8.28658e-10 2.99989e-10
-1.25262e-10-4.28352e-10-6.07098e-10-6.75748e-10-6.62422e-10-6.04568e-10
-5.43450e-10-5.19198e-10-5.66374e-10-7.09661e-10-9.60350e-10-1.31417e-09
-1.75141e-09-2.23984e-09-2.73906e-09-3.20479e-09-3.59277e-09-3.86210e-09
-3.97818e-09-3.91578e-09-3.66093e-09-3.21146e-09-2.57702e-09-1.77857e-09
-8.47258e-10 1.77239e-10 1.24935e-09 2.32084e-09 3.34394e-09 4.27414e-09
 5.07259e-09 5.70788e-09 6.15755e-09 6.40878e-09 6.45785e-09 6.30875e-09
 5.97165e-09 5.46165e-09 4.79749e-09 4.00038e-09 3.09286e-09 2.09818e-09
 1.03995e-09-5.79938e-11-1.17198e-09-2.27865e-09-3.35481e-09-4.37737e-09
-5.32354e-09-6.17137e-09-6.90043e-09-7.49212e-09-7.92984e-09-8.19928e-09
-8.28893e-09-8.19048e-09-7.89946e-09-7.41547e-09-6.74216e-09-5.88713e-09
-4.86156e-09-3.67989e-09-2.35959e-09-9.21317e-10 6.10769e-10 2.20828e-09
 3.83806e-09 5.46214e-09 7.03824e-09 8.52051e-09 9.86048e-09 1.10081e-08
 1.19135e-08 1.25289e-08 1.28120e-08 1.27288e-08 1.22565e-08 1.13860e-08
 1.01240e-08 8.49321e-09 6.53292e-09 4.29756e-09 1.85564e-09-7.11775e-10
-3.31335e-09-5.85060e-09-8.22229e-09-1.03295e-08-1.20804e-08-1.33955e-08
-1.42102e-08-1.44788e-08-1.41751e-08-1.32943e-08-1.18546e-08-9.90071e-09
-7.50616e-09-4.77398e-09-1.83336e-09 1.16694e-09 4.06774e-09 6.70993e-09
 8.94543e-09 1.06479e-08 1.17223e-08 1.21121e-08 1.18034e-08 1.08256e-08
 9.24934e-09 7.18248e-09 4.76181e-09 2.14040e-09-5.27675e-10-3.10041e-09
-5.45563e-09-7.49422e-09-9.14176e-09-1.03499e-08-1.10970e-08-1.13856e-08
-1.12387e-08-1.06939e-08-9.79984e-09-8.61342e-09-7.19762e-09-5.61834e-09
-3.94043e-09-2.22351e-09-5.18787e-10 1.13268e-09 2.70018e-09 4.16205e-09
 5.50340e-09 6.71371e-09 7.78529e-09 8.71262e-09 9.49189e-09 1.01200e-08
 1.05929e-08 1.09056e-08 1.10519e-08 1.10271e-08 1.08296e-08 1.04624e-08
 9.93323e-09 9.25296e-09 8.43370e-09 7.48638e-09 6.41971e-09 5.24069e-09
 3.95660e-09 2.57681e-09 1.11324e-09-4.20324e-10-2.00899e-09-3.63631e-09
-5.28299e-09-6.92607e-09-8.53939e-09-1.00952e-08-1.15655e-08-1.29229e-08
-1.41406e-08-1.51915e-08-1.60478e-08-1.66806e-08-1.70601e-08-1.71588e-08
-1.69537e-08-1.64285e-08-1.55743e-08-1.43878e-08-1.28716e-08-1.10345e-08
-8.89235e-09-6.46793e-09-3.79083e-09-8.97251e-10 2.16876e-09 5.35313e-09
 8.58996e-09 1.18012e-08 1.48984e-08 1.77857e-08 2.03661e-08 2.25477e-08
 2.42509e-08 2.54130e-08 2.59905e-08 2.59613e-08 2.53252e-08 2.41035e-08
 2.23346e-08 2.00695e-08 1.73656e-08 1.42839e-08 1.08879e-08 7.24381e-09
 3.42113e-09-5.06558e-10-4.46040e-09-8.35535e-09-1.20997e-08-1.55949e-08
-1.87362e-08-2.14141e-08-2.35181e-08-2.49436e-08-2.56000e-08-2.54190e-08
-2.43620e-08-2.24292e-08-1.96677e-08-1.61774e-08-1.21110e-08-7.66804e-09
-3.08422e-09 1.38201e-09 5.46623e-09 8.91799e-09 1.15226e-08 1.31227e-08
 1.36375e-08 1.30789e-08 1.15619e-08 9.30654e-09 6.63142e-09 3.93745e-09
 1.68310e-09 3.62903e-10
     0.0000e+00     0.0000e+00      0  0  0.00
     512   1.00000  0.0000e+00
-3.81771e-10 8.49315e-11 7.50459e-10 1.58994e-09 2.55643e-09 3.58003e-09
 4.56876e-09 5.41194e-09 5.98641e-09 6.16544e-09 5.82939e-09 4.87767e-09
 3.24115e-09 8.94659e-10-2.13178e-09-5.73520e-09-9.69458e-09-1.36280e-08
-1.70460e-08-1.95064e-08-2.07399e-08-2.06516e-08-1.92583e-08-1.66980e-08
-1.32880e-08-9.48337e-09-5.73624e-09-2.35730e-09 5.64738e-10 3.16295e-09
 5.71515e-09 8.52867e-09 1.18295e-08 1.56958e-08 2.00664e-08 2.48041e-08
 2.97585e-08 3.47760e-08 3.96316e-08 4.39239e-08 4.70491e-08 4.83107e-08
 4.70951e-08 4.29852e-08 3.57701e-08 2.54144e-08 1.20337e-08-4.13463e-09
-2.27533e-08-4.32495e-08-6.45241e-08-8.49625e-08-1.02830e-07-1.16423e-07
-1.23961e-07-1.23744e-07-1.14459e-07-9.53862e-08-6.65918e-08-2.91476e-08
 1.46127e-08 6.10440e-08 1.05462e-07 1.42552e-07 1.67043e-07 1.74764e-07
 1.63692e-07 1.34721e-07 9.19002e-08 4.18358e-08-7.68489e-09-4.95398e-08
-7.90292e-08-9.48533e-08-9.88821e-08-9.47314e-08-8.58046e-08-7.38343e-08
-5.87339e-08-3.98859e-08-1.79183e-08 4.48791e-09 2.35901e-08 3.67687e-08
 4.39949e-08 4.71409e-08 4.78027e-08 4.59257e-08 4.06772e-08 3.22687e-08
 2.23397e-08 1.25796e-08 3.59903e-09-4.60500e-09-1.17194e-08-1.71619e-08
-2.06861e-08-2.24447e-08-2.26315e-08-2.14203e-08-1.91059e-08-1.60454e-08
-1.25453e-08-8.89248e-09-5.37262e-09-2.20060e-09 4.89354e-10 2.60492e-09
 4.10597e-09 5.01599e-09 5.39494e-09 5.32654e-09 4.91933e-09 4.28819e-09
 3.53911e-09 2.76922e-09 2.06039e-09 1.47204e-09 1.04328e-09 7.93117e-10
 7.19036e-10 8.01785e-10 1.01019e-09 1.30374e-09 1.63759e-09 1.96766e-09
 2.25349e-09 2.46111e-09 2.56500e-09 2.54849e-09 2.40443e-09 2.13524e-09
 1.75176e-09 1.27211e-09 7.20344e-10 1.23951e-10-4.88606e-10-1.08982e-09
-1.65438e-09-2.15967e-09-2.58646e-09-2.91966e-09-3.14871e-09-3.26770e-09
-3.27574e-09-3.17680e-09-2.97876e-09-2.69240e-09-2.33066e-09-1.90815e-09
-1.44036e-09-9.43140e-10-4.32334e-10 7.63191e-11 5.67695e-10 1.02827e-09
 1.44683e-09 1.81409e-09 2.12176e-09 2.36245e-09 2.53041e-09 2.62221e-09
 2.63695e-09 2.57609e-09 2.44280e-09 2.24146e-09 1.97792e-09 1.66005e-09
 1.29761e-09 9.01231e-10 4.81742e-10 5.04717e-11-3.79908e-10-7.95587e-10
-1.18339e-09-1.53242e-09-1.83383e-09-2.07929e-09-2.26036e-09-2.36989e-09
-2.40422e-09-2.36371e-09-2.25160e-09-2.07207e-09-1.82947e-09-1.52972e-09
-1.18191e-09-7.98330e-10-3.92572e-10 2.26290e-11 4.35780e-10 8.35155e-10
 1.20791e-09 1.54120e-09 1.82405e-09 2.04836e-09 2.20835e-09 2.29947e-09
 2.31853e-09 2.26486e-09 2.14097e-09 1.95227e-09 1.70588e-09 1.40989e-09
 1.07356e-09 7.07759e-10 3.24831e-10-6.22880e-11-4.41288e-10-8.01126e-10
-1.13162e-09-1.42296e-09-1.66624e-09-1.85453e-09-1.98363e-09-2.05187e-09
-2.05947e-09-2.00819e-09-1.90130e-09-1.74382e-09-1.54244e-09-1.30530e-09
-1.04136e-09-7.59753e-10-4.69261e-10-1.78437e-10 1.04486e-10 3.71952e-10
 6.17506e-10 8.36097e-10 1.02415e-09 1.17952e-09 1.30130e-09 1.38941e-09
 1.44440e-09 1.46772e-09 1.46192e-09 1.43030e-09 1.37625e-09 1.30286e-09
 1.21271e-09 1.10784e-09 9.89871e-10 8.59857e-10 7.17990e-10 5.63457e-10
 3.94705e-10 2.10081e-10 8.64239e-12-2.09292e-10-4.42082e-10-6.86758e-10
-9.38530e-10-1.19020e-09-1.43222e-09-1.65350e-09-1.84270e-09-1.98944e-09
-2.08497e-09-2.12246e-09-2.09721e-09-2.00717e-09-1.85305e-09-1.63731e-09
-1.36249e-09-1.02988e-09-6.39455e-10-1.91026e-10 3.14229e-10 8.72486e-10
 1.47565e-09 2.10869e-09 2.74655e-09 3.35263e-09 3.88019e-09 4.27661e-09
 4.48941e-09 4.47269e-09 4.19353e-09 3.63867e-09 2.82057e-09 1.78052e-09
 5.86370e-10-6.75041e-10-1.90865e-09-3.02225e-09-3.93654e-09-4.59406e-09
-4.96609e-09-5.05563e-09-4.89463e-09-4.53563e-09-4.04043e-09-3.46954e-09
-2.87452e-09-2.29319e-09-1.74745e-09-1.24350e-09-7.75078e-10-3.29550e-10
 1.05695e-10 5.39289e-10 9.75458e-10 1.41603e-09 1.86253e-09 2.31685e-09
 2.78094e-09 3.25570e-09 3.73899e-09 4.22299e-09 4.69117e-09 5.11647e-09
 5.46235e-09 5.68724e-09 5.75108e-09 5.62179e-09 5.27995e-09 4.72116e-09
 3.95580e-09 3.00659e-09 1.90410e-09 6.82159e-10-6.25488e-10-1.98610e-09
-3.36668e-09-4.73166e-09-6.04091e-09-7.24927e-09-8.30823e-09-9.17000e-09
-9.79291e-09-1.01466e-08-1.02149e-08-9.99665e-09-9.50335e-09-8.75588e-09
-7.78092e-09-6.60831e-09-5.27024e-09-3.80227e-09-2.24500e-09-6.45265e-10
 9.44918e-10 2.47194e-09 3.88636e-09 5.14928e-09 6.23780e-09 7.14786e-09
 7.89399e-09 8.50619e-09 9.02501e-09 9.49630e-09 9.96670e-09 1.04803e-08
 1.10760e-08 1.17841e-08 1.26216e-08 1.35854e-08 1.46445e-08 1.57331e-08
 1.67469e-08 1.75439e-08 1.79523e-08 1.77828e-08 1.68454e-08 1.49685e-08
 1.20168e-08 7.90948e-09 2.63527e-09-3.73288e-09-1.10262e-08-1.89728e-08
-2.71969e-08-3.52300e-08-4.25365e-08-4.85564e-08-5.27616e-08-5.47142e-08
-5.41175e-08-5.08517e-08-4.49911e-08-3.68027e-08-2.67273e-08-1.53469e-08
-3.33936e-09 8.57361e-09 1.96848e-08 2.93609e-08 3.70977e-08 4.25666e-08
 4.56397e-08 4.63861e-08 4.50374e-08 4.19330e-08 3.74683e-08 3.20564e-08
 2.61022e-08 1.99817e-08 1.40219e-08 8.48477e-09 3.56006e-09-6.33801e-10
-4.04369e-09-6.67455e-09-8.58082e-09-9.85451e-09-1.06094e-08-1.09638e-08
-1.10274e-08-1.08931e-08-1.06358e-08-1.03129e-08-9.96416e-09-9.61161e-09
-9.25882e-09-8.89229e-09-8.48526e-09-8.00383e-09-7.41424e-09-6.68943e-09
-5.81325e-09-4.78179e-09-3.60227e-09-2.29099e-09-8.71791e-10 6.24029e-10
 2.15661e-09 3.67680e-09 5.12760e-09 6.44852e-09 7.58160e-09 8.47680e-09
 9.09478e-09 9.40670e-09 9.39261e-09 9.04042e-09 8.34708e-09 7.32139e-09
 5.98650e-09 4.38035e-09 2.55341e-09 5.64695e-10-1.52256e-09-3.64435e-09
-5.73739e-09-7.73908e-09-9.58727e-09-1.12218e-08-1.25876e-08-1.36392e-08
-1.43420e-08-1.46729e-08-1.46168e-08-1.41649e-08-1.33131e-08-1.20642e-08
-1.04322e-08-8.44563e-09-6.14940e-09-3.60431e-09-8.84253e-10 1.92730e-09
 4.74094e-09 7.46474e-09 1.00086e-08 1.22906e-08 1.42445e-08 1.58274e-08
 1.70220e-08 1.78352e-08 1.82902e-08 1.84175e-08 1.82456e-08 1.77942e-08
 1.70700e-08 1.60672e-08 1.47687e-08 1.31509e-08 1.11899e-08 8.87142e-09
 6.20034e-09 3.20883e-09-4.02749e-11-3.45535e-09-6.92266e-09-1.03151e-08
-1.34996e-08-1.63431e-08-1.87161e-08-2.04981e-08-2.15844e-08-2.18938e-08
-2.13770e-08-2.00235e-08-1.78667e-08-1.49864e-08-1.15095e-08-7.60962e-09
-3.50348e-09 5.58705e-10 4.31179e-09 7.50092e-09 9.90915e-09 1.13828e-08
 1.18512e-08 1.13392e-08 9.97085e-09 7.96494e-09 5.62204e-09 3.30254e-09
 1.39689e-09 2.98594e-10
     0.0000e+00     0.0000e+00      0  0  0.00
     512   1.00000  0.0000e+00
-3.62413e-08-3.79050e-08-3.81245e-08-3.65322e-08-3.28104e-08-2.67286e-08
-1.81795e-08-7.21218e-09 5.94123e-09 2.08492e-08 3.68772e-08 5.32004e-08
 6.88342e-08 8.26837e-08 9.36122e-08 1.00527e-07 1.02496e-07 9.88827e-08
 8.94524e-08 7.44678e-08 5.48544e-08 3.22265e-08 8.60404e-09-1.39130e-08
-3.33662e-08-4.82328e-08-5.77129e-08-6.18362e-08-6.13938e-08-5.76922e-08
-5.21868e-08-4.61405e-08-4.04163e-08-3.54781e-08-3.15631e-08-2.88868e-08
-2.77377e-08-2.83892e-08-3.09303e-08-3.52059e-08-4.09249e-08-4.78530e-08
-5.59096e-08-6.49585e-08-7.42846e-08-8.20822e-08-8.55313e-08-8.17779e-08
-6.91918e-08-4.78937e-08-1.94670e-08 1.36981e-08 4.92152e-08 8.51385e-08
 1.19642e-07 1.50595e-07 1.75694e-07 1.92890e-07 2.00511e-07 1.97301e-07
 1.82912e-07 1.58495e-07 1.26534e-07 9.00509e-08 5.17579e-08 1.35261e-08
-2.36851e-08-5.95639e-08-9.40011e-08-1.26449e-07-1.55314e-07-1.77810e-07
-1.90513e-07-1.90558e-07-1.77002e-07-1.51654e-07-1.18795e-07-8.36686e-08
-5.04178e-08-2.06888e-08 6.12103e-09 3.10199e-08 5.34124e-08 7.07835e-08
 8.05725e-08 8.25205e-08 7.90060e-08 7.28759e-08 6.51998e-08 5.54961e-08
 4.37953e-08 3.16083e-08 2.06768e-08 1.15925e-08 4.13681e-09-1.67894e-09
-5.56761e-09-7.55860e-09-8.02708e-09-7.32631e-09-5.75910e-09-3.71254e-09
-1.56278e-09 4.27528e-10 2.04196e-09 3.09549e-09 3.50352e-09 3.26659e-09
 2.42251e-09 1.05850e-09-6.90919e-10-2.68109e-09-4.76460e-09-6.78920e-09
-8.61819e-09-1.01405e-08-1.12692e-08-1.19500e-08-1.21656e-08-1.19272e-08
-1.12711e-08-1.02545e-08-8.94558e-09-7.41721e-09-5.74477e-09-4.00237e-09
-2.26069e-09-5.84674e-10 9.71246e-10 2.36599e-09 3.57126e-09 4.56992e-09
 5.35401e-09 5.92343e-09 6.28572e-09 6.45532e-09 6.45187e-09 6.29841e-09
 6.01876e-09 5.63513e-09 5.16741e-09 4.63296e-09 4.04651e-09 3.42114e-09
 2.76968e-09 2.10545e-09 1.44236e-09 7.94159e-10 1.72518e-10-4.13790e-10
-9.57320e-10-1.45083e-09-1.88797e-09-2.26343e-09-2.57230e-09-2.81020e-09
-2.97402e-09-3.06200e-09-3.07410e-09-3.01275e-09-2.88254e-09-2.69017e-09
-2.44504e-09-2.15841e-09-1.84121e-09-1.50340e-09-1.15459e-09-8.04090e-10
-4.61016e-10-1.34753e-10 1.65360e-10 4.31396e-10 6.57687e-10 8.41027e-10
 9.80823e-10 1.07843e-09 1.13614e-09 1.15731e-09 1.14707e-09 1.11181e-09
 1.05808e-09 9.91579e-10 9.16805e-10 8.38299e-10 7.61728e-10 6.93406e-10
 6.38578e-10 5.99808e-10 5.76854e-10 5.67702e-10 5.69159e-10 5.77092e-10
 5.86857e-10 5.93540e-10 5.92385e-10 5.79326e-10 5.50817e-10 5.03367e-10
 4.33185e-10 3.36265e-10 2.09684e-10 5.30786e-11-1.31162e-10-3.38404e-10
-5.62423e-10-7.95783e-10-1.02966e-09-1.25420e-09-1.45970e-09-1.63744e-09
-1.77951e-09-1.87828e-09-1.92602e-09-1.91515e-09-1.83927e-09-1.69477e-09
-1.48201e-09-1.20543e-09-8.72602e-10-4.93281e-10-7.89532e-11 3.57229e-10
 8.00495e-10 1.23484e-09 1.64368e-09 2.01065e-09 2.32005e-09 2.55685e-09
 2.70723e-09 2.76022e-09 2.70966e-09 2.55533e-09 2.30211e-09 1.95838e-09
 1.53531e-09 1.04733e-09 5.12060e-10-5.02078e-11-6.17088e-10-1.16515e-09
-1.67110e-09-2.11248e-09-2.46884e-09-2.72375e-09-2.86642e-09-2.89181e-09
-2.80007e-09-2.59583e-09-2.28734e-09-1.88663e-09-1.41012e-09-8.78006e-10
-3.12812e-10 2.61025e-10 8.17650e-10 1.33143e-09 1.77865e-09 2.13880e-09
 2.39599e-09 2.53972e-09 2.56406e-09 2.46738e-09 2.25373e-09 1.93421e-09
 1.52714e-09 1.05749e-09 5.55325e-10 5.27770e-11-4.18705e-10-8.30967e-10
-1.16226e-09-1.39968e-09-1.53965e-09-1.58716e-09-1.55439e-09-1.45876e-09
-1.32070e-09-1.16146e-09-1.00058e-09-8.53548e-10-7.30391e-10-6.35555e-10
-5.68395e-10-5.23811e-10-4.93466e-10-4.68121e-10-4.40032e-10-4.04001e-10
-3.56192e-10-2.90917e-10-1.97934e-10-6.26594e-11 1.30725e-10 3.94663e-10
 7.34255e-10 1.14545e-09 1.61450e-09 2.11790e-09 2.62317e-09 3.09111e-09
 3.47988e-09 3.75071e-09 3.87306e-09 3.82791e-09 3.60946e-09 3.22485e-09
 2.69178e-09 2.03472e-09 1.28050e-09 4.55044e-10-4.17961e-10-1.31662e-09
-2.21935e-09-3.10347e-09-3.94511e-09-4.72001e-09-5.40464e-09-5.97763e-09
-6.42157e-09-6.72453e-09-6.88019e-09-6.88593e-09-6.74018e-09-6.44032e-09
-5.98177e-09-5.35864e-09-4.56587e-09-3.60303e-09-2.47909e-09-1.21579e-09
 1.52028e-10 1.57953e-09 3.01692e-09 4.41451e-09 5.72690e-09 6.91589e-09
 7.95188e-09 8.81371e-09 9.48794e-09 9.96786e-09 1.02532e-08 1.03507e-08
 1.02744e-08 1.00467e-08 9.69685e-09 9.25919e-09 8.76971e-09 8.26183e-09
 7.76202e-09 7.28549e-09 6.83291e-09 6.38899e-09 5.92320e-09 5.39144e-09
 4.73745e-09 3.89309e-09 2.77839e-09 1.30318e-09-6.27905e-10-3.10590e-09
-6.20344e-09-9.95740e-09-1.43511e-08-1.92995e-08-2.46407e-08-3.01357e-08
-3.54752e-08-4.02927e-08-4.41825e-08-4.67240e-08-4.75120e-08-4.61936e-08
-4.25109e-08-3.63458e-08-2.77597e-08-1.70205e-08-4.60395e-09 8.83419e-09
 2.25122e-08 3.55913e-08 4.72488e-08 5.67493e-08 6.35052e-08 6.71254e-08
 6.74468e-08 6.45460e-08 5.87300e-08 5.05063e-08 4.05345e-08 2.95624e-08
 1.83484e-08 7.58359e-09-2.16977e-09-1.05066e-08-1.71765e-08-2.20667e-08
-2.51857e-08-2.66495e-08-2.66630e-08-2.54933e-08-2.34388e-08-2.08031e-08
-1.78763e-08-1.49204e-08-1.21553e-08-9.74349e-09-7.78133e-09-6.29973e-09
-5.27523e-09-4.64697e-09-4.33359e-09-4.24656e-09-4.29867e-09-4.40867e-09
-4.50379e-09-4.52223e-09-4.41675e-09-4.15852e-09-3.73847e-09-3.16423e-09
-2.45386e-09-1.63005e-09-7.17997e-10 2.52402e-10 1.24278e-09 2.20443e-09
 3.08094e-09 3.81597e-09 4.36388e-09 4.69955e-09 4.82259e-09 4.75401e-09
 4.52712e-09 4.17843e-09 3.74310e-09 3.25525e-09 2.74888e-09 2.25595e-09
 1.80151e-09 1.39943e-09 1.05226e-09 7.55041e-10 5.01030e-10 2.86089e-10
 1.10331e-10-2.36029e-11-1.14710e-10-1.67665e-10-1.93236e-10-2.03324e-10
-2.02944e-10-1.84225e-10-1.26134e-10 8.65530e-13 2.29095e-10 5.89548e-10
 1.10850e-09 1.80265e-09 2.67262e-09 3.69747e-09 4.83246e-09 6.01030e-09
 7.14476e-09 8.13576e-09 8.87546e-09 9.25456e-09 9.16763e-09 8.51784e-09
 7.22382e-09 5.23068e-09 2.52425e-09-8.55718e-10-4.80661e-09-9.15842e-09
-1.36728e-08-1.80473e-08-2.19282e-08-2.49370e-08-2.67104e-08-2.69503e-08
-2.54732e-08-2.22487e-08-1.74194e-08-1.12957e-08-4.32820e-09 2.94076e-09
 9.93576e-09 1.61107e-08 2.10072e-08 2.43016e-08 2.58332e-08 2.56093e-08
 2.37887e-08 2.06511e-08 1.65591e-08 1.19164e-08 7.12680e-09 2.55998e-09
-1.47550e-09-4.74967e-09-7.12105e-09-8.54001e-09-9.04569e-09-8.75484e-09
-7.84290e-09-6.51971e-09-5.00316e-09-3.49381e-09-2.15507e-09-1.10318e-09
-4.07524e-10-7.73185e-11
     0.0000e+00     0.0000e+00      0  0  0.00
     512   1.00000  0.0000e+00
-2.01749e-08-2.24364e-08-2.39605e-08-2.44364e-08-2.35649e-08-2.10857e-08
-1.68071e-08-1.06361e-08-2.60662e-09 7.09778e-09 1.81288e-08 2.99693e-08
 4.19429e-08 5.32381e-08 6.29491e-08 7.01401e-08 7.39636e-08 7.38299e-08
 6.94906e-08 6.09858e-08 4.86547e-08 3.32414e-08 1.58538e-08-2.20462e-09
-1.95798e-08-3.50408e-08-4.76853e-08-5.70708e-08-6.32437e-08-6.66647e-08
-6.80287e-08-6.80408e-08-6.72513e-08-6.60191e-08-6.45884e-08-6.31704e-08
-6.19061e-08-6.07255e-08-5.92104e-08-5.65675e-08-5.17914e-08-4.39730e-08
-3.25507e-08-1.73804e-08 1.31756e-09 2.30352e-08 4.70501e-08 7.25165e-08
 9.85020e-08 1.23842e-07 1.46926e-07 1.65746e-07 1.78228e-07 1.82542e-07
 1.77201e-07 1.61177e-07 1.34138e-07 9.66455e-08 5.02012e-08-2.73279e-09
-5.87643e-08-1.13754e-07-1.63130e-07-2.02313e-07-2.27290e-07-2.35271e-07
-2.25264e-07-1.98397e-07-1.57880e-07-1.08550e-07-5.60449e-08-5.79606e-09
 3.78797e-08 7.23366e-08 9.66389e-08 1.11125e-07 1.16745e-07 1.14525e-07
 1.05408e-07 9.04791e-08 7.13124e-08 5.00449e-08 2.90078e-08 1.01126e-08
-5.55909e-09-1.76628e-08-2.61527e-08-3.09712e-08-3.21398e-08-3.00363e-08
-2.54428e-08-1.92817e-08-1.23502e-08-5.29288e-09 1.30617e-09 6.92584e-09
 1.11969e-08 1.39357e-08 1.51069e-08 1.47909e-08 1.31736e-08 1.05190e-08
 7.13248e-09 3.33614e-09-5.53556e-10-4.25148e-09-7.52142e-09-1.01834e-08
-1.21191e-08-1.32732e-08-1.36480e-08-1.32958e-08-1.23090e-08-1.08079e-08
-8.92888e-09-6.81377e-09-4.60040e-09-2.41414e-09-3.62173e-10 1.47037e-09
 3.02259e-09 4.25798e-09 5.16270e-09 5.74259e-09 6.01947e-09 6.02725e-09
 5.80795e-09 5.40776e-09 4.87356e-09 4.25029e-09 3.57884e-09 2.89427e-09
 2.22480e-09 1.59157e-09 1.00897e-09 4.85582e-10 2.51370e-11-3.72548e-10
-7.10251e-10-9.92070e-10-1.22285e-09-1.40773e-09-1.55123e-09-1.65668e-09
-1.72650e-09-1.76229e-09-1.76458e-09-1.73342e-09-1.66917e-09-1.57247e-09
-1.44422e-09-1.28605e-09-1.10035e-09-8.90242e-10-6.60157e-10-4.15689e-10
-1.62759e-10 9.24011e-11 3.42696e-10 5.80724e-10 7.99779e-10 9.93906e-10
 1.15778e-09 1.28701e-09 1.37801e-09 1.42780e-09 1.43481e-09 1.39957e-09
 1.32391e-09 1.21009e-09 1.06077e-09 8.79338e-10 6.70321e-10 4.39650e-10
 1.94063e-10-6.01014e-11-3.16907e-10-5.69817e-10-8.11426e-10-1.03422e-09
-1.23147e-09-1.39748e-09-1.52727e-09-1.61619e-09-1.65994e-09-1.65505e-09
-1.59986e-09-1.49475e-09-1.34112e-09-1.14099e-09-8.97501e-10-6.15624e-10
-3.02519e-10 3.29639e-11 3.81506e-10 7.33635e-10 1.07920e-09 1.40717e-09
 1.70593e-09 1.96411e-09 2.17150e-09 2.31927e-09 2.39982e-09 2.40706e-09
 2.33663e-09 2.18645e-09 1.95760e-09 1.65414e-09 1.28259e-09 8.51853e-10
 3.73401e-10-1.38944e-10-6.69321e-10-1.20041e-09-1.71413e-09-2.19206e-09
-2.61605e-09-2.96905e-09-3.23570e-09-3.40293e-09-3.46078e-09-3.40284e-09
-3.22645e-09-2.93318e-09-2.52900e-09-2.02413e-09-1.43305e-09-7.74001e-10
-6.83344e-11 6.60064e-10 1.38545e-09 2.08131e-09 2.72149e-09 3.28102e-09
 3.73720e-09 4.07057e-09 4.26571e-09 4.31190e-09 4.20374e-09 3.94177e-09
 3.53254e-09 2.98850e-09 2.32777e-09 1.57376e-09 7.54060e-10-1.00536e-10
-9.57024e-10-1.78190e-09-2.54272e-09-3.20923e-09-3.75486e-09-4.15852e-09
-4.40513e-09-4.48592e-09-4.39922e-09-4.15043e-09-3.75116e-09-3.21868e-09
-2.57512e-09-1.84592e-09-1.05880e-09-2.43549e-10 5.68650e-10 1.34650e-09
 2.05951e-09 2.67871e-09 3.17777e-09 3.53419e-09 3.73090e-09 3.75871e-09
 3.61871e-09 3.32327e-09 2.89592e-09 2.37052e-09 1.78961e-09 1.20114e-09
 6.53807e-10 1.90995e-10-1.55432e-10-3.69996e-10-4.55790e-10-4.34193e-10
-3.42857e-10-2.31467e-10-1.54774e-10-1.64090e-10-2.98806e-10-5.79557e-10
-1.00483e-09-1.55111e-09-2.17557e-09-2.82097e-09-3.42253e-09-3.91597e-09
-4.24555e-09-4.37020e-09-4.26644e-09-3.92873e-09-3.36797e-09-2.60897e-09
-1.68765e-09-6.48166e-10 4.60406e-10 1.58658e-09 2.67815e-09 3.68387e-09
 4.55542e-09 5.25000e-09 5.73371e-09 5.98448e-09 5.99382e-09 5.76737e-09
 5.32371e-09 4.69191e-09 3.90814e-09 3.01168e-09 2.04104e-09 1.03135e-09
 1.32307e-11-9.87151e-10-1.94685e-09-2.84497e-09-3.66208e-09-4.38031e-09
-4.98411e-09-5.46141e-09-5.80462e-09-6.01083e-09-6.08137e-09-6.02022e-09
-5.83184e-09-5.51931e-09-5.08316e-09-4.52134e-09-3.83038e-09-3.00732e-09
-2.05151e-09-9.66243e-10 2.40391e-10 1.55557e-09 2.96198e-09 4.43783e-09
 5.95639e-09 7.48465e-09 8.98146e-09 1.03958e-08 1.16660e-08 1.27201e-08
 1.34788e-08 1.38593e-08 1.37812e-08 1.31720e-08 1.19736e-08 1.01474e-08
 7.67997e-09 4.58767e-09 9.21417e-10-3.22926e-09-7.73335e-09-1.24179e-08
-1.70707e-08-2.14470e-08-2.52813e-08-2.83022e-08-3.02507e-08-3.09007e-08
-3.00783e-08-2.76810e-08-2.36934e-08-1.81995e-08-1.13900e-08-3.56214e-09
 4.88836e-09 1.34854e-08 2.17011e-08 2.89943e-08 3.48553e-08 3.88515e-08
 4.06691e-08 4.01440e-08 3.72806e-08 3.22549e-08 2.54023e-08 1.71925e-08
 8.19137e-09-9.84057e-10-9.71705e-09-1.74422e-08-2.36923e-08-2.81352e-08
-3.05959e-08-3.10599e-08-2.96589e-08-2.66424e-08-2.23441e-08-1.71473e-08
-1.14538e-08-5.65558e-09-1.10288e-10 4.87868e-09 9.07546e-09 1.23188e-08
 1.45232e-08 1.56759e-08 1.58287e-08 1.50871e-08 1.35968e-08 1.15279e-08
 9.06179e-09 6.37834e-09 3.64712e-09 1.01999e-09-1.37455e-09-3.43547e-09
-5.09156e-09-6.30178e-09-7.05359e-09-7.35939e-09-7.25167e-09-6.77778e-09
-5.99515e-09-4.96737e-09-3.76100e-09-2.44290e-09-1.07765e-09 2.74945e-10
 1.56219e-09 2.74034e-09 3.77525e-09 4.64192e-09 5.32311e-09 5.80801e-09
 6.09121e-09 6.17221e-09 6.05537e-09 5.74968e-09 5.26802e-09 4.62567e-09
 3.83904e-09 2.92496e-09 1.90074e-09 7.84827e-10-4.02453e-10-1.63827e-09
-2.89731e-09-4.15245e-09-5.37579e-09-6.53911e-09-7.61400e-09-8.57185e-09
-9.38443e-09-1.00251e-08-1.04702e-08-1.07009e-08-1.07034e-08-1.04686e-08
-9.99123e-09-9.26794e-09-8.29682e-09-7.07737e-09-5.61149e-09-3.90528e-09
-1.97136e-09 1.68865e-10 2.48295e-09 4.92513e-09 7.43411e-09 9.93218e-09
 1.23270e-08 1.45162e-08 1.63949e-08 1.78636e-08 1.88370e-08 1.92514e-08
 1.90696e-08 1.82841e-08 1.69169e-08 1.50172e-08 1.26565e-08 9.92105e-09
 6.90400e-09 3.69874e-09 3.95882e-10-2.91639e-09-6.14938e-09-9.21023e-09
-1.20001e-08-1.44158e-08-1.63546e-08-1.77221e-08-1.84414e-08-1.84624e-08
-1.77692e-08-1.63850e-08-1.43723e-08-1.18308e-08-8.89235e-09-5.71432e-09
-2.47091e-09 6.56155e-10 3.48784e-09 5.85921e-09 7.63220e-09 8.70885e-09
 9.04370e-09 8.65383e-09 7.62494e-09 6.11199e-09 4.33322e-09 2.55767e-09
 1.08648e-09 2.32971e-10
     0.0000e+00     0.0000e+00      0  0  0.00
     512   1.00000  0.0000e+00
-2.01351e-08-2.01181e-08-1.92076e-08-1.72977e-08-1.43301e-08-1.03070e-08
-5.30237e-09 5.31762e-10 6.96301e-09 1.36830e-08 2.03182e-08 2.64487e-08
 3.16326e-08 3.54377e-08 3.74772e-08 3.74582e-08 3.52651e-08 3.10368e-08
 2.51306e-08 1.80338e-08 1.03893e-08 3.00153e-09-3.32114e-09-7.90387e-09
-1.02580e-08-1.01482e-08-7.64094e-09-3.10295e-09 2.84196e-09 9.41875e-09
 1.58273e-08 2.13255e-08 2.52592e-08 2.70421e-08 2.61224e-08 2.20069e-08
 1.43654e-08 3.15696e-09-1.13104e-08-2.84233e-08-4.73486e-08-6.70934e-08
-8.65256e-08-1.04384e-07-1.19303e-07-1.29864e-07-1.34666e-07-1.32450e-07
-1.22296e-07-1.03780e-07-7.70045e-08-4.25839e-08-1.65622e-09 4.40188e-08
 9.19912e-08 1.39235e-07 1.82386e-07 2.17951e-07 2.42561e-07 2.53291e-07
 2.47995e-07 2.25683e-07 1.86864e-07 1.33750e-07 7.02356e-08 1.65025e-09
-6.57846e-08-1.25770e-07-1.72873e-07-2.03381e-07-2.15848e-07-2.11186e-07
-1.92228e-07-1.62906e-07-1.27328e-07-8.90517e-08-5.08008e-08-1.46244e-08
 1.77297e-08 4.45738e-08 6.44119e-08 7.63717e-08 8.05916e-08 7.81987e-08
 7.08212e-08 6.00017e-08 4.69534e-08 3.27471e-08 1.85644e-08 5.63319e-09
-5.09534e-09-1.31451e-08-1.84060e-08-2.09349e-08-2.09131e-08-1.87031e-08
-1.48254e-08-9.85408e-09-4.34707e-09 1.17354e-09 6.24975e-09 1.05219e-08
 1.37394e-08 1.57578e-08 1.65388e-08 1.61408e-08 1.46975e-08 1.23982e-08
 9.46947e-09 6.15350e-09 2.68842e-09-7.05818e-10-3.84015e-09-6.56561e-09
-8.77655e-09-1.04105e-08-1.14464e-08-1.19000e-08-1.18171e-08-1.12664e-08
-1.03316e-08-9.10428e-09-7.67749e-09-6.13972e-09-4.57029e-09-3.03656e-09
-1.59247e-09-2.77836e-10 8.81304e-10 1.87118e-09 2.68834e-09 3.33745e-09
 3.82913e-09 4.17783e-09 4.39958e-09 4.51010e-09 4.52386e-09 4.45357e-09
 4.30979e-09 4.10088e-09 3.83370e-09 3.51401e-09 3.14674e-09 2.73656e-09
 2.28856e-09 1.80850e-09 1.30322e-09 7.81300e-10 2.52760e-10-2.71554e-10
-7.79919e-10-1.25993e-09-1.69939e-09-2.08673e-09-2.41118e-09-2.66369e-09
-2.83781e-09-2.92946e-09-2.93708e-09-2.86204e-09-2.70851e-09-2.48306e-09
-2.19480e-09-1.85468e-09-1.47461e-09-1.06757e-09-6.47852e-10-2.29885e-10
 1.73127e-10 5.49444e-10 8.88600e-10 1.18168e-09 1.42149e-09 1.60290e-09
 1.72347e-09 1.78360e-09 1.78574e-09 1.73391e-09 1.63356e-09 1.49154e-09
 1.31638e-09 1.11755e-09 9.04271e-10 6.85049e-10 4.67943e-10 2.60845e-10
 7.09838e-11-9.62110e-11-2.37333e-10-3.50260e-10-4.33988e-10-4.88882e-10
-5.16776e-10-5.21170e-10-5.07025e-10-4.79969e-10-4.45673e-10-4.09433e-10
-3.76197e-10-3.50982e-10-3.38303e-10-3.41008e-10-3.60145e-10-3.95430e-10
-4.45488e-10-5.07787e-10-5.78229e-10-6.51123e-10-7.19903e-10-7.77576e-10
-8.16872e-10-8.30784e-10-8.13166e-10-7.58960e-10-6.64537e-10-5.28164e-10
-3.50307e-10-1.33664e-10 1.16943e-10 3.94537e-10 6.89875e-10 9.91717e-10
 1.28758e-09 1.56438e-09 1.80866e-09 2.00711e-09 2.14745e-09 2.21912e-09
 2.21388e-09 2.12617e-09 1.95344e-09 1.69664e-09 1.36044e-09 9.52988e-10
 4.85937e-10-2.54876e-11-5.63209e-10-1.10717e-09-1.63584e-09-2.12702e-09
-2.55896e-09-2.91129e-09-3.16581e-09-3.30766e-09-3.32629e-09-3.21600e-09
-2.97679e-09-2.61458e-09-2.14095e-09-1.57291e-09-9.32725e-10-2.46663e-10
 4.56792e-10 1.14817e-09 1.79816e-09 2.37923e-09 2.86691e-09 3.24053e-09
 3.48433e-09 3.58824e-09 3.54762e-09 3.36294e-09 3.03997e-09 2.59003e-09
 2.02980e-09 1.38132e-09 6.71767e-10-6.71078e-11-7.99292e-10-1.48511e-09
-2.08349e-09-2.55546e-09-2.86772e-09-2.99643e-09-2.93072e-09-2.67543e-09
-2.25273e-09-1.70220e-09-1.07809e-09-4.43827e-10 1.35307e-10 5.99899e-10
 9.03497e-10 1.01884e-09 9.42300e-10 6.95204e-10 3.21523e-10-1.18205e-10
-5.55619e-10-9.23673e-10-1.16500e-09-1.23884e-09-1.12546e-09-8.27794e-10
-3.69963e-10 2.07471e-10 8.53765e-10 1.51406e-09 2.13470e-09 2.66707e-09
 3.07034e-09 3.31349e-09 3.37616e-09 3.24840e-09 2.93047e-09 2.43300e-09
 1.77710e-09 9.94479e-10 1.26177e-10-7.80129e-10-1.67376e-09-2.50522e-09
-3.23046e-09-3.81426e-09-4.23274e-09-4.47419e-09-4.53793e-09-4.43182e-09
-4.16933e-09-3.76709e-09-3.24334e-09-2.61723e-09-1.90888e-09-1.13960e-09
-3.32286e-10 4.88961e-10 1.30009e-09 2.07892e-09 2.80699e-09 3.47077e-09
 4.06184e-09 4.57589e-09 5.01093e-09 5.36517e-09 5.63494e-09 5.81374e-09
 5.89226e-09 5.85921e-09 5.70271e-09 5.41145e-09 4.97507e-09 4.38411e-09
 3.62950e-09 2.70231e-09 1.59419e-09 2.99101e-10-1.18400e-09-2.84752e-09
-4.67162e-09-6.62148e-09-8.64577e-09-1.06766e-08-1.26310e-08-1.44125e-08
-1.59146e-08-1.70237e-08-1.76235e-08-1.76011e-08-1.68535e-08-1.52973e-08
-1.28789e-08-9.58509e-09-5.45292e-09-5.76400e-10 4.89009e-09 1.07330e-08
 1.66854e-08 2.24376e-08 2.76518e-08 3.19808e-08 3.50909e-08 3.66864e-08
 3.65367e-08 3.45023e-08 3.05582e-08 2.48086e-08 1.74922e-08 8.97290e-09
-2.81545e-10-9.73226e-09-1.88095e-08-2.69561e-08-3.36712e-08-3.85483e-08
-4.13071e-08-4.18149e-08-4.00957e-08-3.63266e-08-3.08198e-08-2.39921e-08
-1.63239e-08-8.31430e-09-4.38995e-10 6.88260e-09 1.33088e-08 1.85870e-08
 2.25567e-08 2.51485e-08 2.63767e-08 2.63278e-08 2.51464e-08 2.30181e-08
 2.01532e-08 1.67711e-08 1.30864e-08 9.29663e-09 5.57330e-09 2.05690e-09
-1.14455e-09-3.95414e-09-6.32337e-09-8.22896e-09-9.66961e-09-1.06622e-08
-1.12376e-08-1.14353e-08-1.12994e-08-1.08748e-08-1.02049e-08-9.33103e-09
-8.29150e-09-7.12262e-09-5.85901e-09-4.53382e-09-3.17850e-09-1.82245e-09
-4.93199e-10 7.82927e-10 1.97989e-09 3.07148e-09 4.03188e-09 4.83709e-09
 5.46701e-09 5.90730e-09 6.15060e-09 6.19706e-09 6.05417e-09 5.73623e-09
 5.26370e-09 4.66267e-09 3.96423e-09 3.20321e-09 2.41601e-09 1.63782e-09
 9.00176e-10 2.29244e-10-3.54996e-10-8.39133e-10-1.21654e-09-1.48770e-09
-1.66081e-09-1.75241e-09-1.78751e-09-1.79845e-09-1.82251e-09-1.89834e-09
-2.06216e-09-2.34388e-09-2.76347e-09-3.32699e-09-4.02245e-09-4.81609e-09
-5.65041e-09-6.44520e-09-7.10179e-09-7.51048e-09-7.56056e-09-7.15207e-09
-6.20805e-09-4.68602e-09-2.58755e-09 3.44508e-11 3.07215e-09 6.36423e-09
 9.70344e-09 1.28497e-08 1.55477e-08 1.75476e-08 1.86289e-08 1.86273e-08
 1.74593e-08 1.51404e-08 1.17925e-08 7.63658e-09 2.97450e-09-1.84162e-09
-6.44601e-09-1.04976e-08-1.37148e-08-1.59006e-08-1.69580e-08-1.68923e-08
-1.58029e-08-1.38648e-08-1.13031e-08-8.36519e-09-5.29677e-09-2.32410e-09
 3.59403e-10 2.60331e-09 4.30707e-09 5.42293e-09 5.95495e-09 5.95436e-09
 5.51113e-09 4.74218e-09 3.77775e-09 2.74836e-09 1.77409e-09 9.56872e-10
 3.74860e-10 7.53939e-11
