      10
(6e12.5)
     0.0000e+00     0.0000e+00      0  0  0.00
     512   1.00000  0.0000e+00
-6.99087e-09-7.45907e-09-7.92194e-09-8.22873e-09-8.20309e-09-7.67275e-09
-6.49743e-09-4.59328e-09-1.94876e-09 1.37364e-09 5.25131e-09 9.52736e-09
 1.40423e-08 1.86646e-08 2.33118e-08 2.79571e-08 3.26187e-08 3.73397e-08
 4.21613e-08 4.70913e-08 5.20626e-08 5.68783e-08 6.11527e-08 6.42715e-08
 6.53984e-08 6.35457e-08 5.77119e-08 4.70821e-08 3.12716e-08 1.05391e-08
-1.41280e-08-4.10303e-08-6.78266e-08-9.18021e-08-1.10424e-07-1.21963e-07
-1.25979e-07-1.23622e-07-1.17649e-07-1.12083e-07-1.11573e-07-1.20582e-07
-1.42499e-07-1.78759e-07-2.28020e-07-2.85366e-07-3.41597e-07-3.82913e-07
-3.91570e-07-3.48052e-07-2.34989e-07-4.25483e-08 2.25791e-07 5.49580e-07
 8.91980e-07 1.20366e-06 1.42970e-06 1.51956e-06 1.43387e-06 1.14905e-06
 6.72386e-07 5.79087e-08-6.02272e-07-1.20078e-06-1.63024e-06-1.80234e-06
-1.67607e-06-1.27838e-06-7.06397e-07-1.06090e-07 3.70335e-07 6.17609e-07
 6.19160e-07 4.48526e-07 2.27550e-07 6.73430e-08 1.92391e-08 5.85378e-08
 1.12994e-07 1.19580e-07 6.88362e-08 4.06298e-09-2.14209e-08 8.29607e-09
 6.05973e-08 8.80406e-08 7.31899e-08 4.03044e-08 2.43646e-08 3.31480e-08
 4.39660e-08 3.52988e-08 1.27721e-08-1.49817e-09 9.46176e-10 6.37024e-09
 9.38803e-10-1.03915e-08-1.44304e-08-1.06723e-08-9.93490e-09-1.57539e-08
-2.01873e-08-1.87612e-08-1.70716e-08-1.91792e-08-2.07626e-08-1.83590e-08
-1.52847e-08-1.39610e-08-1.16465e-08-7.09960e-09-2.91875e-09 1.46881e-10
 3.61594e-09 6.96000e-09 8.83187e-09 9.70504e-09 9.95353e-09 9.00462e-09
 6.95879e-09 4.26618e-09 9.76288e-10-2.67817e-09-6.22680e-09-9.30321e-09
-1.15559e-08-1.26495e-08-1.23919e-08-1.07547e-08-7.88565e-09-4.10743e-09
 1.40529e-10 4.36733e-09 8.08395e-09 1.08585e-08 1.23738e-08 1.24730e-08
 1.11761e-08 8.67129e-09 5.29718e-09 1.51459e-09-2.14611e-09-5.16091e-09
-7.08913e-09-7.63502e-09-6.69524e-09-4.39305e-09-1.08409e-09 2.68867e-09
 6.29157e-09 9.11645e-09 1.06804e-08 1.06982e-08 9.13277e-09 6.21823e-09
 2.43375e-09-1.58299e-09-5.16258e-09-7.73380e-09-8.92712e-09-8.63764e-09
-7.04385e-09-4.57719e-09-1.83625e-09 5.42122e-10 2.02117e-09 2.27949e-09
 1.27979e-09-7.25062e-10-3.24929e-09-5.68117e-09-7.41920e-09-8.00854e-09
-7.24662e-09-5.23387e-09-2.35244e-09 8.28964e-10 3.69651e-09 5.73443e-09
 6.63748e-09 6.37705e-09 5.20646e-09 3.59177e-09 2.08070e-09 1.15194e-09
 1.08946e-09 1.91072e-09 3.36471e-09 5.00186e-09 6.29804e-09 6.79887e-09
 6.24473e-09 4.64569e-09 2.28467e-09-3.60903e-10-2.75884e-09-4.47263e-09
-5.27219e-09-5.18079e-09-4.45683e-09-3.51429e-09-2.79335e-09-2.61725e-09
-3.08750e-09-4.05403e-09-5.16506e-09-5.97890e-09-6.10704e-09-5.34341e-09
-3.73104e-09-1.54516e-09 7.91194e-10 2.83150e-09 4.23862e-09 4.88393e-09
 4.87419e-09 4.49856e-09 4.11870e-09 4.03643e-09 4.38162e-09 5.06220e-09
 5.79559e-09 6.20823e-09 5.96762e-09 4.90270e-09 3.07068e-09 7.44947e-10
-1.67300e-09-3.78450e-09-5.31857e-09-6.20445e-09-6.56835e-09-6.66094e-09
-6.74454e-09-6.97856e-09-7.34513e-09-7.64725e-09-7.58305e-09-6.86683e-09
-5.34918e-09-3.08950e-09-3.51955e-10 2.47202e-09 4.98251e-09 6.88668e-09
 8.06837e-09 8.58631e-09 8.60744e-09 8.30949e-09 7.79457e-09 7.04633e-09
 5.94808e-09 4.35714e-09 2.20427e-09-4.28303e-10-3.28553e-09-5.98310e-09
-8.10224e-09-9.30528e-09-9.42676e-09-8.50264e-09-6.73267e-09-4.39872e-09
-1.77298e-09 9.43066e-10 3.61856e-09 6.14167e-09 8.35894e-09 1.00443e-08
 1.09144e-08 1.06919e-08 9.20345e-09 6.47438e-09 2.77215e-09-1.43043e-09
-5.55621e-09-9.04806e-09-1.14783e-08-1.26152e-08-1.24268e-08-1.10288e-08
-8.61360e-09-5.40757e-09-1.67592e-09 2.24572e-09 5.93585e-09 8.91684e-09
 1.07330e-08 1.10626e-08 9.83011e-09 7.26688e-09 3.88083e-09 3.37261e-10
-2.70560e-09-4.74530e-09-5.52568e-09-5.05710e-09-3.57212e-09-1.43681e-09
 9.44380e-10 3.19063e-09 4.96105e-09 5.95135e-09 5.91549e-09 4.73132e-09
 2.48081e-09-5.07780e-10-3.69393e-09-6.43970e-09-8.17409e-09-8.55234e-09
-7.55472e-09-5.48858e-09-2.89076e-09-3.66272e-10 1.57600e-09 2.63485e-09
 2.74916e-09 2.06024e-09 8.38326e-10-5.86343e-10-1.86742e-09-2.67333e-09
-2.73133e-09-1.89398e-09-2.09343e-10 2.04324e-09 4.38801e-09 6.26680e-09
 7.20314e-09 6.95917e-09 5.62153e-09 3.57545e-09 1.37549e-09-4.34313e-10
-1.48245e-09-1.65882e-09-1.10789e-09-1.45548e-10 8.51240e-10 1.53607e-09
 1.65083e-09 1.06015e-09-2.23604e-10-2.02398e-09-4.01032e-09-5.75476e-09
-6.83752e-09-6.97607e-09-6.13571e-09-4.56904e-09-2.74622e-09-1.18985e-09
-2.87545e-10-1.66539e-10-6.74145e-10-1.45831e-09-2.10933e-09-2.30190e-09
-1.88068e-09-8.70379e-10 5.65988e-10 2.18511e-09 3.71726e-09 4.91268e-09
 5.58606e-09 5.66363e-09 5.21959e-09 4.47057e-09 3.70706e-09 3.17913e-09
 2.98893e-09 3.04656e-09 3.11623e-09 2.93350e-09 2.33780e-09 1.35446e-09
 1.83584e-10-8.98468e-10-1.66936e-09-2.05211e-09-2.12749e-09-2.07741e-09
-2.10083e-09-2.34352e-09-2.85911e-09-3.59741e-09-4.41058e-09-5.07587e-09
-5.34198e-09-5.00258e-09-3.98154e-09-2.39357e-09-5.40066e-10 1.17781e-09
 2.40616e-09 2.98084e-09 2.99011e-09 2.72139e-09 2.52244e-09 2.65153e-09
 3.18712e-09 4.02615e-09 4.95180e-09 5.72460e-09 6.15522e-09 6.14158e-09
 5.67366e-09 4.81784e-09 3.69083e-09 2.42670e-09 1.13656e-09-1.30539e-10
-1.40099e-09-2.74203e-09-4.18924e-09-5.68325e-09-7.06658e-09-8.15358e-09
-8.83456e-09-9.14732e-09-9.26770e-09-9.42174e-09-9.76773e-09-1.03087e-08
-1.08760e-08-1.11899e-08-1.09649e-08-1.00091e-08-8.27885e-09-5.88346e-09
-3.05554e-09-9.79066e-11 2.69154e-09 5.10575e-09 7.09340e-09 8.76329e-09
 1.03138e-08 1.19207e-08 1.36495e-08 1.54382e-08 1.71511e-08 1.86547e-08
 1.98674e-08 2.07545e-08 2.12775e-08 2.13407e-08 2.07834e-08 1.94313e-08
 1.71798e-08 1.40591e-08 1.02472e-08 6.03090e-09 1.74018e-09-2.32158e-09
-5.94515e-09-9.07452e-09-1.18305e-08-1.44650e-08-1.72471e-08-2.03322e-08
-2.36814e-08-2.70720e-08-3.01856e-08-3.27179e-08-3.44535e-08-3.52759e-08
-3.51316e-08-3.39914e-08-3.18471e-08-2.87468e-08-2.48383e-08-2.03718e-08
-1.56459e-08-1.09252e-08-6.37470e-09-2.02837e-09 2.20838e-09 6.52314e-09
 1.11230e-08 1.61324e-08 2.15015e-08 2.69749e-08 3.21497e-08 3.65952e-08
 3.99678e-08 4.20664e-08 4.28224e-08 4.22565e-08 4.04390e-08 3.74767e-08
 3.35232e-08 2.87906e-08 2.35324e-08 1.80005e-08 1.23988e-08 6.85438e-09
 1.40541e-09-3.99486e-09-9.43629e-09-1.49548e-08-2.04021e-08-2.53485e-08
-2.90958e-08-3.08390e-08-2.99330e-08-2.61698e-08-1.99785e-08-1.25030e-08
-5.53090e-09-1.21481e-09
     0.0000e+00     0.0000e+00      0  0  0.00
     512   1.00000  0.0000e+00
 1.96311e-09 1.14690e-09 1.67184e-10-9.36481e-10-2.15445e-09-3.49394e-09
-4.94145e-09-6.42543e-09-7.80099e-09-8.87162e-09-9.44375e-09-9.38856e-09
-8.68458e-09-7.42978e-09-5.82334e-09-4.12244e-09-2.58343e-09-1.40182e-09
-6.65651e-10-3.32015e-10-2.29047e-10-8.10755e-11 4.45702e-10 1.68108e-09
 3.87961e-09 7.14776e-09 1.13751e-08 1.61801e-08 2.08948e-08 2.46372e-08
 2.65146e-08 2.58975e-08 2.26185e-08 1.70140e-08 9.86770e-09 2.35461e-09
-4.02814e-09-7.64515e-09-7.04482e-09-1.32885e-09 9.53808e-09 2.45498e-08
 4.16065e-08 5.75072e-08 6.79504e-08 6.76751e-08 5.10124e-08 1.30671e-08
-4.84895e-08-1.31360e-07-2.26866e-07-3.19073e-07-3.85565e-07-4.01527e-07
-3.47818e-07-2.19713e-07-3.22981e-08 1.80203e-07 3.75430e-07 5.20054e-07
 5.97508e-07 6.02014e-07 5.30630e-07 3.83292e-07 1.71847e-07-7.16997e-08
-2.98612e-07-4.57230e-07-5.10191e-07-4.47760e-07-2.92775e-07-9.76355e-08
 7.10709e-08 1.59855e-07 1.52326e-07 7.65755e-08-9.74352e-09-5.35151e-08
-3.86484e-08 7.87078e-09 4.08584e-08 3.32941e-08-4.03388e-09-3.53485e-08
-3.36887e-08-4.55909e-09 2.26976e-08 2.60285e-08 1.14159e-08 1.94334e-09
 9.43072e-09 2.23533e-08 2.30732e-08 1.08247e-08 7.39494e-10 2.17848e-09
 7.41283e-09 5.32170e-09-2.03014e-09-4.56454e-09-8.12055e-10 1.14428e-09
-1.98452e-09-4.30787e-09-2.26715e-09-2.23704e-10-1.30025e-09-2.05818e-09
-9.30228e-11 1.66269e-09 1.45471e-09 1.49883e-09 2.38976e-09 2.14638e-09
 8.66789e-10 8.53043e-11-5.07769e-10-1.46183e-09-2.10354e-09-2.34521e-09
-2.70513e-09-3.10588e-09-3.38723e-09-3.60306e-09-3.60165e-09-3.19325e-09
-2.34918e-09-1.11021e-09 4.01583e-10 1.97155e-09 3.35957e-09 4.34801e-09
 4.78078e-09 4.59814e-09 3.83944e-09 2.62058e-09 1.10418e-09-5.24859e-10
-2.07454e-09-3.35936e-09-4.21596e-09-4.52168e-09-4.21762e-09-3.33192e-09
-1.99164e-09-4.09615e-10 1.15579e-09 2.45051e-09 3.26668e-09 3.47405e-09
 3.04733e-09 2.08330e-09 7.88951e-10-5.66952e-10-1.72094e-09-2.46985e-09
-2.69628e-09-2.37198e-09-1.55701e-09-3.98136e-10 8.87688e-10 2.05532e-09
 2.88855e-09 3.24958e-09 3.10236e-09 2.50665e-09 1.59435e-09 5.42890e-10
-4.51176e-10-1.20421e-09-1.58309e-09-1.53819e-09-1.11720e-09-4.53454e-10
 2.66082e-10 8.44467e-10 1.12213e-09 1.01608e-09 5.38199e-10-2.12488e-10
-1.07699e-09-1.87138e-09-2.42402e-09-2.61368e-09-2.40171e-09-1.84553e-09
-1.08426e-09-2.99534e-10 3.33947e-10 6.93181e-10 7.37663e-10 5.19012e-10
 1.65385e-10-1.56933e-10-2.94996e-10-1.56232e-10 2.65869e-10 8.93103e-10
 1.58652e-09 2.18351e-09 2.53787e-09 2.55646e-09 2.22627e-09 1.62260e-09
 8.90718e-10 2.01073e-10-3.08568e-10-5.80052e-10-6.48928e-10-6.19660e-10
-6.16021e-10-7.32347e-10-1.00540e-09-1.41036e-09-1.87310e-09-2.28997e-09
-2.55171e-09-2.57249e-09-2.32211e-09-1.84749e-09-1.26399e-09-7.13234e-10
-3.04477e-10-6.76152e-11 5.59128e-11 1.78029e-10 4.05645e-10 7.89749e-10
 1.30381e-09 1.85788e-09 2.33704e-09 2.64248e-09 2.71915e-09 2.56628e-09
 2.23254e-09 1.79979e-09 1.35949e-09 9.84894e-10 7.05061e-10 4.91925e-10
 2.71258e-10-4.20857e-11-4.96538e-10-1.06487e-09-1.63670e-09-2.05345e-09
-2.17393e-09-1.93985e-09-1.40841e-09-7.36373e-10-1.22381e-10 2.68276e-10
 3.66315e-10 2.22124e-10-2.15321e-11-1.98700e-10-2.02498e-10-4.22378e-11
 1.54518e-10 2.00000e-10-6.05850e-11-6.64382e-10-1.49543e-09-2.31662e-09
-2.85639e-09-2.91178e-09-2.42243e-09-1.48423e-09-3.01012e-10 8.98736e-10
 1.94075e-09 2.74736e-09 3.33104e-09 3.74758e-09 4.03458e-09 4.16677e-09
 4.04952e-09 3.55330e-09 2.57646e-09 1.11407e-09-6.96203e-10-2.58008e-09
-4.19500e-09-5.23646e-09-5.53279e-09-5.08633e-09-4.05049e-09-2.66308e-09
-1.16974e-09 2.32955e-10 1.41870e-09 2.31815e-09 2.88888e-09 3.09435e-09
 2.90719e-09 2.33199e-09 1.43191e-09 3.45201e-10-7.19278e-10-1.51676e-09
-1.83270e-09-1.56144e-09-7.58309e-10 3.69864e-10 1.53680e-09 2.47400e-09
 3.00399e-09 3.06192e-09 2.67442e-09 1.92418e-09 9.22749e-10-2.02907e-10
-1.31448e-09-2.26490e-09-2.90687e-09-3.11419e-09-2.81892e-09-2.05487e-09
-9.81500e-10 1.39155e-10 1.01730e-09 1.43377e-09 1.31612e-09 7.55674e-10
-3.93383e-11-8.26305e-10-1.40612e-09-1.66826e-09-1.59494e-09-1.23470e-09
-6.68415e-10 1.05675e-11 6.97712e-10 1.27483e-09 1.62245e-09 1.65302e-09
 1.35232e-09 8.04444e-10 1.77714e-10-3.30542e-10-5.69388e-10-4.95890e-10
-1.91696e-10 1.77158e-10 4.38149e-10 4.87226e-10 3.24054e-10 3.55023e-11
-2.56535e-10-4.51314e-10-5.01957e-10-4.16148e-10-2.36568e-10-2.00707e-11
 1.73541e-10 2.84151e-10 2.55165e-10 4.98340e-11-3.20063e-10-7.70759e-10
-1.15209e-09-1.29337e-09-1.07591e-09-4.97078e-10 3.09473e-10 1.11194e-09
 1.66195e-09 1.78428e-09 1.43738e-09 7.22720e-10-1.56161e-10-9.62294e-10
-1.49125e-09-1.61493e-09-1.30099e-09-6.15661e-10 2.84793e-10 1.17951e-09
 1.83289e-09 2.06254e-09 1.80235e-09 1.13292e-09 2.60016e-10-5.57059e-10
-1.09801e-09-1.25366e-09-1.04774e-09-6.02963e-10-7.34893e-11 4.16762e-10
 7.99445e-10 1.04986e-09 1.16012e-09 1.12204e-09 9.29661e-10 5.92585e-10
 1.44863e-10-3.58521e-10-8.53247e-10-1.27415e-09-1.55511e-09-1.62781e-09
-1.43300e-09-9.50808e-10-2.40315e-10 5.38875e-10 1.15208e-09 1.36772e-09
 1.05680e-09 2.60832e-10-8.11922e-10-1.86161e-09-2.60511e-09-2.86567e-09
-2.60926e-09-1.92710e-09-9.90243e-10-2.70400e-12 8.35631e-10 1.35977e-09
 1.47202e-09 1.17418e-09 5.80440e-10-1.11868e-10-6.92688e-10-1.01674e-09
-1.04228e-09-8.10221e-10-3.85674e-10 1.90533e-10 9.02489e-10 1.71409e-09
 2.52032e-09 3.14364e-09 3.39239e-09 3.15439e-09 2.47128e-09 1.54407e-09
 6.60001e-10 7.99885e-11-5.27872e-11 2.55754e-10 8.76223e-10 1.60836e-09
 2.23347e-09 2.55762e-09 2.44949e-09 1.87406e-09 9.09784e-10-2.67897e-10
-1.43753e-09-2.39733e-09-3.01820e-09-3.26438e-09-3.17863e-09-2.84735e-09
-2.36988e-09-1.84653e-09-1.37985e-09-1.07155e-09-1.00440e-09-1.21317e-09
-1.65921e-09-2.22390e-09-2.72938e-09-2.98475e-09-2.84909e-09-2.29604e-09
-1.45110e-09-5.69184e-10 5.38637e-11 1.99771e-10-1.85117e-10-9.79929e-10
-1.95628e-09-2.87791e-09-3.57518e-09-3.96256e-09-4.01479e-09-3.74683e-09
-3.23119e-09-2.64713e-09-2.31859e-09-2.68887e-09-4.21456e-09-7.21386e-09
-1.17289e-08-1.74395e-08-2.36299e-08-2.91971e-08-3.27088e-08-3.25387e-08
-2.71079e-08-1.52371e-08 3.42251e-09 2.79424e-08 5.57537e-08 8.25859e-08
 1.03029e-07 1.11826e-07 1.05478e-07 8.35228e-08 4.90037e-08 7.99874e-09
-3.16958e-08-6.24314e-08-7.86441e-08-7.83530e-08-6.38071e-08-4.10363e-08
-1.82965e-08-4.02026e-09
     0.0000e+00     0.0000e+00      0  0  0.00
     512   1.00000  0.0000e+00
 9.03002e-09 7.47908e-09 5.39689e-09 2.86778e-09 2.41283e-11-2.96270e-09
-5.89341e-09-8.55797e-09-1.07607e-08-1.23538e-08-1.32808e-08-1.36236e-08
-1.36423e-08-1.37911e-08-1.46988e-08-1.71018e-08-2.17161e-08-2.90480e-08
-3.91566e-08-5.14101e-08-6.42944e-08-7.53366e-08-8.12167e-08-7.81320e-08
-6.24572e-08-3.16881e-08 1.44258e-08 7.27219e-08 1.36067e-07 1.94594e-07
 2.37902e-07 2.55724e-07 2.39235e-07 1.85794e-07 1.02162e-07 2.57473e-09
-9.47079e-08-1.71349e-07-2.14440e-07-2.20774e-07-1.97164e-07-1.57102e-07
-1.14982e-07-7.99315e-08-5.27370e-08-2.83117e-08-2.00679e-09 2.51578e-08
 4.66305e-08 5.55186e-08 5.00365e-08 3.47877e-08 1.76609e-08 5.49876e-09
 1.14599e-09 2.85958e-09 6.88193e-09 1.13453e-08 1.78068e-08 2.99585e-08
 5.17727e-08 8.58752e-08 1.30554e-07 1.77100e-07 2.12063e-07 2.22175e-07
 1.97268e-07 1.33253e-07 3.56519e-08-8.04015e-08-1.93847e-07-2.83196e-07
-3.32744e-07-3.36586e-07-2.98743e-07-2.30322e-07-1.45174e-07-5.58722e-08
 2.80646e-08 9.91010e-08 1.49860e-07 1.73479e-07 1.66947e-07 1.35520e-07
 9.35328e-08 5.79104e-08 3.75673e-08 2.78378e-08 1.68222e-08-9.95207e-10
-1.85641e-08-2.54633e-08-2.11412e-08-1.48085e-08-1.29566e-08-1.29594e-08
-1.04409e-08-6.42805e-09-3.81194e-09-2.29245e-09-5.77970e-10 8.01263e-10
 1.44547e-09 2.08861e-09 2.71634e-09 2.78259e-09 2.63565e-09 2.56385e-09
 2.16921e-09 1.53168e-09 1.01507e-09 4.36000e-10-2.48642e-10-7.57985e-10
-1.16568e-09-1.56096e-09-1.80346e-09-1.97289e-09-2.15507e-09-2.26305e-09
-2.35195e-09-2.45927e-09-2.52393e-09-2.60630e-09-2.72662e-09-2.84318e-09
-2.98793e-09-3.12548e-09-3.19861e-09-3.20225e-09-3.08199e-09-2.81245e-09
-2.40300e-09-1.83324e-09-1.12322e-09-3.03891e-10 5.90635e-10 1.48702e-09
 2.32457e-09 3.04197e-09 3.58202e-09 3.92045e-09 4.04284e-09 3.96350e-09
 3.71752e-09 3.34213e-09 2.88795e-09 2.40471e-09 1.93497e-09 1.50635e-09
 1.13291e-09 8.21643e-10 5.58574e-10 3.16455e-10 6.75372e-11-2.16638e-10
-5.59755e-10-9.67063e-10-1.41896e-09-1.87852e-09-2.29430e-09-2.61167e-09
-2.79424e-09-2.82286e-09-2.68277e-09-2.37506e-09-1.93410e-09-1.41373e-09
-8.65496e-10-3.35314e-10 1.42096e-10 5.51999e-10 8.90852e-10 1.15716e-09
 1.36086e-09 1.52640e-09 1.67449e-09 1.80735e-09 1.91135e-09 1.96467e-09
 1.94711e-09 1.85023e-09 1.67007e-09 1.39222e-09 1.00410e-09 5.21979e-10
-7.31049e-12-5.26055e-10-9.85914e-10-1.36082e-09-1.64333e-09-1.83020e-09
-1.91620e-09-1.90177e-09-1.80697e-09-1.66884e-09-1.51212e-09-1.32844e-09
-1.08725e-09-7.60071e-10-3.41914e-10 1.43996e-10 6.66169e-10 1.20043e-09
 1.72263e-09 2.19983e-09 2.59339e-09 2.87135e-09 3.02441e-09 3.06703e-09
 3.02049e-09 2.89734e-09 2.69493e-09 2.40042e-09 2.00645e-09 1.51858e-09
 9.47778e-10 3.07795e-10-3.80683e-10-1.09055e-09-1.78950e-09-2.44188e-09
-3.01676e-09-3.49432e-09-3.86589e-09-4.13084e-09-4.28988e-09-4.34085e-09
-4.28062e-09-4.10583e-09-3.81502e-09-3.41408e-09-2.91449e-09-2.33084e-09
-1.68776e-09-1.02036e-09-3.65673e-10 2.36484e-10 7.44910e-10 1.13355e-09
 1.39627e-09 1.53499e-09 1.55873e-09 1.48577e-09 1.33246e-09 1.11222e-09
 8.48104e-10 5.70866e-10 3.08580e-10 8.93155e-11-5.70134e-11-1.09482e-10
-6.18950e-11 7.94785e-11 2.91698e-10 5.36193e-10 7.79299e-10 1.00941e-09
 1.23268e-09 1.46499e-09 1.72889e-09 2.04215e-09 2.40269e-09 2.78432e-09
 3.13589e-09 3.37908e-09 3.42440e-09 3.20381e-09 2.68692e-09 1.87421e-09
 7.92881e-10-4.99876e-10-1.91110e-09-3.30093e-09-4.48658e-09-5.27946e-09
-5.53191e-09-5.16736e-09-4.19111e-09-2.68683e-09-8.09794e-10 1.22203e-09
 3.15329e-09 4.73418e-09 5.77049e-09 6.16346e-09 5.91542e-09 5.10743e-09
 3.87844e-09 2.40846e-09 8.95308e-10-4.73860e-10-1.55630e-09-2.28023e-09
-2.64426e-09-2.69658e-09-2.51088e-09-2.16805e-09-1.74995e-09-1.33560e-09
-9.87084e-10-7.37004e-10-5.87547e-10-5.18077e-10-5.01663e-10-5.20897e-10
-5.67894e-10-6.35987e-10-7.15586e-10-7.93157e-10-8.54758e-10-8.92370e-10
-9.03807e-10-8.89459e-10-8.52924e-10-8.00479e-10-7.38039e-10-6.68552e-10
-5.86917e-10-4.76849e-10-3.17266e-10-9.19205e-11 2.02944e-10 5.51560e-10
 9.19448e-10 1.26444e-09 1.54695e-09 1.73634e-09 1.81624e-09 1.78626e-09
 1.66169e-09 1.47248e-09 1.25652e-09 1.04969e-09 8.79450e-10 7.59952e-10
 6.88394e-10 6.47346e-10 6.10158e-10 5.47305e-10 4.35195e-10 2.62363e-10
 3.00480e-11-2.48532e-10-5.51224e-10-8.53962e-10-1.13621e-09-1.38363e-09
-1.59072e-09-1.75982e-09-1.89574e-09-2.00111e-09-2.07423e-09-2.10894e-09
-2.09624e-09-2.02575e-09-1.88739e-09-1.67690e-09-1.40152e-09-1.07947e-09
-7.33834e-10-3.84479e-10-4.03820e-11 3.03282e-10 6.61224e-10 1.05048e-09
 1.48147e-09 1.94933e-09 2.42916e-09 2.87801e-09 3.24306e-09 3.47454e-09
 3.53780e-09 3.41844e-09 3.12108e-09 2.66623e-09 2.08716e-09 1.42562e-09
 7.24433e-10 1.91930e-11-6.65850e-10-1.31727e-09-1.93075e-09-2.50828e-09
-3.05367e-09-3.56783e-09-4.04326e-09-4.45851e-09-4.77817e-09-4.95922e-09
-4.95925e-09-4.74404e-09-4.29461e-09-3.61259e-09-2.72316e-09-1.67369e-09
-5.24428e-10 6.66168e-10 1.85105e-09 2.99316e-09 4.05792e-09 5.00890e-09
 5.81010e-09 6.43173e-09 6.85551e-09 7.07776e-09 7.10863e-09 6.96532e-09
 6.66065e-09 6.19282e-09 5.54358e-09 4.69003e-09 3.62607e-09 2.38048e-09
 1.01790e-09-3.78403e-10-1.73101e-09-2.98613e-09-4.11809e-09-5.12370e-09
-6.01279e-09-6.79623e-09-7.47323e-09-8.02386e-09-8.41215e-09-8.59563e-09
-8.53223e-09-8.18207e-09-7.51189e-09-6.50806e-09-5.19460e-09-3.64509e-09
-1.97904e-09-3.41354e-10 1.12742e-09 2.31962e-09 3.18141e-09 3.72386e-09
 4.02137e-09 4.19476e-09 4.38228e-09 4.70990e-09 5.27109e-09 6.11562e-09
 7.23875e-09 8.56838e-09 9.96125e-09 1.12221e-08 1.21436e-08 1.25475e-08
 1.23125e-08 1.13890e-08 9.80114e-09 7.63646e-09 5.02325e-09 2.10302e-09
-9.89373e-10-4.13047e-09-7.20244e-09-1.00910e-08-1.26959e-08-1.49456e-08
-1.68018e-08-1.82489e-08-1.92797e-08-1.98898e-08-2.00801e-08-1.98590e-08
-1.92369e-08-1.82228e-08-1.68288e-08-1.50778e-08-1.29996e-08-1.06205e-08
-7.96510e-09-5.07129e-09-2.00215e-09 1.15881e-09 4.32584e-09 7.42790e-09
 1.04131e-08 1.32427e-08 1.58846e-08 1.83072e-08 2.04730e-08 2.23298e-08
 2.38076e-08 2.48239e-08 2.52904e-08 2.51175e-08 2.42188e-08 2.25257e-08
 2.00160e-08 1.67440e-08 1.28487e-08 8.53619e-09 4.05433e-09-3.30200e-10
-4.37079e-09-7.89774e-09-1.08525e-08-1.32609e-08-1.51585e-08-1.65117e-08
-1.71751e-08-1.69081e-08-1.54643e-08-1.27511e-08-9.01739e-09-4.98326e-09
-1.81704e-09-3.10605e-10
     0.0000e+00     0.0000e+00      0  0  0.00
     512   1.00000  0.0000e+00
 4.11477e-09 5.16907e-09 6.19193e-09 7.04522e-09 7.55767e-09 7.57435e-09
 7.01080e-09 5.89336e-09 4.38239e-09 2.77371e-09 1.46702e-09 8.96951e-10
 1.43761e-09 3.30307e-09 6.46666e-09 1.06128e-08 1.51253e-08 1.91052e-08
 2.14121e-08 2.07371e-08 1.57446e-08 5.31956e-09-1.10694e-08-3.29304e-08
-5.83141e-08-8.35075e-08-1.03012e-07-1.09950e-07-9.75187e-08-6.25689e-08
-9.62241e-09 4.93811e-08 1.00431e-07 1.33074e-07 1.41903e-07 1.25009e-07
 8.42314e-08 2.75638e-08-3.07811e-08-7.45793e-08-9.24676e-08-8.40930e-08
-6.07246e-08-3.82255e-08-2.67070e-08-2.45849e-08-2.16238e-08-8.77814e-09
 1.29654e-08 3.24369e-08 3.70257e-08 2.22385e-08-5.57631e-09-3.31645e-08
-4.57305e-08-3.04105e-08 1.98218e-08 9.96977e-08 1.90897e-07 2.72961e-07
 3.32289e-07 3.56815e-07 3.28279e-07 2.29020e-07 5.55258e-08-1.78099e-07
-4.41171e-07-6.84973e-07-8.49574e-07-8.79839e-07-7.41637e-07-4.37811e-07
-1.91170e-08 4.20925e-07 7.69762e-07 9.31664e-07 8.64587e-07 6.01971e-07
 2.44552e-07-7.92111e-08-2.68674e-07-2.96408e-07-2.15858e-07-1.21841e-07
-8.61185e-08-1.11390e-07-1.40613e-07-1.16915e-07-4.05874e-08 3.35221e-08
 5.65163e-08 3.54046e-08 1.44865e-08 1.72644e-08 2.70737e-08 2.35545e-08
 1.17532e-08 5.29809e-09 3.74164e-09 8.10874e-10-2.04903e-09-2.28552e-09
-2.55948e-09-3.88390e-09-4.02786e-09-3.45310e-09-3.72446e-09-3.77005e-09
-3.12059e-09-2.89399e-09-2.69487e-09-1.90078e-09-1.22848e-09-6.47808e-10
 2.72509e-10 1.02430e-09 1.54686e-09 2.15437e-09 2.53053e-09 2.68840e-09
 2.87349e-09 2.86345e-09 2.69355e-09 2.50293e-09 2.14203e-09 1.71651e-09
 1.32003e-09 8.67298e-10 4.66727e-10 1.19175e-10-2.49708e-10-5.73311e-10
-8.86834e-10-1.19067e-09-1.42810e-09-1.63945e-09-1.80584e-09-1.92249e-09
-2.01874e-09-2.06329e-09-2.05742e-09-1.98732e-09-1.83506e-09-1.62634e-09
-1.36514e-09-1.06501e-09-7.33826e-10-3.65376e-10 3.13174e-11 4.51249e-10
 8.71286e-10 1.26000e-09 1.59277e-09 1.85040e-09 2.03507e-09 2.15776e-09
 2.22512e-09 2.23060e-09 2.16280e-09 2.02613e-09 1.84242e-09 1.63926e-09
 1.42861e-09 1.19830e-09 9.28727e-10 6.16849e-10 2.80250e-10-6.25983e-11
-4.08743e-10-7.64551e-10-1.12296e-09-1.44966e-09-1.70113e-09-1.86280e-09
-1.95736e-09-2.00577e-09-1.99331e-09-1.88741e-09-1.68468e-09-1.43028e-09
-1.18359e-09-9.62883e-10-7.27217e-10-4.19878e-10-3.61171e-11 3.58452e-10
 6.89247e-10 9.48119e-10 1.19184e-09 1.46283e-09 1.72169e-09 1.86919e-09
 1.83982e-09 1.66578e-09 1.43995e-09 1.22193e-09 9.89209e-10 6.79159e-10
 2.74277e-10-1.60409e-10-5.28614e-10-7.87219e-10-9.76615e-10-1.16735e-09
-1.37754e-09-1.55187e-09-1.62423e-09-1.58603e-09-1.49006e-09-1.39887e-09
-1.32958e-09-1.24852e-09-1.12029e-09-9.52596e-10-7.91313e-10-6.77579e-10
-6.08837e-10-5.41131e-10-4.29719e-10-2.64324e-10-6.82046e-11 1.29853e-10
 3.21196e-10 5.17487e-10 7.27565e-10 9.36934e-10 1.11276e-09 1.22812e-09
 1.28021e-09 1.28879e-09 1.27843e-09 1.25963e-09 1.22650e-09 1.17254e-09
 1.10912e-09 1.06752e-09 1.07812e-09 1.15015e-09 1.27548e-09 1.44237e-09
 1.63880e-09 1.84703e-09 2.03478e-09 2.15038e-09 2.13638e-09 1.95509e-09
 1.59849e-09 1.07766e-09 4.16590e-10-3.40355e-10-1.12202e-09-1.83868e-09
-2.40659e-09-2.77527e-09-2.93659e-09-2.91312e-09-2.74870e-09-2.51743e-09
-2.33244e-09-2.32069e-09-2.56608e-09-3.06241e-09-3.71011e-09-4.35264e-09
-4.81569e-09-4.91637e-09-4.46065e-09-3.28170e-09-1.32850e-09 1.25505e-09
 4.12859e-09 6.84097e-09 8.94391e-09 1.00659e-08 9.94096e-09 8.44366e-09
 5.66211e-09 1.96404e-09-2.02909e-09-5.58641e-09-8.06434e-09-9.05572e-09
-8.43723e-09-6.34699e-09-3.15797e-09 5.46176e-10 4.04484e-09 6.63397e-09
 7.82123e-09 7.46862e-09 5.80175e-09 3.29625e-09 5.21326e-10-1.99006e-09
-3.82347e-09-4.74054e-09-4.73048e-09-4.02176e-09-3.00819e-09-2.09901e-09
-1.55839e-09-1.41791e-09-1.50457e-09-1.54620e-09-1.28360e-09-5.53391e-10
 6.62784e-10 2.22180e-09 3.83865e-09 5.15433e-09 5.84873e-09 5.75640e-09
 4.93205e-09 3.63480e-09 2.23453e-09 1.08051e-09 3.88361e-10 1.83788e-10
 3.14072e-10 5.16343e-10 5.14642e-10 1.16520e-10-7.14189e-10-1.83586e-09
-2.97585e-09-3.83025e-09-4.18002e-09-3.97820e-09-3.36706e-09-2.61757e-09
-2.02128e-09-1.77727e-09-1.91778e-09-2.30247e-09-2.67903e-09-2.78257e-09
-2.43936e-09-1.63686e-09-5.31057e-10 6.12008e-10 1.51928e-09 2.01830e-09
 2.10254e-09 1.92580e-09 1.73006e-09 1.73773e-09 2.05433e-09 2.62417e-09
 3.25648e-09 3.70904e-09 3.79289e-09 3.45213e-09 2.78467e-09 1.99810e-09
 1.31919e-09 8.95055e-10 7.31281e-10 6.95210e-10 5.82458e-10 2.18793e-10
-4.51160e-10-1.33348e-09-2.22462e-09-2.90080e-09-3.21853e-09-3.17925e-09
-2.92416e-09-2.66337e-09-2.57551e-09-2.72355e-09-3.02555e-09-3.29525e-09
-3.33337e-09-3.02561e-09-2.39826e-09-1.60304e-09-8.40347e-10-2.62083e-10
 9.81182e-11 3.35461e-10 6.19786e-10 1.10095e-09 1.82248e-09 2.69146e-09
 3.52084e-09 4.11979e-09 4.38470e-09 4.34633e-09 4.14933e-09 3.97158e-09
 3.92504e-09 3.99504e-09 4.05006e-09 3.91198e-09 3.44962e-09 2.65020e-09
 1.62978e-09 5.73394e-10-3.62054e-10-1.12572e-09-1.78779e-09-2.48545e-09
-3.33275e-09-4.34484e-09-5.41686e-09-6.36874e-09-7.03272e-09-7.33336e-09
-7.31061e-09-7.07208e-09-6.70849e-09-6.22638e-09-5.53796e-09-4.51557e-09
-3.08428e-09-1.29905e-09 6.46052e-10 2.48671e-09 3.99491e-09 5.06574e-09
 5.74554e-09 6.19158e-09 6.58456e-09 7.04266e-09 7.58665e-09 8.17077e-09
 8.74469e-09 9.28965e-09 9.79626e-09 1.02010e-08 1.03314e-08 9.90731e-09
 8.61644e-09 6.24444e-09 2.79941e-09-1.43650e-09-5.95958e-09-1.01739e-08
-1.35398e-08-1.56910e-08-1.64849e-08-1.59841e-08-1.44009e-08-1.20577e-08
-9.37471e-09-6.85203e-09-4.99818e-09-4.20400e-09-4.60600e-09-6.00495e-09
-7.88902e-09-9.56971e-09-1.03867e-08-9.89923e-09-7.98279e-09-4.80517e-09
-7.23627e-10 3.82967e-09 8.43284e-09 1.27235e-08 1.64238e-08 1.93632e-08
 2.15103e-08 2.29917e-08 2.40464e-08 2.49101e-08 2.56799e-08 2.62391e-08
 2.62800e-08 2.54210e-08 2.33717e-08 2.00701e-08 1.57192e-08 1.07035e-08
 5.44758e-09 3.00948e-10-4.50295e-09-8.83976e-09-1.26845e-08-1.61153e-08
-1.93150e-08-2.25507e-08-2.61167e-08-3.02410e-08-3.49924e-08-4.02501e-08
-4.57444e-08-5.11066e-08-5.58546e-08-5.93041e-08-6.04609e-08-5.79838e-08
-5.03200e-08-3.60724e-08-1.45539e-08 1.36103e-08 4.60128e-08 7.83570e-08
 1.05001e-07 1.20240e-07 1.19965e-07 1.03054e-07 7.20077e-08 3.26201e-08
-7.26257e-09-3.96456e-08-5.84864e-08-6.14070e-08-5.04693e-08-3.17022e-08
-1.34351e-08-2.77132e-09
     0.0000e+00     0.0000e+00      0  0  0.00
     512   1.00000  0.0000e+00
-9.25590e-09-6.17516e-09-2.24047e-09 2.40573e-09 7.55333e-09 1.29204e-08
 1.81460e-08 2.28034e-08 2.64428e-08 2.86646e-08 2.92157e-08 2.80889e-08
 2.55976e-08 2.24133e-08 1.95596e-08 1.83434e-08 2.01934e-08 2.63827e-08
 3.76472e-08 5.37500e-08 7.30702e-08 9.23182e-08 1.06497e-07 1.09243e-07
 9.36616e-08 5.37054e-08-1.39626e-08-1.07829e-07-2.19620e-07-3.33613e-07
-4.27756e-07-4.76749e-07-4.58756e-07-3.65249e-07-2.06661e-07-9.68891e-09
 1.89029e-07 3.50788e-07 4.45580e-07 4.61734e-07 4.09156e-07 3.15099e-07
 2.13812e-07 1.32834e-07 8.22847e-08 5.44946e-08 3.45013e-08 1.32896e-08
-6.14479e-09-1.39979e-08-5.03717e-09 1.42120e-08 2.80509e-08 2.01787e-08
-1.75662e-08-8.15817e-08-1.61531e-07-2.45513e-07-3.16883e-07-3.53055e-07
-3.37544e-07-2.73086e-07-1.75539e-07-5.89547e-08 6.30632e-08 1.69703e-07
 2.38018e-07 2.50090e-07 1.96066e-07 8.19100e-08-6.42512e-08-1.95929e-07
-2.60427e-07-2.18569e-07-6.61749e-08 1.55622e-07 3.69710e-07 4.91579e-07
 4.67509e-07 3.04962e-07 7.50573e-08-1.21067e-07-2.06890e-07-1.74850e-07
-8.84412e-08-3.31478e-08-4.90320e-08-1.01720e-07-1.22180e-07-8.02086e-08
-1.38562e-08 1.93728e-08 8.95791e-09-7.84515e-09-3.65732e-09 9.07667e-09
 1.01941e-08 3.25638e-09 3.19155e-10 1.60637e-10-2.29818e-09-4.17738e-09
-3.44420e-09-3.47735e-09-4.62170e-09-4.41717e-09-3.90308e-09-4.30818e-09
-4.08431e-09-3.19511e-09-2.76985e-09-2.05669e-09-8.18626e-10 3.17301e-11
 8.38585e-10 1.88206e-09 2.59717e-09 3.27347e-09 4.15123e-09 4.80831e-09
 5.40008e-09 5.99633e-09 6.28506e-09 6.44095e-09 6.50293e-09 6.30952e-09
 6.03813e-09 5.66066e-09 5.09961e-09 4.49307e-09 3.78690e-09 3.00193e-09
 2.23802e-09 1.42944e-09 6.11401e-10-1.98550e-10-1.03416e-09-1.82826e-09
-2.57460e-09-3.24752e-09-3.79690e-09-4.23867e-09-4.55192e-09-4.74029e-09
-4.82240e-09-4.79355e-09-4.67067e-09-4.44415e-09-4.10122e-09-3.63782e-09
-3.06125e-09-2.41519e-09-1.73934e-09-1.06764e-09-4.23629e-10 1.94753e-10
 8.01193e-10 1.40021e-09 1.96964e-09 2.47461e-09 2.87909e-09 3.15657e-09
 3.30740e-09 3.34736e-09 3.28316e-09 3.11758e-09 2.86975e-09 2.56405e-09
 2.21181e-09 1.81918e-09 1.39407e-09 9.41772e-10 4.67809e-10-1.74515e-11
-5.01912e-10-9.65974e-10-1.36999e-09-1.66706e-09-1.83730e-09-1.90176e-09
-1.90570e-09-1.89011e-09-1.86381e-09-1.79933e-09-1.66934e-09-1.48331e-09
-1.27776e-09-1.08039e-09-8.94552e-10-7.12724e-10-5.40119e-10-4.05691e-10
-3.46857e-10-3.75951e-10-4.57320e-10-5.24561e-10-5.30903e-10-4.82039e-10
-4.19537e-10-3.79889e-10-3.67031e-10-3.56808e-10-3.29660e-10-2.95924e-10
-2.83366e-10-3.07335e-10-3.59704e-10-4.23755e-10-4.96972e-10-5.95991e-10
-7.37596e-10-9.15376e-10-1.09214e-09-1.21743e-09-1.25827e-09-1.21409e-09
-1.10666e-09-9.58147e-10-7.71455e-10-5.27170e-10-1.99243e-10 2.28580e-10
 7.57851e-10 1.37968e-09 2.08015e-09 2.83885e-09 3.62242e-09 4.38370e-09
 5.07034e-09 5.64017e-09 6.07539e-09 6.38009e-09 6.55794e-09 6.59662e-09
 6.47725e-09 6.18991e-09 5.74372e-09 5.17619e-09 4.54337e-09 3.88780e-09
 3.22486e-09 2.55589e-09 1.87380e-09 1.16254e-09 4.09679e-10-3.84647e-10
-1.21119e-09-2.04574e-09-2.84328e-09-3.55862e-09-4.16947e-09-4.67152e-09
-5.06840e-09-5.37260e-09-5.59924e-09-5.75838e-09-5.86083e-09-5.91635e-09
-5.91867e-09-5.84817e-09-5.68900e-09-5.42370e-09-5.01082e-09-4.37964e-09
-3.45143e-09-2.18185e-09-6.12745e-10 1.10442e-09 2.74636e-09 4.09052e-09
 4.96729e-09 5.27754e-09 4.99253e-09 4.14874e-09 2.85126e-09 1.28383e-09
-3.04632e-10-1.65157e-09-2.54769e-09-2.89102e-09-2.70975e-09-2.15007e-09
-1.43966e-09-8.36911e-10-5.72462e-10-7.87944e-10-1.48197e-09-2.49346e-09
-3.54733e-09-4.34241e-09-4.63939e-09-4.31918e-09-3.39980e-09-2.02257e-09
-4.24728e-10 1.10430e-09 2.28721e-09 2.93264e-09 2.99685e-09 2.60231e-09
 1.99601e-09 1.46306e-09 1.23081e-09 1.39991e-09 1.92716e-09 2.65514e-09
 3.36660e-09 3.84802e-09 3.95258e-09 3.65049e-09 3.04907e-09 2.36317e-09
 1.83605e-09 1.64335e-09 1.82470e-09 2.26993e-09 2.76080e-09 3.04870e-09
 2.93757e-09 2.34524e-09 1.32881e-09 6.71022e-11-1.19648e-09-2.23259e-09
-2.90080e-09-3.19529e-09-3.23907e-09-3.22328e-09-3.31925e-09-3.60629e-09
-4.04310e-09-4.48738e-09-4.75268e-09-4.68319e-09-4.21887e-09-3.42433e-09
-2.46880e-09-1.56337e-09-8.78651e-10-4.76988e-10-2.87960e-10-1.35648e-10
 1.91409e-10 8.50688e-10 1.87335e-09 3.14287e-09 4.43385e-09 5.49503e-09
 6.14351e-09 6.32841e-09 6.13418e-09 5.72666e-09 5.27295e-09 4.86994e-09
 4.50776e-09 4.08351e-09 3.46206e-09 2.55625e-09 1.38638e-09 8.63419e-11
-1.15019e-09-2.15682e-09-2.87026e-09-3.35769e-09-3.78246e-09-4.32563e-09
-5.09990e-09-6.09056e-09-7.14672e-09-8.03067e-09-8.50808e-09-8.43844e-09
-7.82233e-09-6.78469e-09-5.50709e-09-4.14767e-09-2.78864e-09-1.42980e-09
-2.28477e-11 1.47217e-09 3.03458e-09 4.56570e-09 5.92062e-09 6.97392e-09
 7.68581e-09 8.13010e-09 8.45745e-09 8.80844e-09 9.22894e-09 9.63245e-09
 9.82293e-09 9.56846e-09 8.69800e-09 7.17920e-09 5.14029e-09 2.82272e-09
 4.84625e-10-1.69575e-09-3.66295e-09-5.45196e-09-7.10989e-09-8.62955e-09
-9.93552e-09-1.09230e-08-1.15208e-08-1.17415e-08-1.16852e-08-1.14897e-08
-1.12479e-08-1.09349e-08-1.03934e-08-9.39961e-09-7.78434e-09-5.53501e-09
-2.81425e-09 1.11492e-10 2.98328e-09 5.63690e-09 8.02556e-09 1.01784e-08
 1.21270e-08 1.38437e-08 1.52235e-08 1.61249e-08 1.64477e-08 1.61982e-08
 1.54898e-08 1.44720e-08 1.32407e-08 1.17952e-08 1.00690e-08 8.00917e-09
 5.63752e-09 3.05222e-09 3.74015e-10-2.32279e-09-5.05621e-09-7.93362e-09
-1.10884e-08-1.45749e-08-1.82786e-08-2.19046e-08-2.50609e-08-2.73915e-08
-2.86783e-08-2.88640e-08-2.80080e-08-2.62317e-08-2.36911e-08-2.05686e-08
-1.70605e-08-1.33469e-08-9.55044e-09-5.69557e-09-1.68351e-09 2.69113e-09
 7.66291e-09 1.33643e-08 1.97000e-08 2.63145e-08 3.26911e-08 3.83224e-08
 4.28502e-08 4.61162e-08 4.81350e-08 4.90315e-08 4.89754e-08 4.81226e-08
 4.65693e-08 4.43278e-08 4.13308e-08 3.74477e-08 3.25046e-08 2.63303e-08
 1.88541e-08 1.02211e-08 8.42980e-10-8.67980e-09-1.77429e-08-2.59283e-08
-3.30933e-08-3.93279e-08-4.48373e-08-4.98161e-08-5.43509e-08-5.83680e-08
-6.16456e-08-6.38763e-08-6.47298e-08-6.38913e-08-6.10948e-08-5.61852e-08
-4.91965e-08-4.03869e-08-3.01767e-08-1.90278e-08-7.37341e-09 4.34325e-09
 1.55992e-08 2.58050e-08 3.43963e-08 4.09161e-08 4.50475e-08 4.66023e-08
 4.54877e-08 4.16920e-08 3.53429e-08 2.68780e-08 1.72915e-08 8.31711e-09
 2.35323e-09 2.28674e-10
     0.0000e+00     0.0000e+00      0  0  0.00
     512   1.00000  0.0000e+00
 6.78174e-09 7.14624e-09 7.35452e-09 7.49679e-09 7.66438e-09 7.91916e-09
 8.27534e-09 8.70120e-09 9.14014e-09 9.54170e-09 9.89104e-09 1.02300e-08
 1.06657e-08 1.13624e-08 1.25102e-08 1.42693e-08 1.66913e-08 1.96279e-08
 2.26402e-08 2.49383e-08 2.53826e-08 2.25769e-08 1.50701e-08 1.66707e-09
-1.81637e-08-4.38305e-08-7.31969e-08-1.02324e-07-1.25915e-07-1.38970e-07
-1.37963e-07-1.20449e-07-8.63539e-08-4.07184e-08 7.31967e-09 4.80812e-08
 7.35703e-08 7.94586e-08 6.68078e-08 4.20055e-08 1.49477e-08-4.55746e-09
-1.07994e-08-3.92202e-09 1.13647e-08 2.89758e-08 4.45806e-08 5.66293e-08
 6.49272e-08 6.86831e-08 6.65205e-08 5.89908e-08 5.11944e-08 5.24547e-08
 7.17713e-08 1.10721e-07 1.58701e-07 1.95755e-07 2.04098e-07 1.80015e-07
 1.32352e-07 6.93827e-08-7.62230e-09-9.86800e-08-1.98768e-07-2.97058e-07
-3.79611e-07-4.32538e-07-4.44118e-07-4.07701e-07-3.25387e-07-2.08845e-07
-7.61530e-08 5.35444e-08 1.64778e-07 2.47826e-07 2.98427e-07 3.16048e-07
 3.02074e-07 2.59470e-07 1.94030e-07 1.16247e-07 4.13205e-08-1.52024e-08
-4.48322e-08-5.14187e-08-4.86970e-08-4.95272e-08-5.53538e-08-5.69921e-08
-4.70695e-08-3.01154e-08-1.73860e-08-1.32067e-08-1.17731e-08-7.66549e-09
-2.86260e-09-8.63745e-10-5.24765e-10 4.10091e-10 1.25311e-09 1.15887e-09
 1.14448e-09 1.48444e-09 1.31619e-09 8.65210e-10 7.17766e-10 4.59092e-10
-2.52242e-11-2.55078e-10-3.82112e-10-6.36858e-10-7.44848e-10-7.68185e-10
-8.97168e-10-9.27366e-10-8.73797e-10-8.97579e-10-8.81361e-10-8.56164e-10
-9.25204e-10-9.65431e-10-9.74689e-10-9.99744e-10-9.72154e-10-9.49980e-10
-9.68861e-10-9.73691e-10-9.98435e-10-1.01609e-09-9.62759e-10-8.49927e-10
-6.58168e-10-4.06057e-10-1.42364e-10 1.37580e-10 4.13153e-10 6.78136e-10
 9.49756e-10 1.21989e-09 1.49510e-09 1.76259e-09 1.99942e-09 2.20311e-09
 2.35825e-09 2.45434e-09 2.48546e-09 2.44809e-09 2.34417e-09 2.16652e-09
 1.92020e-09 1.62132e-09 1.28549e-09 9.24440e-10 5.34827e-10 1.09296e-10
-3.45743e-10-8.07612e-10-1.25513e-09-1.67387e-09-2.04442e-09-2.35139e-09
-2.59320e-09-2.76945e-09-2.87257e-09-2.89900e-09-2.85228e-09-2.73383e-09
-2.54296e-09-2.27612e-09-1.92574e-09-1.49648e-09-1.01631e-09-5.16889e-10
-1.46115e-11 4.81293e-10 9.57620e-10 1.40077e-09 1.79986e-09 2.14501e-09
 2.42996e-09 2.64959e-09 2.78834e-09 2.82305e-09 2.74129e-09 2.54846e-09
 2.26307e-09 1.90988e-09 1.50609e-09 1.05848e-09 5.79554e-10 9.23616e-11
-3.81617e-10-8.31263e-10-1.25355e-09-1.63831e-09-1.95878e-09-2.18576e-09
-2.30279e-09-2.30908e-09-2.21876e-09-2.04942e-09-1.80919e-09-1.50103e-09
-1.13111e-09-7.10555e-10-2.52755e-10 2.34124e-10 7.43898e-10 1.25745e-09
 1.74362e-09 2.17238e-09 2.52144e-09 2.77795e-09 2.93501e-09 2.98738e-09
 2.93383e-09 2.77523e-09 2.50825e-09 2.12876e-09 1.64099e-09 1.06006e-09
 4.10545e-10-2.74134e-10-9.56662e-10-1.60509e-09-2.19520e-09-2.70661e-09
-3.12217e-09-3.42957e-09-3.62158e-09-3.69543e-09-3.64779e-09-3.47153e-09
-3.16549e-09-2.74625e-09-2.24483e-09-1.69382e-09-1.12156e-09-5.53608e-10
-9.84118e-12 4.94768e-10 9.40061e-10 1.30161e-09 1.56219e-09 1.71076e-09
 1.73951e-09 1.65500e-09 1.48335e-09 1.26056e-09 1.02642e-09 8.18622e-10
 6.60021e-10 5.58105e-10 5.14245e-10 5.18042e-10 5.41341e-10 5.54919e-10
 5.44777e-10 5.09826e-10 4.58810e-10 4.08165e-10 3.73617e-10 3.74441e-10
 4.50069e-10 6.55590e-10 1.02974e-09 1.56501e-09 2.20013e-09 2.83043e-09
 3.32917e-09 3.57414e-09 3.46515e-09 2.93491e-09 1.96978e-09 6.26922e-10
-9.71431e-10-2.65780e-09-4.24423e-09-5.54446e-09-6.38952e-09-6.65236e-09
-6.28195e-09-5.32287e-09-3.91093e-09-2.24225e-09-5.24226e-10 1.05990e-09
 2.36606e-09 3.29957e-09 3.82019e-09 3.94520e-09 3.74686e-09 3.32756e-09
 2.78728e-09 2.20619e-09 1.63909e-09 1.11946e-09 6.64901e-10 2.74951e-10
-6.36510e-11-3.60485e-10-6.12979e-10-8.09511e-10-9.38371e-10-9.99327e-10
-1.00771e-09-9.89670e-10-9.76758e-10-9.99205e-10-1.07726e-09-1.21686e-09
-1.41022e-09-1.63824e-09-1.87413e-09-2.08820e-09-2.25142e-09-2.33803e-09
-2.32882e-09-2.21216e-09-1.98283e-09-1.64275e-09-1.19967e-09-6.63009e-10
-4.36722e-11 6.43839e-10 1.37889e-09 2.13020e-09 2.85532e-09 3.50600e-09
 4.03398e-09 4.39809e-09 4.57303e-09 4.55399e-09 4.35574e-09 4.00630e-09
 3.53634e-09 2.97282e-09 2.34024e-09 1.66328e-09 9.66576e-10 2.71136e-10
-4.11153e-10-1.08015e-09-1.74437e-09-2.41406e-09-3.09356e-09-3.77393e-09
-4.42770e-09-5.00993e-09-5.46643e-09-5.74651e-09-5.81474e-09-5.65393e-09
-5.25946e-09-4.63414e-09-3.78953e-09-2.75240e-09-1.57068e-09-3.12537e-10
 9.42411e-10 2.11587e-09 3.14493e-09 3.99400e-09 4.65940e-09 5.16420e-09
 5.54400e-09 5.82845e-09 6.02899e-09 6.13885e-09 6.14064e-09 6.01211e-09
 5.72626e-09 5.25035e-09 4.55067e-09 3.60518e-09 2.41760e-09 1.02458e-09
-5.04992e-10-2.07683e-09-3.58411e-09-4.92536e-09-6.02208e-09-6.82933e-09
-7.33479e-09-7.54895e-09-7.49633e-09-7.21437e-09-6.75564e-09-6.18226e-09
-5.54763e-09-4.87427e-09-4.14361e-09-3.30571e-09-2.30455e-09-1.10669e-09
 2.77775e-10 1.78784e-09 3.31998e-09 4.75262e-09 5.97895e-09 6.93065e-09
 7.57965e-09 7.92223e-09 7.96414e-09 7.72170e-09 7.23605e-09 6.58244e-09
 5.85764e-09 5.14733e-09 4.49136e-09 3.86667e-09 3.19626e-09 2.37983e-09
 1.33475e-09 3.31430e-11-1.48031e-09-3.10102e-09-4.70284e-09-6.17843e-09
-7.45615e-09-8.48860e-09-9.23364e-09-9.65260e-09-9.72946e-09-9.49194e-09
-9.01323e-09-8.38985e-09-7.70826e-09-7.01655e-09-6.31207e-09-5.54894e-09
-4.66220e-09-3.59816e-09-2.33380e-09-8.71295e-10 7.88301e-10 2.66778e-09
 4.80859e-09 7.23663e-09 9.92395e-09 1.27742e-08 1.56359e-08 1.83235e-08
 2.06317e-08 2.23451e-08 2.32569e-08 2.31990e-08 2.20752e-08 1.98852e-08
 1.67387e-08 1.28495e-08 8.50357e-09 4.00093e-09-4.09401e-10-4.56989e-09
-8.41439e-09-1.19411e-08-1.51853e-08-1.82041e-08-2.10602e-08-2.37911e-08
-2.63717e-08-2.86962e-08-3.06009e-08-3.19157e-08-3.25129e-08-3.23353e-08
-3.13996e-08-2.97798e-08-2.75730e-08-2.48584e-08-2.16762e-08-1.80397e-08
-1.39657e-08-9.49122e-09-4.66411e-09 4.67765e-10 5.84172e-09 1.13483e-08
 1.68186e-08 2.20509e-08 2.68591e-08 3.11070e-08 3.47106e-08 3.76199e-08
 3.97967e-08 4.11963e-08 4.17521e-08 4.13755e-08 3.99784e-08 3.75109e-08
 3.39816e-08 2.94510e-08 2.40168e-08 1.78152e-08 1.10338e-08 3.90331e-09
-3.33434e-09-1.04422e-08-1.71581e-08-2.31399e-08-2.79463e-08-3.10874e-08
-3.21267e-08-3.07979e-08-2.71170e-08-2.14781e-08-1.47086e-08-8.04638e-09
-3.00927e-09-5.49146e-10
     0.0000e+00     0.0000e+00      0  0  0.00
     512   1.00000  0.0000e+00
 2.23003e-09 1.15954e-09 1.38345e-11-1.04423e-09-1.88142e-09-2.42178e-09
-2.65277e-09-2.62042e-09-2.42070e-09-2.18695e-09-2.07062e-09-2.21578e-09
-2.73156e-09-3.66647e-09-4.98337e-09-6.53088e-09-8.01230e-09-8.96728e-09
-8.79315e-09-6.83158e-09-2.52908e-09 4.34823e-09 1.34899e-08 2.38609e-08
 3.36155e-08 4.01546e-08 4.03729e-08 3.11440e-08 1.06015e-08-1.94091e-08
-5.21461e-08-7.86069e-08-9.18129e-08-8.89508e-08-7.04720e-08-3.90414e-08
-6.58944e-10 3.52280e-08 5.91771e-08 6.62151e-08 5.81707e-08 4.24291e-08
 2.77948e-08 1.99041e-08 1.87331e-08 1.98181e-08 1.84920e-08 1.38299e-08
 8.98245e-09 8.08382e-09 1.30776e-08 2.31951e-08 3.68564e-08 5.34713e-08
 7.34008e-08 9.66279e-08 1.20093e-07 1.34266e-07 1.24388e-07 7.68285e-08
-1.64807e-08-1.53749e-07-3.18390e-07-4.81513e-07-6.07283e-07-6.56418e-07
-5.95298e-07-4.07385e-07-1.02035e-07 2.77807e-07 6.57558e-07 9.47125e-07
 1.06490e-06 9.64887e-07 6.58851e-07 2.22332e-07-2.23570e-07-5.53028e-07
-6.83387e-07-6.09709e-07-4.06001e-07-1.86446e-07-4.52722e-08-8.17097e-09
-2.76586e-08-2.96793e-08 2.24631e-08 9.90240e-08 1.38180e-07 1.12167e-07
 5.46828e-08 1.91450e-08 1.91467e-08 2.53638e-08 1.49814e-08-1.50395e-09
-6.97546e-09-4.65202e-09-4.79553e-09-6.08473e-09-4.40405e-09-2.86932e-09
-3.45417e-09-3.10448e-09-1.71090e-09-1.63431e-09-1.78407e-09-9.76512e-10
-6.64947e-10-7.81851e-10-2.28402e-10 1.83191e-10 1.53866e-10 4.67117e-10
 6.51111e-10 4.04073e-10 3.28392e-10 1.77654e-10-2.24637e-10-4.26715e-10
-6.20631e-10-9.04428e-10-9.75967e-10-1.02151e-09-1.05908e-09-9.09528e-10
-7.64017e-10-5.99038e-10-3.49750e-10-1.68440e-10 2.54604e-11 2.48243e-10
 4.31299e-10 6.56620e-10 8.70186e-10 1.03799e-09 1.19150e-09 1.26794e-09
 1.29202e-09 1.27880e-09 1.21055e-09 1.12046e-09 9.86652e-10 8.15342e-10
 6.31239e-10 4.33582e-10 2.45998e-10 6.65637e-11-1.05532e-10-2.73425e-10
-4.54384e-10-6.39673e-10-8.15111e-10-9.60018e-10-1.06097e-09-1.12147e-09
-1.14886e-09-1.15656e-09-1.15074e-09-1.12651e-09-1.07105e-09-9.77753e-10
-8.63932e-10-7.56598e-10-6.62335e-10-5.62161e-10-4.39530e-10-3.00375e-10
-1.64685e-10-4.71452e-11 5.35550e-11 1.50493e-10 2.53068e-10 3.52947e-10
 4.32107e-10 4.87348e-10 5.38353e-10 6.06208e-10 6.86550e-10 7.52925e-10
 7.93857e-10 8.36421e-10 9.17827e-10 1.03896e-09 1.16007e-09 1.24496e-09
 1.30303e-09 1.37779e-09 1.49551e-09 1.63588e-09 1.74884e-09 1.79947e-09
 1.80069e-09 1.79066e-09 1.77647e-09 1.71286e-09 1.54041e-09 1.24646e-09
 8.79983e-10 4.99442e-10 1.20712e-10-2.76970e-10-7.05350e-10-1.13339e-09
-1.49992e-09-1.75792e-09-1.89989e-09-1.94395e-09-1.90331e-09-1.76596e-09
-1.50632e-09-1.12090e-09-6.44079e-10-1.26462e-10 3.95547e-10 9.08145e-10
 1.40186e-09 1.85141e-09 2.21622e-09 2.45617e-09 2.54316e-09 2.46144e-09
 2.20462e-09 1.77167e-09 1.16363e-09 3.88318e-10-5.31116e-10-1.55247e-09
-2.62141e-09-3.68581e-09-4.70347e-09-5.63850e-09-6.45600e-09-7.12346e-09
-7.61591e-09-7.91779e-09-8.02345e-09-7.93628e-09-7.66125e-09-7.19648e-09
-6.53445e-09-5.67357e-09-4.62631e-09-3.41645e-09-2.07789e-09-6.58932e-10
 7.78107e-10 2.16197e-09 3.41726e-09 4.47425e-09 5.28503e-09 5.83716e-09
 6.15849e-09 6.30897e-09 6.36094e-09 6.38135e-09 6.42520e-09 6.52956e-09
 6.69481e-09 6.86334e-09 6.91582e-09 6.69284e-09 6.04092e-09 4.86521e-09
 3.15934e-09 1.00865e-09-1.40876e-09-3.81564e-09-5.84826e-09-7.11406e-09
-7.29238e-09-6.23704e-09-4.02548e-09-9.42435e-10 2.57108e-09 5.97297e-09
 8.67842e-09 1.01520e-08 1.00401e-08 8.28936e-09 5.18516e-09 1.28474e-09
-2.72136e-09-6.14817e-09-8.42108e-09-9.16615e-09-8.29490e-09-6.05091e-09
-2.97171e-09 2.53463e-10 2.97867e-09 4.75486e-09 5.39725e-09 4.97976e-09
 3.78553e-09 2.23417e-09 7.77424e-10-2.32791e-10-6.52733e-10-5.79224e-10
-2.90106e-10-1.20691e-10-3.35622e-10-1.04307e-09-2.16450e-09-3.45873e-09
-4.59432e-09-5.25187e-09-5.22876e-09-4.51519e-09-3.30840e-09-1.95231e-09
-8.22335e-10-1.99168e-10-1.80058e-10-6.56022e-10-1.35667e-09-1.94439e-09
-2.12898e-09-1.76761e-09-9.11976e-10 2.16488e-10 1.31185e-09 2.09748e-09
 2.42386e-09 2.31690e-09 1.96370e-09 1.63602e-09 1.57810e-09 1.90671e-09
 2.56397e-09 3.33875e-09 3.94824e-09 4.14702e-09 3.81944e-09 3.02270e-09
 1.96408e-09 9.19684e-10 1.28030e-10-3.00554e-10-4.23016e-10-4.33019e-10
-5.71665e-10-1.01724e-09-1.80334e-09-2.80031e-09-3.76565e-09-4.44100e-09
-4.65498e-09-4.39098e-09-3.79045e-09-3.08775e-09-2.50608e-09-2.16167e-09
-2.01810e-09-1.91202e-09-1.63775e-09-1.05016e-09-1.38369e-10 9.61948e-10
 2.02370e-09 2.82584e-09 3.24806e-09 3.32025e-09 3.20255e-09 3.10370e-09
 3.17801e-09 3.45089e-09 3.80732e-09 4.04769e-09 3.98407e-09 3.52990e-09
 2.74061e-09 1.78865e-09 8.85440e-10 1.86153e-10-2.76830e-10-5.97921e-10
-9.37164e-10-1.42637e-09-2.09297e-09-2.84110e-09-3.49733e-09-3.89607e-09
-3.96278e-09-3.75304e-09-3.42485e-09-3.15687e-09-3.05573e-09-3.10036e-09
-3.15211e-09-3.02765e-09-2.59836e-09-1.86170e-09-9.44624e-10-3.84816e-11
 6.96046e-10 1.20269e-09 1.54561e-09 1.86120e-09 2.27146e-09 2.80673e-09
 3.38422e-09 3.85726e-09 4.10655e-09 4.11724e-09 3.99370e-09 3.90193e-09
 3.97248e-09 4.21884e-09 4.51698e-09 4.65836e-09 4.44792e-09 3.79349e-09
 2.73897e-09 1.42745e-09 1.95997e-11-1.38298e-09-2.76154e-09-4.13624e-09
-5.48692e-09-6.70103e-09-7.59371e-09-7.99309e-09-7.83875e-09-7.23626e-09
-6.43658e-09-5.74663e-09-5.40992e-09-5.51256e-09-5.95871e-09-6.52021e-09
-6.92349e-09-6.92097e-09-6.31528e-09-4.94555e-09-2.67715e-09 5.65134e-10
 4.71742e-09 9.49575e-09 1.43784e-08 1.86882e-08 2.17533e-08 2.30873e-08
 2.25186e-08 2.02271e-08 1.66760e-08 1.24742e-08 8.22859e-09 4.44293e-09
 1.47287e-09-4.93161e-10-1.45676e-09-1.63130e-09-1.42862e-09-1.37992e-09
-1.99318e-09-3.59123e-09-6.19814e-09-9.53087e-09-1.31061e-08-1.64149e-08
-1.90875e-08-2.09812e-08-2.21628e-08-2.28132e-08-2.31150e-08-2.31838e-08
-2.30559e-08-2.26999e-08-2.20143e-08-2.08197e-08-1.88818e-08-1.59885e-08
-1.20562e-08-7.21431e-09-1.81866e-09 3.62970e-09 8.64073e-09 1.29003e-08
 1.63576e-08 1.91877e-08 2.16571e-08 2.39755e-08 2.62086e-08 2.82771e-08
 3.00136e-08 3.12227e-08 3.17155e-08 3.13268e-08 2.99463e-08 2.75663e-08
 2.43094e-08 2.03945e-08 1.60444e-08 1.13859e-08 6.41496e-09 1.06981e-09
-4.62343e-09-1.04282e-08-1.58818e-08-2.04037e-08-2.34700e-08-2.47545e-08
-2.41788e-08-2.18856e-08-1.81955e-08-1.35874e-08-8.70424e-09-4.34834e-09
-1.41442e-09-2.08504e-10
     0.0000e+00     0.0000e+00      0  0  0.00
     512   1.00000  0.0000e+00
-7.81200e-09-9.60346e-09-1.14847e-08-1.34159e-08-1.53369e-08-1.71478e-08
-1.86982e-08-1.98080e-08-2.03130e-08-2.01124e-08-1.91991e-08-1.76720e-08
-1.57433e-08-1.37378e-08-1.20761e-08-1.12203e-08-1.15685e-08-1.32945e-08
-1.61619e-08-1.93622e-08-2.14367e-08-2.03201e-08-1.35405e-08 1.39488e-09
 2.64083e-08 6.20843e-08 1.06841e-07 1.56208e-07 2.02583e-07 2.35950e-07
 2.45416e-07 2.21627e-07 1.61319e-07 7.16891e-08-3.08604e-08-1.26027e-07
-1.94149e-07-2.21371e-07-2.05229e-07-1.56409e-07-9.54348e-08-4.51533e-08
-2.18270e-08-2.93472e-08-5.91971e-08-9.59599e-08-1.25048e-07-1.37647e-07
-1.30688e-07-1.03988e-07-5.90987e-08-2.69128e-09 4.84903e-08 6.86767e-08
 3.62171e-08-4.57063e-08-1.38300e-07-1.82639e-07-1.39046e-07-1.94302e-08
 1.24237e-07 2.43032e-07 3.14968e-07 3.36155e-07 3.06804e-07 2.28982e-07
 1.13327e-07-1.69881e-08-1.31769e-07-2.00495e-07-1.96921e-07-1.08871e-07
 4.88887e-08 2.29361e-07 3.64097e-07 3.89672e-07 2.78266e-07 5.69483e-08
-1.96858e-07-3.86689e-07-4.42780e-07-3.59403e-07-1.99932e-07-5.93503e-08
-3.22401e-09-2.53206e-08-5.95943e-08-4.29232e-08 2.51451e-08 8.67509e-08
 9.23025e-08 5.43803e-08 2.44831e-08 2.62342e-08 3.63445e-08 3.05671e-08
 1.68726e-08 1.15730e-08 1.17837e-08 8.91212e-09 5.84293e-09 6.11666e-09
 5.67747e-09 3.38686e-09 2.76833e-09 3.05294e-09 1.99055e-09 1.30813e-09
 1.56670e-09 9.65670e-10 1.70699e-10 1.25151e-10-2.51690e-10-7.35768e-10
-5.99211e-10-6.77764e-10-9.76486e-10-9.18114e-10-9.81459e-10-1.07110e-09
-8.16077e-10-7.00693e-10-7.21844e-10-6.86046e-10-8.49882e-10-9.72128e-10
-8.67550e-10-6.97924e-10-3.21354e-10 1.49561e-10 4.68609e-10 6.79376e-10
 6.93791e-10 5.57758e-10 4.44174e-10 3.35846e-10 2.94891e-10 3.05625e-10
 2.65624e-10 1.87771e-10 3.40460e-11-1.80208e-10-4.08046e-10-6.61500e-10
-9.00212e-10-1.11612e-09-1.30947e-09-1.46049e-09-1.56122e-09-1.57844e-09
-1.52436e-09-1.44476e-09-1.37076e-09-1.30476e-09-1.19919e-09-1.00670e-09
-7.19092e-10-3.73715e-10-1.95597e-11 3.14076e-10 6.07034e-10 8.53525e-10
 1.06520e-09 1.25604e-09 1.43182e-09 1.59632e-09 1.75064e-09 1.88153e-09
 1.96515e-09 1.97312e-09 1.87794e-09 1.67801e-09 1.41420e-09 1.14226e-09
 8.98335e-10 6.97555e-10 5.40628e-10 4.10062e-10 2.75644e-10 1.12991e-10
-8.06053e-11-2.78649e-10-4.31052e-10-4.91436e-10-4.46126e-10-3.13407e-10
-1.27610e-10 6.81218e-11 2.32856e-10 3.39480e-10 3.71976e-10 3.24746e-10
 2.09186e-10 5.11626e-11-1.24154e-10-3.15335e-10-5.53234e-10-8.75495e-10
-1.29259e-09-1.77435e-09-2.25906e-09-2.68114e-09-2.99762e-09-3.19369e-09
-3.27570e-09-3.26301e-09-3.18180e-09-3.06009e-09-2.91560e-09-2.74512e-09
-2.52979e-09-2.24635e-09-1.87852e-09-1.42870e-09-9.18929e-10-3.82683e-10
 1.47992e-10 6.62544e-10 1.18228e-09 1.74420e-09 2.36956e-09 3.04109e-09
 3.70499e-09 4.29263e-09 4.74379e-09 5.01797e-09 5.09296e-09 4.96070e-09
 4.62979e-09 4.12783e-09 3.49276e-09 2.75684e-09 1.93553e-09 1.03342e-09
 7.15290e-11-8.87508e-10-1.74872e-09-2.42211e-09-2.85178e-09-3.02385e-09
-2.96309e-09-2.71567e-09-2.32298e-09-1.81477e-09-1.21788e-09-5.54443e-10
 1.56655e-10 8.81686e-10 1.56697e-09 2.15573e-09 2.60198e-09 2.87959e-09
 2.99143e-09 2.96228e-09 2.82057e-09 2.59140e-09 2.28785e-09 1.88571e-09
 1.31616e-09 5.00588e-10-6.02394e-10-1.96342e-09-3.47326e-09-4.97967e-09
-6.34728e-09-7.47826e-09-8.28710e-09-8.67975e-09-8.56569e-09-7.89199e-09
-6.68274e-09-5.06567e-09-3.26021e-09-1.52859e-09-1.17249e-10 8.03132e-10
 1.19389e-09 1.16836e-09 9.55627e-10 8.23201e-10 9.94055e-10 1.59916e-09
 2.66983e-09 4.13698e-09 5.82905e-09 7.48357e-09 8.78342e-09 9.42764e-09
 9.22018e-09 8.13622e-09 6.33860e-09 4.13363e-09 1.88696e-09-5.93038e-11
-1.45587e-09-2.20045e-09-2.35810e-09-2.13313e-09-1.79319e-09-1.57273e-09
-1.60440e-09-1.89692e-09-2.34644e-09-2.77423e-09-2.98500e-09-2.83492e-09
-2.29027e-09-1.44706e-09-5.02578e-10 3.04682e-10 7.69494e-10 7.90342e-10
 4.12739e-10-1.73914e-10-6.95183e-10-8.89095e-10-6.01832e-10 1.56150e-10
 1.21401e-09 2.29818e-09 3.11952e-09 3.46498e-09 3.26287e-09 2.59417e-09
 1.64950e-09 6.53214e-10-2.13821e-10-8.64035e-10-1.31308e-09-1.65050e-09
-1.98196e-09-2.36810e-09-2.78840e-09-3.14560e-09-3.30584e-09-3.15389e-09
-2.64466e-09-1.83951e-09-9.10970e-10-1.02193e-10 3.52973e-10 3.22253e-10
-1.60831e-10-8.93661e-10-1.56794e-09-1.87674e-09-1.62266e-09-7.86071e-10
 4.70146e-10 1.86228e-09 3.09145e-09 3.94931e-09 4.37566e-09 4.43947e-09
 4.25801e-09 3.90808e-09 3.38477e-09 2.62602e-09 1.58171e-09 2.85790e-10
-1.10721e-09-2.34402e-09-3.15034e-09-3.33619e-09-2.88373e-09-1.97379e-09
-9.30432e-10-1.05509e-10 2.41052e-10 1.32625e-11-7.14522e-10-1.73991e-09
-2.79643e-09-3.62160e-09-4.01811e-09-3.89366e-09-3.26517e-09-2.22905e-09
-9.20380e-10 5.14989e-10 1.92877e-09 3.16946e-09 4.08763e-09 4.55380e-09
 4.48335e-09 3.86397e-09 2.78528e-09 1.46011e-09 2.08614e-10-6.21094e-10
-7.82307e-10-2.46323e-10 7.64931e-10 1.85523e-09 2.60442e-09 2.72325e-09
 2.14731e-09 1.03893e-09-2.94988e-10-1.53255e-09-2.45576e-09-2.99811e-09
-3.19908e-09-3.10905e-09-2.72816e-09-2.03520e-09-1.08391e-09-7.78135e-11
 6.57213e-10 8.07600e-10 2.38958e-10-9.02524e-10-2.21312e-09-3.17490e-09
-3.36255e-09-2.62607e-09-1.15961e-09 5.88071e-10 2.11868e-09 3.08809e-09
 3.39451e-09 3.12461e-09 2.43412e-09 1.47074e-09 3.85727e-10-6.10596e-10
-1.23258e-09-1.18672e-09-2.97852e-10 1.37253e-09 3.48176e-09 5.47387e-09
 6.75418e-09 6.91024e-09 5.87390e-09 3.93141e-09 1.57539e-09-7.04968e-10
-2.57030e-09-3.85900e-09-4.54038e-09-4.67211e-09-4.39343e-09-3.92401e-09
-3.52825e-09-3.44309e-09-3.80068e-09-4.57773e-09-5.58775e-09-6.52727e-09
-7.07784e-09-7.03342e-09-6.38825e-09-5.32742e-09-4.12640e-09-3.03253e-09
-2.19986e-09-1.68126e-09-1.43191e-09-1.30372e-09-1.06398e-09-4.73158e-10
 6.03979e-10 2.12811e-09 3.90242e-09 5.65222e-09 7.11028e-09 8.07907e-09
 8.47423e-09 8.34698e-09 7.86563e-09 7.25591e-09 6.73686e-09 6.48751e-09
 6.63284e-09 7.20862e-09 8.10569e-09 9.06031e-09 9.74970e-09 9.95400e-09
 9.66825e-09 9.08739e-09 8.50326e-09 8.20960e-09 8.45381e-09 9.39424e-09
 1.10238e-08 1.30864e-08 1.50404e-08 1.60815e-08 1.52107e-08 1.13654e-08
 3.65728e-09-8.29314e-09-2.40158e-08-4.19597e-08-5.94843e-08-7.31989e-08
-7.96842e-08-7.64423e-08-6.27748e-08-4.02626e-08-1.26045e-08 1.52003e-08
 3.80763e-08 5.21212e-08 5.55490e-08 4.91116e-08 3.59056e-08 2.05764e-08
 8.07547e-09 1.56302e-09
     0.0000e+00     0.0000e+00      0  0  0.00
     512   1.00000  0.0000e+00
-7.71232e-11-1.60587e-09-3.36774e-09-5.24110e-09-7.07042e-09-8.69102e-09
-9.95483e-09-1.07525e-08-1.10289e-08-1.07938e-08-1.01319e-08-9.21525e-09
-8.31209e-09-7.77909e-09-8.02192e-09-9.41898e-09-1.22110e-08-1.63661e-08
-2.14414e-08-2.64806e-08-2.99899e-08-3.00357e-08-2.44968e-08-1.14850e-08
 1.00789e-08 3.97998e-08 7.51812e-08 1.11187e-07 1.40655e-07 1.56757e-07
 1.55821e-07 1.36765e-07 9.96346e-08 4.75080e-08-1.21545e-08-6.97050e-08
-1.15711e-07-1.43041e-07-1.49514e-07-1.38906e-07-1.19101e-07-9.86233e-08
-8.29233e-08-7.21101e-08-6.21207e-08-4.89714e-08-3.29696e-08-1.95035e-08
-1.52407e-08-2.26936e-08-3.80358e-08-5.35079e-08-6.16656e-08-5.83647e-08
-4.33051e-08-1.92547e-08 9.35279e-09 3.98701e-08 7.56414e-08 1.25123e-07
 1.94015e-07 2.78052e-07 3.63558e-07 4.32100e-07 4.63469e-07 4.38664e-07
 3.45095e-07 1.81816e-07-3.69794e-08-2.80962e-07-5.07339e-07-6.70019e-07
-7.31664e-07-6.75122e-07-5.10976e-07-2.77513e-07-3.10672e-08 1.71293e-07
 2.90743e-07 3.19406e-07 2.80241e-07 2.13074e-07 1.53484e-07 1.16359e-07
 9.38128e-08 6.84340e-08 3.16035e-08-8.32043e-09-3.48407e-08-4.00359e-08
-3.16629e-08-2.34720e-08-2.10465e-08-1.98886e-08-1.53667e-08-9.15585e-09
-4.92932e-09-2.85156e-09-1.15081e-09 4.18386e-10 1.37073e-09 2.13377e-09
 3.02712e-09 3.61808e-09 3.81226e-09 3.91461e-09 3.82852e-09 3.42129e-09
 2.91458e-09 2.36710e-09 1.68347e-09 9.85750e-10 3.40333e-10-3.31780e-10
-9.70136e-10-1.51921e-09-2.02939e-09-2.46127e-09-2.77900e-09-3.02522e-09
-3.18267e-09-3.24366e-09-3.24837e-09-3.18946e-09-3.07521e-09-2.93528e-09
-2.75780e-09-2.54671e-09-2.31036e-09-2.03378e-09-1.72303e-09-1.38170e-09
-1.00926e-09-6.22264e-10-2.23889e-10 1.82109e-10 5.82560e-10 9.70464e-10
 1.33245e-09 1.65863e-09 1.94388e-09 2.17817e-09 2.35804e-09 2.48263e-09
 2.54908e-09 2.55039e-09 2.47867e-09 2.33891e-09 2.14011e-09 1.88793e-09
 1.59140e-09 1.26043e-09 8.99905e-10 5.13747e-10 1.16301e-10-2.72115e-10
-6.36071e-10-9.63279e-10-1.24590e-09-1.48173e-09-1.66521e-09-1.78815e-09
-1.85173e-09-1.86042e-09-1.80663e-09-1.68083e-09-1.48955e-09-1.24820e-09
-9.68639e-10-6.62354e-10-3.39123e-10-2.45312e-12 3.36468e-10 6.49348e-10
 9.10913e-10 1.11871e-09 1.28440e-09 1.41351e-09 1.49565e-09 1.50817e-09
 1.43368e-09 1.28041e-09 1.07481e-09 8.31157e-10 5.44753e-10 2.13391e-10
-1.49207e-10-5.15166e-10-8.54315e-10-1.15174e-09-1.40912e-09-1.62727e-09
-1.79220e-09-1.87710e-09-1.86208e-09-1.74924e-09-1.55017e-09-1.27041e-09
-9.11524e-10-4.78171e-10 1.25719e-11 5.28928e-10 1.04144e-09 1.53303e-09
 1.98898e-09 2.38966e-09 2.71076e-09 2.92694e-09 3.02228e-09 2.99369e-09
 2.84300e-09 2.57349e-09 2.19066e-09 1.70382e-09 1.13319e-09 5.08303e-10
-1.46181e-10-8.11732e-10-1.46489e-09-2.07661e-09-2.61686e-09-3.05709e-09
-3.37621e-09-3.56292e-09-3.61220e-09-3.52478e-09-3.30656e-09-2.96920e-09
-2.53326e-09-2.02306e-09-1.45991e-09-8.64932e-10-2.60340e-10 3.31955e-10
 8.85989e-10 1.37505e-09 1.78205e-09 2.09500e-09 2.29898e-09 2.38331e-09
 2.34407e-09 2.17796e-09 1.88977e-09 1.49902e-09 1.02992e-09 5.10981e-10
-1.40819e-11-4.93347e-10-8.83009e-10-1.15216e-09-1.28581e-09-1.29026e-09
-1.18825e-09-1.01130e-09-8.03258e-10-6.18419e-10-4.99162e-10-4.54931e-10
-4.62889e-10-4.78062e-10-4.40902e-10-2.87021e-10 4.27798e-11 5.94661e-10
 1.38040e-09 2.34217e-09 3.34128e-09 4.18963e-09 4.69235e-09 4.68061e-09
 4.04331e-09 2.75288e-09 8.82582e-10-1.37607e-09-3.71866e-09-5.78072e-09
-7.21442e-09-7.75653e-09-7.27466e-09-5.78830e-09-3.47427e-09-6.55963e-10
 2.24112e-09 4.76664e-09 6.53879e-09 7.32834e-09 7.09523e-09 5.97299e-09
 4.22919e-09 2.20981e-09 2.69597e-10-1.29551e-09-2.30650e-09-2.73392e-09
-2.68288e-09-2.33968e-09-1.90497e-09-1.53353e-09-1.30243e-09-1.20699e-09
-1.17247e-09-1.08790e-09-8.56687e-10-4.39408e-10 1.22312e-10 7.10782e-10
 1.17367e-09 1.37821e-09 1.25296e-09 8.13308e-10 1.61763e-10-5.41562e-10
-1.12380e-09-1.44884e-09-1.46008e-09-1.19482e-09-7.65814e-10-3.21483e-10
 6.49347e-12 1.47927e-10 1.10513e-10-2.98697e-11-1.59858e-10-1.76068e-10
-2.64819e-11 2.72066e-10 6.39092e-10 9.59917e-10 1.13241e-09 1.10601e-09
 8.99751e-10 5.96815e-10 3.12082e-10 1.45792e-10 1.47140e-10 2.97168e-10
 5.16368e-10 6.98839e-10 7.55889e-10 6.49711e-10 4.08126e-10 1.12318e-10
-1.39158e-10-2.71238e-10-2.63213e-10-1.58950e-10-4.76036e-11-2.40278e-11
-1.49523e-10-4.26230e-10-7.95281e-10-1.16242e-09-1.43725e-09-1.56813e-09
-1.56069e-09-1.46968e-09-1.36710e-09-1.30567e-09-1.29318e-09-1.28632e-09
-1.21031e-09-9.96039e-10-6.14672e-10-9.44880e-11 4.86897e-10 1.03345e-09
 1.46943e-09 1.76728e-09 1.95389e-09 2.09166e-09 2.24205e-09 2.43149e-09
 2.63660e-09 2.79287e-09 2.82286e-09 2.67138e-09 2.33025e-09 1.84062e-09
 1.27181e-09 6.87461e-10 1.18626e-10-4.42531e-10-1.02778e-09-1.66433e-09
-2.34613e-09-3.02178e-09-3.60785e-09-4.02036e-09-4.20848e-09-4.17362e-09
-3.96432e-09-3.64969e-09-3.28461e-09-2.88378e-09-2.41919e-09-1.84333e-09
-1.12275e-09-2.62610e-10 6.88363e-10 1.65335e-09 2.55605e-09 3.34694e-09
 4.01186e-09 4.55811e-09 4.98754e-09 5.27510e-09 5.36797e-09 5.20657e-09
 4.75655e-09 4.03531e-09 3.11735e-09 2.11286e-09 1.12957e-09 2.39010e-10
-5.36402e-10-1.21289e-09-1.82126e-09-2.38307e-09-2.89943e-09-3.35875e-09
-3.75690e-09-4.11134e-09-4.45403e-09-4.80538e-09-5.14519e-09-5.39826e-09
-5.44574e-09-5.16125e-09-4.45832e-09-3.32827e-09-1.85025e-09-1.71762e-10
 1.52545e-09 3.05685e-09 4.25670e-09 4.99195e-09 5.17499e-09 4.78150e-09
 3.87493e-09 2.62566e-09 1.30435e-09 2.37189e-10-2.68100e-10-1.88966e-12
 1.08789e-09 2.87564e-09 5.08415e-09 7.34737e-09 9.28572e-09 1.05687e-08
 1.09567e-08 1.03286e-08 8.70055e-09 6.22911e-09 3.18960e-09-7.34324e-11
-3.21697e-09-5.97483e-09-8.21233e-09-9.93591e-09-1.12531e-08-1.23039e-08
-1.31944e-08-1.39565e-08-1.45449e-08-1.48652e-08-1.48185e-08-1.43377e-08
-1.34043e-08-1.20510e-08-1.03620e-08-8.46799e-09-6.52504e-09-4.67372e-09
-2.99511e-09-1.48154e-09-3.64768e-11 1.48998e-09 3.23695e-09 5.26643e-09
 7.52932e-09 9.88049e-09 1.21291e-08 1.40953e-08 1.56506e-08 1.67337e-08
 1.73402e-08 1.75001e-08 1.72553e-08 1.66443e-08 1.56879e-08 1.43758e-08
 1.26690e-08 1.05302e-08 7.97480e-09 5.11341e-09 2.15714e-09-6.34760e-10
-3.05126e-09-5.01654e-09-6.60698e-09-7.98118e-09-9.26343e-09-1.04456e-08
-1.13556e-08-1.17051e-08-1.12005e-08-9.68955e-09-7.29259e-09-4.45995e-09
-1.91287e-09-4.06971e-10
     0.0000e+00     0.0000e+00      0  0  0.00
     512   1.00000  0.0000e+00
-4.32960e-09-5.23557e-09-6.11252e-09-6.92815e-09-7.65112e-09-8.25314e-09
-8.70990e-09-9.00233e-09-9.12237e-09-9.08487e-09-8.94130e-09-8.78723e-09
-8.75588e-09-8.99251e-09-9.60927e-09-1.06273e-08-1.19196e-08-1.31672e-08
-1.38391e-08-1.32066e-08-1.04117e-08-4.60590e-09 4.83945e-09 1.80712e-08
 3.44806e-08 5.24715e-08 6.93486e-08 8.14157e-08 8.48833e-08 7.80066e-08
 6.19685e-08 3.89587e-08 1.17256e-08-1.47973e-08-3.47628e-08-4.42142e-08
-4.20380e-08-3.01109e-08-1.27320e-08 4.74953e-09 1.73012e-08 2.19320e-08
 1.90513e-08 1.18158e-08 3.80015e-09-3.22711e-09-1.00896e-08-1.90860e-08
-3.17108e-08-4.71412e-08-6.28916e-08-7.68588e-08-8.85621e-08-9.88836e-08
-1.09696e-07-1.23822e-07-1.43910e-07-1.69578e-07-1.95176e-07-2.10891e-07
-2.05400e-07-1.67397e-07-8.82221e-08 3.36802e-08 1.90332e-07 3.64440e-07
 5.30277e-07 6.56481e-07 7.11925e-07 6.73292e-07 5.32600e-07 3.02928e-07
 1.97601e-08-2.64530e-07-4.93094e-07-6.20737e-07-6.28520e-07-5.30614e-07
-3.69197e-07-1.98215e-07-6.22924e-08 1.92879e-08 5.52793e-08 7.03600e-08
 8.55613e-08 1.04590e-07 1.15690e-07 1.06699e-07 7.93874e-08 4.89120e-08
 2.93525e-08 2.15912e-08 1.67922e-08 9.34190e-09 1.94018e-09-1.41447e-09
-1.67764e-09-1.82215e-09-2.22934e-09-2.01269e-09-1.58028e-09-1.46840e-09
-1.19816e-09-6.02522e-10-1.54654e-10 1.74678e-10 6.37318e-10 1.00247e-09
 1.16101e-09 1.30533e-09 1.35087e-09 1.18380e-09 9.48973e-10 6.49738e-10
 2.21452e-10-2.12243e-10-6.11327e-10-1.01395e-09-1.34839e-09-1.60472e-09
-1.80665e-09-1.89086e-09-1.85751e-09-1.73509e-09-1.50272e-09-1.20049e-09
-8.77893e-10-5.47011e-10-2.38390e-10 5.16508e-11 3.38500e-10 6.04407e-10
 8.50340e-10 1.06840e-09 1.23245e-09 1.33184e-09 1.35492e-09 1.30730e-09
 1.20411e-09 1.04278e-09 8.27053e-10 5.66614e-10 2.73110e-10-4.09417e-11
-3.68047e-10-6.90117e-10-9.90105e-10-1.26377e-09-1.50795e-09-1.71642e-09
-1.87690e-09-1.97609e-09-2.00704e-09-1.97144e-09-1.87445e-09-1.71688e-09
-1.50234e-09-1.23780e-09-9.23626e-10-5.61459e-10-1.67195e-10 2.39503e-10
 6.48783e-10 1.04923e-09 1.41986e-09 1.74409e-09 2.01592e-09 2.23218e-09
 2.39040e-09 2.48545e-09 2.50577e-09 2.44524e-09 2.31171e-09 2.11201e-09
 1.84065e-09 1.49273e-09 1.07804e-09 6.18608e-10 1.42021e-10-3.25155e-10
-7.70177e-10-1.19530e-09-1.59734e-09-1.95703e-09-2.25226e-09-2.47046e-09
-2.61019e-09-2.67392e-09-2.65256e-09-2.52705e-09-2.29232e-09-1.96578e-09
-1.57335e-09-1.13510e-09-6.60300e-10-1.58121e-10 3.51898e-10 8.47174e-10
 1.30780e-09 1.71497e-09 2.05479e-09 2.31466e-09 2.47623e-09 2.52457e-09
 2.45861e-09 2.29087e-09 2.04104e-09 1.72234e-09 1.34005e-09 9.08351e-10
 4.52191e-10-6.22391e-12-4.50823e-10-8.68280e-10-1.24257e-09-1.55235e-09
-1.78014e-09-1.91932e-09-1.97062e-09-1.94014e-09-1.83766e-09-1.66888e-09
-1.43398e-09-1.13766e-09-7.93443e-10-4.16083e-10-1.80606e-11 3.85960e-10
 7.77004e-10 1.13276e-09 1.43191e-09 1.66100e-09 1.81258e-09 1.87756e-09
 1.84640e-09 1.71391e-09 1.47803e-09 1.13924e-09 7.07060e-10 2.06357e-10
-3.27993e-10-8.57690e-10-1.33886e-09-1.72741e-09-1.99182e-09-2.11245e-09
-2.07678e-09-1.88722e-09-1.56577e-09-1.14767e-09-6.79032e-10-2.12445e-10
 2.07720e-10 5.49663e-10 7.90177e-10 9.27581e-10 9.95157e-10 1.04876e-09
 1.14682e-09 1.33680e-09 1.63560e-09 2.01480e-09 2.40701e-09 2.71616e-09
 2.82236e-09 2.60033e-09 1.95621e-09 8.62081e-10-6.26866e-10-2.37023e-09
-4.15367e-09-5.71459e-09-6.77387e-09-7.07818e-09-6.46289e-09-4.90989e-09
-2.56960e-09 2.56056e-10 3.16642e-09 5.73271e-09 7.56378e-09 8.37005e-09
 8.02235e-09 6.58494e-09 4.31266e-09 1.60090e-09-1.10350e-09-3.38871e-09
-4.94457e-09-5.61304e-09-5.40699e-09-4.49554e-09-3.15993e-09-1.71552e-09
-4.29120e-10 5.33727e-10 1.12763e-09 1.40850e-09 1.48886e-09 1.49375e-09
 1.51828e-09 1.59105e-09 1.66686e-09 1.64981e-09 1.43584e-09 9.63917e-10
 2.51251e-10-6.03912e-10-1.44452e-09-2.09505e-09-2.41213e-09-2.32676e-09
-1.86578e-09-1.14760e-09-3.47706e-10 3.56901e-10 8.41001e-10 1.06318e-09
 1.06897e-09 9.63683e-10 8.67436e-10 8.71244e-10 1.00301e-09 1.21618e-09
 1.41154e-09 1.47866e-09 1.33898e-09 9.78383e-10 4.53925e-10-1.28034e-10
-6.48730e-10-1.01816e-09-1.20658e-09-1.24994e-09-1.22940e-09-1.23499e-09
-1.32437e-09-1.49517e-09-1.68451e-09-1.79319e-09-1.72571e-09-1.43107e-09
-9.26714e-10-2.96066e-10 3.38799e-10 8.60178e-10 1.19696e-09 1.34659e-09
 1.36807e-09 1.35119e-09 1.37455e-09 1.47111e-09 1.61703e-09 1.74603e-09
 1.78204e-09 1.67611e-09 1.42934e-09 1.09103e-09 7.34285e-10 4.20021e-10
 1.66907e-10-5.61508e-11-3.12152e-10-6.61765e-10-1.12725e-09-1.67245e-09
-2.20937e-09-2.62764e-09-2.83434e-09-2.78827e-09-2.51302e-09-2.08334e-09
-1.59258e-09-1.11632e-09-6.88179e-10-2.98797e-10 8.42574e-11 4.88877e-10
 9.16704e-10 1.33684e-09 1.69895e-09 1.95903e-09 2.10292e-09 2.15382e-09
 2.15915e-09 2.16263e-09 2.17597e-09 2.16601e-09 2.06572e-09 1.80530e-09
 1.34878e-09 7.17706e-10-1.01925e-11-7.26904e-10-1.33265e-09-1.76975e-09
-2.03604e-09-2.17137e-09-2.22529e-09-2.22568e-09-2.16644e-09-2.01903e-09
-1.75808e-09-1.38524e-09-9.36808e-10-4.69943e-10-3.57976e-11 3.43442e-10
 6.78739e-10 9.96039e-10 1.30641e-09 1.58354e-09 1.76418e-09 1.77489e-09
 1.57322e-09 1.18043e-09 6.84960e-10 2.12507e-10-1.21804e-10-2.55103e-10
-1.94644e-10-7.34257e-12 2.10893e-10 3.69547e-10 4.05215e-10 2.85051e-10
 8.87068e-13-4.31510e-10-9.62067e-10-1.49309e-09-1.87855e-09-1.94797e-09
-1.55598e-09-6.43015e-10 7.19259e-10 2.32083e-09 3.85194e-09 4.97456e-09
 5.40172e-09 4.96076e-09 3.62599e-09 1.51817e-09-1.11989e-09-3.95788e-09
-6.61717e-09-8.71949e-09-9.94847e-09-1.01138e-08-9.19716e-09-7.36154e-09
-4.91722e-09-2.25110e-09 2.62210e-10 2.33913e-09 3.83111e-09 4.72478e-09
 5.10778e-09 5.12127e-09 4.91708e-09 4.62748e-09 4.34825e-09 4.13054e-09
 3.97762e-09 3.85038e-09 3.68876e-09 3.44553e-09 3.11640e-09 2.74956e-09
 2.42961e-09 2.24217e-09 2.23147e-09 2.36880e-09 2.55035e-09 2.63024e-09
 2.47273e-09 1.99586e-09 1.18849e-09 1.02193e-10-1.17051e-09-2.52379e-09
-3.86796e-09-5.15554e-09-6.39794e-09-7.66779e-09-9.07876e-09-1.07361e-08
-1.26643e-08-1.47353e-08-1.66273e-08-1.78350e-08-1.77395e-08-1.57303e-08
-1.13566e-08-4.48146e-09 4.57785e-09 1.49421e-08 2.51620e-08 3.34170e-08
 3.79416e-08 3.75402e-08 3.19816e-08 2.21372e-08 9.82134e-09-2.62093e-09
-1.28765e-08-1.92307e-08-2.09807e-08-1.85796e-08-1.34695e-08-7.63601e-09
-2.97972e-09-5.78282e-10
