      10
(6e12.5)
     0.0000e+00     0.0000e+00      0  0  0.00
     512   1.00000  0.0000e+00
 2.97398e-08 3.06623e-08 3.11351e-08 3.13044e-08 3.13511e-08 3.14746e-08
 3.18718e-08 3.27117e-08 3.41077e-08 3.60896e-08 3.85780e-08 4.13647e-08
 4.41007e-08 4.62963e-08 4.73340e-08 4.64955e-08 4.29984e-08 3.60445e-08
 2.48826e-08 8.88488e-09-1.23755e-08-3.90450e-08-7.09039e-08-1.07282e-07
-1.46986e-07-1.88250e-07-2.28723e-07-2.65504e-07-2.95254e-07-3.14379e-07
-3.19292e-07-3.06735e-07-2.74140e-07-2.19986e-07-1.44133e-07-4.80990e-08
 6.47406e-08 1.89067e-07 3.17674e-07 4.41724e-07 5.51269e-07 6.36101e-07
 6.86778e-07 6.95650e-07 6.57957e-07 5.72805e-07 4.43532e-07 2.77683e-07
 8.71796e-08-1.12220e-07-3.02934e-07-4.67730e-07-5.91461e-07-6.63155e-07
-6.78046e-07-6.38593e-07-5.54291e-07-4.39928e-07-3.12289e-07-1.86316e-07
-7.23267e-08 2.46526e-08 1.03744e-07 1.66009e-07 2.12006e-07 2.40589e-07
 2.49880e-07 2.39593e-07 2.12822e-07 1.75798e-07 1.35564e-07 9.71690e-08
 6.24839e-08 3.14155e-08 4.20656e-09-1.74329e-08-3.13860e-08-3.71218e-08
-3.63844e-08-3.17981e-08-2.49706e-08-1.61901e-08-5.79915e-09 4.74708e-09
 1.35710e-08 1.97966e-08 2.37375e-08 2.57425e-08 2.55018e-08 2.27378e-08
 1.79964e-08 1.22347e-08 5.95454e-09-7.30796e-10-7.42824e-09-1.34692e-08
-1.84994e-08-2.25526e-08-2.55950e-08-2.74541e-08-2.81563e-08-2.79402e-08
-2.69732e-08-2.53347e-08-2.31910e-08-2.07522e-08-1.81362e-08-1.54049e-08
-1.26366e-08-9.88547e-09-7.15012e-09-4.41769e-09-1.68443e-09 1.05792e-09
 3.81297e-09 6.56155e-09 9.26271e-09 1.18565e-08 1.42625e-08 1.63847e-08
 1.81220e-08 1.93752e-08 2.00559e-08 2.00972e-08 1.94605e-08 1.81406e-08
 1.61708e-08 1.36240e-08 1.06123e-08 7.28066e-09 3.79883e-09 3.48741e-10
-2.88982e-09-5.75447e-09-8.11409e-09-9.87975e-09-1.10115e-08-1.15201e-08
-1.14637e-08-1.09395e-08-1.00718e-08-8.99873e-09-7.85695e-09-6.76784e-09
-5.82583e-09-5.08944e-09-4.57597e-09-4.26091e-09-4.08288e-09-3.95372e-09
-3.77223e-09-3.43935e-09-2.87297e-09-2.02093e-09-8.70023e-10 5.50545e-10
 2.17136e-09 3.89047e-09 5.58541e-09 7.12815e-09 8.40101e-09 9.31090e-09
 9.79948e-09 9.84785e-09 9.47601e-09 8.73757e-09 7.71042e-09 6.48425e-09
 5.14673e-09 3.77126e-09 2.40942e-09 1.08909e-09-1.82372e-10-1.41143e-09
-2.60970e-09-3.78442e-09-4.92977e-09-6.02156e-09-7.01708e-09-7.86040e-09
-8.49127e-09-8.85560e-09-8.91514e-09-8.65446e-09-8.08403e-09-7.23866e-09
-6.17151e-09-4.94489e-09-3.62011e-09-2.24898e-09-8.68677e-10 4.98895e-10
 1.84334e-09 3.15890e-09 4.43666e-09 5.65786e-09 6.79027e-09 7.78863e-09
 8.59921e-09 9.16773e-09 9.44887e-09 9.41472e-09 9.05977e-09 8.40136e-09
 7.47564e-09 6.33026e-09 5.01612e-09 3.58051e-09 2.06283e-09 4.93429e-10
-1.10369e-09-2.70466e-09-4.27884e-09-5.78445e-09-7.16817e-09-8.36867e-09
-9.32362e-09-9.97857e-09-1.02952e-08-1.02563e-08-9.86737e-09-9.15397e-09
-8.15550e-09-6.91788e-09-5.48688e-09-3.90465e-09-2.21008e-09-4.42421e-10
 1.35369e-09 3.12421e-09 4.80460e-09 6.32283e-09 7.60608e-09 8.58949e-09
 9.22478e-09 9.48673e-09 9.37536e-09 8.91350e-09 8.14084e-09 7.10693e-09
 5.86515e-09 4.46911e-09 2.97227e-09 1.42994e-09-9.79355e-11-1.54548e-09
-2.84284e-09-3.92183e-09-4.72446e-09-5.21177e-09-5.37066e-09-5.21653e-09
-4.79081e-09-4.15427e-09-3.37844e-09-2.53723e-09-1.70073e-09-9.31969e-10
-2.86108e-10 1.89496e-10 4.55958e-10 4.85608e-10 2.67061e-10-1.88861e-10
-8.44836e-10-1.63637e-09-2.47587e-09-3.26130e-09-3.88803e-09-4.26111e-09
-4.30562e-09-3.97360e-09-3.24699e-09-2.13765e-09-6.85987e-10 1.04044e-09
 2.94849e-09 4.92223e-09 6.82779e-09 8.52120e-09 9.85980e-09 1.07165e-08
 1.09943e-08 1.06388e-08 9.64490e-09 8.05907e-09 5.97394e-09 3.51877e-09
 8.47401e-10-1.87377e-09-4.47718e-09-6.80516e-09-8.72099e-09-1.01196e-08
-1.09374e-08-1.11588e-08-1.08192e-08-9.99987e-09-8.81681e-09-7.40397e-09
-5.89504e-09-4.40670e-09-3.02634e-09-1.80585e-09-7.61615e-10 1.20817e-10
 8.79687e-10 1.56895e-09 2.24951e-09 2.97954e-09 3.80401e-09 4.74440e-09
 5.79049e-09 6.89658e-09 7.98439e-09 8.95334e-09 9.69664e-09 1.01189e-08
 1.01510e-08 9.75824e-09 8.94260e-09 7.73853e-09 6.20571e-09 4.41996e-09
 2.46444e-09 4.22179e-10-1.62961e-09-3.62409e-09-5.50857e-09-7.24652e-09
-8.81606e-09-1.02040e-08-1.13969e-08-1.23727e-08-1.30961e-08-1.35198e-08
-1.35925e-08-1.32699e-08-1.25259e-08-1.13606e-08-9.80254e-09-7.90512e-09
-5.73890e-09-3.38254e-09-9.14116e-10 1.59580e-09 4.08937e-09 6.52500e-09
 8.87902e-09 1.11443e-08 1.33244e-08 1.54245e-08 1.74392e-08 1.93424e-08
 2.10817e-08 2.25788e-08 2.37355e-08 2.44436e-08 2.45941e-08 2.40826e-08
 2.28120e-08 2.06930e-08 1.76454e-08 1.36035e-08 8.52424e-09 2.39998e-09
-4.72808e-09-1.27561e-08-2.15058e-08-3.07155e-08-4.00347e-08-4.90255e-08
-5.71730e-08-6.39082e-08-6.86434e-08-7.08161e-08-6.99382e-08-6.56436e-08
-5.77311e-08-4.61987e-08-3.12690e-08-1.34046e-08 6.68840e-09 2.80736e-08
 4.96178e-08 7.00491e-08 8.80406e-08 1.02315e-07 1.11761e-07 1.15541e-07
 1.13184e-07 1.04648e-07 9.03407e-08 7.11006e-08 4.81379e-08 2.29336e-08
-2.88885e-09-2.77072e-08-5.00416e-08-6.86758e-08-8.27428e-08-9.17628e-08
-9.56340e-08-9.45874e-08-8.91265e-08-7.99639e-08-6.79539e-08-5.40207e-08
-3.90894e-08-2.40273e-08-9.59926e-09 3.56682e-09 1.50019e-08 2.44043e-08
 3.16345e-08 3.66982e-08 3.97221e-08 4.09222e-08 4.05685e-08 3.89538e-08
 3.63705e-08 3.30958e-08 2.93822e-08 2.54497e-08 2.14799e-08 1.76119e-08
 1.39414e-08 1.05225e-08 7.37477e-09 4.49306e-09 1.85836e-09-5.54079e-10
-2.76960e-09-4.81051e-09-6.69347e-09-8.42875e-09-1.00215e-08-1.14742e-08
-1.27875e-08-1.39593e-08-1.49815e-08-1.58359e-08-1.64931e-08-1.69147e-08
-1.70609e-08-1.69000e-08-1.64158e-08-1.56118e-08-1.45087e-08-1.31397e-08
-1.15443e-08-9.76443e-09-7.84132e-09-5.81422e-09-3.71946e-09-1.59057e-09
 5.40604e-10 2.64245e-09 4.68321e-09 6.63217e-09 8.46158e-09 1.01472e-08
 1.16670e-08 1.29986e-08 1.41175e-08 1.49972e-08 1.56135e-08 1.59500e-08
 1.60036e-08 1.57850e-08 1.53152e-08 1.46183e-08 1.37159e-08 1.26236e-08
 1.13514e-08 9.90561e-09 8.29155e-09 6.51742e-09 4.59855e-09 2.56033e-09
 4.38361e-10-1.72422e-09-3.88146e-09-5.98954e-09-8.00931e-09-9.90443e-09
-1.16362e-08-1.31583e-08-1.44149e-08-1.53422e-08-1.58733e-08-1.59441e-08
-1.55004e-08-1.45065e-08-1.29556e-08-1.08804e-08-8.35821e-09-5.51101e-09
-2.49746e-09 4.98446e-10 3.28182e-09 5.66415e-09 7.48244e-09 8.61766e-09
 9.00945e-09 8.66549e-09 7.66554e-09 6.16117e-09 4.37121e-09 2.57250e-09
 1.08478e-09 2.30371e-10
     0.0000e+00     0.0000e+00      0  0  0.00
     512   1.00000  0.0000e+00
 1.00351e-09 1.39674e-09 1.59931e-09 1.57978e-09 1.32498e-09 8.43279e-10
 1.66205e-10-6.51307e-10-1.53177e-09-2.37715e-09-3.07238e-09-3.49101e-09
-3.50324e-09-2.98625e-09-1.83617e-09 1.95495e-11 2.61184e-09 5.92217e-09
 9.87420e-09 1.43222e-08 1.90391e-08 2.37113e-08 2.79446e-08 3.12802e-08
 3.32188e-08 3.32542e-08 3.09171e-08 2.58304e-08 1.77712e-08 6.73104e-09
-7.03640e-09-2.29894e-08-4.02964e-08-5.78569e-08-7.43429e-08-8.82615e-08
-9.80435e-08-1.02162e-07-9.92753e-08-8.83972e-08-6.91113e-08-4.18560e-08
-8.15456e-09 2.93621e-08 6.71507e-08 1.01210e-07 1.27842e-07 1.44342e-07
 1.49189e-07 1.41907e-07 1.22960e-07 9.38572e-08 5.73636e-08 1.74250e-08
-2.13876e-08-5.46722e-08-7.89336e-08-9.21593e-08-9.42718e-08-8.72102e-08
-7.42696e-08-5.89366e-08-4.37414e-08-2.95939e-08-1.61033e-08-2.73170e-09
 1.01281e-08 2.09284e-08 2.77426e-08 2.95216e-08 2.68762e-08 2.17056e-08
 1.59246e-08 1.03519e-08 4.70040e-09-1.41245e-09-7.51026e-09-1.23633e-08
-1.50162e-08-1.55729e-08-1.48570e-08-1.33996e-08-1.10113e-08-7.40435e-09
-2.94198e-09 1.53430e-09 5.51324e-09 9.08481e-09 1.23591e-08 1.50067e-08
 1.66152e-08 1.72087e-08 1.70823e-08 1.63087e-08 1.47686e-08 1.25545e-08
 9.97911e-09 7.22887e-09 4.32450e-09 1.37952e-09-1.38673e-09-3.86019e-09
-6.03456e-09-7.85848e-09-9.25215e-09-1.02099e-08-1.07663e-08-1.09280e-08
-1.07061e-08-1.01488e-08-9.31012e-09-8.23433e-09-6.97484e-09-5.59463e-09
-4.15268e-09-2.70512e-09-1.30722e-09-6.56974e-12 1.16065e-09 2.16911e-09
 3.00533e-09 3.66719e-09 4.16055e-09 4.49669e-09 4.69085e-09 4.76092e-09
 4.72658e-09 4.60878e-09 4.42900e-09 4.20779e-09 3.96240e-09 3.70398e-09
 3.43529e-09 3.15007e-09 2.83436e-09 2.47001e-09 2.03916e-09 1.52837e-09
 9.31355e-10 2.50088e-10-5.05127e-10-1.31587e-09-2.15572e-09-2.99042e-09
-3.77893e-09-4.47597e-09-5.03582e-09-5.41698e-09-5.58675e-09-5.52527e-09
-5.22854e-09-4.70980e-09-3.99883e-09-3.13909e-09-2.18283e-09-1.18521e-09
-1.98417e-10 7.33107e-10 1.57548e-09 2.30627e-09 2.91400e-09 3.39683e-09
 3.76043e-09 4.01495e-09 4.17143e-09 4.23859e-09 4.22098e-09 4.11892e-09
 3.92958e-09 3.64856e-09 3.27174e-09 2.79764e-09 2.23012e-09 1.58049e-09
 8.67919e-10 1.18036e-10-6.39666e-10-1.37458e-09-2.05749e-09-2.66292e-09
-3.17125e-09-3.57021e-09-3.85500e-09-4.02681e-09-4.09042e-09-4.05167e-09
-3.91565e-09-3.68609e-09-3.36565e-09-2.95685e-09-2.46310e-09-1.89028e-09
-1.24847e-09-5.53289e-10 1.73862e-10 9.07079e-10 1.61833e-09 2.28023e-09
 2.86865e-09 3.36470e-09 3.75569e-09 4.03485e-09 4.20003e-09 4.25202e-09
 4.19293e-09 4.02511e-09 3.75057e-09 3.37141e-09 2.89089e-09 2.31516e-09
 1.65512e-09 9.27559e-10 1.54960e-10-6.36089e-10-1.41738e-09-2.16165e-09
-2.84449e-09-3.44549e-09-3.94850e-09-4.34118e-09-4.61418e-09-4.76003e-09
-4.77235e-09-4.64584e-09-4.37703e-09-3.96601e-09-3.41837e-09-2.74667e-09
-1.97055e-09-1.11557e-09-2.11066e-10 7.12127e-10 1.62354e-09 2.49422e-09
 3.29736e-09 4.00839e-09 4.60476e-09 5.06571e-09 5.37252e-09 5.50916e-09
 5.46385e-09 5.23116e-09 4.81405e-09 4.22484e-09 3.48467e-09 2.62139e-09
 1.66683e-09 6.54363e-10-3.82439e-10-1.41013e-09-2.39505e-09-3.30322e-09
-4.10103e-09-4.75682e-09-5.24335e-09-5.54026e-09-5.63620e-09-5.53000e-09
-5.23089e-09-4.75758e-09-4.13637e-09-3.39833e-09-2.57634e-09-1.70262e-09
-8.07423e-10 8.07733e-11 9.34358e-10 1.72601e-09 2.42962e-09 3.02297e-09
 3.49135e-09 3.83051e-09 4.04730e-09 4.15755e-09 4.18152e-09 4.13879e-09
 4.04393e-09 3.90438e-09 3.72072e-09 3.48880e-09 3.20270e-09 2.85700e-09
 2.44758e-09 1.97086e-09 1.42250e-09 7.96743e-10 8.77072e-11-7.07190e-10
-1.58236e-09-2.51963e-09-3.48614e-09-4.43580e-09-5.31377e-09-6.06298e-09
-6.63071e-09-6.97369e-09-7.06111e-09-6.87562e-09-6.41350e-09-5.68439e-09
-4.71122e-09-3.52992e-09-2.18854e-09-7.45310e-10 7.35066e-10 2.18670e-09
 3.54863e-09 4.77019e-09 5.81423e-09 6.65749e-09 7.28854e-09 7.70421e-09
 7.90599e-09 7.89754e-09 7.68393e-09 7.27195e-09 6.67049e-09 5.89035e-09
 4.94377e-09 3.84440e-09 2.60829e-09 1.25560e-09-1.87310e-10-1.68627e-09
-3.19848e-09-4.67333e-09-6.05532e-09-7.28899e-09-8.32449e-09-9.12190e-09
-9.65311e-09-9.90141e-09-9.85996e-09-9.53051e-09-8.92264e-09-8.05331e-09
-6.94591e-09-5.62862e-09-4.13211e-09-2.48750e-09-7.25381e-10 1.12381e-09
 3.02807e-09 4.95160e-09 6.85325e-09 8.68658e-09 1.04016e-08 1.19480e-08
 1.32770e-08 1.43431e-08 1.51026e-08 1.55119e-08 1.55261e-08 1.50996e-08
 1.41882e-08 1.27525e-08 1.07629e-08 8.20382e-09 5.07855e-09 1.41435e-09
-2.73199e-09-7.26890e-09-1.20659e-08-1.69527e-08-2.17219e-08-2.61364e-08
-2.99405e-08-3.28720e-08-3.46767e-08-3.51230e-08-3.40172e-08-3.12205e-08
-2.66664e-08-2.03785e-08-1.24853e-08-3.23065e-09 7.02337e-09 1.78025e-08
 2.85363e-08 3.85841e-08 4.72715e-08 5.39358e-08 5.79788e-08 5.89235e-08
 5.64688e-08 5.05362e-08 4.13024e-08 2.92089e-08 1.49456e-08-5.94211e-10
-1.63816e-08-3.13358e-08-4.44155e-08-5.47081e-08-6.15094e-08-6.43851e-08
-6.32071e-08-5.81605e-08-4.97197e-08-3.85955e-08-2.56596e-08-1.18555e-08
 1.88737e-09 1.47250e-08 2.59490e-08 3.50191e-08 4.15831e-08 4.54794e-08
 4.67252e-08 4.54903e-08 4.20675e-08 3.68404e-08 3.02508e-08 2.27659e-08
 1.48485e-08 6.93212e-09-5.99973e-10-7.43091e-09-1.33202e-08-1.81064e-08
-2.17038e-08-2.40957e-08-2.53237e-08-2.54760e-08-2.46729e-08-2.30537e-08
-2.07653e-08-1.79545e-08-1.47639e-08-1.13302e-08-7.78360e-09-4.24729e-09
-8.34066e-10 2.35735e-09 5.24541e-09 7.76685e-09 9.87618e-09 1.15441e-08
 1.27559e-08 1.35100e-08 1.38175e-08 1.37002e-08 1.31897e-08 1.23247e-08
 1.11497e-08 9.71404e-09 8.07229e-09 6.28290e-09 4.40580e-09 2.49901e-09
 6.15592e-10-1.19824e-09-2.90397e-09-4.47159e-09-5.88148e-09-7.12732e-09
-8.21901e-09-9.18312e-09-1.00590e-08-1.08901e-08-1.17134e-08-1.25485e-08
-1.33902e-08-1.42029e-08-1.49194e-08-1.54413e-08-1.56440e-08-1.53837e-08
-1.45096e-08-1.28782e-08-1.03683e-08-6.89726e-09-2.43598e-09 2.97731e-09
 9.22453e-09 1.60981e-08 2.32967e-08 3.04282e-08 3.70222e-08 4.25512e-08
 4.64609e-08 4.82104e-08 4.73283e-08 4.34879e-08 3.65920e-08 2.68408e-08
 1.47612e-08 1.18389e-09-1.28307e-08-2.61102e-08-3.75137e-08-4.60757e-08
-5.11281e-08-5.23780e-08-4.99297e-08-4.42483e-08-3.60752e-08-2.63149e-08
-1.59197e-08-5.79332e-09 3.27916e-09 1.06833e-08 1.60138e-08 1.90938e-08
 1.99738e-08 1.89087e-08 1.63186e-08 1.27399e-08 8.77192e-09 5.02631e-09
 2.07930e-09 4.36930e-10
     0.0000e+00     0.0000e+00      0  0  0.00
     512   1.00000  0.0000e+00
-3.60811e-08-4.33395e-08-4.93259e-08-5.33584e-08-5.47757e-08-5.29949e-08
-4.75744e-08-3.82758e-08-2.51225e-08-8.44630e-09 1.10833e-08 3.24523e-08
 5.43239e-08 7.50904e-08 9.29648e-08 1.06151e-07 1.13096e-07 1.12675e-07
 1.04283e-07 8.80322e-08 6.49697e-08 3.69914e-08 6.55850e-09-2.36098e-08
-5.09273e-08-7.33629e-08-8.97101e-08-9.96439e-08-1.03578e-07-1.02355e-07
-9.68922e-08-8.79849e-08-7.63486e-08-6.28013e-08-4.83562e-08-3.40703e-08
-2.07263e-08-8.58129e-09 2.62810e-09 1.34216e-08 2.42634e-08 3.53887e-08
 4.67591e-08 5.81450e-08 6.93032e-08 8.00219e-08 8.99423e-08 9.84020e-08
 1.04496e-07 1.07192e-07 1.05340e-07 9.77802e-08 8.36330e-08 6.25527e-08
 3.49006e-08 1.95289e-09-3.40503e-08-7.01251e-08-1.02927e-07-1.29266e-07
-1.46627e-07-1.53521e-07-1.49632e-07-1.35785e-07-1.13702e-07-8.56686e-08
-5.42198e-08-2.19354e-08 8.69892e-09 3.54422e-08 5.65433e-08 7.10573e-08
 7.90166e-08 8.12387e-08 7.88043e-08 7.25530e-08 6.30275e-08 5.09123e-08
 3.74375e-08 2.41803e-08 1.23712e-08 2.46624e-09-5.54625e-09-1.15820e-08
-1.53947e-08-1.69661e-08-1.66811e-08-1.50673e-08-1.25490e-08-9.49068e-09
-6.28570e-09-3.29843e-09-7.93160e-10 1.05496e-09 2.14832e-09 2.47643e-09
 2.09892e-09 1.12197e-09-3.06404e-10-2.01161e-09-3.81920e-09-5.56563e-09
-7.10362e-09-8.31667e-09-9.12593e-09-9.48670e-09-9.38778e-09-8.85085e-09
-7.92341e-09-6.67193e-09-5.17649e-09-3.52346e-09-1.79880e-09-8.34255e-11
 1.55078e-09 3.04399e-09 4.34974e-09 5.43530e-09 6.28122e-09 6.87983e-09
 7.23335e-09 7.35171e-09 7.25039e-09 6.94887e-09 6.46930e-09 5.83533e-09
 5.07121e-09 4.20139e-09 3.25029e-09 2.24232e-09 1.20213e-09 1.55221e-10
-8.71722e-10-1.85121e-09-2.75591e-09-3.55980e-09-4.23944e-09-4.77499e-09
-5.15097e-09-5.35711e-09-5.38913e-09-5.24924e-09-4.94636e-09-4.49617e-09
-3.92041e-09-3.24518e-09-2.49924e-09-1.71237e-09-9.13464e-10-1.28863e-10
 6.18521e-10 1.30991e-09 1.93116e-09 2.47219e-09 2.92637e-09 3.29034e-09
 3.56325e-09 3.74500e-09 3.83574e-09 3.83612e-09 3.74698e-09 3.56930e-09
 3.30534e-09 2.95942e-09 2.53776e-09 2.04917e-09 1.50587e-09 9.23140e-10
 3.18504e-10-2.88810e-10-8.79201e-10-1.43417e-09-1.93672e-09-2.37193e-09
-2.72861e-09-3.00025e-09-3.18389e-09-3.27905e-09-3.28724e-09-3.21155e-09
-3.05654e-09-2.82864e-09-2.53568e-09-2.18591e-09-1.78792e-09-1.35164e-09
-8.88995e-10-4.13423e-10 6.14601e-11 5.22829e-10 9.58996e-10 1.35926e-09
 1.71381e-09 2.01465e-09 2.25696e-09 2.43906e-09 2.56118e-09 2.62453e-09
 2.63085e-09 2.58250e-09 2.48300e-09 2.33675e-09 2.14824e-09 1.92156e-09
 1.66076e-09 1.37095e-09 1.05902e-09 7.32703e-10 3.99256e-10 6.49103e-11
-2.65208e-10-5.86743e-10-8.95668e-10-1.18856e-09-1.46292e-09-1.71658e-09
-1.94707e-09-2.15109e-09-2.32438e-09-2.46240e-09-2.56110e-09-2.61723e-09
-2.62832e-09-2.59252e-09-2.50819e-09-2.37398e-09-2.18904e-09-1.95307e-09
-1.66647e-09-1.33070e-09-9.48317e-10-5.23217e-10-6.13888e-11 4.28806e-10
 9.37126e-10 1.45179e-09 1.95982e-09 2.44758e-09 2.90096e-09 3.30511e-09
 3.64505e-09 3.90657e-09 4.07663e-09 4.14364e-09 4.09802e-09 3.93280e-09
 3.64408e-09 3.23202e-09 2.70175e-09 2.06315e-09 1.33035e-09 5.21985e-10
-3.38981e-10-1.22612e-09-2.11028e-09-2.96030e-09-3.74465e-09-4.43251e-09
-4.99432e-09-5.40304e-09-5.63646e-09-5.67853e-09-5.52020e-09-5.16054e-09
-4.60715e-09-3.87572e-09-2.98973e-09-1.97985e-09-8.82247e-10 2.62942e-10
 1.41237e-09 2.52047e-09 3.54136e-09 4.43106e-09 5.14988e-09 5.66488e-09
 5.95184e-09 5.99698e-09 5.79864e-09 5.36869e-09 4.73262e-09 3.92780e-09
 3.00077e-09 2.00463e-09 9.96049e-10 3.15434e-11-8.37275e-10-1.56937e-09
-2.13940e-09-2.54018e-09-2.78238e-09-2.89220e-09-2.90743e-09-2.87284e-09
-2.83434e-09-2.83223e-09-2.89501e-09-3.03488e-09-3.24595e-09-3.50531e-09
-3.77583e-09-4.00992e-09-4.15487e-09-4.15920e-09-3.97914e-09-3.58417e-09
-2.96072e-09-2.11321e-09-1.06355e-09 1.50490e-10 1.47789e-09 2.85801e-09
 4.22501e-09 5.51273e-09 6.65879e-09 7.60776e-09 8.31392e-09 8.74327e-09
 8.87498e-09 8.70213e-09 8.23138e-09 7.48147e-09 6.48104e-09 5.26615e-09
 3.87752e-09 2.35831e-09 7.52616e-10-8.95834e-10-2.54442e-09-4.15208e-09
-5.67964e-09-7.09004e-09-8.34849e-09-9.42316e-09-1.02860e-08-1.09135e-08
-1.12875e-08-1.13955e-08-1.12312e-08-1.07939e-08-1.00887e-08-9.12591e-09
-7.91990e-09-6.48870e-09-4.85323e-09-3.03706e-09-1.06651e-09 1.02917e-09
 3.21763e-09 5.46325e-09 7.72706e-09 9.96654e-09 1.21353e-08 1.41827e-08
 1.60543e-08 1.76914e-08 1.90314e-08 2.00087e-08 2.05558e-08 2.06051e-08
 2.00920e-08 1.89581e-08 1.71553e-08 1.46516e-08 1.14360e-08 7.52522e-09
 2.96824e-09-2.14880e-09-7.70017e-09-1.35197e-08-1.94026e-08-2.51101e-08
-3.03771e-08-3.49228e-08-3.84644e-08-4.07329e-08-4.14919e-08-4.05562e-08
-3.78118e-08-3.32322e-08-2.68925e-08-1.89772e-08-9.78156e-09 2.95691e-10
 1.07692e-08 2.10932e-08 3.06944e-08 3.90096e-08 4.55245e-08 4.98128e-08
 5.15718e-08 5.06516e-08 4.70731e-08 4.10319e-08 3.28869e-08 2.31354e-08
 1.23744e-08 1.25488e-09-9.56825e-09-1.94836e-08-2.79636e-08-3.45963e-08
-3.91081e-08-4.13759e-08-4.14274e-08-3.94254e-08-3.56399e-08-3.04164e-08
-2.41437e-08-1.72259e-08-1.00573e-08-3.00037e-09 3.63188e-09 9.58756e-09
 1.46812e-08 1.87939e-08 2.18697e-08 2.39098e-08 2.49641e-08 2.51200e-08
 2.44913e-08 2.32061e-08 2.13971e-08 1.91937e-08 1.67160e-08 1.40713e-08
 1.13518e-08 8.63348e-09 5.97631e-09 3.42562e-09 1.01424e-09-1.23502e-09
-3.30738e-09-5.19457e-09-6.89369e-09-8.40583e-09-9.73472e-09-1.08854e-08
-1.18631e-08-1.26725e-08-1.33169e-08-1.37976e-08-1.41145e-08-1.42665e-08
-1.42538e-08-1.40786e-08-1.37459e-08-1.32632e-08-1.26394e-08-1.18846e-08
-1.10081e-08-1.00174e-08-8.91664e-09-7.70660e-09-6.38512e-09-4.94783e-09
-3.38933e-09-1.70516e-09 1.05232e-10 2.03484e-09 4.06582e-09 6.16756e-09
 8.29652e-09 1.03975e-08 1.24066e-08 1.42546e-08 1.58722e-08 1.71946e-08
 1.81659e-08 1.87435e-08 1.89008e-08 1.86298e-08 1.79414e-08 1.68636e-08
 1.54371e-08 1.37107e-08 1.17374e-08 9.57116e-09 7.26425e-09 4.86494e-09
 2.41676e-09-4.13849e-11-2.47489e-09-4.85358e-09-7.15118e-09-9.34227e-09
-1.13967e-08-1.32733e-08-1.49162e-08-1.62533e-08-1.71998e-08-1.76650e-08
-1.75645e-08-1.68346e-08-1.54478e-08-1.34247e-08-1.08389e-08-7.81443e-09
-4.51795e-09-1.14682e-09 2.08500e-09 4.96326e-09 7.29132e-09 8.90875e-09
 9.70969e-09 9.65990e-09 8.80941e-09 7.29831e-09 5.35463e-09 3.28430e-09
 1.45348e-09 3.23399e-10
     0.0000e+00     0.0000e+00      0  0  0.00
     512   1.00000  0.0000e+00
 1.45252e-08 1.17585e-08 7.94914e-09 3.19503e-09-2.32101e-09-8.33202e-09
-1.44946e-08-2.04036e-08-2.56136e-08-2.96664e-08-3.21245e-08-3.26083e-08
-3.08368e-08-2.66664e-08-2.01348e-08-1.15429e-08-1.57195e-09 8.70939e-09
 1.80545e-08 2.53400e-08 2.97461e-08 3.07614e-08 2.81820e-08 2.22194e-08
 1.35815e-08 3.38213e-09-7.10823e-09-1.67872e-08-2.49583e-08-3.13162e-08
-3.56943e-08-3.77801e-08-3.70299e-08-3.28670e-08-2.50449e-08-1.39017e-08
-2.81631e-10 1.48094e-08 3.05158e-08 4.61778e-08 6.11569e-08 7.46665e-08
 8.57287e-08 9.31970e-08 9.57523e-08 9.20163e-08 8.10180e-08 6.26432e-08
 3.75010e-08 6.54333e-09-2.88625e-08-6.65620e-08-1.03614e-07-1.36624e-07
-1.61921e-07-1.75807e-07-1.75177e-07-1.58181e-07-1.24822e-07-7.75430e-08
-2.13805e-08 3.66009e-08 8.84921e-08 1.27186e-07 1.48107e-07 1.50383e-07
 1.36922e-07 1.13254e-07 8.54433e-08 5.79388e-08 3.24473e-08 8.47261e-09
-1.48154e-08-3.66663e-08-5.43573e-08-6.48218e-08-6.70021e-08-6.27293e-08
-5.51337e-08-4.61534e-08-3.57698e-08-2.35764e-08-1.04758e-08 1.64326e-09
 1.15011e-08 1.90145e-08 2.44436e-08 2.77031e-08 2.86733e-08 2.76089e-08
 2.49743e-08 2.11858e-08 1.66463e-08 1.17881e-08 6.98130e-09 2.50829e-09
-1.39641e-09-4.56980e-09-6.94657e-09-8.52684e-09-9.35628e-09-9.53047e-09
-9.17536e-09-8.42480e-09-7.41704e-09-6.28417e-09-5.13625e-09-4.05890e-09
-3.11379e-09-2.33583e-09-1.73608e-09-1.30663e-09-1.02300e-09-8.49200e-10
-7.44148e-10-6.65743e-10-5.75094e-10-4.40852e-10-2.41371e-10 3.42280e-11
 3.85939e-10 8.04306e-10 1.27222e-09 1.76685e-09 2.26184e-09 2.72897e-09
 3.13986e-09 3.46826e-09 3.69228e-09 3.79604e-09 3.77065e-09 3.61442e-09
 3.33222e-09 2.93445e-09 2.43603e-09 1.85562e-09 1.21499e-09 5.38030e-10
-1.50503e-10-8.26363e-10-1.46708e-09-2.05282e-09-2.56674e-09-2.99503e-09
-3.32684e-09-3.55416e-09-3.67205e-09-3.67907e-09-3.57743e-09-3.37259e-09
-3.07281e-09-2.68858e-09-2.23206e-09-1.71684e-09-1.15814e-09-5.72907e-10
 2.09990e-11 6.05851e-10 1.16474e-09 1.68194e-09 2.14314e-09 2.53566e-09
 2.84893e-09 3.07517e-09 3.20932e-09 3.24871e-09 3.19318e-09 3.04584e-09
 2.81305e-09 2.50360e-09 2.12745e-09 1.69513e-09 1.21811e-09 7.09965e-10
 1.86590e-10-3.35527e-10-8.41521e-10-1.31863e-09-1.75471e-09-2.13678e-09
-2.45163e-09-2.68846e-09-2.84128e-09-2.90846e-09-2.89012e-09-2.78666e-09
-2.60021e-09-2.33692e-09-2.00742e-09-1.62469e-09-1.20117e-09-7.47909e-10
-2.76343e-10 1.99498e-10 6.63381e-10 1.09988e-09 1.49709e-09 1.84609e-09
 2.13823e-09 2.36398e-09 2.51468e-09 2.58564e-09 2.57739e-09 2.49390e-09
 2.33977e-09 2.11935e-09 1.83829e-09 1.50553e-09 1.13354e-09 7.36147e-10
 3.25806e-10-8.68286e-11-4.91304e-10-8.75830e-10-1.22771e-09-1.53547e-09
-1.79073e-09-1.98830e-09-2.12495e-09-2.19830e-09-2.20690e-09-2.15138e-09
-2.03543e-09-1.86538e-09-1.64880e-09-1.39327e-09-1.10622e-09-7.95500e-10
-4.70034e-10-1.39572e-10 1.86318e-10 4.99060e-10 7.91392e-10 1.05714e-09
 1.29067e-09 1.48693e-09 1.64208e-09 1.75392e-09 1.82185e-09 1.84639e-09
 1.82855e-09 1.76943e-09 1.67037e-09 1.53356e-09 1.36224e-09 1.16037e-09
 9.32195e-10 6.81903e-10 4.13531e-10 1.31268e-10-1.60149e-10-4.55439e-10
-7.49417e-10-1.03739e-09-1.31460e-09-1.57523e-09-1.81199e-09-2.01631e-09
-2.17925e-09-2.29252e-09-2.34833e-09-2.33881e-09-2.25643e-09-2.09570e-09
-1.85507e-09-1.53757e-09-1.14995e-09-7.01376e-10-2.03317e-10 3.29612e-10
 8.79559e-10 1.42736e-09 1.95542e-09 2.44922e-09 2.89619e-09 3.28327e-09
 3.59556e-09 3.81709e-09 3.93210e-09 3.92471e-09 3.77728e-09 3.47028e-09
 2.98582e-09 2.31426e-09 1.46034e-09 4.46008e-10-6.89716e-10-1.89187e-09
-3.09075e-09-4.20504e-09-5.14925e-09-5.84538e-09-6.23514e-09-6.28830e-09
-6.00572e-09-5.41773e-09-4.58029e-09-3.56903e-09-2.47025e-09-1.36856e-09
-3.34341e-10 5.85198e-10 1.36875e-09 2.01775e-09 2.54990e-09 2.99195e-09
 3.37253e-09 3.71567e-09 4.03557e-09 4.33388e-09 4.60068e-09 4.81885e-09
 4.96939e-09 5.03549e-09 5.00395e-09 4.86414e-09 4.60623e-09 4.21996e-09
 3.69453e-09 3.01969e-09 2.18806e-09 1.19865e-09 6.09433e-11-1.20140e-09
-2.54908e-09-3.92917e-09-5.28035e-09-6.53991e-09-7.65063e-09-8.56553e-09
-9.25010e-09-9.68164e-09-9.84670e-09-9.73764e-09-9.35008e-09-8.68183e-09
-7.73394e-09-6.51367e-09-5.03804e-09-3.33654e-09-1.45172e-09 5.63272e-10
 2.64929e-09 4.74621e-09 6.79680e-09 8.74856e-09 1.05531e-08 1.21642e-08
 1.35345e-08 1.46150e-08 1.53548e-08 1.57051e-08 1.56243e-08 1.50840e-08
 1.40737e-08 1.26030e-08 1.07011e-08 8.41457e-09 5.80326e-09 2.93836e-09
-9.90286e-11-3.21779e-09-6.31658e-09-9.28498e-09-1.20073e-08-1.43696e-08
-1.62687e-08-1.76217e-08-1.83742e-08-1.85053e-08-1.80287e-08-1.69901e-08
-1.54631e-08-1.35442e-08-1.13476e-08-9.00045e-09-6.63691e-09-4.39028e-09
-2.38225e-09-7.10260e-10 5.65151e-10 1.43018e-09 1.92193e-09 2.12496e-09
 2.15889e-09 2.15777e-09 2.24402e-09 2.50411e-09 2.97423e-09 3.63977e-09
 4.44540e-09 5.30993e-09 6.14186e-09 6.85380e-09 7.37581e-09 7.66787e-09
 7.73097e-09 7.61488e-09 7.41923e-09 7.28369e-09 7.36249e-09 7.78462e-09
 8.61183e-09 9.81537e-09 1.12839e-08 1.28546e-08 1.43460e-08 1.55799e-08
 1.63916e-08 1.66380e-08 1.62085e-08 1.50360e-08 1.31016e-08 1.04345e-08
 7.10644e-09 3.22816e-09-1.05580e-09-5.57442e-09-1.01426e-08-1.45759e-08
-1.87032e-08-2.23736e-08-2.54592e-08-2.78556e-08-2.94830e-08-3.02890e-08
-3.02522e-08-2.93842e-08-2.77276e-08-2.53528e-08-2.23510e-08-1.88281e-08
-1.48987e-08-1.06821e-08-6.29893e-09-1.87025e-09 2.48539e-09 6.65626e-09
 1.05432e-08 1.40649e-08 1.71606e-08 1.97891e-08 2.19254e-08 2.35566e-08
 2.46788e-08 2.52974e-08 2.54278e-08 2.50961e-08 2.43384e-08 2.31969e-08
 2.17164e-08 1.99405e-08 1.79093e-08 1.56586e-08 1.32198e-08 1.06183e-08
 7.86983e-09 4.97692e-09 1.92659e-09-1.30641e-09-4.75123e-09-8.42816e-09
-1.23343e-08-1.64308e-08-2.06336e-08-2.48092e-08-2.87744e-08-3.22996e-08
-3.51198e-08-3.69518e-08-3.75185e-08-3.65788e-08-3.39599e-08-2.95864e-08
-2.35013e-08-1.58767e-08-7.01449e-09 2.66146e-09 1.26204e-08 2.22486e-08
 3.08815e-08 3.78483e-08 4.25328e-08 4.44524e-08 4.33447e-08 3.92336e-08
 3.24571e-08 2.36464e-08 1.36598e-08 3.47827e-09-5.92080e-09-1.36911e-08
-1.92265e-08-2.22316e-08-2.27420e-08-2.10874e-08-1.78085e-08-1.35489e-08
-8.94995e-09-4.57108e-09-8.43028e-10 1.95687e-09 3.71330e-09 4.46577e-09
 4.38392e-09 3.72574e-09 2.78271e-09 1.82124e-09 1.03301e-09 5.02528e-10
 1.95022e-10 4.25719e-11
     0.0000e+00     0.0000e+00      0  0  0.00
     512   1.00000  0.0000e+00
 5.59445e-08 6.51951e-08 7.22916e-08 7.61906e-08 7.58862e-08 7.04999e-08
 5.93780e-08 4.21900e-08 1.90205e-08-9.55621e-09-4.24271e-08-7.79295e-08
-1.13885e-07-1.47680e-07-1.76410e-07-1.97092e-07-2.06984e-07-2.03902e-07
-1.86549e-07-1.54963e-07-1.10876e-07-5.75851e-08 5.37987e-10 5.85887e-08
 1.11812e-07 1.56356e-07 1.89801e-07 2.11332e-07 2.21539e-07 2.21879e-07
 2.13961e-07 1.99038e-07 1.77983e-07 1.51654e-07 1.21270e-07 8.84278e-08
 5.46924e-08 2.10769e-08-1.21218e-08-4.49770e-08-7.74148e-08-1.08875e-07
-1.38233e-07-1.64080e-07-1.85136e-07-2.00238e-07-2.08063e-07-2.07333e-07
-1.97511e-07-1.79012e-07-1.52691e-07-1.19631e-07-8.14572e-08-4.03012e-08
 1.50060e-09 4.14504e-08 7.71290e-08 1.06745e-07 1.29478e-07 1.45582e-07
 1.56141e-07 1.62341e-07 1.64653e-07 1.62386e-07 1.53824e-07 1.37024e-07
 1.11071e-07 7.72224e-08 3.92099e-08 2.32722e-09-2.84908e-08-5.07144e-08
-6.50582e-08-7.43152e-08-8.08420e-08-8.46257e-08-8.37118e-08-7.67477e-08
-6.50923e-08-5.21331e-08-4.04954e-08-3.03600e-08-2.07095e-08-1.15257e-08
-3.99590e-09 1.06882e-09 4.02767e-09 5.58608e-09 6.02564e-09 5.47545e-09
 4.30058e-09 2.92927e-09 1.64601e-09 6.77316e-10 2.25771e-10 3.79536e-10
 1.12977e-09 2.43641e-09 4.20677e-09 6.28432e-09 8.49659e-09 1.06743e-08
 1.26480e-08 1.42704e-08 1.54304e-08 1.60475e-08 1.60764e-08 1.55117e-08
 1.43811e-08 1.27411e-08 1.06748e-08 8.28264e-09 5.67418e-09 2.96363e-09
 2.62864e-10-2.32461e-09-4.70703e-09-6.80842e-09-8.57128e-09-9.95670e-09
-1.09437e-08-1.15282e-08-1.17203e-08-1.15429e-08-1.10292e-08-1.02201e-08
-9.16218e-09-7.90523e-09-6.49978e-09-4.99490e-09-3.43722e-09-1.87085e-09
-3.37373e-10 1.12479e-09 2.48156e-09 3.70422e-09 4.77000e-09 5.66190e-09
 6.36774e-09 6.87917e-09 7.19126e-09 7.30257e-09 7.21564e-09 6.93796e-09
 6.48209e-09 5.86483e-09 5.10650e-09 4.23036e-09 3.26150e-09 2.22593e-09
 1.15074e-09 6.40604e-11-1.00556e-09-2.02951e-09-2.98000e-09-3.83200e-09
-4.56431e-09-5.15891e-09-5.60155e-09-5.88289e-09-5.99827e-09-5.94707e-09
-5.73320e-09-5.36506e-09-4.85477e-09-4.21814e-09-3.47478e-09-2.64663e-09
-1.75683e-09-8.30027e-10 1.07971e-10 1.03133e-09 1.91468e-09 2.73393e-09
 3.46856e-09 4.10258e-09 4.62303e-09 5.01880e-09 5.28116e-09 5.40459e-09
 5.38751e-09 5.23278e-09 4.94712e-09 4.53976e-09 4.02244e-09 3.41002e-09
 2.72024e-09 1.97219e-09 1.18476e-09 3.76211e-10-4.35452e-10-1.23183e-09
-1.99414e-09-2.70447e-09-3.34742e-09-3.91000e-09-4.38067e-09-4.74926e-09
-5.00799e-09-5.15230e-09-5.18126e-09-5.09672e-09-4.90174e-09-4.59975e-09
-4.19517e-09-3.69519e-09-3.11068e-09-2.45498e-09-1.74209e-09-9.85977e-10
-2.00715e-10 5.98667e-10 1.39568e-09 2.17335e-09 2.91557e-09 3.60737e-09
 4.23435e-09 4.78200e-09 5.23576e-09 5.58211e-09 5.80991e-09 5.91124e-09
 5.88130e-09 5.71769e-09 5.41957e-09 4.98783e-09 4.42633e-09 3.74291e-09
 2.94963e-09 2.06229e-09 1.09946e-09 8.19791e-11-9.66658e-10-2.02029e-09
-3.05119e-09-4.03146e-09-4.93394e-09-5.73286e-09-6.40366e-09-6.92267e-09
-7.26842e-09-7.42407e-09-7.37872e-09-7.12753e-09-6.67180e-09-6.01869e-09
-5.18079e-09-4.17668e-09-3.03151e-09-1.77585e-09-4.44296e-10 9.24837e-10
 2.29017e-09 3.60881e-09 4.83776e-09 5.93571e-09 6.86575e-09 7.59697e-09
 8.10443e-09 8.36936e-09 8.38023e-09 8.13310e-09 7.63192e-09 6.88953e-09
 5.92758e-09 4.77525e-09 3.46809e-09 2.04716e-09 5.57635e-10-9.52588e-10
-2.43374e-09-3.83585e-09-5.11117e-09-6.21625e-09-7.11352e-09-7.77307e-09
-8.17467e-09-8.30969e-09-8.18244e-09-7.80987e-09-7.21899e-09-6.44282e-09
-5.51680e-09-4.47688e-09-3.35837e-09-2.19460e-09-1.01516e-09 1.56299e-10
 1.30287e-09 2.41252e-09 3.47464e-09 4.47682e-09 5.40337e-09 6.23584e-09
 6.95473e-09 7.54094e-09 7.97707e-09 8.24841e-09 8.34425e-09 8.25873e-09
 7.99020e-09 7.53909e-09 6.90579e-09 6.08997e-09 5.09133e-09 3.91174e-09
 2.55763e-09 1.04203e-09-6.13192e-10-2.37453e-09-4.19498e-09-6.01469e-09
-7.76487e-09-9.37406e-09-1.07744e-08-1.19066e-08-1.27235e-08-1.31915e-08
-1.32909e-08-1.30140e-08-1.23638e-08-1.13513e-08-9.99495e-09-8.32031e-09
-6.36120e-09-4.16103e-09-1.77390e-09 7.36165e-10 3.29797e-09 5.83746e-09
 8.28245e-09 1.05663e-08 1.26302e-08 1.44236e-08 1.59041e-08 1.70357e-08
 1.77869e-08 1.81304e-08 1.80428e-08 1.75080e-08 1.65198e-08 1.50848e-08
 1.32239e-08 1.09714e-08 8.37265e-09 5.48052e-09 2.35214e-09-9.53189e-10
-4.37437e-09-7.84729e-09-1.13024e-08-1.46625e-08-1.78409e-08-2.07435e-08
-2.32720e-08-2.53293e-08-2.68245e-08-2.76772e-08-2.78208e-08-2.72035e-08
-2.57909e-08-2.35672e-08-2.05391e-08-1.67410e-08-1.22401e-08-7.14008e-09
-1.58188e-09 4.26003e-09 1.01845e-08 1.59730e-08 2.14008e-08 2.62467e-08
 3.03033e-08 3.33858e-08 3.53396e-08 3.60495e-08 3.54486e-08 3.35276e-08
 3.03413e-08 2.60117e-08 2.07245e-08 1.47189e-08 8.27145e-09 1.67510e-09
-4.78515e-09-1.08539e-08-1.63187e-08-2.10105e-08-2.47925e-08-2.75486e-08
-2.91793e-08-2.96053e-08-2.87771e-08-2.66842e-08-2.33640e-08-1.89059e-08
-1.34532e-08-7.20408e-09-4.11402e-10 6.61456e-09 1.35070e-08 1.98565e-08
 2.52489e-08 2.93230e-08 3.18240e-08 3.26291e-08 3.17405e-08 2.92626e-08
 2.53800e-08 2.03416e-08 1.44448e-08 8.01342e-09 1.37407e-09-5.16549e-09
-1.13304e-08-1.68886e-08-2.16584e-08-2.55166e-08-2.84001e-08-3.03020e-08
-3.12601e-08-3.13429e-08-3.06375e-08-2.92418e-08-2.72606e-08-2.48017e-08
-2.19731e-08-1.88774e-08-1.56064e-08-1.22382e-08-8.83594e-09-5.44907e-09
-2.11605e-09 1.13346e-09 4.27666e-09 7.29637e-09 1.01802e-08 1.29198e-08
 1.55095e-08 1.79437e-08 2.02125e-08 2.22976e-08 2.41714e-08 2.58001e-08
 2.71487e-08 2.81860e-08 2.88855e-08 2.92254e-08 2.91855e-08 2.87465e-08
 2.78889e-08 2.65944e-08 2.48481e-08 2.26427e-08 1.99817e-08 1.68807e-08
 1.33675e-08 9.48141e-09 5.27436e-09 8.12345e-10-3.82424e-09-8.54402e-09
-1.32510e-08-1.78510e-08-2.22559e-08-2.63848e-08-3.01618e-08-3.35130e-08
-3.63623e-08-3.86308e-08-4.02410e-08-4.11234e-08-4.12227e-08-4.05016e-08
-3.89406e-08-3.65390e-08-3.33165e-08-2.93167e-08-2.46074e-08-1.92782e-08
-1.34363e-08-7.20212e-09-7.06822e-10 5.91115e-09 1.25085e-08 1.89359e-08
 2.50319e-08 3.06176e-08 3.54951e-08 3.94519e-08 4.22690e-08 4.37349e-08
 4.36676e-08 4.19441e-08 3.85323e-08 3.35165e-08 2.71092e-08 1.96435e-08
 1.15499e-08 3.32309e-09-4.51593e-09-1.14584e-08-1.70479e-08-2.09195e-08
-2.28399e-08-2.27421e-08-2.07529e-08-1.72051e-08-1.26340e-08-7.75691e-09
-3.43606e-09-7.65060e-10
     0.0000e+00     0.0000e+00      0  0  0.00
     512   1.00000  0.0000e+00
 3.08323e-08 3.04064e-08 2.85821e-08 2.51804e-08 2.00936e-08 1.33083e-08
 4.92456e-09-4.83020e-09-1.55958e-08-2.68841e-08-3.80953e-08-4.85454e-08
-5.75068e-08-6.42573e-08-6.81483e-08-6.87170e-08-6.58035e-08-5.95551e-08
-5.04082e-08-3.91788e-08-2.70415e-08-1.52839e-08-5.08144e-09 2.66128e-09
 7.47949e-09 9.44399e-09 9.14028e-09 7.53055e-09 5.70800e-09 4.65840e-09
 5.13338e-09 7.64596e-09 1.25469e-08 2.00889e-08 3.03880e-08 4.32935e-08
 5.82769e-08 7.44590e-08 9.07696e-08 1.06110e-07 1.19410e-07 1.29523e-07
 1.35026e-07 1.34146e-07 1.25046e-07 1.06420e-07 7.81320e-08 4.13816e-08
-1.78403e-09-4.90386e-08-9.77879e-08-1.44954e-07-1.87064e-07-2.20609e-07
-2.42454e-07-2.50167e-07-2.42311e-07-2.18796e-07-1.81098e-07-1.32147e-07
-7.59349e-08-1.69852e-08 4.01742e-08 9.14486e-08 1.33522e-07 1.64066e-07
 1.81817e-07 1.86567e-07 1.79126e-07 1.61278e-07 1.35635e-07 1.05289e-07
 7.32793e-08 4.20591e-08 1.32621e-08-1.20653e-08-3.30016e-08-4.85626e-08
-5.80605e-08-6.16520e-08-6.03795e-08-5.55550e-08-4.81641e-08-3.89199e-08
-2.86875e-08-1.85422e-08-9.38788e-09-1.72852e-09 4.17714e-09 8.15833e-09
 1.01928e-08 1.04574e-08 9.24516e-09 6.89848e-09 3.80555e-09 3.66278e-10
-3.06176e-09-6.17528e-09-8.72835e-09-1.05536e-08-1.15663e-08-1.17507e-08
-1.11529e-08-9.87265e-09-8.04550e-09-5.82828e-09-3.38830e-09-8.88466e-10
 1.52454e-09 3.72678e-09 5.62235e-09 7.14560e-09 8.25978e-09 8.95571e-09
 9.24955e-09 9.17756e-09 8.79055e-09 8.14880e-09 7.31691e-09 6.35906e-09
 5.33479e-09 4.29570e-09 3.28359e-09 2.32967e-09 1.45454e-09 6.69304e-10
-2.22154e-11-6.21450e-10-1.13374e-09-1.56738e-09-1.93269e-09-2.24093e-09
-2.50298e-09-2.72782e-09-2.92093e-09-3.08383e-09-3.21516e-09-3.31210e-09
-3.37099e-09-3.38741e-09-3.35629e-09-3.27252e-09-3.13181e-09-2.93154e-09
-2.67141e-09-2.35383e-09-1.98393e-09-1.56871e-09-1.11626e-09-6.36045e-10
-1.39144e-10 3.62534e-10 8.56720e-10 1.33033e-09 1.76996e-09 2.16347e-09
 2.50075e-09 2.77353e-09 2.97531e-09 3.10140e-09 3.14911e-09 3.11822e-09
 3.01056e-09 2.82911e-09 2.57841e-09 2.26587e-09 1.90112e-09 1.49473e-09
 1.05801e-09 6.03047e-10 1.42089e-10-3.12686e-10-7.48993e-10-1.15524e-09
-1.52147e-09-1.83908e-09-2.10036e-09-2.29870e-09-2.42895e-09-2.48815e-09
-2.47642e-09-2.39656e-09-2.25294e-09-2.05125e-09-1.79895e-09-1.50511e-09
-1.18002e-09-8.34573e-10-4.79683e-10-1.26068e-10 2.15681e-10 5.34936e-10
 8.21444e-10 1.06666e-09 1.26454e-09 1.41116e-09 1.50442e-09 1.54397e-09
 1.53141e-09 1.47050e-09 1.36674e-09 1.22651e-09 1.05697e-09 8.66124e-10
 6.62833e-10 4.56767e-10 2.57530e-10 7.36331e-11-8.78154e-11-2.21331e-10
-3.23107e-10-3.90873e-10-4.24279e-10-4.25102e-10-3.96697e-10-3.43561e-10
-2.71378e-10-1.87050e-10-9.84912e-11-1.40945e-11 5.79400e-11 1.10094e-10
 1.35986e-10 1.30995e-10 9.27492e-11 2.10964e-11-8.22341e-11-2.13752e-10
-3.68076e-10-5.37863e-10-7.13977e-10-8.85911e-10-1.04233e-09-1.17176e-09
-1.26333e-09-1.30711e-09-1.29478e-09-1.22077e-09-1.08266e-09-8.81024e-10
-6.19351e-10-3.03999e-10 5.60001e-11 4.48528e-10 8.58225e-10 1.26755e-09
 1.65782e-09 2.00972e-09 2.30440e-09 2.52473e-09 2.65586e-09 2.68588e-09
 2.60720e-09 2.41707e-09 2.11723e-09 1.71415e-09 1.21948e-09 6.49837e-10
 2.65465e-11-6.24814e-10-1.27605e-09-1.89850e-09-2.46442e-09-2.94785e-09
-3.32572e-09-3.57882e-09-3.69264e-09-3.65862e-09-3.47491e-09-3.14575e-09
-2.68090e-09-2.09597e-09-1.41248e-09-6.57262e-10 1.38516e-10 9.41000e-10
 1.71521e-09 2.42585e-09 3.03789e-09 3.51801e-09 3.83721e-09 3.97408e-09
 3.91747e-09 3.66830e-09 3.24043e-09 2.66064e-09 1.96751e-09 1.20923e-09
 4.39426e-10-2.87726e-10-9.22301e-10-1.42343e-09-1.76352e-09-1.93161e-09
-1.93519e-09-1.79938e-09-1.56325e-09-1.27448e-09-9.82999e-10-7.34933e-10
-5.67821e-10-5.06698e-10-5.61370e-10-7.25797e-10-9.79336e-10-1.28964e-09
-1.61694e-09-1.91868e-09-2.15403e-09-2.28792e-09-2.29403e-09-2.15641e-09
-1.87028e-09-1.44210e-09-8.88863e-10-2.36700e-10 4.81155e-10 1.22672e-09
 1.95973e-09 2.64042e-09 3.23268e-09 3.70683e-09 4.04137e-09 4.22373e-09
 4.25030e-09 4.12580e-09 3.86240e-09 3.47814e-09 2.99487e-09 2.43630e-09
 1.82632e-09 1.18772e-09 5.41320e-10-9.45496e-11-7.04232e-10-1.27458e-09
-1.79476e-09-2.25642e-09-2.65386e-09-2.98421e-09-3.24747e-09-3.44610e-09
-3.58441e-09-3.66792e-09-3.70275e-09-3.69509e-09-3.65093e-09-3.57558e-09
-3.47303e-09-3.34527e-09-3.19172e-09-3.00885e-09-2.79019e-09-2.52694e-09
-2.20905e-09-1.82662e-09-1.37126e-09-8.37110e-10-2.21567e-10 4.73719e-10
 1.24185e-09 2.06994e-09 2.93884e-09 3.82365e-09 4.69473e-09 5.51907e-09
 6.26194e-09 6.88853e-09 7.36541e-09 7.66184e-09 7.75096e-09 7.61124e-09
 7.22848e-09 6.59809e-09 5.72716e-09 4.63582e-09 3.35760e-09 1.93916e-09
 4.39243e-10-1.07309e-09-2.52167e-09-3.82785e-09-4.91605e-09-5.71988e-09
-6.18780e-09-6.28749e-09-6.00782e-09-5.35902e-09-4.37285e-09-3.10372e-09
-1.62979e-09-5.21314e-11 1.50948e-09 2.92435e-09 4.06164e-09 4.80225e-09
 5.05004e-09 4.74081e-09 3.84834e-09 2.38769e-09 4.16243e-10-1.96671e-09
-4.62305e-09-7.38447e-09-1.00679e-08-1.24945e-08-1.45059e-08-1.59745e-08
-1.68083e-08-1.69522e-08-1.63891e-08-1.51392e-08-1.32574e-08-1.08281e-08
-7.95780e-09-4.76770e-09-1.38615e-09 2.05913e-09 5.44855e-09 8.67724e-09
 1.16590e-08 1.43267e-08 1.66310e-08 1.85370e-08 2.00235e-08 2.10807e-08
 2.17090e-08 2.19151e-08 2.17093e-08 2.11036e-08 2.01114e-08 1.87485e-08
 1.70340e-08 1.49910e-08 1.26468e-08 1.00321e-08 7.18090e-09 4.12994e-09
 9.19007e-10-2.40758e-09-5.79936e-09-9.19902e-09-1.25432e-08-1.57643e-08
-1.87922e-08-2.15551e-08-2.39810e-08-2.60003e-08-2.75488e-08-2.85713e-08
-2.90240e-08-2.88757e-08-2.81086e-08-2.67181e-08-2.47142e-08-2.21217e-08
-1.89824e-08-1.53572e-08-1.13262e-08-6.98685e-09-2.44980e-09 2.16687e-09
 6.74289e-09 1.11612e-08 1.53139e-08 1.91087e-08 2.24739e-08 2.53603e-08
 2.77391e-08 2.95971e-08 3.09302e-08 3.17375e-08 3.20168e-08 3.17616e-08
 3.09607e-08 2.95993e-08 2.76616e-08 2.51337e-08 2.20086e-08 1.82934e-08
 1.40166e-08 9.23449e-09 4.03284e-09-1.47207e-09-7.13398e-09-1.27774e-08
-1.82005e-08-2.31824e-08-2.74951e-08-3.09182e-08-3.32562e-08-3.43549e-08
-3.41167e-08-3.25111e-08-2.95824e-08-2.54531e-08-2.03245e-08-1.44715e-08
-8.22939e-09-1.97298e-09 3.91047e-09 9.04927e-09 1.31154e-08 1.58528e-08
 1.71061e-08 1.68472e-08 1.51949e-08 1.24243e-08 8.96326e-09 5.37302e-09
 2.31231e-09 5.00689e-10
     0.0000e+00     0.0000e+00      0  0  0.00
     512   1.00000  0.0000e+00
-3.69961e-09-2.97639e-09-1.91889e-09-5.78793e-10 9.57852e-10 2.57286e-09
 4.12119e-09 5.43911e-09 6.35475e-09 6.70068e-09 6.32858e-09 5.12521e-09
 3.02911e-09 4.55070e-11-3.73157e-09-8.06167e-09-1.25053e-08-1.64922e-08
-1.94984e-08-2.11841e-08-2.14014e-08-2.01375e-08-1.75279e-08-1.38986e-08
-9.68248e-09-5.24353e-09-7.33132e-10 3.94622e-09 9.05283e-09 1.48403e-08
 2.13935e-08 2.85441e-08 3.59090e-08 4.30171e-08 4.94114e-08 5.46458e-08
 5.82047e-08 5.94444e-08 5.76390e-08 5.21340e-08 4.25168e-08 2.87139e-08
 1.10114e-08-9.96660e-09-3.33640e-08-5.81872e-08-8.31524e-08-1.06506e-07
-1.26153e-07-1.39849e-07-1.45382e-07-1.40871e-07-1.25039e-07-9.74691e-08
-5.89642e-08-1.17429e-08 4.04545e-08 9.24107e-08 1.37988e-07 1.71059e-07
 1.86605e-07 1.81937e-07 1.57653e-07 1.17883e-07 6.95568e-08 2.07502e-08
-2.14239e-08-5.26670e-08-7.22630e-08-8.23491e-08-8.60378e-08-8.53461e-08
-8.02465e-08-6.95354e-08-5.28679e-08-3.22923e-08-1.17228e-08 5.40022e-09
 1.80926e-08 2.74801e-08 3.45939e-08 3.89556e-08 3.94918e-08 3.62463e-08
 3.05392e-08 2.36574e-08 1.61311e-08 8.27843e-09 7.20662e-10-5.89398e-09
-1.12308e-08-1.51474e-08-1.75527e-08-1.84850e-08-1.81206e-08-1.66741e-08
-1.43874e-08-1.15524e-08-8.45649e-09-5.34289e-09-2.42382e-09 1.28420e-10
 2.20208e-09 3.73714e-09 4.71758e-09 5.17442e-09 5.17398e-09 4.80253e-09
 4.16023e-09 3.35143e-09 2.47380e-09 1.61461e-09 8.46794e-10 2.23504e-10
-2.22223e-10-4.76114e-10-5.41872e-10-4.38088e-10-1.94320e-10 1.52392e-10
 5.61671e-10 9.93254e-10 1.40919e-09 1.77616e-09 2.06723e-09 2.26259e-09
 2.35014e-09 2.32584e-09 2.19334e-09 1.96274e-09 1.64884e-09 1.26919e-09
 8.42906e-10 3.89655e-10-7.14715e-11-5.22752e-10-9.48309e-10-1.33464e-09
-1.67122e-09-1.95076e-09-2.16884e-09-2.32313e-09-2.41298e-09-2.43933e-09
-2.40456e-09-2.31226e-09-2.16718e-09-1.97519e-09-1.74271e-09-1.47612e-09
-1.18151e-09-8.64860e-10-5.32222e-10-1.90030e-10 1.54574e-10 4.93974e-10
 8.20709e-10 1.12778e-09 1.40864e-09 1.65690e-09 1.86623e-09 2.03062e-09
 2.14516e-09 2.20636e-09 2.21195e-09 2.16082e-09 2.05328e-09 1.89144e-09
 1.67893e-09 1.42050e-09 1.12163e-09 7.88770e-10 4.30222e-10 5.63411e-11
-3.21853e-10-6.94258e-10-1.05184e-09-1.38555e-09-1.68547e-09-1.94119e-09
-2.14353e-09-2.28601e-09-2.36504e-09-2.37848e-09-2.32433e-09-2.20132e-09
-2.01097e-09-1.75851e-09-1.45183e-09-1.09935e-09-7.09352e-10-2.91549e-10
 1.41845e-10 5.76901e-10 9.99894e-10 1.39858e-09 1.76189e-09 2.07891e-09
 2.33869e-09 2.53153e-09 2.65057e-09 2.69232e-09 2.65558e-09 2.53998e-09
 2.34637e-09 2.07847e-09 1.74395e-09 1.35350e-09 9.19016e-10 4.52513e-10
-3.32364e-11-5.23913e-10-1.00393e-09-1.45764e-09-1.87070e-09-2.23078e-09
-2.52734e-09-2.75108e-09-2.89410e-09-2.95074e-09-2.91857e-09-2.79872e-09
-2.59514e-09-2.31395e-09-1.96332e-09-1.55377e-09-1.09797e-09-6.10372e-10
-1.06497e-10 3.97613e-10 8.86132e-10 1.34404e-09 1.75748e-09 2.11391e-09
 2.40252e-09 2.61502e-09 2.74607e-09 2.79332e-09 2.75724e-09 2.64076e-09
 2.44908e-09 2.18979e-09 1.87281e-09 1.50990e-09 1.11408e-09 6.98755e-10
 2.77101e-10-1.37943e-10-5.33698e-10-8.98535e-10-1.22282e-09-1.49926e-09
-1.72270e-09-1.89014e-09-2.00079e-09-2.05629e-09-2.06071e-09-2.01994e-09
-1.94057e-09-1.82911e-09-1.69162e-09-1.53364e-09-1.35965e-09-1.17237e-09
-9.72542e-10-7.59676e-10-5.33377e-10-2.94218e-10-4.36345e-11 2.16382e-10
 4.82955e-10 7.51590e-10 1.01622e-09 1.27061e-09 1.51046e-09 1.73475e-09
 1.94539e-09 2.14543e-09 2.33755e-09 2.52309e-09 2.70054e-09 2.86267e-09
 2.99343e-09 3.06639e-09 3.04661e-09 2.89577e-09 2.57820e-09 2.06677e-09
 1.34835e-09 4.29389e-10-6.59187e-10-1.86026e-09-3.09420e-09-4.26765e-09
-5.28515e-09-6.06087e-09-6.52871e-09-6.65024e-09-6.42007e-09-5.86687e-09
-5.04863e-09-4.04281e-09-2.93377e-09-1.80115e-09-7.11452e-10 2.87040e-10
 1.16602e-09 1.91578e-09 2.54092e-09 3.05399e-09 3.46929e-09 3.79888e-09
 4.05165e-09 4.23460e-09 4.35491e-09 4.42146e-09 4.44504e-09 4.43713e-09
 4.40741e-09 4.36035e-09 4.29207e-09 4.18889e-09 4.02858e-09 3.78422e-09
 3.42987e-09 2.94658e-09 2.32696e-09 1.57739e-09 7.16975e-10-2.26197e-10
-1.22015e-09-2.23376e-09-3.23987e-09-4.21591e-09-5.14240e-09-6.00018e-09
-6.76740e-09-7.41817e-09-7.92358e-09-8.25489e-09-8.38805e-09-8.30807e-09
-8.01163e-09-7.50736e-09-6.81367e-09-5.95506e-09-4.95841e-09-3.85070e-09
-2.65884e-09-1.41137e-09-1.41047e-10 1.11315e-09 2.30617e-09 3.39000e-09
 4.31925e-09 5.05806e-09 5.58642e-09 5.90417e-09 6.03189e-09 6.00885e-09
 5.88901e-09 5.73679e-09 5.62327e-09 5.62325e-09 5.81232e-09 6.26260e-09
 7.03615e-09 8.17556e-09 9.69267e-09 1.15572e-08 1.36882e-08 1.59504e-08
 1.81569e-08 2.00784e-08 2.14568e-08 2.20238e-08 2.15202e-08 1.97176e-08
 1.64406e-08 1.15900e-08 5.16549e-09-2.71311e-09-1.17897e-08-2.16647e-08
-3.18020e-08-4.15525e-08-5.01986e-08-5.70194e-08-6.13675e-08-6.27461e-08
-6.08688e-08-5.56982e-08-4.74581e-08-3.66208e-08-2.38709e-08-1.00497e-08
 3.91733e-09 1.71038e-08 2.86706e-08 3.79481e-08 4.45019e-08 4.81650e-08
 4.90261e-08 4.73770e-08 4.36423e-08 3.83167e-08 3.19219e-08 2.49746e-08
 1.79580e-08 1.12922e-08 5.31080e-09 2.50846e-10-3.74728e-09-6.63248e-09
-8.43315e-09-9.24426e-09-9.20991e-09-8.50244e-09-7.30221e-09-5.78273e-09
-4.10259e-09-2.40210e-09-8.00593e-10 6.07307e-10 1.75556e-09 2.60803e-09
 3.15575e-09 3.41086e-09 3.39919e-09 3.15317e-09 2.70663e-09 2.09192e-09
 1.33939e-09 4.78189e-10-4.63125e-10-1.45730e-09-2.48037e-09-3.51375e-09
-4.54485e-09-5.56532e-09-6.56743e-09-7.54049e-09-8.46908e-09-9.33369e-09
-1.01128e-08-1.07847e-08-1.13283e-08-1.17215e-08-1.19390e-08-1.19519e-08
-1.17292e-08-1.12442e-08-1.04805e-08-9.43709e-09-8.13098e-09-6.59618e-09
-4.88059e-09-3.04153e-09-1.14098e-09 7.59225e-10 2.60242e-09 4.34310e-09
 5.95312e-09 7.42637e-09 8.77925e-09 1.00453e-08 1.12644e-08 1.24695e-08
 1.36748e-08 1.48694e-08 1.60159e-08 1.70534e-08 1.79029e-08 1.84741e-08
 1.86746e-08 1.84190e-08 1.76396e-08 1.62953e-08 1.43788e-08 1.19178e-08
 8.97165e-09 5.62502e-09 1.98205e-09-1.83812e-09-5.70477e-09-9.47865e-09
-1.30161e-08-1.61746e-08-1.88196e-08-2.08313e-08-2.21095e-08-2.25793e-08
-2.21961e-08-2.09530e-08-1.88883e-08-1.60899e-08-1.26959e-08-8.88669e-09
-4.87190e-09-8.75407e-10 2.87640e-09 6.16398e-09 8.78558e-09 1.05731e-08
 1.14130e-08 1.12692e-08 1.02028e-08 8.38275e-09 6.08547e-09 3.67986e-09
 1.60118e-09 3.50568e-10
     0.0000e+00     0.0000e+00      0  0  0.00
     512   1.00000  0.0000e+00
-3.80662e-08-3.68415e-08-3.35825e-08-2.80031e-08-1.99218e-08-9.29766e-09
 3.73662e-09 1.88498e-08 3.54994e-08 5.29342e-08 7.02147e-08 8.62514e-08
 9.98617e-08 1.09844e-07 1.15075e-07 1.14641e-07 1.07988e-07 9.50260e-08
 7.62339e-08 5.28417e-08 2.67937e-08 3.84657e-10-2.41129e-08-4.47533e-08
-6.02722e-08-7.03276e-08-7.54923e-08-7.70097e-08-7.63605e-08-7.48198e-08
-7.31904e-08-7.17895e-08-7.06541e-08-6.97900e-08-6.92718e-08-6.91461e-08
-6.92657e-08-6.92722e-08-6.88036e-08-6.77487e-08-6.62777e-08-6.44042e-08
-6.12270e-08-5.45855e-08-4.17308e-08-2.07889e-08 7.89126e-09 4.16495e-08
 7.69800e-08 1.11045e-07 1.41791e-07 1.67306e-07 1.85621e-07 1.95081e-07
 1.94792e-07 1.84689e-07 1.65425e-07 1.38509e-07 1.06240e-07 7.11040e-08
 3.49832e-08-1.27771e-09-3.76812e-08-7.43096e-08-1.10409e-07-1.43757e-07
-1.70706e-07-1.87084e-07-1.89750e-07-1.78171e-07-1.55051e-07-1.25372e-07
-9.41517e-08-6.42271e-08-3.56625e-08-7.41381e-09 2.01410e-08 4.42742e-08
 6.17043e-08 7.13488e-08 7.49422e-08 7.48438e-08 7.18304e-08 6.54837e-08
 5.61098e-08 4.52593e-08 3.44467e-08 2.42928e-08 1.50518e-08 7.17068e-09
 1.03659e-09-3.30275e-09-5.96247e-09-7.09167e-09-6.95867e-09-5.91932e-09
-4.29870e-09-2.39931e-09-5.22796e-10 1.09040e-09 2.28188e-09 2.94683e-09
 3.03944e-09 2.57950e-09 1.62886e-09 2.81572e-10-1.33746e-09-3.09233e-09
-4.85287e-09-6.49919e-09-7.92995e-09-9.06744e-09-9.85589e-09-1.02639e-08
-1.02870e-08-9.94399e-09-9.27274e-09-8.32698e-09-7.17074e-09-5.87312e-09
-4.50307e-09-3.12351e-09-1.78739e-09-5.35950e-10 6.01643e-10 1.60653e-09
 2.46713e-09 3.17699e-09 3.73412e-09 4.14203e-09 4.41115e-09 4.55864e-09
 4.60551e-09 4.57234e-09 4.47552e-09 4.32622e-09 4.13229e-09 3.90081e-09
 3.63894e-09 3.35284e-09 3.04604e-09 2.71871e-09 2.36908e-09 1.99581e-09
 1.59978e-09 1.18456e-09 7.55804e-10 3.19572e-10-1.18839e-10-5.54509e-10
-9.81924e-10-1.39479e-09-1.78555e-09-2.14453e-09-2.46096e-09-2.72565e-09
-2.93219e-09-3.07637e-09-3.15549e-09-3.16792e-09-3.11307e-09-2.99200e-09
-2.80709e-09-2.56097e-09-2.25763e-09-1.90464e-09-1.51253e-09-1.09230e-09
-6.54668e-10-2.10626e-10 2.28603e-10 6.51817e-10 1.04838e-09 1.40952e-09
 1.72860e-09 1.99954e-09 2.21565e-09 2.37053e-09 2.45927e-09 2.47957e-09
 2.43287e-09 2.32387e-09 2.15883e-09 1.94480e-09 1.68988e-09 1.40297e-09
 1.09335e-09 7.70272e-10 4.42700e-10 1.19512e-10-1.90126e-10-4.76575e-10
-7.30284e-10-9.43281e-10-1.11020e-09-1.22827e-09-1.29729e-09-1.31942e-09
-1.29848e-09-1.23934e-09-1.14734e-09-1.02798e-09-8.87210e-10-7.31719e-10
-5.69394e-10-4.09393e-10-2.60912e-10-1.31677e-10-2.73663e-11 4.85450e-11
 9.46375e-11 1.11217e-10 1.00335e-10 6.55014e-11 1.09302e-11-5.86542e-11
-1.37677e-10-2.19568e-10-2.96884e-10-3.61612e-10-4.05623e-10-4.21422e-10
-4.03261e-10-3.48163e-10-2.56192e-10-1.29692e-10 2.80037e-11 2.13101e-10
 4.20629e-10 6.43474e-10 8.72123e-10 1.09529e-09 1.30092e-09 1.47687e-09
 1.61119e-09 1.69248e-09 1.71114e-09 1.66121e-09 1.54067e-09 1.35046e-09
 1.09356e-09 7.74530e-10 3.99916e-10-2.00872e-11-4.70565e-10-9.33098e-10
-1.38757e-09-1.81320e-09-2.18955e-09-2.49763e-09-2.72040e-09-2.84394e-09
-2.85911e-09-2.76171e-09-2.55115e-09-2.23022e-09-1.80625e-09-1.29204e-09
-7.06533e-10-7.42684e-11 5.77527e-10 1.22213e-09 1.83413e-09 2.38898e-09
 2.86307e-09 3.23465e-09 3.48519e-09 3.60105e-09 3.57404e-09 3.40086e-09
 3.08355e-09 2.63162e-09 2.06343e-09 1.40552e-09 6.90144e-10-4.79043e-11
-7.73740e-10-1.45308e-09-2.05288e-09-2.54349e-09-2.90206e-09-3.11581e-09
-3.18370e-09-3.11617e-09-2.93346e-09-2.66249e-09-2.33293e-09-1.97311e-09
-1.60653e-09-1.25040e-09-9.16569e-10-6.12723e-10-3.42920e-10-1.07389e-10
 9.74773e-11 2.77659e-10 4.39330e-10 5.87747e-10 7.27456e-10 8.63654e-10
 1.00392e-09 1.15854e-09 1.33918e-09 1.55634e-09 1.81587e-09 2.11546e-09
 2.44256e-09 2.77446e-09 3.08083e-09 3.32816e-09 3.48431e-09 3.52265e-09
 3.42558e-09 3.18738e-09 2.81518e-09 2.32701e-09 1.74751e-09 1.10351e-09
 4.20675e-10-2.79183e-10-9.79856e-10-1.67098e-09-2.34583e-09-2.99768e-09
-3.61704e-09-4.19119e-09-4.70588e-09-5.14771e-09-5.50593e-09-5.77330e-09
-5.94609e-09-6.02267e-09-6.00120e-09-5.87743e-09-5.64389e-09-5.29110e-09
-4.81025e-09-4.19635e-09-3.45079e-09-2.58289e-09-1.60983e-09-5.55126e-10
 5.54224e-10 1.69094e-09 2.83035e-09 3.95226e-09 5.04103e-09 6.08388e-09
 7.06805e-09 7.97839e-09 8.79661e-09 9.50281e-09 1.00789e-08 1.05130e-08
 1.08042e-08 1.09639e-08 1.10158e-08 1.09901e-08 1.09183e-08 1.08268e-08
 1.07327e-08 1.06414e-08 1.05435e-08 1.04116e-08 1.01965e-08 9.82355e-09
 9.19009e-09 8.16741e-09 6.60775e-09 4.35786e-09 1.27799e-09-2.73643e-09
-7.73382e-09-1.36888e-08-2.04892e-08-2.79283e-08-3.57036e-08-4.34221e-08
-5.06149e-08-5.67584e-08-6.13036e-08-6.37125e-08-6.35005e-08-6.02841e-08
-5.38318e-08-4.41129e-08-3.13398e-08-1.59910e-08 1.19631e-09 1.92726e-08
 3.71535e-08 5.37163e-08 6.79014e-08 7.88063e-08 8.57639e-08 8.83998e-08
 8.66644e-08 8.08375e-08 7.15012e-08 5.94809e-08 4.57552e-08 3.13424e-08
 1.71864e-08 4.06920e-09-7.42779e-09-1.69232e-08-2.42172e-08-2.92732e-08
-3.22011e-08-3.32331e-08-3.26896e-08-3.09379e-08-2.83540e-08-2.52926e-08
-2.20641e-08-1.89188e-08-1.60374e-08-1.35311e-08-1.14520e-08-9.80901e-09
-8.58232e-09-7.73106e-09-7.19601e-09-6.90233e-09-6.76633e-09-6.70499e-09
-6.64407e-09-6.52190e-09-6.28948e-09-5.91025e-09-5.36119e-09-4.63466e-09
-3.73920e-09-2.69832e-09-1.54749e-09-3.29249e-10 9.12969e-10 2.14121e-09
 3.32693e-09 4.45074e-09 5.49853e-09 6.45708e-09 7.31122e-09 8.04291e-09
 8.63068e-09 9.04935e-09 9.27171e-09 9.27336e-09 9.03957e-09 8.57113e-09
 7.88656e-09 7.02089e-09 6.02211e-09 4.94679e-09 3.85566e-09 2.80997e-09
 1.86933e-09 1.09060e-09 5.25661e-10 2.16884e-10 1.91128e-10 4.55456e-10
 9.95966e-10 1.77773e-09 2.74241e-09 3.80325e-09 4.84166e-09 5.71072e-09
 6.24719e-09 6.28923e-09 5.69495e-09 4.35884e-09 2.22490e-09-7.03389e-10
-4.35540e-09-8.58687e-09-1.31750e-08-1.78182e-08-2.21464e-08-2.57442e-08
-2.81857e-08-2.90806e-08-2.81267e-08-2.51660e-08-2.02331e-08-1.35825e-08
-5.68511e-09 2.81421e-09 1.11730e-08 1.86496e-08 2.46029e-08 2.85752e-08
 3.03412e-08 2.99159e-08 2.75254e-08 2.35527e-08 1.84747e-08 1.28033e-08
 7.03527e-09 1.61265e-09-3.10633e-09-6.86314e-09-9.50131e-09-1.09618e-08
-1.12790e-08-1.05774e-08-9.06714e-09-7.03010e-09-4.79677e-09-2.71353e-09
-1.10481e-09-2.28517e-10
     0.0000e+00     0.0000e+00      0  0  0.00
     512   1.00000  0.0000e+00
-2.29380e-08-2.46445e-08-2.51672e-08-2.41680e-08-2.13569e-08-1.65272e-08
-9.58902e-09-6.01258e-10 1.02040e-08 2.24066e-08 3.53966e-08 4.83878e-08
 6.04483e-08 7.05486e-08 7.76348e-08 8.07711e-08 7.93409e-08 7.31327e-08
 6.22773e-08 4.72779e-08 2.91008e-08 9.06910e-09-1.13519e-08-3.07398e-08
-4.79320e-08-6.22221e-08-7.34178e-08-8.17526e-08-8.76964e-08-9.17112e-08
-9.40653e-08-9.48091e-08-9.38934e-08-9.13065e-08-8.70769e-08-8.11056e-08
-7.29850e-08-6.19971e-08-4.73207e-08-2.83506e-08-4.95937e-09 2.24112e-08
 5.27738e-08 8.46761e-08 1.16387e-07 1.46127e-07 1.72132e-07 1.92498e-07
 2.05125e-07 2.07949e-07 1.99321e-07 1.78265e-07 1.44667e-07 9.94850e-08
 4.48947e-08-1.57149e-08-7.78897e-08-1.36456e-07-1.86085e-07-2.21996e-07
-2.40673e-07-2.40489e-07-2.22086e-07-1.88365e-07-1.43979e-07-9.44398e-08
-4.50563e-08-2.27054e-11 3.80439e-08 6.79969e-08 8.96263e-08 1.03050e-07
 1.08396e-07 1.05955e-07 9.65923e-08 8.19970e-08 6.44268e-08 4.60681e-08
 2.84909e-08 1.26098e-08-9.54309e-10-1.16011e-08-1.88617e-08-2.26689e-08
-2.33956e-08-2.16311e-08-1.79857e-08-1.30749e-08-7.54671e-09-2.02616e-09
 2.96453e-09 7.03298e-09 9.91541e-09 1.14814e-08 1.17282e-08 1.07573e-08
 8.75215e-09 5.95752e-09 2.65148e-09-8.81524e-10-4.37075e-09-7.57607e-09
-1.03017e-08-1.24037e-08-1.37939e-08-1.44390e-08-1.43563e-08-1.36054e-08
-1.22796e-08-1.04953e-08-8.38246e-09-6.07412e-09-3.69870e-09-1.37295e-09
 8.03210e-10 2.75005e-09 4.40972e-09 5.74596e-09 6.74259e-09 7.40134e-09
 7.73879e-09 7.78289e-09 7.56944e-09 7.13899e-09 6.53417e-09 5.79719e-09
 4.96779e-09 4.08188e-09 3.17089e-09 2.26147e-09 1.37554e-09 5.30681e-10
-2.59178e-10-9.83175e-10-1.63304e-09-2.20257e-09-2.68712e-09-3.08316e-09
-3.38793e-09-3.59944e-09-3.71673e-09-3.73993e-09-3.67041e-09-3.51121e-09
-3.26738e-09-2.94573e-09-2.55471e-09-2.10467e-09-1.60773e-09-1.07746e-09
-5.28700e-10 2.30120e-11 5.62264e-10 1.07397e-09 1.54368e-09 1.95855e-09
 2.30772e-09 2.58213e-09 2.77481e-09 2.88171e-09 2.90146e-09 2.83522e-09
 2.68719e-09 2.46434e-09 2.17530e-09 1.83001e-09 1.44007e-09 1.01836e-09
 5.78526e-10 1.34416e-10-3.00840e-10-7.15446e-10-1.09842e-09-1.43924e-09
-1.72897e-09-1.96115e-09-2.13153e-09-2.23772e-09-2.27923e-09-2.25718e-09
-2.17442e-09-2.03618e-09-1.84960e-09-1.62240e-09-1.36215e-09-1.07665e-09
-7.74609e-10-4.65417e-10-1.58008e-10 1.40050e-10 4.22714e-10 6.84844e-10
 9.21377e-10 1.12770e-09 1.30085e-09 1.43981e-09 1.54483e-09 1.61674e-09
 1.65630e-09 1.66447e-09 1.64309e-09 1.59502e-09 1.52332e-09 1.43057e-09
 1.31852e-09 1.18866e-09 1.04285e-09 8.82938e-10 7.10189e-10 5.25370e-10
 3.29019e-10 1.21794e-10-9.50853e-11-3.19995e-10-5.51164e-10-7.86337e-10
-1.02253e-09-1.25594e-09-1.48182e-09-1.69465e-09-1.88853e-09-2.05701e-09
-2.19314e-09-2.28983e-09-2.34012e-09-2.33776e-09-2.27759e-09-2.15552e-09
-1.96881e-09-1.71677e-09-1.40089e-09-1.02486e-09-5.95084e-10-1.20580e-10
 3.87402e-10 9.15388e-10 1.44778e-09 1.96757e-09 2.45697e-09 2.89776e-09
 3.27217e-09 3.56376e-09 3.75793e-09 3.84255e-09 3.80870e-09 3.65132e-09
 3.36944e-09 2.96672e-09 2.45177e-09 1.83771e-09 1.14174e-09 3.85073e-10
-4.07345e-10-1.20807e-09-1.98813e-09-2.71797e-09-3.36904e-09-3.91499e-09
-4.33232e-09-4.60178e-09-4.71025e-09-4.65143e-09-4.42566e-09-4.04001e-09
-3.50802e-09-2.84899e-09-2.08755e-09-1.25274e-09-3.75934e-10 5.11030e-10
 1.37646e-09 2.18917e-09 2.91931e-09 3.53935e-09 4.02528e-09 4.35754e-09
 4.52136e-09 4.50718e-09 4.31187e-09 3.94100e-09 3.41075e-09 2.74815e-09
 1.98997e-09 1.18106e-09 3.71853e-10-3.85222e-10-1.04048e-09-1.55307e-09
-1.89699e-09-2.06500e-09-2.06989e-09-1.94327e-09-1.73219e-09-1.49369e-09
-1.28745e-09-1.16674e-09-1.17003e-09-1.31478e-09-1.59458e-09-1.98026e-09
-2.42387e-09-2.86475e-09-3.23737e-09-3.48001e-09-3.54233e-09-3.39109e-09
-3.01281e-09-2.41339e-09-1.61573e-09-6.56325e-10 4.18642e-10 1.55703e-09
 2.70397e-09 3.80463e-09 4.80605e-09 5.65865e-09 6.31826e-09 6.74846e-09
 6.92318e-09 6.82921e-09 6.46781e-09 5.85469e-09 5.01856e-09 3.99837e-09
 2.83922e-09 1.58823e-09 2.90937e-10-1.01141e-09-2.28279e-09-3.49201e-09
-4.61161e-09-5.61660e-09-6.48359e-09-7.19110e-09-7.72059e-09-8.05785e-09
-8.19451e-09-8.12879e-09-7.86495e-09-7.41204e-09-6.78201e-09-5.98774e-09
-5.04174e-09-3.95586e-09-2.74187e-09-1.41280e-09 1.57513e-11 1.52489e-09
 3.09259e-09 4.69449e-09 6.30508e-09 7.89846e-09 9.44813e-09 1.09258e-08
 1.22990e-08 1.35291e-08 1.45686e-08 1.53609e-08 1.58409e-08 1.59376e-08
 1.55783e-08 1.46930e-08 1.32199e-08 1.11101e-08 8.33343e-09 4.88418e-09
 7.87677e-10-3.89320e-09-9.05186e-09-1.45335e-08-2.01337e-08-2.56015e-08
-3.06470e-08-3.49543e-08-3.81991e-08-4.00692e-08-4.02874e-08-3.86350e-08
-3.49759e-08-2.92774e-08-2.16288e-08-1.22539e-08-1.51531e-09 1.00909e-08
 2.19542e-08 3.33822e-08 4.36458e-08 5.20364e-08 5.79276e-08 6.08346e-08
 6.04640e-08 5.67472e-08 4.98548e-08 4.01884e-08 2.83527e-08 1.51081e-08
 1.30895e-09-1.21682e-08-2.44982e-08-3.49760e-08-4.30704e-08-4.84572e-08
-5.10253e-08-5.08605e-08-4.82115e-08-4.34506e-08-3.70326e-08-2.94566e-08
-2.12301e-08-1.28356e-08-4.70397e-09 2.80539e-09 9.41574e-09 1.49372e-08
 1.92651e-08 2.23725e-08 2.42993e-08 2.51373e-08 2.50153e-08 2.40844e-08
 2.25058e-08 2.04411e-08 1.80443e-08 1.54545e-08 1.27908e-08 1.01494e-08
 7.60319e-09 5.20312e-09 2.98182e-09 9.57249e-10-8.63444e-10-2.48079e-09
-3.90072e-09-5.13306e-09-6.19003e-09-7.08470e-09-7.82922e-09-8.43350e-09
-8.90454e-09-9.24693e-09-9.46413e-09-9.55989e-09-9.53917e-09-9.40833e-09
-9.17497e-09-8.84773e-09-8.43636e-09-7.95195e-09-7.40726e-09-6.81644e-09
-6.19355e-09-5.55003e-09-4.89179e-09-4.21724e-09-3.51677e-09-2.77374e-09
-1.96696e-09-1.07417e-09-7.60677e-11 1.03960e-09 2.27404e-09 3.61379e-09
 5.02823e-09 6.46913e-09 7.87314e-09 9.16716e-09 1.02762e-08 1.11325e-08
 1.16830e-08 1.18960e-08 1.17627e-08 1.12980e-08 1.05372e-08 9.53175e-09
 8.34264e-09 7.03362e-09 5.66471e-09 4.28672e-09 2.93768e-09 1.64192e-09
 4.11666e-10-7.50256e-10-1.84808e-09-2.89141e-09-3.89283e-09-4.86384e-09
-5.80939e-09-6.72229e-09-7.57879e-09-8.33716e-09-8.94067e-09-9.32452e-09
-9.42559e-09-9.19284e-09-8.59657e-09-7.63457e-09-6.33444e-09-4.75277e-09
-2.97278e-09-1.10077e-09 7.40208e-10 2.41995e-09 3.81341e-09 4.81394e-09
 5.34671e-09 5.38085e-09 4.93862e-09 4.09973e-09 3.00013e-09 1.82521e-09
 7.97467e-10 1.75020e-10
     0.0000e+00     0.0000e+00      0  0  0.00
     512   1.00000  0.0000e+00
-1.95456e-08-1.74670e-08-1.43358e-08-1.01474e-08-4.96458e-09 1.07490e-09
 7.75531e-09 1.47855e-08 2.18079e-08 2.84149e-08 3.41713e-08 3.86442e-08
 4.14376e-08 4.22293e-08 4.08195e-08 3.72215e-08 3.17394e-08 2.49007e-08
 1.73509e-08 9.87621e-09 3.36224e-09-1.40882e-09-3.90547e-09-3.91445e-09
-1.59060e-09 2.55579e-09 7.72301e-09 1.29320e-08 1.71931e-08 1.96402e-08
 1.95740e-08 1.64459e-08 9.83456e-09-5.31567e-10-1.46705e-08-3.22089e-08
-5.23162e-08-7.37732e-08-9.51210e-08-1.14779e-07-1.31109e-07-1.42481e-07
-1.47358e-07-1.44380e-07-1.32472e-07-1.10998e-07-7.99900e-08-4.02966e-08
 6.47620e-09 5.80748e-08 1.11561e-07 1.63320e-07 2.09313e-07 2.45435e-07
 2.67894e-07 2.73644e-07 2.60844e-07 2.29265e-07 1.80590e-07 1.18486e-07
 4.83550e-08-2.32705e-08-8.96186e-08-1.44707e-07-1.84292e-07-2.06458e-07
-2.11665e-07-2.02245e-07-1.81520e-07-1.52908e-07-1.19352e-07-8.32547e-08
-4.67913e-08-1.22354e-08 1.80686e-08 4.21594e-08 5.90148e-08 6.87324e-08
 7.21638e-08 7.03355e-08 6.41662e-08 5.46167e-08 4.29011e-08 3.03870e-08
 1.82741e-08 7.41425e-09-1.62018e-09-8.43782e-09-1.28458e-08-1.48872e-08
-1.48002e-08-1.29469e-08-9.77057e-09-5.75664e-09-1.38338e-09 2.91459e-09
 6.76719e-09 9.88846e-09 1.20893e-08 1.32760e-08 1.34421e-08 1.26586e-08
 1.10579e-08 8.81525e-09 6.13154e-09 3.21579e-09 2.68573e-10-2.53027e-09
-5.03064e-09-7.11867e-09-8.71936e-09-9.79605e-09-1.03476e-08-1.04038e-08
-1.00194e-08-9.26651e-09-8.22779e-09-6.98930e-09-5.63513e-09-4.24258e-09
-2.87837e-09-1.59673e-09-4.38699e-10 5.67832e-10 1.40773e-09 2.07739e-09
 2.58260e-09 2.93623e-09 3.15618e-09 3.26314e-09 3.27824e-09 3.22133e-09
 3.11015e-09 2.96003e-09 2.78316e-09 2.58820e-09 2.38074e-09 2.16401e-09
 1.93925e-09 1.70621e-09 1.46403e-09 1.21222e-09 9.51108e-10 6.81743e-10
 4.05847e-10 1.26081e-10-1.53673e-10-4.28690e-10-6.93872e-10-9.43450e-10
-1.17094e-09-1.37027e-09-1.53651e-09-1.66534e-09-1.75295e-09-1.79683e-09
-1.79597e-09-1.75062e-09-1.66218e-09-1.53330e-09-1.36788e-09-1.17121e-09
-9.49535e-10-7.09017e-10-4.55838e-10-1.96889e-10 6.06546e-11 3.10069e-10
 5.44848e-10 7.58711e-10 9.46404e-10 1.10366e-09 1.22637e-09 1.31087e-09
 1.35495e-09 1.35806e-09 1.32092e-09 1.24510e-09 1.13284e-09 9.87360e-10
 8.13480e-10 6.17189e-10 4.04663e-10 1.82260e-10-4.29954e-11-2.63446e-10
-4.71082e-10-6.58093e-10-8.17582e-10-9.43875e-10-1.03243e-09-1.07949e-09
-1.08217e-09-1.03956e-09-9.53263e-10-8.26627e-10-6.64045e-10-4.70786e-10
-2.53405e-10-2.03421e-11 2.18582e-10 4.53304e-10 6.73884e-10 8.70706e-10
 1.03470e-09 1.15737e-09 1.23148e-09 1.25176e-09 1.21508e-09 1.12056e-09
 9.69595e-10 7.65601e-10 5.14429e-10 2.24691e-10-9.28456e-11-4.25976e-10
-7.61347e-10-1.08468e-09-1.38120e-09-1.63649e-09-1.83736e-09-1.97239e-09
-2.03219e-09-2.00991e-09-1.90190e-09-1.70806e-09-1.43201e-09-1.08114e-09
-6.66493e-10-2.02218e-10 2.94890e-10 8.05904e-10 1.31028e-09 1.78681e-09
 2.21478e-09 2.57469e-09 2.84880e-09 3.02227e-09 3.08392e-09 3.02668e-09
 2.84829e-09 2.55163e-09 2.14454e-09 1.63968e-09 1.05437e-09 4.09576e-10
-2.70760e-10-9.60079e-10-1.63051e-09-2.25447e-09-2.80540e-09-3.25874e-09
-3.59342e-09-3.79302e-09-3.84642e-09-3.74872e-09-3.50187e-09-3.11430e-09
-2.60053e-09-1.98114e-09-1.28196e-09-5.32552e-10 2.35255e-10 9.89018e-10
 1.69741e-09 2.33147e-09 2.86554e-09 3.27882e-09 3.55654e-09 3.68992e-09
 3.67565e-09 3.51588e-09 3.21810e-09 2.79519e-09 2.26552e-09 1.65258e-09
 9.84233e-10 2.92248e-10-3.88146e-10-1.01929e-09-1.56341e-09-1.98615e-09
-2.26008e-09-2.36792e-09-2.30543e-09-2.08353e-09-1.72953e-09-1.28640e-09
-8.09023e-10-3.58015e-10 7.59261e-12 2.38091e-10 2.99868e-10 1.80583e-10
-1.07585e-10-5.28108e-10-1.02418e-09-1.52584e-09-1.95947e-09-2.25755e-09
-2.36693e-09-2.25527e-09-1.91498e-09-1.36341e-09-6.39666e-10 2.01160e-10
 1.09532e-09 1.97737e-09 2.78583e-09 3.46767e-09 3.98091e-09 4.29592e-09
 4.39552e-09 4.27454e-09 3.93902e-09 3.40591e-09 2.70269e-09 1.86658e-09
 9.42907e-10-1.76860e-11-9.63056e-10-1.84384e-09-2.61755e-09-3.25201e-09
-3.72741e-09-4.03628e-09-4.18195e-09-4.17568e-09-4.03337e-09-3.77269e-09
-3.41126e-09-2.96578e-09-2.45237e-09-1.88726e-09-1.28726e-09-6.69646e-10
-5.13273e-11 5.52743e-10 1.13114e-09 1.67703e-09 2.18825e-09 2.66628e-09
 3.11425e-09 3.53468e-09 3.92763e-09 4.28949e-09 4.61310e-09 4.88849e-09
 5.10397e-09 5.24686e-09 5.30363e-09 5.25906e-09 5.09505e-09 4.78965e-09
 4.31689e-09 3.64823e-09 2.75542e-09 1.61457e-09 2.10593e-10-1.45835e-09
-3.37735e-09-5.51222e-09-7.80812e-09-1.01889e-08-1.25572e-08-1.47953e-08
-1.67671e-08-1.83226e-08-1.93044e-08-1.95571e-08-1.89401e-08-1.73414e-08
-1.46915e-08-1.09769e-08-6.25048e-09-6.37865e-10 5.66056e-09 1.23726e-08
 1.91624e-08 2.56439e-08 3.14007e-08 3.60108e-08 3.90774e-08 4.02628e-08
 3.93236e-08 3.61432e-08 3.07578e-08 2.33701e-08 1.43475e-08 4.20296e-09
-6.44053e-09-1.68978e-08-2.64767e-08-3.45359e-08-4.05391e-08-4.41020e-08
-4.50249e-08-4.33103e-08-3.91592e-08-3.29492e-08-2.51924e-08-1.64812e-08
-7.42833e-09 1.38635e-09 9.45683e-09 1.63767e-08 2.18533e-08 2.57130e-08
 2.78995e-08 2.84639e-08 2.75489e-08 2.53675e-08 2.21807e-08 1.82743e-08
 1.39384e-08 9.44826e-09 5.04910e-09 9.45363e-10-2.70479e-09-5.79067e-09
-8.24726e-09-1.00515e-08-1.12175e-08-1.17903e-08-1.18388e-08-1.14477e-08
-1.07093e-08-9.71520e-09-8.55061e-09-7.29018e-09-5.99601e-09-4.71708e-09
-3.48958e-09-2.33768e-09-1.27473e-09-3.04971e-10 5.74389e-10 1.37045e-09
 2.09175e-09 2.74571e-09 3.33703e-09 3.86748e-09 4.33672e-09 4.74359e-09
 5.08664e-09 5.36358e-09 5.56998e-09 5.69807e-09 5.73630e-09 5.66961e-09
 5.48020e-09 5.14870e-09 4.65578e-09 3.98410e-09 3.12067e-09 2.05995e-09
 8.07626e-10-6.15626e-10-2.17161e-09-3.80435e-09-5.44248e-09-7.00401e-09
-8.40236e-09-9.55272e-09-1.03780e-08-1.08142e-08-1.08142e-08-1.03517e-08
-9.42155e-09-8.03996e-09-6.24261e-09-4.08181e-09-1.62365e-09 1.05393e-09
 3.86094e-09 6.69349e-09 9.43161e-09 1.19386e-08 1.40631e-08 1.56444e-08
 1.65221e-08 1.65533e-08 1.56369e-08 1.37398e-08 1.09188e-08 7.32990e-09
 3.22113e-09-1.08959e-09-5.25072e-09-8.92062e-09-1.18110e-08-1.37219e-08
-1.45626e-08-1.43536e-08-1.32138e-08-1.13336e-08-8.94313e-09-6.28210e-09
-3.57740e-09-1.02939e-09 1.19667e-09 2.97693e-09 4.23348e-09 4.93638e-09
 5.10317e-09 4.79607e-09 4.11682e-09 3.19813e-09 2.19108e-09 1.24973e-09
 5.15334e-10 1.08133e-10
