      10
(6e12.5)
     0.0000e+00     0.0000e+00      0  0  0.00
     512   1.00000  0.0000e+00
 1.00331e-08 1.19621e-08 1.37673e-08 1.55580e-08 1.74459e-08 1.95086e-08
 2.17749e-08 2.42364e-08 2.68781e-08 2.97079e-08 3.27694e-08 3.61284e-08
 3.98358e-08 4.38756e-08 4.81033e-08 5.21836e-08 5.55408e-08 5.73428e-08
 5.65396e-08 5.19706e-08 4.25482e-08 2.75117e-08 6.73238e-09-1.89915e-08
-4.77989e-08-7.69319e-08-1.03151e-07-1.23333e-07-1.35332e-07-1.38988e-07
-1.36814e-07-1.34020e-07-1.37741e-07-1.55471e-07-1.92889e-07-2.51621e-07
-3.27431e-07-4.09209e-07-4.78945e-07-5.12893e-07-4.84137e-07-3.66940e-07
-1.43140e-07 1.89725e-07 6.09869e-07 1.06557e-06 1.47878e-06 1.76285e-06
 1.84545e-06 1.67939e-06 1.24669e-06 5.78280e-07-2.25526e-07-1.01107e-06
-1.61733e-06-1.92042e-06-1.86465e-06-1.48123e-06-8.89916e-07-2.67724e-07
 2.14696e-07 4.56404e-07 4.59351e-07 3.17121e-07 1.59549e-07 8.00337e-08
 9.00264e-08 1.31730e-07 1.38153e-07 9.08621e-08 2.83928e-08 2.72975e-09
 2.77792e-08 6.97612e-08 8.63844e-08 7.02824e-08 4.91874e-08 4.71060e-08
 5.65614e-08 5.44272e-08 3.55009e-08 1.69666e-08 1.14272e-08 1.09004e-08
 3.43089e-09-7.64210e-09-1.19906e-08-1.03741e-08-1.11598e-08-1.48688e-08
-1.55060e-08-1.30221e-08-1.21042e-08-1.24490e-08-1.08184e-08-8.14276e-09
-6.51671e-09-4.87831e-09-2.46642e-09-4.98380e-10 7.78381e-10 1.90593e-09
 2.59844e-09 2.63871e-09 2.28149e-09 1.58982e-09 5.59401e-10-6.91454e-10
-2.09217e-09-3.61363e-09-5.20131e-09-6.78595e-09-8.27571e-09-9.54546e-09
-1.04482e-08-1.08326e-08-1.05663e-08-9.56460e-09-7.82096e-09-5.42672e-09
-2.56647e-09 5.11561e-10 3.53356e-09 6.23583e-09 8.39792e-09 9.86494e-09
 1.05468e-08 1.04051e-08 9.44620e-09 7.72346e-09 5.34189e-09 2.46865e-09
-6.56933e-10-3.72908e-09-6.40238e-09-8.33202e-09-9.22190e-09-8.87787e-09
-7.25313e-09-4.46500e-09-7.76556e-10 3.43771e-09 7.72313e-09 1.15832e-08
 1.45392e-08 1.61967e-08 1.62939e-08 1.47322e-08 1.16011e-08 7.19272e-09
 1.98617e-09-3.40968e-09-8.34073e-09-1.21976e-08-1.45061e-08-1.50153e-08
-1.37567e-08-1.10445e-08-7.41292e-09-3.51471e-09-1.59226e-11 2.50075e-09
 3.63062e-09 3.23229e-09 1.46884e-09-1.22386e-09-4.23525e-09-6.90693e-09
-8.64840e-09-9.02890e-09-7.85324e-09-5.21291e-09-1.48350e-09 2.74726e-09
 6.80046e-09 1.00400e-08 1.19925e-08 1.24325e-08 1.14185e-08 9.27321e-09
 6.51738e-09 3.75790e-09 1.54947e-09 2.69164e-10 3.95984e-11 7.14175e-10
 1.92100e-09 3.15334e-09 3.89077e-09 3.72811e-09 2.47956e-09 2.29785e-10
-2.68135e-09-5.73975e-09-8.38467e-09-1.01462e-08-1.07549e-08-1.01980e-08
-8.71118e-09-6.71256e-09-4.69357e-09-3.08977e-09-2.16319e-09-1.93232e-09
-2.17554e-09-2.50661e-09-2.49601e-09-1.80418e-09-2.91300e-10 1.93207e-09
 4.53268e-09 7.04669e-09 9.00010e-09 1.00291e-08 9.97900e-09 8.94795e-09
 7.24911e-09 5.30486e-09 3.51829e-09 2.16126e-09 1.30451e-09 8.10639e-10
 4.00311e-10-2.30290e-10-1.28800e-09-2.79700e-09-4.57305e-09-6.26916e-09
-7.48143e-09-7.87712e-09-7.30036e-09-5.82217e-09-3.72001e-09-1.39367e-09
 7.54029e-10 2.43099e-09 3.52573e-09 4.10971e-09 4.37359e-09 4.52270e-09
 4.67434e-09 4.80046e-09 4.73735e-09 4.25431e-09 3.15516e-09 1.37664e-09
-9.54535e-10-3.52667e-09-5.90745e-09-7.65129e-09-8.41914e-09-8.06547e-09
-6.66003e-09-4.44706e-09-1.76429e-09 1.05349e-09 3.75317e-09 6.18826e-09
 8.28002e-09 9.94559e-09 1.10411e-08 1.13514e-08 1.06322e-08 8.69593e-09
 5.51692e-09 1.31032e-09-3.46007e-09-8.15557e-09-1.20934e-08-1.46969e-08
-1.56242e-08-1.48348e-08-1.25688e-08-9.25315e-09-5.37783e-09-1.40066e-09
 2.29527e-09 5.39919e-09 7.65163e-09 8.83092e-09 8.76983e-09 7.41136e-09
 4.88612e-09 1.56504e-09-1.96207e-09-4.99603e-09-6.89235e-09-7.22546e-09
-5.90474e-09-3.20869e-09 2.80104e-10 3.82913e-09 6.75220e-09 8.57429e-09
 9.10515e-09 8.41401e-09 6.74834e-09 4.44979e-09 1.89502e-09-5.39964e-10
-2.50475e-09-3.70316e-09-3.93684e-09-3.16397e-09-1.55426e-09 4.94380e-10
 2.41294e-09 3.59957e-09 3.60084e-09 2.26967e-09-1.63739e-10-3.14420e-09
-5.95464e-09-7.93011e-09-8.64481e-09-8.01064e-09-6.26382e-09-3.86047e-09
-1.33000e-09 8.60909e-10 2.39430e-09 3.12684e-09 3.07573e-09 2.39396e-09
 1.34764e-09 2.86287e-10-4.10498e-10-4.16053e-10 4.41410e-10 2.09092e-09
 4.19407e-09 6.21769e-09 7.59385e-09 7.91119e-09 7.06023e-09 5.27076e-09
 3.02697e-09 8.94574e-10-6.73331e-10-1.47652e-09-1.59892e-09-1.32813e-09
-1.01775e-09-9.62935e-10-1.32786e-09-2.12863e-09-3.25893e-09-4.53566e-09
-5.73973e-09-6.64591e-09-7.05876e-09-6.86570e-09-6.08993e-09-4.91005e-09
-3.62233e-09-2.54259e-09-1.87668e-09-1.62063e-09-1.55165e-09-1.32487e-09
-6.32965e-10 6.44847e-10 2.37254e-09 4.20141e-09 5.71035e-09 6.57608e-09
 6.69326e-09 6.19433e-09 5.37252e-09 4.55781e-09 4.00539e-09 3.83266e-09
 4.00801e-09 4.37564e-09 4.69915e-09 4.71542e-09 4.19785e-09 3.02539e-09
 1.24173e-09-9.23923e-10-3.10274e-09-4.90027e-09-6.03967e-09-6.46754e-09
-6.36467e-09-6.04910e-09-5.81875e-09-5.81599e-09-5.98124e-09-6.10991e-09
-5.97408e-09-5.44194e-09-4.53390e-09-3.39260e-09-2.19448e-09-1.05997e-09
-1.00305e-11 1.01904e-09 2.12543e-09 3.39099e-09 4.84861e-09 6.46363e-09
 8.12093e-09 9.62553e-09 1.07352e-08 1.12303e-08 1.10005e-08 1.01079e-08
 8.78777e-09 7.36872e-09 6.13553e-09 5.19928e-09 4.44624e-09 3.60029e-09
 2.36882e-09 5.90673e-10-1.69524e-09-4.28757e-09-6.92620e-09-9.39371e-09
-1.15666e-08-1.34070e-08-1.49176e-08-1.60928e-08-1.68962e-08-1.72686e-08
-1.71511e-08-1.65062e-08-1.53316e-08-1.36714e-08-1.16250e-08-9.34187e-09
-6.97944e-09-4.62942e-09-2.25340e-09 3.15030e-10 3.28229e-09 6.76211e-09
 1.06737e-08 1.47317e-08 1.85366e-08 2.17199e-08 2.40667e-08 2.55548e-08
 2.63031e-08 2.64693e-08 2.61646e-08 2.54277e-08 2.42564e-08 2.26502e-08
 2.06246e-08 1.81964e-08 1.53663e-08 1.21146e-08 8.40489e-09 4.18938e-09
-5.78211e-10-5.90954e-09-1.17279e-08-1.78189e-08-2.38261e-08-2.93140e-08
-3.38842e-08-3.72951e-08-3.95285e-08-4.07639e-08-4.12677e-08-4.12554e-08
-4.08091e-08-3.98847e-08-3.83796e-08-3.61968e-08-3.32641e-08-2.95189e-08
-2.48956e-08-1.93438e-08-1.28698e-08-5.57683e-09 2.31428e-09 1.04671e-08
 1.84590e-08 2.58470e-08 3.22605e-08 3.74884e-08 4.15241e-08 4.45422e-08
 4.68064e-08 4.85394e-08 4.98123e-08 5.05090e-08 5.03794e-08 4.91424e-08
 4.65714e-08 4.25193e-08 3.69026e-08 2.97060e-08 2.10437e-08 1.12426e-08
 8.66206e-10-9.37426e-09-1.87916e-08-2.68646e-08-3.32574e-08-3.77240e-08
-3.99921e-08-3.97243e-08-3.66179e-08-3.06473e-08-2.23771e-08-1.32099e-08
-5.40801e-09-1.09042e-09
     0.0000e+00     0.0000e+00      0  0  0.00
     512   1.00000  0.0000e+00
 4.99132e-10-4.03544e-11-7.77679e-10-1.72002e-09-2.88806e-09-4.29931e-09
-5.92634e-09-7.65087e-09-9.24577e-09-1.04075e-08-1.08342e-08-1.03182e-08
-8.81259e-09-6.43881e-09-3.43392e-09-5.65725e-11 3.50892e-09 7.20691e-09
 1.10907e-08 1.52287e-08 1.95688e-08 2.38110e-08 2.73391e-08 2.92636e-08
 2.86357e-08 2.48456e-08 1.80564e-08 9.43033e-09 1.01183e-09-4.67598e-09
-5.17620e-09 1.30227e-09 1.52628e-08 3.53848e-08 5.82531e-08 7.84718e-08
 8.91770e-08 8.28865e-08 5.26340e-08-6.55010e-09-9.56720e-08-2.09405e-07
-3.33873e-07-4.45540e-07-5.12190e-07-4.97716e-07-3.73891e-07-1.38871e-07
 1.69015e-07 4.78458e-07 7.13018e-07 8.19634e-07 7.80509e-07 6.07395e-07
 3.32047e-07 5.63455e-09-3.01314e-07-5.13302e-07-5.76370e-07-4.82764e-07
-2.79375e-07-5.20525e-08 1.11231e-07 1.61533e-07 1.10453e-07 1.82508e-08
-4.63673e-08-5.03545e-08-1.23908e-08 2.09516e-08 1.80326e-08-1.25686e-08
-3.58645e-08-2.85438e-08-1.56215e-09 1.59654e-08 1.11051e-08-1.22182e-09
-1.09422e-09 1.07187e-08 1.75139e-08 1.20318e-08 4.92800e-09 6.33703e-09
 1.11941e-08 1.00665e-08 4.90052e-09 3.64946e-09 5.96100e-09 5.62700e-09
 2.66989e-09 1.85379e-09 2.92796e-09 2.41215e-09 1.04853e-09 1.17569e-09
 1.65364e-09 1.13531e-09 6.69021e-10 5.66417e-10-1.06226e-12-8.23925e-10
-1.43164e-09-1.99207e-09-2.50844e-09-2.82367e-09-2.99683e-09-3.08069e-09
-3.04982e-09-2.90259e-09-2.64153e-09-2.26801e-09-1.80029e-09-1.25593e-09
-6.35849e-10 6.87953e-11 8.52190e-10 1.66533e-09 2.40713e-09 2.94636e-09
 3.16867e-09 3.02711e-09 2.56570e-09 1.90004e-09 1.16204e-09 4.38218e-10
-2.63599e-10-1.00001e-09-1.83741e-09-2.78791e-09-3.77131e-09-4.62106e-09
-5.12796e-09-5.10292e-09-4.43891e-09-3.15379e-09-1.39905e-09 5.69929e-10
 2.45260e-09 3.97354e-09 4.94475e-09 5.29991e-09 5.08730e-09 4.42599e-09
 3.45159e-09 2.28228e-09 1.01805e-09-2.40885e-10-1.38006e-09-2.27381e-09
-2.80416e-09-2.88867e-09-2.50575e-09-1.70529e-09-6.01846e-10 6.40436e-10
 1.82395e-09 2.73889e-09 3.19864e-09 3.08525e-09 2.38420e-09 1.18864e-09
-3.24829e-10-1.93023e-09-3.38194e-09-4.44291e-09-4.92151e-09-4.71554e-09
-3.84587e-09-2.46146e-09-8.09278e-10 8.20943e-10 2.15510e-09 2.97918e-09
 3.17201e-09 2.73535e-09 1.81223e-09 6.68910e-10-3.70066e-10-1.01360e-09
-1.08422e-09-5.56300e-10 4.51375e-10 1.71098e-09 2.93245e-09 3.81902e-09
 4.13209e-09 3.75536e-09 2.73748e-09 1.29148e-09-2.58809e-10-1.57126e-09
-2.38176e-09-2.56866e-09-2.16987e-09-1.35916e-09-3.98188e-10 4.24019e-10
 8.58750e-10 7.63591e-10 1.46951e-10-8.29296e-10-1.89487e-09-2.75158e-09
-3.16447e-09-3.03320e-09-2.41805e-09-1.51230e-09-5.74826e-10 1.50757e-10
 5.04302e-10 4.47445e-10 6.69362e-11-4.52198e-10-8.76789e-10-9.91826e-10
-6.69676e-10 7.86690e-11 1.09224e-09 2.10158e-09 2.81629e-09 3.02838e-09
 2.68685e-09 1.90947e-09 9.29654e-10 7.12674e-12-6.59123e-10-9.83550e-10
-1.00144e-09-8.41375e-10-6.77855e-10-6.74559e-10-9.30048e-10-1.43869e-09
-2.07863e-09-2.63749e-09-2.87644e-09-2.61495e-09-1.80621e-09-5.71527e-10
 8.28075e-10 2.07743e-09 2.91627e-09 3.22682e-09 3.06422e-09 2.61788e-09
 2.12186e-09 1.75385e-09 1.56292e-09 1.45299e-09 1.22976e-09 6.94667e-10
-2.51762e-10-1.54153e-09-2.93734e-09-4.10326e-09-4.72319e-09-4.61716e-09
-3.80375e-09-2.48378e-09-9.59509e-10 4.69485e-10 1.59173e-09 2.32400e-09
 2.69896e-09 2.81225e-09 2.75641e-09 2.57130e-09 2.23028e-09 1.66530e-09
 8.20165e-10-2.89238e-10-1.53490e-09-2.68325e-09-3.45620e-09-3.62468e-09
-3.09356e-09-1.94220e-09-4.06191e-10 1.19119e-09 2.53221e-09 3.38895e-09
 3.66874e-09 3.40935e-09 2.73748e-09 1.81665e-09 8.05258e-10-1.67038e-10
-1.00364e-09-1.62777e-09-1.96019e-09-1.90941e-09-1.39587e-09-4.08026e-10
 9.43870e-10 2.41806e-09 3.69332e-09 4.46321e-09 4.53086e-09 3.86657e-09
 2.61257e-09 1.03968e-09-5.29902e-10-1.81166e-09-2.63120e-09-2.95471e-09
-2.86875e-09-2.52349e-09-2.07089e-09-1.62840e-09-1.27714e-09-1.07791e-09
-1.07964e-09-1.30588e-09-1.72573e-09-2.23286e-09-2.65426e-09-2.79428e-09
-2.50179e-09-1.73584e-09-6.00834e-10 6.70820e-10 1.79040e-09 2.51304e-09
 2.72346e-09 2.47067e-09 1.93929e-09 1.37275e-09 9.83076e-10 8.83217e-10
 1.06422e-09 1.41864e-09 1.79161e-09 2.03358e-09 2.03565e-09 1.74362e-09
 1.15901e-09 3.37578e-10-6.11784e-10-1.53413e-09-2.25172e-09-2.60727e-09
-2.51776e-09-2.01819e-09-1.27209e-09-5.34192e-10-6.92245e-11-5.42560e-11
-5.06210e-10-1.26900e-09-2.06815e-09-2.61025e-09-2.68609e-09-2.23651e-09
-1.35907e-09-2.60045e-10 8.22630e-10 1.69103e-09 2.22782e-09 2.40063e-09
 2.24536e-09 1.84760e-09 1.32896e-09 8.31805e-10 4.93037e-10 4.06082e-10
 5.84565e-10 9.49030e-10 1.35037e-09 1.62668e-09 1.67140e-09 1.47771e-09
 1.13164e-09 7.55473e-10 4.34451e-10 1.69245e-10-1.16404e-10-5.16123e-10
-1.06654e-09-1.70414e-09-2.27814e-09-2.61260e-09-2.58544e-09-2.18386e-09
-1.51040e-09-7.42349e-10-7.05412e-11 3.52848e-10 4.42832e-10 1.91512e-10
-3.29161e-10-9.68987e-10-1.51609e-09-1.74294e-09-1.48035e-09-6.91914e-10
 4.90865e-10 1.79927e-09 2.91852e-09 3.60186e-09 3.75400e-09 3.44365e-09
 2.84338e-09 2.13649e-09 1.44620e-09 8.21286e-10 2.72315e-10-1.79287e-10
-4.81089e-10-5.73172e-10-4.35278e-10-1.23304e-10 2.28812e-10 4.44738e-10
 3.62167e-10-1.15750e-10-9.92827e-10-2.17797e-09-3.49911e-09-4.72668e-09
-5.61127e-09-5.94055e-09-5.60675e-09-4.65807e-09-3.30156e-09-1.84317e-09
-5.85837e-10 2.68290e-10 6.69470e-10 7.09323e-10 5.60688e-10 4.03292e-10
 3.71976e-10 5.44586e-10 9.58302e-10 1.62770e-09 2.54565e-09 3.66737e-09
 4.89201e-09 6.05986e-09 6.97470e-09 7.44728e-09 7.34845e-09 6.65853e-09
 5.49521e-09 4.09968e-09 2.77362e-09 1.78371e-09 1.27146e-09 1.20789e-09
 1.41282e-09 1.62903e-09 1.61454e-09 1.21076e-09 3.64455e-10-8.88656e-10
-2.45291e-09-4.19063e-09-5.92546e-09-7.45141e-09-8.56862e-09-9.13982e-09
-9.13586e-09-8.64205e-09-7.82552e-09-6.88812e-09-6.02825e-09-5.41718e-09
-5.17771e-09-5.35201e-09-5.86603e-09-6.52054e-09-7.03674e-09-7.15182e-09
-6.72334e-09-5.78344e-09-4.50620e-09-3.10758e-09-1.74635e-09-4.93987e-10
 6.12533e-10 1.48304e-09 1.92002e-09 1.63629e-09 3.32776e-10-2.20686e-09
-6.04170e-09-1.10216e-08-1.67362e-08-2.24509e-08-2.70440e-08-2.89927e-08
-2.64788e-08-1.76830e-08-1.28579e-09 2.28805e-08 5.31588e-08 8.55745e-08
 1.13878e-07 1.30607e-07 1.29296e-07 1.07051e-07 6.62109e-08 1.42944e-08
-3.78134e-08-7.88573e-08-1.00491e-07-9.98049e-08-8.02471e-08-5.05710e-08
-2.20122e-08-4.73021e-09
     0.0000e+00     0.0000e+00      0  0  0.00
     512   1.00000  0.0000e+00
 4.95810e-09 1.44272e-09-2.16547e-09-5.54827e-09-8.44578e-09-1.07428e-08
-1.25423e-08-1.42145e-08-1.64040e-08-1.99753e-08-2.58787e-08-3.49338e-08
-4.75449e-08-6.33846e-08-8.11005e-08-9.81259e-08-1.10688e-07-1.14104e-07
-1.03449e-07-7.46020e-08-2.56209e-08 4.17327e-08 1.20624e-07 1.99004e-07
 2.62064e-07 2.95611e-07 2.87998e-07 2.33378e-07 1.37030e-07 1.65776e-08
-1.02946e-07-1.96310e-07-2.45826e-07-2.47829e-07-2.13361e-07-1.61433e-07
-1.09153e-07-6.45576e-08-2.58947e-08 1.22220e-08 5.05173e-08 8.18559e-08
 9.58391e-08 8.66707e-08 5.74282e-08 1.88804e-08-1.40141e-08-2.70877e-08
-1.37655e-08 2.14462e-08 6.73128e-08 1.13424e-07 1.53567e-07 1.83924e-07
 1.99146e-07 1.90846e-07 1.51939e-07 8.20575e-08-1.14345e-08-1.14835e-07
-2.10630e-07-2.81975e-07-3.17326e-07-3.12790e-07-2.71866e-07-2.03060e-07
-1.16770e-07-2.44014e-08 6.05263e-08 1.23228e-07 1.52608e-07 1.48363e-07
 1.23796e-07 9.81162e-08 8.21233e-08 7.13274e-08 5.52323e-08 3.24340e-08
 1.23182e-08 2.00806e-09-1.71614e-09-5.05622e-09-8.58380e-09-1.01318e-08
-1.02660e-08-1.04050e-08-1.01577e-08-9.38333e-09-8.94183e-09-8.69503e-09
-8.05832e-09-7.41930e-09-6.96920e-09-6.27236e-09-5.42606e-09-4.67175e-09
-3.80359e-09-2.85921e-09-2.01677e-09-1.16935e-09-3.54394e-10 3.19297e-10
 9.38207e-10 1.48199e-09 1.91032e-09 2.28901e-09 2.57502e-09 2.74106e-09
 2.81364e-09 2.74345e-09 2.53645e-09 2.22335e-09 1.79487e-09 1.28601e-09
 7.16462e-10 1.01929e-10-5.10556e-10-1.10289e-09-1.64975e-09-2.11924e-09
-2.49054e-09-2.73142e-09-2.82838e-09-2.78217e-09-2.60389e-09-2.32282e-09
-1.96582e-09-1.55867e-09-1.12322e-09-6.81123e-10-2.64344e-10 8.95708e-11
 3.43372e-10 4.74434e-10 4.83703e-10 3.95213e-10 2.50129e-10 9.53865e-11
-2.50688e-11-7.76195e-11-4.04526e-11 1.00903e-10 3.55838e-10 7.23555e-10
 1.18521e-09 1.70286e-09 2.22345e-09 2.68392e-09 3.02200e-09 3.18879e-09
 3.15398e-09 2.90849e-09 2.46966e-09 1.87817e-09 1.18746e-09 4.59326e-10
-2.40477e-10-8.55468e-10-1.34396e-09-1.67501e-09-1.83738e-09-1.85054e-09
-1.75213e-09-1.58286e-09-1.38952e-09-1.22077e-09-1.10968e-09-1.07004e-09
-1.09933e-09-1.17036e-09-1.23507e-09-1.24696e-09-1.16916e-09-9.71019e-10
-6.40224e-10-1.93679e-10 3.28717e-10 8.66898e-10 1.34422e-09 1.69615e-09
 1.89881e-09 1.95890e-09 1.89036e-09 1.71526e-09 1.47060e-09 1.20028e-09
 9.45439e-10 7.32203e-10 5.53156e-10 3.70617e-10 1.46701e-10-1.36243e-10
-4.78590e-10-8.74082e-10-1.31516e-09-1.78507e-09-2.24420e-09-2.63065e-09
-2.88241e-09-2.96929e-09-2.90529e-09-2.72660e-09-2.46741e-09-2.15812e-09
-1.82910e-09-1.51127e-09-1.23213e-09-9.97261e-10-7.78069e-10-5.29606e-10
-2.21145e-10 1.43756e-10 5.29777e-10 8.94991e-10 1.20954e-09 1.45356e-09
 1.61486e-09 1.69012e-09 1.68594e-09 1.62691e-09 1.55506e-09 1.50730e-09
 1.49577e-09 1.50889e-09 1.52220e-09 1.51262e-09 1.47226e-09 1.40906e-09
 1.33423e-09 1.25511e-09 1.18115e-09 1.12855e-09 1.11160e-09 1.13267e-09
 1.18142e-09 1.23428e-09 1.25828e-09 1.23007e-09 1.14665e-09 1.01385e-09
 8.43246e-10 6.59783e-10 4.90619e-10 3.52325e-10 2.56862e-10 2.09418e-10
 1.98137e-10 2.05385e-10 2.20557e-10 2.31504e-10 2.24721e-10 1.99871e-10
 1.63851e-10 1.10700e-10 1.65065e-11-1.54284e-10-4.36215e-10-8.39247e-10
-1.33308e-09-1.86045e-09-2.36529e-09-2.80646e-09-3.15308e-09-3.38159e-09
-3.48101e-09-3.45541e-09-3.32207e-09-3.10264e-09-2.80429e-09-2.41509e-09
-1.92770e-09-1.36082e-09-7.57023e-10-1.67429e-10 3.61987e-10 7.90060e-10
 1.06950e-09 1.14506e-09 9.69400e-10 5.29733e-10-1.34561e-10-9.42920e-10
-1.79746e-09-2.59224e-09-3.21259e-09-3.53718e-09-3.44994e-09-2.87114e-09
-1.79181e-09-2.84132e-10 1.51085e-09 3.40637e-09 5.19687e-09 6.68095e-09
 7.68724e-09 8.10745e-09 7.91886e-09 7.18556e-09 6.04067e-09 4.65033e-09
 3.17580e-09 1.75321e-09 4.84140e-10-5.70417e-10-1.38812e-09-1.98008e-09
-2.38400e-09-2.64779e-09-2.81134e-09-2.89846e-09-2.91644e-09-2.86211e-09
-2.73350e-09-2.53724e-09-2.29106e-09-2.02626e-09-1.78376e-09-1.60279e-09
-1.50979e-09-1.50666e-09-1.56171e-09-1.61400e-09-1.58892e-09-1.41787e-09
-1.05964e-09-5.13230e-10 1.85355e-10 9.74179e-10 1.77926e-09 2.53108e-09
 3.17622e-09 3.68158e-09 4.03515e-09 4.24086e-09 4.30830e-09 4.24552e-09
 4.05568e-09 3.73612e-09 3.28180e-09 2.68963e-09 1.96069e-09 1.10504e-09
 1.47853e-10-8.68835e-10-1.88916e-09-2.85036e-09-3.69421e-09-4.37799e-09
-4.88074e-09-5.20474e-09-5.37008e-09-5.40244e-09-5.32069e-09-5.12911e-09
-4.81594e-09-4.36009e-09-3.74226e-09-2.95370e-09-2.00116e-09-9.09921e-10
 2.75839e-10 1.49599e-09 2.68138e-09 3.76396e-09 4.68603e-09 5.40600e-09
 5.90199e-09 6.17249e-09 6.23177e-09 6.10158e-09 5.80183e-09 5.34406e-09
 4.73268e-09 3.97302e-09 3.07958e-09 2.07930e-09 1.00813e-09-9.76195e-11
-1.20883e-09-2.30522e-09-3.37264e-09-4.39702e-09-5.35505e-09-6.20669e-09
-6.89543e-09-7.35814e-09-7.54183e-09-7.41904e-09-6.99390e-09-6.29912e-09
-5.38893e-09-4.33006e-09-3.19170e-09-2.03601e-09-9.10407e-10 1.56826e-10
 1.15574e-09 2.08983e-09 2.97104e-09 3.81576e-09 4.63964e-09 5.44936e-09
 6.23426e-09 6.96325e-09 7.58956e-09 8.05972e-09 8.32128e-09 8.32895e-09
 8.05269e-09 7.48685e-09 6.65429e-09 5.60158e-09 4.38946e-09 3.08494e-09
 1.75669e-09 4.71018e-10-7.15135e-10-1.76461e-09-2.66989e-09-3.45581e-09
-4.17341e-09-4.88880e-09-5.67032e-09-6.57256e-09-7.61770e-09-8.78038e-09
-9.98518e-09-1.11194e-08-1.20523e-08-1.26488e-08-1.27776e-08-1.23211e-08
-1.11941e-08-9.36209e-09-6.85276e-09-3.75972e-09-2.40808e-10 3.49073e-09
 7.18754e-09 1.06037e-08 1.35363e-08 1.58563e-08 1.75143e-08 1.85225e-08
 1.89265e-08 1.87861e-08 1.81654e-08 1.71290e-08 1.57369e-08 1.40402e-08
 1.20812e-08 9.89129e-09 7.48545e-09 4.86104e-09 2.01221e-09-1.04441e-09
-4.25299e-09-7.52693e-09-1.07759e-08-1.39295e-08-1.69418e-08-1.97788e-08
-2.23986e-08-2.47395e-08-2.67184e-08-2.82394e-08-2.92072e-08-2.95415e-08
-2.91888e-08-2.81254e-08-2.63516e-08-2.38851e-08-2.07664e-08-1.70698e-08
-1.29034e-08-8.38772e-09-3.62750e-09 1.29856e-09 6.32394e-09 1.13737e-08
 1.63542e-08 2.11518e-08 2.56350e-08 2.96605e-08 3.30876e-08 3.57934e-08
 3.76802e-08 3.86731e-08 3.87171e-08 3.77813e-08 3.58666e-08 3.30074e-08
 2.92603e-08 2.46897e-08 1.93691e-08 1.34060e-08 6.98081e-09 3.72737e-10
-6.05406e-09-1.19204e-08-1.69329e-08-2.09465e-08-2.39327e-08-2.58664e-08
-2.66110e-08-2.58955e-08-2.34392e-08-1.91941e-08-1.35913e-08-7.66164e-09
-2.93900e-09-5.47825e-10
     0.0000e+00     0.0000e+00      0  0  0.00
     512   1.00000  0.0000e+00
 7.90094e-09 8.84324e-09 9.48890e-09 9.73713e-09 9.54658e-09 8.98257e-09
 8.25638e-09 7.73399e-09 7.88411e-09 9.14330e-09 1.17076e-08 1.53013e-08
 1.90066e-08 2.12435e-08 1.99630e-08 1.30600e-08-1.04625e-09-2.27746e-08
-5.08113e-08-8.17225e-08-1.09864e-07-1.27705e-07-1.26710e-07-9.96257e-08
-4.52768e-08 2.69941e-08 9.87697e-08 1.50086e-07 1.67452e-07 1.47549e-07
 9.67386e-08 2.94427e-08-3.46382e-08-7.68294e-08-8.78065e-08-7.28516e-08
-4.96474e-08-3.78678e-08-4.61448e-08-6.67120e-08-8.27634e-08-8.15451e-08
-6.12400e-08-2.72598e-08 1.53128e-08 6.50710e-08 1.23872e-07 1.95678e-07
 2.82562e-07 3.76686e-07 4.52833e-07 4.71937e-07 3.99627e-07 2.22176e-07
-5.10739e-08-3.84893e-07-7.15975e-07-9.64781e-07-1.05559e-06-9.38494e-07
-6.13193e-07-1.42704e-07 3.56780e-07 7.49234e-07 9.25794e-07 8.50180e-07
 5.78696e-07 2.37864e-07-3.47956e-08-1.59900e-07-1.53562e-07-1.02579e-07
-9.02082e-08-1.29767e-07-1.66387e-07-1.46142e-07-7.74142e-08-1.50281e-08
 7.56138e-09 7.19447e-09 1.18624e-08 2.21511e-08 2.50513e-08 2.07812e-08
 1.68318e-08 1.32698e-08 8.43703e-09 5.12237e-09 3.96054e-09 2.53887e-09
 1.20409e-09 9.57247e-10 4.85458e-10-4.29201e-10-8.81788e-10-1.41144e-09
-2.22855e-09-2.67840e-09-3.03017e-09-3.43332e-09-3.47070e-09-3.36780e-09
-3.24844e-09-2.90904e-09-2.57509e-09-2.27914e-09-1.88201e-09-1.52723e-09
-1.16456e-09-7.45277e-10-3.90730e-10-5.03100e-11 2.61887e-10 5.04666e-10
 7.51383e-10 9.83517e-10 1.21014e-09 1.44848e-09 1.64865e-09 1.82063e-09
 1.95954e-09 2.05675e-09 2.12392e-09 2.14203e-09 2.11044e-09 2.01780e-09
 1.84821e-09 1.61189e-09 1.32358e-09 1.00491e-09 6.61260e-10 2.88777e-10
-1.07881e-10-5.19403e-10-9.26252e-10-1.30300e-09-1.62096e-09-1.86011e-09
-2.02173e-09-2.12086e-09-2.16989e-09-2.16856e-09-2.10998e-09-1.99222e-09
-1.82161e-09-1.60895e-09-1.36966e-09-1.12192e-09-8.74816e-10-6.21476e-10
-3.50397e-10-6.20999e-11 2.32083e-10 5.25693e-10 8.21102e-10 1.12175e-09
 1.42816e-09 1.73264e-09 2.01282e-09 2.23770e-09 2.38248e-09 2.43578e-09
 2.39525e-09 2.26339e-09 2.04882e-09 1.76586e-09 1.43240e-09 1.06629e-09
 6.79493e-10 2.82808e-10-1.02306e-10-4.51627e-10-7.61091e-10-1.05007e-09
-1.33595e-09-1.60814e-09-1.82911e-09-1.96267e-09-2.00638e-09-1.99235e-09
-1.94218e-09-1.82507e-09-1.57749e-09-1.16628e-09-6.25752e-10-3.15285e-11
 5.65340e-10 1.17687e-09 1.83989e-09 2.53571e-09 3.16186e-09 3.60245e-09
 3.82314e-09 3.88001e-09 3.83900e-09 3.70080e-09 3.40546e-09 2.91202e-09
 2.26811e-09 1.58621e-09 9.51223e-10 3.57584e-10-2.60151e-10-9.33692e-10
-1.60878e-09-2.19357e-09-2.64700e-09-3.01014e-09-3.35205e-09-3.68990e-09
-3.97081e-09-4.13071e-09-4.15965e-09-4.10841e-09-4.03620e-09-3.95120e-09
-3.80562e-09-3.55121e-09-3.18934e-09-2.76443e-09-2.31995e-09-1.86322e-09
-1.36913e-09-8.20061e-10-2.37768e-10 3.28333e-10 8.38475e-10 1.28751e-09
 1.69917e-09 2.09629e-09 2.47511e-09 2.80603e-09 3.05711e-09 3.21808e-09
 3.30104e-09 3.31752e-09 3.25870e-09 3.09897e-09 2.81782e-09 2.42011e-09
 1.93515e-09 1.39164e-09 7.96326e-10 1.44783e-10-5.50125e-10-1.24579e-09
-1.88323e-09-2.41624e-09-2.83116e-09-3.13171e-09-3.30772e-09-3.33416e-09
-3.20470e-09-2.95793e-09-2.66592e-09-2.39512e-09-2.17425e-09-1.99860e-09
-1.86401e-09-1.78450e-09-1.76280e-09-1.74733e-09-1.63457e-09-1.32658e-09
-7.93234e-10-8.31681e-11 7.20924e-10 1.55125e-09 2.35461e-09 3.04790e-09
 3.49461e-09 3.55795e-09 3.19873e-09 2.52552e-09 1.75463e-09 1.12040e-09
 8.08856e-10 9.56602e-10 1.67469e-09 3.01781e-09 4.89542e-09 7.01014e-09
 8.89912e-09 1.00713e-08 1.01541e-08 8.96563e-09 6.51804e-09 3.00678e-09
-1.18333e-09-5.48182e-09-9.20103e-09-1.16905e-08-1.25137e-08-1.15603e-08
-9.05770e-09-5.49992e-09-1.53484e-09 2.14814e-09 4.92874e-09 6.37530e-09
 6.34940e-09 5.04805e-09 2.94929e-09 6.67809e-10-1.22316e-09-2.33410e-09
-2.52995e-09-1.92826e-09-8.39692e-10 3.29008e-10 1.19210e-09 1.49879e-09
 1.20755e-09 4.91817e-10-3.25777e-10-8.93334e-10-9.62600e-10-4.79974e-10
 3.96804e-10 1.35412e-09 2.02754e-09 2.11983e-09 1.49553e-09 2.29449e-10
-1.40677e-09-3.02367e-09-4.23498e-09-4.77966e-09-4.60487e-09-3.87757e-09
-2.91684e-09-2.07392e-09-1.60634e-09-1.59246e-09-1.91484e-09-2.31268e-09
-2.48295e-09-2.19705e-09-1.39047e-09-1.90049e-10 1.13102e-09 2.25425e-09
 2.93585e-09 3.09658e-09 2.84631e-09 2.43589e-09 2.15316e-09 2.20457e-09
 2.63348e-09 3.30596e-09 3.96559e-09 4.33763e-09 4.24126e-09 3.66099e-09
 2.74978e-09 1.76485e-09 9.61005e-10 4.85917e-10 3.22639e-10 3.01872e-10
 1.78830e-10-2.55983e-10-1.08051e-09-2.20319e-09-3.39920e-09-4.40287e-09
-5.01515e-09-5.18005e-09-4.99869e-09-4.67431e-09-4.41161e-09-4.31737e-09
-4.35046e-09-4.34313e-09-4.08195e-09-3.41291e-09-2.32277e-09-9.54476e-10
 4.52453e-10 1.66548e-09 2.55681e-09 3.15130e-09 3.60293e-09 4.10954e-09
 4.80479e-09 5.68065e-09 6.58116e-09 7.27105e-09 7.54179e-09 7.30183e-09
 6.60987e-09 5.63731e-09 4.57843e-09 3.55429e-09 2.56144e-09 1.49320e-09
 2.20943e-10-1.30917e-09-3.01414e-09-4.68070e-09-6.04394e-09-6.90178e-09
-7.20496e-09-7.07491e-09-6.74349e-09-6.44782e-09-6.33099e-09-6.39265e-09
-6.50875e-09-6.50682e-09-6.25346e-09-5.70281e-09-4.87958e-09-3.81563e-09
-2.48973e-09-8.15823e-10 1.30423e-09 3.88376e-09 6.76118e-09 9.57753e-09
 1.18512e-08 1.31239e-08 1.31145e-08 1.18200e-08 9.52429e-09 6.71344e-09
 3.93353e-09 1.65473e-09 1.92889e-10-3.04865e-10 1.59036e-10 1.44774e-09
 3.28551e-09 5.24972e-09 6.79430e-09 7.33405e-09 6.39070e-09 3.75905e-09
-3.82733e-10-5.48468e-09-1.07668e-08-1.54350e-08-1.88897e-08-2.08539e-08
-2.13799e-08-2.07486e-08-1.93256e-08-1.74451e-08-1.53522e-08-1.31930e-08
-1.10251e-08-8.82769e-09-6.50362e-09-3.88852e-09-7.98973e-10 2.87234e-09
 7.05309e-09 1.14488e-08 1.56102e-08 1.90943e-08 2.16381e-08 2.32573e-08
 2.42231e-08 2.49250e-08 2.56832e-08 2.66016e-08 2.75347e-08 2.81644e-08
 2.81291e-08 2.71384e-08 2.50372e-08 2.18136e-08 1.75710e-08 1.25051e-08
 6.89958e-09 1.10713e-09-4.51836e-09-9.72629e-09-1.44529e-08-1.88290e-08
-2.31011e-08-2.75061e-08-3.21659e-08-3.70571e-08-4.20762e-08-4.71521e-08
-5.23090e-08-5.75882e-08-6.28371e-08-6.74654e-08-7.02939e-08-6.95798e-08
-6.32548e-08-4.93573e-08-2.65956e-08 5.03067e-09 4.36191e-08 8.48976e-08
 1.22244e-07 1.47713e-07 1.54239e-07 1.38268e-07 1.01561e-07 5.12853e-08
-1.72450e-09-4.60000e-08-7.28134e-08-7.87312e-08-6.64393e-08-4.35379e-08
-1.97051e-08-4.39354e-09
     0.0000e+00     0.0000e+00      0  0  0.00
     512   1.00000  0.0000e+00
-7.40869e-10 5.12847e-09 1.12250e-08 1.69511e-08 2.17325e-08 2.51371e-08
 2.70000e-08 2.75561e-08 2.75486e-08 2.82531e-08 3.13470e-08 3.85894e-08
 5.13343e-08 6.99540e-08 9.32731e-08 1.18134e-07 1.39230e-07 1.49355e-07
 1.40210e-07 1.03864e-07 3.48213e-08-6.74718e-08-1.96078e-07-3.34963e-07
-4.59596e-07-5.39906e-07-5.46065e-07-4.59089e-07-2.82705e-07-4.69587e-08
 1.99116e-07 4.01199e-07 5.16732e-07 5.30556e-07 4.60402e-07 3.47143e-07
 2.34566e-07 1.50115e-07 9.65771e-08 5.91088e-08 2.25829e-08-1.52680e-08
-4.58627e-08-6.25089e-08-6.99218e-08-8.31694e-08-1.19246e-07-1.84780e-07
-2.66052e-07-3.32015e-07-3.48786e-07-2.94715e-07-1.72067e-07-1.11725e-08
 1.41696e-07 2.44470e-07 2.68031e-07 1.99539e-07 5.21722e-08-1.30778e-07
-2.86039e-07-3.49370e-07-2.79694e-07-8.24224e-08 1.82285e-07 4.16649e-07
 5.25143e-07 4.63785e-07 2.70899e-07 5.04877e-08-9.01728e-08-1.10344e-07
-5.95737e-08-2.75186e-08-5.85081e-08-1.15186e-07-1.31514e-07-9.26410e-08
-4.34461e-08-2.29515e-08-2.22669e-08-1.64933e-08-4.83902e-09 1.08080e-09
 2.11268e-09 3.99764e-09 4.83873e-09 3.28949e-09 2.74798e-09 3.24894e-09
 2.58703e-09 1.97909e-09 2.21305e-09 1.86912e-09 1.31648e-09 1.28471e-09
 9.05263e-10 2.84327e-10-4.35965e-11-5.95625e-10-1.22420e-09-1.51372e-09
-1.79721e-09-1.96633e-09-1.86964e-09-1.81165e-09-1.68725e-09-1.44364e-09
-1.23102e-09-8.99783e-10-4.82192e-10-7.75048e-11 3.82311e-10 8.10774e-10
 1.20206e-09 1.59938e-09 1.95020e-09 2.30740e-09 2.68213e-09 3.04485e-09
 3.38802e-09 3.63714e-09 3.76227e-09 3.76482e-09 3.66333e-09 3.51458e-09
 3.33556e-09 3.11978e-09 2.83637e-09 2.44860e-09 1.95750e-09 1.39274e-09
 8.06161e-10 2.33838e-10-3.23167e-10-8.84886e-10-1.47429e-09-2.09315e-09
-2.71274e-09-3.27782e-09-3.73097e-09-4.04351e-09-4.22672e-09-4.31606e-09
-4.34551e-09-4.33271e-09-4.27180e-09-4.13556e-09-3.89224e-09-3.52313e-09
-3.02649e-09-2.41671e-09-1.72858e-09-1.01166e-09-3.08339e-10 3.59807e-10
 9.89142e-10 1.58843e-09 2.16622e-09 2.71597e-09 3.22142e-09 3.66617e-09
 4.02430e-09 4.26176e-09 4.36161e-09 4.32832e-09 4.16576e-09 3.87518e-09
 3.46852e-09 2.96398e-09 2.38128e-09 1.74787e-09 1.08346e-09 3.77608e-10
-3.90720e-10-1.21568e-09-2.05887e-09-2.86399e-09-3.57650e-09-4.17221e-09
-4.66251e-09-5.05587e-09-5.32750e-09-5.43839e-09-5.36500e-09-5.09856e-09
-4.63138e-09-3.94876e-09-3.02813e-09-1.86208e-09-4.93335e-10 9.88353e-10
 2.48741e-09 3.93366e-09 5.28370e-09 6.50247e-09 7.54243e-09 8.34024e-09
 8.83701e-09 9.00776e-09 8.86818e-09 8.44916e-09 7.77669e-09 6.87895e-09
 5.79979e-09 4.60583e-09 3.37866e-09 2.18202e-09 1.03119e-09-9.62398e-11
-1.21646e-09-2.30442e-09-3.29894e-09-4.13965e-09-4.79873e-09-5.28355e-09
-5.61465e-09-5.79930e-09-5.82673e-09-5.69311e-09-5.42456e-09-5.06377e-09
-4.63593e-09-4.13794e-09-3.56117e-09-2.92364e-09-2.28646e-09-1.73613e-09
-1.33745e-09-1.10022e-09-9.96193e-10-1.00095e-09-1.11267e-09-1.34303e-09
-1.69636e-09-2.14554e-09-2.63066e-09-3.08833e-09-3.46775e-09-3.71762e-09
-3.78395e-09-3.62573e-09-3.22405e-09-2.59403e-09-1.79863e-09-9.27926e-10
-5.71374e-11 7.65878e-10 1.51025e-09 2.15606e-09 2.67795e-09 3.02647e-09
 3.14863e-09 3.03122e-09 2.71595e-09 2.28427e-09 1.83140e-09 1.43310e-09
 1.12638e-09 9.27159e-10 8.57908e-10 9.46621e-10 1.20794e-09 1.63641e-09
 2.20932e-09 2.88451e-09 3.59801e-09 4.26640e-09 4.79782e-09 5.12676e-09
 5.25826e-09 5.27157e-09 5.27369e-09 5.34791e-09 5.53501e-09 5.84628e-09
 6.27882e-09 6.80756e-09 7.35762e-09 7.78200e-09 7.87560e-09 7.43514e-09
 6.32758e-09 4.52564e-09 2.11122e-09-7.38547e-10-3.77579e-09-6.70865e-09
-9.23690e-09-1.11095e-08-1.21885e-08-1.24854e-08-1.21501e-08-1.14196e-08
-1.05502e-08-9.75779e-09-9.17352e-09-8.82011e-09-8.60614e-09-8.34066e-09
-7.77873e-09-6.69817e-09-4.98048e-09-2.66418e-09 4.94442e-11 2.84405e-09
 5.37176e-09 7.33742e-09 8.55970e-09 9.00476e-09 8.79073e-09 8.15598e-09
 7.39121e-09 6.75094e-09 6.37363e-09 6.24247e-09 6.20269e-09 6.02627e-09
 5.49839e-09 4.49544e-09 3.02952e-09 1.24677e-09-6.16787e-10-2.30516e-09
-3.61752e-09-4.46972e-09-4.92118e-09-5.15039e-09-5.38365e-09-5.80499e-09
-6.48167e-09-7.33232e-09-8.14982e-09-8.66915e-09-8.65493e-09-7.98014e-09
-6.67109e-09-4.90185e-09-2.93873e-09-1.05268e-09 5.69147e-10 1.87756e-09
 2.95789e-09 3.97340e-09 5.08172e-09 6.35670e-09 7.74474e-09 9.07526e-09
 1.01224e-08 1.06922e-08 1.06991e-08 1.01966e-08 9.34930e-09 8.35970e-09
 7.38239e-09 6.46163e-09 5.51670e-09 4.38063e-09 2.87682e-09 9.06127e-10
-1.48884e-09-4.11409e-09-6.67895e-09-8.89003e-09-1.05419e-08-1.15700e-08
-1.20495e-08-1.21412e-08-1.20110e-08-1.17584e-08-1.13780e-08-1.07719e-08
-9.81164e-09-8.42026e-09-6.62947e-09-4.58008e-09-2.46546e-09-4.47698e-10
 1.40930e-09 3.15775e-09 4.92764e-09 6.84623e-09 8.94815e-09 1.11196e-08
 1.31094e-08 1.46101e-08 1.53753e-08 1.53161e-08 1.45262e-08 1.32292e-08
 1.16776e-08 1.00549e-08 8.42416e-09 6.73705e-09 4.89234e-09 2.81368e-09
 5.09445e-10-1.92021e-09-4.33542e-09-6.63354e-09-8.79673e-09-1.08761e-08
-1.29228e-08-1.49099e-08-1.66917e-08-1.80263e-08-1.86502e-08-1.83766e-08
-1.71780e-08-1.52156e-08-1.27925e-08-1.02436e-08-7.81314e-09-5.57924e-09
-3.45855e-09-1.27844e-09 1.13103e-09 3.87309e-09 6.96400e-09 1.03432e-08
 1.38969e-08 1.74826e-08 2.09375e-08 2.40602e-08 2.65858e-08 2.81929e-08
 2.85693e-08 2.75236e-08 2.50861e-08 2.15323e-08 1.73056e-08 1.28745e-08
 8.58680e-09 4.57712e-09 7.54226e-10-3.12817e-09-7.34405e-09-1.20646e-08
-1.72821e-08-2.28176e-08-2.83939e-08-3.37065e-08-3.84441e-08-4.22717e-08
-4.48344e-08-4.58210e-08-4.50647e-08-4.26214e-08-3.87766e-08-3.39660e-08
-2.86325e-08-2.30707e-08-1.73241e-08-1.11921e-08-4.36027e-09 3.40291e-09
 1.20911e-08 2.14335e-08 3.09919e-08 4.02979e-08 4.89444e-08 5.66049e-08
 6.30201e-08 6.79978e-08 7.14378e-08 7.33508e-08 7.38487e-08 7.30971e-08
 7.12340e-08 6.82730e-08 6.40486e-08 5.82688e-08 5.06774e-08 4.12397e-08
 3.02307e-08 1.81624e-08 5.60311e-09-6.99576e-09-1.93705e-08-3.14092e-08
-4.30609e-08-5.42465e-08-6.48004e-08-7.44585e-08-8.28856e-08-8.97188e-08
-9.46053e-08-9.72266e-08-9.73332e-08-9.48100e-08-8.97462e-08-8.24295e-08
-7.32220e-08-6.23842e-08-4.99785e-08-3.59277e-08-2.02086e-08-3.09973e-09
 1.46287e-08 3.17305e-08 4.67826e-08 5.86081e-08 6.65315e-08 7.03240e-08
 6.99631e-08 6.54564e-08 5.69077e-08 4.48305e-08 3.05520e-08 1.64723e-08
 5.95030e-09 1.02368e-09
     0.0000e+00     0.0000e+00      0  0  0.00
     512   1.00000  0.0000e+00
 2.13455e-08 2.10749e-08 2.00277e-08 1.83135e-08 1.61107e-08 1.36522e-08
 1.12153e-08 9.10883e-09 7.64613e-09 7.09969e-09 7.63347e-09 9.21089e-09
 1.14888e-08 1.37236e-08 1.47292e-08 1.29270e-08 6.52480e-09-6.15895e-09
-2.62365e-08-5.37042e-08-8.68996e-08-1.22083e-07-1.53331e-07-1.73538e-07
-1.76792e-07-1.59783e-07-1.21836e-07-6.67547e-08-4.42419e-09 5.20430e-08
 9.10535e-08 1.06243e-07 9.87707e-08 7.67560e-08 5.19571e-08 3.51389e-08
 3.15786e-08 3.96401e-08 5.37569e-08 6.90584e-08 8.38643e-08 9.86802e-08
 1.13543e-07 1.26932e-07 1.37672e-07 1.48181e-07 1.64697e-07 1.90447e-07
 2.15638e-07 2.18025e-07 1.79215e-07 9.85978e-08-1.10610e-08-1.35125e-07
-2.60067e-07-3.70830e-07-4.51176e-07-4.87792e-07-4.74257e-07-4.12583e-07
-3.12446e-07-1.88622e-07-5.76449e-08 6.54324e-08 1.69514e-07 2.47513e-07
 2.94214e-07 3.05239e-07 2.79051e-07 2.21301e-07 1.47712e-07 7.99555e-08
 3.42968e-08 1.14409e-08-1.74468e-09-1.76277e-08-3.49972e-08-4.34686e-08
-3.92004e-08-3.01670e-08-2.46749e-08-2.20360e-08-1.83020e-08-1.40342e-08
-1.14007e-08-9.64305e-09-7.73767e-09-6.48375e-09-5.90694e-09-5.06575e-09
-4.18046e-09-3.67463e-09-3.08118e-09-2.39056e-09-1.96409e-09-1.54990e-09
-1.07531e-09-7.98337e-10-5.63312e-10-2.93880e-10-1.45291e-10 9.79031e-12
 2.11786e-10 3.46206e-10 4.97828e-10 6.64038e-10 7.78444e-10 8.97706e-10
 9.66823e-10 9.34133e-10 8.36198e-10 6.45677e-10 3.95521e-10 1.42903e-10
-1.13835e-10-3.45900e-10-5.57380e-10-7.60367e-10-9.33240e-10-1.08727e-09
-1.22554e-09-1.34197e-09-1.42410e-09-1.43551e-09-1.36302e-09-1.20993e-09
-9.91597e-10-7.38877e-10-4.79417e-10-2.32330e-10 1.02326e-11 2.72166e-10
 5.64637e-10 8.76558e-10 1.18006e-09 1.44636e-09 1.65256e-09 1.79012e-09
 1.87201e-09 1.92163e-09 1.94966e-09 1.94357e-09 1.88436e-09 1.76735e-09
 1.60400e-09 1.40878e-09 1.18815e-09 9.42763e-10 6.74663e-10 3.87734e-10
 8.73092e-11-2.13765e-10-4.95827e-10-7.45873e-10-9.62587e-10-1.14649e-09
-1.29992e-09-1.43512e-09-1.56259e-09-1.67447e-09-1.75230e-09-1.78187e-09
-1.75687e-09-1.68027e-09-1.56233e-09-1.41311e-09-1.24492e-09-1.07458e-09
-9.06329e-10-7.23757e-10-5.15102e-10-2.88489e-10-5.30594e-11 1.90615e-10
 4.37523e-10 6.74455e-10 8.85331e-10 1.05362e-09 1.17279e-09 1.25489e-09
 1.31573e-09 1.35514e-09 1.35914e-09 1.31192e-09 1.20218e-09 1.03017e-09
 8.08434e-10 5.45330e-10 2.39383e-10-1.00218e-10-4.45959e-10-7.70401e-10
-1.06036e-09-1.31945e-09-1.56019e-09-1.78606e-09-1.98447e-09-2.13546e-09
-2.22522e-09-2.25803e-09-2.24888e-09-2.20290e-09-2.11303e-09-1.97165e-09
-1.77881e-09-1.54249e-09-1.26325e-09-9.22901e-10-5.01377e-10 2.87875e-12
 5.70572e-10 1.17012e-09 1.77452e-09 2.37133e-09 2.95440e-09 3.51478e-09
 4.03580e-09 4.49229e-09 4.86160e-09 5.12892e-09 5.27743e-09 5.28557e-09
 5.13502e-09 4.81771e-09 4.34276e-09 3.73470e-09 3.01650e-09 2.19972e-09
 1.29265e-09 3.07718e-10-7.34808e-10-1.79822e-09-2.83166e-09-3.78933e-09
-4.63796e-09-5.34757e-09-5.89142e-09-6.25036e-09-6.40834e-09-6.35445e-09
-6.08882e-09-5.61526e-09-4.93477e-09-4.05513e-09-3.00105e-09-1.81255e-09
-5.41511e-10 7.52314e-10 2.01741e-09 3.22067e-09 4.33205e-09 5.31216e-09
 6.11995e-09 6.71565e-09 7.06004e-09 7.12935e-09 6.92635e-09 6.47414e-09
 5.81118e-09 4.98832e-09 4.05465e-09 3.04476e-09 1.98377e-09 9.00376e-10
-1.70125e-10-1.19192e-09-2.13811e-09-3.00363e-09-3.80529e-09-4.55952e-09
-5.26274e-09-5.88726e-09-6.38531e-09-6.70378e-09-6.79759e-09-6.62956e-09
-6.17562e-09-5.43890e-09-4.45905e-09-3.31691e-09-2.12610e-09-1.01130e-09
-9.32530e-11 5.24667e-10 7.77947e-10 6.56150e-10 2.13954e-10-4.23007e-10
-1.07764e-09-1.55882e-09-1.69843e-09-1.38308e-09-5.69887e-10 7.08901e-10
 2.34036e-09 4.13816e-09 5.87226e-09 7.31020e-09 8.25900e-09 8.59401e-09
 8.26851e-09 7.31396e-09 5.83380e-09 3.98378e-09 1.94258e-09-1.17319e-10
-2.05229e-09-3.75897e-09-5.17308e-09-6.26152e-09-7.01344e-09-7.43089e-09
-7.52136e-09-7.29635e-09-6.77228e-09-5.97246e-09-4.93218e-09-3.70134e-09
-2.34294e-09-9.31337e-10 4.55000e-10 1.74523e-09 2.88472e-09 3.84128e-09
 4.60772e-09 5.19698e-09 5.63317e-09 5.94152e-09 6.13802e-09 6.22544e-09
 6.19741e-09 6.04438e-09 5.75880e-09 5.33793e-09 4.78290e-09 4.09646e-09
 3.28212e-09 2.34418e-09 1.28962e-09 1.33008e-10-1.09779e-09-2.36003e-09
-3.59980e-09-4.75939e-09-5.78504e-09-6.62994e-09-7.25353e-09-7.62252e-09
-7.71510e-09-7.52679e-09-7.07497e-09-6.39783e-09-5.54769e-09-4.58198e-09
-3.55345e-09-2.50108e-09-1.44519e-09-3.89090e-10 6.71959e-10 1.73872e-09
 2.80150e-09 3.84227e-09 4.83892e-09 5.76562e-09 6.58879e-09 7.26362e-09
 7.73604e-09 7.95215e-09 7.87112e-09 7.47606e-09 6.78055e-09 5.82934e-09
 4.69117e-09 3.44529e-09 2.16581e-09 9.10967e-10-2.77379e-10-1.36709e-09
-2.33239e-09-3.16014e-09-3.86028e-09-4.46861e-09-5.03508e-09-5.60221e-09
-6.18436e-09-6.75671e-09-7.25742e-09-7.60269e-09-7.71091e-09-7.52897e-09
-7.04918e-09-6.30666e-09-5.35916e-09-4.26409e-09-3.06729e-09-1.80652e-09
-5.20510e-10 7.49508e-10 1.97069e-09 3.13284e-09 4.25312e-09 5.36653e-09
 6.50659e-09 7.68229e-09 8.85827e-09 9.94707e-09 1.08217e-08 1.13485e-08
 1.14268e-08 1.10157e-08 1.01351e-08 8.84883e-09 7.24671e-09 5.43208e-09
 3.51200e-09 1.58137e-09-2.99297e-10-2.12217e-09-3.93444e-09-5.82091e-09
-7.87141e-09-1.01412e-08-1.26133e-08-1.51742e-08-1.76151e-08-1.96653e-08
-2.10443e-08-2.15120e-08-2.09012e-08-1.91360e-08-1.62477e-08-1.23889e-08
-7.83022e-09-2.92252e-09 1.96763e-09 6.52794e-09 1.05492e-08 1.39417e-08
 1.67196e-08 1.89636e-08 2.07738e-08 2.22307e-08 2.33777e-08 2.42263e-08
 2.47700e-08 2.49878e-08 2.48330e-08 2.42291e-08 2.30887e-08 2.13524e-08
 1.90190e-08 1.61384e-08 1.27752e-08 8.96832e-09 4.71871e-09 8.07132e-12
-5.16218e-09-1.07296e-08-1.65452e-08-2.23810e-08-2.79744e-08-3.30860e-08
-3.75369e-08-4.12055e-08-4.40009e-08-4.58475e-08-4.67021e-08-4.65797e-08
-4.55502e-08-4.36949e-08-4.10496e-08-3.75787e-08-3.31990e-08-2.78379e-08
-2.14957e-08-1.42856e-08-6.43625e-09 1.74908e-09 9.96366e-09 1.79571e-08
 2.55456e-08 3.25762e-08 3.88941e-08 4.43517e-08 4.88487e-08 5.23523e-08
 5.48673e-08 5.63810e-08 5.68307e-08 5.61187e-08 5.41536e-08 5.08864e-08
 4.63282e-08 4.05483e-08 3.36561e-08 2.57721e-08 1.70111e-08 7.50632e-09
-2.52496e-09-1.27143e-08-2.25254e-08-3.12998e-08-3.83353e-08-4.29621e-08
-4.46299e-08-4.30277e-08-3.82262e-08-3.07832e-08-2.17649e-08-1.26683e-08
-5.24820e-09-1.09290e-09
     0.0000e+00     0.0000e+00      0  0  0.00
     512   1.00000  0.0000e+00
 4.00181e-09 3.00328e-09 1.74777e-09 3.00818e-10-1.29220e-09-3.02500e-09
-4.92969e-09-7.05257e-09-9.40569e-09-1.19032e-08-1.43018e-08-1.61704e-08
-1.69119e-08-1.58493e-08-1.23689e-08-6.10506e-09 2.85763e-09 1.37923e-08
 2.51895e-08 3.47217e-08 3.93787e-08 3.58334e-08 2.11117e-08-5.69798e-09
-4.05975e-08-7.39879e-08-9.45154e-08-9.44317e-08-7.25337e-08-3.35764e-08
 1.34989e-08 5.65841e-08 8.32624e-08 8.64185e-08 6.84458e-08 4.01070e-08
 1.41762e-08-1.47670e-09-6.18033e-09-2.98287e-09 7.06305e-09 2.71661e-08
 6.11060e-08 1.07470e-07 1.57897e-07 2.00508e-07 2.23560e-07 2.14665e-07
 1.60179e-07 5.20667e-08-1.05796e-07-3.00797e-07-5.11547e-07-6.99533e-07
-8.11070e-07-7.94485e-07-6.18718e-07-2.87416e-07 1.52344e-07 6.12264e-07
 9.81114e-07 1.15601e-06 1.07825e-06 7.63107e-07 3.04979e-07-1.52333e-07
-4.70353e-07-5.75340e-07-4.91013e-07-3.19511e-07-1.76889e-07-1.20295e-07
-1.20320e-07-1.04721e-07-3.62759e-08 5.11064e-08 9.70216e-08 8.55972e-08
 5.49672e-08 4.09187e-08 3.87876e-08 2.97812e-08 1.51830e-08 5.90011e-09
 1.33318e-09-3.21508e-09-5.60954e-09-4.85340e-09-4.50842e-09-4.79175e-09
-3.84053e-09-2.98854e-09-2.95996e-09-2.34117e-09-1.52164e-09-1.17888e-09
-4.30319e-10 5.51663e-10 1.19963e-09 2.02702e-09 2.86331e-09 3.30704e-09
 3.71875e-09 3.96746e-09 3.88555e-09 3.77854e-09 3.53231e-09 3.12045e-09
 2.72316e-09 2.18485e-09 1.53979e-09 8.86598e-10 1.58386e-10-5.28153e-10
-1.14363e-09-1.71202e-09-2.15891e-09-2.53010e-09-2.82781e-09-3.02354e-09
-3.13472e-09-3.12950e-09-3.03181e-09-2.86897e-09-2.64113e-09-2.36744e-09
-2.03761e-09-1.64931e-09-1.19983e-09-6.91452e-10-1.58118e-10 3.66191e-10
 8.53153e-10 1.29343e-09 1.68817e-09 2.03282e-09 2.32090e-09 2.54194e-09
 2.68531e-09 2.74355e-09 2.71837e-09 2.62097e-09 2.46126e-09 2.23892e-09
 1.94682e-09 1.58424e-09 1.16262e-09 7.01202e-10 2.20897e-10-2.60045e-10
-7.29141e-10-1.17933e-09-1.60197e-09-1.98065e-09-2.29394e-09-2.52343e-09
-2.66197e-09-2.71676e-09-2.70051e-09-2.61623e-09-2.45417e-09-2.20520e-09
-1.87188e-09-1.46668e-09-1.00567e-09-5.02859e-10 3.09665e-11 5.82081e-10
 1.13275e-09 1.66983e-09 2.18630e-09 2.67025e-09 3.10052e-09 3.45941e-09
 3.74310e-09 3.95732e-09 4.10805e-09 4.18787e-09 4.16789e-09 4.02024e-09
 3.75267e-09 3.40510e-09 3.00403e-09 2.52962e-09 1.93693e-09 1.20694e-09
 3.70142e-10-5.22913e-10-1.45054e-09-2.43135e-09-3.48342e-09-4.57320e-09
-5.61027e-09-6.49831e-09-7.19146e-09-7.69970e-09-8.03514e-09-8.15972e-09
-8.00740e-09-7.55731e-09-6.86451e-09-6.01825e-09-5.07990e-09-4.06376e-09
-2.97469e-09-1.85234e-09-7.70278e-10 2.02762e-10 1.04130e-09 1.76643e-09
 2.40332e-09 2.94146e-09 3.34607e-09 3.59778e-09 3.71598e-09 3.74376e-09
 3.70889e-09 3.61177e-09 3.44907e-09 3.23485e-09 3.00048e-09 2.77861e-09
 2.58738e-09 2.43042e-09 2.30897e-09 2.23269e-09 2.22112e-09 2.29451e-09
 2.45913e-09 2.70205e-09 3.00445e-09 3.35473e-09 3.74292e-09 4.14859e-09
 4.53972e-09 4.87802e-09 5.12426e-09 5.24368e-09 5.20623e-09 4.98349e-09
 4.55154e-09 3.90098e-09 3.04716e-09 2.03071e-09 9.06226e-10-2.68706e-10
-1.43245e-09-2.51056e-09-3.42107e-09-4.09925e-09-4.51396e-09-4.65720e-09
-4.52706e-09-4.13089e-09-3.50528e-09-2.73081e-09-1.92345e-09-1.19857e-09
-6.37025e-10-2.89333e-10-2.04025e-10-4.31150e-10-9.85864e-10-1.81072e-09
-2.77874e-09-3.74243e-09-4.58950e-09-5.25539e-09-5.69890e-09-5.89245e-09
-5.85144e-09-5.67566e-09-5.54357e-09-5.64194e-09-6.08259e-09-6.85997e-09
-7.86156e-09-8.90110e-09-9.73201e-09-1.00473e-08-9.51369e-09-7.85913e-09
-4.97954e-09-1.00968e-09 3.68294e-09 8.56846e-09 1.30428e-08 1.65123e-08
 1.84791e-08 1.86356e-08 1.69618e-08 1.37712e-08 9.65930e-09 5.37165e-09
 1.64200e-09-9.48649e-10-2.06769e-09-1.68657e-09-9.26447e-11 2.16741e-09
 4.41765e-09 6.02157e-09 6.53598e-09 5.80551e-09 3.97766e-09 1.44424e-09
-1.27218e-09-3.65812e-09-5.33761e-09-6.15715e-09-6.20539e-09-5.76218e-09
-5.19069e-09-4.80787e-09-4.77828e-09-5.06367e-09-5.44327e-09-5.59764e-09
-5.22512e-09-4.15577e-09-2.42421e-09-2.71413e-10 1.92235e-09 3.74847e-09
 4.89207e-09 5.22648e-09 4.84804e-09 4.03801e-09 3.16247e-09 2.54533e-09
 2.36143e-09 2.58516e-09 3.00978e-09 3.33220e-09 3.27176e-09 2.67790e-09
 1.58862e-09 2.18657e-10-1.11748e-09-2.11934e-09-2.60990e-09-2.59899e-09
-2.27442e-09-1.92291e-09-1.81451e-09-2.09619e-09-2.73402e-09-3.52832e-09
-4.19630e-09-4.48603e-09-4.27635e-09-3.62351e-09-2.73566e-09-1.88570e-09
-1.29914e-09-1.06180e-09-1.08704e-09-1.15794e-09-1.02442e-09-5.13151e-10
 3.95647e-10 1.55664e-09 2.71723e-09 3.61959e-09 4.10416e-09 4.17152e-09
 3.97503e-09 3.74544e-09 3.68277e-09 3.86543e-09 4.21586e-09 4.53717e-09
 4.60425e-09 4.26775e-09 3.52291e-09 2.51177e-09 1.45803e-09 5.64510e-10
-7.92025e-11-5.34909e-10-9.78869e-10-1.60551e-09-2.52087e-09-3.68077e-09
-4.90259e-09-5.94228e-09-6.60054e-09-6.80977e-09-6.65870e-09-6.34050e-09
-6.04940e-09-5.87821e-09-5.76900e-09-5.54161e-09-4.98432e-09-3.96044e-09
-2.47613e-09-6.76874e-10 1.22080e-09 3.02292e-09 4.62755e-09 6.03727e-09
 7.31161e-09 8.48695e-09 9.51064e-09 1.02329e-08 1.04702e-08 1.01074e-08
 9.18030e-09 7.88850e-09 6.52888e-09 5.37939e-09 4.58364e-09 4.08811e-09
 3.66081e-09 2.98270e-09 1.76821e-09-1.38849e-10-2.72875e-09-5.85090e-09
-9.27211e-09-1.27259e-08-1.59248e-08-1.85429e-08-2.02109e-08-2.05595e-08
-1.93169e-08-1.64293e-08-1.21490e-08-7.04136e-09-1.88179e-09 2.53693e-09
 5.62190e-09 7.13454e-09 7.22467e-09 6.34504e-09 5.09761e-09 4.07656e-09
 3.75524e-09 4.43150e-09 6.21446e-09 9.02302e-09 1.25827e-08 1.64367e-08
 1.99988e-08 2.26653e-08 2.39678e-08 2.37169e-08 2.20654e-08 1.94421e-08
 1.63687e-08 1.32473e-08 1.02214e-08 7.17154e-09 3.82729e-09-7.12581e-11
-4.63741e-09-9.77842e-09-1.52256e-08-2.06229e-08-2.56169e-08-2.99069e-08
-3.32607e-08-3.55246e-08-3.66544e-08-3.67514e-08-3.60646e-08-3.49219e-08
-3.35938e-08-3.21554e-08-3.04308e-08-2.80702e-08-2.47226e-08-2.02137e-08
-1.46419e-08-8.35277e-09-1.80900e-09 4.57997e-09 1.05806e-08 1.61505e-08
 2.13585e-08 2.62818e-08 3.09444e-08 3.53051e-08 3.92646e-08 4.26661e-08
 4.52946e-08 4.68959e-08 4.72328e-08 4.61712e-08 4.37538e-08 4.02021e-08
 3.58204e-08 3.08417e-08 2.53045e-08 1.90413e-08 1.18027e-08 3.47965e-09
-5.67541e-09-1.49782e-08-2.34723e-08-3.02292e-08-3.46027e-08-3.63266e-08
-3.54732e-08-3.23494e-08-2.74033e-08-2.11903e-08-1.44167e-08-8.01345e-09
-3.12724e-09-6.08762e-10
     0.0000e+00     0.0000e+00      0  0  0.00
     512   1.00000  0.0000e+00
-2.10797e-08-2.20624e-08-2.25219e-08-2.23293e-08-2.13765e-08-1.96154e-08
-1.71145e-08-1.41043e-08-1.09858e-08-8.28554e-09-6.55184e-09-6.19235e-09
-7.26635e-09-9.26701e-09-1.09518e-08-1.02929e-08-4.61877e-09 9.00050e-09
 3.31113e-08 6.90259e-08 1.15878e-07 1.69751e-07 2.23140e-07 2.65320e-07
 2.83996e-07 2.67603e-07 2.08881e-07 1.10582e-07-1.14465e-08-1.32385e-07
-2.26251e-07-2.73768e-07-2.69641e-07-2.25544e-07-1.65888e-07-1.17438e-07
-9.72991e-08-1.06644e-07-1.33807e-07-1.63254e-07-1.83575e-07-1.89101e-07
-1.76127e-07-1.40658e-07-8.31558e-08-1.74303e-08 2.97730e-08 4.10450e-08
 3.68193e-08 6.67513e-08 1.56986e-07 2.76376e-07 3.64667e-07 3.79300e-07
 3.10697e-07 1.74015e-07 1.93032e-09-1.58650e-07-2.55105e-07-2.46293e-07
-1.21975e-07 8.57910e-08 3.07281e-07 4.56911e-07 4.65768e-07 3.15063e-07
 5.46454e-08-2.12007e-07-3.77158e-07-3.88546e-07-2.81997e-07-1.55656e-07
-9.50439e-08-1.07572e-07-1.28209e-07-9.60666e-08-2.11811e-08 3.64277e-08
 4.49102e-08 3.05165e-08 2.75814e-08 3.39675e-08 3.27068e-08 2.54459e-08
 2.15966e-08 1.92024e-08 1.49743e-08 1.26869e-08 1.28024e-08 1.16805e-08
 1.01842e-08 9.98290e-09 9.22228e-09 7.84495e-09 7.27157e-09 6.52371e-09
 5.32357e-09 4.70912e-09 4.12676e-09 3.33221e-09 2.98509e-09 2.64570e-09
 2.16839e-09 1.95705e-09 1.63017e-09 1.14903e-09 7.31233e-10 1.24295e-10
-4.90650e-10-9.16138e-10-1.26866e-09-1.42044e-09-1.46574e-09-1.57097e-09
-1.66878e-09-1.82203e-09-1.99257e-09-2.10932e-09-2.21296e-09-2.22573e-09
-2.11719e-09-1.89128e-09-1.56261e-09-1.24480e-09-1.00319e-09-8.64217e-10
-7.97285e-10-7.03595e-10-5.12629e-10-2.02555e-10 1.57018e-10 4.49982e-10
 5.97026e-10 5.89756e-10 5.02477e-10 4.40902e-10 4.83199e-10 6.29016e-10
 7.94455e-10 8.75848e-10 8.23382e-10 6.66691e-10 4.73901e-10 2.94362e-10
 1.33680e-10-2.92352e-11-2.07030e-10-3.84613e-10-5.29752e-10-6.20661e-10
-6.63567e-10-6.89529e-10-7.34884e-10-8.18981e-10-9.38547e-10-1.07059e-09
-1.16542e-09-1.15721e-09-1.01319e-09-7.67267e-10-4.91605e-10-2.48520e-10
-7.13037e-11 3.93075e-11 1.13511e-10 1.94229e-10 3.18099e-10 5.05135e-10
 7.42607e-10 9.85116e-10 1.18884e-09 1.33282e-09 1.40500e-09 1.39836e-09
 1.32990e-09 1.24554e-09 1.20224e-09 1.23948e-09 1.34737e-09 1.46869e-09
 1.55574e-09 1.61742e-09 1.69835e-09 1.83357e-09 2.03539e-09 2.30073e-09
 2.61642e-09 2.96281e-09 3.30670e-09 3.58660e-09 3.72386e-09 3.66051e-09
 3.38410e-09 2.92594e-09 2.34068e-09 1.67314e-09 9.37651e-10 1.30688e-10
-7.36425e-10-1.61410e-09-2.42609e-09-3.10567e-09-3.61551e-09-3.94221e-09
-4.08616e-09-4.05882e-09-3.89500e-09-3.66330e-09-3.44506e-09-3.29423e-09
-3.21121e-09-3.15099e-09-3.06924e-09-2.96630e-09-2.88570e-09-2.87771e-09
-2.96149e-09-3.11624e-09-3.30590e-09-3.49887e-09-3.66357e-09-3.76006e-09
-3.74154e-09-3.57409e-09-3.26607e-09-2.86685e-09-2.42171e-09-1.92734e-09
-1.33350e-09-5.86348e-10 3.24334e-10 1.34616e-09 2.38905e-09 3.37624e-09
 4.26678e-09 5.03492e-09 5.65221e-09 6.08951e-09 6.32295e-09 6.34137e-09
 6.14237e-09 5.70964e-09 5.00820e-09 4.02040e-09 2.78275e-09 1.38358e-09
-6.42604e-11-1.45488e-09-2.72068e-09-3.83913e-09-4.80507e-09-5.61009e-09
-6.24073e-09-6.66653e-09-6.83770e-09-6.72323e-09-6.35138e-09-5.80969e-09
-5.21115e-09-4.64038e-09-4.10494e-09-3.53854e-09-2.86252e-09-2.04781e-09
-1.12412e-09-1.48333e-10 8.26984e-10 1.76803e-09 2.65330e-09 3.45147e-09
 4.10992e-09 4.56516e-09 4.76442e-09 4.69454e-09 4.40490e-09 4.00666e-09
 3.65530e-09 3.52056e-09 3.74177e-09 4.38739e-09 5.43373e-09 6.76456e-09
 8.19123e-09 9.47975e-09 1.03827e-08 1.06873e-08 1.02608e-08 9.07375e-09
 7.21121e-09 4.87261e-09 2.34923e-09-2.99132e-11-1.97932e-09-3.32950e-09
-4.05648e-09-4.26970e-09-4.17217e-09-4.00796e-09-4.00536e-09-4.31338e-09
-4.94900e-09-5.78529e-09-6.58607e-09-7.07367e-09-7.00892e-09-6.25953e-09
-4.84243e-09-2.93122e-09-8.22306e-10 1.13380e-09 2.61973e-09 3.43171e-09
 3.52763e-09 3.03045e-09 2.18361e-09 1.26693e-09 5.04635e-10 2.80609e-13
-2.79938e-10-4.73441e-10-7.56075e-10-1.26737e-09-2.04677e-09-3.00582e-09
-3.94969e-09-4.64029e-09-4.87715e-09-4.56488e-09-3.74747e-09-2.60356e-09
-1.40170e-09-4.23288e-10 1.24710e-10 1.78689e-10-1.56746e-10-6.40654e-10
-9.75705e-10-9.09084e-10-3.18088e-10 7.48571e-10 2.08576e-09 3.40170e-09
 4.42143e-09 4.98207e-09 5.07756e-09 4.83174e-09 4.41587e-09 3.95691e-09
 3.48307e-09 2.92710e-09 2.17949e-09 1.16535e-09-8.91728e-11-1.43238e-09
-2.61918e-09-3.39215e-09-3.58117e-09-3.17707e-09-2.34305e-09-1.36122e-09
-5.44331e-10-1.46726e-10-2.96319e-10-9.60075e-10-1.95186e-09-2.98578e-09
-3.76357e-09-4.06572e-09-3.80980e-09-3.05456e-09-1.95613e-09-7.01998e-10
 5.48274e-10 1.69519e-09 2.69639e-09 3.52975e-09 4.14017e-09 4.40965e-09
 4.18782e-09 3.38198e-09 2.05682e-09 4.75551e-10-9.57319e-10-1.83390e-09
-1.89844e-09-1.15135e-09 1.43076e-10 1.54961e-09 2.62030e-09 3.05576e-09
 2.79898e-09 2.01578e-09 9.78250e-10-7.29399e-11-1.00532e-09-1.77880e-09
-2.37279e-09-2.72617e-09-2.73871e-09-2.33027e-09-1.51617e-09-4.53189e-10
 5.73452e-10 1.23026e-09 1.26068e-09 6.01229e-10-5.75177e-10-1.92045e-09
-3.04809e-09-3.67153e-09-3.67763e-09-3.12035e-09-2.16703e-09-1.03685e-09
 5.20384e-11 9.28889e-10 1.50687e-09 1.79409e-09 1.87164e-09 1.85412e-09
 1.85550e-09 1.96751e-09 2.24208e-09 2.67416e-09 3.19699e-09 3.70246e-09
 4.07612e-09 4.22134e-09 4.06286e-09 3.55080e-09 2.69152e-09 1.59256e-09
 4.70340e-10-4.17854e-10-8.95527e-10-9.67291e-10-8.28490e-10-7.73917e-10
-1.05588e-09-1.76225e-09-2.76882e-09-3.78824e-09-4.50080e-09-4.70845e-09
-4.42423e-09-3.83809e-09-3.18800e-09-2.63916e-09-2.26103e-09-2.09598e-09
-2.22543e-09-2.74516e-09-3.65551e-09-4.76129e-09-5.67856e-09-5.97004e-09
-5.34677e-09-3.83505e-09-1.81640e-09 1.02486e-10 1.34707e-09 1.63056e-09
 1.05893e-09 2.37892e-11-1.02916e-09-1.77989e-09-2.05257e-09-1.72437e-09
-6.69066e-10 1.18124e-09 3.70989e-09 6.55043e-09 9.16053e-09 1.10108e-08
 1.17947e-08 1.15549e-08 1.06577e-08 9.60773e-09 8.79916e-09 8.36186e-09
 8.21982e-09 8.31050e-09 8.76924e-09 9.90846e-09 1.20069e-08 1.50888e-08
 1.88529e-08 2.27497e-08 2.60795e-08 2.80149e-08 2.75775e-08 2.36612e-08
 1.51802e-08 1.36847e-09-1.77756e-08-4.09823e-08-6.53433e-08-8.64237e-08
-9.91584e-08-9.94090e-08-8.55168e-08-5.91209e-08-2.49391e-08 1.03692e-08
 3.99195e-08 5.84524e-08 6.37675e-08 5.72122e-08 4.29623e-08 2.63087e-08
 1.16356e-08 2.61217e-09
     0.0000e+00     0.0000e+00      0  0  0.00
     512   1.00000  0.0000e+00
-3.66194e-09-5.17134e-09-6.42228e-09-7.21941e-09-7.45533e-09-7.18139e-09
-6.64695e-09-6.29036e-09-6.67536e-09-8.37805e-09-1.18398e-08-1.72067e-08
-2.41724e-08-3.18448e-08-3.86690e-08-4.24594e-08-4.05975e-08-3.04379e-08
-9.93287e-09 2.15680e-08 6.24531e-08 1.08104e-07 1.50525e-07 1.79407e-07
 1.85851e-07 1.65963e-07 1.20629e-07 5.46919e-08-2.17961e-08-9.46707e-08
-1.50276e-07-1.79707e-07-1.81501e-07-1.62522e-07-1.34898e-07-1.09716e-07
-9.19635e-08-7.96654e-08-6.74771e-08-5.26679e-08-3.86281e-08-3.25726e-08
-3.95382e-08-5.77787e-08-7.88483e-08-9.09687e-08-8.18921e-08-4.09482e-08
 3.67380e-08 1.45719e-07 2.71690e-07 3.97366e-07 5.04526e-07 5.72059e-07
 5.77155e-07 5.01799e-07 3.40532e-07 1.05884e-07-1.70028e-07-4.39386e-07
-6.48630e-07-7.52333e-07-7.27342e-07-5.82646e-07-3.59602e-07-1.19648e-07
 7.72739e-08 1.94794e-07 2.31922e-07 2.17143e-07 1.87274e-07 1.64564e-07
 1.47750e-07 1.22969e-07 8.37275e-08 4.00946e-08 8.41361e-09-5.33049e-09
-8.65685e-09-1.07414e-08-1.30867e-08-1.30891e-08-1.08498e-08-8.53248e-09
-6.72885e-09-5.01802e-09-3.70621e-09-2.97920e-09-2.36910e-09-1.79082e-09
-1.47686e-09-1.25390e-09-9.76291e-10-7.79564e-10-6.14126e-10-3.97477e-10
-2.55537e-10-2.13838e-10-2.28280e-10-3.56437e-10-5.70432e-10-7.92566e-10
-1.01681e-09-1.19269e-09-1.27779e-09-1.29906e-09-1.25170e-09-1.13922e-09
-9.93512e-10-8.18346e-10-6.31526e-10-4.53460e-10-2.85780e-10-1.46640e-10
-4.35337e-11 2.94784e-11 7.30452e-11 9.51604e-11 9.58187e-11 7.02421e-11
 1.77892e-11-6.65406e-11-1.80840e-10-3.15533e-10-4.55911e-10-5.85678e-10
-6.97645e-10-7.89294e-10-8.59836e-10-9.08413e-10-9.31074e-10-9.22667e-10
-8.77597e-10-7.94678e-10-6.79147e-10-5.37966e-10-3.76610e-10-1.97548e-10
 1.20320e-13 2.17704e-10 4.52201e-10 6.95091e-10 9.35192e-10 1.16156e-09
 1.36401e-09 1.53449e-09 1.66887e-09 1.76461e-09 1.81973e-09 1.83492e-09
 1.81127e-09 1.74771e-09 1.64282e-09 1.49367e-09 1.29499e-09 1.04694e-09
 7.59073e-10 4.41793e-10 1.04307e-10-2.37626e-10-5.67841e-10-8.82276e-10
-1.18078e-09-1.45421e-09-1.69050e-09-1.88163e-09-2.02103e-09-2.10711e-09
-2.14453e-09-2.13065e-09-2.05336e-09-1.90835e-09-1.70461e-09-1.45576e-09
-1.17685e-09-8.77919e-10-5.56218e-10-2.09830e-10 1.42834e-10 4.75452e-10
 7.80426e-10 1.06464e-09 1.32717e-09 1.55656e-09 1.73953e-09 1.86686e-09
 1.94326e-09 1.98607e-09 2.00252e-09 1.97823e-09 1.89391e-09 1.74424e-09
 1.53967e-09 1.29272e-09 1.00201e-09 6.54651e-10 2.45663e-10-2.08847e-10
-6.78528e-10-1.14030e-09-1.58946e-09-2.02214e-09-2.41682e-09-2.74054e-09
-2.96292e-09-3.06694e-09-3.05423e-09-2.93272e-09-2.70335e-09-2.36669e-09
-1.93273e-09-1.42387e-09-8.70660e-10-2.95472e-10 2.91286e-10 8.74467e-10
 1.42916e-09 1.92817e-09 2.34625e-09 2.66815e-09 2.89035e-09 3.00845e-09
 3.01489e-09 2.90933e-09 2.69937e-09 2.39603e-09 2.01378e-09 1.56808e-09
 1.07190e-09 5.40968e-10 9.52627e-13-5.16493e-10-9.85669e-10-1.39084e-09
-1.71800e-09-1.95138e-09-2.07845e-09-2.08798e-09-1.97037e-09-1.72934e-09
-1.37915e-09-9.30048e-10-3.95937e-10 1.92902e-10 7.98463e-10 1.38075e-09
 1.89603e-09 2.30989e-09 2.60284e-09 2.75194e-09 2.72743e-09 2.51300e-09
 2.11413e-09 1.55361e-09 8.70022e-10 1.10945e-10-6.74395e-10-1.43008e-09
-2.09032e-09-2.59415e-09-2.90711e-09-3.02789e-09-2.97531e-09-2.77580e-09
-2.46393e-09-2.08667e-09-1.70486e-09-1.38248e-09-1.15578e-09-1.00956e-09
-8.87811e-10-7.20485e-10-4.44167e-10-1.25212e-11 6.00190e-10 1.38772e-09
 2.28923e-09 3.17693e-09 3.87045e-09 4.17856e-09 3.95021e-09 3.10656e-09
 1.65629e-09-2.89390e-10-2.51178e-09-4.70061e-09-6.49501e-09-7.55460e-09
-7.63710e-09-6.64927e-09-4.66869e-09-1.93793e-09 1.17064e-09 4.20892e-09
 6.72708e-09 8.36278e-09 8.91266e-09 8.36634e-09 6.90286e-09 4.84390e-09
 2.57880e-09 4.88012e-10-1.12957e-09-2.11393e-09-2.46248e-09-2.30948e-09
-1.87587e-09-1.39705e-09-1.05595e-09-9.44453e-10-1.05191e-09-1.28330e-09
-1.50540e-09-1.59886e-09-1.50139e-09-1.23412e-09-8.94081e-10-6.15941e-10
-5.24658e-10-6.88575e-10-1.08643e-09-1.60871e-09-2.08933e-09-2.35268e-09
-2.26835e-09-1.79367e-09-9.85123e-10 1.87003e-11 1.03811e-09 1.90845e-09
 2.52722e-09 2.87609e-09 3.01644e-09 3.05609e-09 3.09881e-09 3.20072e-09
 3.34687e-09 3.45475e-09 3.40737e-09 3.10064e-09 2.48434e-09 1.58680e-09
 5.12205e-10-5.92677e-10-1.58590e-09-2.37290e-09-2.93191e-09-3.31011e-09
-3.59162e-09-3.85442e-09-4.13204e-09-4.39409e-09-4.55719e-09-4.52019e-09
-4.20624e-09-3.59771e-09-2.74956e-09-1.77222e-09-7.92619e-10 8.89678e-11
 8.30615e-10 1.45503e-09 2.02729e-09 2.61638e-09 3.25627e-09 3.92172e-09
 4.53184e-09 4.98032e-09 5.17684e-09 5.08156e-09 4.71904e-09 4.16534e-09
 3.51420e-09 2.83831e-09 2.16298e-09 1.46548e-09 6.99382e-10-1.69881e-10
-1.13436e-09-2.13168e-09-3.06036e-09-3.81661e-09-4.33323e-09-4.60235e-09
-4.67194e-09-4.61766e-09-4.50421e-09-4.35461e-09-4.14116e-09-3.80327e-09
-3.28492e-09-2.57128e-09-1.70497e-09-7.75843e-10 1.09676e-10 8.66982e-10
 1.46102e-09 1.90929e-09 2.26038e-09 2.56208e-09 2.83705e-09 3.07759e-09
 3.25994e-09 3.36878e-09 3.41721e-09 3.44700e-09 3.50550e-09 3.61087e-09
 3.72663e-09 3.76159e-09 3.59814e-09 3.13791e-09 2.34728e-09 1.28320e-09
 8.54253e-11-1.06350e-09-1.99164e-09-2.58190e-09-2.79449e-09-2.66652e-09
-2.29544e-09-1.81805e-09-1.39524e-09-1.20184e-09-1.40970e-09-2.15407e-09
-3.48677e-09-5.33259e-09-7.46816e-09-9.53802e-09-1.11147e-08-1.17938e-08
-1.12955e-08-9.53537e-09-6.64162e-09-2.91988e-09 1.21682e-09 5.32785e-09
 9.01531e-09 1.19731e-08 1.40138e-08 1.50813e-08 1.52514e-08 1.47144e-08
 1.37320e-08 1.25731e-08 1.14464e-08 1.04473e-08 9.53920e-09 8.58190e-09
 7.40319e-09 5.88088e-09 3.99662e-09 1.84020e-09-4.30133e-10-2.64889e-09
-4.69956e-09-6.54453e-09-8.21996e-09-9.80423e-09-1.13812e-08-1.30140e-08
-1.47280e-08-1.64963e-08-1.82292e-08-1.97763e-08-2.09472e-08-2.15506e-08
-2.14464e-08-2.05950e-08-1.90728e-08-1.70403e-08-1.46753e-08-1.21079e-08
-9.38473e-09-6.47535e-09-3.31525e-09 1.33059e-10 3.83275e-09 7.66472e-09
 1.14584e-08 1.50352e-08 1.82395e-08 2.09565e-08 2.31196e-08 2.47120e-08
 2.57550e-08 2.62872e-08 2.63393e-08 2.59048e-08 2.49213e-08 2.32813e-08
 2.08833e-08 1.77019e-08 1.38393e-08 9.53425e-09 5.12179e-09 9.48722e-10
-2.74157e-09-5.90143e-09-8.67471e-09-1.12754e-08-1.38176e-08-1.61918e-08
-1.80417e-08-1.88552e-08-1.81560e-08-1.57415e-08-1.18683e-08-7.29689e-09
-3.16307e-09-6.82138e-10
     0.0000e+00     0.0000e+00      0  0  0.00
     512   1.00000  0.0000e+00
-1.26936e-08-1.30259e-08-1.29325e-08-1.24108e-08-1.15289e-08-1.04312e-08
-9.32200e-09-8.42912e-09-7.95310e-09-8.00899e-09-8.56515e-09-9.38269e-09
-9.96726e-09-9.55586e-09-7.16468e-09-1.71787e-09 7.73615e-09 2.17331e-08
 4.00607e-08 6.14415e-08 8.33122e-08 1.01789e-07 1.11955e-07 1.09307e-07
 9.24529e-08 6.38446e-08 2.77932e-08-9.89404e-09-4.15198e-08-6.01041e-08
-6.25892e-08-5.10878e-08-3.20839e-08-1.34648e-08-1.25895e-09 2.17355e-09
-1.45851e-09-7.94869e-09-1.39906e-08-1.97468e-08-2.84098e-08-4.36588e-08
-6.74999e-08-9.98378e-08-1.38998e-07-1.81959e-07-2.24566e-07-2.62324e-07
-2.90177e-07-2.99974e-07-2.78905e-07-2.12757e-07-9.23636e-08 8.06584e-08
 2.90637e-07 5.07943e-07 6.93165e-07 8.04844e-07 8.09403e-07 6.91668e-07
 4.63045e-07 1.63099e-07-1.47921e-07-4.04830e-07-5.57358e-07-5.86734e-07
-5.11593e-07-3.78821e-07-2.41793e-07-1.36771e-07-7.05164e-08-2.66240e-08
 1.40211e-08 5.52006e-08 8.49067e-08 9.14391e-08 7.79453e-08 5.91048e-08
 4.56611e-08 3.68962e-08 2.81343e-08 1.92718e-08 1.28576e-08 8.96815e-09
 6.12361e-09 4.10372e-09 3.00385e-09 2.11707e-09 1.20379e-09 6.47713e-10
 3.37645e-10 4.30786e-11-3.60029e-11 1.02730e-10 2.67076e-10 5.42332e-10
 9.41869e-10 1.31046e-09 1.66631e-09 2.00141e-09 2.20372e-09 2.29107e-09
 2.27444e-09 2.12402e-09 1.90733e-09 1.65647e-09 1.36846e-09 1.09079e-09
 8.23666e-10 5.54341e-10 2.98048e-10 4.58687e-11-1.89770e-10-3.93893e-10
-5.79724e-10-7.41867e-10-8.77058e-10-9.88992e-10-1.07794e-09-1.15612e-09
-1.22642e-09-1.28936e-09-1.35182e-09-1.41022e-09-1.45384e-09-1.46958e-09
-1.45628e-09-1.42510e-09-1.37985e-09-1.31524e-09-1.22330e-09-1.09897e-09
-9.37715e-10-7.37011e-10-5.09370e-10-2.80096e-10-6.81135e-11 1.26564e-10
 3.14399e-10 5.01164e-10 6.86527e-10 8.68289e-10 1.03854e-09 1.18123e-09
 1.28124e-09 1.33449e-09 1.34606e-09 1.31719e-09 1.24017e-09 1.11175e-09
 9.42697e-10 7.46923e-10 5.31837e-10 3.06297e-10 8.44619e-11-1.28375e-10
-3.39722e-10-5.51986e-10-7.55008e-10-9.35051e-10-1.07799e-09-1.17032e-09
-1.20329e-09-1.17325e-09-1.08448e-09-9.51216e-10-7.84590e-10-5.83083e-10
-3.49179e-10-1.01403e-10 1.46596e-10 3.99550e-10 6.60005e-10 9.15531e-10
 1.14880e-09 1.34097e-09 1.47246e-09 1.53451e-09 1.53136e-09 1.46671e-09
 1.33670e-09 1.13602e-09 8.65919e-10 5.38708e-10 1.73899e-10-2.16779e-10
-6.33359e-10-1.06446e-09-1.47439e-09-1.82649e-09-2.10172e-09-2.29127e-09
-2.38852e-09-2.38470e-09-2.27041e-09-2.04645e-09-1.72547e-09-1.32592e-09
-8.67604e-10-3.64344e-10 1.70541e-10 7.09735e-10 1.21705e-09 1.66297e-09
 2.03343e-09 2.32976e-09 2.55224e-09 2.68826e-09 2.72731e-09 2.67229e-09
 2.53080e-09 2.30684e-09 1.99878e-09 1.60631e-09 1.14281e-09 6.32839e-10
 1.01598e-10-4.28628e-10-9.43369e-10-1.43459e-09-1.88789e-09-2.28221e-09
-2.60125e-09-2.83472e-09-2.97418e-09-3.01104e-09-2.93414e-09-2.73842e-09
-2.43753e-09-2.05434e-09-1.60383e-09-1.09681e-09-5.48378e-10 2.53743e-11
 6.06104e-10 1.16870e-09 1.69020e-09 2.15518e-09 2.54590e-09 2.84222e-09
 3.03288e-09 3.11590e-09 3.09235e-09 2.96376e-09 2.72901e-09 2.38300e-09
 1.92576e-09 1.37218e-09 7.44197e-10 6.10518e-11-6.50192e-10-1.34660e-09
-1.98215e-09-2.51789e-09-2.92242e-09-3.17532e-09-3.26324e-09-3.17033e-09
-2.88816e-09-2.43838e-09-1.87639e-09-1.27186e-09-6.86918e-10-1.65105e-10
 2.69622e-10 6.07438e-10 8.51744e-10 1.03076e-09 1.19901e-09 1.41346e-09
 1.70988e-09 2.09163e-09 2.52437e-09 2.94261e-09 3.25648e-09 3.35119e-09
 3.10445e-09 2.42410e-09 1.28573e-09-2.38696e-10-1.98136e-09-3.70918e-09
-5.15450e-09-6.04893e-09-6.17307e-09-5.40597e-09-3.76720e-09-1.43934e-09
 1.25459e-09 3.90613e-09 6.08785e-09 7.42888e-09 7.68223e-09 6.77277e-09
 4.82548e-09 2.15235e-09-8.09526e-10-3.58483e-09-5.75125e-09-7.01596e-09
-7.25942e-09-6.54624e-09-5.10274e-09-3.25691e-09-1.35647e-09 3.07730e-10
 1.55661e-09 2.34403e-09 2.73895e-09 2.87998e-09 2.91905e-09 2.96700e-09
 3.05833e-09 3.14700e-09 3.12998e-09 2.89211e-09 2.36016e-09 1.53969e-09
 5.22075e-10-5.33982e-10-1.44527e-09-2.05860e-09-2.29537e-09-2.17487e-09
-1.80784e-09-1.35770e-09-9.87083e-10-8.08413e-10-8.50103e-10-1.05143e-09
-1.28944e-09-1.42524e-09-1.35471e-09-1.04676e-09-5.53830e-10 7.64344e-12
 4.98824e-10 8.08825e-10 8.94341e-10 7.92083e-10 6.01471e-10 4.45535e-10
 4.22820e-10 5.69173e-10 8.45734e-10 1.15604e-09 1.38531e-09 1.44681e-09
 1.31470e-09 1.03076e-09 6.84785e-10 3.75043e-10 1.65591e-10 6.06894e-11
 6.00986e-12-8.50120e-11-2.89599e-10-6.37003e-10-1.08958e-09-1.55062e-09
-1.89710e-09-2.02542e-09-1.88996e-09-1.51904e-09-1.00318e-09-4.60804e-10
 4.81870e-12 3.38997e-10 5.46459e-10 6.77085e-10 7.93256e-10 9.34287e-10
 1.09561e-09 1.23156e-09 1.27955e-09 1.19475e-09 9.77677e-10 6.79077e-10
 3.78942e-10 1.50110e-10 2.36728e-11-2.73841e-11-7.72149e-11-2.11932e-10
-4.85486e-10-8.87962e-10-1.34240e-09-1.73208e-09-1.94534e-09-1.91675e-09
-1.64674e-09-1.19277e-09-6.38617e-10-5.81302e-11 5.07353e-10 1.04737e-09
 1.56088e-09 2.03003e-09 2.40522e-09 2.61274e-09 2.58395e-09 2.29136e-09
 1.77087e-09 1.11760e-09 4.55975e-10-1.02455e-10-4.94763e-10-7.21470e-10
-8.36115e-10-9.15628e-10-1.02661e-09-1.20464e-09-1.45457e-09-1.76523e-09
-2.12421e-09-2.52088e-09-2.93417e-09-3.31196e-09-3.55624e-09-3.52872e-09
-3.08198e-09-2.10829e-09-5.88476e-10 1.37777e-09 3.57378e-09 5.70257e-09
 7.44697e-09 8.53201e-09 8.77093e-09 8.08765e-09 6.52176e-09 4.22428e-09
 1.44715e-09-1.47717e-09-4.17136e-09-6.26699e-09-7.47275e-09-7.64289e-09
-6.82161e-09-5.24096e-09-3.26616e-09-1.30315e-09 3.01545e-10 1.33455e-09
 1.74004e-09 1.59564e-09 1.06044e-09 3.20664e-10-4.50743e-10-1.11831e-09
-1.59723e-09-1.85942e-09-1.93307e-09-1.89187e-09-1.82826e-09-1.81102e-09
-1.84162e-09-1.83533e-09-1.64579e-09-1.12677e-09-2.02922e-10 1.08368e-09
 2.57421e-09 4.04161e-09 5.26340e-09 6.08524e-09 6.44968e-09 6.38578e-09
 5.97540e-09 5.31833e-09 4.50964e-09 3.63039e-09 2.74369e-09 1.88727e-09
 1.06357e-09 2.40717e-10-6.24764e-10-1.55197e-09-2.51221e-09-3.43892e-09
-4.26923e-09-4.99614e-09-5.70311e-09-6.55794e-09-7.75789e-09-9.44236e-09
-1.16083e-08-1.40619e-08-1.64181e-08-1.81370e-08-1.85810e-08-1.70919e-08
-1.30982e-08-6.26398e-09 3.32531e-09 1.49730e-08 2.72424e-08 3.80131e-08
 4.48658e-08 4.57852e-08 3.99145e-08 2.80034e-08 1.23397e-08-3.82475e-09
-1.71651e-08-2.52113e-08-2.70267e-08-2.34189e-08-1.65802e-08-9.23610e-09
-3.59961e-09-7.10232e-10
