      10
(6e12.5)
     0.0000e+00     0.0000e+00      0  0  0.00
     512   1.00000  0.0000e+00
 2.61418e-08 2.90557e-08 3.13440e-08 3.29737e-08 3.39550e-08 3.43429e-08
 3.42343e-08 3.37617e-08 3.30833e-08 3.23677e-08 3.17758e-08 3.14379e-08
 3.14311e-08 3.17550e-08 3.23117e-08 3.28901e-08 3.31573e-08 3.26566e-08
 3.08169e-08 2.69772e-08 2.04271e-08 1.04571e-08-3.57789e-09-2.21746e-08
-4.55838e-08-7.37075e-08-1.05999e-07-1.41379e-07-1.78181e-07-2.14149e-07
-2.46494e-07-2.72022e-07-2.87338e-07-2.89108e-07-2.74368e-07-2.40849e-07
-1.87302e-07-1.13800e-07-2.20038e-08 8.46679e-08 2.00971e-07 3.19942e-07
 4.33225e-07 5.31695e-07 6.06249e-07 6.48610e-07 6.52128e-07 6.12746e-07
 5.29905e-07 4.06766e-07 2.50068e-07 7.02834e-08-1.18687e-07-3.01119e-07
-4.61207e-07-5.84388e-07-6.59179e-07-6.79226e-07-6.44700e-07-5.62872e-07
-4.47025e-07-3.13512e-07-1.78387e-07-5.46579e-08 4.95467e-08 1.31464e-07
 1.92345e-07 2.34718e-07 2.60035e-07 2.68055e-07 2.58045e-07 2.30870e-07
 1.90476e-07 1.43456e-07 9.67898e-08 5.52643e-08 2.04046e-08-8.37122e-09
-3.15047e-08-4.80033e-08-5.62179e-08-5.57649e-08-4.85138e-08-3.75518e-08
-2.52097e-08-1.22248e-08 1.23685e-09 1.41586e-08 2.46924e-08 3.15314e-08
 3.47868e-08 3.52587e-08 3.32235e-08 2.84246e-08 2.10827e-08 1.22582e-08
 3.02319e-09-6.21783e-09-1.52878e-08-2.35932e-08-3.03943e-08-3.54333e-08
-3.88222e-08-4.05122e-08-4.03292e-08-3.83882e-08-3.50499e-08-3.05674e-08
-2.51047e-08-1.89755e-08-1.25785e-08-6.20008e-09-6.29745e-11 5.56631e-09
 1.04507e-08 1.44571e-08 1.75042e-08 1.95335e-08 2.05511e-08 2.06308e-08
 1.98806e-08 1.84392e-08 1.64790e-08 1.41879e-08 1.17528e-08 9.35141e-09
 7.13832e-09 5.23039e-09 3.70038e-09 2.57362e-09 1.82717e-09 1.39565e-09
 1.18163e-09 1.06768e-09 9.30091e-10 6.53426e-10 1.44491e-10-6.56250e-10
-1.76707e-09-3.16161e-09-4.76988e-09-6.48418e-09-8.17007e-09-9.68114e-09
-1.08755e-08-1.16322e-08-1.18660e-08-1.15374e-08-1.06578e-08-9.28664e-09
-7.52324e-09-5.49479e-09-3.34102e-09-1.19798e-09 8.17044e-10 2.61671e-09
 4.14908e-09 5.39702e-09 6.37261e-09 7.10794e-09 7.64390e-09 8.01869e-09
 8.25819e-09 8.37012e-09 8.34349e-09 8.15311e-09 7.76779e-09 7.15995e-09
 6.31473e-09 5.23717e-09 3.95585e-09 2.52205e-09 1.00373e-09-5.23851e-10
-1.98847e-09-3.32984e-09-4.50568e-09-5.49417e-09-6.29221e-09-6.91001e-09
-7.36295e-09-7.66331e-09-7.81424e-09-7.80731e-09-7.62424e-09-7.24222e-09
-6.64160e-09-5.81358e-09-4.76628e-09-3.52756e-09-2.14379e-09-6.74606e-10
 8.14954e-10 2.26303e-09 3.61838e-09 4.84459e-09 5.92006e-09 6.83410e-09
 7.58113e-09 8.15459e-09 8.54241e-09 8.72546e-09 8.67953e-09 8.38064e-09
 7.81229e-09 6.97247e-09 5.87779e-09 4.56355e-09 3.08008e-09 1.48669e-09
-1.55734e-10-1.79167e-09-3.37541e-09-4.87137e-09-6.25088e-09-7.48707e-09
-8.55007e-09-9.40417e-09-1.00085e-08-1.03217e-08-1.03088e-08-9.94835e-09
-9.23774e-09-8.19559e-09-6.86018e-09-5.28434e-09-3.52839e-09-1.65332e-09
 2.83660e-10 2.23002e-09 4.13541e-09 5.94752e-09 7.60878e-09 9.05580e-09
 1.02225e-08 1.10462e-08 1.14762e-08 1.14810e-08 1.10530e-08 1.02103e-08
 8.99277e-09 7.45631e-09 5.66586e-09 3.68990e-09 1.59772e-09-5.40236e-10
-2.65021e-09-4.65344e-09-6.46681e-09-8.00708e-09-9.19820e-09-9.98025e-09
-1.03175e-08-1.02033e-08-9.66022e-09-8.73619e-09-7.49686e-09-6.01839e-09
-4.38145e-09-2.66783e-09-9.59076e-10 6.64290e-10 2.12455e-09 3.35070e-09
 4.28470e-09 4.88892e-09 5.15270e-09 5.09532e-09 4.76434e-09 4.22940e-09
 3.57299e-09 2.88037e-09 2.23124e-09 1.69404e-09 1.32258e-09 1.15384e-09
 1.20579e-09 1.47466e-09 1.93213e-09 2.52392e-09 3.17155e-09 3.77811e-09
 4.23808e-09 4.45013e-09 4.33034e-09 3.82293e-09 2.90684e-09 1.59805e-09
-5.16334e-11-1.95839e-09-4.01183e-09-6.08103e-09-8.02163e-09-9.68515e-09
-1.09314e-08-1.16428e-08-1.17387e-08-1.11865e-08-1.00065e-08-8.27058e-09
-6.09298e-09-3.61658e-09-9.98056e-10 1.60592e-09 4.05028e-09 6.21080e-09
 7.99134e-09 9.32924e-09 1.01988e-08 1.06118e-08 1.06147e-08 1.02788e-08
 9.68760e-09 8.92090e-09 8.04163e-09 7.08757e-09 6.06975e-09 4.97764e-09
 3.78874e-09 2.47963e-09 1.03508e-09-5.46028e-10-2.24752e-09-4.03405e-09
-5.85017e-09-7.62162e-09-9.26022e-09-1.06726e-08-1.17719e-08-1.24893e-08
-1.27839e-08-1.26469e-08-1.21000e-08-1.11863e-08-9.95888e-09-8.46849e-09
-6.75609e-09-4.84972e-09-2.76578e-09-5.12634e-10 1.90495e-09 4.48073e-09
 7.20115e-09 1.00383e-08 1.29426e-08 1.58379e-08 1.86202e-08 2.11614e-08
 2.33187e-08 2.49443e-08 2.58967e-08 2.60473e-08 2.52845e-08 2.35147e-08
 2.06641e-08 1.66841e-08 1.15611e-08 5.32862e-09-1.91980e-09-1.00201e-08
-1.87308e-08-2.77310e-08-3.66242e-08-4.49482e-08-5.21932e-08-5.78285e-08
-6.13388e-08-6.22669e-08-6.02580e-08-5.51011e-08-4.67610e-08-3.54004e-08
-2.13896e-08-5.30339e-09 1.20932e-08 2.98760e-08 4.70090e-08 6.24117e-08
 7.50425e-08 8.39888e-08 8.85538e-08 8.83263e-08 8.32276e-08 7.35287e-08
 5.98386e-08 4.30618e-08 2.43281e-08 4.89832e-09-1.39456e-08-3.10140e-08
-4.53134e-08-5.61248e-08-6.30475e-08-6.59991e-08-6.51786e-08-6.10094e-08
-5.40777e-08-4.50743e-08-3.47381e-08-2.38011e-08-1.29427e-08-2.75638e-09
 6.27343e-09 1.37866e-08 1.95545e-08 2.34796e-08 2.55864e-08 2.60077e-08
 2.49645e-08 2.27387e-08 1.96423e-08 1.59889e-08 1.20709e-08 8.14607e-09
 4.42989e-09 1.09284e-09-1.73973e-09-3.98623e-09-5.60692e-09-6.60049e-09
-6.99842e-09-6.85818e-09-6.25635e-09-5.28226e-09-4.03139e-09-2.59829e-09
-1.07005e-09 4.78083e-10 1.98374e-09 3.39495e-09 4.66547e-09 5.75081e-09
 6.60788e-09 7.19880e-09 7.49690e-09 7.49125e-09 7.18724e-09 6.60344e-09
 5.76663e-09 4.70688e-09 3.45366e-09 2.03365e-09 4.70676e-10-1.21218e-09
-2.98896e-09-4.82650e-09-6.68057e-09-8.49462e-09-1.02027e-08-1.17360e-08
-1.30309e-08-1.40341e-08-1.47041e-08-1.50091e-08-1.49256e-08-1.44384e-08
-1.35430e-08-1.22481e-08-1.05758e-08-8.56150e-09-6.25015e-09-3.69362e-09
-9.47936e-10 1.92802e-09 4.87279e-09 7.82194e-09 1.07069e-08 1.34535e-08
 1.59812e-08 1.82048e-08 2.00396e-08 2.14103e-08 2.22603e-08 2.25568e-08
 2.22902e-08 2.14694e-08 2.01159e-08 1.82595e-08 1.59363e-08 1.31883e-08
 1.00635e-08 6.61536e-09 2.90444e-09-9.98638e-10-5.00857e-09-9.02069e-09
-1.29078e-08-1.65200e-08-1.96894e-08-2.22397e-08-2.40009e-08-2.48293e-08
-2.46282e-08-2.33677e-08-2.10942e-08-1.79297e-08-1.40597e-08-9.71617e-09
-5.16003e-09-6.64716e-10 3.49981e-09 7.08387e-09 9.87499e-09 1.17142e-08
 1.25116e-08 1.22613e-08 1.10523e-08 9.07425e-09 6.61374e-09 4.04117e-09
 1.78697e-09 3.98061e-10
     0.0000e+00     0.0000e+00      0  0  0.00
     512   1.00000  0.0000e+00
-8.71913e-10-1.96267e-10 4.64639e-10 1.06326e-09 1.55239e-09 1.88904e-09
 2.03856e-09 1.97861e-09 1.70300e-09 1.22528e-09 5.81517e-10-1.68278e-10
-9.40786e-10-1.63250e-09-2.12557e-09-2.29590e-09-2.02236e-09-1.19513e-09
 2.75984e-10 2.44993e-09 5.33733e-09 8.88130e-09 1.29426e-08 1.72927e-08
 2.16140e-08 2.55059e-08 2.85006e-08 3.00905e-08 2.97706e-08 2.70918e-08
 2.17214e-08 1.35003e-08 2.49040e-09-1.09920e-08-2.63597e-08-4.27551e-08
-5.90690e-08-7.39830e-08-8.60402e-08-9.37452e-08-9.56911e-08-9.07075e-08
-7.80503e-08-5.76530e-08-3.03538e-08 2.05232e-09 3.69687e-08 7.12714e-08
 1.01688e-07 1.25294e-07 1.39919e-07 1.44245e-07 1.37701e-07 1.20425e-07
 9.33950e-08 5.86789e-08 1.94442e-08-2.04150e-08-5.67319e-08-8.54731e-08
-1.03445e-07-1.09224e-07-1.03665e-07-8.96480e-08-7.11298e-08-5.17415e-08
-3.36472e-08-1.73453e-08-2.33930e-09 1.18238e-08 2.46968e-08 3.48176e-08
 4.04944e-08 4.09517e-08 3.69650e-08 3.04587e-08 2.33362e-08 1.64568e-08
 9.58569e-09 2.30290e-09-5.03604e-09-1.12512e-08-1.52411e-08-1.68749e-08
-1.69225e-08-1.61348e-08-1.45491e-08-1.17987e-08-7.95307e-09-3.76157e-09
 7.98006e-12 3.21659e-09 6.12738e-09 8.71513e-09 1.05563e-08 1.14049e-08
 1.15077e-08 1.11931e-08 1.04516e-08 9.16637e-09 7.51216e-09 5.81712e-09
 4.18576e-09 2.55367e-09 9.93826e-10-3.18907e-10-1.35865e-09-2.21656e-09
-2.90187e-09-3.37406e-09-3.68168e-09-3.91114e-09-4.08174e-09-4.18973e-09
-4.26694e-09-4.33651e-09-4.38445e-09-4.39771e-09-4.37476e-09-4.30153e-09
-4.15385e-09-3.91290e-09-3.56243e-09-3.08698e-09-2.48072e-09-1.75125e-09
-9.18427e-10-1.53532e-11 9.13219e-10 1.81688e-09 2.64544e-09 3.35379e-09
 3.90650e-09 4.28045e-09 4.46531e-09 4.46300e-09 4.28688e-09 3.96080e-09
 3.51737e-09 2.99487e-09 2.43301e-09 1.86874e-09 1.33237e-09 8.44788e-10
 4.16028e-10 4.55919e-11-2.75624e-10-5.62310e-10-8.31152e-10-1.09704e-09
-1.36959e-09-1.65088e-09-1.93499e-09-2.20912e-09-2.45562e-09-2.65425e-09
-2.78463e-09-2.82932e-09-2.77681e-09-2.62366e-09-2.37497e-09-2.04353e-09
-1.64799e-09-1.21087e-09-7.56070e-10-3.05905e-10 1.21905e-10 5.16202e-10
 8.72518e-10 1.19152e-09 1.47662e-09 1.73151e-09 1.95818e-09 2.15530e-09
 2.31734e-09 2.43484e-09 2.49591e-09 2.48885e-09 2.40505e-09 2.24146e-09
 2.00200e-09 1.69744e-09 1.34387e-09 9.60201e-10 5.65245e-10 1.75039e-10
-1.99038e-10-5.50876e-10-8.78896e-10-1.18420e-09-1.46822e-09-1.73048e-09
-1.96699e-09-2.16958e-09-2.32670e-09-2.42570e-09-2.45589e-09-2.41111e-09
-2.29118e-09-2.10209e-09-1.85494e-09-1.56375e-09-1.24280e-09-9.04191e-10
-5.56448e-10-2.04463e-10 1.49410e-10 5.03618e-10 8.55415e-10 1.19904e-09
 1.52479e-09 1.81948e-09 2.06849e-09 2.25861e-09 2.38065e-09 2.43087e-09
 2.41084e-09 2.32618e-09 2.18465e-09 1.99444e-09 1.76282e-09 1.49539e-09
 1.19625e-09 8.68945e-10 5.18181e-10 1.51520e-10-2.19767e-10-5.81319e-10
-9.17625e-10-1.21457e-09-1.46162e-09-1.65277e-09-1.78631e-09-1.86377e-09
-1.88849e-09-1.86453e-09-1.79610e-09-1.68745e-09-1.54329e-09-1.36941e-09
-1.17335e-09-9.64727e-10-7.54780e-10-5.55047e-10-3.75292e-10-2.21544e-10
-9.51048e-11 6.93723e-12 8.99528e-11 1.59686e-10 2.20951e-10 2.77649e-10
 3.33825e-10 3.94856e-10 4.67919e-10 5.61242e-10 6.82355e-10 8.35939e-10
 1.02203e-09 1.23503e-09 1.46370e-09 1.69208e-09 1.90117e-09 2.07123e-09
 2.18402e-09 2.22469e-09 2.18247e-09 2.05039e-09 1.82423e-09 1.50175e-09
 1.08309e-09 5.72583e-10-1.84576e-11-6.69363e-10-1.34968e-09-2.02139e-09
-2.64343e-09-3.17705e-09-3.59046e-09-3.86149e-09-3.97786e-09-3.93567e-09
-3.73719e-09-3.38931e-09-2.90352e-09-2.29725e-09-1.59569e-09-8.32503e-10
-4.82775e-11 7.13473e-10 1.41211e-09 2.01561e-09 2.50428e-09 2.87156e-09
 3.12189e-09 3.26704e-09 3.32247e-09 3.30462e-09 3.22963e-09 3.11287e-09
 2.96809e-09 2.80568e-09 2.63032e-09 2.43898e-09 2.22046e-09 1.95688e-09
 1.62707e-09 1.21131e-09 6.96354e-10 7.95117e-11-6.29306e-10-1.40799e-09
-2.22455e-09-3.04042e-09-3.81391e-09-4.50329e-09-5.06949e-09-5.47876e-09
-5.70556e-09-5.73546e-09-5.56713e-09-5.21214e-09-4.69221e-09-4.03466e-09
-3.26777e-09-2.41740e-09-1.50519e-09-5.48427e-10 4.39008e-10 1.44486e-09
 2.45659e-09 3.46016e-09 4.43968e-09 5.37773e-09 6.25547e-09 7.05227e-09
 7.74534e-09 8.31039e-09 8.72364e-09 8.96446e-09 9.01727e-09 8.87151e-09
 8.51918e-09 7.95107e-09 7.15327e-09 6.10572e-09 4.78369e-09 3.16210e-09
 1.22150e-09-1.04536e-09-3.62746e-09-6.49038e-09-9.57218e-09-1.27803e-08
-1.59902e-08-1.90464e-08-2.17677e-08-2.39559e-08-2.54091e-08-2.59356e-08
-2.53685e-08-2.35791e-08-2.04875e-08-1.60745e-08-1.03909e-08-3.56749e-09
 4.17803e-09 1.25391e-08 2.11250e-08 2.94741e-08 3.70753e-08 4.33966e-08
 4.79217e-08 5.01896e-08 4.98394e-08 4.66541e-08 4.05996e-08 3.18526e-08
 2.08087e-08 8.06633e-09-5.61201e-09-1.93587e-08-3.22705e-08-4.34826e-08
-5.22395e-08-5.79572e-08-6.02710e-08-5.90654e-08-5.44820e-08-4.69030e-08
-3.69121e-08-2.52357e-08-1.26726e-08-2.19036e-11 1.19786e-08 2.26967e-08
 3.16348e-08 3.84469e-08 4.29460e-08 4.50986e-08 4.50065e-08 4.28821e-08
 3.90195e-08 3.37673e-08 2.75010e-08 2.06004e-08 1.34300e-08 6.32432e-09
-4.25813e-10-6.58292e-09-1.19683e-08-1.64621e-08-1.99997e-08-2.25668e-08
-2.41916e-08-2.49373e-08-2.48907e-08-2.41523e-08-2.28251e-08-2.10060e-08
-1.87810e-08-1.62248e-08-1.34047e-08-1.03858e-08-7.23416e-09-4.01770e-09
-8.05657e-10 2.33286e-09 5.33011e-09 8.12075e-09 1.06432e-08 1.28415e-08
 1.46678e-08 1.60838e-08 1.70621e-08 1.75848e-08 1.76435e-08 1.72388e-08
 1.63823e-08 1.50979e-08 1.34231e-08 1.14081e-08 9.11311e-09 6.60665e-09
 3.96324e-09 1.26302e-09-1.40952e-09-3.96856e-09-6.33260e-09-8.43160e-09
-1.02142e-08-1.16531e-08-1.27473e-08-1.35211e-08-1.40193e-08-1.43010e-08
-1.44308e-08-1.44704e-08-1.44701e-08-1.44618e-08-1.44540e-08-1.44287e-08
-1.43402e-08-1.41157e-08-1.36568e-08-1.28448e-08-1.15481e-08-9.63342e-09
-6.97923e-09-3.49122e-09 8.80507e-10 6.12395e-09 1.21495e-08 1.87779e-08
 2.57349e-08 3.26528e-08 3.90808e-08 4.45034e-08 4.83697e-08 5.01360e-08
 4.93284e-08 4.56223e-08 3.89226e-08 2.94197e-08 1.76061e-08 4.24805e-09
-9.68622e-09-2.31290e-08-3.50314e-08-4.44813e-08-5.08037e-08-5.36316e-08
-5.29358e-08-4.90108e-08-4.24181e-08-3.39002e-08-2.42815e-08-1.43767e-08
-4.92174e-09 3.47100e-09 1.03421e-08 1.54011e-08 1.85294e-08 1.97703e-08
 1.93082e-08 1.74420e-08 1.45552e-08 1.10849e-08 7.49220e-09 4.23372e-09
 1.73385e-09 3.61878e-10
     0.0000e+00     0.0000e+00      0  0  0.00
     512   1.00000  0.0000e+00
-2.63366e-08-3.32976e-08-3.97055e-08-4.49738e-08-4.84857e-08-4.96390e-08
-4.78985e-08-4.28528e-08-3.42726e-08-2.21638e-08-6.81151e-09 1.11912e-08
 3.09353e-08 5.12129e-08 7.05628e-08 8.73567e-08 9.99602e-08 1.06951e-07
 1.07267e-07 1.00286e-07 8.60264e-08 6.53367e-08 3.98244e-08 1.16236e-08
-1.68323e-08-4.31249e-08-6.52206e-08-8.17491e-08-9.21422e-08-9.66069e-08
-9.59088e-08-9.10411e-08-8.29483e-08-7.24393e-08-6.02895e-08-4.73759e-08
-3.46710e-08-2.30474e-08-1.29980e-08-4.47100e-09 3.00714e-09 9.99973e-09
 1.69081e-08 2.39359e-08 3.11590e-08 3.86204e-08 4.64593e-08 5.49456e-08
 6.42277e-08 7.39757e-08 8.33560e-08 9.13151e-08 9.67492e-08 9.84635e-08
 9.52121e-08 8.59055e-08 6.98302e-08 4.68888e-08 1.78470e-08-1.55964e-08
-5.09221e-08-8.50474e-08-1.14750e-07-1.37110e-07-1.49887e-07-1.51873e-07
-1.43087e-07-1.24715e-07-9.88418e-08-6.80724e-08-3.51610e-08-2.75209e-09
 2.67621e-08 5.13542e-08 6.95317e-08 8.05553e-08 8.45893e-08 8.26222e-08
 7.60780e-08 6.62883e-08 5.41905e-08 4.04860e-08 2.60848e-08 1.23140e-08
 5.42553e-10-8.46392e-09-1.47500e-08-1.87021e-08-2.04953e-08-2.01211e-08
-1.78265e-08-1.42508e-08-1.00868e-08-5.79631e-09-1.70051e-09 1.86257e-09
 4.59473e-09 6.34421e-09 7.08218e-09 6.84748e-09 5.74978e-09 3.96434e-09
 1.69635e-09-8.36483e-10-3.41261e-09-5.83048e-09-7.92288e-09-9.55689e-09
-1.06418e-08-1.11353e-08-1.10359e-08-1.03764e-08-9.22358e-09-7.66954e-09
-5.82075e-09-3.79211e-09-1.70008e-09 3.45910e-10 2.24891e-09 3.92799e-09
 5.32152e-09 6.38815e-09 7.10640e-09 7.47401e-09 7.50628e-09 7.23368e-09
 6.69889e-09 5.95300e-09 5.05128e-09 4.04961e-09 3.00130e-09 1.95464e-09
 9.51218e-10 2.47790e-11-7.99702e-10-1.50652e-09-2.08893e-09-2.54780e-09
-2.88989e-09-3.12577e-09-3.26761e-09-3.32748e-09-3.31622e-09-3.24248e-09
-3.11208e-09-2.92870e-09-2.69438e-09-2.40977e-09-2.07523e-09-1.69261e-09
-1.26590e-09-8.01533e-10-3.09060e-10 1.98850e-10 7.07363e-10 1.20021e-09
 1.66054e-09 2.07259e-09 2.42277e-09 2.69968e-09 2.89480e-09 3.00358e-09
 3.02529e-09 2.96212e-09 2.81875e-09 2.60140e-09 2.31675e-09 1.97218e-09
 1.57646e-09 1.13914e-09 6.69704e-10 1.78202e-10-3.23865e-10-8.23569e-10
-1.30697e-09-1.75987e-09-2.16907e-09-2.52287e-09-2.81077e-09-3.02374e-09
-3.15518e-09-3.20170e-09-3.16302e-09-3.04108e-09-2.83901e-09-2.56079e-09
-2.21172e-09-1.79920e-09-1.33261e-09-8.22013e-10-2.77695e-10 2.88841e-10
 8.64045e-10 1.43231e-09 1.97679e-09 2.48090e-09 2.92943e-09 3.30862e-09
 3.60620e-09 3.81150e-09 3.91622e-09 3.91536e-09 3.80714e-09 3.59197e-09
 3.27201e-09 2.85140e-09 2.33694e-09 1.73888e-09 1.07109e-09 3.50390e-10
-4.03830e-10-1.17004e-09-1.92534e-09-2.64617e-09-3.30917e-09-3.89248e-09
-4.37653e-09-4.74444e-09-4.98205e-09-5.07813e-09-5.02493e-09-4.81906e-09
-4.46192e-09-3.95983e-09-3.32424e-09-2.57175e-09-1.72365e-09-8.05288e-10
 1.54860e-10 1.12644e-09 2.07815e-09 2.97880e-09 3.79851e-09 4.50948e-09
 5.08682e-09 5.50973e-09 5.76225e-09 5.83360e-09 5.71915e-09 5.42093e-09
 4.94736e-09 4.31307e-09 3.53875e-09 2.65014e-09 1.67698e-09 6.52196e-10
-3.89390e-10-1.41278e-09-2.38383e-09-3.27024e-09-4.04308e-09-4.67798e-09
-5.15561e-09-5.46236e-09-5.59122e-09-5.54178e-09-5.31969e-09-4.93639e-09
-4.40835e-09-3.75571e-09-3.00130e-09-2.17037e-09-1.28955e-09-3.85646e-10
 5.14496e-10 1.38403e-09 2.19672e-09 2.92762e-09 3.55402e-09 4.05731e-09
 4.42439e-09 4.64776e-09 4.72576e-09 4.66325e-09 4.47183e-09 4.16930e-09
 3.77807e-09 3.32260e-09 2.82644e-09 2.31009e-09 1.78940e-09 1.27401e-09
 7.65565e-10 2.57338e-10-2.63781e-10-8.13386e-10-1.40480e-09-2.04466e-09
-2.73021e-09-3.44800e-09-4.17336e-09-4.87112e-09-5.49794e-09-6.00650e-09
-6.35077e-09-6.49060e-09-6.39533e-09-6.04661e-09-5.44025e-09-4.58718e-09
-3.51328e-09-2.25720e-09-8.66630e-10 6.05287e-10 2.10272e-09 3.56937e-09
 4.95017e-09 6.19341e-09 7.25298e-09 8.09021e-09 8.67507e-09 8.98688e-09
 9.01469e-09 8.75749e-09 8.22425e-09 7.43307e-09 6.40979e-09 5.18649e-09
 3.79989e-09 2.29003e-09 6.99357e-10-9.28420e-10-2.54969e-09-4.12221e-09
-5.60621e-09-6.96539e-09-8.16750e-09-9.18461e-09-9.99331e-09-1.05747e-08
-1.09143e-08-1.10015e-08-1.08293e-08-1.03939e-08-9.69418e-09-8.73250e-09
-7.51462e-09-6.05048e-09-4.35483e-09-2.44790e-09-3.56141e-10 1.88718e-09
 4.24197e-09 6.66131e-09 9.09164e-09 1.14730e-08 1.37390e-08 1.58175e-08
 1.76307e-08 1.90975e-08 2.01345e-08 2.06597e-08 2.05956e-08 1.98740e-08
 1.84412e-08 1.62636e-08 1.33337e-08 9.67575e-09 5.35031e-09 4.57666e-10
-4.86139e-09-1.04273e-08-1.60262e-08-2.14172e-08-2.63421e-08-3.05380e-08
-3.37513e-08-3.57540e-08-3.63602e-08-3.54419e-08-3.29439e-08-2.88952e-08
-2.34156e-08-1.67170e-08-9.09730e-09-9.26586e-10 7.37216e-09 1.53484e-08
 2.25524e-08 2.85659e-08 3.30331e-08 3.56899e-08 3.63876e-08 3.51075e-08
 3.19656e-08 2.72043e-08 2.11743e-08 1.43054e-08 7.07120e-09-4.89175e-11
-6.60753e-09-1.22214e-08-1.65960e-08-1.95423e-08-2.09847e-08-2.09605e-08
-1.96090e-08-1.71506e-08-1.38594e-08-1.00364e-08-5.98452e-09-1.98918e-09
 1.69910e-09 4.87774e-09 7.40080e-09 9.18204e-09 1.01926e-08 1.04550e-08
 1.00357e-08 9.03628e-09 7.58408e-09 5.82145e-09 3.89464e-09 1.94356e-09
 9.35370e-11-1.55036e-09-2.90689e-09-3.92062e-09-4.56250e-09-4.82870e-09
-4.73774e-09-4.32657e-09-3.64608e-09-2.75639e-09-1.72196e-09-6.07230e-10
 5.26747e-10 1.62423e-09 2.63572e-09 3.51844e-09 4.23706e-09 4.76455e-09
 5.08277e-09 5.18252e-09 5.06284e-09 4.72986e-09 4.19547e-09 3.47576e-09
 2.58974e-09 1.55855e-09 4.05294e-10-8.44886e-10-2.16495e-09-3.52642e-09
-4.89965e-09-6.25373e-09-7.55619e-09-8.77343e-09-9.87157e-09-1.08175e-08
-1.15800e-08-1.21307e-08-1.24450e-08-1.25020e-08-1.22846e-08-1.17788e-08
-1.09734e-08-9.86029e-09-8.43606e-09-6.70325e-09-4.67205e-09-2.36200e-09
 1.95957e-10 2.95735e-09 5.86268e-09 8.83738e-09 1.17934e-08 1.46321e-08
 1.72485e-08 1.95365e-08 2.13956e-08 2.27375e-08 2.34911e-08 2.36065e-08
 2.30581e-08 2.18467e-08 1.99995e-08 1.75685e-08 1.46271e-08 1.12652e-08
 7.58276e-09 3.68314e-09-3.31624e-10-4.36246e-09-8.31090e-09-1.20747e-08
-1.55436e-08-1.85984e-08-2.11133e-08-2.29630e-08-2.40325e-08-2.42306e-08
-2.35044e-08-2.18516e-08-1.93286e-08-1.60504e-08-1.21853e-08-7.94419e-09
-3.56770e-09 6.89093e-10 4.57285e-09 7.84919e-09 1.03206e-08 1.18451e-08
 1.23537e-08 1.18643e-08 1.04893e-08 8.43653e-09 6.00189e-09 3.55506e-09
 1.51521e-09 3.25799e-10
     0.0000e+00     0.0000e+00      0  0  0.00
     512   1.00000  0.0000e+00
 1.49787e-08 1.37253e-08 1.15109e-08 8.33236e-09 4.25682e-09-5.72594e-10
-5.93637e-09-1.15431e-08-1.70394e-08-2.20265e-08-2.60826e-08-2.87916e-08
-2.97773e-08-2.87402e-08-2.54952e-08-2.00186e-08-1.25346e-08-3.62078e-09
 5.80555e-09 1.46885e-08 2.20850e-08 2.72740e-08 2.97186e-08 2.90736e-08
 2.53254e-08 1.89065e-08 1.06537e-08 1.61390e-09-7.23903e-09-1.52416e-08
-2.20839e-08-2.76522e-08-3.17981e-08-3.41908e-08-3.43526e-08-3.18774e-08
-2.66853e-08-1.91052e-08-9.70889e-09 9.79047e-10 1.26586e-08 2.51745e-08
 3.82848e-08 5.14883e-08 6.39707e-08 7.46226e-08 8.21350e-08 8.52013e-08
 8.28245e-08 7.45782e-08 6.05015e-08 4.07599e-08 1.56736e-08-1.38929e-08
-4.63693e-08-7.96526e-08-1.11194e-07-1.37950e-07-1.56599e-07-1.63995e-07
-1.57615e-07-1.36142e-07-1.00130e-07-5.23340e-08 2.32740e-09 5.72141e-08
 1.05010e-07 1.39213e-07 1.55642e-07 1.53521e-07 1.35669e-07 1.07566e-07
 7.55146e-08 4.46111e-08 1.73983e-08-6.12122e-09-2.70950e-08-4.59247e-08
-6.11927e-08-7.02903e-08-7.14030e-08-6.52236e-08-5.47501e-08-4.31802e-08
-3.18454e-08-2.02457e-08-7.96633e-09 3.92028e-09 1.35988e-08 2.02104e-08
 2.42241e-08 2.63115e-08 2.65681e-08 2.49505e-08 2.18450e-08 1.78683e-08
 1.34748e-08 8.98907e-09 4.75036e-09 1.03883e-09-1.99348e-09-4.25983e-09
-5.72283e-09-6.43239e-09-6.49675e-09-6.03861e-09-5.20062e-09-4.13958e-09
-2.99740e-09-1.89598e-09-9.38621e-10-1.96486e-10 2.93633e-10 5.20074e-10
 4.95309e-10 2.54003e-10-1.55558e-10-6.76388e-10-1.24659e-09-1.80642e-09
-2.30286e-09-2.69178e-09-2.94103e-09-3.03171e-09-2.95714e-09-2.72214e-09
-2.34174e-09-1.83888e-09-1.24242e-09-5.85140e-10 9.84834e-11 7.74229e-10
 1.41037e-09 1.97987e-09 2.46140e-09 2.83964e-09 3.10527e-09 3.25460e-09
 3.28889e-09 3.21377e-09 3.03863e-09 2.77628e-09 2.44202e-09 2.05239e-09
 1.62400e-09 1.17267e-09 7.12922e-10 2.57709e-10-1.81591e-10-5.95254e-10
-9.75293e-10-1.31547e-09-1.61124e-09-1.85953e-09-2.05833e-09-2.20642e-09
-2.30322e-09-2.34834e-09-2.34116e-09-2.28141e-09-2.17047e-09-2.01168e-09
-1.80933e-09-1.56759e-09-1.29043e-09-9.82651e-10-6.50967e-10-3.03903e-10
 4.97923e-11 4.02635e-10 7.48180e-10 1.07960e-09 1.38886e-09 1.66757e-09
 1.90869e-09 2.10730e-09 2.25944e-09 2.36031e-09 2.40441e-09 2.38790e-09
 2.31058e-09 2.17519e-09 1.98485e-09 1.74173e-09 1.44827e-09 1.10998e-09
 7.36529e-10 3.39515e-10-7.09399e-11-4.87230e-10-9.02104e-10-1.30571e-09
-1.68523e-09-2.02781e-09-2.32370e-09-2.56662e-09-2.75140e-09-2.87156e-09
-2.91974e-09-2.89064e-09-2.78334e-09-2.60090e-09-2.34803e-09-2.02934e-09
-1.64982e-09-1.21680e-09-7.40977e-10-2.35504e-10 2.85721e-10 8.09350e-10
 1.32240e-09 1.81121e-09 2.26120e-09 2.65804e-09 2.98902e-09 3.24385e-09
 3.41454e-09 3.49508e-09 3.48157e-09 3.37273e-09 3.17032e-09 2.87919e-09
 2.50701e-09 2.06375e-09 1.56118e-09 1.01282e-09 4.33936e-10-1.58835e-10
-7.48234e-10-1.31714e-09-1.84910e-09-2.32869e-09-2.74206e-09-3.07743e-09
-3.32555e-09-3.48004e-09-3.53757e-09-3.49766e-09-3.36257e-09-3.13735e-09
-2.82992e-09-2.45076e-09-2.01253e-09-1.52967e-09-1.01788e-09-4.93398e-10
 2.76356e-11 5.29974e-10 9.99993e-10 1.42622e-09 1.79974e-09 2.11445e-09
 2.36711e-09 2.55683e-09 2.68451e-09 2.75234e-09 2.76347e-09 2.72152e-09
 2.63013e-09 2.49229e-09 2.31021e-09 2.08610e-09 1.82340e-09 1.52738e-09
 1.20503e-09 8.64646e-10 5.15696e-10 1.68672e-10-1.65788e-10-4.79217e-10
-7.68434e-10-1.03735e-09-1.29617e-09-1.55894e-09-1.84085e-09-2.15575e-09
-2.51306e-09-2.91329e-09-3.34289e-09-3.77106e-09-4.15129e-09-4.42749e-09
-4.54200e-09-4.44323e-09-4.09258e-09-3.47147e-09-2.58807e-09-1.48093e-09
-2.16655e-10 1.11881e-09 2.43270e-09 3.63730e-09 4.65880e-09 5.44356e-09
 5.96248e-09 6.21279e-09 6.21548e-09 6.00790e-09 5.63354e-09 5.13316e-09
 4.54005e-09 3.87973e-09 3.17167e-09 2.43115e-09 1.67068e-09 9.01724e-10
 1.36537e-10-6.11291e-10-1.32840e-09-2.00500e-09-2.63808e-09-3.23187e-09
-3.79477e-09-4.33428e-09-4.85218e-09-5.34137e-09-5.78519e-09-6.15854e-09
-6.43078e-09-6.57030e-09-6.55009e-09-6.35267e-09-5.97265e-09-5.41581e-09
-4.69550e-09-3.82835e-09-2.83086e-09-1.71820e-09-5.05192e-10 7.90931e-10
 2.14761e-09 3.53491e-09 4.91526e-09 6.24548e-09 7.48051e-09 8.57801e-09
 9.50225e-09 1.02262e-08 1.07307e-08 1.10021e-08 1.10280e-08 1.07954e-08
 1.02906e-08 9.50162e-09 8.42290e-09 7.05939e-09 5.43015e-09 3.56949e-09
 1.52564e-09-6.42643e-10-2.87024e-09-5.08902e-09-7.22958e-09-9.22159e-09
-1.09936e-08-1.24735e-08-1.35913e-08-1.42844e-08-1.45053e-08-1.42284e-08
-1.34564e-08-1.22221e-08-1.05869e-08-8.63619e-09-6.47268e-09-4.20921e-09
-1.96263e-09 1.51781e-10 2.02592e-09 3.56555e-09 4.69828e-09 5.38246e-09
 5.61513e-09 5.43645e-09 4.92767e-09 4.20084e-09 3.38048e-09 2.58130e-09
 1.88884e-09 1.34977e-09 9.73172e-10 7.39122e-10 6.10328e-10 5.43275e-10
 4.97251e-10 4.41359e-10 3.60331e-10 2.59716e-10 1.70605e-10 1.52620e-10
 2.91848e-10 6.89562e-10 1.43913e-09 2.59506e-09 4.14711e-09 6.01435e-09
 8.06208e-09 1.01299e-08 1.20553e-08 1.36871e-08 1.48920e-08 1.55615e-08
 1.56197e-08 1.50288e-08 1.37885e-08 1.19324e-08 9.52371e-09 6.65295e-09
 3.43445e-09-3.62377e-13-3.51363e-09-6.97272e-09-1.02588e-08-1.32707e-08
-1.59239e-08-1.81495e-08-1.98934e-08-2.11186e-08-2.18064e-08-2.19577e-08
-2.15909e-08-2.07393e-08-1.94463e-08-1.77604e-08-1.57318e-08-1.34117e-08
-1.08530e-08-8.11245e-09-5.25094e-09-2.33186e-09 5.82145e-10 3.43264e-09
 6.16712e-09 8.73817e-09 1.11012e-08 1.32128e-08 1.50320e-08 1.65227e-08
 1.76585e-08 1.84256e-08 1.88240e-08 1.88655e-08 1.85702e-08 1.79639e-08
 1.70770e-08 1.59447e-08 1.46058e-08 1.31008e-08 1.14672e-08 9.73456e-09
 7.92070e-09 6.03018e-09 4.05702e-09 1.98987e-09-1.82542e-10-2.46755e-09
-4.86640e-09-7.37299e-09-9.97209e-09-1.26362e-08-1.53215e-08-1.79640e-08
-2.04799e-08-2.27682e-08-2.47137e-08-2.61907e-08-2.70654e-08-2.71979e-08
-2.64484e-08-2.46862e-08-2.18061e-08-1.77484e-08-1.25201e-08-6.21389e-09
 9.79288e-10 8.76277e-09 1.67350e-08 2.44003e-08 3.11928e-08 3.65178e-08
 3.98163e-08 4.06485e-08 3.87786e-08 3.42357e-08 2.73361e-08 1.86620e-08
 8.99830e-09-7.61239e-10-9.72504e-09-1.71138e-08-2.23549e-08-2.51472e-08
-2.54852e-08-2.36382e-08-2.00874e-08-1.54372e-08-1.03191e-08-5.30993e-09
-8.78455e-10 2.64303e-09 5.06946e-09 6.36262e-09 6.61872e-09 6.04237e-09
 4.90809e-09 3.51459e-09 2.13967e-09 1.00217e-09 2.34969e-10-1.29089e-10
-1.58049e-10-5.16951e-11
     0.0000e+00     0.0000e+00      0  0  0.00
     512   1.00000  0.0000e+00
 4.22452e-08 5.13166e-08 5.94083e-08 6.56348e-08 6.90635e-08 6.87834e-08
 6.39854e-08 5.40515e-08 3.86453e-08 1.77969e-08-8.02750e-09-3.78783e-08
-7.03075e-08-1.03391e-07-1.34798e-07-1.61910e-07-1.82021e-07-1.92609e-07
-1.91625e-07-1.77790e-07-1.51011e-07-1.12689e-07-6.55729e-08-1.33740e-08
 3.96421e-08 8.91775e-08 1.31539e-07 1.64155e-07 1.85866e-07 1.96935e-07
 1.98699e-07 1.92929e-07 1.81223e-07 1.64728e-07 1.44282e-07 1.20770e-07
 9.53611e-08 6.93691e-08 4.37832e-08 1.88705e-08-5.74114e-09-3.05389e-08
-5.56431e-08-8.06793e-08-1.04880e-07-1.27308e-07-1.47163e-07-1.63844e-07
-1.76535e-07-1.83900e-07-1.84558e-07-1.77791e-07-1.63587e-07-1.42281e-07
-1.14494e-07-8.12367e-08-4.38497e-08-4.13260e-09 3.54845e-08 7.22794e-08
 1.03797e-07 1.28321e-07 1.45313e-07 1.55409e-07 1.59851e-07 1.59872e-07
 1.56138e-07 1.48359e-07 1.35353e-07 1.15661e-07 8.85298e-08 5.48950e-08
 1.78280e-08-1.80003e-08-4.78330e-08-6.86576e-08-8.03464e-08-8.53074e-08
-8.66334e-08-8.59050e-08-8.23711e-08-7.43172e-08-6.15107e-08-4.63355e-08
-3.22656e-08-2.11655e-08-1.23809e-08-4.53287e-09 2.37548e-09 7.15003e-09
 9.22186e-09 9.35877e-09 8.58393e-09 7.24258e-09 5.38280e-09 3.35009e-09
 1.60926e-09 3.93938e-10-2.07172e-10-1.08015e-10 6.87822e-10 2.05922e-09
 3.86733e-09 5.96502e-09 8.15881e-09 1.02532e-08 1.20911e-08 1.35368e-08
 1.44809e-08 1.48618e-08 1.46560e-08 1.38704e-08 1.25507e-08 1.07736e-08
 8.63474e-09 6.24555e-09 3.72563e-09 1.19093e-09-1.25106e-09-3.50525e-09
-5.49438e-09-7.15950e-09-8.45942e-09-9.37199e-09-9.89372e-09-1.00381e-08
-9.83377e-09-9.32058e-09-8.54466e-09-7.55509e-09-6.40164e-09-5.13368e-09
-3.80014e-09-2.44862e-09-1.12337e-09 1.36917e-10 1.30075e-09 2.34400e-09
 3.24893e-09 4.00297e-09 4.59746e-09 5.02723e-09 5.29095e-09 5.39099e-09
 5.33310e-09 5.12673e-09 4.78455e-09 4.32112e-09 3.75233e-09 3.09582e-09
 2.37075e-09 1.59720e-09 7.96380e-10-1.00235e-11-8.01055e-10-1.55669e-09
-2.25772e-09-2.88659e-09-3.42767e-09-3.86666e-09-4.19143e-09-4.39384e-09
-4.46996e-09-4.41920e-09-4.24413e-09-3.95010e-09-3.54463e-09-3.03813e-09
-2.44452e-09-1.78003e-09-1.06202e-09-3.09509e-10 4.56567e-10 1.21468e-09
 1.94402e-09 2.62514e-09 3.24054e-09 3.77450e-09 4.21239e-09 4.54119e-09
 4.75106e-09 4.83590e-09 4.79276e-09 4.62085e-09 4.32143e-09 3.89892e-09
 3.36226e-09 2.72533e-09 2.00533e-09 1.22020e-09 3.87711e-10-4.73388e-10
-1.34227e-09-2.19606e-09-3.01093e-09-3.76396e-09-4.43423e-09-5.00254e-09
-5.45097e-09-5.76313e-09-5.92580e-09-5.93064e-09-5.77454e-09-5.45849e-09
-4.98675e-09-4.36670e-09-3.60948e-09-2.73085e-09-1.75147e-09-6.96075e-10
 4.07583e-10 1.52973e-09 2.63932e-09 3.70452e-09 4.69342e-09 5.57535e-09
 6.32220e-09 6.90912e-09 7.31474e-09 7.52145e-09 7.51660e-09 7.29383e-09
 6.85375e-09 6.20386e-09 5.35848e-09 4.33845e-09 3.17042e-09 1.88620e-09
 5.21633e-10-8.84357e-10-2.29036e-09-3.65338e-09-4.93016e-09-6.07860e-09
-7.05948e-09-7.83858e-09-8.38783e-09-8.68598e-09-8.71977e-09-8.48474e-09
-7.98496e-09-7.23285e-09-6.24918e-09-5.06259e-09-3.70882e-09-2.23043e-09
-6.75377e-10 9.05442e-10 2.46025e-09 3.93816e-09 5.29127e-09 6.47632e-09
 7.45524e-09 8.19632e-09 8.67579e-09 8.87828e-09 8.79687e-09 8.43392e-09
 7.80168e-09 6.92178e-09 5.82491e-09 4.55003e-09 3.14211e-09 1.64965e-09
 1.23655e-10-1.38343e-09-2.82004e-09-4.13819e-09-5.29632e-09-6.26230e-09
-7.01477e-09-7.54255e-09-7.84377e-09-7.92551e-09-7.80217e-09-7.49249e-09
-7.01623e-09-6.39123e-09-5.63225e-09-4.75201e-09-3.76341e-09-2.68082e-09
-1.51996e-09-2.98032e-10 9.64829e-10 2.24412e-09 3.51046e-09 4.73055e-09
 5.87004e-09 6.89672e-09 7.78219e-09 8.50213e-09 9.03574e-09 9.36519e-09
 9.47464e-09 9.34885e-09 8.97230e-09 8.33048e-09 7.41310e-09 6.21884e-09
 4.75989e-09 3.06426e-09 1.17524e-09-8.50297e-10-2.94435e-09-5.03127e-09
-7.03251e-09-8.87249e-09-1.04842e-08-1.18125e-08-1.28155e-08-1.34625e-08
-1.37323e-08-1.36120e-08-1.30967e-08-1.21907e-08-1.09090e-08-9.27827e-09
-7.33763e-09-5.13819e-09-2.74128e-09-2.15107e-10 2.36973e-09 4.94456e-09
 7.44548e-09 9.81414e-09 1.19966e-08 1.39411e-08 1.55967e-08 1.69130e-08
 1.78418e-08 1.83399e-08 1.83728e-08 1.79177e-08 1.69666e-08 1.55270e-08
 1.36205e-08 1.12807e-08 8.54989e-09 5.47706e-09 2.11828e-09-1.46211e-09
-5.18945e-09-8.97726e-09-1.27270e-08-1.63300e-08-1.96713e-08-2.26345e-08
-2.51078e-08-2.69883e-08-2.81859e-08-2.86257e-08-2.82498e-08-2.70199e-08
-2.49217e-08-2.19691e-08-1.82105e-08-1.37320e-08-8.65871e-09-3.15222e-09
 2.59702e-09 8.37996e-09 1.39806e-08 1.91871e-08 2.38010e-08 2.76458e-08
 3.05743e-08 3.24759e-08 3.32828e-08 3.29763e-08 3.15900e-08 2.92102e-08
 2.59699e-08 2.20369e-08 1.75972e-08 1.28371e-08 7.92857e-09 3.02390e-09
-1.74007e-09-6.23190e-09-1.03185e-08-1.38657e-08-1.67453e-08-1.88467e-08
-2.00893e-08-2.04322e-08-1.98795e-08-1.84808e-08-1.63289e-08-1.35575e-08
-1.03392e-08-6.88442e-09-3.43686e-09-2.56188e-10 2.41563e-09 4.39499e-09
 5.58503e-09 5.97921e-09 5.64475e-09 4.70062e-09 3.30042e-09 1.61961e-09
-1.58132e-10-1.85727e-09-3.32568e-09-4.44406e-09-5.12909e-09-5.33402e-09
-5.05030e-09-4.31023e-09-3.18646e-09-1.78460e-09-2.29773e-10 1.34831e-09
 2.82713e-09 4.09843e-09 5.07178e-09 5.67736e-09 5.86872e-09 5.62505e-09
 4.95215e-09 3.88156e-09 2.46810e-09 7.85046e-10-1.08276e-09-3.04636e-09
-5.01807e-09-6.91344e-09-8.65054e-09-1.01493e-08-1.13332e-08-1.21346e-08
-1.25001e-08-1.23952e-08-1.18060e-08-1.07370e-08-9.20854e-09-7.25240e-09
-4.90960e-09-2.23011e-09 7.26131e-10 3.88900e-09 7.18018e-09 1.05170e-08
 1.38159e-08 1.69937e-08 1.99670e-08 2.26520e-08 2.49649e-08 2.68252e-08
 2.81597e-08 2.89069e-08 2.90206e-08 2.84706e-08 2.72416e-08 2.53300e-08
 2.27421e-08 1.94952e-08 1.56218e-08 1.11733e-08 6.22240e-09 8.61981e-10
-4.79663e-09-1.06263e-08-1.64869e-08-2.22295e-08-2.77008e-08-3.27484e-08
-3.72259e-08-4.09988e-08-4.39492e-08-4.59784e-08-4.70058e-08-4.69673e-08
-4.58161e-08-4.35267e-08-4.01021e-08-3.55806e-08-3.00396e-08-2.35960e-08
-1.64027e-08-8.64012e-09-5.06559e-10 7.78810e-09 1.60230e-08 2.39640e-08
 3.13620e-08 3.79549e-08 4.34730e-08 4.76480e-08 5.02281e-08 5.10008e-08
 4.98233e-08 4.66543e-08 4.15782e-08 3.48152e-08 2.67134e-08 1.77258e-08
 8.37806e-09-7.67921e-10-9.15267e-09-1.62584e-08-2.16494e-08-2.50123e-08
-2.61932e-08-2.52263e-08-2.23487e-08-1.80009e-08-1.28143e-08-7.58457e-09
-3.22490e-09-6.91149e-10
     0.0000e+00     0.0000e+00      0  0  0.00
     512   1.00000  0.0000e+00
 2.92191e-08 3.05430e-08 3.07590e-08 2.96282e-08 2.69556e-08 2.26147e-08
 1.65708e-08 8.90090e-09-1.91441e-10-1.03702e-08-2.11696e-08-3.20091e-08
-4.22191e-08-5.10800e-08-5.78715e-08-6.19431e-08-6.28256e-08-6.03300e-08
-5.45480e-08-4.58520e-08-3.49918e-08-2.30688e-08-1.13121e-08-8.96732e-10
 7.18016e-09 1.22653e-08 1.41692e-08 1.31904e-08 1.00429e-08 5.67689e-09
 1.07023e-09-2.92337e-09-5.63275e-09-6.52887e-09-5.14712e-09-1.06873e-09
 5.99808e-09 1.60864e-08 2.89017e-08 4.38742e-08 6.02723e-08 7.72953e-08
 9.40790e-08 1.09575e-07 1.22369e-07 1.30608e-07 1.32260e-07 1.25659e-07
 1.09989e-07 8.54172e-08 5.29319e-08 1.40029e-08-2.96241e-08-7.57959e-08
-1.21794e-07-1.64472e-07-2.00564e-07-2.26955e-07-2.40905e-07-2.40403e-07
-2.24627e-07-1.94241e-07-1.51344e-07-9.91955e-08-4.18578e-08 1.62179e-08
 7.06329e-08 1.17516e-07 1.53899e-07 1.77908e-07 1.88799e-07 1.86886e-07
 1.73443e-07 1.50575e-07 1.21039e-07 8.79596e-08 5.44039e-08 2.29115e-08
-4.81093e-09-2.78579e-08-4.57679e-08-5.81419e-08-6.46258e-08-6.53060e-08
-6.10756e-08-5.34561e-08-4.39285e-08-3.34586e-08-2.26828e-08-1.23634e-08
-3.40934e-09 3.53763e-09 8.31629e-09 1.10189e-08 1.17623e-08 1.07454e-08
 8.34003e-09 4.99895e-09 1.14953e-09-2.80409e-09-6.48490e-09-9.59446e-09
-1.19265e-08-1.33484e-08-1.38078e-08-1.33374e-08-1.20315e-08-1.00279e-08
-7.50049e-09-4.64028e-09-1.63637e-09 1.33240e-09 4.10732e-09 6.56058e-09
 8.59777e-09 1.01576e-08 1.12124e-08 1.17644e-08 1.18417e-08 1.14931e-08
 1.07823e-08 9.78141e-09 8.56551e-09 7.20789e-09 5.77519e-09 4.32522e-09
 2.90623e-09 1.55671e-09 3.05711e-10-8.26394e-10-1.82713e-09-2.69092e-09
-3.41814e-09-4.01347e-09-4.48379e-09-4.83638e-09-5.07800e-09-5.21483e-09
-5.25243e-09-5.19549e-09-5.04784e-09-4.81331e-09-4.49630e-09-4.10155e-09
-3.63465e-09-3.10312e-09-2.51691e-09-1.88801e-09-1.23022e-09-5.58358e-10
 1.12601e-10 7.67380e-10 1.39017e-09 1.96546e-09 2.47876e-09 2.91686e-09
 3.26859e-09 3.52569e-09 3.68269e-09 3.73697e-09 3.68967e-09 3.54559e-09
 3.31212e-09 2.99887e-09 2.61746e-09 2.18081e-09 1.70280e-09 1.19859e-09
 6.84132e-10 1.74950e-10-3.14443e-10-7.70817e-10-1.18263e-09-1.54007e-09
-1.83528e-09-2.06323e-09-2.22210e-09-2.31214e-09-2.33495e-09-2.29380e-09
-2.19395e-09-2.04251e-09-1.84781e-09-1.61874e-09-1.36455e-09-1.09484e-09
-8.19213e-10-5.46762e-10-2.85253e-10-4.06004e-11 1.82745e-10 3.81343e-10
 5.52597e-10 6.94786e-10 8.07682e-10 8.92801e-10 9.52629e-10 9.90085e-10
 1.00857e-09 1.01200e-09 1.00479e-09 9.91006e-10 9.73404e-10 9.53627e-10
 9.32540e-10 9.10104e-10 8.85488e-10 8.57262e-10 8.23330e-10 7.80952e-10
 7.26848e-10 6.57410e-10 5.69044e-10 4.58395e-10 3.22637e-10 1.60190e-10
-2.86231e-11-2.41549e-10-4.74734e-10-7.22847e-10-9.79038e-10-1.23501e-09
-1.48123e-09-1.70737e-09-1.90266e-09-2.05617e-09-2.15725e-09-2.19611e-09
-2.16453e-09-2.05664e-09-1.86979e-09-1.60481e-09-1.26568e-09-8.59276e-10
-3.95586e-10 1.12063e-10 6.47456e-10 1.19217e-09 1.72596e-09 2.22739e-09
 2.67484e-09 3.04728e-09 3.32540e-09 3.49311e-09 3.53850e-09 3.45415e-09
 3.23757e-09 2.89155e-09 2.42401e-09 1.84848e-09 1.18429e-09 4.55451e-10
-3.10668e-10-1.08401e-09-1.83295e-09-2.52625e-09-3.13458e-09-3.63174e-09
-3.99630e-09-4.21236e-09-4.26916e-09-4.16139e-09-3.89015e-09-3.46339e-09
-2.89572e-09-2.20812e-09-1.42706e-09-5.83561e-10 2.87267e-10 1.14694e-09
 1.95558e-09 2.67424e-09 3.26696e-09 3.70296e-09 3.95910e-09 4.02227e-09
 3.89177e-09 3.58097e-09 3.11708e-09 2.53899e-09 1.89370e-09 1.23213e-09
 6.04369e-10 5.43303e-11-3.85268e-10-6.96291e-10-8.76777e-10-9.40401e-10
-9.14329e-10-8.36118e-10-7.49108e-10-6.96395e-10-7.14584e-10-8.28351e-10
-1.04731e-09-1.36591e-09-1.76487e-09-2.21352e-09-2.67285e-09-3.09891e-09
-3.44697e-09-3.67608e-09-3.75264e-09-3.65276e-09-3.36395e-09-2.88586e-09
-2.23017e-09-1.41992e-09-4.87942e-10 5.25440e-10 1.57478e-09 2.61222e-09
 3.59022e-09 4.46447e-09 5.19693e-09 5.75820e-09 6.12856e-09 6.29787e-09
 6.26485e-09 6.03598e-09 5.62404e-09 5.04664e-09 4.32482e-09 3.48190e-09
 2.54256e-09 1.53195e-09 4.74995e-10-6.03813e-10-1.68042e-09-2.73127e-09
-3.73340e-09-4.66471e-09-5.50436e-09-6.23314e-09-6.83397e-09-7.29228e-09
-7.59610e-09-7.73606e-09-7.70567e-09-7.50173e-09-7.12451e-09-6.57799e-09
-5.86945e-09-5.00913e-09-4.00971e-09-2.88593e-09-1.65438e-09-3.33691e-10
 1.05480e-09 2.48636e-09 3.93236e-09 5.36026e-09 6.73406e-09 8.01476e-09
 9.16100e-09 1.01299e-08 1.08783e-08 1.13653e-08 1.15547e-08 1.14176e-08
 1.09352e-08 1.01008e-08 8.92130e-09 7.41786e-09 5.62558e-09 3.59297e-09
 1.38118e-09-9.36983e-10-3.27876e-09-5.55436e-09-7.67090e-09-9.53688e-09
-1.10668e-08-1.21853e-08-1.28315e-08-1.29620e-08-1.25533e-08-1.16031e-08
-1.01313e-08-8.18314e-09-5.83135e-09-3.17691e-09-3.46500e-10 2.51343e-09
 5.24513e-09 7.68973e-09 9.69837e-09 1.11436e-08 1.19301e-08 1.20023e-08
 1.13491e-08 1.00045e-08 8.04599e-09 5.59026e-09 2.78600e-09-1.98650e-10
-3.19182e-09-6.03262e-09-8.58102e-09-1.07229e-08-1.23729e-08-1.34761e-08
-1.40093e-08-1.39782e-08-1.34141e-08-1.23677e-08-1.09048e-08-9.10283e-09
-7.04707e-09-4.82640e-09-2.52793e-09-2.31694e-10 1.99347e-09 4.09217e-09
 6.02256e-09 7.75462e-09 9.26786e-09 1.05493e-08 1.15924e-08 1.23963e-08
 1.29647e-08 1.33039e-08 1.34209e-08 1.33226e-08 1.30162e-08 1.25112e-08
 1.18196e-08 1.09570e-08 9.94145e-09 8.79161e-09 7.52430e-09 6.15256e-09
 4.68551e-09 3.13018e-09 1.49423e-09-2.12017e-10-1.97512e-09-3.77901e-09
-5.60495e-09-7.43051e-09-9.22850e-09-1.09671e-08-1.26115e-08-1.41260e-08
-1.54761e-08-1.66295e-08-1.75565e-08-1.82300e-08-1.86240e-08-1.87136e-08
-1.84755e-08-1.78909e-08-1.69478e-08-1.56417e-08-1.39759e-08-1.19611e-08
-9.61549e-09-6.96667e-09-4.05265e-09-9.21740e-10 2.36812e-09 5.74972e-09
 9.14661e-09 1.24738e-08 1.56400e-08 1.85514e-08 2.11163e-08 2.32505e-08
 2.48831e-08 2.59626e-08 2.64591e-08 2.63653e-08 2.56934e-08 2.44726e-08
 2.27448e-08 2.05604e-08 1.79720e-08 1.50301e-08 1.17811e-08 8.27035e-09
 4.54621e-09 6.65065e-10-3.30573e-09-7.28605e-09-1.11822e-08-1.48875e-08
-1.82839e-08-2.12464e-08-2.36478e-08-2.53657e-08-2.62926e-08-2.63452e-08
-2.54749e-08-2.36743e-08-2.09838e-08-1.74961e-08-1.33596e-08-8.77623e-09
-3.99314e-09 7.13604e-10 5.05881e-09 8.77055e-09 1.16135e-08 1.34122e-08
 1.40717e-08 1.35945e-08 1.20921e-08 9.78842e-09 7.01473e-09 4.19242e-09
 1.80538e-09 3.92026e-10
     0.0000e+00     0.0000e+00      0  0  0.00
     512   1.00000  0.0000e+00
-1.00783e-09-4.70578e-10 2.88598e-10 1.23799e-09 2.32205e-09 3.46150e-09
 4.55519e-09 5.48406e-09 6.11756e-09 6.32290e-09 5.97664e-09 4.97775e-09
 3.26061e-09 8.07106e-10-2.34275e-09-6.06862e-09-1.01168e-08-1.40670e-08
-1.74152e-08-1.97378e-08-2.07973e-08-2.05205e-08-1.89426e-08-1.62375e-08
-1.27609e-08-8.97395e-09-5.28860e-09-1.93750e-09 1.08408e-09 3.98557e-09
 7.07613e-09 1.06345e-08 1.48030e-08 1.95510e-08 2.47209e-08 3.01080e-08
 3.55067e-08 4.06847e-08 4.52922e-08 4.87873e-08 5.04759e-08 4.96694e-08
 4.58495e-08 3.87357e-08 2.82706e-08 1.45928e-08-1.99278e-09-2.10744e-08
-4.20889e-08-6.40397e-08-8.53537e-08-1.04200e-07-1.18760e-07-1.27192e-07
-1.27731e-07-1.18965e-07-1.00092e-07-7.11407e-08-3.31766e-08 1.14583e-08
 5.90336e-08 1.04706e-07 1.43003e-07 1.68517e-07 1.76969e-07 1.66314e-07
 1.37518e-07 9.47728e-08 4.48367e-08-4.42276e-09-4.59414e-08-7.52160e-08
-9.12000e-08-9.59347e-08-9.29966e-08-8.54990e-08-7.47558e-08-6.03730e-08
-4.17435e-08-1.98253e-08 2.33050e-09 2.09336e-08 3.37267e-08 4.11065e-08
 4.49552e-08 4.64121e-08 4.50020e-08 3.99650e-08 3.18919e-08 2.25383e-08
 1.33116e-08 4.58727e-09-3.53603e-09-1.05628e-08-1.59343e-08-1.95050e-08
-2.14015e-08-2.17438e-08-2.07060e-08-1.85938e-08-1.57315e-08-1.24059e-08
-8.91444e-09-5.53569e-09-2.46951e-09 1.43976e-10 2.20499e-09 3.67641e-09
 4.57782e-09 4.96093e-09 4.90809e-09 4.52592e-09 3.92385e-09 3.20621e-09
 2.47005e-09 1.79536e-09 1.24136e-09 8.48102e-10 6.34307e-10 5.98066e-10
 7.21635e-10 9.74171e-10 1.31519e-09 1.70022e-09 2.08464e-09 2.42663e-09
 2.69077e-09 2.84978e-09 2.88505e-09 2.78724e-09 2.55624e-09 2.20065e-09
 1.73701e-09 1.18795e-09 5.79958e-10-5.87241e-11-7.00098e-10-1.31795e-09
-1.88859e-09-2.39137e-09-2.80910e-09-3.12866e-09-3.34150e-09-3.44378e-09
-3.43622e-09-3.32366e-09-3.11418e-09-2.81809e-09-2.44732e-09-2.01552e-09
-1.53769e-09-1.02935e-09-5.05846e-10 1.80034e-11 5.28175e-10 1.01176e-09
 1.45724e-09 1.85443e-09 2.19428e-09 2.46872e-09 2.67098e-09 2.79626e-09
 2.84228e-09 2.80922e-09 2.69941e-09 2.51640e-09 2.26442e-09 1.94922e-09
 1.57940e-09 1.16632e-09 7.22359e-10 2.59544e-10-2.10213e-10-6.74018e-10
-1.11772e-09-1.52719e-09-1.88991e-09-2.19565e-09-2.43584e-09-2.60288e-09
-2.69054e-09-2.69539e-09-2.61771e-09-2.46101e-09-2.23045e-09-1.93177e-09
-1.57241e-09-1.16319e-09-7.18204e-10-2.52595e-10 2.19692e-10 6.86015e-10
 1.13333e-09 1.54721e-09 1.91309e-09 2.21851e-09 2.45450e-09 2.61521e-09
 2.69654e-09 2.69547e-09 2.61098e-09 2.44531e-09 2.20458e-09 1.89788e-09
 1.53552e-09 1.12837e-09 6.88571e-10 2.30032e-10-2.32274e-10-6.83512e-10
-1.10976e-09-1.49813e-09-1.83692e-09-2.11619e-09-2.32831e-09-2.46797e-09
-2.53239e-09-2.52125e-09-2.43665e-09-2.28300e-09-2.06692e-09-1.79706e-09
-1.48346e-09-1.13693e-09-7.68770e-10-3.90683e-10-1.43784e-11 3.49152e-10
 6.90276e-10 1.00080e-09 1.27390e-09 1.50422e-09 1.68793e-09 1.82268e-09
 1.90761e-09 1.94347e-09 1.93262e-09 1.87855e-09 1.78547e-09 1.65816e-09
 1.50188e-09 1.32210e-09 1.12426e-09 9.13399e-10 6.93743e-10 4.68518e-10
 2.40017e-10 9.81115e-12-2.20982e-10-4.51558e-10-6.81427e-10-9.10112e-10
-1.13618e-09-1.35628e-09-1.56506e-09-1.75561e-09-1.92005e-09-2.05001e-09
-2.13691e-09-2.17248e-09-2.14981e-09-2.06481e-09-1.91685e-09-1.70817e-09
-1.44255e-09-1.12433e-09-7.58053e-10-3.48441e-10 1.00218e-10 5.85006e-10
 1.10417e-09 1.65471e-09 2.22866e-09 2.80993e-09 3.37313e-09 3.88386e-09
 4.29994e-09 4.57356e-09 4.65518e-09 4.50051e-09 4.07954e-09 3.38453e-09
 2.43440e-09 1.27467e-09-2.55499e-11-1.37888e-09-2.68750e-09-3.85432e-09
-4.79603e-09-5.45442e-09-5.80288e-09-5.84653e-09-5.61762e-09-5.16860e-09
-4.56352e-09-3.86832e-09-3.14096e-09-2.42368e-09-1.74018e-09-1.09811e-09
-4.94565e-10 7.83248e-11 6.29314e-10 1.16556e-09 1.69107e-09 2.20624e-09
 2.70920e-09 3.19798e-09 3.67215e-09 4.13241e-09 4.57768e-09 5.00100e-09
 5.38663e-09 5.70925e-09 5.93566e-09 6.02853e-09 5.95173e-09 5.67644e-09
 5.18643e-09 4.48109e-09 3.57512e-09 2.49553e-09 1.27695e-09-4.31399e-11
-1.42787e-09-2.84221e-09-4.25189e-09-5.62109e-09-6.91022e-09-8.07535e-09
-9.06993e-09-9.84851e-09-1.03718e-08-1.06116e-08-1.05541e-08-1.02009e-08
-9.56673e-09-8.67633e-09-7.56022e-09-6.25210e-09-4.78787e-09-3.20650e-09
-1.55181e-09 1.26328e-10 1.77285e-09 3.33095e-09 4.74785e-09 5.98135e-09
 7.00558e-09 7.81447e-09 8.42226e-09 8.86081e-09 9.17494e-09 9.41704e-09
 9.64252e-09 9.90643e-09 1.02605e-08 1.07497e-08 1.14064e-08 1.22435e-08
 1.32456e-08 1.43608e-08 1.54952e-08 1.65131e-08 1.72423e-08 1.74865e-08
 1.70405e-08 1.57099e-08 1.33295e-08 9.78209e-09 5.01625e-09-9.37708e-10
-7.95300e-09-1.57957e-08-2.41204e-08-3.24764e-08-4.03279e-08-4.70920e-08
-5.21941e-08-5.51299e-08-5.55243e-08-5.31759e-08-4.80836e-08-4.04527e-08
-3.06821e-08-1.93348e-08-7.09465e-09 5.28796e-09 1.70566e-08 2.75132e-08
 3.60801e-08 4.23538e-08 4.61391e-08 4.74548e-08 4.65032e-08 4.36168e-08
 3.92007e-08 3.36888e-08 2.75139e-08 2.10851e-08 1.47655e-08 8.85333e-09
 3.57106e-09-9.35798e-10-4.59376e-09-7.39390e-09-9.38311e-09-1.06522e-08
-1.13199e-08-1.15147e-08-1.13598e-08-1.09632e-08-1.04151e-08-9.78769e-09
-9.13507e-09-8.49255e-09-7.87559e-09-7.28050e-09-6.68793e-09-6.06911e-09
-5.39334e-09-4.63481e-09-3.77728e-09-2.81584e-09-1.75640e-09-6.13823e-10
 5.89708e-10 1.82500e-09 3.05492e-09 4.23367e-09 5.30816e-09 6.22243e-09
 6.92389e-09 7.36920e-09 7.52770e-09 7.38151e-09 6.92397e-09 6.15816e-09
 5.09727e-09 3.76616e-09 2.20276e-09 4.57594e-10-1.40898e-09-3.33133e-09
-5.24357e-09-7.08346e-09-8.79390e-09-1.03221e-08-1.16183e-08-1.26355e-08
-1.33318e-08-1.36733e-08-1.36367e-08-1.32101e-08-1.23920e-08-1.11906e-08
-9.62378e-09-7.72180e-09-5.53019e-09-3.11166e-09-5.44808e-10 2.08087e-09
 4.67283e-09 7.14424e-09 9.42110e-09 1.14466e-08 1.31829e-08 1.46114e-08
 1.57319e-08 1.65595e-08 1.71192e-08 1.74367e-08 1.75288e-08 1.73951e-08
 1.70141e-08 1.63458e-08 1.53395e-08 1.39460e-08 1.21294e-08 9.87680e-09
 7.20426e-09 4.15919e-09 8.19322e-10-2.71069e-09-6.30514e-09-9.82556e-09
-1.31301e-08-1.60817e-08-1.85533e-08-2.04302e-08-2.16120e-08-2.20168e-08
-2.15882e-08-2.03055e-08-1.81939e-08-1.53324e-08-1.18546e-08-7.94287e-09
-3.81964e-09 2.64916e-10 4.04829e-09 7.27680e-09 9.73132e-09 1.12537e-08
 1.17689e-08 1.12990e-08 9.96653e-09 7.98806e-09 5.65995e-09 3.33891e-09
 1.41800e-09 3.04074e-10
     0.0000e+00     0.0000e+00      0  0  0.00
     512   1.00000  0.0000e+00
-3.70481e-08-3.79882e-08-3.73708e-08-3.48532e-08-3.01491e-08-2.30657e-08
-1.35400e-08-1.67180e-09 1.22510e-08 2.77384e-08 4.40988e-08 6.04554e-08
 7.57819e-08 8.89564e-08 9.88338e-08 1.04340e-07 1.04601e-07 9.90800e-08
 8.76714e-08 7.08132e-08 4.96487e-08 2.59750e-08 1.90580e-09-2.04350e-08
-3.91551e-08-5.29164e-08-6.11844e-08-6.42754e-08-6.32180e-08-5.94357e-08
-5.43559e-08-4.90982e-08-4.43416e-08-4.04089e-08-3.74782e-08-3.57598e-08
-3.55166e-08-3.69194e-08-3.99051e-08-4.42017e-08-4.95018e-08-5.56483e-08
-6.26096e-08-7.00751e-08-7.68334e-08-8.04854e-08-7.80502e-08-6.72595e-08
-4.75370e-08-2.01051e-08 1.25912e-08 4.78817e-08 8.36034e-08 1.17922e-07
 1.48795e-07 1.73946e-07 1.91298e-07 1.99254e-07 1.96691e-07 1.83227e-07
 1.59803e-07 1.28718e-07 9.29223e-08 5.51424e-08 1.72514e-08-1.98632e-08
-5.59796e-08-9.10034e-08-1.24296e-07-1.54086e-07-1.77369e-07-1.90548e-07
-1.90726e-07-1.77115e-07-1.51803e-07-1.19304e-07-8.48626e-08-5.23363e-08
-2.29561e-08 4.08767e-09 2.95760e-08 5.23903e-08 6.96762e-08 7.90941e-08
 8.09589e-08 7.79190e-08 7.24522e-08 6.50815e-08 5.52894e-08 4.35460e-08
 3.16020e-08 2.09519e-08 1.19195e-08 4.38374e-09-1.44122e-09-5.28943e-09
-7.29768e-09-7.81839e-09-7.14656e-09-5.60525e-09-3.59578e-09-1.46108e-09
 5.41703e-10 2.17422e-09 3.25555e-09 3.70969e-09 3.52341e-09 2.72583e-09
 1.40617e-09-3.07574e-10-2.27629e-09-4.34834e-09-6.37110e-09-8.21299e-09
-9.76558e-09-1.09441e-08-1.16953e-08-1.19960e-08-1.18493e-08-1.12854e-08
-1.03564e-08-9.12868e-09-7.67760e-09-6.08068e-09-4.41056e-09-2.73247e-09
-1.10340e-09 4.28531e-10 1.82315e-09 3.04825e-09 4.08125e-09 4.91050e-09
 5.53547e-09 5.96513e-09 6.21444e-09 6.30111e-09 6.24382e-09 6.06109e-09
 5.77092e-09 5.39030e-09 4.93469e-09 4.41828e-09 3.85402e-09 3.25304e-09
 2.62496e-09 1.97954e-09 1.32768e-09 6.81507e-10 5.35275e-11-5.45173e-10
-1.10612e-09-1.62208e-09-2.08530e-09-2.48790e-09-2.82294e-09-3.08417e-09
-3.26614e-09-3.36492e-09-3.37871e-09-3.30871e-09-3.16025e-09-2.94189e-09
-2.66338e-09-2.33497e-09-1.96745e-09-1.57153e-09-1.15806e-09-7.39059e-10
-3.27392e-10 6.46788e-11 4.26294e-10 7.48262e-10 1.02347e-09 1.24684e-09
 1.41530e-09 1.52854e-09 1.58900e-09 1.60053e-09 1.56766e-09 1.49583e-09
 1.39141e-09 1.26137e-09 1.11309e-09 9.54396e-10 7.93633e-10 6.39389e-10
 4.99467e-10 3.79721e-10 2.83122e-10 2.09795e-10 1.58255e-10 1.26533e-10
 1.12486e-10 1.13582e-10 1.26270e-10 1.45732e-10 1.66436e-10 1.82476e-10
 1.87646e-10 1.75728e-10 1.40992e-10 7.92992e-11-1.08858e-11-1.28709e-10
-2.71392e-10-4.34319e-10-6.11614e-10-7.96988e-10-9.84037e-10-1.16585e-09
-1.33431e-09-1.47995e-09-1.59254e-09-1.66191e-09-1.67907e-09-1.63736e-09
-1.53323e-09-1.36620e-09-1.13843e-09-8.54368e-10-5.20729e-10-1.46548e-10
 2.56919e-10 6.76466e-10 1.09733e-09 1.50338e-09 1.87726e-09 2.20101e-09
 2.45752e-09 2.63248e-09 2.71598e-09 2.70254e-09 2.58996e-09 2.37873e-09
 2.07267e-09 1.67982e-09 1.21248e-09 6.86654e-10 1.21704e-10-4.60279e-10
-1.03534e-09-1.57849e-09-2.06538e-09-2.47481e-09-2.78997e-09-2.99819e-09
-3.09062e-09-3.06224e-09-2.91208e-09-2.64433e-09-2.26905e-09-1.80138e-09
-1.26032e-09-6.68574e-10-5.18040e-11 5.63281e-10 1.15048e-09 1.68528e-09
 2.14610e-09 2.51437e-09 2.77364e-09 2.91023e-09 2.91567e-09 2.78852e-09
 2.53511e-09 2.16975e-09 1.71376e-09 1.19386e-09 6.40630e-10 8.67291e-11
-4.36292e-10-9.00876e-10-1.28521e-09-1.57462e-09-1.76255e-09-1.85096e-09
-1.85006e-09-1.77726e-09-1.65453e-09-1.50483e-09-1.34872e-09-1.20171e-09
-1.07279e-09-9.63908e-10-8.71359e-10-7.88810e-10-7.10264e-10-6.31559e-10
-5.49719e-10-4.60739e-10-3.57949e-10-2.32170e-10-7.30830e-11 1.29090e-10
 3.82689e-10 6.94387e-10 1.06782e-09 1.50070e-09 1.98160e-09 2.48773e-09
 2.98550e-09 3.43424e-09 3.79153e-09 4.01916e-09 4.08863e-09 3.98462e-09
 3.70580e-09 3.26328e-09 2.67732e-09 1.97347e-09 1.17900e-09 3.20542e-10
-5.76878e-10-1.48990e-09-2.39673e-09-3.27653e-09-4.10822e-09-4.86991e-09
-5.53949e-09-6.09639e-09-6.52352e-09-6.80880e-09-6.94567e-09-6.93209e-09
-6.76815e-09-6.45313e-09-5.98368e-09-5.35446e-09-4.56123e-09-3.60502e-09
-2.49606e-09-1.25630e-09 8.04112e-11 1.47085e-09 2.86706e-09 4.22168e-09
 5.49208e-09 6.64297e-09 7.64740e-09 8.48670e-09 9.14954e-09 9.63080e-09
 9.93076e-09 1.00552e-08 1.00161e-08 9.83284e-09 9.53165e-09 9.14495e-09
 8.70862e-09 8.25824e-09 7.82425e-09 7.42684e-09 7.07195e-09 6.74931e-09
 6.43258e-09 6.08048e-09 5.63713e-09 5.03139e-09 4.17598e-09 2.96869e-09
 1.29754e-09-9.49128e-10-3.86743e-09-7.51910e-09-1.19118e-08-1.69829e-08
-2.25889e-08-2.85037e-08-3.44233e-08-3.99765e-08-4.47414e-08-4.82687e-08
-5.01120e-08-4.98653e-08-4.72070e-08-4.19450e-08-3.40615e-08-2.37469e-08
-1.14135e-08 2.32261e-09 1.66869e-08 3.08131e-08 4.38190e-08 5.48823e-08
 6.33116e-08 6.86041e-08 7.04877e-08 6.89413e-08 6.41927e-08 5.66954e-08
 4.70850e-08 3.61169e-08 2.45876e-08 1.32505e-08 2.74271e-09-6.45590e-09
-1.40291e-08-1.98107e-08-2.37677e-08-2.59857e-08-2.66500e-08-2.60191e-08
-2.43932e-08-2.20852e-08-1.93987e-08-1.66110e-08-1.39562e-08-1.16096e-08
-9.67784e-09-8.19933e-09-7.15592e-09-6.49058e-09-6.12549e-09-5.97558e-09
-5.95596e-09-5.98526e-09-5.98794e-09-5.89845e-09-5.66705e-09-5.26479e-09
-4.68444e-09-3.93646e-09-3.04269e-09-2.03134e-09-9.35542e-10 2.05092e-10
 1.34244e-09 2.42018e-09 3.37827e-09 4.16185e-09 4.73229e-09 5.07571e-09
 5.20460e-09 5.15115e-09 4.95634e-09 4.66077e-09 4.30094e-09 3.90954e-09
 3.51546e-09 3.14132e-09 2.79984e-09 2.49243e-09 2.21151e-09 1.94560e-09
 1.68484e-09 1.42501e-09 1.16877e-09 9.23295e-10 6.95392e-10 4.87383e-10
 2.97380e-10 1.24708e-10-2.30283e-11-1.26215e-10-1.54929e-10-7.39264e-11
 1.52284e-10 5.54962e-10 1.15564e-09 1.95901e-09 2.94634e-09 4.07224e-09
 5.26528e-09 6.43113e-09 7.45712e-09 8.21886e-09 8.58952e-09 8.45025e-09
 7.69980e-09 6.26311e-09 4.10071e-09 1.21989e-09-2.31464e-09-6.37375e-09
-1.07618e-08-1.52179e-08-1.94212e-08-2.30033e-08-2.55774e-08-2.67843e-08
-2.63496e-08-2.41356e-08-2.01753e-08-1.46822e-08-8.03722e-09-7.51909e-10
 6.58607e-09 1.33793e-08 1.90885e-08 2.32921e-08 2.57314e-08 2.63311e-08
 2.51933e-08 2.25654e-08 1.87942e-08 1.42773e-08 9.42476e-09 4.62835e-09
 2.35502e-10-3.47610e-09-6.31805e-09-8.19982e-09-9.12581e-09-9.18332e-09
-8.52433e-09-7.34366e-09-5.85573e-09-4.27205e-09-2.78094e-09-1.53099e-09
-6.21303e-10-1.30322e-10
     0.0000e+00     0.0000e+00      0  0  0.00
     512   1.00000  0.0000e+00
-2.07414e-08-2.28917e-08-2.42185e-08-2.44048e-08-2.31519e-08-2.02084e-08
-1.54008e-08-8.66399e-09-6.85716e-11 1.01572e-08 2.16148e-08 3.37343e-08
 4.57881e-08 5.69198e-08 6.61900e-08 7.26507e-08 7.54836e-08 7.41710e-08
 6.85446e-08 5.87232e-08 4.51600e-08 2.87314e-08 1.06426e-08-7.75120e-09
-2.50950e-08-4.02294e-08-5.23873e-08-6.12900e-08-6.71345e-08-7.04718e-08
-7.19942e-08-7.23172e-08-7.18614e-08-7.08726e-08-6.95272e-08-6.79858e-08
-6.63022e-08-6.42588e-08-6.12620e-08-5.63961e-08-4.86706e-08-3.73385e-08
-2.20825e-08-3.02227e-09 1.93531e-08 4.42585e-08 7.07178e-08 9.76764e-08
 1.23965e-07 1.48087e-07 1.68114e-07 1.81920e-07 1.87541e-07 1.83384e-07
 1.68325e-07 1.41914e-07 1.04613e-07 5.78857e-08 4.21286e-09-5.29492e-08
-1.09351e-07-1.60294e-07-2.01088e-07-2.27622e-07-2.37023e-07-2.28247e-07
-2.02408e-07-1.62729e-07-1.14061e-07-6.20333e-08-1.20329e-08 3.16983e-08
 6.65826e-08 9.17007e-08 1.07322e-07 1.14249e-07 1.13326e-07 1.05357e-07
 9.13872e-08 7.30302e-08 5.24765e-08 3.20436e-08 1.35520e-08-2.00554e-09
-1.42771e-08-2.31090e-08-2.83314e-08-2.99356e-08-2.83271e-08-2.42827e-08
-1.86597e-08-1.21923e-08-5.51458e-09 7.73363e-10 6.15062e-09 1.02585e-08
 1.29095e-08 1.40527e-08 1.37568e-08 1.21975e-08 9.62540e-09 6.33404e-09
 2.63758e-09-1.15446e-09-4.76287e-09-7.95382e-09-1.05472e-08-1.24235e-08
-1.35251e-08-1.38510e-08-1.34504e-08-1.24129e-08-1.08566e-08-8.91651e-09
-6.73432e-09-4.44837e-09-2.18559e-09-5.57265e-11 1.85298e-09 3.47616e-09
 4.77360e-09 5.72792e-09 6.34204e-09 6.63558e-09 6.64094e-09 6.39932e-09
 5.95692e-09 5.36155e-09 4.65986e-09 3.89513e-09 3.10560e-09 2.32327e-09
 1.57330e-09 8.74289e-10 2.38907e-10-3.25336e-10-8.15065e-10-1.22990e-09
-1.57164e-09-1.84359e-09-2.04970e-09-2.19405e-09-2.28059e-09-2.31282e-09
-2.29359e-09-2.22565e-09-2.11202e-09-1.95567e-09-1.75992e-09-1.52912e-09
-1.26845e-09-9.83416e-10-6.80154e-10-3.65715e-10-4.76953e-11 2.65842e-10
 5.66467e-10 8.46240e-10 1.09817e-09 1.31572e-09 1.49298e-09 1.62538e-09
 1.70984e-09 1.74468e-09 1.72996e-09 1.66723e-09 1.55877e-09 1.40793e-09
 1.21990e-09 1.00106e-09 7.57654e-10 4.95689e-10 2.21490e-10-5.80974e-11
-3.35737e-10-6.04108e-10-8.56906e-10-1.08901e-09-1.29559e-09-1.47159e-09
-1.61204e-09-1.71288e-09-1.77161e-09-1.78702e-09-1.75841e-09-1.68503e-09
-1.56648e-09-1.40388e-09-1.20032e-09-9.59842e-10-6.86682e-10-3.85713e-10
-6.29541e-11 2.74246e-10 6.17433e-10 9.57788e-10 1.28660e-09 1.59508e-09
 1.87412e-09 2.11429e-09 2.30631e-09 2.44219e-09 2.51545e-09 2.52077e-09
 2.45394e-09 2.31242e-09 2.09591e-09 1.80683e-09 1.45027e-09 1.03329e-09
 5.65039e-10 5.69212e-11-4.77575e-10-1.02302e-09-1.56247e-09-2.07833e-09
-2.55295e-09-2.96903e-09-3.31013e-09-3.56124e-09-3.70950e-09-3.74512e-09
-3.66179e-09-3.45694e-09-3.13208e-09-2.69305e-09-2.14997e-09-1.51721e-09
-8.13089e-10-5.92405e-11 7.19987e-10 1.49837e-09 2.24897e-09 2.94485e-09
 3.55990e-09 4.07010e-09 4.45447e-09 4.69576e-09 4.78148e-09 4.70463e-09
 4.46380e-09 4.06350e-09 3.51457e-09 2.83381e-09 2.04341e-09 1.17049e-09
 2.46059e-10-6.96415e-10-1.62193e-09-2.49516e-09-3.28241e-09-3.95333e-09
-4.48196e-09-4.84788e-09-5.03743e-09-5.04425e-09-4.86929e-09-4.52081e-09
-4.01388e-09-3.36896e-09-2.61091e-09-1.76857e-09-8.73597e-10 4.10413e-11
 9.42018e-10 1.79623e-09 2.57168e-09 3.23808e-09 3.76779e-09 4.13791e-09
 4.33250e-09 4.34383e-09 4.17360e-09 3.83441e-09 3.35059e-09 2.75789e-09
 2.10142e-09 1.43150e-09 7.98081e-10 2.45277e-10-1.93540e-10-4.99943e-10
-6.73866e-10-7.34765e-10-7.19381e-10-6.76379e-10-6.58752e-10-7.15457e-10
-8.84063e-10-1.18491e-09-1.61701e-09-2.15679e-09-2.76028e-09-3.36890e-09
-3.91767e-09-4.34361e-09-4.59278e-09-4.62559e-09-4.41994e-09-3.97219e-09
-3.29647e-09-2.42190e-09-1.38851e-09-2.43608e-10 9.61098e-10 2.17160e-09
 3.33320e-09 4.39247e-09 5.29987e-09 6.01233e-09 6.49596e-09 6.72858e-09
 6.70161e-09 6.42081e-09 5.90575e-09 5.18722e-09 4.30333e-09 3.29541e-09
 2.20422e-09 1.06734e-09-8.18330e-11-1.21408e-09-2.30366e-09-3.32705e-09
-4.26210e-09-5.08815e-09-5.78670e-09-6.34272e-09-6.74593e-09-6.99122e-09
-7.07814e-09-7.00953e-09-6.78951e-09-6.42146e-09-5.90698e-09-5.24574e-09
-4.43643e-09-3.47855e-09-2.37430e-09-1.13002e-09 2.43041e-10 1.72870e-09
 3.30631e-09 4.95102e-09 6.63338e-09 8.31826e-09 9.96283e-09 1.15147e-08
 1.29108e-08 1.40780e-08 1.49351e-08 1.53966e-08 1.53784e-08 1.48031e-08
 1.36070e-08 1.17448e-08 9.19589e-09 5.96936e-09 2.10922e-09-2.30081e-09
-7.13372e-09-1.22176e-08-1.73372e-08-2.22405e-08-2.66484e-08-3.02703e-08
-3.28222e-08-3.40473e-08-3.37370e-08-3.17514e-08-2.80376e-08-2.26440e-08
-1.57311e-08-7.57421e-09 1.44090e-09 1.08334e-08 2.00534e-08 2.85192e-08
 3.56627e-08 4.09790e-08 4.40733e-08 4.46990e-08 4.27832e-08 3.84368e-08
 3.19484e-08 2.37622e-08 1.44429e-08 4.62972e-09-5.01691e-09-1.38703e-08
-2.13900e-08-2.71654e-08-3.09446e-08-3.26444e-08-3.23404e-08-3.02414e-08
-2.66553e-08-2.19536e-08-1.65385e-08-1.08124e-08-5.15126e-09 1.17235e-10
 4.72990e-09 8.49709e-09 1.13057e-08 1.31165e-08 1.39580e-08 1.39148e-08
 1.31151e-08 1.17147e-08 9.88278e-09 7.78939e-09 5.59548e-09 3.44527e-09
 1.46059e-09-2.63419e-10-1.66059e-09-2.69422e-09-3.35531e-09-3.65879e-09
-3.63829e-09-3.34062e-09-2.82063e-09-2.13699e-09-1.34879e-09-5.12786e-10
 3.18887e-10 1.10084e-09 1.79633e-09 2.37855e-09 2.83073e-09 3.14494e-09
 3.32011e-09 3.35969e-09 3.26990e-09 3.05863e-09 2.73515e-09 2.30994e-09
 1.79411e-09 1.19853e-09 5.33071e-10-1.93401e-10-9.72379e-10-1.79453e-09
-2.64836e-09-3.51931e-09-4.38968e-09-5.23958e-09-6.04819e-09-6.79457e-09
-7.45796e-09-8.01766e-09-8.45299e-09-8.74356e-09-8.86966e-09-8.81286e-09
-8.55613e-09-8.08358e-09-7.38009e-09-6.43165e-09-5.22704e-09-3.76083e-09
-2.03752e-09-7.57348e-11 2.08850e-09 4.40042e-09 6.78726e-09 9.16074e-09
 1.14211e-08 1.34627e-08 1.51821e-08 1.64864e-08 1.73019e-08 1.75805e-08
 1.73040e-08 1.64840e-08 1.51592e-08 1.33890e-08 1.12469e-08 8.81277e-09
 6.16623e-09 3.38214e-09 5.28706e-10-2.33075e-09-5.13373e-09-7.81341e-09
-1.02943e-08-1.24908e-08-1.43106e-08-1.56619e-08-1.64640e-08-1.66577e-08
-1.62143e-08-1.51409e-08-1.34811e-08-1.13127e-08-8.74299e-09-5.90461e-09
-2.95036e-09-4.60622e-11 2.63879e-09 4.94215e-09 6.72180e-09 7.86901e-09
 8.32235e-09 8.07977e-09 7.20700e-09 5.84055e-09 4.18394e-09 2.49600e-09
 1.07182e-09 2.32056e-10
     0.0000e+00     0.0000e+00      0  0  0.00
     512   1.00000  0.0000e+00
-2.04389e-08-2.00336e-08-1.86819e-08-1.62952e-08-1.28378e-08-8.33903e-09
-2.90314e-09 3.28601e-09 9.96524e-09 1.67986e-08 2.33911e-08 2.93089e-08
 3.41080e-08 3.73667e-08 3.87241e-08 3.79340e-08 3.49562e-08 3.00179e-08
 2.35460e-08 1.60917e-08 8.37321e-09 1.23676e-09-4.52461e-09-8.28800e-09
-9.65466e-09-8.51733e-09-5.08705e-09 1.26174e-10 6.38147e-09 1.28358e-08
 1.86673e-08 2.31409e-08 2.56177e-08 2.55257e-08 2.23425e-08 1.56545e-08
 5.28463e-09-8.59225e-09-2.54331e-08-4.44074e-08-6.44897e-08-8.45083e-08
-1.03166e-07-1.19064e-07-1.30757e-07-1.36805e-07-1.35881e-07-1.26934e-07
-1.09392e-07-8.32583e-08-4.91158e-08-8.09463e-09 3.80819e-08 8.69969e-08
 1.35590e-07 1.80398e-07 2.17802e-07 2.44290e-07 2.56787e-07 2.53020e-07
 2.31886e-07 1.93819e-07 1.41006e-07 7.73739e-08 8.32085e-09-5.98481e-08
-1.20750e-07-1.68888e-07-2.00524e-07-2.14214e-07-2.10871e-07-1.93292e-07
-1.65324e-07-1.30933e-07-9.35269e-08-5.57311e-08-1.95943e-08 1.30399e-08
 4.03488e-08 6.07423e-08 7.33386e-08 7.83167e-08 7.68054e-08 7.03396e-08
 6.03168e-08 4.78614e-08 3.40648e-08 2.01754e-08 7.43713e-09-3.23960e-09
-1.13975e-08-1.68818e-08-1.96880e-08-1.99701e-08-1.80824e-08-1.45227e-08
-9.83546e-09-4.56255e-09 7.79690e-10 5.73930e-09 9.95853e-09 1.31804e-08
 1.52519e-08 1.61261e-08 1.58501e-08 1.45452e-08 1.23894e-08 9.59962e-09
 6.40918e-09 3.04994e-09-2.62817e-10-3.34308e-09-6.04234e-09-8.25351e-09
-9.91217e-09-1.09944e-08-1.15118e-08-1.15059e-08-1.10414e-08-1.01985e-08
-9.06480e-09-7.72940e-09-6.27751e-09-4.78618e-09-3.32098e-09-1.93431e-09
-6.65132e-10 4.60523e-10 1.42883e-09 2.23655e-09 2.88843e-09 3.39467e-09
 3.76892e-09 4.02637e-09 4.18197e-09 4.24898e-09 4.23845e-09 4.15942e-09
 4.01907e-09 3.82251e-09 3.57310e-09 3.27359e-09 2.92695e-09 2.53639e-09
 2.10583e-09 1.64089e-09 1.14900e-09 6.38973e-10 1.21042e-10-3.93206e-10
-8.91414e-10-1.36084e-09-1.78873e-09-2.16317e-09-2.47353e-09-2.71070e-09
-2.86810e-09-2.94240e-09-2.93288e-09-2.84087e-09-2.67045e-09-2.42855e-09
-2.12434e-09-1.76887e-09-1.37479e-09-9.55523e-10-5.24726e-10-9.63467e-11
 3.15913e-10 6.99539e-10 1.04362e-09 1.33898e-09 1.57836e-09 1.75638e-09
 1.86954e-09 1.91720e-09 1.90185e-09 1.82795e-09 1.70109e-09 1.52813e-09
 1.31762e-09 1.07965e-09 8.25048e-10 5.64205e-10 3.06711e-10 6.14393e-11
-1.63415e-10-3.60394e-10-5.23420e-10-6.48562e-10-7.33994e-10-7.79713e-10
-7.87252e-10-7.59459e-10-7.00958e-10-6.18278e-10-5.18791e-10-4.09888e-10
-2.98870e-10-1.93012e-10-9.95847e-11-2.51144e-11 2.55954e-11 4.94130e-11
 4.46377e-11 1.12486e-11-4.90420e-11-1.32723e-10-2.34298e-10-3.46598e-10
-4.61440e-10-5.70233e-10-6.64430e-10-7.35669e-10-7.75919e-10-7.78192e-10
-7.37383e-10-6.50532e-10-5.16783e-10-3.37596e-10-1.16993e-10 1.38452e-10
 4.19805e-10 7.16148e-10 1.01502e-09 1.30276e-09 1.56521e-09 1.78850e-09
 1.95954e-09 2.06653e-09 2.09972e-09 2.05211e-09 1.91982e-09 1.70242e-09
 1.40331e-09 1.02992e-09 5.93355e-10 1.07897e-10-4.09162e-10-9.38012e-10
-1.45728e-09-1.94482e-09-2.37857e-09-2.73771e-09-3.00368e-09-3.16096e-09
-3.19831e-09-3.10959e-09-2.89402e-09-2.55667e-09-2.10889e-09-1.56748e-09
-9.53660e-10-2.92563e-10 3.87797e-10 1.05831e-09 1.69009e-09 2.25569e-09
 2.73092e-09 3.09602e-09 3.33580e-09 3.44001e-09 3.40389e-09 3.22833e-09
 2.91954e-09 2.48891e-09 1.95267e-09 1.33166e-09 6.51920e-10-5.51196e-11
-7.53692e-10-1.40544e-09-1.97136e-09-2.41437e-09-2.70253e-09-2.81267e-09
-2.73442e-09-2.47356e-09-2.05344e-09-1.51394e-09-9.08317e-10-2.98567e-10
 2.50703e-10 6.80090e-10 9.43634e-10 1.01568e-09 8.95058e-10 6.05418e-10
 1.92047e-10-2.83648e-10-7.51854e-10-1.14351e-09-1.39934e-09-1.47768e-09
-1.35922e-09-1.04782e-09-5.68229e-10 3.81023e-11 7.18756e-10 1.41632e-09
 2.07425e-09 2.64203e-09 3.07812e-09 3.35099e-09 3.43948e-09 3.33285e-09
 3.03101e-09 2.54492e-09 1.89658e-09 1.11832e-09 2.51430e-10-6.56096e-10
-1.55294e-09-2.38859e-09-3.11792e-09-3.70521e-09-4.12639e-09-4.36955e-09
-4.43389e-09-4.32748e-09-4.06452e-09-3.66270e-09-3.14122e-09-2.51986e-09
-1.81916e-09-1.06087e-09-2.68141e-10 5.34748e-10 1.32361e-09 2.07616e-09
 2.77386e-09 3.40318e-09 3.95604e-09 4.42888e-09 4.82092e-09 5.13200e-09
 5.36058e-09 5.50253e-09 5.55114e-09 5.49785e-09 5.33346e-09 5.04914e-09
 4.63683e-09 4.08889e-09 3.39751e-09 2.55408e-09 1.54930e-09 3.74659e-10
-9.74988e-10-2.49782e-09-4.18135e-09-5.99930e-09-7.90969e-09-9.85423e-09
-1.17588e-08-1.35350e-08-1.50822e-08-1.62907e-08-1.70449e-08-1.72287e-08
-1.67324e-08-1.54613e-08-1.33468e-08-1.03574e-08-6.50891e-09-1.87340e-09
 3.41636e-09 9.16607e-09 1.51239e-08 2.09894e-08 2.64267e-08 3.10823e-08
 3.46066e-08 3.66791e-08 3.70358e-08 3.54978e-08 3.19964e-08 2.65935e-08
 1.94907e-08 1.10253e-08 1.65287e-09-8.08382e-09-1.75946e-08-2.62873e-08
-3.36143e-08-3.91157e-08-4.24556e-08-4.34489e-08-4.20761e-08-3.84833e-08
-3.29677e-08-2.59480e-08-1.79239e-08-9.42803e-09-9.79485e-10 6.95431e-09
 1.39840e-08 1.98131e-08 2.42440e-08 2.71785e-08 2.86118e-08 2.86222e-08
 2.73561e-08 2.50099e-08 2.18126e-08 1.80079e-08 1.38385e-08 9.53245e-09
 5.29139e-09 1.28420e-09-2.35623e-09-5.53262e-09-8.18119e-09-1.02688e-08
-1.17900e-08-1.27625e-08-1.32232e-08-1.32220e-08-1.28167e-08-1.20689e-08
-1.10401e-08-9.78991e-09-8.37468e-09-6.84741e-09-5.25757e-09-3.65091e-09
-2.06871e-09-5.47241e-10 8.82341e-10 2.19343e-09 3.36308e-09 4.37130e-09
 5.20116e-09 5.83969e-09 6.27919e-09 6.51844e-09 6.56329e-09 6.42633e-09
 6.12582e-09 5.68416e-09 5.12666e-09 4.48077e-09 3.77561e-09 3.04104e-09
 2.30601e-09 1.59667e-09 9.34615e-10 3.35725e-10-1.90408e-10-6.40662e-10
-1.01834e-09-1.33320e-09-1.60181e-09-1.84778e-09-2.10099e-09-2.39525e-09
-2.76400e-09-3.23487e-09-3.82412e-09-4.53194e-09-5.33906e-09-6.20462e-09
-7.06557e-09-7.83829e-09-8.42319e-09-8.71252e-09-8.60076e-09-7.99658e-09
-6.83522e-09-5.08947e-09-2.77749e-09 3.35542e-11 3.22784e-09 6.64471e-09
 1.00858e-08 1.33257e-08 1.61262e-08 1.82526e-08 1.94932e-08 1.96814e-08
 1.87184e-08 1.65930e-08 1.33933e-08 9.30665e-09 4.60708e-09-3.67920e-10
-5.25009e-09-9.67797e-09-1.33347e-08-1.59806e-08-1.74750e-08-1.77855e-08
-1.69830e-08-1.52255e-08-1.27335e-08-9.76136e-09-6.57030e-09-3.40658e-09
-4.85611e-10 2.01995e-09 3.98849e-09 5.35335e-09 6.10191e-09 6.27083e-09
 5.93865e-09 5.21639e-09 4.23632e-09 3.13953e-09 2.06390e-09 1.13381e-09
 4.52086e-10 9.22976e-11
